state_time,accelx,accely,accelz,gyrox,gyroy,gyroz,mot_ang,mot_vel,mot_acc,mot_cur,mot_volt,batt_volt,batt_curr,temperature,status_mn,status_ex,status_re,genvar_0,genvar_1,genvar_2,genvar_3,genvar_4,genvar_5,genvar_6,genvar_7,genvar_8,genvar_9,ank_ang,ank_vel,sys_time,event flags
2672031,7632,-2990,284,364,-279,-319,5106,149,-8,-306,0,19398,70,34,79,16,0,0,0,0,0,0,0,-32286,0,0,0,0,0,1680,0
2672036,7778,-2854,400,306,-209,-321,5139,149,-27,-289,0,19401,78,34,79,16,0,0,0,0,0,0,0,-32286,0,0,0,0,0,2672036,0
2672041,7432,-2818,550,264,-195,-325,5173,147,-41,-285,0,19401,78,34,79,16,0,0,0,0,0,0,0,-32286,0,0,0,0,0,2672041,0
2672046,7692,-2832,534,369,-216,-367,5214,183,-24,-303,0,19400,75,34,79,16,0,0,0,0,0,0,0,-32287,0,0,0,0,0,2672045,0
2672051,7682,-3000,462,395,-157,-331,5250,157,-1,-302,0,19400,75,34,79,16,0,0,0,0,0,0,0,-32286,0,0,0,0,0,2672050,0
2672056,7858,-2896,332,332,-97,-343,5288,164,24,-310,0,19400,85,34,79,16,0,0,0,0,0,0,0,-32286,0,0,0,0,0,2672055,0
2672061,7528,-2480,456,304,-124,-396,5328,176,11,-314,0,19400,85,34,79,16,0,0,0,0,0,0,0,-32286,0,0,0,0,0,2672060,0
2672066,7862,-2904,244,325,-54,-360,5368,176,11,-343,0,19400,82,34,79,16,0,0,0,0,0,0,0,-32286,0,0,0,0,0,2672065,0
2672071,7428,-2622,376,312,-134,-412,5409,180,5,-356,0,19400,82,34,79,16,0,0,0,0,0,0,0,-32286,0,0,0,0,0,2672070,0
2672076,7458,-2496,260,287,-121,-422,5445,162,3,-335,0,19401,76,34,79,16,0,0,0,0,0,0,0,-32286,0,0,0,0,0,2672075,0
2672081,7770,-2842,118,281,-74,-390,5488,180,7,-331,0,19401,76,34,79,16,0,0,0,0,0,0,0,-32286,0,0,0,0,0,2672080,0
2672086,7310,-2560,218,235,-151,-411,5528,182,-3,-324,0,19401,71,34,79,16,0,0,0,0,0,0,0,-32286,0,0,0,0,0,2672085,0
2672091,7642,-2942,30,193,-132,-359,5560,142,-6,-285,0,19401,71,34,79,16,0,0,0,0,0,0,0,-32286,0,0,0,0,0,2672090,0
2672096,7732,-2798,120,158,-113,-362,5597,165,-16,-275,0,19400,67,34,79,16,0,0,0,0,0,0,0,-32287,0,0,0,0,0,2672095,0
2672101,7332,-2728,234,103,-148,-371,5633,162,-23,-300,0,19400,67,34,79,16,0,0,0,0,0,0,0,-32286,0,0,0,0,0,2672100,0
2672106,7684,-2880,114,160,-172,-350,5670,160,-11,-319,0,19398,75,34,79,16,0,0,0,0,0,0,0,-32286,0,0,0,0,0,2672105,0
2672111,7492,-2942,176,111,-151,-312,5699,132,-11,-281,0,19398,75,34,79,16,0,0,0,0,0,0,0,-32286,0,0,0,0,0,2672110,0
2672116,7836,-2844,208,73,-84,-276,5734,149,-4,-271,0,19399,80,34,79,16,0,0,0,0,0,0,0,-32286,0,0,0,0,0,2672115,0
2672121,7440,-2506,420,12,-152,-320,5763,137,-26,-266,0,19399,80,34,79,16,0,0,0,0,0,0,0,-32286,0,0,0,0,0,2672120,0
2672126,8036,-2806,258,112,-89,-318,5801,163,-6,-301,0,19402,72,34,79,16,0,0,0,0,0,0,0,-32286,0,0,0,0,0,2672125,0
2672131,7650,-2714,400,105,-75,-310,5838,164,9,-306,0,19402,72,34,79,16,0,0,0,0,0,0,0,-32286,0,0,0,0,0,2672130,0
2672136,7914,-2648,292,92,-21,-309,5876,163,30,-312,0,19402,70,34,79,16,0,0,0,0,0,0,0,-32286,0,0,0,0,0,2672135,0
2672141,7766,-2268,410,52,-51,-362,5915,174,14,-319,0,19402,70,34,79,16,0,0,0,0,0,0,0,-32286,0,0,0,0,0,2672140,0
2672146,7940,-2684,302,-1,30,-342,5950,161,11,-324,0,19400,72,34,79,16,0,0,0,0,0,0,0,-32286,0,0,0,0,0,2672145,0
2672151,7716,-2460,412,-6,-3,-378,5989,162,0,-301,0,19400,72,34,79,16,0,0,0,0,0,0,0,-32287,0,0,0,0,0,2672150,0
2672156,7468,-2570,408,-67,25,-381,6021,138,-16,-261,0,19394,73,34,79,16,0,0,0,0,0,0,0,-32286,0,0,0,0,0,2672155,0
2672161,7974,-2948,288,-23,106,-356,6055,148,-13,-264,0,19394,73,34,79,16,0,0,0,0,0,0,0,-32286,0,0,0,0,0,2672160,0
2672166,7380,-2872,404,-64,72,-363,6087,141,-26,-268,0,19392,72,34,79,16,0,0,0,0,0,0,0,-32286,0,0,0,0,0,2672165,0
2672171,7710,-3042,262,13,43,-378,6123,150,-9,-287,0,19392,72,34,79,16,0,0,0,0,0,0,0,-32286,0,0,0,0,0,2672170,0
2672176,7352,-2928,256,-29,-13,-350,6151,124,-13,-263,0,19390,78,34,79,16,0,0,0,0,0,0,0,-32286,0,0,0,0,0,2672175,0
2672181,7686,-3176,126,-4,55,-300,6180,120,-8,-263,0,19390,78,34,79,16,0,0,0,0,0,0,0,-32287,0,0,0,0,0,2672180,0
2672186,7086,-2998,286,-103,-11,-302,6206,110,-30,-235,0,19391,78,34,79,16,0,0,0,0,0,0,0,-32286,0,0,0,0,0,2672185,0
2672191,7512,-2972,162,-29,-39,-344,6239,147,-17,-256,0,19391,78,34,79,16,0,0,0,0,0,0,0,-32286,0,0,0,0,0,2672190,0
2672196,7100,-2982,268,59,-100,-331,6270,142,1,-266,0,19390,82,34,79,16,0,0,0,0,0,0,0,-32286,0,0,0,0,0,2672195,0
2672201,7638,-2960,112,138,-90,-335,6307,167,26,-280,0,19390,82,34,79,16,0,0,0,0,0,0,0,-32286,0,0,0,0,0,2672200,0
2672206,7370,-2896,214,66,-65,-301,6341,151,28,-277,0,19389,83,34,79,16,0,0,0,0,0,0,0,-32286,0,0,0,0,0,2672205,0
2672211,7474,-2628,246,78,-125,-349,6381,180,35,-300,0,19389,83,34,79,16,0,0,0,0,0,0,0,-32286,0,0,0,0,0,2672210,0
2672216,7304,-2672,294,27,-134,-311,6415,155,15,-306,0,19390,80,34,79,16,0,0,0,0,0,0,0,-32286,0,0,0,0,0,2672215,0
2672221,7694,-3012,174,-16,-72,-237,6445,122,2,-275,0,19390,80,34,79,16,0,0,0,0,0,0,0,-32286,0,0,0,0,0,2672220,0
2672226,7304,-2618,310,-165,-69,-221,6465,82,-47,-195,0,19390,78,34,79,16,0,0,0,0,0,0,0,-32286,0,0,0,0,0,2672225,0
2672231,7670,-2674,312,-175,-26,-239,6488,98,-60,-191,0,19390,78,34,79,16,0,0,0,0,0,0,0,-32287,0,0,0,0,0,2672231,0
2672236,7368,-2982,412,-132,-38,-208,6511,104,-63,-194,0,19393,72,34,79,16,0,0,0,0,0,0,0,-32287,0,0,0,0,0,2672236,0
2672241,7588,-2848,294,-86,-46,-234,6532,94,-43,-176,0,19393,72,34,79,16,0,0,0,0,0,0,0,-32286,0,0,0,0,0,2672241,0
2672246,7766,-2708,298,-26,11,-238,6558,115,-2,-208,0,19392,74,34,79,16,0,0,0,0,0,0,0,-32286,0,0,0,0,0,2672246,0
2672251,7516,-2838,294,-91,-6,-201,6578,80,4,-193,0,19392,74,34,79,16,0,0,0,0,0,0,0,-32286,0,0,0,0,0,2672251,0
2672256,7806,-2632,70,-241,38,-199,6595,69,-13,-143,0,19391,69,34,79,16,0,0,0,0,0,0,0,-32286,0,0,0,0,0,2672256,0
2672261,7594,-2634,228,-227,65,-215,6614,86,-21,-158,0,19391,69,34,79,16,0,0,0,0,0,0,0,-32287,0,0,0,0,0,2672261,0
2672266,7546,-2962,150,-217,47,-197,6634,81,-15,-171,0,19389,60,34,79,16,0,0,0,0,0,0,0,-32286,0,0,0,0,0,2672266,0
2672271,7528,-3024,12,-229,36,-175,6650,66,-21,-138,0,19389,60,34,79,16,0,0,0,0,0,0,0,-32287,0,0,0,0,0,2672271,0
2672276,7664,-2768,74,-200,73,-202,6668,85,2,-146,0,19390,61,34,79,16,0,0,0,0,0,0,0,-32286,0,0,0,0,0,2672276,0
2672281,7624,-2918,70,-172,43,-191,6694,115,13,-203,0,19390,61,34,79,16,0,0,0,0,0,0,0,-32286,0,0,0,0,0,2672281,0
2672286,7492,-3032,-54,-173,-10,-185,6716,91,12,-202,0,19393,65,34,79,16,0,0,0,0,0,0,0,-32286,0,0,0,0,0,2672285,0
2672291,7646,-2820,-56,-159,-38,-214,6742,117,27,-197,0,19393,65,34,79,16,0,0,0,0,0,0,0,-32286,0,0,0,0,0,2672290,0
2672296,7550,-2852,40,-195,-13,-190,6768,114,31,-216,0,19393,72,34,79,16,0,0,0,0,0,0,0,-32286,0,0,0,0,0,2672295,0
2672301,7594,-2804,-8,-247,-51,-214,6793,108,14,-194,0,19393,72,34,79,16,0,0,0,0,0,0,0,-32286,0,0,0,0,0,2672300,0
2672306,7862,-2832,44,-194,-9,-244,6822,131,7,-218,0,19394,69,34,79,16,0,0,0,0,0,0,0,-32286,0,0,0,0,0,2672305,0
2672311,7634,-3102,138,-200,5,-217,6847,104,12,-210,0,19394,69,34,79,16,0,0,0,0,0,0,0,-32286,0,0,0,0,0,2672311,0
2672316,7766,-3090,172,-246,-10,-229,6870,101,-6,-184,0,19395,76,34,79,16,0,0,0,0,0,0,0,-32286,0,0,0,0,0,2672315,0
2672321,7520,-3290,248,-298,31,-176,6889,81,-14,-171,0,19395,76,34,79,16,0,0,0,0,0,0,0,-32286,0,0,0,0,0,2672320,0
2672326,7340,-3396,242,-384,13,-134,6897,34,-51,-98,0,19395,83,34,79,16,0,0,0,0,0,0,0,-32286,0,0,0,0,0,2672325,0
2672331,7414,-3442,300,-440,39,-104,6897,4,-89,-19,0,19395,83,34,79,16,0,0,0,0,0,0,0,-32286,0,0,0,0,0,2672330,0
2672336,7284,-3562,486,-367,99,-73,6897,4,-96,0,0,19394,88,34,79,16,0,0,0,0,0,0,0,-32286,0,0,0,0,0,2672335,0
2672341,7194,-3534,466,-286,72,-63,6896,-5,-87,0,0,19394,88,34,79,16,0,0,0,0,0,0,0,-32286,0,0,0,0,0,2672340,0
2672346,7258,-3450,420,-214,64,-66,6897,3,-45,0,0,19392,90,34,79,16,0,0,0,0,0,0,0,-32286,0,0,0,0,0,2672345,0
2672351,7252,-3284,376,-174,78,-57,6897,3,-14,0,0,19392,90,34,79,16,0,0,0,0,0,0,0,-32287,0,0,0,0,0,2672350,0
2672356,7342,-3000,318,-193,97,-47,6897,0,0,-1,0,19390,90,34,79,16,0,0,0,0,0,0,0,-32286,0,0,0,0,0,2672355,0
2672361,7422,-3014,240,-193,114,-55,6898,0,-4,-2,0,19390,90,34,79,16,0,0,0,0,0,0,0,-32286,0,0,0,0,0,2672360,0
2672366,7472,-2994,192,-170,123,-64,6899,7,1,-2,0,19390,97,34,79,16,0,0,0,0,0,0,0,-32286,0,0,0,0,0,2672365,0
2672371,7468,-2952,216,-149,115,-72,6898,-1,5,-5,0,19390,97,34,79,16,0,0,0,0,0,0,0,-32286,0,0,0,0,0,2672370,0
2672376,7528,-2872,136,-141,113,-102,6901,7,1,-11,0,19390,92,34,79,16,0,0,0,0,0,0,0,-32286,0,0,0,0,0,2672375,0
2672381,7544,-2796,94,-141,114,-107,6903,5,2,-19,0,19390,92,34,79,16,0,0,0,0,0,0,0,-32286,0,0,0,0,0,2672380,0
2672386,7572,-2776,64,-145,114,-126,6906,13,12,-29,0,19389,88,34,79,16,0,0,0,0,0,0,0,-32286,0,0,0,0,0,2672385,0
2672391,7564,-2796,14,-125,113,-139,6912,28,5,-47,0,19389,88,34,79,16,0,0,0,0,0,0,0,-32286,0,0,0,0,0,2672390,0
2672396,7596,-2688,-52,-58,95,-189,6923,59,25,-82,0,19390,82,34,79,16,0,0,0,0,0,0,0,-32286,0,0,0,0,0,2672395,0
2672401,7616,-2762,-140,-15,48,-219,6940,83,46,-139,0,19390,82,34,79,16,0,0,0,0,0,0,0,-32287,0,0,0,0,0,2672400,0
2672406,7744,-2826,-124,4,20,-217,6957,88,63,-170,0,19390,83,34,79,16,0,0,0,0,0,0,0,-32286,0,0,0,0,0,2672405,0
2672411,7708,-2794,-70,-61,-31,-204,6970,60,48,-138,0,19390,83,34,79,16,0,0,0,0,0,0,0,-32286,0,0,0,0,0,2672410,0
2672416,7982,-2614,0,-182,-41,-218,6982,52,12,-117,0,19390,76,34,79,16,0,0,0,0,0,0,0,-32286,0,0,0,0,0,2672415,0
2672421,8000,-2664,130,-163,-66,-238,7000,74,-1,-144,0,19390,76,34,79,16,0,0,0,0,0,0,0,-32286,0,0,0,0,0,2672420,0
2672426,7992,-2828,132,-120,-96,-220,7020,83,1,-160,0,19390,77,34,79,16,0,0,0,0,0,0,0,-32286,0,0,0,0,0,2672425,0
2672431,7922,-2826,122,-150,-120,-188,7028,40,0,-105,0,19390,77,34,79,16,0,0,0,0,0,0,0,-32286,0,0,0,0,0,2672430,0
2672436,7972,-2554,272,-379,-20,-136,7031,6,-18,-40,0,19390,73,34,79,16,0,0,0,0,0,0,0,-32286,0,0,0,0,0,2672435,0
2672441,7954,-2620,400,-450,39,-119,7032,2,-60,-8,0,19390,73,34,79,16,0,0,0,0,0,0,0,-32286,0,0,0,0,0,2672440,0
2672446,7926,-2814,472,-411,65,-111,7032,-3,-73,0,0,19393,82,34,79,16,0,0,0,0,0,0,0,-32286,0,0,0,0,0,2672445,0
2672451,7738,-2926,558,-336,65,-123,7032,-3,-50,-2,0,19393,82,34,79,16,0,0,0,0,0,0,0,-32286,0,0,0,0,0,2672450,0
2672456,7762,-2710,512,-242,125,-81,7034,4,-24,-5,0,19394,81,34,79,16,0,0,0,0,0,0,0,-32286,0,0,0,0,0,2672455,0
2672461,7860,-2648,414,-292,136,-71,7033,1,0,-7,0,19394,81,34,79,16,0,0,0,0,0,0,0,-32287,0,0,0,0,0,2672460,0
2672466,7914,-2692,274,-315,190,-60,7035,4,3,-12,0,19393,82,34,79,16,0,0,0,0,0,0,0,-32286,0,0,0,0,0,2672464,0
2672471,7788,-2704,290,-316,192,-55,7036,4,0,-17,0,19393,82,34,79,16,0,0,0,0,0,0,0,-32287,0,0,0,0,0,2672466,0
2672476,7700,-2616,254,-295,153,-81,7039,16,11,-22,0,19389,82,34,79,16,0,0,0,0,0,0,0,-32287,0,0,0,0,0,2672471,0
2672481,7654,-2552,206,-305,148,-98,7043,22,7,-37,0,19389,82,34,79,16,0,0,0,0,0,0,0,-32286,0,0,0,0,0,2672476,0
2672486,7634,-2536,176,-294,152,-105,7052,43,14,-62,0,19387,79,34,79,16,0,0,0,0,0,0,0,-32286,0,0,0,0,0,2672481,0
2672491,7628,-2498,192,-261,145,-134,7067,70,38,-104,0,19387,79,34,79,16,0,0,0,0,0,0,0,-32287,0,0,0,0,0,2672486,0
2672496,7658,-2764,72,-226,106,-139,7082,67,58,-133,0,19386,79,34,79,16,0,0,0,0,0,0,0,-32286,0,0,0,0,0,2672491,0
2672501,7610,-2778,26,-290,83,-109,7094,43,44,-108,0,19386,79,34,79,16,0,0,0,0,0,0,0,-32286,0,0,0,0,0,2672496,0
2672506,7710,-2700,60,-362,89,-108,7101,32,6,-71,0,19383,81,34,79,16,0,0,0,0,0,0,0,-32287,0,0,0,0,0,2672501,0
2672511,7724,-2790,174,-403,102,-96,7109,34,-21,-67,0,19383,81,34,79,16,0,0,0,0,0,0,0,-32287,0,0,0,0,0,2672506,0
2672516,7668,-2866,318,-256,7,-128,7123,66,-22,-99,0,19382,82,34,79,16,0,0,0,0,0,0,0,-32286,0,0,0,0,0,2672511,0
2672521,7688,-2828,342,-128,-38,-141,7145,95,17,-155,0,19382,82,34,79,16,0,0,0,0,0,0,0,-32286,0,0,0,0,0,2672516,0
2672526,7626,-2838,274,-120,-44,-122,7163,76,52,-164,0,19382,82,34,79,16,0,0,0,0,0,0,0,-32286,0,0,0,0,0,2672521,0
2672531,7676,-2572,258,-215,-27,-113,7177,56,39,-133,0,19382,82,34,79,16,0,0,0,0,0,0,0,-32286,0,0,0,0,0,2672526,0
2672536,7792,-2476,438,-309,101,-143,7195,79,16,-144,0,19385,86,34,79,16,0,0,0,0,0,0,0,-32286,0,0,0,0,0,2672531,0
2672541,7740,-2786,434,-266,114,-138,7214,81,-5,-166,0,19385,86,34,79,16,0,0,0,0,0,0,0,-32286,0,0,0,0,0,2672536,0
2672546,7616,-2976,408,-253,120,-118,7224,45,-15,-124,0,19392,86,34,79,16,0,0,0,0,0,0,0,-32286,0,0,0,0,0,2672541,0
2672551,7674,-2914,378,-252,152,-112,7229,17,-24,-66,0,19392,86,34,79,16,0,0,0,0,0,0,0,-32286,0,0,0,0,0,2672546,0
2672556,7638,-2842,402,-320,236,-84,7234,18,-44,-44,0,19395,86,34,79,16,0,0,0,0,0,0,0,-32286,0,0,0,0,0,2672551,0
2672561,7648,-2970,346,-277,225,-94,7240,32,-51,-52,0,19395,86,34,79,16,0,0,0,0,0,0,0,-32286,0,0,0,0,0,2672556,0
2672566,7718,-3024,264,-163,194,-118,7251,48,-27,-84,0,19395,83,34,79,16,0,0,0,0,0,0,0,-32286,0,0,0,0,0,2672561,0
2672571,7728,-2910,236,-48,148,-141,7269,80,23,-134,0,19395,83,34,79,16,0,0,0,0,0,0,0,-32286,0,0,0,0,0,2672566,0
2672576,7730,-2708,-28,-55,51,-120,7284,72,53,-152,0,19391,78,34,79,16,0,0,0,0,0,0,0,-32286,0,0,0,0,0,2672571,0
2672581,7746,-2556,-130,-183,32,-104,7294,33,36,-102,0,19391,78,34,79,16,0,0,0,0,0,0,0,-32286,0,0,0,0,0,2672576,0
2672586,7836,-2448,-128,-284,40,-87,7299,23,-8,-51,0,19391,75,34,79,16,0,0,0,0,0,0,0,-32286,0,0,0,0,0,2672581,0
2672591,7790,-2530,-12,-333,43,-82,7302,10,-46,-30,0,19391,75,34,79,16,0,0,0,0,0,0,0,-32286,0,0,0,0,0,2672586,0
2672596,7762,-2698,74,-224,-3,-87,7306,23,-53,-35,0,19392,72,34,79,16,0,0,0,0,0,0,0,-32286,0,0,0,0,0,2672591,0
2672601,7820,-2612,142,-148,-9,-97,7311,32,-35,-55,0,19392,72,34,79,16,0,0,0,0,0,0,0,-32286,0,0,0,0,0,2672596,0
2672606,7882,-2478,176,-106,7,-117,7322,47,10,-83,0,19391,72,34,79,16,0,0,0,0,0,0,0,-32286,0,0,0,0,0,2672601,0
2672611,7934,-2422,176,-98,21,-126,7335,60,32,-105,0,19391,72,34,79,16,0,0,0,0,0,0,0,-32286,0,0,0,0,0,2672606,0
2672616,7932,-2486,134,-180,84,-108,7342,22,35,-84,0,19390,79,34,79,16,0,0,0,0,0,0,0,-32287,0,0,0,0,0,2672611,0
2672621,7954,-2492,172,-245,142,-97,7345,1,-1,-32,0,19390,79,34,79,16,0,0,0,0,0,0,0,-32286,0,0,0,0,0,2672616,0
2672626,7910,-2488,218,-279,190,-102,7344,1,-36,-3,0,19392,81,34,79,16,0,0,0,0,0,0,0,-32286,0,0,0,0,0,2672621,0
2672631,7856,-2692,212,-264,232,-95,7345,-1,-50,-2,0,19392,81,34,79,16,0,0,0,0,0,0,0,-32286,0,0,0,0,0,2672626,0
2672636,7712,-2876,68,-144,229,-89,7344,0,-37,0,0,19392,77,34,79,16,0,0,0,0,0,0,0,-32286,0,0,0,0,0,2672631,0
2672641,7642,-2808,-14,-108,218,-76,7345,-3,-12,-1,0,19392,77,34,79,16,0,0,0,0,0,0,0,-32286,0,0,0,0,0,2672636,0
2672646,7574,-2704,-118,-103,213,-76,7346,9,0,-6,0,19391,79,34,79,16,0,0,0,0,0,0,0,-32286,0,0,0,0,0,2672641,0
2672651,7600,-2658,-224,-111,193,-73,7346,0,-1,-6,0,19391,79,34,79,16,0,0,0,0,0,0,0,-32286,0,0,0,0,0,2672646,0
2672656,7578,-2680,-316,-118,115,-71,7347,0,1,-6,0,19392,72,34,79,16,0,0,0,0,0,0,0,-32286,0,0,0,0,0,2672651,0
2672661,7566,-2674,-362,-107,72,-74,7348,9,-3,-6,0,19392,72,34,79,16,0,0,0,0,0,0,0,-32286,0,0,0,0,0,2672656,0
2672666,7646,-2682,-364,-106,20,-70,7348,9,4,-7,0,19393,78,34,79,16,0,0,0,0,0,0,0,-32286,0,0,0,0,0,2672661,0
2672671,7690,-2676,-338,-108,-13,-72,7348,8,-3,-6,0,19393,78,34,79,16,0,0,0,0,0,0,0,-32286,0,0,0,0,0,2672666,0
2672676,7860,-2690,-276,-113,-61,-69,7350,7,-4,-8,0,19393,75,34,79,16,0,0,0,0,0,0,0,-32286,0,0,0,0,0,2672671,0
2672681,7916,-2678,-222,-119,-71,-64,7350,8,2,-9,0,19393,75,34,79,16,0,0,0,0,0,0,0,-32286,0,0,0,0,0,2672676,0
2672686,8014,-2686,-152,-115,-78,-60,7351,7,-3,-10,0,19392,77,34,79,16,0,0,0,0,0,0,0,-32286,0,0,0,0,0,2672681,0
2672691,8074,-2664,-124,-113,-82,-60,7350,0,-4,-10,0,19392,77,34,79,16,0,0,0,0,0,0,0,-32286,0,0,0,0,0,2672686,0
2672696,8126,-2532,-56,-119,-51,-53,7352,1,-3,-11,0,19392,83,34,79,16,0,0,0,0,0,0,0,-32286,0,0,0,0,0,2672691,0
2672701,8110,-2488,-44,-128,-29,-47,7353,4,4,-13,0,19392,83,34,79,16,0,0,0,0,0,0,0,-32286,0,0,0,0,0,2672696,0
2672706,8080,-2444,-58,-133,-4,-45,7355,9,6,-15,0,19392,86,34,79,16,0,0,0,0,0,0,0,-32286,0,0,0,0,0,2672701,0
2672711,8096,-2444,-82,-135,23,-35,7357,9,3,-18,0,19392,86,34,79,16,0,0,0,0,0,0,0,-32286,0,0,0,0,0,2672706,0
2672716,8088,-2468,-186,-140,34,-19,7360,11,4,-26,0,19393,86,34,79,16,0,0,0,0,0,0,0,-32286,0,0,0,0,0,2672711,0
2672721,8102,-2456,-218,-133,18,-12,7365,19,11,-34,0,19393,86,34,79,16,0,0,0,0,0,0,0,-32286,0,0,0,0,0,2672716,0
2672726,8130,-2414,-254,-116,-3,-2,7371,32,15,-50,0,19391,85,34,79,16,0,0,0,0,0,0,0,-32286,0,0,0,0,0,2672721,0
2672731,8112,-2318,-308,-96,-36,-8,7383,57,29,-85,0,19391,85,34,79,16,0,0,0,0,0,0,0,-32286,0,0,0,0,0,2672726,0
2672736,8264,-2190,-388,19,-83,-39,7402,88,48,-147,0,19392,84,34,79,16,0,0,0,0,0,0,0,-32286,0,0,0,0,0,2672731,0
2672741,8192,-2092,-426,-1,-105,-16,7424,93,73,-182,0,19392,84,34,79,16,0,0,0,0,0,0,0,-32286,0,0,0,0,0,2672736,0
2672746,8284,-1862,-470,-79,-104,-15,7445,89,64,-171,0,19390,74,34,79,16,0,0,0,0,0,0,0,-32286,0,0,0,0,0,2672741,0
2672751,8458,-1640,-424,-142,-39,-41,7471,116,54,-206,0,19390,74,34,79,16,0,0,0,0,0,0,0,-32286,0,0,0,0,0,2672746,0
2672756,8192,-2020,-326,-274,12,1,7494,95,30,-212,0,19389,73,34,79,16,0,0,0,0,0,0,0,-32286,0,0,0,0,0,2672751,0
2672761,8282,-1918,-262,-302,33,-6,7513,86,2,-164,0,19389,73,34,79,16,0,0,0,0,0,0,0,-32286,0,0,0,0,0,2672756,0
2672766,8414,-1902,-150,-259,126,-19,7538,111,0,-183,0,19389,77,34,79,16,0,0,0,0,0,0,0,-32286,0,0,0,0,0,2672761,0
2672771,8206,-2074,-54,-238,145,-1,7563,109,5,-203,0,19389,77,34,79,16,0,0,0,0,0,0,0,-32286,0,0,0,0,0,2672766,0
2672776,8388,-2004,-212,-221,177,-59,7590,119,8,-202,0,19390,82,34,79,16,0,0,0,0,0,0,0,-32286,0,0,0,0,0,2672771,0
2672781,8294,-2200,-176,-187,254,-45,7624,143,36,-249,0,19390,82,34,79,16,0,0,0,0,0,0,0,-32286,0,0,0,0,0,2672776,0
2672786,7994,-2180,-218,-256,210,-65,7658,149,40,-259,0,19390,75,34,79,16,0,0,0,0,0,0,0,-32286,0,0,0,0,0,2672781,0
2672791,8254,-2222,-350,-237,216,-111,7692,149,36,-279,0,19390,75,34,79,16,0,0,0,0,0,0,0,-32286,0,0,0,0,0,2672786,0
2672796,7790,-2338,-322,-345,206,-164,7723,140,22,-273,0,19391,66,34,79,16,0,0,0,0,0,0,0,-32286,0,0,0,0,0,2672791,0
2672801,8086,-2844,-412,-304,272,-141,7759,150,5,-300,0,19391,66,34,79,16,0,0,0,0,0,0,0,-32286,0,0,0,0,0,2672796,0
2672806,7508,-2928,-318,-339,203,-141,7788,133,-2,-277,0,19393,75,34,79,16,0,0,0,0,0,0,0,-32286,0,0,0,0,0,2672801,0
2672811,7764,-3076,-348,-277,130,-158,7819,126,-5,-252,0,19393,75,34,79,16,0,0,0,0,0,0,0,-32286,0,0,0,0,0,2672806,0
2672816,7438,-3284,-286,-348,57,-112,7840,86,-32,-190,0,19393,82,34,79,16,0,0,0,0,0,0,0,-32286,0,0,0,0,0,2672811,0
2672821,7670,-3438,-212,-280,69,-141,7865,110,-34,-182,0,19393,82,34,79,16,0,0,0,0,0,0,0,-32286,0,0,0,0,0,2672816,0
2672826,7498,-3692,-78,-192,22,-113,7892,121,-28,-207,0,19392,80,34,79,16,0,0,0,0,0,0,0,-32285,0,0,0,0,0,2672821,0
2672831,7286,-3762,-6,-117,-86,-126,7920,122,-14,-204,0,19392,80,34,79,16,0,0,0,0,0,0,0,-32286,0,0,0,0,0,2672826,0
2672836,7384,-3794,176,58,-118,-136,7952,143,20,-237,0,19392,75,34,79,16,0,0,0,0,0,0,0,-32286,0,0,0,0,0,2672831,0
2672841,7352,-3686,190,23,-147,-114,7973,93,20,-218,0,19392,75,34,79,16,0,0,0,0,0,0,0,-32286,0,0,0,0,0,2672836,0
2672846,7502,-3472,340,24,-120,-141,7999,116,-2,-207,0,19391,80,34,79,16,0,0,0,0,0,0,0,-32286,0,0,0,0,0,2672841,0
2672851,7530,-3746,444,59,-64,-113,8019,83,-25,-201,0,19391,80,34,79,16,0,0,0,0,0,0,0,-32286,0,0,0,0,0,2672846,0
2672856,7424,-3866,502,163,-34,-101,8037,72,-37,-148,0,19392,79,34,79,16,0,0,0,0,0,0,0,-32286,0,0,0,0,0,2672851,0
2672861,7428,-3788,590,277,11,-117,8055,95,-42,-154,0,19392,79,34,79,16,0,0,0,0,0,0,0,-32286,0,0,0,0,0,2672856,0
2672866,7382,-3838,580,408,-3,-114,8078,100,-11,-188,0,19390,79,34,79,16,0,0,0,0,0,0,0,-32286,0,0,0,0,0,2672861,0
2672871,7286,-3790,494,471,-40,-75,8092,78,-13,-159,0,19390,79,34,79,16,0,0,0,0,0,0,0,-32286,0,0,0,0,0,2672866,0
2672876,7460,-3288,340,449,5,-76,8107,72,-3,-131,0,19390,72,34,79,16,0,0,0,0,0,0,0,-32286,0,0,0,0,0,2672871,0
2672881,7414,-3192,372,455,36,-56,8125,79,-10,-147,0,19390,72,34,79,16,0,0,0,0,0,0,0,-32286,0,0,0,0,0,2672876,0
2672886,7326,-3290,348,472,8,-37,8141,60,-17,-137,0,19391,64,34,79,16,0,0,0,0,0,0,0,-32286,0,0,0,0,0,2672881,0
2672891,7300,-3180,364,457,-7,-19,8148,27,-32,-76,0,19391,64,34,79,16,0,0,0,0,0,0,0,-32286,0,0,0,0,0,2672886,0
2672896,7340,-2942,484,367,138,33,8148,-7,-56,-18,0,19390,69,34,79,16,0,0,0,0,0,0,0,-32286,0,0,0,0,0,2672891,0
2672901,7354,-2986,552,346,172,49,8148,-3,-67,0,0,19390,69,34,79,16,0,0,0,0,0,0,0,-32286,0,0,0,0,0,2672896,0
2672906,7452,-3132,594,374,188,68,8149,0,-69,-1,0,19390,74,34,79,16,0,0,0,0,0,0,0,-32286,0,0,0,0,0,2672901,0
2672911,7572,-3192,578,438,192,75,8148,0,-35,-2,0,19390,74,34,79,16,0,0,0,0,0,0,0,-32286,0,0,0,0,0,2672906,0
2672916,7724,-2868,702,464,173,110,8149,3,-8,-1,0,19388,77,34,79,16,0,0,0,0,0,0,0,-32286,0,0,0,0,0,2672911,0
2672921,7950,-2770,652,418,195,118,8150,-1,4,0,0,19388,77,34,79,16,0,0,0,0,0,0,0,-32285,0,0,0,0,0,2672916,0
2672926,8084,-2732,650,377,248,135,8150,1,1,-1,0,19390,73,34,79,16,0,0,0,0,0,0,0,-32286,0,0,0,0,0,2672921,0
2672931,8098,-2656,698,353,278,138,8148,0,-5,-1,0,19390,73,34,79,16,0,0,0,0,0,0,0,-32286,0,0,0,0,0,2672926,0
2672936,8102,-2610,686,342,320,148,8149,0,-1,0,0,19390,75,34,79,16,0,0,0,0,0,0,0,-32286,0,0,0,0,0,2672931,0
2672941,7984,-2520,670,328,363,153,8149,0,-1,0,0,19390,75,34,79,16,0,0,0,0,0,0,0,-32286,0,0,0,0,0,2672936,0
2672946,7876,-2382,692,300,379,144,8149,4,2,0,0,19390,77,34,79,16,0,0,0,0,0,0,0,-32286,0,0,0,0,0,2672941,0
2672951,7822,-2436,596,253,426,132,8148,-1,-1,1,0,19390,77,34,79,16,0,0,0,0,0,0,0,-32286,0,0,0,0,0,2672946,0
2672956,7550,-2644,530,213,508,116,8149,3,4,0,0,19390,79,34,79,16,0,0,0,0,0,0,0,-32286,0,0,0,0,0,2672951,0
2672961,7456,-2794,528,238,510,98,8149,0,2,0,0,19390,79,34,79,16,0,0,0,0,0,0,0,-32286,0,0,0,0,0,2672956,0
2672966,7358,-2896,448,280,494,91,8149,-1,2,3,0,19391,69,34,79,16,0,0,0,0,0,0,0,-32286,0,0,0,0,0,2672961,0
2672971,7306,-2850,402,322,472,78,8148,0,3,0,0,19391,69,34,79,16,0,0,0,0,0,0,0,-32286,0,0,0,0,0,2672966,0
2672976,7150,-2620,338,363,394,32,8150,9,3,-7,0,19392,67,34,79,16,0,0,0,0,0,0,0,-32286,0,0,0,0,0,2672971,0
2672981,7126,-2570,270,380,354,-6,8152,13,3,-16,0,19392,67,34,79,16,0,0,0,0,0,0,0,-32286,0,0,0,0,0,2672976,0
2672986,7106,-2490,250,392,299,-41,8156,18,11,-28,0,19392,67,34,79,16,0,0,0,0,0,0,0,-32286,0,0,0,0,0,2672981,0
2672991,7078,-2492,254,421,242,-98,8162,33,19,-50,0,19392,67,34,79,16,0,0,0,0,0,0,0,-32287,0,0,0,0,0,2672986,0
2672996,7134,-2530,292,529,106,-215,8173,63,31,-96,0,19392,80,34,79,16,0,0,0,0,0,0,0,-32286,0,0,0,0,0,2672991,0
2673001,7180,-2628,292,647,39,-274,8195,97,59,-164,0,19392,80,34,79,16,0,0,0,0,0,0,0,-32286,0,0,0,0,0,2672996,0
2673006,7114,-2830,254,701,-31,-297,8219,100,76,-189,0,19390,85,34,79,16,0,0,0,0,0,0,0,-32286,0,0,0,0,0,2673001,0
2673011,7188,-2768,210,665,-83,-318,8236,71,69,-157,0,19390,85,34,79,16,0,0,0,0,0,0,0,-32286,0,0,0,0,0,2673006,0
2673016,7282,-2914,282,613,-98,-390,8256,90,35,-160,0,19388,79,34,79,16,0,0,0,0,0,0,0,-32286,0,0,0,0,0,2673011,0
2673021,7114,-3256,266,613,-151,-383,8271,61,-4,-147,0,19388,79,34,79,16,0,0,0,0,0,0,0,-32286,0,0,0,0,0,2673016,0
2673026,7018,-3434,260,627,-197,-376,8278,24,-39,-76,0,19388,80,34,79,16,0,0,0,0,0,0,0,-32286,0,0,0,0,0,2673021,0
2673031,7074,-3508,254,658,-189,-367,8278,0,-67,-14,0,19388,80,34,79,16,0,0,0,0,0,0,0,-32286,0,0,0,0,0,2673026,0
2673036,6958,-3560,258,793,-198,-363,8278,0,-74,1,0,19387,83,34,79,16,0,0,0,0,0,0,0,-32286,0,0,0,0,0,2673031,0
2673041,6882,-3566,192,911,-236,-360,8278,5,-72,3,0,19387,83,34,79,16,0,0,0,0,0,0,0,-32286,0,0,0,0,0,2673036,0
2673046,7012,-3440,76,1023,-249,-352,8278,0,-37,3,0,19392,86,34,79,16,0,0,0,0,0,0,0,-32286,0,0,0,0,0,2673041,0
2673051,7060,-3188,16,1091,-246,-341,8278,-1,-13,2,0,19392,86,34,79,16,0,0,0,0,0,0,0,-32286,0,0,0,0,0,2673046,0
2673056,7326,-2764,-120,1080,-246,-332,8277,-1,-2,3,0,19395,83,34,79,16,0,0,0,0,0,0,0,-32286,0,0,0,0,0,2673051,0
2673061,7458,-2616,-136,1058,-216,-326,8278,0,-3,2,0,19395,83,34,79,16,0,0,0,0,0,0,0,-32286,0,0,0,0,0,2673056,0
2673066,7496,-2486,-128,1053,-222,-320,8279,0,-3,3,0,19401,79,34,79,16,0,0,0,0,0,0,0,-32286,0,0,0,0,0,2673061,0
2673071,7624,-2414,-40,1048,-194,-320,8278,-1,-3,0,0,19401,79,34,79,16,0,0,0,0,0,0,0,-32286,0,0,0,0,0,2673066,0
2673076,7760,-2212,98,1031,-144,-310,8278,0,-5,0,0,19402,86,34,79,16,0,0,0,0,0,0,0,-32286,0,0,0,0,0,2673071,0
2673081,7832,-2096,126,1005,-104,-300,8277,0,-3,2,0,19402,86,34,79,16,0,0,0,0,0,0,0,-32286,0,0,0,0,0,2673076,0
2673086,7920,-2048,180,973,-63,-297,8277,-4,-3,1,0,19396,83,34,79,16,0,0,0,0,0,0,0,-32286,0,0,0,0,0,2673081,0
2673091,7988,-1952,216,936,-43,-290,8278,4,-3,4,0,19396,83,34,79,16,0,0,0,0,0,0,0,-32286,0,0,0,0,0,2673086,0
2673096,8080,-1814,352,816,13,-288,8277,-1,1,5,0,19390,84,34,79,16,0,0,0,0,0,0,0,-32286,0,0,0,0,0,2673091,0
2673101,8208,-1780,360,742,30,-264,8277,-4,0,6,0,19390,84,34,79,16,0,0,0,0,0,0,0,-32286,0,0,0,0,0,2673096,0
2673106,8214,-1700,410,664,49,-252,8276,-5,-3,7,0,19390,77,34,79,16,0,0,0,0,0,0,0,-32286,0,0,0,0,0,2673101,0
2673111,8244,-1748,492,576,66,-250,8275,-11,-2,7,0,19390,77,34,79,16,0,0,0,0,0,0,0,-32286,0,0,0,0,0,2673106,0
2673116,8306,-1808,644,501,106,-227,8275,-6,0,5,0,19390,78,34,79,16,0,0,0,0,0,0,0,-32286,0,0,0,0,0,2673111,0
2673121,8316,-1770,702,491,122,-224,8275,7,3,5,0,19390,78,34,79,16,0,0,0,0,0,0,0,-32286,0,0,0,0,0,2673116,0
2673126,8318,-1788,760,462,146,-227,8275,-2,4,4,0,19391,77,34,79,16,0,0,0,0,0,0,0,-32286,0,0,0,0,0,2673121,0
2673131,8250,-1820,750,419,167,-224,8273,-5,3,2,0,19391,77,34,79,16,0,0,0,0,0,0,0,-32286,0,0,0,0,0,2673126,0
2673136,8162,-1850,746,358,183,-241,8275,-2,1,0,0,19392,75,34,79,16,0,0,0,0,0,0,0,-32286,0,0,0,0,0,2673131,0
2673141,8062,-1892,724,319,189,-237,8275,0,0,2,0,19392,75,34,79,16,0,0,0,0,0,0,0,-32286,0,0,0,0,0,2673136,0
2673146,7958,-1956,728,269,194,-239,8275,0,1,2,0,19392,88,34,79,16,0,0,0,0,0,0,0,-32286,0,0,0,0,0,2673141,0
2673151,7836,-2154,714,250,199,-241,8274,1,0,3,0,19392,88,34,79,16,0,0,0,0,0,0,0,-32286,0,0,0,0,0,2673146,0
2673156,7688,-2584,710,269,197,-236,8275,7,-1,2,0,19391,90,34,79,16,0,0,0,0,0,0,0,-32286,0,0,0,0,0,2673151,0
2673161,7602,-2746,694,306,171,-232,8275,2,-1,1,0,19391,90,34,79,16,0,0,0,0,0,0,0,-32286,0,0,0,0,0,2673156,0
2673166,7558,-2858,672,339,145,-227,8275,0,-2,1,0,19390,94,34,79,16,0,0,0,0,0,0,0,-32286,0,0,0,0,0,2673161,0
2673171,7488,-3010,654,361,125,-206,8275,0,1,0,0,19390,94,34,79,16,0,0,0,0,0,0,0,-32286,0,0,0,0,0,2673166,0
2673176,7510,-3232,616,409,69,-162,8275,7,-2,1,0,19387,84,34,79,16,0,0,0,0,0,0,0,-32286,0,0,0,0,0,2673171,0
2673181,7474,-3274,608,457,42,-132,8274,-1,-1,-1,0,19387,84,34,79,16,0,0,0,0,0,0,0,-32287,0,0,0,0,0,2673176,0
2673186,7498,-3322,630,507,16,-112,8275,-3,-3,0,0,19390,83,34,79,16,0,0,0,0,0,0,0,-32287,0,0,0,0,0,2673181,0
2673191,7522,-3306,628,552,-6,-93,8274,3,2,1,0,19390,83,34,79,16,0,0,0,0,0,0,0,-32286,0,0,0,0,0,2673186,0
2673196,7500,-3190,610,654,-35,-45,8274,-6,0,1,0,19390,85,34,79,16,0,0,0,0,0,0,0,-32286,0,0,0,0,0,2673191,0
2673201,7488,-3138,606,693,-33,-32,8274,-1,-6,0,0,19390,85,34,79,16,0,0,0,0,0,0,0,-32286,0,0,0,0,0,2673196,0
2673206,7498,-3042,612,732,-35,-18,8274,-3,3,0,0,19390,88,34,79,16,0,0,0,0,0,0,0,-32286,0,0,0,0,0,2673201,0
2673211,7484,-3060,606,763,-36,-9,8275,-1,3,1,0,19390,88,34,79,16,0,0,0,0,0,0,0,-32286,0,0,0,0,0,2673206,0
2673216,7454,-2990,596,840,-57,21,8274,-2,-1,2,0,19390,81,34,79,16,0,0,0,0,0,0,0,-32286,0,0,0,0,0,2673211,0
2673221,7456,-2928,624,883,-65,29,8274,-1,2,0,0,19390,81,34,79,16,0,0,0,0,0,0,0,-32286,0,0,0,0,0,2673216,0
2673226,7512,-2872,616,917,-83,39,8274,0,-2,0,0,19390,75,34,79,16,0,0,0,0,0,0,0,-32286,0,0,0,0,0,2673221,0
2673231,7546,-2818,636,938,-99,46,8274,-3,3,2,0,19390,75,34,79,16,0,0,0,0,0,0,0,-32286,0,0,0,0,0,2673229,0
2673236,7662,-2600,650,947,-130,61,8275,3,0,1,0,19390,75,34,79,16,0,0,0,0,0,0,0,-32287,0,0,0,0,0,2673234,0
2673241,7736,-2570,672,942,-130,64,8275,1,0,2,0,19390,75,34,79,16,0,0,0,0,0,0,0,-32286,0,0,0,0,0,2673239,0
2673246,7790,-2502,682,934,-137,70,8274,-6,-1,2,0,19389,77,34,79,16,0,0,0,0,0,0,0,-32286,0,0,0,0,0,2673244,0
2673251,7852,-2440,638,920,-138,82,8273,-6,-3,4,0,19389,77,34,79,16,0,0,0,0,0,0,0,-32286,0,0,0,0,0,2673249,0
2673256,7916,-2324,644,885,-130,86,8274,-2,-5,6,0,19389,85,34,79,16,0,0,0,0,0,0,0,-32286,0,0,0,0,0,2673254,0
2673261,7962,-2344,620,866,-118,100,8272,-4,-1,7,0,19389,85,34,79,16,0,0,0,0,0,0,0,-32286,0,0,0,0,0,2673259,0
2673266,7988,-2202,614,843,-106,108,8272,-6,-1,7,0,19390,84,34,79,16,0,0,0,0,0,0,0,-32286,0,0,0,0,0,2673264,0
2673271,8020,-2124,596,829,-99,116,8271,-11,0,5,0,19390,84,34,79,16,0,0,0,0,0,0,0,-32286,0,0,0,0,0,2673269,0
2673276,8070,-2032,632,815,-54,136,8273,0,2,4,0,19391,80,34,79,16,0,0,0,0,0,0,0,-32286,0,0,0,0,0,2673274,0
2673281,7974,-1934,624,797,-58,133,8272,0,4,2,0,19391,80,34,79,16,0,0,0,0,0,0,0,-32286,0,0,0,0,0,2673279,0
2673286,8042,-1938,552,817,-53,138,8273,8,5,0,0,19392,76,34,79,16,0,0,0,0,0,0,0,-32287,0,0,0,0,0,2673284,0
2673291,7968,-1880,538,825,-54,145,8272,2,-4,2,0,19392,76,34,79,16,0,0,0,0,0,0,0,-32286,0,0,0,0,0,2673289,0
2673296,7892,-1782,470,778,-50,161,8273,0,0,2,0,19395,77,34,79,16,0,0,0,0,0,0,0,-32286,0,0,0,0,0,2673294,0
2673301,7864,-1824,436,751,-53,165,8271,0,1,2,0,19395,77,34,79,16,0,0,0,0,0,0,0,-32286,0,0,0,0,0,2673299,0
2673306,7808,-1894,418,727,-59,184,8270,-11,-2,3,0,19394,72,34,79,16,0,0,0,0,0,0,0,-32286,0,0,0,0,0,2673304,0
2673311,7756,-1924,404,706,-62,192,8272,-1,-6,3,0,19394,72,34,79,16,0,0,0,0,0,0,0,-32286,0,0,0,0,0,2673309,0
2673316,7680,-2024,470,716,-88,220,8270,0,-4,3,0,19392,79,34,79,16,0,0,0,0,0,0,0,-32286,0,0,0,0,0,2673314,0
2673321,7676,-2004,480,717,-98,229,8271,2,6,3,0,19392,79,34,79,16,0,0,0,0,0,0,0,-32286,0,0,0,0,0,2673319,0
2673326,7664,-2050,530,711,-91,241,8270,-2,-3,2,0,19388,86,34,79,16,0,0,0,0,0,0,0,-32286,0,0,0,0,0,2673324,0
2673331,7674,-2064,536,709,-98,245,8270,-3,0,1,0,19388,86,34,79,16,0,0,0,0,0,0,0,-32286,0,0,0,0,0,2673329,0
2673336,7630,-2158,646,706,-87,263,8272,7,1,2,0,19388,91,34,79,16,0,0,0,0,0,0,0,-32286,0,0,0,0,0,2673334,0
2673341,7656,-2182,632,712,-72,264,8271,3,1,2,0,19388,91,34,79,16,0,0,0,0,0,0,0,-32286,0,0,0,0,0,2673339,0
2673346,7668,-2230,658,718,-71,267,8270,2,4,1,0,19387,91,34,79,16,0,0,0,0,0,0,0,-32286,0,0,0,0,0,2673344,0
2673351,7698,-2262,674,739,-65,271,8271,0,-8,1,0,19387,91,34,79,16,0,0,0,0,0,0,0,-32286,0,0,0,0,0,2673349,0
2673356,7698,-2294,640,761,-45,264,8270,-3,-3,4,0,19388,88,34,79,16,0,0,0,0,0,0,0,-32286,0,0,0,0,0,2673354,0
2673361,7754,-2300,604,772,-39,261,8270,-2,-1,1,0,19388,88,34,79,16,0,0,0,0,0,0,0,-32286,0,0,0,0,0,2673359,0
2673366,7742,-2288,606,775,-43,251,8270,0,-3,2,0,19389,91,34,79,16,0,0,0,0,0,0,0,-32286,0,0,0,0,0,2673364,0
2673371,7750,-2358,566,779,-47,243,8269,0,-4,3,0,19389,91,34,79,16,0,0,0,0,0,0,0,-32286,0,0,0,0,0,2673369,0
2673376,7782,-2382,556,784,-62,232,8270,1,-3,1,0,19390,87,34,79,16,0,0,0,0,0,0,0,-32286,0,0,0,0,0,2673374,0
2673381,7762,-2394,556,786,-68,225,8269,-3,3,3,0,19390,87,34,79,16,0,0,0,0,0,0,0,-32286,0,0,0,0,0,2673378,0
2673386,7756,-2420,506,788,-78,228,8269,-1,-1,4,0,19390,81,34,79,16,0,0,0,0,0,0,0,-32286,0,0,0,0,0,2673383,0
2673391,7786,-2416,528,788,-64,225,8268,-4,3,6,0,19390,81,34,79,16,0,0,0,0,0,0,0,-32286,0,0,0,0,0,2673388,0
2673396,7774,-2428,526,777,-49,227,8269,0,0,4,0,19389,76,34,79,16,0,0,0,0,0,0,0,-32286,0,0,0,0,0,2673393,0
2673401,7790,-2462,520,804,-50,219,8269,-6,-1,4,0,19389,76,34,79,16,0,0,0,0,0,0,0,-32286,0,0,0,0,0,2673398,0
2673406,7796,-2462,510,826,-52,216,8269,4,2,6,0,19389,76,34,79,16,0,0,0,0,0,0,0,-32286,0,0,0,0,0,2673403,0
2673411,7828,-2396,500,832,-51,214,8269,6,0,7,0,19389,76,34,79,16,0,0,0,0,0,0,0,-32286,0,0,0,0,0,2673409,0
2673416,7800,-2310,462,801,-53,218,8267,0,-2,5,0,19389,78,34,79,16,0,0,0,0,0,0,0,-32286,0,0,0,0,0,2673413,0
2673421,7782,-2254,450,769,-44,219,8269,0,-1,5,0,19389,78,34,79,16,0,0,0,0,0,0,0,-32286,0,0,0,0,0,2673418,0
2673426,7830,-2246,484,760,-45,208,8268,2,1,5,0,19387,85,34,79,16,0,0,0,0,0,0,0,-32286,0,0,0,0,0,2673423,0
2673431,7824,-2310,516,798,-58,201,8266,-6,-2,7,0,19387,85,34,79,16,0,0,0,0,0,0,0,-32286,0,0,0,0,0,2673428,0
2673436,7828,-2228,518,827,-87,180,8265,-8,-8,6,0,19388,84,34,79,16,0,0,0,0,0,0,0,-32286,0,0,0,0,0,2673433,0
2673441,7858,-2132,530,797,-87,173,8266,-4,-4,6,0,19388,84,34,79,16,0,0,0,0,0,0,0,-32286,0,0,0,0,0,2673439,0
2673446,7826,-2164,478,758,-71,185,8266,-2,7,5,0,19390,83,34,79,16,0,0,0,0,0,0,0,-32286,0,0,0,0,0,2673443,0
2673451,7782,-2210,458,682,-61,209,8265,-4,0,2,0,19390,83,34,79,16,0,0,0,0,0,0,0,-32286,0,0,0,0,0,2673448,0
2673456,7776,-2300,532,707,-47,170,8265,0,2,2,0,19390,80,34,79,16,0,0,0,0,0,0,0,-32286,0,0,0,0,0,2673453,0
2673461,7686,-2350,562,792,-86,148,8266,7,3,2,0,19390,80,34,79,16,0,0,0,0,0,0,0,-32286,0,0,0,0,0,2673458,0
2673466,7764,-2294,530,822,-102,141,8265,-1,3,4,0,19390,77,34,79,16,0,0,0,0,0,0,0,-32286,0,0,0,0,0,2673463,0
2673471,7790,-2154,588,825,-104,131,8265,-3,3,6,0,19390,77,34,79,16,0,0,0,0,0,0,0,-32287,0,0,0,0,0,2673468,0
2673476,7840,-2168,576,757,-98,118,8265,3,0,5,0,19389,85,34,79,16,0,0,0,0,0,0,0,-32286,0,0,0,0,0,2673473,0
2673481,7870,-2216,606,740,-87,110,8263,-1,0,5,0,19389,85,34,79,16,0,0,0,0,0,0,0,-32286,0,0,0,0,0,2673478,0
2673486,7844,-2282,670,746,-78,109,8265,-3,-6,4,0,19389,92,34,79,16,0,0,0,0,0,0,0,-32286,0,0,0,0,0,2673483,0
2673491,7830,-2332,682,760,-75,103,8263,-3,-4,2,0,19389,92,34,79,16,0,0,0,0,0,0,0,-32286,0,0,0,0,0,2673488,0
2673496,7810,-2332,696,782,-57,102,8262,-6,5,2,0,19389,95,34,79,16,0,0,0,0,0,0,0,-32286,0,0,0,0,0,2673493,0
2673501,7778,-2344,680,783,-45,104,8264,4,-4,5,0,19389,95,34,79,16,0,0,0,0,0,0,0,-32286,0,0,0,0,0,2673498,0
2673506,7760,-2326,678,781,-26,105,8262,-6,4,5,0,19387,99,34,79,16,0,0,0,0,0,0,0,-32286,0,0,0,0,0,2673503,0
2673511,7712,-2360,666,779,-27,104,8262,-6,1,3,0,19387,99,34,79,16,0,0,0,0,0,0,0,-32286,0,0,0,0,0,2673508,0
2673516,7624,-2416,680,780,-15,108,8262,0,-2,4,0,19388,97,34,79,16,0,0,0,0,0,0,0,-32286,0,0,0,0,0,2673513,0
2673521,7562,-2406,672,773,-26,107,8262,0,1,4,0,19388,97,34,79,16,0,0,0,0,0,0,0,-32286,0,0,0,0,0,2673518,0
2673526,7520,-2440,646,773,-20,109,8263,4,-1,3,0,19388,82,34,79,16,0,0,0,0,0,0,0,-32286,0,0,0,0,0,2673524,0
2673531,7504,-2448,634,771,-25,104,8262,-5,2,3,0,19388,82,34,79,16,0,0,0,0,0,0,0,-32286,0,0,0,0,0,2673529,0
2673536,7408,-2580,604,772,-40,107,8262,2,2,4,0,19386,71,34,79,16,0,0,0,0,0,0,0,-32286,0,0,0,0,0,2673534,0
2673541,7406,-2596,612,776,-58,110,8262,-2,-3,3,0,19386,71,34,79,16,0,0,0,0,0,0,0,-32286,0,0,0,0,0,2673539,0
2673546,7344,-2616,618,788,-74,109,8262,-4,-5,1,0,19385,68,34,79,16,0,0,0,0,0,0,0,-32286,0,0,0,0,0,2673544,0
2673551,7318,-2626,594,793,-109,111,8262,7,-2,1,0,19385,68,34,79,16,0,0,0,0,0,0,0,-32286,0,0,0,0,0,2673548,0
2673556,7326,-2636,572,788,-164,120,8262,0,-1,2,0,19386,69,34,79,16,0,0,0,0,0,0,0,-32286,0,0,0,0,0,2673553,0
2673561,7400,-2648,632,783,-171,111,8262,3,0,0,0,19386,69,34,79,16,0,0,0,0,0,0,0,-32286,0,0,0,0,0,2673558,0
2673566,7412,-2636,666,789,-194,102,8262,0,0,0,0,19387,80,34,79,16,0,0,0,0,0,0,0,-32286,0,0,0,0,0,2673563,0
2673571,7452,-2654,720,801,-190,96,8261,-6,-3,3,0,19387,80,34,79,16,0,0,0,0,0,0,0,-32286,0,0,0,0,0,2673568,0
2673576,7558,-2680,732,801,-208,97,8260,-7,-2,2,0,19388,81,34,79,16,0,0,0,0,0,0,0,-32286,0,0,0,0,0,2673574,0
2673581,7560,-2710,714,819,-217,88,8261,-2,-2,0,0,19388,81,34,79,16,0,0,0,0,0,0,0,-32286,0,0,0,0,0,2673578,0
2673586,7618,-2670,714,821,-210,91,8262,4,-1,2,0,19387,84,34,79,16,0,0,0,0,0,0,0,-32286,0,0,0,0,0,2673583,0
2673591,7720,-2712,708,796,-209,101,8261,0,0,4,0,19387,84,34,79,16,0,0,0,0,0,0,0,-32286,0,0,0,0,0,2673588,0
2673596,7570,-2736,630,778,-256,98,8260,-8,0,2,0,19388,89,34,79,16,0,0,0,0,0,0,0,-32286,0,0,0,0,0,2673593,0
2673601,7752,-2746,584,814,-283,105,8260,-4,0,2,0,19388,89,34,79,16,0,0,0,0,0,0,0,-32286,0,0,0,0,0,2673599,0
2673606,7650,-2574,668,818,-312,96,8260,-3,2,2,0,19388,87,34,79,16,0,0,0,0,0,0,0,-32286,0,0,0,0,0,2673603,0
2673611,7700,-2532,684,826,-341,96,8261,5,-1,3,0,19388,87,34,79,16,0,0,0,0,0,0,0,-32286,0,0,0,0,0,2673608,0
2673616,7744,-2416,748,851,-351,74,8260,-10,2,0,0,19388,85,34,79,16,0,0,0,0,0,0,0,-32286,0,0,0,0,0,2673613,0
2673621,7806,-2406,780,866,-347,62,8260,5,5,0,0,19388,85,34,79,16,0,0,0,0,0,0,0,-32286,0,0,0,0,0,2673618,0
2673626,7762,-2388,780,901,-324,63,8260,5,0,1,0,19387,86,34,79,16,0,0,0,0,0,0,0,-32286,0,0,0,0,0,2673623,0
2673631,7794,-2322,782,922,-309,58,8260,0,2,2,0,19387,86,34,79,16,0,0,0,0,0,0,0,-32286,0,0,0,0,0,2673628,0
2673636,7778,-2226,784,920,-263,69,8261,3,-2,1,0,19386,76,34,79,16,0,0,0,0,0,0,0,-32286,0,0,0,0,0,2673633,0
2673641,7796,-2192,774,912,-248,70,8260,-5,3,2,0,19386,76,34,79,16,0,0,0,0,0,0,0,-32286,0,0,0,0,0,2673638,0
2673646,7828,-2126,786,908,-219,81,8260,2,0,2,0,19386,84,34,79,16,0,0,0,0,0,0,0,-32286,0,0,0,0,0,2673643,0
2673651,7822,-2062,794,906,-203,81,8260,2,-5,1,0,19386,84,34,79,16,0,0,0,0,0,0,0,-32286,0,0,0,0,0,2673648,0
2673656,7820,-1956,800,887,-179,84,8259,-4,-3,1,0,19385,88,34,79,16,0,0,0,0,0,0,0,-32286,0,0,0,0,0,2673653,0
2673661,7900,-1856,798,867,-173,82,8261,0,1,1,0,19385,88,34,79,16,0,0,0,0,0,0,0,-32286,0,0,0,0,0,2673659,0
2673666,7890,-1802,810,845,-160,78,8260,2,2,0,0,19384,87,34,79,16,0,0,0,0,0,0,0,-32286,0,0,0,0,0,2673663,0
2673671,7954,-1816,788,814,-151,74,8259,-3,-1,1,0,19384,87,34,79,16,0,0,0,0,0,0,0,-32286,0,0,0,0,0,2673668,0
2673676,7896,-1844,798,769,-130,64,8260,-4,-6,0,0,19383,84,34,79,16,0,0,0,0,0,0,0,-32286,0,0,0,0,0,2673673,0
2673681,7928,-1876,782,757,-125,55,8260,3,0,0,0,19383,84,34,79,16,0,0,0,0,0,0,0,-32286,0,0,0,0,0,2673678,0
2673686,7926,-1906,816,742,-133,47,8260,-1,5,2,0,19382,83,34,79,16,0,0,0,0,0,0,0,-32286,0,0,0,0,0,2673683,0
2673691,7876,-1912,764,729,-128,43,8259,0,-4,2,0,19382,83,34,79,16,0,0,0,0,0,0,0,-32286,0,0,0,0,0,2673688,0
2673696,7836,-1992,742,688,-125,40,8259,-5,-1,1,0,19384,88,34,79,16,0,0,0,0,0,0,0,-32286,0,0,0,0,0,2673693,0
2673701,7824,-2026,746,666,-124,37,8260,2,2,2,0,19384,88,34,79,16,0,0,0,0,0,0,0,-32286,0,0,0,0,0,2673698,0
2673706,7826,-1992,726,649,-127,31,8259,2,4,1,0,19385,87,34,79,16,0,0,0,0,0,0,0,-32286,0,0,0,0,0,2673703,0
2673711,7816,-2038,700,630,-127,32,8258,-11,-1,3,0,19385,87,34,79,16,0,0,0,0,0,0,0,-32286,0,0,0,0,0,2673708,0
2673716,7762,-2066,726,607,-133,28,8260,5,1,0,0,19385,78,34,79,16,0,0,0,0,0,0,0,-32286,0,0,0,0,0,2673713,0
2673721,7768,-2112,726,599,-139,30,8259,2,5,1,0,19385,78,34,79,16,0,0,0,0,0,0,0,-32286,0,0,0,0,0,2673718,0
2673726,7780,-2120,720,583,-139,26,8259,-4,3,3,0,19386,75,34,79,16,0,0,0,0,0,0,0,-32286,0,0,0,0,0,2673723,0
2673731,7768,-2112,712,571,-148,26,8259,5,-2,2,0,19386,75,34,79,16,0,0,0,0,0,0,0,-32286,0,0,0,0,0,2673728,0
2673736,7776,-2100,732,547,-149,23,8258,-10,2,1,0,19385,80,34,79,16,0,0,0,0,0,0,0,-32286,0,0,0,0,0,2673733,0
2673741,7750,-2096,730,541,-141,27,8258,-2,-3,3,0,19385,80,34,79,16,0,0,0,0,0,0,0,-32286,0,0,0,0,0,2673738,0
2673746,7830,-2088,734,545,-145,16,8259,1,2,2,0,19387,87,34,79,16,0,0,0,0,0,0,0,-32286,0,0,0,0,0,2673743,0
2673751,7818,-2048,752,540,-145,16,8258,-4,2,2,0,19387,87,34,79,16,0,0,0,0,0,0,0,-32286,0,0,0,0,0,2673748,0
2673756,7860,-2024,758,513,-141,14,8258,-6,-2,3,0,19385,85,34,79,16,0,0,0,0,0,0,0,-32286,0,0,0,0,0,2673753,0
2673761,7888,-2058,762,500,-138,19,8258,-1,5,3,0,19385,85,34,79,16,0,0,0,0,0,0,0,-32286,0,0,0,0,0,2673758,0
2673766,7964,-1988,760,486,-134,13,8259,3,4,3,0,19385,85,34,79,16,0,0,0,0,0,0,0,-32286,0,0,0,0,0,2673763,0
2673771,7932,-1948,786,468,-130,14,8258,-1,0,4,0,19385,85,34,79,16,0,0,0,0,0,0,0,-32286,0,0,0,0,0,2673768,0
2673776,7996,-1908,874,440,-105,3,8258,-3,2,4,0,19387,83,34,79,16,0,0,0,0,0,0,0,-32286,0,0,0,0,0,2673773,0
2673781,8010,-1922,904,428,-92,4,8259,3,-1,4,0,19387,83,34,79,16,0,0,0,0,0,0,0,-32286,0,0,0,0,0,2673778,0
2673786,8030,-1904,906,410,-82,1,8258,0,0,4,0,19385,83,34,79,16,0,0,0,0,0,0,0,-32286,0,0,0,0,0,2673783,0
2673791,8064,-1908,934,394,-71,-3,8258,-1,-1,4,0,19385,83,34,79,16,0,0,0,0,0,0,0,-32286,0,0,0,0,0,2673788,0
2673796,8078,-1916,992,368,-42,-4,8257,0,-5,7,0,19384,85,34,79,16,0,0,0,0,0,0,0,-32286,0,0,0,0,0,2673793,0
2673801,8066,-1942,958,353,-27,-7,8257,-5,3,7,0,19384,85,34,79,16,0,0,0,0,0,0,0,-32286,0,0,0,0,0,2673798,0
2673806,8024,-1912,928,359,-22,-12,8257,-1,-2,4,0,19383,77,34,79,16,0,0,0,0,0,0,0,-32286,0,0,0,0,0,2673803,0
2673811,8014,-1900,874,344,-10,-5,8258,2,0,5,0,19383,77,34,79,16,0,0,0,0,0,0,0,-32286,0,0,0,0,0,2673808,0
2673816,7968,-1846,830,304,-2,-12,8257,10,0,4,0,19382,81,34,79,16,0,0,0,0,0,0,0,-32286,0,0,0,0,0,2673813,0
2673821,7914,-1814,810,277,6,-19,8257,-2,-2,4,0,19382,81,34,79,16,0,0,0,0,0,0,0,-32286,0,0,0,0,0,2673818,0
2673826,7916,-1842,802,247,8,-14,8256,-4,-1,3,0,19381,77,34,79,16,0,0,0,0,0,0,0,-32286,0,0,0,0,0,2673823,0
2673831,7906,-1854,830,226,17,-16,8256,1,-1,2,0,19381,77,34,79,16,0,0,0,0,0,0,0,-32286,0,0,0,0,0,2673828,0
2673836,7852,-1918,882,199,36,-17,8256,-3,-2,1,0,19379,85,34,79,16,0,0,0,0,0,0,0,-32286,0,0,0,0,0,2673833,0
2673841,7854,-1948,898,179,44,-15,8257,5,-2,2,0,19379,85,34,79,16,0,0,0,0,0,0,0,-32286,0,0,0,0,0,2673838,0
2673846,7848,-1982,934,168,66,-19,8254,0,6,2,0,19378,84,34,79,16,0,0,0,0,0,0,0,-32286,0,0,0,0,0,2673843,0
2673851,7824,-2024,938,147,77,-14,8257,0,1,1,0,19378,84,34,79,16,0,0,0,0,0,0,0,-32286,0,0,0,0,0,2673848,0
2673856,7834,-2110,976,137,92,-19,8256,-1,-2,3,0,19379,86,34,79,16,0,0,0,0,0,0,0,-32286,0,0,0,0,0,2673853,0
2673861,7790,-2128,970,126,84,-21,8255,0,5,2,0,19379,86,34,79,16,0,0,0,0,0,0,0,-32286,0,0,0,0,0,2673858,0
2673866,7794,-2150,966,125,83,-23,8257,2,-4,1,0,19379,82,34,79,16,0,0,0,0,0,0,0,-32286,0,0,0,0,0,2673863,0
2673871,7798,-2198,954,119,87,-24,8256,-2,-2,1,0,19379,82,34,79,16,0,0,0,0,0,0,0,-32286,0,0,0,0,0,2673868,0
2673876,7792,-2224,932,103,79,-18,8256,5,1,1,0,19381,81,34,79,16,0,0,0,0,0,0,0,-32286,0,0,0,0,0,2673873,0
2673881,7756,-2238,922,101,79,-21,8256,3,-2,0,0,19381,81,34,79,16,0,0,0,0,0,0,0,-32286,0,0,0,0,0,2673878,0
2673886,7708,-2280,884,101,67,-22,8256,-1,-1,0,0,19384,75,34,79,16,0,0,0,0,0,0,0,-32286,0,0,0,0,0,2673883,0
2673891,7678,-2282,880,102,60,-26,8256,3,1,2,0,19384,75,34,79,16,0,0,0,0,0,0,0,-32287,0,0,0,0,0,2673888,0
2673896,7680,-2298,846,106,42,-17,8256,1,-3,3,0,19385,81,34,79,16,0,0,0,0,0,0,0,-32286,0,0,0,0,0,2673893,0
2673901,7692,-2252,852,111,43,-26,8255,-2,1,2,0,19385,81,34,79,16,0,0,0,0,0,0,0,-32286,0,0,0,0,0,2673898,0
2673906,7694,-2214,826,101,44,-28,8256,0,-1,2,0,19385,81,34,79,16,0,0,0,0,0,0,0,-32286,0,0,0,0,0,2673903,0
2673911,7672,-2206,860,105,45,-24,8256,0,0,1,0,19385,81,34,79,16,0,0,0,0,0,0,0,-32286,0,0,0,0,0,2673908,0
2673916,7716,-2148,894,83,51,-36,8255,5,0,1,0,19382,86,34,79,16,0,0,0,0,0,0,0,-32286,0,0,0,0,0,2673913,0
2673921,7740,-2150,930,76,56,-48,8256,4,-1,2,0,19382,86,34,79,16,0,0,0,0,0,0,0,-32286,0,0,0,0,0,2673918,0
2673926,7756,-2168,964,68,61,-46,8256,0,6,2,0,19381,83,34,79,16,0,0,0,0,0,0,0,-32285,0,0,0,0,0,2673923,0
2673931,7792,-2158,968,65,59,-50,8256,3,2,0,0,19381,83,34,79,16,0,0,0,0,0,0,0,-32286,0,0,0,0,0,2673928,0
2673936,7820,-2154,978,49,73,-57,8256,4,-2,2,0,19382,68,34,79,16,0,0,0,0,0,0,0,-32286,0,0,0,0,0,2673933,0
2673941,7860,-2188,988,38,75,-56,8256,0,1,3,0,19382,68,34,79,16,0,0,0,0,0,0,0,-32285,0,0,0,0,0,2673938,0
2673946,7872,-2196,978,36,76,-62,8255,0,1,2,0,19384,59,34,79,16,0,0,0,0,0,0,0,-32286,0,0,0,0,0,2673943,0
2673951,7866,-2164,956,21,85,-61,8255,-4,-1,2,0,19384,59,34,79,16,0,0,0,0,0,0,0,-32286,0,0,0,0,0,2673948,0
2673956,7846,-2164,944,12,89,-61,8255,-4,-2,2,0,19385,64,34,79,16,0,0,0,0,0,0,0,-32286,0,0,0,0,0,2673953,0
2673961,7830,-2196,918,2,91,-68,8255,-1,-3,1,0,19385,64,34,79,16,0,0,0,0,0,0,0,-32286,0,0,0,0,0,2673958,0
2673966,7838,-2184,918,-3,96,-61,8256,1,1,2,0,19386,69,34,79,16,0,0,0,0,0,0,0,-32286,0,0,0,0,0,2673963,0
2673971,7808,-2180,898,-14,93,-68,8255,0,-1,2,0,19386,69,34,79,16,0,0,0,0,0,0,0,-32286,0,0,0,0,0,2673968,0
2673976,7764,-2190,910,-26,98,-65,8256,0,0,0,0,19385,76,34,79,16,0,0,0,0,0,0,0,-32286,0,0,0,0,0,2673973,0
2673981,7758,-2228,920,-35,96,-66,8255,-1,2,1,0,19385,76,34,79,16,0,0,0,0,0,0,0,-32286,0,0,0,0,0,2673978,0
2673986,7726,-2216,926,-45,95,-67,8256,3,-2,0,0,19385,88,34,79,16,0,0,0,0,0,0,0,-32286,0,0,0,0,0,2673983,0
2673991,7740,-2202,968,-44,96,-62,8255,3,-2,0,0,19385,88,34,79,16,0,0,0,0,0,0,0,-32286,0,0,0,0,0,2673988,0
2673996,7748,-2286,994,-41,95,-60,8254,-5,-1,1,0,19387,98,34,79,16,0,0,0,0,0,0,0,-32286,0,0,0,0,0,2673993,0
2674001,7710,-2262,994,-45,97,-63,8255,-3,-2,2,0,19387,98,34,79,16,0,0,0,0,0,0,0,-32286,0,0,0,0,0,2673998,0
2674006,7734,-2254,968,-46,93,-61,8254,-1,3,1,0,19385,103,34,79,16,0,0,0,0,0,0,0,-32286,0,0,0,0,0,2674003,0
2674011,7722,-2260,984,-51,96,-50,8255,5,4,2,0,19385,103,34,79,16,0,0,0,0,0,0,0,-32285,0,0,0,0,0,2674008,0
2674016,7674,-2244,934,-53,94,-56,8256,6,-4,1,0,19381,98,34,79,16,0,0,0,0,0,0,0,-32286,0,0,0,0,0,2674013,0
2674021,7666,-2252,912,-56,86,-49,8255,-1,0,1,0,19381,98,34,79,16,0,0,0,0,0,0,0,-32286,0,0,0,0,0,2674018,0
2674026,7662,-2252,928,-60,76,-44,8254,-1,4,1,0,19377,85,34,79,16,0,0,0,0,0,0,0,-32286,0,0,0,0,0,2674023,0
2674031,7658,-2252,898,-61,71,-46,8255,0,-1,0,0,19377,85,34,79,16,0,0,0,0,0,0,0,-32285,0,0,0,0,0,2674028,0
2674036,7684,-2228,938,-72,66,-40,8255,3,-1,1,0,19375,80,34,79,16,0,0,0,0,0,0,0,-32286,0,0,0,0,0,2674033,0
2674041,7704,-2230,968,-78,70,-44,8253,-7,0,1,0,19375,80,34,79,16,0,0,0,0,0,0,0,-32286,0,0,0,0,0,2674038,0
2674046,7696,-2252,970,-77,77,-41,8254,-6,4,1,0,19376,80,34,79,16,0,0,0,0,0,0,0,-32286,0,0,0,0,0,2674044,0
2674051,7704,-2270,970,-82,83,-37,8254,-8,-1,0,0,19376,80,34,79,16,0,0,0,0,0,0,0,-32286,0,0,0,0,0,2674049,0
2674056,7740,-2262,966,-81,84,-32,8254,-1,5,0,0,19373,84,34,79,16,0,0,0,0,0,0,0,-32286,0,0,0,0,0,2674054,0
2674061,7760,-2284,980,-79,91,-31,8254,-5,0,0,0,19373,84,34,79,16,0,0,0,0,0,0,0,-32286,0,0,0,0,0,2674061,0
2674066,7764,-2266,980,-79,90,-37,8256,6,0,1,0,19372,83,34,79,16,0,0,0,0,0,0,0,-32286,0,0,0,0,0,2674066,0
2674071,7746,-2280,966,-81,90,-36,8256,3,5,2,0,19372,83,34,79,16,0,0,0,0,0,0,0,-32286,0,0,0,0,0,2674070,0
2674076,7750,-2278,940,-83,94,-36,8254,-3,4,2,0,19373,82,34,79,16,0,0,0,0,0,0,0,-32286,0,0,0,0,0,2674075,0
2674081,7722,-2258,904,-88,91,-39,8256,4,-3,1,0,19373,82,34,79,16,0,0,0,0,0,0,0,-32286,0,0,0,0,0,2674081,0
2674086,7750,-2254,928,-95,85,-37,8254,6,-2,2,0,19374,75,34,79,16,0,0,0,0,0,0,0,-32286,0,0,0,0,0,2674087,0
2674091,7714,-2272,874,-99,90,-39,8255,0,2,0,0,19374,75,34,79,16,0,0,0,0,0,0,0,-32286,0,0,0,0,0,2674093,0
2674096,7714,-2262,878,-93,77,-35,8253,1,1,1,0,19375,77,34,79,16,0,0,0,0,0,0,0,-32286,0,0,0,0,0,2674098,0
2674101,7720,-2276,854,-93,76,-40,8255,0,5,1,0,19375,77,34,79,16,0,0,0,0,0,0,0,-32286,0,0,0,0,0,2674103,0
2674106,7730,-2252,886,-97,70,-35,8253,-11,1,0,0,19375,77,34,79,16,0,0,0,0,0,0,0,-32286,0,0,0,0,0,2674109,0
2674111,7768,-2278,862,-93,73,-40,8256,0,-2,1,0,19375,77,34,79,16,0,0,0,0,0,0,0,-32286,0,0,0,0,0,2674115,0
2674116,7770,-2260,904,-95,70,-38,8256,6,0,-2,0,19375,84,34,79,16,0,0,0,0,0,0,0,-32286,0,0,0,0,0,2674117,0
2674121,7796,-2250,922,-96,72,-39,8255,1,2,0,0,19375,84,34,79,16,0,0,0,0,0,0,0,-32286,0,0,0,0,0,2674122,0
2674126,7826,-2220,916,-91,80,-38,8256,11,-2,2,0,19372,91,34,79,16,0,0,0,0,0,0,0,-32286,0,0,0,0,0,2674128,0
2674131,7846,-2222,930,-96,84,-41,8254,-10,0,1,0,19372,91,34,79,16,0,0,0,0,0,0,0,-32286,0,0,0,0,0,2674133,0
2674136,7868,-2228,960,-94,91,-41,8254,-3,-1,1,0,19368,89,34,79,16,0,0,0,0,0,0,0,-32286,0,0,0,0,0,2674139,0
2674141,7886,-2226,964,-97,95,-41,8254,-5,-3,2,0,19368,89,34,79,16,0,0,0,0,0,0,0,-32286,0,0,0,0,0,2674144,0
2674146,7846,-2226,926,-96,99,-43,8254,-7,3,0,0,19368,93,34,79,16,0,0,0,0,0,0,0,-32286,0,0,0,0,0,2674149,0
2674151,7840,-2230,968,-95,106,-42,8256,-6,-3,1,0,19368,93,34,79,16,0,0,0,0,0,0,0,-32286,0,0,0,0,0,2674155,0
2674156,7834,-2224,916,-104,116,-45,8255,5,2,4,0,19370,89,34,79,16,0,0,0,0,0,0,0,-32286,0,0,0,0,0,2674160,0
2674161,7786,-2194,886,-106,111,-45,8255,2,-1,2,0,19370,89,34,79,16,0,0,0,0,0,0,0,-32286,0,0,0,0,0,2674166,0
2674166,7778,-2222,878,-101,111,-45,8255,3,0,1,0,19374,89,34,79,16,0,0,0,0,0,0,0,-32286,0,0,0,0,0,2674171,0
2674171,7744,-2190,862,-99,107,-46,8256,0,2,0,0,19374,89,34,79,16,0,0,0,0,0,0,0,-32286,0,0,0,0,0,2674177,0
2674176,7712,-2230,850,-104,107,-47,8255,5,1,0,0,19374,86,34,79,16,0,0,0,0,0,0,0,-32286,0,0,0,0,0,2674182,0
2674181,7690,-2194,882,-103,100,-56,8255,0,0,0,0,19374,86,34,79,16,0,0,0,0,0,0,0,-32286,0,0,0,0,0,2674188,0
2674186,7682,-2194,884,-104,98,-57,8255,-3,-4,0,0,19376,86,34,79,16,0,0,0,0,0,0,0,-32286,0,0,0,0,0,2674193,0
2674191,7680,-2206,900,-105,87,-59,8256,6,0,0,0,19376,86,34,79,16,0,0,0,0,0,0,0,-32285,0,0,0,0,0,2674199,0
2674196,7682,-2230,908,-107,83,-66,8255,5,0,2,0,19376,77,34,79,16,0,0,0,0,0,0,0,-32286,0,0,0,0,0,2674204,0
2674201,7762,-2190,912,-106,78,-69,8254,-3,0,1,0,19376,77,34,79,16,0,0,0,0,0,0,0,-32286,0,0,0,0,0,2674209,0
2674206,7760,-2216,934,-111,75,-73,8254,-7,-2,2,0,19375,72,34,79,16,0,0,0,0,0,0,0,-32286,0,0,0,0,0,2674215,0
2674211,7794,-2204,942,-107,78,-80,8255,0,0,1,0,19375,72,34,79,16,0,0,0,0,0,0,0,-32286,0,0,0,0,0,2674220,0
2674216,7778,-2234,962,-117,80,-80,8253,-10,4,0,0,19375,74,34,79,16,0,0,0,0,0,0,0,-32286,0,0,0,0,0,2674226,0
2674221,7766,-2238,962,-123,75,-85,8255,-1,1,3,0,19375,74,34,79,16,0,0,0,0,0,0,0,-32286,0,0,0,0,0,2674231,0
2674226,7776,-2258,944,-118,79,-90,8254,-6,1,2,0,19379,83,34,79,16,0,0,0,0,0,0,0,-32286,0,0,0,0,0,2674237,0
2674231,7786,-2304,972,-118,72,-86,8254,-4,4,0,0,19379,83,34,79,16,0,0,0,0,0,0,0,-32286,0,0,0,0,0,2674244,0
2674236,7758,-2310,946,-110,72,-89,8254,1,0,0,0,19380,81,34,79,16,0,0,0,0,0,0,0,-32287,0,0,0,0,0,2674250,0
2674241,7756,-2274,954,-106,74,-85,8255,3,5,2,0,19380,81,34,79,16,0,0,0,0,0,0,0,-32286,0,0,0,0,0,2674255,0
2674246,7736,-2288,912,-105,71,-86,8255,-5,5,1,0,19384,81,34,79,16,0,0,0,0,0,0,0,-32286,0,0,0,0,0,2674261,0
2674251,7718,-2310,934,-101,72,-82,8255,4,-1,0,0,19384,81,34,79,16,0,0,0,0,0,0,0,-32286,0,0,0,0,0,2674266,0
2674256,7706,-2298,890,-101,56,-87,8255,-2,1,2,0,19382,84,34,79,16,0,0,0,0,0,0,0,-32286,0,0,0,0,0,2674271,0
2674261,7696,-2274,870,-104,58,-83,8256,0,-3,0,0,19382,84,34,79,16,0,0,0,0,0,0,0,-32286,0,0,0,0,0,2674277,0
2674266,7704,-2284,886,-99,46,-83,8255,-1,2,0,0,19383,82,34,79,16,0,0,0,0,0,0,0,-32286,0,0,0,0,0,2674282,0
2674271,7718,-2300,876,-98,49,-82,8254,0,2,0,0,19383,82,34,79,16,0,0,0,0,0,0,0,-32286,0,0,0,0,0,2674287,0
2674276,7714,-2312,906,-94,39,-81,8254,-3,-1,0,0,19382,81,34,79,16,0,0,0,0,0,0,0,-32286,0,0,0,0,0,2674292,0
2674281,7730,-2296,916,-98,36,-80,8255,1,2,0,0,19382,81,34,79,16,0,0,0,0,0,0,0,-32286,0,0,0,0,0,2674298,0
2674286,7756,-2288,934,-96,39,-79,8256,0,4,0,0,19383,80,34,79,16,0,0,0,0,0,0,0,-32286,0,0,0,0,0,2674303,0
2674291,7772,-2292,948,-95,28,-82,8255,0,2,0,0,19383,80,34,79,16,0,0,0,0,0,0,0,-32286,0,0,0,0,0,2674309,0
2674296,7794,-2280,956,-97,41,-77,8256,7,-3,0,0,19384,80,34,79,16,0,0,0,0,0,0,0,-32286,0,0,0,0,0,2674314,0
2674301,7808,-2282,964,-94,49,-74,8254,-5,-2,1,0,19384,80,34,79,16,0,0,0,0,0,0,0,-32286,0,0,0,0,0,2674320,0
2674306,7800,-2260,972,-95,52,-74,8255,0,1,1,0,19383,81,34,79,16,0,0,0,0,0,0,0,-32286,0,0,0,0,0,2674325,0
2674311,7790,-2302,970,-101,50,-69,8256,8,0,1,0,19383,81,34,79,16,0,0,0,0,0,0,0,-32286,0,0,0,0,0,2674330,0
2674316,7748,-2270,964,-102,60,-71,8254,0,-1,0,0,19381,87,34,79,16,0,0,0,0,0,0,0,-32286,0,0,0,0,0,2674336,0
2674321,7750,-2300,926,-99,54,-69,8255,5,3,1,0,19381,87,34,79,16,0,0,0,0,0,0,0,-32286,0,0,0,0,0,2674341,0
2674326,7748,-2262,934,-93,63,-67,8255,-3,-4,1,0,19384,88,34,79,16,0,0,0,0,0,0,0,-32286,0,0,0,0,0,2674346,0
2674331,7734,-2274,936,-91,54,-67,8255,4,2,0,0,19384,88,34,79,16,0,0,0,0,0,0,0,-32286,0,0,0,0,0,2674351,0
2674336,7740,-2284,896,-83,54,-61,8255,0,-1,0,0,19393,85,34,79,16,0,0,0,0,0,0,0,-32286,0,0,0,0,0,2674357,0
2674341,7718,-2242,898,-90,54,-59,8255,1,0,3,0,19393,85,34,79,16,0,0,0,0,0,0,0,-32286,0,0,0,0,0,2674362,0
2674346,7750,-2234,894,-82,53,-63,8255,3,-1,3,0,19394,86,34,79,16,0,0,0,0,0,0,0,-32286,0,0,0,0,0,2674368,0
2674351,7764,-2240,890,-87,47,-63,8254,-2,2,0,0,19394,86,34,79,16,0,0,0,0,0,0,0,-32286,0,0,0,0,0,2674373,0
2674356,7804,-2232,912,-84,45,-56,8254,0,1,1,0,19390,87,34,79,16,0,0,0,0,0,0,0,-32286,0,0,0,0,0,2674379,0
2674361,7840,-2238,906,-92,43,-61,8255,-4,0,1,0,19390,87,34,79,16,0,0,0,0,0,0,0,-32286,0,0,0,0,0,2674384,0
2674366,7850,-2214,908,-91,45,-59,8256,3,2,1,0,19382,77,34,79,16,0,0,0,0,0,0,0,-32286,0,0,0,0,0,2674389,0
2674371,7858,-2228,914,-95,50,-56,8255,-1,1,1,0,19382,77,34,79,16,0,0,0,0,0,0,0,-32286,0,0,0,0,0,2674394,0
2674376,7860,-2218,926,-95,56,-52,8256,2,-3,0,0,19382,70,34,79,16,0,0,0,0,0,0,0,-32286,0,0,0,0,0,2674399,0
2674381,7872,-2228,922,-95,52,-56,8254,-3,-3,0,0,19382,70,34,79,16,0,0,0,0,0,0,0,-32286,0,0,0,0,0,2674405,0
2674386,7832,-2218,936,-97,53,-57,8254,-3,5,0,0,19385,70,34,79,16,0,0,0,0,0,0,0,-32286,0,0,0,0,0,2674410,0
2674391,7830,-2238,932,-88,64,-53,8256,1,1,0,0,19385,70,34,79,16,0,0,0,0,0,0,0,-32286,0,0,0,0,0,2674416,0
2674396,7858,-2230,896,-88,69,-55,8255,0,4,1,0,19386,77,34,79,16,0,0,0,0,0,0,0,-32286,0,0,0,0,0,2674421,0
2674401,7804,-2216,884,-86,71,-56,8255,0,0,0,0,19386,77,34,79,16,0,0,0,0,0,0,0,-32286,0,0,0,0,0,2674426,0
2674406,7792,-2218,870,-87,66,-54,8254,-4,3,1,0,19386,85,34,79,16,0,0,0,0,0,0,0,-32286,0,0,0,0,0,2674431,0
2674411,7760,-2226,872,-88,68,-55,8256,2,-2,2,0,19386,85,34,79,16,0,0,0,0,0,0,0,-32286,0,0,0,0,0,2674437,0
2674416,7742,-2204,866,-83,72,-57,8255,-3,-1,1,0,19386,84,34,79,16,0,0,0,0,0,0,0,-32286,0,0,0,0,0,2674442,0
2674421,7736,-2204,882,-86,73,-58,8255,6,0,0,0,19386,84,34,79,16,0,0,0,0,0,0,0,-32286,0,0,0,0,0,2674448,0
2674426,7764,-2216,860,-88,74,-55,8254,-6,-3,0,0,19385,78,34,79,16,0,0,0,0,0,0,0,-32286,0,0,0,0,0,2674453,0
2674431,7786,-2232,876,-90,77,-57,8254,-3,-1,-1,0,19385,78,34,79,16,0,0,0,0,0,0,0,-32286,0,0,0,0,0,2674458,0
2674436,7748,-2256,862,-94,75,-51,8255,0,1,0,0,19387,81,34,79,16,0,0,0,0,0,0,0,-32286,0,0,0,0,0,2674463,0
2674441,7742,-2230,882,-99,80,-53,8254,-2,3,0,0,19387,81,34,79,16,0,0,0,0,0,0,0,-32286,0,0,0,0,0,2674469,0
2674446,7770,-2260,890,-94,72,-55,8255,3,5,0,0,19386,84,34,79,16,0,0,0,0,0,0,0,-32286,0,0,0,0,0,2674474,0
2674451,7766,-2256,866,-101,72,-50,8255,0,4,-1,0,19386,84,34,79,16,0,0,0,0,0,0,0,-32286,0,0,0,0,0,2674479,0
2674456,7716,-2266,880,-94,69,-49,8254,0,1,1,0,19386,86,34,79,16,0,0,0,0,0,0,0,-32286,0,0,0,0,0,2674485,0
2674461,7706,-2292,882,-96,71,-46,8254,-1,1,0,0,19386,86,34,79,16,0,0,0,0,0,0,0,-32286,0,0,0,0,0,2674490,0
2674466,7696,-2264,880,-91,70,-51,8255,-2,-3,1,0,19384,80,34,79,16,0,0,0,0,0,0,0,-32286,0,0,0,0,0,2674495,0
2674471,7710,-2262,902,-88,71,-47,8254,-6,4,0,0,19384,80,34,79,16,0,0,0,0,0,0,0,-32286,0,0,0,0,0,2674500,0
2674476,7704,-2306,880,-80,63,-51,8254,-8,1,0,0,19384,80,34,79,16,0,0,0,0,0,0,0,-32286,0,0,0,0,0,2674506,0
2674481,7688,-2296,874,-77,55,-47,8256,12,-2,1,0,19384,80,34,79,16,0,0,0,0,0,0,0,-32286,0,0,0,0,0,2674511,0
2674486,7690,-2274,890,-78,56,-43,8254,2,2,2,0,19384,83,34,79,16,0,0,0,0,0,0,0,-32286,0,0,0,0,0,2674517,0
2674491,7714,-2290,866,-76,56,-50,8256,3,4,1,0,19384,83,34,79,16,0,0,0,0,0,0,0,-32286,0,0,0,0,0,2674522,0
2674496,7722,-2252,866,-72,46,-46,8256,7,-1,1,0,19385,88,34,79,16,0,0,0,0,0,0,0,-32286,0,0,0,0,0,2674527,0
2674501,7732,-2242,856,-70,43,-38,8254,-3,2,0,0,19385,88,34,79,16,0,0,0,0,0,0,0,-32286,0,0,0,0,0,2674532,0
2674506,7730,-2224,862,-66,38,-43,8253,-7,-2,1,0,19384,89,34,79,16,0,0,0,0,0,0,0,-32286,0,0,0,0,0,2674538,0
2674511,7740,-2236,862,-72,40,-41,8254,-2,-1,2,0,19384,89,34,79,16,0,0,0,0,0,0,0,-32286,0,0,0,0,0,2674543,0
2674516,7754,-2210,880,-72,38,-38,8255,2,1,0,0,19385,87,34,79,16,0,0,0,0,0,0,0,-32286,0,0,0,0,0,2674548,0
2674521,7746,-2204,872,-71,32,-38,8255,-4,1,1,0,19385,87,34,79,16,0,0,0,0,0,0,0,-32286,0,0,0,0,0,2674554,0
2674526,7762,-2206,900,-73,34,-39,8255,1,1,1,0,19385,82,34,79,16,0,0,0,0,0,0,0,-32286,0,0,0,0,0,2674559,0
2674531,7752,-2210,896,-73,30,-39,8255,0,5,1,0,19385,82,34,79,16,0,0,0,0,0,0,0,-32286,0,0,0,0,0,2674565,0
2674536,7750,-2240,872,-73,31,-38,8254,-1,3,0,0,19385,77,34,79,16,0,0,0,0,0,0,0,-32286,0,0,0,0,0,2674570,0
2674541,7762,-2218,900,-70,32,-43,8255,0,-2,0,0,19385,77,34,79,16,0,0,0,0,0,0,0,-32286,0,0,0,0,0,2674575,0
2674546,7766,-2244,906,-67,34,-44,8256,3,2,1,0,19386,84,34,79,16,0,0,0,0,0,0,0,-32286,0,0,0,0,0,2674580,0
2674551,7772,-2246,916,-69,34,-42,8254,-1,5,3,0,19386,84,34,79,16,0,0,0,0,0,0,0,-32286,0,0,0,0,0,2674586,0
2674556,7760,-2254,898,-58,36,-46,8254,-4,1,4,0,19387,81,34,79,16,0,0,0,0,0,0,0,-32286,0,0,0,0,0,2674591,0
2674561,7744,-2248,914,-56,39,-43,8253,-10,-2,1,0,19387,81,34,79,16,0,0,0,0,0,0,0,-32286,0,0,0,0,0,2674597,0
2674566,7794,-2268,906,-61,41,-36,8255,0,-2,1,0,19386,89,34,79,16,0,0,0,0,0,0,0,-32286,0,0,0,0,0,2674602,0
2674571,7800,-2242,898,-58,40,-39,8255,-5,2,1,0,19386,89,34,79,16,0,0,0,0,0,0,0,-32286,0,0,0,0,0,2674608,0
2674576,7792,-2240,900,-49,42,-36,8253,-9,2,1,0,19384,88,34,79,16,0,0,0,0,0,0,0,-32286,0,0,0,0,0,2674612,0
2674581,7796,-2260,920,-53,47,-32,8254,-6,-2,2,0,19384,88,34,79,16,0,0,0,0,0,0,0,-32286,0,0,0,0,0,2674618,0
2674586,7776,-2254,900,-54,47,-27,8254,0,4,0,0,19385,82,34,79,16,0,0,0,0,0,0,0,-32286,0,0,0,0,0,2674623,0
2674591,7776,-2224,916,-50,52,-28,8255,-3,5,1,0,19385,82,34,79,16,0,0,0,0,0,0,0,-32286,0,0,0,0,0,2674628,0
2674596,7782,-2254,902,-54,50,-21,8254,-1,4,1,0,19387,77,34,79,16,0,0,0,0,0,0,0,-32286,0,0,0,0,0,2674634,0
2674601,7774,-2228,890,-51,55,-23,8255,-4,1,0,0,19387,77,34,79,16,0,0,0,0,0,0,0,-32286,0,0,0,0,0,2674639,0
2674606,7790,-2244,892,-59,43,-16,8256,0,-1,0,0,19386,72,34,79,16,0,0,0,0,0,0,0,-32286,0,0,0,0,0,2674645,0
2674611,7780,-2264,906,-51,44,-25,8255,-3,0,2,0,19386,72,34,79,16,0,0,0,0,0,0,0,-32286,0,0,0,0,0,2674650,0
2674616,7766,-2260,910,-55,34,-23,8255,0,3,1,0,19384,78,34,79,16,0,0,0,0,0,0,0,-32286,0,0,0,0,0,2674655,0
2674621,7776,-2252,892,-42,38,-19,8255,0,-2,2,0,19384,78,34,79,16,0,0,0,0,0,0,0,-32286,0,0,0,0,0,2674660,0
2674626,7774,-2278,922,-41,34,-19,8255,3,2,1,0,19383,85,34,79,16,0,0,0,0,0,0,0,-32286,0,0,0,0,0,2674666,0
2674631,7784,-2248,896,-41,30,-22,8255,3,1,0,0,19383,85,34,79,16,0,0,0,0,0,0,0,-32286,0,0,0,0,0,2674671,0
2674636,7744,-2222,914,-35,26,-15,8254,-1,0,0,0,19384,82,34,79,16,0,0,0,0,0,0,0,-32286,0,0,0,0,0,2674677,0
2674641,7762,-2230,932,-24,25,-22,8256,2,3,4,0,19384,82,34,79,16,0,0,0,0,0,0,0,-32287,0,0,0,0,0,2674682,0
2674646,7780,-2218,932,-24,20,-19,8255,-3,-2,4,0,19385,81,34,79,16,0,0,0,0,0,0,0,-32286,0,0,0,0,0,2674688,0
2674651,7780,-2222,926,-20,28,-18,8255,3,0,1,0,19385,81,34,79,16,0,0,0,0,0,0,0,-32286,0,0,0,0,0,2674693,0
2674656,7780,-2192,934,-21,32,-17,8255,3,-7,1,0,19385,88,34,79,16,0,0,0,0,0,0,0,-32286,0,0,0,0,0,2674698,0
2674661,7778,-2214,924,-18,37,-19,8255,4,1,1,0,19385,88,34,79,16,0,0,0,0,0,0,0,-32286,0,0,0,0,0,2674703,0
2674666,7788,-2188,944,-23,40,-22,8255,-1,0,0,0,19386,87,34,79,16,0,0,0,0,0,0,0,-32286,0,0,0,0,0,2674708,0
2674671,7818,-2176,918,-18,47,-16,8256,4,-1,2,0,19386,87,34,79,16,0,0,0,0,0,0,0,-32285,0,0,0,0,0,2674714,0
2674676,7830,-2200,920,-14,51,-20,8255,3,-3,1,0,19385,88,34,79,16,0,0,0,0,0,0,0,-32286,0,0,0,0,0,2674719,0
2674681,7806,-2188,894,-15,60,-24,8255,2,-1,0,0,19385,88,34,79,16,0,0,0,0,0,0,0,-32286,0,0,0,0,0,2674725,0
2674686,7816,-2174,902,-14,59,-23,8256,11,-2,0,0,19385,80,34,79,16,0,0,0,0,0,0,0,-32286,0,0,0,0,0,2674730,0
2674691,7836,-2168,904,-21,57,-26,8254,-1,2,1,0,19385,80,34,79,16,0,0,0,0,0,0,0,-32286,0,0,0,0,0,2674735,0
2674696,7788,-2200,860,-21,59,-29,8256,9,-3,2,0,19384,78,34,79,16,0,0,0,0,0,0,0,-32285,0,0,0,0,0,2674740,0
2674701,7768,-2212,870,-27,49,-25,8256,8,-4,0,0,19384,78,34,79,16,0,0,0,0,0,0,0,-32286,0,0,0,0,0,2674746,0
2674706,7768,-2202,860,-25,50,-31,8253,-7,3,0,0,19383,81,34,79,16,0,0,0,0,0,0,0,-32286,0,0,0,0,0,2674751,0
2674711,7788,-2214,832,-26,41,-27,8255,-7,-10,1,0,19383,81,34,79,16,0,0,0,0,0,0,0,-32286,0,0,0,0,0,2674757,0
2674716,7754,-2228,844,-21,40,-26,8255,2,-3,1,0,19383,83,34,79,16,0,0,0,0,0,0,0,-32286,0,0,0,0,0,2674762,0
2674721,7704,-2206,844,-21,32,-27,8254,1,2,2,0,19383,83,34,79,16,0,0,0,0,0,0,0,-32286,0,0,0,0,0,2674767,0
2674726,7676,-2262,832,-16,28,-28,8255,0,-3,1,0,19383,78,34,79,16,0,0,0,0,0,0,0,-32286,0,0,0,0,0,2674772,0
2674731,7714,-2260,860,-21,18,-21,8254,-1,0,0,0,19383,78,34,79,16,0,0,0,0,0,0,0,-32286,0,0,0,0,0,2674778,0
2674736,7678,-2258,882,-14,5,-21,8254,-6,6,1,0,19383,73,34,79,16,0,0,0,0,0,0,0,-32286,0,0,0,0,0,2674783,0
2674741,7704,-2260,894,-15,2,-24,8254,1,-2,1,0,19383,73,34,79,16,0,0,0,0,0,0,0,-32286,0,0,0,0,0,2674788,0
2674746,7720,-2252,906,-11,-3,-24,8254,0,1,1,0,19384,75,34,79,16,0,0,0,0,0,0,0,-32286,0,0,0,0,0,2674794,0
2674751,7750,-2266,908,-6,1,-20,8255,3,3,-1,0,19384,75,34,79,16,0,0,0,0,0,0,0,-32286,0,0,0,0,0,2674799,0
2674756,7740,-2246,946,2,9,-17,8255,-1,4,0,0,19387,77,34,79,16,0,0,0,0,0,0,0,-32286,0,0,0,0,0,2674804,0
2674761,7750,-2220,932,4,13,-14,8254,0,4,1,0,19387,77,34,79,16,0,0,0,0,0,0,0,-32286,0,0,0,0,0,2674809,0
2674766,7778,-2224,956,6,18,-13,8254,-2,0,0,0,19386,83,34,79,16,0,0,0,0,0,0,0,-32286,0,0,0,0,0,2674815,0
2674771,7796,-2218,924,8,20,-11,8256,3,-3,0,0,19386,83,34,79,16,0,0,0,0,0,0,0,-32285,0,0,0,0,0,2674820,0
2674776,7800,-2180,938,12,30,-16,8254,-4,5,0,0,19387,83,34,79,16,0,0,0,0,0,0,0,-32286,0,0,0,0,0,2674826,0
2674781,7778,-2172,898,13,36,-17,8256,0,1,0,0,19387,83,34,79,16,0,0,0,0,0,0,0,-32286,0,0,0,0,0,2674831,0
2674786,7802,-2168,898,16,36,-10,8254,-6,-5,0,0,19385,82,34,79,16,0,0,0,0,0,0,0,-32286,0,0,0,0,0,2674836,0
2674791,7762,-2172,888,9,41,-17,8255,-4,-4,0,0,19385,82,34,79,16,0,0,0,0,0,0,0,-32286,0,0,0,0,0,2674841,0
2674796,7760,-2164,882,9,31,-15,8255,0,-5,1,0,19386,85,34,79,16,0,0,0,0,0,0,0,-32286,0,0,0,0,0,2674847,0
2674801,7692,-2174,888,5,31,-18,8255,0,2,1,0,19386,85,34,79,16,0,0,0,0,0,0,0,-32286,0,0,0,0,0,2674852,0
2674806,7752,-2204,884,-2,27,-12,8254,-3,4,1,0,19385,84,34,79,16,0,0,0,0,0,0,0,-32286,0,0,0,0,0,2674857,0
2674811,7718,-2194,886,-2,15,-15,8254,0,0,0,0,19385,84,34,79,16,0,0,0,0,0,0,0,-32286,0,0,0,0,0,2674863,0
2674816,7744,-2242,888,-5,7,-9,8255,1,0,1,0,19385,89,34,79,16,0,0,0,0,0,0,0,-32286,0,0,0,0,0,2674868,0
2674821,7728,-2248,922,1,0,-16,8255,3,-1,0,0,19385,89,34,79,16,0,0,0,0,0,0,0,-32286,0,0,0,0,0,2674874,0
2674826,7754,-2240,912,7,-1,-12,8254,-3,2,0,0,19385,87,34,79,16,0,0,0,0,0,0,0,-32286,0,0,0,0,0,2674879,0
2674831,7762,-2248,928,14,-1,-9,8254,3,5,0,0,19385,87,34,79,16,0,0,0,0,0,0,0,-32285,0,0,0,0,0,2674885,0
2674836,7748,-2220,934,19,3,-11,8255,-2,-3,1,0,19384,82,34,79,16,0,0,0,0,0,0,0,-32286,0,0,0,0,0,2674890,0
2674841,7748,-2236,928,26,10,-15,8256,3,-2,1,0,19384,82,34,79,16,0,0,0,0,0,0,0,-32285,0,0,0,0,0,2674896,0
2674846,7768,-2220,932,27,10,-6,8254,-8,0,1,0,19382,80,34,79,16,0,0,0,0,0,0,0,-32286,0,0,0,0,0,2674901,0
2674851,7786,-2208,896,28,16,-11,8255,-3,2,0,0,19382,80,34,79,16,0,0,0,0,0,0,0,-32286,0,0,0,0,0,2674906,0
2674856,7826,-2182,902,26,20,-6,8255,-2,-3,2,0,19380,83,34,79,16,0,0,0,0,0,0,0,-32286,0,0,0,0,0,2674912,0
2674861,7808,-2156,888,27,31,-7,8254,-6,2,-1,0,19380,83,34,79,16,0,0,0,0,0,0,0,-32286,0,0,0,0,0,2674917,0
2674866,7816,-2182,896,26,23,-5,8255,3,0,1,0,19377,83,34,79,16,0,0,0,0,0,0,0,-32286,0,0,0,0,0,2674923,0
2674871,7816,-2206,878,20,26,-7,8255,-4,1,2,0,19377,83,34,79,16,0,0,0,0,0,0,0,-32286,0,0,0,0,0,2674928,0
2674876,7838,-2220,906,17,26,-13,8256,2,7,1,0,19374,82,34,79,16,0,0,0,0,0,0,0,-32286,0,0,0,0,0,2674934,0
2674881,7814,-2242,916,21,27,-9,8254,-3,-2,1,0,19374,82,34,79,16,0,0,0,0,0,0,0,-32286,0,0,0,0,0,2674939,0
2674886,7804,-2212,922,26,31,-7,8254,-5,-1,1,0,19375,85,34,79,16,0,0,0,0,0,0,0,-32285,0,0,0,0,0,2674944,0
2674891,7832,-2240,904,29,31,-9,8255,-4,0,2,0,19375,85,34,79,16,0,0,0,0,0,0,0,-32286,0,0,0,0,0,2674950,0
2674896,7804,-2268,914,32,31,-7,8255,-2,0,1,0,19376,86,34,79,16,0,0,0,0,0,0,0,-32286,0,0,0,0,0,2674955,0
2674901,7822,-2250,944,32,32,-1,8254,-4,-2,0,0,19376,86,34,79,16,0,0,0,0,0,0,0,-32286,0,0,0,0,0,2674961,0
2674906,7790,-2282,922,35,25,1,8254,-14,-2,2,0,19376,85,34,79,16,0,0,0,0,0,0,0,-32285,0,0,0,0,0,2674966,0
2674911,7776,-2290,910,38,28,0,8254,-7,-3,0,0,19376,85,34,79,16,0,0,0,0,0,0,0,-32286,0,0,0,0,0,2674971,0
2674916,7738,-2300,910,43,21,7,8256,0,-2,0,0,19379,83,34,79,16,0,0,0,0,0,0,0,-32285,0,0,0,0,0,2674976,0
2674921,7700,-2276,902,50,15,13,8255,2,2,1,0,19379,83,34,79,16,0,0,0,0,0,0,0,-32286,0,0,0,0,0,2674982,0
2674926,7706,-2284,926,44,12,12,8254,0,-3,0,0,19382,83,34,79,16,0,0,0,0,0,0,0,-32286,0,0,0,0,0,2674987,0
2674931,7738,-2292,942,51,12,15,8254,-5,3,1,0,19382,83,34,79,16,0,0,0,0,0,0,0,-32286,0,0,0,0,0,2674993,0
2674936,7726,-2240,946,53,2,19,8255,-6,0,1,0,19384,79,34,79,16,0,0,0,0,0,0,0,-32286,0,0,0,0,0,2674998,0
2674941,7736,-2282,968,61,2,26,8255,3,0,0,0,19384,79,34,79,16,0,0,0,0,0,0,0,-32286,0,0,0,0,0,2675004,0
2674946,7756,-2290,972,64,6,23,8255,1,-2,1,0,19385,79,34,79,16,0,0,0,0,0,0,0,-32286,0,0,0,0,0,2675009,0
2674951,7730,-2302,974,61,10,24,8254,-3,-2,1,0,19385,79,34,79,16,0,0,0,0,0,0,0,-32286,0,0,0,0,0,2675014,0
2674956,7766,-2252,936,76,11,28,8256,12,3,1,0,19384,80,34,79,16,0,0,0,0,0,0,0,-32286,0,0,0,0,0,2675019,0
2674961,7776,-2270,958,82,17,25,8255,1,-1,0,0,19384,80,34,79,16,0,0,0,0,0,0,0,-32286,0,0,0,0,0,2675024,0
2674966,7740,-2276,922,76,10,31,8254,-1,-1,4,0,19384,93,34,79,16,0,0,0,0,0,0,0,-32286,0,0,0,0,0,2675030,0
2674971,7728,-2248,902,80,14,34,8255,-1,3,2,0,19384,93,34,79,16,0,0,0,0,0,0,0,-32286,0,0,0,0,0,2675035,0
2674976,7726,-2202,914,79,2,34,8256,1,-1,1,0,19384,89,34,79,16,0,0,0,0,0,0,0,-32286,0,0,0,0,0,2675041,0
2674981,7732,-2254,894,82,-2,34,8255,-3,-6,0,0,19384,89,34,79,16,0,0,0,0,0,0,0,-32286,0,0,0,0,0,2675046,0
2674986,7738,-2232,902,82,-5,36,8254,-2,-4,0,0,19383,88,34,79,16,0,0,0,0,0,0,0,-32286,0,0,0,0,0,2675051,0
2674991,7718,-2240,872,78,-13,36,8255,-3,-1,2,0,19383,88,34,79,16,0,0,0,0,0,0,0,-32286,0,0,0,0,0,2675056,0
2674996,7766,-2204,884,85,-16,41,8255,-2,0,3,0,19384,92,34,79,16,0,0,0,0,0,0,0,-32286,0,0,0,0,0,2675062,0
2675001,7776,-2210,896,89,-15,40,8256,5,3,2,0,19384,92,34,79,16,0,0,0,0,0,0,0,-32286,0,0,0,0,0,2675067,0
2675006,7766,-2216,896,92,-15,41,8255,-2,-3,2,0,19381,81,34,79,16,0,0,0,0,0,0,0,-32286,0,0,0,0,0,2675073,0
2675011,7778,-2220,920,95,-15,42,8255,-3,-3,3,0,19381,81,34,79,16,0,0,0,0,0,0,0,-32286,0,0,0,0,0,2675078,0
2675016,7810,-2218,908,94,-10,44,8255,5,0,2,0,19381,70,34,79,16,0,0,0,0,0,0,0,-32286,0,0,0,0,0,2675083,0
2675021,7838,-2216,926,100,-12,45,8254,-10,0,2,0,19381,70,34,79,16,0,0,0,0,0,0,0,-32286,0,0,0,0,0,2675088,0
2675026,7822,-2206,908,92,-3,47,8254,0,2,1,0,19382,63,34,79,16,0,0,0,0,0,0,0,-32285,0,0,0,0,0,2675093,0
2675031,7828,-2188,908,100,-9,44,8256,2,-3,0,0,19382,63,34,79,16,0,0,0,0,0,0,0,-32286,0,0,0,0,0,2675099,0
2675036,7834,-2180,916,96,-7,47,8255,-4,2,1,0,19383,66,34,79,16,0,0,0,0,0,0,0,-32286,0,0,0,0,0,2675104,0
2675041,7836,-2180,904,101,-7,45,8255,1,-2,2,0,19383,66,34,79,16,0,0,0,0,0,0,0,-32286,0,0,0,0,0,2675110,0
2675046,7806,-2150,908,102,-10,46,8255,-1,-2,0,0,19385,78,34,79,16,0,0,0,0,0,0,0,-32286,0,0,0,0,0,2675115,0
2675051,7792,-2160,916,107,-1,42,8255,8,2,0,0,19385,78,34,79,16,0,0,0,0,0,0,0,-32286,0,0,0,0,0,2675120,0
2675056,7802,-2134,894,100,-5,41,8256,5,1,1,0,19385,78,34,79,16,0,0,0,0,0,0,0,-32286,0,0,0,0,0,2675125,0
2675061,7810,-2128,884,100,-2,40,8254,0,5,0,0,19385,78,34,79,16,0,0,0,0,0,0,0,-32286,0,0,0,0,0,2675131,0
2675066,7762,-2126,898,101,0,46,8253,-5,-1,1,0,19384,81,34,79,16,0,0,0,0,0,0,0,-32286,0,0,0,0,0,2675136,0
2675071,7748,-2156,896,100,1,42,8254,0,-4,2,0,19384,81,34,79,16,0,0,0,0,0,0,0,-32286,0,0,0,0,0,2675142,0
2675076,7756,-2172,914,101,-1,37,8255,0,0,0,0,19385,80,34,79,16,0,0,0,0,0,0,0,-32286,0,0,0,0,0,2675147,0
2675081,7772,-2178,936,99,0,44,8255,-3,1,0,0,19385,80,34,79,16,0,0,0,0,0,0,0,-32286,0,0,0,0,0,2675152,0
2675086,7760,-2166,924,102,-5,44,8255,2,2,1,0,19386,72,34,79,16,0,0,0,0,0,0,0,-32286,0,0,0,0,0,2675157,0
2675091,7786,-2152,944,100,0,40,8255,4,-3,0,0,19386,72,34,79,16,0,0,0,0,0,0,0,-32286,0,0,0,0,0,2675163,0
2675096,7802,-2178,920,110,-12,39,8255,1,-2,1,0,19387,72,34,79,16,0,0,0,0,0,0,0,-32286,0,0,0,0,0,2675168,0
2675101,7768,-2180,922,109,-1,41,8255,2,-4,1,0,19387,72,34,79,16,0,0,0,0,0,0,0,-32286,0,0,0,0,0,2675173,0
2675106,7768,-2128,894,113,-9,41,8256,2,-4,2,0,19385,74,34,79,16,0,0,0,0,0,0,0,-32286,0,0,0,0,0,2675179,0
2675111,7750,-2164,898,115,-11,40,8255,1,-1,1,0,19385,74,34,79,16,0,0,0,0,0,0,0,-32286,0,0,0,0,0,2675184,0
2675116,7778,-2144,882,105,-15,39,8255,-2,-2,0,0,19384,79,34,79,16,0,0,0,0,0,0,0,-32286,0,0,0,0,0,2675189,0
2675121,7764,-2128,888,105,-13,34,8255,-3,-2,2,0,19384,79,34,79,16,0,0,0,0,0,0,0,-32286,0,0,0,0,0,2675194,0
2675126,7784,-2156,876,109,-11,36,8255,-3,-4,0,0,19383,77,34,79,16,0,0,0,0,0,0,0,-32286,0,0,0,0,0,2675200,0
2675131,7790,-2144,904,109,-14,37,8255,3,1,0,0,19383,77,34,79,16,0,0,0,0,0,0,0,-32286,0,0,0,0,0,2675205,0
2675136,7826,-2102,904,104,-11,30,8255,2,-4,2,0,19384,80,34,79,16,0,0,0,0,0,0,0,-32286,0,0,0,0,0,2675211,0
2675141,7830,-2128,900,102,-7,29,8255,-1,2,1,0,19384,80,34,79,16,0,0,0,0,0,0,0,-32286,0,0,0,0,0,2675216,0
2675146,7810,-2134,928,104,-7,32,8254,-2,-2,1,0,19384,85,34,79,16,0,0,0,0,0,0,0,-32286,0,0,0,0,0,2675222,0
2675151,7866,-2106,934,102,-7,32,8255,-2,5,0,0,19384,85,34,79,16,0,0,0,0,0,0,0,-32286,0,0,0,0,0,2675226,0
2675156,7838,-2140,924,102,1,27,8256,5,-2,3,0,19383,88,34,79,16,0,0,0,0,0,0,0,-32286,0,0,0,0,0,2675232,0
2675161,7838,-2138,944,98,1,32,8255,0,0,3,0,19383,88,34,79,16,0,0,0,0,0,0,0,-32286,0,0,0,0,0,2675237,0
2675166,7836,-2098,916,98,0,31,8255,3,1,1,0,19382,81,34,79,16,0,0,0,0,0,0,0,-32286,0,0,0,0,0,2675242,0
2675171,7822,-2100,926,99,2,34,8255,-4,-1,1,0,19382,81,34,79,16,0,0,0,0,0,0,0,-32286,0,0,0,0,0,2675248,0
2675176,7796,-2100,902,103,-1,30,8255,-4,0,1,0,19382,77,34,79,16,0,0,0,0,0,0,0,-32286,0,0,0,0,0,2675253,0
2675181,7798,-2092,882,93,1,29,8256,6,-4,4,0,19382,77,34,79,16,0,0,0,0,0,0,0,-32286,0,0,0,0,0,2675259,0
2675186,7816,-2080,892,87,3,33,8254,-3,-1,3,0,19387,75,34,79,16,0,0,0,0,0,0,0,-32286,0,0,0,0,0,2675264,0
2675191,7794,-2100,882,90,-5,28,8254,-6,2,1,0,19387,75,34,79,16,0,0,0,0,0,0,0,-32286,0,0,0,0,0,2675269,0
2675196,7788,-2108,930,79,-2,31,8254,-4,-2,0,0,19387,74,34,79,16,0,0,0,0,0,0,0,-32286,0,0,0,0,0,2675274,0
2675201,7832,-2118,936,78,-3,38,8255,2,2,2,0,19387,74,34,79,16,0,0,0,0,0,0,0,-32286,0,0,0,0,0,2675280,0
2675206,7796,-2104,958,79,0,37,8256,7,1,1,0,19386,74,34,79,16,0,0,0,0,0,0,0,-32286,0,0,0,0,0,2675285,0
2675211,7802,-2096,964,80,5,34,8256,2,4,2,0,19386,74,34,79,16,0,0,0,0,0,0,0,-32286,0,0,0,0,0,2675291,0
2675216,7834,-2126,978,73,8,37,8254,-3,0,2,0,19383,77,34,79,16,0,0,0,0,0,0,0,-32286,0,0,0,0,0,2675296,0
2675221,7828,-2144,960,67,6,37,8254,-1,-2,1,0,19383,77,34,79,16,0,0,0,0,0,0,0,-32286,0,0,0,0,0,2675301,0
2675226,7838,-2122,970,61,15,36,8255,0,-3,1,0,19386,79,34,79,16,0,0,0,0,0,0,0,-32286,0,0,0,0,0,2675306,0
2675231,7840,-2180,966,60,16,46,8255,-1,1,1,0,19386,79,34,79,16,0,0,0,0,0,0,0,-32286,0,0,0,0,0,2675315,0
2675236,7866,-2164,944,61,16,48,8255,0,0,2,0,19389,76,34,79,16,0,0,0,0,0,0,0,-32286,0,0,0,0,0,2675320,0
2675241,7856,-2150,934,61,14,51,8256,4,-2,2,0,19389,76,34,79,16,0,0,0,0,0,0,0,-32287,0,0,0,0,0,2675325,0
2675246,7854,-2090,920,69,10,53,8255,1,5,1,0,19390,77,34,79,16,0,0,0,0,0,0,0,-32286,0,0,0,0,0,2675331,0
2675251,7846,-2130,914,62,16,52,8254,0,2,1,0,19390,77,34,79,16,0,0,0,0,0,0,0,-32286,0,0,0,0,0,2675336,0
2675256,7864,-2090,948,63,21,52,8256,7,1,2,0,19389,79,34,79,16,0,0,0,0,0,0,0,-32286,0,0,0,0,0,2675341,0
2675261,7864,-2088,924,56,19,49,8255,2,-1,2,0,19389,79,34,79,16,0,0,0,0,0,0,0,-32286,0,0,0,0,0,2675346,0
2675266,7870,-2092,924,59,27,51,8255,1,4,1,0,19387,93,34,79,16,0,0,0,0,0,0,0,-32286,0,0,0,0,0,2675352,0
2675271,7868,-2112,930,50,24,47,8256,4,0,1,0,19387,93,34,79,16,0,0,0,0,0,0,0,-32286,0,0,0,0,0,2675357,0
2675276,7844,-2104,912,48,37,42,8255,-1,0,1,0,19385,91,34,79,16,0,0,0,0,0,0,0,-32286,0,0,0,0,0,2675363,0
2675281,7850,-2148,902,46,39,44,8254,-1,-1,1,0,19385,91,34,79,16,0,0,0,0,0,0,0,-32286,0,0,0,0,0,2675368,0
2675286,7802,-2132,928,47,33,37,8256,5,-4,4,0,19386,85,34,79,16,0,0,0,0,0,0,0,-32286,0,0,0,0,0,2675373,0
2675291,7798,-2134,872,50,39,37,8255,0,2,2,0,19386,85,34,79,16,0,0,0,0,0,0,0,-32286,0,0,0,0,0,2675378,0
2675296,7806,-2166,874,52,39,33,8255,5,4,2,0,19385,85,34,79,16,0,0,0,0,0,0,0,-32286,0,0,0,0,0,2675384,0
2675301,7766,-2158,908,44,38,35,8256,1,1,2,0,19385,85,34,79,16,0,0,0,0,0,0,0,-32286,0,0,0,0,0,2675389,0
2675306,7788,-2124,862,45,40,30,8255,2,-2,1,0,19386,86,34,79,16,0,0,0,0,0,0,0,-32286,0,0,0,0,0,2675394,0
2675311,7750,-2168,894,45,45,30,8256,-1,-4,1,0,19386,86,34,79,16,0,0,0,0,0,0,0,-32286,0,0,0,0,0,2675400,0
2675316,7758,-2154,908,40,41,25,8254,-3,-3,2,0,19385,85,34,79,16,0,0,0,0,0,0,0,-32286,0,0,0,0,0,2675405,0
2675321,7762,-2138,906,38,44,29,8254,1,-1,1,0,19385,85,34,79,16,0,0,0,0,0,0,0,-32286,0,0,0,0,0,2675410,0
2675326,7792,-2138,912,39,48,24,8255,-3,2,2,0,19382,85,34,79,16,0,0,0,0,0,0,0,-32286,0,0,0,0,0,2675415,0
2675331,7788,-2170,928,35,50,25,8255,0,1,1,0,19382,85,34,79,16,0,0,0,0,0,0,0,-32286,0,0,0,0,0,2675421,0
2675336,7824,-2150,956,32,55,19,8255,1,2,1,0,19380,79,34,79,16,0,0,0,0,0,0,0,-32286,0,0,0,0,0,2675426,0
2675341,7824,-2166,936,18,54,10,8256,1,0,1,0,19380,79,34,79,16,0,0,0,0,0,0,0,-32286,0,0,0,0,0,2675433,0
2675346,7864,-2184,930,20,55,6,8255,3,4,1,0,19379,76,34,79,16,0,0,0,0,0,0,0,-32286,0,0,0,0,0,2675438,0
2675351,7834,-2166,952,13,46,0,8254,-2,0,1,0,19379,76,34,79,16,0,0,0,0,0,0,0,-32286,0,0,0,0,0,2675444,0
2675356,7752,-2172,960,3,35,-9,8255,1,-2,2,0,19376,71,34,79,16,0,0,0,0,0,0,0,-32286,0,0,0,0,0,2675448,0
2675361,7788,-2254,914,2,47,-21,8255,1,-3,1,0,19376,71,34,79,16,0,0,0,0,0,0,0,-32286,0,0,0,0,0,2675453,0
2675366,7756,-2284,942,21,49,-24,8254,-9,5,0,0,19375,83,34,79,16,0,0,0,0,0,0,0,-32286,0,0,0,0,0,2675460,0
2675371,7752,-2300,908,53,49,-36,8254,-6,-1,2,0,19375,83,34,79,16,0,0,0,0,0,0,0,-32286,0,0,0,0,0,2675465,0
2675376,7698,-2336,888,77,45,-46,8255,1,-2,1,0,19374,84,34,79,16,0,0,0,0,0,0,0,-32286,0,0,0,0,0,2675471,0
2675381,7692,-2282,910,84,42,-44,8254,-4,2,3,0,19374,84,34,79,16,0,0,0,0,0,0,0,-32285,0,0,0,0,0,2675476,0
2675386,7618,-2254,916,75,41,-37,8255,-1,2,3,0,19376,77,34,79,16,0,0,0,0,0,0,0,-32286,0,0,0,0,0,2675482,0
2675391,7628,-2258,872,72,46,-31,8255,-1,4,-1,0,19376,77,34,79,16,0,0,0,0,0,0,0,-32286,0,0,0,0,0,2675487,0
2675396,7642,-2160,874,64,50,-14,8255,-1,3,1,0,19377,65,34,79,16,0,0,0,0,0,0,0,-32286,0,0,0,0,0,2675493,0
2675401,7636,-2110,870,53,39,-9,8255,7,2,1,0,19377,65,34,79,16,0,0,0,0,0,0,0,-32286,0,0,0,0,0,2675498,0
2675406,7682,-2102,890,54,42,-14,8255,0,1,2,0,19379,69,34,79,16,0,0,0,0,0,0,0,-32286,0,0,0,0,0,2675504,0
2675411,7670,-2080,914,47,30,-9,8255,1,1,2,0,19379,69,34,79,16,0,0,0,0,0,0,0,-32286,0,0,0,0,0,2675506,0
2675416,7694,-2008,948,23,30,-7,8254,1,1,0,0,19375,77,34,79,16,0,0,0,0,0,0,0,-32286,0,0,0,0,0,2675511,0
2675421,7686,-2022,970,2,29,-10,8255,2,0,2,0,19375,77,34,79,16,0,0,0,0,0,0,0,-32286,0,0,0,0,0,2675517,0
2675426,7670,-2062,976,-12,35,-10,8254,0,-2,0,0,19370,82,34,79,16,0,0,0,0,0,0,0,-32285,0,0,0,0,0,2675522,0
2675431,7692,-2076,1002,-16,32,-9,8256,9,2,0,0,19370,82,34,79,16,0,0,0,0,0,0,0,-32286,0,0,0,0,0,2675527,0
2675436,7648,-2186,1030,-13,27,-7,8254,0,-1,2,0,19366,89,34,79,16,0,0,0,0,0,0,0,-32286,0,0,0,0,0,2675534,0
2675441,7708,-2260,1024,-6,21,-9,8254,-5,-2,1,0,19366,89,34,79,16,0,0,0,0,0,0,0,-32286,0,0,0,0,0,2675539,0
2675446,7676,-2208,1010,-3,21,-8,8254,-7,-2,2,0,19371,92,34,79,16,0,0,0,0,0,0,0,-32286,0,0,0,0,0,2675545,0
2675451,7678,-2242,1024,2,20,-7,8254,-3,2,1,0,19371,92,34,79,16,0,0,0,0,0,0,0,-32286,0,0,0,0,0,2675550,0
2675456,7664,-2214,1012,-16,9,2,8255,0,0,1,0,19375,94,34,79,16,0,0,0,0,0,0,0,-32286,0,0,0,0,0,2675556,0
2675461,7710,-2188,1016,-16,10,7,8255,6,2,1,0,19375,94,34,79,16,0,0,0,0,0,0,0,-32286,0,0,0,0,0,2675561,0
2675466,7694,-2184,1010,-21,-2,7,8254,-1,-1,0,0,19376,92,34,79,16,0,0,0,0,0,0,0,-32286,0,0,0,0,0,2675567,0
2675471,7770,-2190,1000,-28,-2,5,8255,-5,1,0,0,19376,92,34,79,16,0,0,0,0,0,0,0,-32286,0,0,0,0,0,2675572,0
2675476,7790,-2140,1020,-30,-8,11,8255,3,-1,0,0,19377,85,34,79,16,0,0,0,0,0,0,0,-32286,0,0,0,0,0,2675578,0
2675481,7814,-2114,1010,-39,-9,5,8256,0,2,0,0,19377,85,34,79,16,0,0,0,0,0,0,0,-32286,0,0,0,0,0,2675583,0
2675486,7862,-2114,1028,-35,-7,-1,8255,2,-2,0,0,19378,79,34,79,16,0,0,0,0,0,0,0,-32286,0,0,0,0,0,2675588,0
2675491,7844,-2086,1040,-50,-7,-5,8255,-6,-1,1,0,19378,79,34,79,16,0,0,0,0,0,0,0,-32286,0,0,0,0,0,2675594,0
2675496,7868,-2090,1052,-60,-2,-5,8254,-3,-2,0,0,19378,77,34,79,16,0,0,0,0,0,0,0,-32286,0,0,0,0,0,2675599,0
2675501,7838,-2116,1040,-71,0,-7,8255,0,-2,1,0,19378,77,34,79,16,0,0,0,0,0,0,0,-32286,0,0,0,0,0,2675605,0
2675506,7834,-2106,1048,-69,0,-5,8255,5,-1,2,0,19382,81,34,79,16,0,0,0,0,0,0,0,-32286,0,0,0,0,0,2675610,0
2675511,7828,-2130,1032,-80,3,-7,8256,2,-1,1,0,19382,81,34,79,16,0,0,0,0,0,0,0,-32286,0,0,0,0,0,2675616,0
2675516,7756,-2190,1040,-79,-1,-5,8255,-5,0,1,0,19382,82,34,79,16,0,0,0,0,0,0,0,-32286,0,0,0,0,0,2675621,0
2675521,7752,-2210,1050,-80,-3,-3,8255,1,-2,2,0,19382,82,34,79,16,0,0,0,0,0,0,0,-32286,0,0,0,0,0,2675627,0
2675526,7732,-2246,1078,-83,-3,-1,8255,2,0,2,0,19385,79,34,79,16,0,0,0,0,0,0,0,-32286,0,0,0,0,0,2675632,0
2675531,7754,-2276,1082,-78,-7,-3,8255,0,-4,0,0,19385,79,34,79,16,0,0,0,0,0,0,0,-32286,0,0,0,0,0,2675637,0
2675536,7734,-2334,1104,-58,-11,7,8254,-5,-1,1,0,19384,75,34,79,16,0,0,0,0,0,0,0,-32286,0,0,0,0,0,2675643,0
2675541,7752,-2350,1094,-55,-10,7,8255,0,1,1,0,19384,75,34,79,16,0,0,0,0,0,0,0,-32286,0,0,0,0,0,2675648,0
2675546,7742,-2370,1096,-43,-15,9,8254,0,1,1,0,19383,74,34,79,16,0,0,0,0,0,0,0,-32286,0,0,0,0,0,2675653,0
2675551,7744,-2376,1116,-42,-12,9,8255,1,3,1,0,19383,74,34,79,16,0,0,0,0,0,0,0,-32286,0,0,0,0,0,2675658,0
2675556,7716,-2378,1090,-28,-19,10,8255,-1,1,0,0,19384,77,34,79,16,0,0,0,0,0,0,0,-32286,0,0,0,0,0,2675664,0
2675561,7744,-2408,1068,-19,-19,10,8255,0,3,0,0,19384,77,34,79,16,0,0,0,0,0,0,0,-32285,0,0,0,0,0,2675669,0
2675566,7728,-2392,1090,-14,-26,12,8256,4,3,0,0,19384,80,34,79,16,0,0,0,0,0,0,0,-32286,0,0,0,0,0,2675675,0
2675571,7760,-2400,1086,-3,-26,17,8256,3,0,1,0,19384,80,34,79,16,0,0,0,0,0,0,0,-32286,0,0,0,0,0,2675680,0
2675576,7732,-2358,1092,11,-24,23,8254,2,-3,2,0,19385,84,34,79,16,0,0,0,0,0,0,0,-32285,0,0,0,0,0,2675685,0
2675581,7708,-2362,1096,15,-23,23,8254,-3,-1,1,0,19385,84,34,79,16,0,0,0,0,0,0,0,-32286,0,0,0,0,0,2675690,0
2675586,7736,-2358,1064,19,-30,25,8255,1,-3,1,0,19386,83,34,79,16,0,0,0,0,0,0,0,-32286,0,0,0,0,0,2675696,0
2675591,7746,-2364,1062,26,-27,26,8256,1,1,1,0,19386,83,34,79,16,0,0,0,0,0,0,0,-32286,0,0,0,0,0,2675701,0
2675596,7710,-2384,1074,37,-30,30,8255,-1,-2,0,0,19385,86,34,79,16,0,0,0,0,0,0,0,-32286,0,0,0,0,0,2675706,0
2675601,7720,-2376,1076,48,-34,34,8256,8,-6,0,0,19385,86,34,79,16,0,0,0,0,0,0,0,-32286,0,0,0,0,0,2675712,0
2675606,7716,-2374,1074,57,-34,29,8255,0,0,1,0,19388,86,34,79,16,0,0,0,0,0,0,0,-32286,0,0,0,0,0,2675717,0
2675611,7712,-2394,1086,62,-27,35,8255,2,1,2,0,19388,86,34,79,16,0,0,0,0,0,0,0,-32286,0,0,0,0,0,2675722,0
2675616,7748,-2388,1052,77,-21,33,8254,0,0,0,0,19391,83,34,79,16,0,0,0,0,0,0,0,-32286,0,0,0,0,0,2675727,0
2675621,7742,-2390,1032,81,-30,34,8255,-5,-1,2,0,19391,83,34,79,16,0,0,0,0,0,0,0,-32286,0,0,0,0,0,2675733,0
2675626,7754,-2412,1038,86,-36,36,8255,-4,-3,-1,0,19397,90,34,79,16,0,0,0,0,0,0,0,-32286,0,0,0,0,0,2675738,0
2675631,7764,-2388,1026,94,-43,35,8256,6,4,0,0,19397,90,34,79,16,0,0,0,0,0,0,0,-32286,0,0,0,0,0,2675744,0
2675636,7724,-2418,1012,111,-49,32,8255,-2,-2,1,0,19398,90,34,79,16,0,0,0,0,0,0,0,-32286,0,0,0,0,0,2675749,0
2675641,7736,-2394,980,122,-60,40,8256,6,0,0,0,19398,90,34,79,16,0,0,0,0,0,0,0,-32286,0,0,0,0,0,2675755,0
2675646,7710,-2384,988,135,-58,35,8255,-1,1,2,0,19394,77,34,79,16,0,0,0,0,0,0,0,-32286,0,0,0,0,0,2675760,0
2675651,7716,-2378,976,144,-65,33,8254,-4,1,0,0,19394,77,34,79,16,0,0,0,0,0,0,0,-32286,0,0,0,0,0,2675765,0
2675656,7724,-2328,976,149,-72,35,8255,-3,-4,0,0,19389,72,34,79,16,0,0,0,0,0,0,0,-32286,0,0,0,0,0,2675770,0
2675661,7770,-2332,968,160,-67,32,8254,0,-2,1,0,19389,72,34,79,16,0,0,0,0,0,0,0,-32286,0,0,0,0,0,2675775,0
2675666,7732,-2338,968,158,-69,27,8255,1,1,1,0,19386,70,34,79,16,0,0,0,0,0,0,0,-32286,0,0,0,0,0,2675781,0
2675671,7764,-2318,1000,167,-69,28,8255,0,-1,1,0,19386,70,34,79,16,0,0,0,0,0,0,0,-32286,0,0,0,0,0,2675786,0
2675676,7766,-2300,984,173,-63,20,8255,-2,0,0,0,19387,77,34,79,16,0,0,0,0,0,0,0,-32286,0,0,0,0,0,2675792,0
2675681,7788,-2298,972,177,-54,19,8256,0,-2,0,0,19387,77,34,79,16,0,0,0,0,0,0,0,-32286,0,0,0,0,0,2675797,0
2675686,7764,-2290,976,181,-57,18,8255,-3,-3,1,0,19387,78,34,79,16,0,0,0,0,0,0,0,-32286,0,0,0,0,0,2675802,0
2675691,7794,-2278,976,186,-52,17,8255,-2,0,1,0,19387,78,34,79,16,0,0,0,0,0,0,0,-32286,0,0,0,0,0,2675807,0
2675696,7836,-2246,940,187,-42,20,8254,1,-2,0,0,19387,85,34,79,16,0,0,0,0,0,0,0,-32286,0,0,0,0,0,2675813,0
2675701,7834,-2232,966,189,-37,17,8255,0,-2,0,0,19387,85,34,79,16,0,0,0,0,0,0,0,-32286,0,0,0,0,0,2675818,0
2675706,7806,-2184,910,190,-41,21,8255,4,1,0,0,19388,89,34,79,16,0,0,0,0,0,0,0,-32286,0,0,0,0,0,2675824,0
2675711,7810,-2162,918,189,-46,21,8254,-1,6,1,0,19388,89,34,79,16,0,0,0,0,0,0,0,-32286,0,0,0,0,0,2675829,0
2675716,7770,-2098,862,180,-41,18,8255,-1,0,2,0,19385,83,34,79,16,0,0,0,0,0,0,0,-32286,0,0,0,0,0,2675834,0
2675721,7770,-2100,868,179,-39,19,8255,0,-4,4,0,19385,83,34,79,16,0,0,0,0,0,0,0,-32286,0,0,0,0,0,2675839,0
2675726,7770,-2078,862,172,-41,16,8255,0,3,1,0,19385,87,34,79,16,0,0,0,0,0,0,0,-32286,0,0,0,0,0,2675845,0
2675731,7758,-2078,872,170,-49,18,8254,0,2,0,0,19385,87,34,79,16,0,0,0,0,0,0,0,-32286,0,0,0,0,0,2675850,0
2675736,7746,-2042,876,159,-41,15,8254,-3,0,1,0,19386,78,34,79,16,0,0,0,0,0,0,0,-32286,0,0,0,0,0,2675855,0
2675741,7774,-2054,876,157,-46,8,8255,0,3,2,0,19386,78,34,79,16,0,0,0,0,0,0,0,-32286,0,0,0,0,0,2675861,0
2675746,7776,-2014,898,151,-35,3,8255,5,7,0,0,19387,81,34,79,16,0,0,0,0,0,0,0,-32286,0,0,0,0,0,2675866,0
2675751,7776,-2022,906,146,-31,5,8255,2,4,0,0,19387,81,34,79,16,0,0,0,0,0,0,0,-32286,0,0,0,0,0,2675871,0
2675756,7810,-2048,906,135,-27,-2,8254,4,-1,2,0,19384,79,34,79,16,0,0,0,0,0,0,0,-32286,0,0,0,0,0,2675876,0
2675761,7830,-2040,924,130,-25,7,8254,-6,2,0,0,19384,79,34,79,16,0,0,0,0,0,0,0,-32286,0,0,0,0,0,2675882,0
2675766,7840,-2026,890,123,-24,2,8254,2,0,1,0,19382,83,34,79,16,0,0,0,0,0,0,0,-32286,0,0,0,0,0,2675887,0
2675771,7814,-2024,898,119,-14,7,8255,0,2,0,0,19382,83,34,79,16,0,0,0,0,0,0,0,-32286,0,0,0,0,0,2675893,0
2675776,7848,-2000,852,110,-16,6,8255,-3,2,0,0,19381,85,34,79,16,0,0,0,0,0,0,0,-32286,0,0,0,0,0,2675898,0
2675781,7800,-1990,824,99,-12,12,8255,-5,0,1,0,19381,85,34,79,16,0,0,0,0,0,0,0,-32286,0,0,0,0,0,2675903,0
2675786,7822,-1990,810,88,-23,13,8254,-6,-4,1,0,19383,85,34,79,16,0,0,0,0,0,0,0,-32286,0,0,0,0,0,2675908,0
2675791,7810,-1960,780,79,-20,21,8255,1,1,3,0,19383,85,34,79,16,0,0,0,0,0,0,0,-32286,0,0,0,0,0,2675914,0
2675796,7810,-1984,816,57,-34,23,8254,-9,3,0,0,19384,86,34,79,16,0,0,0,0,0,0,0,-32286,0,0,0,0,0,2675919,0
2675801,7844,-1996,796,52,-28,24,8255,1,4,0,0,19384,86,34,79,16,0,0,0,0,0,0,0,-32286,0,0,0,0,0,2675925,0
2675806,7822,-2000,802,39,-29,26,8254,3,2,2,0,19384,86,34,79,16,0,0,0,0,0,0,0,-32286,0,0,0,0,0,2675930,0
2675811,7802,-2036,816,42,-23,23,8256,0,3,2,0,19384,86,34,79,16,0,0,0,0,0,0,0,-32286,0,0,0,0,0,2675935,0
2675816,7806,-2024,836,33,-15,28,8255,0,1,1,0,19384,84,34,79,16,0,0,0,0,0,0,0,-32286,0,0,0,0,0,2675941,0
2675821,7838,-2040,848,31,-5,29,8254,-4,5,0,0,19384,84,34,79,16,0,0,0,0,0,0,0,-32286,0,0,0,0,0,2675946,0
2675826,7838,-2044,864,26,-4,27,8256,1,-2,-1,0,19387,82,34,79,16,0,0,0,0,0,0,0,-32286,0,0,0,0,0,2675952,0
2675831,7836,-2058,858,31,1,28,8255,5,-3,0,0,19387,82,34,79,16,0,0,0,0,0,0,0,-32286,0,0,0,0,0,2675957,0
2675836,7828,-2042,840,17,6,26,8255,1,2,2,0,19386,74,34,79,16,0,0,0,0,0,0,0,-32286,0,0,0,0,0,2675963,0
2675841,7846,-2062,834,17,5,24,8256,0,-3,1,0,19386,74,34,79,16,0,0,0,0,0,0,0,-32286,0,0,0,0,0,2675968,0
2675846,7842,-2058,826,12,14,22,8255,-1,-2,0,0,19385,78,34,79,16,0,0,0,0,0,0,0,-32286,0,0,0,0,0,2675973,0
2675851,7822,-2064,830,11,13,23,8256,3,-2,0,0,19385,78,34,79,16,0,0,0,0,0,0,0,-32286,0,0,0,0,0,2675978,0
2675856,7806,-2084,796,-3,14,18,8256,1,-5,0,0,19382,82,34,79,16,0,0,0,0,0,0,0,-32286,0,0,0,0,0,2675984,0
2675861,7790,-2052,810,-14,13,21,8255,-7,-5,0,0,19382,82,34,79,16,0,0,0,0,0,0,0,-32286,0,0,0,0,0,2675989,0
2675866,7764,-2068,808,-14,17,19,8254,-2,-2,0,0,19383,80,34,79,16,0,0,0,0,0,0,0,-32286,0,0,0,0,0,2675994,0
2675871,7822,-2046,780,-23,18,23,8255,0,-2,0,0,19383,80,34,79,16,0,0,0,0,0,0,0,-32286,0,0,0,0,0,2676000,0
2675876,7762,-2088,804,-33,7,21,8255,0,1,0,0,19384,78,34,79,16,0,0,0,0,0,0,0,-32286,0,0,0,0,0,2676005,0
2675881,7754,-2128,798,-37,5,24,8256,-3,5,0,0,19384,78,34,79,16,0,0,0,0,0,0,0,-32286,0,0,0,0,0,2676010,0
2675886,7766,-2142,810,-38,3,22,8255,-2,4,0,0,19385,72,34,79,16,0,0,0,0,0,0,0,-32286,0,0,0,0,0,2676015,0
2675891,7736,-2148,820,-37,-2,20,8255,1,-5,2,0,19385,72,34,79,16,0,0,0,0,0,0,0,-32286,0,0,0,0,0,2676021,0
2675896,7746,-2156,814,-38,-12,23,8255,-2,2,0,0,19385,73,34,79,16,0,0,0,0,0,0,0,-32286,0,0,0,0,0,2676026,0
2675901,7736,-2144,828,-37,-3,26,8255,-2,-2,0,0,19385,73,34,79,16,0,0,0,0,0,0,0,-32286,0,0,0,0,0,2676032,0
2675906,7746,-2150,860,-37,-4,27,8256,4,3,0,0,19383,76,34,79,16,0,0,0,0,0,0,0,-32286,0,0,0,0,0,2676037,0
2675911,7764,-2148,842,-37,-10,31,8256,5,3,1,0,19383,76,34,79,16,0,0,0,0,0,0,0,-32286,0,0,0,0,0,2676043,0
2675916,7764,-2148,880,-39,7,28,8255,-1,-2,0,0,19378,86,34,79,16,0,0,0,0,0,0,0,-32286,0,0,0,0,0,2676048,0
2675921,7796,-2146,876,-39,14,32,8254,-2,0,2,0,19378,86,34,79,16,0,0,0,0,0,0,0,-32286,0,0,0,0,0,2676053,0
2675926,7804,-2170,886,-45,18,25,8255,5,-4,2,0,19378,88,34,79,16,0,0,0,0,0,0,0,-32286,0,0,0,0,0,2676059,0
2675931,7792,-2194,904,-39,28,30,8255,4,2,2,0,19378,88,34,79,16,0,0,0,0,0,0,0,-32286,0,0,0,0,0,2676064,0
2675936,7800,-2146,862,-39,35,27,8256,6,6,1,0,19382,88,34,79,16,0,0,0,0,0,0,0,-32286,0,0,0,0,0,2676070,0
2675941,7832,-2180,878,-36,36,29,8255,5,3,1,0,19382,88,34,79,16,0,0,0,0,0,0,0,-32286,0,0,0,0,0,2676075,0
2675946,7782,-2166,844,-37,40,31,8255,0,1,1,0,19386,85,34,79,16,0,0,0,0,0,0,0,-32286,0,0,0,0,0,2676080,0
2675951,7800,-2172,848,-34,37,27,8255,0,4,1,0,19386,85,34,79,16,0,0,0,0,0,0,0,-32285,0,0,0,0,0,2676085,0
2675956,7800,-2202,808,-36,30,27,8254,-7,-1,2,0,19387,88,34,79,16,0,0,0,0,0,0,0,-32286,0,0,0,0,0,2676091,0
2675961,7740,-2230,812,-38,25,25,8255,2,-2,0,0,19387,88,34,79,16,0,0,0,0,0,0,0,-32286,0,0,0,0,0,2676096,0
2675966,7746,-2240,802,-33,24,25,8255,0,2,0,0,19384,83,34,79,16,0,0,0,0,0,0,0,-32285,0,0,0,0,0,2676102,0
2675971,7734,-2252,792,-33,13,37,8254,-7,0,0,0,19384,83,34,79,16,0,0,0,0,0,0,0,-32286,0,0,0,0,0,2676107,0
2675976,7712,-2248,828,-27,0,33,8255,-6,-2,0,0,19383,86,34,79,16,0,0,0,0,0,0,0,-32286,0,0,0,0,0,2676112,0
2675981,7704,-2276,828,-21,-7,33,8255,4,2,0,0,19383,86,34,79,16,0,0,0,0,0,0,0,-32286,0,0,0,0,0,2676117,0
2675986,7700,-2292,846,-22,-15,31,8255,8,-4,1,0,19381,80,34,79,16,0,0,0,0,0,0,0,-32286,0,0,0,0,0,2676123,0
2675991,7714,-2270,878,-11,-17,33,8254,-5,0,2,0,19381,80,34,79,16,0,0,0,0,0,0,0,-32286,0,0,0,0,0,2676128,0
2675996,7720,-2262,872,-2,-14,38,8255,0,-2,0,0,19381,78,34,79,16,0,0,0,0,0,0,0,-32285,0,0,0,0,0,2676133,0
2676001,7764,-2270,888,5,-20,42,8254,-3,0,0,0,19381,78,34,79,16,0,0,0,0,0,0,0,-32285,0,0,0,0,0,2676139,0
2676006,7760,-2280,878,-1,-12,52,8255,0,-2,1,0,19381,77,34,79,16,0,0,0,0,0,0,0,-32286,0,0,0,0,0,2676144,0
2676011,7768,-2272,878,8,-14,53,8255,-3,-4,0,0,19381,77,34,79,16,0,0,0,0,0,0,0,-32286,0,0,0,0,0,2676150,0
2676016,7780,-2242,886,3,-5,61,8255,-1,2,1,0,19382,82,34,79,16,0,0,0,0,0,0,0,-32286,0,0,0,0,0,2676155,0
2676021,7808,-2240,878,4,-2,72,8254,0,1,1,0,19382,82,34,79,16,0,0,0,0,0,0,0,-32286,0,0,0,0,0,2676160,0
2676026,7822,-2246,852,4,-2,73,8254,-5,0,0,0,19381,80,34,79,16,0,0,0,0,0,0,0,-32286,0,0,0,0,0,2676165,0
2676031,7812,-2210,866,5,-9,75,8255,-5,-2,0,0,19381,80,34,79,16,0,0,0,0,0,0,0,-32286,0,0,0,0,0,2676171,0
2676036,7812,-2194,862,3,-1,77,8254,-4,5,0,0,19383,85,34,79,16,0,0,0,0,0,0,0,-32286,0,0,0,0,0,2676176,0
2676041,7798,-2236,856,7,4,77,8255,-4,2,1,0,19383,85,34,79,16,0,0,0,0,0,0,0,-32285,0,0,0,0,0,2676183,0
2676046,7766,-2244,862,3,-1,77,8255,0,0,2,0,19387,78,34,79,16,0,0,0,0,0,0,0,-32285,0,0,0,0,0,2676191,0
2676051,7764,-2244,876,6,-6,79,8255,4,3,1,0,19387,78,34,79,16,0,0,0,0,0,0,0,-32286,0,0,0,0,0,2676196,0
2676056,7762,-2320,870,23,-13,87,8255,0,0,2,0,19385,75,34,79,16,0,0,0,0,0,0,0,-32286,0,0,0,0,0,2676201,0
2676061,7746,-2306,918,31,-15,90,8254,-5,1,1,0,19385,75,34,79,16,0,0,0,0,0,0,0,-32286,0,0,0,0,0,2676206,0
2676066,7746,-2322,882,37,-13,99,8256,5,3,0,0,19385,76,34,79,16,0,0,0,0,0,0,0,-32286,0,0,0,0,0,2676211,0
2676071,7766,-2316,874,42,-21,106,8255,0,0,1,0,19385,76,34,79,16,0,0,0,0,0,0,0,-32285,0,0,0,0,0,2676216,0
2676076,7730,-2290,868,53,-29,121,8254,0,-1,2,0,19385,80,34,79,16,0,0,0,0,0,0,0,-32286,0,0,0,0,0,2676221,0
2676081,7758,-2250,868,49,-38,136,8254,-1,0,2,0,19385,80,34,79,16,0,0,0,0,0,0,0,-32285,0,0,0,0,0,2676226,0
2676086,7752,-2224,848,48,-45,140,8253,-7,1,1,0,19388,84,34,79,16,0,0,0,0,0,0,0,-32286,0,0,0,0,0,2676231,0
2676091,7736,-2182,884,51,-51,151,8255,-2,0,1,0,19388,84,34,79,16,0,0,0,0,0,0,0,-32286,0,0,0,0,0,2676236,0
2676096,7792,-2126,912,51,-60,156,8255,3,3,2,0,19389,88,34,79,16,0,0,0,0,0,0,0,-32286,0,0,0,0,0,2676241,0
2676101,7834,-2110,918,54,-59,158,8255,3,3,2,0,19389,88,34,79,16,0,0,0,0,0,0,0,-32286,0,0,0,0,0,2676246,0
2676106,7854,-2094,902,45,-55,160,8254,-6,-1,0,0,19387,95,34,79,16,0,0,0,0,0,0,0,-32286,0,0,0,0,0,2676251,0
2676111,7910,-2052,920,52,-48,158,8254,-4,0,1,0,19387,95,34,79,16,0,0,0,0,0,0,0,-32286,0,0,0,0,0,2676256,0
2676116,7950,-2012,930,45,-33,164,8256,-3,1,2,0,19385,97,34,79,16,0,0,0,0,0,0,0,-32286,0,0,0,0,0,2676261,0
2676121,7950,-1988,946,37,-32,161,8255,5,1,2,0,19385,97,34,79,16,0,0,0,0,0,0,0,-32286,0,0,0,0,0,2676266,0
2676126,7974,-1974,932,20,-12,163,8254,-3,2,1,0,19383,93,34,79,16,0,0,0,0,0,0,0,-32286,0,0,0,0,0,2676271,0
2676131,7984,-2002,912,16,-4,153,8254,-4,-3,1,0,19383,93,34,79,16,0,0,0,0,0,0,0,-32286,0,0,0,0,0,2676276,0
2676136,7926,-1998,934,-3,9,145,8255,-1,0,1,0,19381,85,34,79,16,0,0,0,0,0,0,0,-32286,0,0,0,0,0,2676281,0
2676141,7906,-1990,898,-13,21,138,8255,1,3,0,0,19381,85,34,79,16,0,0,0,0,0,0,0,-32286,0,0,0,0,0,2676286,0
2676146,7886,-2032,894,-18,29,134,8255,4,0,1,0,19385,76,34,79,16,0,0,0,0,0,0,0,-32286,0,0,0,0,0,2676291,0
2676151,7844,-2084,880,-32,26,126,8255,1,-1,1,0,19385,76,34,79,16,0,0,0,0,0,0,0,-32286,0,0,0,0,0,2676296,0
2676156,7786,-2190,858,-28,29,119,8255,0,2,2,0,19385,83,34,79,16,0,0,0,0,0,0,0,-32286,0,0,0,0,0,2676301,0
2676161,7760,-2204,868,-22,22,112,8256,0,1,1,0,19385,83,34,79,16,0,0,0,0,0,0,0,-32286,0,0,0,0,0,2676306,0
2676166,7764,-2212,866,-18,19,108,8253,-4,-2,0,0,19385,87,34,79,16,0,0,0,0,0,0,0,-32286,0,0,0,0,0,2676311,0
2676171,7750,-2222,870,-21,22,100,8256,3,0,1,0,19385,87,34,79,16,0,0,0,0,0,0,0,-32286,0,0,0,0,0,2676316,0
2676176,7728,-2256,918,-20,12,86,8255,2,1,0,0,19382,88,34,79,16,0,0,0,0,0,0,0,-32286,0,0,0,0,0,2676321,0
2676181,7722,-2268,932,-10,16,83,8255,1,8,1,0,19382,88,34,79,16,0,0,0,0,0,0,0,-32286,0,0,0,0,0,2676326,0
2676186,7706,-2272,962,-8,18,77,8252,-3,0,1,0,19380,85,34,79,16,0,0,0,0,0,0,0,-32286,0,0,0,0,0,2676331,0
2676191,7714,-2280,972,-6,23,76,8256,2,0,1,0,19380,85,34,79,16,0,0,0,0,0,0,0,-32286,0,0,0,0,0,2676336,0
2676196,7698,-2300,938,0,32,75,8255,0,1,1,0,19382,82,34,79,16,0,0,0,0,0,0,0,-32286,0,0,0,0,0,2676341,0
2676201,7742,-2316,948,4,34,79,8255,0,4,0,0,19382,82,34,79,16,0,0,0,0,0,0,0,-32286,0,0,0,0,0,2676346,0
2676206,7714,-2316,918,6,26,77,8255,3,1,0,0,19381,80,34,79,16,0,0,0,0,0,0,0,-32286,0,0,0,0,0,2676351,0
2676211,7710,-2318,916,8,29,79,8254,5,1,2,0,19381,80,34,79,16,0,0,0,0,0,0,0,-32286,0,0,0,0,0,2676356,0
2676216,7684,-2312,894,2,21,89,8255,-5,-1,1,0,19382,84,34,79,16,0,0,0,0,0,0,0,-32286,0,0,0,0,0,2676361,0
2676221,7678,-2318,878,-6,24,94,8255,-1,1,1,0,19382,84,34,79,16,0,0,0,0,0,0,0,-32286,0,0,0,0,0,2676366,0
2676226,7680,-2320,852,-12,23,95,8254,5,1,1,0,19383,91,34,79,16,0,0,0,0,0,0,0,-32286,0,0,0,0,0,2676371,0
2676231,7680,-2314,876,-10,15,92,8254,-1,0,0,0,19383,91,34,79,16,0,0,0,0,0,0,0,-32285,0,0,0,0,0,2676379,0
2676236,7662,-2344,854,-9,8,96,8254,-10,-2,1,0,19384,90,34,79,16,0,0,0,0,0,0,0,-32286,0,0,0,0,0,2676384,0
2676241,7692,-2318,846,-7,3,97,8255,-3,3,1,0,19384,90,34,79,16,0,0,0,0,0,0,0,-32287,0,0,0,0,0,2676389,0
2676246,7694,-2358,870,-6,-4,92,8255,4,1,3,0,19386,98,34,79,16,0,0,0,0,0,0,0,-32286,0,0,0,0,0,2676394,0
2676251,7676,-2342,858,-2,-12,94,8255,0,-2,0,0,19386,98,34,79,16,0,0,0,0,0,0,0,-32286,0,0,0,0,0,2676399,0
2676256,7682,-2288,890,9,-19,84,8254,1,0,1,0,19386,92,34,79,16,0,0,0,0,0,0,0,-32286,0,0,0,0,0,2676404,0
2676261,7728,-2264,898,16,-24,86,8254,-7,-1,1,0,19386,92,34,79,16,0,0,0,0,0,0,0,-32286,0,0,0,0,0,2676409,0
2676266,7746,-2256,888,2,-23,84,8255,1,1,1,0,19386,93,34,79,16,0,0,0,0,0,0,0,-32286,0,0,0,0,0,2676414,0
2676271,7764,-2276,890,-5,-19,72,8254,-4,2,1,0,19386,93,34,79,16,0,0,0,0,0,0,0,-32286,0,0,0,0,0,2676419,0
2676276,7774,-2304,954,10,-20,68,8254,3,4,1,0,19387,88,34,79,16,0,0,0,0,0,0,0,-32286,0,0,0,0,0,2676424,0
2676281,7748,-2256,956,13,-10,52,8254,0,-1,2,0,19387,88,34,79,16,0,0,0,0,0,0,0,-32286,0,0,0,0,0,2676429,0
2676286,7760,-2238,974,14,-9,48,8254,-3,-2,2,0,19384,81,34,79,16,0,0,0,0,0,0,0,-32286,0,0,0,0,0,2676434,0
2676291,7766,-2258,954,2,3,43,8255,2,-1,2,0,19384,81,34,79,16,0,0,0,0,0,0,0,-32286,0,0,0,0,0,2676439,0
2676296,7806,-2290,942,0,25,35,8254,1,0,2,0,19385,82,34,79,16,0,0,0,0,0,0,0,-32286,0,0,0,0,0,2676444,0
2676301,7812,-2350,924,4,23,33,8253,-1,-2,4,0,19385,82,34,79,16,0,0,0,0,0,0,0,-32286,0,0,0,0,0,2676449,0
2676306,7798,-2374,910,9,27,31,8252,-6,-1,5,0,19386,88,34,79,16,0,0,0,0,0,0,0,-32286,0,0,0,0,0,2676454,0
2676311,7802,-2360,942,8,25,33,8253,-1,-2,6,0,19386,88,34,79,16,0,0,0,0,0,0,0,-32286,0,0,0,0,0,2676459,0
2676316,7800,-2310,872,3,28,35,8254,1,-1,5,0,19384,81,34,79,16,0,0,0,0,0,0,0,-32285,0,0,0,0,0,2676464,0
2676321,7740,-2328,894,-2,26,30,8251,-3,-2,4,0,19384,81,34,79,16,0,0,0,0,0,0,0,-32286,0,0,0,0,0,2676469,0
2676326,7742,-2318,876,-2,27,34,8252,1,0,3,0,19383,74,34,79,16,0,0,0,0,0,0,0,-32286,0,0,0,0,0,2676474,0
2676331,7712,-2326,842,-7,24,35,8251,-5,-3,2,0,19383,74,34,79,16,0,0,0,0,0,0,0,-32286,0,0,0,0,0,2676479,0
2676336,7714,-2332,880,-9,11,39,8253,3,2,5,0,19385,77,34,79,16,0,0,0,0,0,0,0,-32286,0,0,0,0,0,2676484,0
2676341,7696,-2356,850,-11,18,39,8252,-2,3,5,0,19385,77,34,79,16,0,0,0,0,0,0,0,-32286,0,0,0,0,0,2676489,0
2676346,7746,-2350,866,-12,15,42,8251,0,2,5,0,19386,81,34,79,16,0,0,0,0,0,0,0,-32286,0,0,0,0,0,2676494,0
2676351,7694,-2366,902,-12,7,42,8252,2,-3,4,0,19386,81,34,79,16,0,0,0,0,0,0,0,-32286,0,0,0,0,0,2676499,0
2676356,7712,-2396,902,-9,2,51,8251,-2,-4,4,0,19387,97,34,79,16,0,0,0,0,0,0,0,-32286,0,0,0,0,0,2676504,0
2676361,7670,-2378,916,-8,2,54,8251,1,7,4,0,19387,97,34,79,16,0,0,0,0,0,0,0,-32286,0,0,0,0,0,2676509,0
2676366,7674,-2422,900,-5,0,51,8251,1,1,2,0,19386,100,34,79,16,0,0,0,0,0,0,0,-32286,0,0,0,0,0,2676514,0
2676371,7700,-2402,916,-10,0,58,8250,0,2,2,0,19386,100,34,79,16,0,0,0,0,0,0,0,-32286,0,0,0,0,0,2676519,0
2676376,7704,-2390,940,5,-2,60,8251,-1,-6,1,0,19386,102,34,79,16,0,0,0,0,0,0,0,-32286,0,0,0,0,0,2676524,0
2676381,7686,-2418,954,5,-7,57,8250,0,0,2,0,19386,102,34,79,16,0,0,0,0,0,0,0,-32285,0,0,0,0,0,2676529,0
2676386,7698,-2418,950,7,-9,58,8249,1,6,4,0,19387,97,34,79,16,0,0,0,0,0,0,0,-32286,0,0,0,0,0,2676534,0
2676391,7716,-2430,956,5,-9,55,8250,2,-3,5,0,19387,97,34,79,16,0,0,0,0,0,0,0,-32286,0,0,0,0,0,2676539,0
2676396,7724,-2466,970,18,-7,56,8249,0,-1,3,0,19387,79,34,79,16,0,0,0,0,0,0,0,-32286,0,0,0,0,0,2676544,0
2676401,7730,-2410,960,17,-9,56,8249,-5,2,3,0,19387,79,34,79,16,0,0,0,0,0,0,0,-32286,0,0,0,0,0,2676549,0
2676406,7718,-2436,932,24,-9,53,8249,0,0,3,0,19387,82,34,79,16,0,0,0,0,0,0,0,-32286,0,0,0,0,0,2676554,0
2676411,7744,-2450,942,23,-2,51,8250,0,-2,3,0,19387,82,34,79,16,0,0,0,0,0,0,0,-32286,0,0,0,0,0,2676559,0
2676416,7758,-2428,922,21,-6,46,8248,-2,2,3,0,19387,86,34,79,16,0,0,0,0,0,0,0,-32286,0,0,0,0,0,2676564,0
2676421,7744,-2434,904,20,-9,46,8249,3,2,4,0,19387,86,34,79,16,0,0,0,0,0,0,0,-32286,0,0,0,0,0,2676569,0
2676426,7766,-2434,896,18,-9,50,8249,-3,-2,3,0,19387,87,34,79,16,0,0,0,0,0,0,0,-32286,0,0,0,0,0,2676574,0
2676431,7742,-2448,898,17,-17,50,8248,0,4,2,0,19387,87,34,79,16,0,0,0,0,0,0,0,-32286,0,0,0,0,0,2676579,0
2676436,7740,-2450,940,10,-14,40,8247,-7,-2,4,0,19385,83,34,79,16,0,0,0,0,0,0,0,-32286,0,0,0,0,0,2676584,0
2676441,7732,-2480,934,11,-19,42,8248,-6,-3,4,0,19385,83,34,79,16,0,0,0,0,0,0,0,-32286,0,0,0,0,0,2676589,0
2676446,7696,-2508,978,15,-19,46,8246,-7,-1,5,0,19384,87,34,79,16,0,0,0,0,0,0,0,-32286,0,0,0,0,0,2676594,0
2676451,7706,-2512,954,29,-20,48,8247,-1,2,4,0,19384,87,34,79,16,0,0,0,0,0,0,0,-32286,0,0,0,0,0,2676599,0
2676456,7704,-2458,994,37,-21,53,8247,3,0,4,0,19383,88,34,79,16,0,0,0,0,0,0,0,-32286,0,0,0,0,0,2676604,0
2676461,7680,-2482,958,35,-25,51,8246,1,2,5,0,19383,88,34,79,16,0,0,0,0,0,0,0,-32286,0,0,0,0,0,2676609,0
2676466,7674,-2466,950,34,-22,64,8244,-9,2,5,0,19385,82,34,79,16,0,0,0,0,0,0,0,-32287,0,0,0,0,0,2676614,0
2676471,7734,-2494,936,42,-23,62,8245,-5,-5,7,0,19385,82,34,79,16,0,0,0,0,0,0,0,-32286,0,0,0,0,0,2676619,0
2676476,7726,-2486,930,47,-17,69,8245,9,2,7,0,19385,75,34,79,16,0,0,0,0,0,0,0,-32286,0,0,0,0,0,2676624,0
2676481,7744,-2464,914,51,-11,78,8243,0,2,10,0,19385,75,34,79,16,0,0,0,0,0,0,0,-32286,0,0,0,0,0,2676629,0
2676486,7732,-2420,938,44,-12,78,8242,-4,-7,12,0,19386,75,34,79,16,0,0,0,0,0,0,0,-32286,0,0,0,0,0,2676634,0
2676491,7726,-2432,922,45,-15,80,8240,-6,0,15,0,19386,75,34,79,16,0,0,0,0,0,0,0,-32286,0,0,0,0,0,2676639,0
2676496,7720,-2390,938,33,-8,88,8238,-13,0,19,0,19387,74,34,79,16,0,0,0,0,0,0,0,-32286,0,0,0,0,0,2676644,0
2676501,7722,-2406,940,28,-11,92,8236,-14,-12,25,0,19387,74,34,79,16,0,0,0,0,0,0,0,-32286,0,0,0,0,0,2676649,0
2676506,7714,-2396,962,10,-8,100,8232,-16,-6,34,0,19385,73,34,79,16,0,0,0,0,0,0,0,-32286,0,0,0,0,0,2676654,0
2676511,7718,-2444,954,-8,2,108,8226,-26,-14,49,0,19385,73,34,79,16,0,0,0,0,0,0,0,-32286,0,0,0,0,0,2676659,0
2676516,7630,-2540,970,-65,12,139,8215,-47,-25,77,0,19385,80,34,79,16,0,0,0,0,0,0,0,-32286,0,0,0,0,0,2676664,0
2676521,7614,-2520,990,-90,10,145,8201,-68,-40,108,0,19385,80,34,79,16,0,0,0,0,0,0,0,-32286,0,0,0,0,0,2676669,0
2676526,7678,-2466,1030,-72,9,129,8192,-37,-41,102,0,19387,85,34,79,16,0,0,0,0,0,0,0,-32286,0,0,0,0,0,2676674,0
2676531,7698,-2526,1038,13,-2,104,8187,-13,-10,51,0,19387,85,34,79,16,0,0,0,0,0,0,0,-32286,0,0,0,0,0,2676679,0
2676536,7750,-2540,1012,141,-46,83,8187,-6,27,7,0,19388,82,34,79,16,0,0,0,0,0,0,0,-32286,0,0,0,0,0,2676684,0
2676541,7772,-2374,970,114,-52,83,8187,4,44,0,0,19388,82,34,79,16,0,0,0,0,0,0,0,-32285,0,0,0,0,0,2676689,0
2676546,7806,-2296,940,70,-40,86,8188,4,50,1,0,19390,80,34,79,16,0,0,0,0,0,0,0,-32286,0,0,0,0,0,2676694,0
2676551,7808,-2302,938,37,-23,88,8188,7,22,0,0,19390,80,34,79,16,0,0,0,0,0,0,0,-32286,0,0,0,0,0,2676699,0
2676556,7798,-2406,918,37,-29,87,8188,2,7,0,0,19388,86,34,79,16,0,0,0,0,0,0,0,-32286,0,0,0,0,0,2676704,0
2676561,7770,-2412,904,51,-32,93,8187,0,0,0,0,19388,86,34,79,16,0,0,0,0,0,0,0,-32286,0,0,0,0,0,2676709,0
2676566,7700,-2350,936,44,-45,101,8187,0,-1,1,0,19386,84,34,79,16,0,0,0,0,0,0,0,-32286,0,0,0,0,0,2676714,0
2676571,7740,-2392,906,47,-43,103,8187,1,-3,1,0,19386,84,34,79,16,0,0,0,0,0,0,0,-32286,0,0,0,0,0,2676719,0
2676576,7682,-2346,862,43,-21,116,8187,1,-3,0,0,19386,86,34,79,16,0,0,0,0,0,0,0,-32285,0,0,0,0,0,2676724,0
2676581,7704,-2402,852,48,-15,121,8187,3,-3,1,0,19386,86,34,79,16,0,0,0,0,0,0,0,-32286,0,0,0,0,0,2676729,0
2676586,7706,-2402,828,48,-14,125,8186,-5,3,3,0,19386,82,34,79,16,0,0,0,0,0,0,0,-32286,0,0,0,0,0,2676734,0
2676591,7666,-2436,806,66,-6,142,8187,0,-2,5,0,19386,82,34,79,16,0,0,0,0,0,0,0,-32286,0,0,0,0,0,2676739,0
2676596,7664,-2400,794,63,-16,151,8186,-1,-3,7,0,19387,85,34,79,16,0,0,0,0,0,0,0,-32286,0,0,0,0,0,2676744,0
2676601,7714,-2452,742,58,-12,154,8185,2,3,8,0,19387,85,34,79,16,0,0,0,0,0,0,0,-32286,0,0,0,0,0,2676749,0
2676606,7650,-2506,740,52,-4,157,8184,-1,-10,11,0,19384,89,34,79,16,0,0,0,0,0,0,0,-32286,0,0,0,0,0,2676754,0
2676611,7744,-2524,702,77,-5,165,8182,-6,-2,15,0,19384,89,34,79,16,0,0,0,0,0,0,0,-32286,0,0,0,0,0,2676759,0
2676616,7774,-2518,738,76,-36,171,8180,-8,-2,17,0,19382,86,34,79,16,0,0,0,0,0,0,0,-32286,0,0,0,0,0,2676764,0
2676621,7736,-2540,730,56,-43,167,8178,-3,-4,23,0,19382,86,34,79,16,0,0,0,0,0,0,0,-32286,0,0,0,0,0,2676769,0
2676626,7762,-2504,750,45,-52,164,8175,-18,-8,31,0,19382,85,34,79,16,0,0,0,0,0,0,0,-32286,0,0,0,0,0,2676774,0
2676631,7770,-2476,764,42,-52,176,8170,-19,-10,43,0,19382,85,34,79,16,0,0,0,0,0,0,0,-32286,0,0,0,0,0,2676779,0
2676636,7658,-2562,808,-27,-50,179,8161,-42,-23,71,0,19383,80,34,79,16,0,0,0,0,0,0,0,-32286,0,0,0,0,0,2676784,0
2676641,7584,-2644,780,-70,-30,204,8144,-69,-43,125,0,19383,80,34,79,16,0,0,0,0,0,0,0,-32286,0,0,0,0,0,2676789,0
2676646,7464,-2600,798,-107,-22,205,8121,-87,-67,187,0,19384,78,34,79,16,0,0,0,0,0,0,0,-32286,0,0,0,0,0,2676794,0
2676651,7548,-2530,840,-70,-25,177,8104,-73,-63,170,0,19384,78,34,79,16,0,0,0,0,0,0,0,-32286,0,0,0,0,0,2676799,0
2676656,7422,-2704,864,69,-55,171,8090,-72,-38,134,0,19382,73,34,79,16,0,0,0,0,0,0,0,-32286,0,0,0,0,0,2676804,0
2676661,7418,-2598,802,36,-63,196,8070,-92,-5,155,0,19382,73,34,79,16,0,0,0,0,0,0,0,-32286,0,0,0,0,0,2676809,0
2676666,7444,-2322,770,-8,-57,194,8050,-87,-1,173,0,19383,78,34,79,16,0,0,0,0,0,0,0,-32286,0,0,0,0,0,2676814,0
2676671,7516,-2270,760,8,-55,170,8036,-60,0,138,0,19383,78,34,79,16,0,0,0,0,0,0,0,-32286,0,0,0,0,0,2676819,0
2676676,7450,-2438,722,28,-86,207,8019,-69,-2,129,0,19384,71,34,79,16,0,0,0,0,0,0,0,-32286,0,0,0,0,0,2676824,0
2676681,7458,-2390,712,-45,-81,222,7994,-104,-3,175,0,19384,71,34,79,16,0,0,0,0,0,0,0,-32286,0,0,0,0,0,2676829,0
2676686,7578,-2208,712,-72,-79,206,7972,-92,-14,182,0,19389,68,34,79,16,0,0,0,0,0,0,0,-32286,0,0,0,0,0,2676834,0
2676691,7672,-2294,754,-48,-64,211,7951,-93,-22,160,0,19389,68,34,79,16,0,0,0,0,0,0,0,-32286,0,0,0,0,0,2676839,0
2676696,7636,-2330,814,-80,-96,225,7925,-109,-23,189,0,19388,68,34,79,16,0,0,0,0,0,0,0,-32286,0,0,0,0,0,2676844,0
2676701,7860,-2200,854,-21,-74,197,7907,-68,-10,175,0,19388,68,34,79,16,0,0,0,0,0,0,0,-32286,0,0,0,0,0,2676849,0
2676706,7870,-2280,906,35,-66,195,7894,-55,22,123,0,19388,67,34,79,16,0,0,0,0,0,0,0,-32286,0,0,0,0,0,2676853,0
2676711,7822,-2292,904,31,-91,203,7876,-79,29,128,0,19388,67,34,79,16,0,0,0,0,0,0,0,-32286,0,0,0,0,0,2676859,0
2676716,7962,-2082,842,-75,-52,195,7857,-81,26,164,0,19385,72,34,79,16,0,0,0,0,0,0,0,-32286,0,0,0,0,0,2676863,0
2676721,8036,-2098,828,-90,-25,189,7842,-62,10,148,0,19385,72,34,79,16,0,0,0,0,0,0,0,-32286,0,0,0,0,0,2676869,0
2676726,7988,-2342,842,-82,-17,194,7826,-62,0,133,0,19386,74,34,79,16,0,0,0,0,0,0,0,-32286,0,0,0,0,0,2676873,0
2676731,7876,-2454,818,-99,-26,223,7801,-108,-13,178,0,19386,74,34,79,16,0,0,0,0,0,0,0,-32286,0,0,0,0,0,2676878,0
2676736,8010,-2186,852,-168,26,192,7777,-100,-24,195,0,19385,80,34,79,16,0,0,0,0,0,0,0,-32286,0,0,0,0,0,2676883,0
2676741,8022,-2324,858,-101,45,174,7763,-64,-14,138,0,19385,80,34,79,16,0,0,0,0,0,0,0,-32286,0,0,0,0,0,2676888,0
2676746,7886,-2428,864,-44,5,167,7751,-54,7,109,0,19385,79,34,79,16,0,0,0,0,0,0,0,-32286,0,0,0,0,0,2676893,0
2676751,7946,-2432,792,-20,3,156,7737,-60,31,114,0,19385,79,34,79,16,0,0,0,0,0,0,0,-32286,0,0,0,0,0,2676898,0
2676756,8028,-2140,768,-80,52,113,7728,-38,46,93,0,19384,81,34,79,16,0,0,0,0,0,0,0,-32286,0,0,0,0,0,2676903,0
2676761,8008,-2190,786,-46,47,81,7726,-9,43,42,0,19384,81,34,79,16,0,0,0,0,0,0,0,-32286,0,0,0,0,0,2676908,0
2676766,7992,-2332,778,-3,25,63,7727,5,51,6,0,19384,79,34,79,16,0,0,0,0,0,0,0,-32286,0,0,0,0,0,2676913,0
2676771,7886,-2342,792,-8,22,48,7726,-1,58,1,0,19384,79,34,79,16,0,0,0,0,0,0,0,-32286,0,0,0,0,0,2676918,0
2676776,7822,-2328,806,-98,54,39,7727,4,44,2,0,19384,89,34,79,16,0,0,0,0,0,0,0,-32286,0,0,0,0,0,2676923,0
2676781,7768,-2442,792,-125,48,34,7726,3,16,2,0,19384,89,34,79,16,0,0,0,0,0,0,0,-32286,0,0,0,0,0,2676928,0
2676786,7716,-2518,840,-109,48,29,7727,2,4,1,0,19386,88,33,79,16,0,0,0,0,0,0,0,-32286,0,0,0,0,0,2676933,0
2676791,7636,-2596,860,-87,37,29,7726,-4,-3,0,0,19386,88,33,79,16,0,0,0,0,0,0,0,-32286,0,0,0,0,0,2676938,0
2676796,7570,-2626,892,-70,44,22,7726,-4,0,2,0,19385,83,33,79,16,0,0,0,0,0,0,0,-32286,0,0,0,0,0,2676943,0
2676801,7594,-2608,910,-69,41,19,7727,4,-2,1,0,19385,83,33,79,16,0,0,0,0,0,0,0,-32286,0,0,0,0,0,2676948,0
2676806,7554,-2638,894,-68,39,17,7727,7,-1,1,0,19384,72,34,79,16,0,0,0,0,0,0,0,-32286,0,0,0,0,0,2676953,0
2676811,7546,-2656,886,-52,39,15,7726,0,3,0,0,19384,72,34,79,16,0,0,0,0,0,0,0,-32286,0,0,0,0,0,2676958,0
2676816,7540,-2624,876,-35,40,12,7727,-2,2,0,0,19383,75,34,79,16,0,0,0,0,0,0,0,-32286,0,0,0,0,0,2676963,0
2676821,7514,-2630,870,-27,35,10,7727,2,-3,0,0,19383,75,34,79,16,0,0,0,0,0,0,0,-32286,0,0,0,0,0,2676968,0
2676826,7520,-2634,848,-12,24,10,7727,6,-1,0,0,19384,83,34,79,16,0,0,0,0,0,0,0,-32285,0,0,0,0,0,2676973,0
2676831,7518,-2626,834,-15,18,11,7727,0,-3,1,0,19384,83,34,79,16,0,0,0,0,0,0,0,-32286,0,0,0,0,0,2676978,0
2676836,7532,-2626,860,-2,10,22,7727,-1,-1,1,0,19384,82,34,79,16,0,0,0,0,0,0,0,-32285,0,0,0,0,0,2676983,0
2676841,7612,-2604,826,3,1,16,7727,-1,0,1,0,19384,82,34,79,16,0,0,0,0,0,0,0,-32285,0,0,0,0,0,2676988,0
2676846,7580,-2596,828,11,6,22,7726,-6,-2,1,0,19385,78,34,79,16,0,0,0,0,0,0,0,-32285,0,0,0,0,0,2676993,0
2676851,7598,-2568,832,9,0,24,7726,1,-2,2,0,19385,78,34,79,16,0,0,0,0,0,0,0,-32286,0,0,0,0,0,2676998,0
2676856,7622,-2572,832,14,1,26,7726,0,0,1,0,19385,80,34,79,16,0,0,0,0,0,0,0,-32286,0,0,0,0,0,2677003,0
2676861,7624,-2564,836,12,-5,32,7725,0,3,3,0,19385,80,34,79,16,0,0,0,0,0,0,0,-32285,0,0,0,0,0,2677008,0
2676866,7660,-2556,848,12,-10,29,7725,-2,1,3,0,19386,79,34,79,16,0,0,0,0,0,0,0,-32286,0,0,0,0,0,2677013,0
2676871,7710,-2578,838,14,-3,30,7726,0,0,4,0,19386,79,34,79,16,0,0,0,0,0,0,0,-32286,0,0,0,0,0,2677018,0
2676876,7708,-2570,826,21,-6,28,7725,-6,1,5,0,19384,79,34,79,16,0,0,0,0,0,0,0,-32286,0,0,0,0,0,2677023,0
2676881,7730,-2574,826,29,-1,21,7724,-5,0,6,0,19384,79,34,79,16,0,0,0,0,0,0,0,-32286,0,0,0,0,0,2677028,0
2676886,7760,-2542,784,34,-2,22,7724,-8,-1,6,0,19387,81,34,79,16,0,0,0,0,0,0,0,-32286,0,0,0,0,0,2677033,0
2676891,7732,-2536,756,32,-3,14,7724,-5,-1,4,0,19387,81,34,79,16,0,0,0,0,0,0,0,-32286,0,0,0,0,0,2677038,0
2676896,7760,-2486,722,28,5,15,7724,-1,2,3,0,19395,82,34,79,16,0,0,0,0,0,0,0,-32286,0,0,0,0,0,2677043,0
2676901,7772,-2442,724,24,16,8,7723,0,-4,3,0,19395,82,34,79,16,0,0,0,0,0,0,0,-32286,0,0,0,0,0,2677048,0
2676906,7800,-2426,704,16,16,6,7723,1,1,2,0,19395,84,34,79,16,0,0,0,0,0,0,0,-32286,0,0,0,0,0,2677053,0
2676911,7772,-2446,722,12,23,5,7724,3,7,1,0,19395,84,34,79,16,0,0,0,0,0,0,0,-32285,0,0,0,0,0,2677058,0
2676916,7786,-2468,744,5,24,5,7722,2,3,0,0,19392,88,34,79,16,0,0,0,0,0,0,0,-32286,0,0,0,0,0,2677063,0
2676921,7744,-2484,776,-1,29,4,7723,-2,3,1,0,19392,88,34,79,16,0,0,0,0,0,0,0,-32286,0,0,0,0,0,2677068,0
2676926,7736,-2466,778,-3,35,6,7722,-3,0,1,0,19385,79,34,79,16,0,0,0,0,0,0,0,-32286,0,0,0,0,0,2677073,0
2676931,7740,-2488,764,0,32,8,7723,-1,-1,1,0,19385,79,34,79,16,0,0,0,0,0,0,0,-32286,0,0,0,0,0,2677078,0
2676936,7728,-2500,818,2,37,13,7723,1,-1,0,0,19385,77,34,79,16,0,0,0,0,0,0,0,-32286,0,0,0,0,0,2677083,0
2676941,7676,-2508,802,3,37,8,7723,-9,-1,0,0,19385,77,34,79,16,0,0,0,0,0,0,0,-32286,0,0,0,0,0,2677088,0
2676946,7684,-2516,788,2,36,12,7723,-7,0,0,0,19386,83,34,79,16,0,0,0,0,0,0,0,-32286,0,0,0,0,0,2677093,0
2676951,7686,-2524,770,6,37,8,7723,-5,-4,1,0,19386,83,34,79,16,0,0,0,0,0,0,0,-32286,0,0,0,0,0,2677098,0
2676956,7644,-2494,770,2,29,5,7724,3,2,0,0,19385,85,34,79,16,0,0,0,0,0,0,0,-32286,0,0,0,0,0,2677103,0
2676961,7600,-2522,770,5,19,8,7724,-3,-2,1,0,19385,85,34,79,16,0,0,0,0,0,0,0,-32285,0,0,0,0,0,2677108,0
2676966,7604,-2506,758,4,20,9,7723,3,0,0,0,19384,87,34,79,16,0,0,0,0,0,0,0,-32286,0,0,0,0,0,2677113,0
2676971,7598,-2532,796,8,13,9,7723,0,1,1,0,19384,87,34,79,16,0,0,0,0,0,0,0,-32286,0,0,0,0,0,2677118,0
2676976,7602,-2542,780,16,3,6,7724,3,5,0,0,19385,82,34,79,16,0,0,0,0,0,0,0,-32286,0,0,0,0,0,2677123,0
2676981,7612,-2524,798,22,1,5,7723,7,-1,0,0,19385,82,34,79,16,0,0,0,0,0,0,0,-32286,0,0,0,0,0,2677128,0
2676986,7638,-2522,786,16,-5,4,7723,0,0,1,0,19384,79,34,79,16,0,0,0,0,0,0,0,-32286,0,0,0,0,0,2677133,0
2676991,7650,-2494,816,16,-8,-5,7724,0,2,4,0,19384,79,34,79,16,0,0,0,0,0,0,0,-32286,0,0,0,0,0,2677138,0
2676996,7702,-2490,842,16,-6,-15,7722,-2,1,2,0,19387,94,34,79,16,0,0,0,0,0,0,0,-32286,0,0,0,0,0,2677143,0
2677001,7640,-2492,858,13,-3,-16,7724,0,1,0,0,19387,94,34,79,16,0,0,0,0,0,0,0,-32286,0,0,0,0,0,2677148,0
2677006,7686,-2504,874,14,-5,-24,7724,7,-4,1,0,19386,97,34,79,16,0,0,0,0,0,0,0,-32286,0,0,0,0,0,2677153,0
2677011,7680,-2504,862,10,-7,-23,7723,-2,2,0,0,19386,97,34,79,16,0,0,0,0,0,0,0,-32286,0,0,0,0,0,2677158,0
2677016,7678,-2514,854,16,3,-34,7722,-2,1,0,0,19386,89,34,79,16,0,0,0,0,0,0,0,-32286,0,0,0,0,0,2677163,0
2677021,7658,-2494,874,8,4,-35,7724,12,0,0,0,19386,89,34,79,16,0,0,0,0,0,0,0,-32285,0,0,0,0,0,2677168,0
2677026,7678,-2486,852,4,1,-37,7723,0,5,0,0,19384,75,34,79,16,0,0,0,0,0,0,0,-32286,0,0,0,0,0,2677173,0
2677031,7664,-2486,850,4,8,-47,7723,2,2,1,0,19384,75,34,79,16,0,0,0,0,0,0,0,-32286,0,0,0,0,0,2677178,0
2677036,7694,-2510,836,0,2,-50,7723,-2,-2,1,0,19383,71,34,79,16,0,0,0,0,0,0,0,-32286,0,0,0,0,0,2677183,0
2677041,7732,-2498,850,5,2,-56,7723,0,2,1,0,19383,71,34,79,16,0,0,0,0,0,0,0,-32286,0,0,0,0,0,2677188,0
2677046,7742,-2550,854,4,1,-57,7723,-3,0,1,0,19384,77,34,79,16,0,0,0,0,0,0,0,-32286,0,0,0,0,0,2677193,0
2677051,7716,-2530,846,2,2,-60,7724,0,1,0,0,19384,77,34,79,16,0,0,0,0,0,0,0,-32286,0,0,0,0,0,2677198,0
2677056,7718,-2526,842,4,5,-62,7723,3,1,0,0,19383,83,34,79,16,0,0,0,0,0,0,0,-32286,0,0,0,0,0,2677203,0
2677061,7744,-2536,830,10,3,-62,7723,-3,4,0,0,19383,83,34,79,16,0,0,0,0,0,0,0,-32286,0,0,0,0,0,2677208,0
2677066,7716,-2586,844,12,1,-60,7724,0,-3,1,0,19382,84,34,79,16,0,0,0,0,0,0,0,-32286,0,0,0,0,0,2677213,0
2677071,7712,-2570,818,17,5,-60,7722,4,1,0,0,19382,84,34,79,16,0,0,0,0,0,0,0,-32286,0,0,0,0,0,2677218,0
2677076,7708,-2566,838,32,7,-54,7723,-3,1,0,0,19382,87,34,79,16,0,0,0,0,0,0,0,-32285,0,0,0,0,0,2677223,0
2677081,7706,-2562,830,39,6,-55,7724,0,0,0,0,19382,87,34,79,16,0,0,0,0,0,0,0,-32286,0,0,0,0,0,2677228,0
2677086,7714,-2584,844,45,8,-43,7723,0,5,0,0,19385,86,34,79,16,0,0,0,0,0,0,0,-32286,0,0,0,0,0,2677233,0
2677091,7730,-2596,852,45,8,-44,7724,1,2,0,0,19385,86,34,79,16,0,0,0,0,0,0,0,-32286,0,0,0,0,0,2677238,0
2677096,7722,-2578,878,61,8,-38,7724,-1,0,-1,0,19388,78,34,79,16,0,0,0,0,0,0,0,-32286,0,0,0,0,0,2677243,0
2677101,7686,-2546,870,65,21,-36,7723,-2,-1,0,0,19388,78,34,79,16,0,0,0,0,0,0,0,-32286,0,0,0,0,0,2677248,0
2677106,7742,-2580,864,75,23,-38,7723,-1,0,0,0,19387,75,34,79,16,0,0,0,0,0,0,0,-32286,0,0,0,0,0,2677253,0
2677111,7692,-2520,868,78,25,-33,7724,1,0,1,0,19387,75,34,79,16,0,0,0,0,0,0,0,-32286,0,0,0,0,0,2677258,0
2677116,7708,-2550,884,75,37,-29,7723,0,-2,0,0,19385,74,34,79,16,0,0,0,0,0,0,0,-32286,0,0,0,0,0,2677263,0
2677121,7682,-2520,848,72,32,-33,7723,0,3,0,0,19385,74,34,79,16,0,0,0,0,0,0,0,-32286,0,0,0,0,0,2677268,0
2677126,7684,-2490,860,77,26,-31,7724,-2,-2,0,0,19383,75,34,79,16,0,0,0,0,0,0,0,-32286,0,0,0,0,0,2677273,0
2677131,7696,-2506,858,67,21,-32,7723,-3,-1,0,0,19383,75,34,79,16,0,0,0,0,0,0,0,-32286,0,0,0,0,0,2677278,0
2677136,7668,-2548,848,53,12,-33,7723,10,5,1,0,19381,71,34,79,16,0,0,0,0,0,0,0,-32285,0,0,0,0,0,2677283,0
2677141,7652,-2552,850,60,6,-35,7723,-6,-3,1,0,19381,71,34,79,16,0,0,0,0,0,0,0,-32285,0,0,0,0,0,2677288,0
2677146,7666,-2604,848,64,8,-37,7723,1,2,2,0,19383,73,34,79,16,0,0,0,0,0,0,0,-32285,0,0,0,0,0,2677293,0
2677151,7654,-2594,864,71,3,-35,7724,-2,6,0,0,19383,73,34,79,16,0,0,0,0,0,0,0,-32285,0,0,0,0,0,2677298,0
2677156,7674,-2580,860,78,-6,-31,7723,1,4,0,0,19384,80,34,79,16,0,0,0,0,0,0,0,-32286,0,0,0,0,0,2677303,0
2677161,7686,-2558,864,73,-7,-26,7723,1,-4,0,0,19384,80,34,79,16,0,0,0,0,0,0,0,-32286,0,0,0,0,0,2677308,0
2677166,7686,-2540,838,77,-10,-26,7724,0,1,0,0,19384,80,34,79,16,0,0,0,0,0,0,0,-32285,0,0,0,0,0,2677313,0
2677171,7690,-2526,844,80,-12,-25,7724,10,4,0,0,19384,80,34,79,16,0,0,0,0,0,0,0,-32286,0,0,0,0,0,2677318,0
2677176,7664,-2506,838,78,-7,-18,7723,3,6,1,0,19382,76,34,79,16,0,0,0,0,0,0,0,-32286,0,0,0,0,0,2677323,0
2677181,7664,-2498,842,78,-16,-18,7723,0,-4,0,0,19382,76,34,79,16,0,0,0,0,0,0,0,-32285,0,0,0,0,0,2677328,0
2677186,7670,-2502,840,84,-5,-14,7722,-6,-3,1,0,19382,70,34,79,16,0,0,0,0,0,0,0,-32286,0,0,0,0,0,2677333,0
2677191,7710,-2482,842,85,-14,-10,7724,0,0,2,0,19382,70,34,79,16,0,0,0,0,0,0,0,-32286,0,0,0,0,0,2677338,0
2677196,7702,-2464,852,91,-10,-1,7724,1,-3,4,0,19386,77,34,79,16,0,0,0,0,0,0,0,-32286,0,0,0,0,0,2677343,0
2677201,7746,-2434,838,89,-3,6,7725,3,2,0,0,19386,77,34,79,16,0,0,0,0,0,0,0,-32285,0,0,0,0,0,2677348,0
2677206,7710,-2408,858,88,-1,10,7723,0,-3,0,0,19387,79,34,79,16,0,0,0,0,0,0,0,-32286,0,0,0,0,0,2677353,0
2677211,7726,-2398,860,88,-1,17,7724,3,-3,1,0,19387,79,34,79,16,0,0,0,0,0,0,0,-32286,0,0,0,0,0,2677358,0
2677216,7728,-2356,832,82,10,21,7723,0,-1,0,0,19386,84,34,79,16,0,0,0,0,0,0,0,-32286,0,0,0,0,0,2677363,0
2677221,7756,-2362,820,76,15,24,7724,0,0,0,0,19386,84,34,79,16,0,0,0,0,0,0,0,-32285,0,0,0,0,0,2677368,0
2677226,7734,-2378,834,67,20,29,7724,3,0,0,0,19384,82,34,79,16,0,0,0,0,0,0,0,-32286,0,0,0,0,0,2677373,0
2677231,7762,-2430,848,72,22,32,7723,2,-2,1,0,19384,82,34,79,16,0,0,0,0,0,0,0,-32286,0,0,0,0,0,2677381,0
2677236,7778,-2484,842,65,24,33,7723,-4,-1,1,0,19383,78,34,79,16,0,0,0,0,0,0,0,-32286,0,0,0,0,0,2677386,0
2677241,7784,-2490,850,74,22,38,7723,-6,-2,2,0,19383,78,34,79,16,0,0,0,0,0,0,0,-32287,0,0,0,0,0,2677391,0
2677246,7760,-2486,864,73,21,37,7722,-6,3,1,0,19384,83,34,79,16,0,0,0,0,0,0,0,-32286,0,0,0,0,0,2677396,0
2677251,7788,-2500,836,75,20,38,7724,3,3,0,0,19384,83,34,79,16,0,0,0,0,0,0,0,-32286,0,0,0,0,0,2677401,0
2677256,7784,-2536,824,80,17,35,7723,-1,-3,0,0,19385,88,34,79,16,0,0,0,0,0,0,0,-32286,0,0,0,0,0,2677406,0
2677261,7748,-2530,828,78,14,34,7725,1,3,0,0,19385,88,34,79,16,0,0,0,0,0,0,0,-32285,0,0,0,0,0,2677411,0
2677266,7724,-2494,822,78,15,37,7724,2,0,1,0,19383,93,34,79,16,0,0,0,0,0,0,0,-32285,0,0,0,0,0,2677416,0
2677271,7748,-2492,812,73,9,30,7723,-3,2,-1,0,19383,93,34,79,16,0,0,0,0,0,0,0,-32286,0,0,0,0,0,2677421,0
2677276,7742,-2470,824,69,8,31,7723,0,-7,1,0,19384,89,34,79,16,0,0,0,0,0,0,0,-32286,0,0,0,0,0,2677426,0
2677281,7720,-2466,820,75,7,34,7724,-2,0,1,0,19384,89,34,79,16,0,0,0,0,0,0,0,-32285,0,0,0,0,0,2677431,0
2677286,7726,-2440,828,68,6,30,7723,-4,2,2,0,19384,81,34,79,16,0,0,0,0,0,0,0,-32286,0,0,0,0,0,2677436,0
2677291,7708,-2464,844,67,3,33,7723,0,-1,0,0,19384,81,34,79,16,0,0,0,0,0,0,0,-32285,0,0,0,0,0,2677441,0
2677296,7728,-2394,856,67,9,36,7722,-9,-1,0,0,19384,73,34,79,16,0,0,0,0,0,0,0,-32285,0,0,0,0,0,2677446,0
2677301,7724,-2430,874,61,11,42,7723,1,-2,0,0,19384,73,34,79,16,0,0,0,0,0,0,0,-32285,0,0,0,0,0,2677451,0
2677306,7778,-2374,866,62,15,48,7722,-8,2,0,0,19386,75,34,79,16,0,0,0,0,0,0,0,-32285,0,0,0,0,0,2677456,0
2677311,7788,-2396,850,62,25,50,7723,1,7,0,0,19386,75,34,79,16,0,0,0,0,0,0,0,-32286,0,0,0,0,0,2677461,0
2677316,7744,-2394,862,56,31,58,7723,-3,2,1,0,19387,72,34,79,16,0,0,0,0,0,0,0,-32286,0,0,0,0,0,2677466,0
2677321,7728,-2404,836,41,42,60,7722,-1,4,0,0,19387,72,34,79,16,0,0,0,0,0,0,0,-32286,0,0,0,0,0,2677471,0
2677326,7726,-2458,842,48,38,58,7724,0,-1,0,0,19386,74,34,79,16,0,0,0,0,0,0,0,-32286,0,0,0,0,0,2677476,0
2677331,7722,-2494,840,49,42,68,7723,3,0,1,0,19386,74,34,79,16,0,0,0,0,0,0,0,-32285,0,0,0,0,0,2677481,0
2677336,7688,-2552,842,58,35,73,7723,2,4,0,0,19383,80,34,79,16,0,0,0,0,0,0,0,-32286,0,0,0,0,0,2677486,0
2677341,7674,-2530,846,58,35,73,7724,1,0,0,0,19383,80,34,79,16,0,0,0,0,0,0,0,-32285,0,0,0,0,0,2677491,0
2677346,7694,-2582,850,58,39,70,7723,-3,-2,0,0,19383,72,34,79,16,0,0,0,0,0,0,0,-32286,0,0,0,0,0,2677496,0
2677351,7686,-2560,838,57,33,72,7724,1,1,0,0,19383,72,34,79,16,0,0,0,0,0,0,0,-32286,0,0,0,0,0,2677501,0
2677356,7660,-2632,858,67,34,66,7723,2,-5,0,0,19385,72,34,79,16,0,0,0,0,0,0,0,-32286,0,0,0,0,0,2677506,0
2677361,7696,-2622,838,75,34,58,7722,-3,2,0,0,19385,72,34,79,16,0,0,0,0,0,0,0,-32286,0,0,0,0,0,2677511,0
2677366,7682,-2648,840,88,36,62,7723,-3,-2,0,0,19384,76,34,79,16,0,0,0,0,0,0,0,-32286,0,0,0,0,0,2677516,0
2677371,7692,-2624,856,97,33,59,7723,0,0,-2,0,19384,76,34,79,16,0,0,0,0,0,0,0,-32285,0,0,0,0,0,2677521,0
2677376,7660,-2634,830,102,41,54,7724,4,2,1,0,19386,84,34,79,16,0,0,0,0,0,0,0,-32286,0,0,0,0,0,2677526,0
2677381,7674,-2604,838,112,34,56,7723,-5,-1,1,0,19386,84,34,79,16,0,0,0,0,0,0,0,-32285,0,0,0,0,0,2677531,0
2677386,7660,-2612,812,114,40,54,7723,-3,3,2,0,19387,86,34,79,16,0,0,0,0,0,0,0,-32286,0,0,0,0,0,2677536,0
2677391,7648,-2600,818,126,35,52,7724,2,-2,1,0,19387,86,34,79,16,0,0,0,0,0,0,0,-32285,0,0,0,0,0,2677541,0
2677396,7590,-2596,766,131,28,50,7723,-6,2,2,0,19387,90,34,79,16,0,0,0,0,0,0,0,-32286,0,0,0,0,0,2677546,0
2677401,7596,-2618,762,144,24,44,7722,-12,-4,0,0,19387,90,34,79,16,0,0,0,0,0,0,0,-32285,0,0,0,0,0,2677551,0
2677406,7598,-2626,774,143,24,49,7723,-7,0,-1,0,19390,90,34,79,16,0,0,0,0,0,0,0,-32286,0,0,0,0,0,2677556,0
2677411,7588,-2630,770,153,19,46,7724,-1,-2,1,0,19390,90,34,79,16,0,0,0,0,0,0,0,-32286,0,0,0,0,0,2677561,0
2677416,7608,-2620,772,165,17,44,7723,-6,2,1,0,19389,91,34,79,16,0,0,0,0,0,0,0,-32286,0,0,0,0,0,2677566,0
2677421,7604,-2590,746,173,13,41,7723,0,1,1,0,19389,91,34,79,16,0,0,0,0,0,0,0,-32286,0,0,0,0,0,2677571,0
2677426,7612,-2562,742,182,13,41,7724,1,-1,0,0,19388,88,34,79,16,0,0,0,0,0,0,0,-32286,0,0,0,0,0,2677576,0
2677431,7642,-2566,754,182,17,38,7723,-1,2,1,0,19388,88,34,79,16,0,0,0,0,0,0,0,-32286,0,0,0,0,0,2677581,0
2677436,7628,-2542,776,183,6,36,7723,-2,3,2,0,19382,78,34,79,16,0,0,0,0,0,0,0,-32285,0,0,0,0,0,2677586,0
2677441,7678,-2550,788,181,4,39,7723,-5,0,3,0,19382,78,34,79,16,0,0,0,0,0,0,0,-32286,0,0,0,0,0,2677591,0
2677446,7672,-2584,794,189,3,35,7722,2,0,2,0,19382,80,34,79,16,0,0,0,0,0,0,0,-32286,0,0,0,0,0,2677596,0
2677451,7688,-2564,816,186,3,40,7723,-5,0,2,0,19382,80,34,79,16,0,0,0,0,0,0,0,-32286,0,0,0,0,0,2677601,0
2677456,7728,-2586,820,194,-3,46,7723,1,1,2,0,19383,76,34,79,16,0,0,0,0,0,0,0,-32285,0,0,0,0,0,2677606,0
2677461,7690,-2564,832,199,-8,51,7722,4,5,4,0,19383,76,34,79,16,0,0,0,0,0,0,0,-32285,0,0,0,0,0,2677611,0
2677466,7728,-2550,830,206,-13,55,7723,5,3,5,0,19382,76,34,79,16,0,0,0,0,0,0,0,-32286,0,0,0,0,0,2677616,0
2677471,7726,-2512,824,204,-5,64,7721,2,-3,3,0,19382,76,34,79,16,0,0,0,0,0,0,0,-32285,0,0,0,0,0,2677621,0
2677476,7692,-2502,812,212,-11,70,7722,0,1,4,0,19379,77,34,79,16,0,0,0,0,0,0,0,-32285,0,0,0,0,0,2677626,0
2677481,7666,-2502,794,209,-9,83,7722,3,-5,5,0,19379,77,34,79,16,0,0,0,0,0,0,0,-32285,0,0,0,0,0,2677631,0
2677486,7704,-2494,826,212,-14,88,7720,-12,1,5,0,19379,83,34,79,16,0,0,0,0,0,0,0,-32286,0,0,0,0,0,2677636,0
2677491,7674,-2476,822,210,-12,87,7721,-1,-4,5,0,19379,83,34,79,16,0,0,0,0,0,0,0,-32286,0,0,0,0,0,2677641,0
2677496,7668,-2472,794,214,-16,89,7721,1,-5,5,0,19379,79,34,79,16,0,0,0,0,0,0,0,-32286,0,0,0,0,0,2677646,0
2677501,7686,-2466,788,213,-16,98,7720,2,-1,3,0,19379,79,34,79,16,0,0,0,0,0,0,0,-32285,0,0,0,0,0,2677651,0
2677506,7668,-2478,818,213,-15,95,7719,-2,3,2,0,19378,76,34,79,16,0,0,0,0,0,0,0,-32285,0,0,0,0,0,2677656,0
2677511,7700,-2462,828,213,-21,97,7719,1,1,2,0,19378,76,34,79,16,0,0,0,0,0,0,0,-32286,0,0,0,0,0,2677661,0
2677516,7738,-2472,836,211,-21,83,7719,-1,3,2,0,19380,78,34,79,16,0,0,0,0,0,0,0,-32286,0,0,0,0,0,2677666,0
2677521,7728,-2468,826,215,-16,77,7720,0,3,2,0,19380,78,34,79,16,0,0,0,0,0,0,0,-32285,0,0,0,0,0,2677671,0
2677526,7726,-2456,832,214,-11,73,7719,-4,0,2,0,19379,83,34,79,16,0,0,0,0,0,0,0,-32285,0,0,0,0,0,2677675,0
2677531,7734,-2448,846,211,-8,70,7719,-1,-1,1,0,19379,83,34,79,16,0,0,0,0,0,0,0,-32286,0,0,0,0,0,2677680,0
2677536,7716,-2428,812,203,-2,57,7719,2,-2,2,0,19381,85,34,79,16,0,0,0,0,0,0,0,-32285,0,0,0,0,0,2677685,0
2677541,7732,-2416,784,204,5,48,7718,0,2,1,0,19381,85,34,79,16,0,0,0,0,0,0,0,-32285,0,0,0,0,0,2677690,0
2677546,7738,-2426,788,200,1,41,7719,-2,0,0,0,19382,80,34,79,16,0,0,0,0,0,0,0,-32286,0,0,0,0,0,2677695,0
2677551,7722,-2414,782,198,6,40,7719,2,0,0,0,19382,80,34,79,16,0,0,0,0,0,0,0,-32286,0,0,0,0,0,2677700,0
2677556,7678,-2420,798,192,-3,28,7719,-1,4,0,0,19383,84,34,79,16,0,0,0,0,0,0,0,-32286,0,0,0,0,0,2677705,0
2677561,7714,-2412,814,184,-7,25,7720,5,0,1,0,19383,84,34,79,16,0,0,0,0,0,0,0,-32286,0,0,0,0,0,2677710,0
2677566,7712,-2414,810,178,-6,21,7720,0,-3,1,0,19385,88,34,79,16,0,0,0,0,0,0,0,-32286,0,0,0,0,0,2677715,0
2677571,7700,-2412,842,178,-3,18,7719,6,3,1,0,19385,88,34,79,16,0,0,0,0,0,0,0,-32285,0,0,0,0,0,2677720,0
2677576,7732,-2412,864,176,-7,5,7718,-9,-5,1,0,19384,95,34,79,16,0,0,0,0,0,0,0,-32286,0,0,0,0,0,2677725,0
2677581,7732,-2456,848,167,-2,6,7718,0,0,0,0,19384,95,34,79,16,0,0,0,0,0,0,0,-32285,0,0,0,0,0,2677730,0
2677586,7718,-2452,866,162,-6,6,7719,0,-3,0,0,19383,93,34,79,16,0,0,0,0,0,0,0,-32286,0,0,0,0,0,2677735,0
2677591,7728,-2462,886,166,-2,3,7719,5,4,0,0,19383,93,34,79,16,0,0,0,0,0,0,0,-32286,0,0,0,0,0,2677740,0
2677596,7666,-2452,906,163,3,0,7720,3,-3,1,0,19383,82,34,79,16,0,0,0,0,0,0,0,-32286,0,0,0,0,0,2677745,0
2677601,7696,-2466,888,160,5,-2,7718,5,-1,1,0,19383,82,34,79,16,0,0,0,0,0,0,0,-32286,0,0,0,0,0,2677750,0
2677606,7678,-2494,898,164,3,-3,7719,3,-3,0,0,19383,78,34,79,16,0,0,0,0,0,0,0,-32286,0,0,0,0,0,2677755,0
2677611,7664,-2468,914,158,0,1,7718,-1,-4,1,0,19383,78,34,79,16,0,0,0,0,0,0,0,-32285,0,0,0,0,0,2677760,0
2677616,7666,-2444,920,151,11,-8,7718,0,-4,2,0,19385,68,34,79,16,0,0,0,0,0,0,0,-32286,0,0,0,0,0,2677765,0
2677621,7666,-2466,930,148,2,-2,7718,0,0,3,0,19385,68,34,79,16,0,0,0,0,0,0,0,-32286,0,0,0,0,0,2677770,0
2677626,7622,-2436,922,140,5,-1,7717,-1,0,4,0,19384,68,34,79,16,0,0,0,0,0,0,0,-32286,0,0,0,0,0,2677775,0
2677631,7630,-2450,946,141,1,1,7716,-1,-1,6,0,19384,68,34,79,16,0,0,0,0,0,0,0,-32286,0,0,0,0,0,2677780,0
2677636,7638,-2412,920,143,7,7,7718,2,-2,8,0,19384,70,34,79,16,0,0,0,0,0,0,0,-32286,0,0,0,0,0,2677785,0
2677641,7682,-2390,910,126,15,12,7716,-2,-3,8,0,19384,70,34,79,16,0,0,0,0,0,0,0,-32285,0,0,0,0,0,2677788,0
2677646,7682,-2392,892,114,9,10,7714,-7,2,8,0,19386,76,34,79,16,0,0,0,0,0,0,0,-32285,0,0,0,0,0,2677793,0
2677651,7650,-2372,900,106,16,7,7714,1,-1,10,0,19386,76,34,79,16,0,0,0,0,0,0,0,-32286,0,0,0,0,0,2677798,0
2677656,7670,-2414,880,76,14,9,7712,-9,-4,12,0,19385,79,34,79,16,0,0,0,0,0,0,0,-32286,0,0,0,0,0,2677803,0
2677661,7664,-2432,892,74,21,10,7710,-8,1,18,0,19385,79,34,79,16,0,0,0,0,0,0,0,-32286,0,0,0,0,0,2677808,0
2677666,7672,-2430,902,57,23,8,7709,-7,-3,21,0,19384,83,34,79,16,0,0,0,0,0,0,0,-32286,0,0,0,0,0,2677813,0
2677671,7700,-2472,916,45,30,12,7705,-15,-5,29,0,19384,83,34,79,16,0,0,0,0,0,0,0,-32285,0,0,0,0,0,2677818,0
2677676,7706,-2520,874,3,44,31,7699,-23,-8,48,0,19384,84,34,79,16,0,0,0,0,0,0,0,-32285,0,0,0,0,0,2677823,0
2677681,7662,-2590,912,-46,52,52,7688,-49,-27,81,0,19384,84,34,79,16,0,0,0,0,0,0,0,-32285,0,0,0,0,0,2677828,0
2677686,7640,-2626,898,-104,73,76,7671,-77,-46,129,0,19384,79,34,79,16,0,0,0,0,0,0,0,-32286,0,0,0,0,0,2677833,0
2677691,7668,-2562,914,-121,78,62,7655,-65,-55,144,0,19384,79,34,79,16,0,0,0,0,0,0,0,-32286,0,0,0,0,0,2677838,0
2677696,7732,-2682,1008,58,49,14,7647,-27,-30,94,0,19385,88,34,79,16,0,0,0,0,0,0,0,-32286,0,0,0,0,0,2677843,0
2677701,7712,-2638,1004,147,11,-3,7644,-7,15,41,0,19385,88,34,79,16,0,0,0,0,0,0,0,-32285,0,0,0,0,0,2677848,0
2677706,7770,-2528,948,171,-4,-13,7643,-9,48,19,0,19386,84,34,79,16,0,0,0,0,0,0,0,-32286,0,0,0,0,0,2677853,0
2677711,7786,-2370,912,122,7,-15,7642,-4,59,15,0,19386,84,34,79,16,0,0,0,0,0,0,0,-32286,0,0,0,0,0,2677858,0
2677716,7772,-2376,870,19,15,-8,7639,-10,36,17,0,19384,90,34,79,16,0,0,0,0,0,0,0,-32286,0,0,0,0,0,2677863,0
2677721,7720,-2468,904,8,13,-11,7637,-18,12,25,0,19384,90,34,79,16,0,0,0,0,0,0,0,-32285,0,0,0,0,0,2677868,0
2677726,7636,-2578,890,6,10,3,7631,-19,-7,41,0,19385,84,34,79,16,0,0,0,0,0,0,0,-32286,0,0,0,0,0,2677873,0
2677731,7602,-2650,938,-12,17,16,7623,-38,-20,70,0,19385,84,34,79,16,0,0,0,0,0,0,0,-32286,0,0,0,0,0,2677878,0
2677736,7558,-2606,956,-60,35,47,7611,-50,-34,98,0,19385,80,34,79,16,0,0,0,0,0,0,0,-32286,0,0,0,0,0,2677883,0
2677741,7602,-2552,974,-55,42,44,7600,-46,-39,109,0,19385,80,34,79,16,0,0,0,0,0,0,0,-32286,0,0,0,0,0,2677888,0
2677746,7622,-2542,1004,10,37,27,7596,-15,-20,73,0,19386,83,34,79,16,0,0,0,0,0,0,0,-32286,0,0,0,0,0,2677893,0
2677751,7702,-2566,1008,88,25,10,7594,-5,11,26,0,19386,83,34,79,16,0,0,0,0,0,0,0,-32285,0,0,0,0,0,2677898,0
2677756,7706,-2384,982,119,10,7,7594,0,40,3,0,19382,84,34,79,16,0,0,0,0,0,0,0,-32286,0,0,0,0,0,2677912,0
2677761,7742,-2306,942,64,25,1,7593,-6,37,3,-8,19382,84,34,79,16,0,0,0,0,0,0,0,-32286,0,0,0,0,0,2677922,0
2677766,7742,-2330,926,24,40,6,7593,-3,29,0,-8,19377,78,34,79,16,0,0,0,0,0,0,0,-32285,0,0,0,0,0,2677932,0
2677771,7758,-2386,926,-2,36,1,7593,0,12,0,-8,19377,78,34,79,16,0,0,0,0,0,0,0,-32285,0,0,0,0,0,2677942,0
2677776,7722,-2556,966,16,19,14,7593,-2,2,0,-8,19373,73,34,79,16,0,0,0,0,0,0,0,-32285,0,0,0,0,0,2677952,0
2677781,7726,-2546,984,14,17,15,7594,1,1,0,0,19373,73,34,79,16,0,0,0,0,0,0,0,-32285,0,0,0,0,0,2677962,0
2677786,7716,-2532,966,14,24,15,7593,0,1,-2,-8,19374,77,34,79,16,0,0,0,0,0,0,0,-32286,0,0,0,0,0,2677971,0
2677791,7718,-2520,970,9,21,24,7593,-4,2,-1,-8,19374,77,34,79,16,0,0,0,0,0,0,0,-32286,0,0,0,0,0,2677981,0
2677796,7686,-2522,992,3,31,24,7594,-1,-1,0,-8,19376,71,34,79,16,0,0,0,0,0,0,0,-32286,0,0,0,0,0,2677991,0
2677801,7676,-2534,972,3,33,30,7594,1,0,0,-8,19376,71,34,79,16,0,0,0,0,0,0,0,-32285,0,0,0,0,0,2678001,0
2677806,7722,-2516,978,-1,44,33,7594,0,4,-1,0,19375,79,34,79,16,0,0,0,0,0,0,0,-32286,0,0,0,0,0,2678011,0
2677811,7696,-2544,962,-7,48,36,7592,-3,-4,0,-8,19375,79,34,79,16,0,0,0,0,0,0,0,-32286,0,0,0,0,0,2678021,0
2677816,7696,-2534,932,2,59,37,7594,2,-2,0,0,19375,73,34,79,16,0,0,0,0,0,0,0,-32286,0,0,0,0,0,2678031,0
2677821,7670,-2570,918,-1,58,35,7594,0,-1,1,0,19375,73,34,79,16,0,0,0,0,0,0,0,-32285,0,0,0,0,0,2678041,0
2677826,7662,-2522,924,-4,51,31,7593,1,1,0,0,19377,81,34,79,16,0,0,0,0,0,0,0,-32286,0,0,0,0,0,2678051,0
2677831,7698,-2556,934,-1,59,31,7593,0,-3,0,-8,19377,81,34,79,16,0,0,0,0,0,0,0,-32286,0,0,0,0,0,2678061,0
2677836,7670,-2540,934,-3,55,29,7594,3,-3,0,0,19376,79,34,79,16,0,0,0,0,0,0,0,-32285,0,0,0,0,0,2678071,0
2677841,7698,-2514,908,-6,50,23,7592,-8,-2,0,-8,19376,79,34,79,16,0,0,0,0,0,0,0,-32286,0,0,0,0,0,2678081,0
2677846,7676,-2510,930,-4,48,30,7594,0,-1,0,0,19376,83,34,79,16,0,0,0,0,0,0,0,-32285,0,0,0,0,0,2678091,0
2677851,7704,-2528,916,-8,42,26,7594,5,-3,-1,0,19376,83,34,79,16,0,0,0,0,0,0,0,-32286,0,0,0,0,0,2678101,0
2677856,7698,-2544,938,-13,44,29,7593,-4,1,-1,0,19374,78,34,79,16,0,0,0,0,0,0,0,-32286,0,0,0,0,0,2678111,0
2677861,7722,-2550,932,-9,39,30,7594,2,-1,-1,0,19374,78,34,79,16,0,0,0,0,0,0,0,-32286,0,0,0,0,0,2678121,0
2677866,7706,-2578,974,-5,46,26,7594,3,3,0,-8,19375,80,34,79,16,0,0,0,0,0,0,0,-32285,0,0,0,0,0,2678131,0
2677871,7654,-2588,978,-3,46,30,7592,-4,0,0,0,19375,80,34,79,16,0,0,0,0,0,0,0,-32286,0,0,0,0,0,2678141,0
2677876,7716,-2562,966,-7,45,26,7593,-8,-4,0,-8,19375,84,34,79,16,0,0,0,0,0,0,0,-32285,0,0,0,0,0,2678151,0
2677881,7680,-2576,962,-7,49,31,7592,-2,-3,0,0,19375,84,34,79,16,0,0,0,0,0,0,0,-32286,0,0,0,0,0,2678161,0
2677886,7662,-2572,948,-11,53,25,7593,0,4,0,0,19374,82,34,79,16,0,0,0,0,0,0,0,-32286,0,0,0,0,0,2678171,0
2677891,7636,-2596,950,-10,50,26,7593,-2,0,-1,-8,19374,82,34,79,16,0,0,0,0,0,0,0,-32286,0,0,0,0,0,2678181,0
2677896,7606,-2580,932,-8,50,28,7593,0,0,0,-8,19374,84,34,79,16,0,0,0,0,0,0,0,-32286,0,0,0,0,0,2678191,0
2677901,7586,-2536,938,-5,49,16,7594,2,4,0,0,19374,84,34,79,16,0,0,0,0,0,0,0,-32286,0,0,0,0,0,2678201,0
2677906,7588,-2564,960,2,50,22,7593,1,-2,0,-8,19373,84,34,79,16,0,0,0,0,0,0,0,-32285,0,0,0,0,0,2678211,0
2677911,7586,-2560,922,5,49,20,7593,1,3,0,-8,19373,84,34,79,16,0,0,0,0,0,0,0,-32286,0,0,0,0,0,2678221,0
2677916,7598,-2528,940,3,43,20,7593,0,0,0,0,19373,80,34,79,16,0,0,0,0,0,0,0,-32286,0,0,0,0,0,2678231,0
2677921,7604,-2522,934,4,42,21,7593,0,3,0,-8,19373,80,34,79,16,0,0,0,0,0,0,0,-32286,0,0,0,0,0,2678240,0
2677926,7620,-2478,948,3,47,14,7593,-4,2,0,0,19372,75,33,79,16,0,0,0,0,0,0,0,-32286,0,0,0,0,0,2678250,0
2677931,7648,-2500,946,8,40,14,7593,0,-1,1,-8,19372,75,33,79,16,0,0,0,0,0,0,0,-32285,0,0,0,0,0,2678260,0
2677936,7652,-2494,962,1,44,11,7593,1,-2,0,-8,19373,77,33,79,16,0,0,0,0,0,0,0,-32286,0,0,0,0,0,2678270,0
2677941,7680,-2454,946,-6,45,10,7593,-6,0,0,-8,19373,77,33,79,16,0,0,0,0,0,0,0,-32286,0,0,0,0,0,2678280,0
2677946,7674,-2468,936,-9,49,4,7593,0,0,0,-8,19374,73,34,79,16,0,0,0,0,0,0,0,-32286,0,0,0,0,0,2678290,0
2677951,7684,-2452,942,-8,51,-1,7593,1,-4,0,-8,19374,73,34,79,16,0,0,0,0,0,0,0,-32286,0,0,0,0,0,2678300,0
2677956,7678,-2488,886,-16,46,0,7592,-6,-4,-1,0,19375,74,34,79,16,0,0,0,0,0,0,0,-32285,0,0,0,0,0,2678310,0
2677961,7686,-2460,886,-27,53,-1,7593,-3,0,0,-8,19375,74,34,79,16,0,0,0,0,0,0,0,-32286,0,0,0,0,0,2678320,0
2677966,7690,-2434,902,-32,48,4,7592,-8,-4,0,-8,19372,74,34,79,16,0,0,0,0,0,0,0,-32286,0,0,0,0,0,2678330,0
2677971,7676,-2414,880,-31,50,-2,7592,-4,0,-1,-8,19372,74,34,79,16,0,0,0,0,0,0,0,-32286,0,0,0,0,0,2678340,0
2677976,7670,-2434,858,-44,46,-3,7594,-1,0,0,-8,19372,83,34,79,16,0,0,0,0,0,0,0,-32286,0,0,0,0,0,2678350,0
2677981,7694,-2428,880,-58,50,-6,7593,0,0,0,-8,19372,83,34,79,16,0,0,0,0,0,0,0,-32286,0,0,0,0,0,2678360,0
2677986,7664,-2438,868,-57,49,-10,7593,2,2,0,0,19371,77,34,79,16,0,0,0,0,0,0,0,-32286,0,0,0,0,0,2678370,0
2677991,7710,-2428,890,-61,48,-7,7592,-9,1,-1,-8,19371,77,34,79,16,0,0,0,0,0,0,0,-32286,0,0,0,0,0,2678380,0
2677996,7708,-2428,904,-71,65,-15,7594,3,-1,0,-8,19373,72,34,79,16,0,0,0,0,0,0,0,-32286,0,0,0,0,0,2678390,0
2678001,7700,-2428,926,-80,62,-17,7593,5,-1,0,-8,19373,72,34,79,16,0,0,0,0,0,0,0,-32286,0,0,0,0,0,2678400,0
2678006,7710,-2462,928,-81,74,-17,7593,6,4,0,-8,19374,72,34,79,16,0,0,0,0,0,0,0,-32286,0,0,0,0,0,2678410,0
2678011,7726,-2412,922,-88,75,-20,7593,-2,1,1,-8,19374,72,34,79,16,0,0,0,0,0,0,0,-32286,0,0,0,0,0,2678420,0
2678016,7706,-2428,930,-102,80,-24,7593,0,-1,0,0,19374,71,34,79,16,0,0,0,0,0,0,0,-32286,0,0,0,0,0,2678430,0
2678021,7714,-2420,928,-110,79,-25,7592,-1,-2,0,-8,19374,71,34,79,16,0,0,0,0,0,0,0,-32286,0,0,0,0,0,2678440,0
2678026,7720,-2444,926,-109,83,-28,7592,6,-4,0,-8,19372,73,34,79,16,0,0,0,0,0,0,0,-32286,0,0,0,0,0,2678450,0
2678031,7742,-2422,930,-120,75,-30,7592,0,-3,0,-8,19372,73,34,79,16,0,0,0,0,0,0,0,-32286,0,0,0,0,0,2678460,0
2678036,7724,-2444,938,-132,83,-29,7592,1,-1,0,-8,19374,75,34,79,16,0,0,0,0,0,0,0,-32285,0,0,0,0,0,2678470,0
2678041,7698,-2430,964,-145,90,-26,7590,0,-5,-1,0,19374,75,34,79,16,0,0,0,0,0,0,0,-32286,0,0,0,0,0,2678480,0
2678046,7700,-2448,936,-150,93,-30,7588,-4,-1,0,-8,19376,75,34,79,16,0,0,0,0,0,0,0,-32285,0,0,0,0,0,2678490,0
2678051,7704,-2472,928,-153,100,-27,7587,-11,-8,0,-8,19376,75,34,79,16,0,0,0,0,0,0,0,-32286,0,0,0,0,0,2678500,0
2678056,7676,-2444,914,-167,107,-23,7585,-12,-3,0,-8,19377,80,34,79,16,0,0,0,0,0,0,0,-32286,0,0,0,0,0,2678510,0
2678061,7674,-2452,906,-170,105,-25,7585,-7,-3,0,-8,19377,80,34,79,16,0,0,0,0,0,0,0,-32285,0,0,0,0,0,2678520,0
2678066,7636,-2458,890,-187,109,-21,7582,-7,-4,0,-16,19374,84,34,79,16,0,0,0,0,0,0,0,-32286,0,0,0,0,0,2678530,0
2678071,7660,-2488,936,-203,111,-16,7578,-19,-7,1,-16,19374,84,34,79,16,0,0,0,0,0,0,0,-32286,0,0,0,0,0,2678540,0
2678076,7620,-2546,916,-265,124,17,7572,-26,-17,1,-32,19374,85,34,79,16,0,0,0,0,0,0,0,-32286,0,0,0,0,0,2678550,0
2678081,7556,-2646,938,-336,143,61,7556,-67,-32,4,-48,19374,85,34,79,16,0,0,0,0,0,0,0,-32286,0,0,0,0,0,2678560,0
2678086,7446,-2660,926,-460,174,114,7528,-128,-71,6,-72,19374,80,34,79,16,0,0,0,0,0,0,0,-32286,0,0,0,0,0,2678569,0
2678091,7508,-2572,950,-536,195,124,7494,-152,-112,1,-88,19374,80,34,79,16,0,0,0,0,0,0,0,-32286,0,0,0,0,0,2678579,0
2678096,7308,-2780,1076,-590,231,183,7449,-195,-137,0,-112,19374,73,34,79,16,0,0,0,0,0,0,0,-32286,0,0,0,0,0,2678589,0
2678101,7582,-3000,1018,-532,248,211,7401,-212,-133,-7,-120,19374,73,34,79,16,0,0,0,0,0,0,0,-32285,0,0,0,0,0,2678599,0
2678106,7350,-2824,1122,-513,255,213,7350,-227,-109,1,-144,19371,76,34,79,16,0,0,0,0,0,0,0,-32286,0,0,0,0,0,2678609,0
2678111,7522,-2836,1056,-501,262,224,7297,-235,-77,0,-128,19371,76,34,79,16,0,0,0,0,0,0,0,-32285,0,0,0,0,0,2678619,0
2678116,7610,-2544,1068,-413,258,165,7248,-214,-44,-10,-88,19370,77,34,79,16,0,0,0,0,0,0,0,-32285,0,0,0,0,0,2678629,0
2678121,7656,-2680,972,-345,252,156,7208,-166,5,2,-80,19370,77,34,79,16,0,0,0,0,0,0,0,-32285,0,0,0,0,0,2678639,0
2678126,7626,-2454,972,-289,217,112,7178,-130,54,8,-48,19370,68,34,79,16,0,0,0,0,0,0,0,-32286,0,0,0,0,0,2678649,0
2678131,7798,-2462,904,-232,209,81,7154,-99,98,2,-48,19370,68,34,79,16,0,0,0,0,0,0,0,-32286,0,0,0,0,0,2678659,0
2678136,7744,-2372,886,-281,163,47,7132,-86,115,-2,-32,19374,67,34,79,16,0,0,0,0,0,0,0,-32286,0,0,0,0,0,2678669,0
2678141,7908,-2340,922,-243,165,9,7120,-48,106,-7,-16,19374,67,34,79,16,0,0,0,0,0,0,0,-32286,0,0,0,0,0,2678679,0
2678146,7832,-2484,1006,-186,149,-13,7116,-16,96,-2,-8,19375,74,34,79,16,0,0,0,0,0,0,0,-32285,0,0,0,0,0,2678689,0
2678151,7778,-2528,1032,-159,102,-15,7113,-11,94,0,-16,19375,74,34,79,16,0,0,0,0,0,0,0,-32285,0,0,0,0,0,2678699,0
2678156,7788,-2574,1070,-242,108,12,7106,-28,72,2,-24,19376,77,34,79,16,0,0,0,0,0,0,0,-32285,0,0,0,0,0,2678709,0
2678161,7752,-2642,1120,-382,166,84,7093,-67,24,4,-56,19376,77,34,79,16,0,0,0,0,0,0,0,-32286,0,0,0,0,0,2678719,0
2678166,7496,-2682,1188,-560,209,141,7061,-139,-58,8,-80,19379,79,34,79,16,0,0,0,0,0,0,0,-32286,0,0,0,0,0,2678729,0
2678171,7612,-2826,1148,-606,218,158,7019,-190,-122,2,-136,19379,79,34,79,16,0,0,0,0,0,0,0,-32285,0,0,0,0,0,2678739,0
2678176,7328,-3000,1300,-691,282,239,6964,-244,-184,-2,-176,19383,86,34,79,16,0,0,0,0,0,0,0,-32285,0,0,0,0,0,2678749,0
2678181,7410,-3162,1196,-702,320,286,6899,-287,-190,-3,-240,19383,86,34,79,16,0,0,0,0,0,0,0,-32285,0,0,0,0,0,2678759,0
2678186,7256,-3082,1284,-742,343,310,6823,-339,-183,-4,-304,19387,86,34,79,16,0,0,0,0,0,0,0,-32286,0,0,0,0,0,2678769,0
2678191,7376,-2966,1280,-750,349,313,6746,-335,-158,-9,-280,19387,86,34,79,16,0,0,0,0,0,0,0,-32286,0,0,0,0,0,2678779,0
2678196,7350,-3090,1228,-677,351,344,6667,-348,-111,-1,-296,19383,86,34,79,16,0,0,0,0,0,0,0,-32286,0,0,0,0,0,2678789,0
2678201,7400,-3128,1152,-653,349,371,6586,-366,-73,3,-320,19383,86,34,79,16,0,0,0,0,0,0,0,-32285,0,0,0,0,0,2678799,0
2678206,7340,-2944,1146,-688,338,379,6500,-382,-49,12,-368,19379,73,34,79,16,0,0,0,0,0,0,0,-32285,0,0,0,0,0,2678809,0
2678211,7458,-2880,1086,-702,338,388,6411,-395,-40,4,-400,19379,73,34,79,16,0,0,0,0,0,0,0,-32285,0,0,0,0,0,2678819,0
2678216,7458,-2754,1148,-707,313,380,6321,-392,-49,0,-376,19374,72,34,79,16,0,0,0,0,0,0,0,-32286,0,0,0,0,0,2678829,0
2678221,7522,-2892,1128,-659,296,374,6235,-381,-34,-8,-352,19374,72,34,79,16,0,0,0,0,0,0,0,-32285,0,0,0,0,0,2678839,0
2678226,7462,-2914,1162,-620,264,376,6146,-381,-8,4,-368,19376,71,34,79,16,0,0,0,0,0,0,0,-32286,0,0,0,0,0,2678849,0
2678231,7492,-2904,1166,-607,255,386,6060,-392,4,6,-392,19376,71,34,79,16,0,0,0,0,0,0,0,-32285,0,0,0,0,0,2678861,0
2678236,7660,-2940,1184,-627,235,388,5970,-395,5,5,-416,19377,77,34,79,16,0,0,0,0,0,0,0,-32286,0,0,0,0,0,2678871,0
2678241,7588,-2760,1262,-638,236,366,5878,-407,-5,0,-424,19377,77,34,79,16,0,0,0,0,0,0,0,-32286,0,0,0,0,0,2678881,0
2678246,7762,-2854,1208,-649,251,365,5789,-395,-15,0,-416,19378,80,34,79,16,0,0,0,0,0,0,0,-32287,0,0,0,0,0,2678891,0
2678251,7706,-2774,1256,-663,250,370,5700,-390,-10,7,-416,19378,80,34,79,16,0,0,0,0,0,0,0,-32286,0,0,0,0,0,2678901,0
2678256,7638,-2872,1260,-718,268,400,5606,-408,-4,8,-456,19376,79,34,79,16,0,0,0,0,0,0,0,-32286,0,0,0,0,0,2678911,0
2678261,7614,-3088,1252,-719,275,433,5510,-419,-15,3,-488,19376,79,34,79,16,0,0,0,0,0,0,0,-32286,0,0,0,0,0,2678921,0
2678266,7468,-3174,1300,-736,251,437,5410,-446,-32,2,-520,19374,83,34,79,16,0,0,0,0,0,0,0,-32286,0,0,0,0,0,2678931,0
2678271,7586,-3032,1268,-703,268,449,5309,-447,-41,-2,-544,19374,83,34,79,16,0,0,0,0,0,0,0,-32286,0,0,0,0,0,2678941,0
2678276,7414,-3116,1248,-715,264,507,5204,-467,-51,3,-592,19372,83,34,79,16,0,0,0,0,0,0,0,-32286,0,0,0,0,0,2678951,0
2678281,7432,-3072,1234,-742,278,534,5094,-480,-51,1,-632,19372,83,34,79,16,0,0,0,0,0,0,0,-32286,0,0,0,0,0,2678961,0
2678286,7482,-3040,1240,-770,306,574,4977,-518,-58,6,-744,19371,84,34,79,16,0,0,0,0,0,0,0,-32286,0,0,0,0,0,2678971,0
2678291,7366,-3018,1258,-787,285,598,4858,-528,-66,-5,-736,19371,84,34,79,16,0,0,0,0,0,0,0,-32285,0,0,0,0,0,2678981,0
2678296,7392,-2904,1236,-802,307,653,4734,-549,-71,-3,-800,19371,80,34,79,16,0,0,0,0,0,0,0,-32286,0,0,0,0,0,2678991,0
2678301,7408,-2842,1314,-834,323,682,4606,-571,-68,0,-848,19371,80,34,79,16,0,0,0,0,0,0,0,-32285,0,0,0,0,0,2679001,0
2678306,7350,-2770,1382,-873,324,692,4472,-592,-69,-4,-896,19374,80,34,79,16,0,0,0,0,0,0,0,-32286,0,0,0,0,0,2679011,0
2678311,7504,-2666,1362,-872,338,704,4337,-599,-63,-9,-888,19374,80,34,79,16,0,0,0,0,0,0,0,-32285,0,0,0,0,0,2679021,0
2678316,7420,-2632,1450,-901,377,719,4198,-616,-62,1,-928,19375,79,34,79,16,0,0,0,0,0,0,0,-32285,0,0,0,0,0,2679031,0
2678321,7518,-2516,1448,-934,395,707,4053,-637,-61,-1,-960,19375,79,34,79,16,0,0,0,0,0,0,0,-32285,0,0,0,0,0,2679041,0
2678326,7600,-2464,1368,-929,408,701,3909,-635,-55,-5,-936,19374,74,34,79,16,0,0,0,0,0,0,0,-32286,0,0,0,0,0,2679051,0
2678331,7494,-2552,1270,-934,422,714,3763,-638,-42,2,-960,19374,74,34,79,16,0,0,0,0,0,0,0,-32286,0,0,0,0,0,2679061,0
2678336,7666,-2490,1254,-956,415,684,3615,-650,-33,4,-984,19373,76,34,79,16,0,0,0,0,0,0,0,-32286,0,0,0,0,0,2679071,0
2678341,7692,-2386,1272,-961,403,694,3468,-640,-15,-7,-944,19373,76,34,79,16,0,0,0,0,0,0,0,-32286,0,0,0,0,0,2679081,0
2678346,7616,-2366,1300,-993,395,678,3324,-634,-7,1,-960,19375,72,34,79,16,0,0,0,0,0,0,0,-32286,0,0,0,0,0,2679091,0
2678351,7710,-2432,1264,-1001,392,670,3179,-635,1,1,-960,19375,72,34,79,16,0,0,0,0,0,0,0,-32286,0,0,0,0,0,2679101,0
2678356,7810,-2420,1256,-1037,405,674,3037,-625,10,-3,-928,19379,80,34,79,16,0,0,0,0,0,0,0,-32285,0,0,0,0,0,2679111,0
2678361,7802,-2300,1186,-1045,404,666,2896,-612,24,1,-912,19379,80,34,79,16,0,0,0,0,0,0,0,-32286,0,0,0,0,0,2679121,0
2678366,7800,-2258,1224,-1042,405,642,2761,-607,23,1,-888,19378,78,34,79,16,0,0,0,0,0,0,0,-32285,0,0,0,0,0,2679130,0
2678371,7902,-2212,1218,-1060,421,633,2625,-581,34,1,-832,19378,78,34,79,16,0,0,0,0,0,0,0,-32286,0,0,0,0,0,2679140,0
2678376,7986,-1972,1136,-1146,431,605,2496,-568,45,0,-784,19378,79,34,79,16,0,0,0,0,0,0,0,-32286,0,0,0,0,0,2679150,0
2678381,7960,-1972,1194,-1213,426,582,2367,-557,42,2,-760,19378,79,34,79,16,0,0,0,0,0,0,0,-32286,0,0,0,0,0,2679160,0
2678386,8090,-1940,1134,-1272,431,585,2243,-553,46,5,-776,19374,74,34,79,16,0,0,0,0,0,0,0,-32286,0,0,0,0,0,2679170,0
2678391,7978,-2044,1168,-1298,404,562,2124,-526,53,1,-704,19374,74,34,79,16,0,0,0,0,0,0,0,-32286,0,0,0,0,0,2679180,0
2678396,7978,-2048,1230,-1402,402,517,2010,-499,61,4,-640,19374,81,34,79,16,0,0,0,0,0,0,0,-32285,0,0,0,0,0,2679190,0
2678401,7996,-1964,1182,-1439,411,501,1899,-491,60,9,-656,19374,81,34,79,16,0,0,0,0,0,0,0,-32286,0,0,0,0,0,2679200,0
2678406,7910,-1908,1230,-1453,414,475,1786,-486,57,1,-600,19373,84,34,79,16,0,0,0,0,0,0,0,-32286,0,0,0,0,0,2679210,0
2678411,7916,-2028,1236,-1483,412,445,1681,-465,53,-7,-544,19373,84,34,79,16,0,0,0,0,0,0,0,-32286,0,0,0,0,0,2679220,0
2678416,7886,-1920,1070,-1606,446,438,1583,-439,50,3,-496,19372,88,34,79,16,0,0,0,0,0,0,0,-32285,0,0,0,0,0,2679230,0
2678421,7758,-1858,1102,-1688,438,436,1483,-435,52,7,-504,19372,88,34,79,16,0,0,0,0,0,0,0,-32286,0,0,0,0,0,2679240,0
2678426,7866,-2026,1082,-1770,440,418,1383,-446,51,6,-528,19373,83,34,79,16,0,0,0,0,0,0,0,-32286,0,0,0,0,0,2679250,0
2678431,7906,-1882,1120,-1783,424,379,1292,-408,36,-9,-432,19373,83,34,79,16,0,0,0,0,0,0,0,-32286,0,0,0,0,0,2679260,0
2678436,7952,-1870,1200,-1856,408,376,1204,-377,42,-11,-368,19374,70,34,79,16,0,0,0,0,0,0,0,-32286,0,0,0,0,0,2679270,0
2678441,8040,-1850,1236,-1949,431,364,1115,-388,55,-7,-368,19374,70,34,79,16,0,0,0,0,0,0,0,-32285,0,0,0,0,0,2679280,0
2678446,8072,-1852,1260,-1995,453,343,1030,-374,44,-2,-344,19374,75,34,79,16,0,0,0,0,0,0,0,-32286,0,0,0,0,0,2679290,0
2678451,8182,-1972,1240,-2031,490,349,942,-385,35,0,-352,19374,75,34,79,16,0,0,0,0,0,0,0,-32285,0,0,0,0,0,2679300,0
2678456,8312,-1990,1232,-2102,504,300,861,-348,25,-12,-296,19378,78,34,79,16,0,0,0,0,0,0,0,-32286,0,0,0,0,0,2679310,0
2678461,8186,-1904,1224,-2187,513,275,785,-331,25,-5,-248,19378,78,34,79,16,0,0,0,0,0,0,0,-32286,0,0,0,0,0,2679320,0
2678466,8278,-1908,1174,-2265,542,266,710,-322,55,0,-256,19378,81,34,79,16,0,0,0,0,0,0,0,-32286,0,0,0,0,0,2679330,0
2678471,8210,-1848,1162,-2351,580,251,636,-332,53,3,-264,19378,81,34,79,16,0,0,0,0,0,0,0,-32286,0,0,0,0,0,2679340,0
2678476,8298,-1996,1060,-2461,635,189,565,-318,41,0,-248,19379,86,34,79,16,0,0,0,0,0,0,0,-32286,0,0,0,0,0,2679350,0
2678481,8184,-2042,1038,-2511,665,178,492,-317,27,-2,-232,19379,86,34,79,16,0,0,0,0,0,0,0,-32285,0,0,0,0,0,2679360,0
2678486,8216,-2134,966,-2528,688,169,424,-300,16,-5,-200,19376,85,34,79,16,0,0,0,0,0,0,0,-32286,0,0,0,0,0,2679370,0
2678491,8090,-2266,942,-2575,715,181,359,-284,23,-5,-160,19376,85,34,79,16,0,0,0,0,0,0,0,-32286,0,0,0,0,0,2679380,0
2678496,7892,-2190,990,-2658,753,140,298,-264,40,4,-152,19375,80,34,79,16,0,0,0,0,0,0,0,-32286,0,0,0,0,0,2679390,0
2678501,7872,-2194,968,-2696,778,152,238,-267,44,3,-152,19375,80,34,79,16,0,0,0,0,0,0,0,-32286,0,0,0,0,0,2679400,0
2678506,7828,-2354,990,-2733,786,155,180,-259,44,5,-152,19376,85,34,79,16,0,0,0,0,0,0,0,-32286,0,0,0,0,0,2679410,0
2678511,7656,-2298,1042,-2720,796,124,125,-242,38,0,-120,19376,85,34,79,16,0,0,0,0,0,0,0,-32286,0,0,0,0,0,2679420,0
2678516,7628,-2288,894,-2743,842,142,75,-225,40,6,-136,19375,82,34,79,16,0,0,0,0,0,0,0,-32285,0,0,0,0,0,2679430,0
2678521,7476,-2092,954,-2768,861,94,24,-216,35,0,-112,19375,82,34,79,16,0,0,0,0,0,0,0,-32286,0,0,0,0,0,2679439,0
2678526,7516,-2158,830,-2797,935,97,-22,-194,42,-9,-72,19374,83,34,79,16,0,0,0,0,0,0,0,-32285,0,0,0,0,0,2679449,0
2678531,7346,-2280,794,-2813,956,110,-59,-161,53,2,-72,19374,83,34,79,16,0,0,0,0,0,0,0,-32286,0,0,0,0,0,2679459,0
2678536,7028,-2354,746,-2981,1099,171,-90,-124,68,0,-40,19374,88,34,79,16,0,0,0,0,0,0,0,-32285,0,0,0,0,0,2679469,0
2678541,6912,-2486,734,-3084,1188,226,-105,-70,110,-5,-32,19374,88,34,79,16,0,0,0,0,0,0,0,-32286,0,0,0,0,0,2679479,0
2678546,6728,-2664,716,-3118,1226,264,-116,-37,132,-6,-8,19372,83,34,79,16,0,0,0,0,0,0,0,-32286,0,0,0,0,0,2679489,0
2678551,6648,-2782,686,-3010,1174,241,-117,0,138,-5,0,19372,83,34,79,16,0,0,0,0,0,0,0,-32285,0,0,0,0,0,2679499,0
2678556,6624,-2852,434,-2733,1033,227,-115,11,132,-2,8,19371,91,34,79,16,0,0,0,0,0,0,0,-32286,0,0,0,0,0,2679509,0
2678561,6496,-2848,344,-2784,1044,293,-111,11,101,1,0,19371,91,34,79,16,0,0,0,0,0,0,0,-32285,0,0,0,0,0,2679519,0
2678566,6412,-2268,418,-2839,1000,228,-112,3,58,0,-8,19375,93,34,79,16,0,0,0,0,0,0,0,-32286,0,0,0,0,0,2679529,0
2678571,6590,-3076,210,-2923,1077,334,-111,9,22,0,0,19375,93,34,79,16,0,0,0,0,0,0,0,-32286,0,0,0,0,0,2679539,0
2678576,6104,-3074,218,-3138,1077,375,-107,16,-4,-1,8,19377,94,34,79,16,0,0,0,0,0,0,0,-32285,0,0,0,0,0,2679549,0
2678581,5806,-3240,184,-3020,1019,359,-102,28,7,-2,8,19377,94,34,79,16,0,0,0,0,0,0,0,-32285,0,0,0,0,0,2679559,0
2678586,5778,-3412,126,-2861,918,335,-94,37,24,-4,24,19377,87,34,79,16,0,0,0,0,0,0,0,-32286,0,0,0,0,0,2679569,0
2678591,5720,-3288,126,-2730,847,319,-75,83,46,-8,56,19377,87,34,79,16,0,0,0,0,0,0,0,-32285,0,0,0,0,0,2679574,0
2678596,5882,-3184,226,-2605,808,312,-41,148,87,-9,80,19374,89,34,79,16,0,0,0,0,0,0,0,-32286,0,0,0,0,0,2679584,0
2678601,5912,-2908,352,-2583,780,269,-3,179,128,-3,112,19374,89,34,79,16,0,0,0,0,0,0,0,-32285,0,0,0,0,0,2679589,0
2678606,6172,-3138,282,-2507,758,282,47,227,146,-4,144,19374,80,34,79,16,0,0,0,0,0,0,0,-32286,0,0,0,0,0,2679604,0
2678611,6018,-2866,346,-2429,726,233,105,260,149,1,176,19374,80,34,79,16,0,0,0,0,0,0,0,-32286,0,0,0,0,0,2679609,0
2678616,6376,-2756,186,-2321,694,237,166,279,137,5,208,19372,79,34,79,16,0,0,0,0,0,0,0,-32286,0,0,0,0,0,2679624,0
2678621,6440,-2624,192,-2317,698,227,239,316,120,-4,256,19372,79,34,79,16,0,0,0,0,0,0,0,-32286,0,0,0,0,0,2679629,0
2678626,6514,-2382,220,-2352,732,211,315,340,110,4,288,19372,70,34,79,16,0,0,0,0,0,0,0,-32286,0,0,0,0,0,2679644,0
2678631,6680,-2344,196,-2378,752,188,400,374,101,-5,352,19372,70,34,79,16,0,0,0,0,0,0,0,-32286,0,0,0,0,0,2679649,0
2678636,6980,-2598,316,-2389,794,172,492,409,102,-9,440,19375,69,34,79,16,0,0,0,0,0,0,0,-32286,0,0,0,0,0,2679664,0
2678641,7206,-2904,362,-2409,816,194,591,434,109,-11,496,19375,69,34,79,16,0,0,0,0,0,0,0,-32286,0,0,0,0,0,2679669,0
2678646,7430,-2984,458,-2469,845,192,694,456,100,-6,568,19377,69,34,79,16,0,0,0,0,0,0,0,-32286,0,0,0,0,0,2679684,0
2678651,7758,-3230,504,-2559,879,217,800,467,91,-4,592,19377,69,34,79,16,0,0,0,0,0,0,0,-32286,0,0,0,0,0,2679689,0
2678656,8412,-3866,532,-2760,911,245,912,502,78,-4,696,19379,75,34,79,16,0,0,0,0,0,0,0,-32286,0,0,0,0,0,2679704,0
2678661,8758,-4208,538,-2790,881,250,1034,542,81,-4,800,19379,75,34,79,16,0,0,0,0,0,0,0,-32286,0,0,0,0,0,2679709,0
2678666,9166,-4534,438,-2739,801,214,1158,546,86,10,784,19379,82,34,79,16,0,0,0,0,0,0,0,-32285,0,0,0,0,0,2679724,0
2678671,9694,-4856,256,-2647,678,195,1282,542,80,10,752,19379,82,34,79,16,0,0,0,0,0,0,0,-32286,0,0,0,0,0,2679729,0
2678676,10454,-4810,218,-2656,607,193,1407,551,57,-1,768,19380,90,34,79,16,0,0,0,0,0,0,0,-32286,0,0,0,0,0,2679744,0
2678681,10342,-4796,4,-2791,646,241,1528,530,21,4,680,19380,90,34,79,16,0,0,0,0,0,0,0,-32285,0,0,0,0,0,2679749,0
2678686,10178,-4672,-126,-2891,706,252,1642,497,-18,3,608,19378,85,34,79,16,0,0,0,0,0,0,0,-32286,0,0,0,0,0,2679764,0
2678691,9832,-4416,-310,-2929,846,254,1748,463,-56,-5,536,19378,85,34,79,16,0,0,0,0,0,0,0,-32286,0,0,0,0,0,2679769,0
2678696,8800,-3440,-350,-3072,1290,230,1847,432,-86,-9,472,19376,86,34,79,16,0,0,0,0,0,0,0,-32285,0,0,0,0,0,2679784,0
2678701,8498,-3560,-478,-3130,1468,208,1940,403,-109,3,400,19376,86,34,79,16,0,0,0,0,0,0,0,-32286,0,0,0,0,0,2679789,0
2678706,7948,-3512,-398,-3078,1599,133,2020,344,-119,24,272,19375,85,34,79,16,0,0,0,0,0,0,0,-32285,0,0,0,0,0,2679804,0
2678711,7680,-3720,-622,-2973,1629,67,2088,293,-132,19,160,19375,85,34,79,16,0,0,0,0,0,0,0,-32285,0,0,0,0,0,2679809,0
2678716,7002,-3206,-964,-2813,1575,-97,2143,241,-159,3,104,19376,85,34,79,16,0,0,0,0,0,0,0,-32286,0,0,0,0,0,2679824,0
2678721,6736,-3176,-1250,-2933,1577,-86,2189,194,-177,-8,80,19376,85,34,79,16,0,0,0,0,0,0,0,-32286,0,0,0,0,0,2679829,0
2678726,6480,-3072,-1298,-3063,1553,-83,2225,159,-175,-2,40,19376,81,34,79,16,0,0,0,0,0,0,0,-32286,0,0,0,0,0,2679844,0
2678731,6172,-3126,-1290,-3199,1579,-63,2243,74,-177,0,24,19376,81,34,79,16,0,0,0,0,0,0,0,-32286,0,0,0,0,0,2679849,0
2678736,6142,-3492,-1360,-3296,1434,-19,2256,49,-178,-2,16,19376,79,34,79,16,0,0,0,0,0,0,0,-32286,0,0,0,0,0,2679864,0
2678741,6108,-3504,-1096,-3289,1385,19,2263,34,-163,-1,8,19376,79,34,79,16,0,0,0,0,0,0,0,-32285,0,0,0,0,0,2679869,0
2678746,6260,-3538,-946,-3294,1330,69,2268,16,-126,2,0,19375,75,34,79,16,0,0,0,0,0,0,0,-32286,0,0,0,0,0,2679884,0
2678751,6584,-3396,-780,-3290,1293,112,2267,-6,-98,2,-8,19375,75,34,79,16,0,0,0,0,0,0,0,-32286,0,0,0,0,0,2679889,0
2678756,7232,-3318,-444,-3306,1273,196,2267,-3,-59,-3,0,19372,81,34,79,16,0,0,0,0,0,0,0,-32286,0,0,0,0,0,2679904,0
2678761,7700,-3240,-146,-3360,1304,247,2269,4,-33,0,-8,19372,81,34,79,16,0,0,0,0,0,0,0,-32286,0,0,0,0,0,2679908,0
2678766,8104,-3166,448,-3398,1462,285,2267,-3,-24,0,-8,19372,78,34,79,16,0,0,0,0,0,0,0,-32286,0,0,0,0,0,2679923,0
2678771,8370,-3152,654,-3358,1528,301,2268,-1,0,0,-8,19372,78,34,79,16,0,0,0,0,0,0,0,-32286,0,0,0,0,0,2679928,0
2678776,8866,-2822,964,-3233,1740,286,2268,6,-5,0,0,19368,80,34,79,16,0,0,0,0,0,0,0,-32285,0,0,0,0,0,2679943,0
2678781,9116,-2526,950,-3256,1911,270,2268,3,4,0,0,19368,80,34,79,16,0,0,0,0,0,0,0,-32286,0,0,0,0,0,2679948,0
2678786,9178,-2284,1012,-3311,2110,245,2268,7,1,-1,-8,19366,83,34,79,16,0,0,0,0,0,0,0,-32285,0,0,0,0,0,2679963,0
2678791,9122,-2238,1044,-3364,2321,202,2268,1,-1,-2,-8,19366,83,34,79,16,0,0,0,0,0,0,0,-32285,0,0,0,0,0,2679967,0
2678796,8842,-2442,784,-3351,2656,103,2266,-6,-1,-1,0,19365,79,34,79,16,0,0,0,0,0,0,0,-32286,0,0,0,0,0,2679982,0
2678801,8764,-2428,650,-3312,2804,37,2268,0,-5,-1,0,19365,79,34,79,16,0,0,0,0,0,0,0,-32286,0,0,0,0,0,2679987,0
2678806,8654,-2386,572,-3309,2970,-14,2267,-2,-6,-2,0,19365,81,34,79,16,0,0,0,0,0,0,0,-32286,0,0,0,0,0,2680002,0
2678811,8434,-2398,496,-3341,3120,-59,2268,-2,1,-1,-8,19365,81,34,79,16,0,0,0,0,0,0,0,-32285,0,0,0,0,0,2680007,0
2678816,8106,-2692,364,-3425,3385,-136,2267,-3,-3,0,0,19366,73,34,79,16,0,0,0,0,0,0,0,-32286,0,0,0,0,0,2680022,0
2678821,7906,-2964,360,-3408,3464,-170,2267,-2,3,0,0,19366,73,34,79,16,0,0,0,0,0,0,0,-32286,0,0,0,0,0,2680027,0
2678826,7712,-3304,366,-3355,3506,-205,2266,-2,1,0,0,19367,70,34,79,16,0,0,0,0,0,0,0,-32286,0,0,0,0,0,2680042,0
2678831,7246,-3658,110,-3304,3470,-221,2267,-2,0,0,0,19367,70,34,79,16,0,0,0,0,0,0,0,-32286,0,0,0,0,0,2680047,0
2678836,7052,-3414,-570,-3219,3269,-262,2267,-7,2,0,0,19370,71,34,79,16,0,0,0,0,0,0,0,-32286,0,0,0,0,0,2680062,0
2678841,7064,-3702,-150,-3238,3310,-255,2266,-6,3,-1,0,19370,71,34,79,16,0,0,0,0,0,0,0,-32286,0,0,0,0,0,2680067,0
2678846,5944,-3890,-320,-3248,3101,-311,2268,-1,2,-1,-8,19373,80,34,79,16,0,0,0,0,0,0,0,-32286,0,0,0,0,0,2680082,0
2678851,6252,-4440,-1664,-3111,2622,-341,2267,0,2,-1,0,19373,80,34,79,16,0,0,0,0,0,0,0,-32286,0,0,0,0,0,2680086,0
2678856,5850,-3158,-1888,-3238,2302,-320,2266,-5,4,-1,-8,19372,80,34,79,16,0,0,0,0,0,0,0,-32286,0,0,0,0,0,2680101,0
2678861,6040,-3020,-1702,-3404,2262,-342,2267,2,-1,0,0,19372,80,34,79,16,0,0,0,0,0,0,0,-32286,0,0,0,0,0,2680106,0
2678866,5810,-3328,-1608,-3503,2093,-381,2267,-3,0,0,-8,19373,85,34,79,16,0,0,0,0,0,0,0,-32286,0,0,0,0,0,2680121,0
2678871,5876,-3794,-1624,-3501,1876,-392,2266,0,5,0,-8,19373,85,34,79,16,0,0,0,0,0,0,0,-32286,0,0,0,0,0,2680126,0
2678876,6148,-3626,-1162,-3388,1633,-456,2268,4,1,3,0,19372,82,34,79,16,0,0,0,0,0,0,0,-32286,0,0,0,0,0,2680141,0
2678881,6144,-3690,-1022,-3424,1483,-476,2267,-1,2,0,0,19372,82,34,79,16,0,0,0,0,0,0,0,-32285,0,0,0,0,0,2680146,0
2678886,6304,-3612,-970,-3425,1325,-520,2268,0,3,-1,0,19372,80,34,79,16,0,0,0,0,0,0,0,-32286,0,0,0,0,0,2680161,0
2678891,6520,-3806,-830,-3423,1229,-531,2267,-2,0,-2,-8,19372,80,34,79,16,0,0,0,0,0,0,0,-32286,0,0,0,0,0,2680166,0
2678896,6830,-3602,-282,-3638,1174,-525,2267,-1,-1,-1,-8,19371,82,34,79,16,0,0,0,0,0,0,0,-32286,0,0,0,0,0,2680181,0
2678901,6888,-3766,-66,-3635,1181,-534,2266,-12,-2,0,0,19371,82,34,79,16,0,0,0,0,0,0,0,-32286,0,0,0,0,0,2680186,0
2678906,6958,-3978,36,-3560,1116,-562,2268,5,0,-1,-8,19371,80,34,79,16,0,0,0,0,0,0,0,-32286,0,0,0,0,0,2680201,0
2678911,7142,-3994,70,-3451,1046,-576,2267,0,-3,-1,0,19371,80,34,79,16,0,0,0,0,0,0,0,-32286,0,0,0,0,0,2680206,0
2678916,7508,-3526,244,-3389,1081,-593,2268,3,4,-1,0,19371,82,34,79,16,0,0,0,0,0,0,0,-32286,0,0,0,0,0,2680221,0
2678921,7790,-3368,180,-3424,1101,-594,2267,-7,-3,0,0,19371,82,34,79,16,0,0,0,0,0,0,0,-32286,0,0,0,0,0,2680226,0
2678926,7970,-3356,104,-3450,1126,-597,2268,-1,2,0,0,19371,75,34,79,16,0,0,0,0,0,0,0,-32285,0,0,0,0,0,2680241,0
2678931,8136,-3290,100,-3445,1146,-604,2269,3,-2,0,0,19371,75,34,79,16,0,0,0,0,0,0,0,-32286,0,0,0,0,0,2680246,0
2678936,8394,-3246,98,-3424,1219,-616,2269,0,-2,-1,0,19373,73,34,79,16,0,0,0,0,0,0,0,-32286,0,0,0,0,0,2680261,0
2678941,8494,-3214,76,-3449,1291,-605,2271,2,3,-1,0,19373,73,34,79,16,0,0,0,0,0,0,0,-32285,0,0,0,0,0,2680266,0
2678946,8556,-3146,154,-3463,1366,-597,2274,16,11,-1,8,19374,66,34,79,16,0,0,0,0,0,0,0,-32286,0,0,0,0,0,2680281,0
2678951,8658,-3156,180,-3459,1432,-607,2277,16,7,-2,8,19374,66,34,79,16,0,0,0,0,0,0,0,-32285,0,0,0,0,0,2680286,0
2678956,8662,-3520,176,-3415,1559,-578,2281,13,13,-1,0,19374,71,34,79,16,0,0,0,0,0,0,0,-32286,0,0,0,0,0,2680301,0
2678961,8564,-3510,176,-3467,1637,-529,2284,25,8,-1,8,19374,71,34,79,16,0,0,0,0,0,0,0,-32286,0,0,0,0,0,2680306,0
2678966,8526,-3382,270,-3511,1735,-510,2289,31,6,-2,16,19374,73,34,79,16,0,0,0,0,0,0,0,-32286,0,0,0,0,0,2680321,0
2678971,8462,-3414,336,-3490,1843,-510,2300,44,23,-3,32,19374,73,34,79,16,0,0,0,0,0,0,0,-32286,0,0,0,0,0,2680325,0
2678976,8248,-3586,230,-3303,1951,-518,2321,105,59,-8,64,19376,80,34,79,16,0,0,0,0,0,0,0,-32286,0,0,0,0,0,2680340,0
2678981,8208,-3646,146,-3238,2025,-493,2356,159,103,-2,72,19376,80,34,79,16,0,0,0,0,0,0,0,-32286,0,0,0,0,0,2680345,0
2678986,7908,-3492,54,-3224,2068,-502,2396,182,133,-4,128,19374,78,34,79,16,0,0,0,0,0,0,0,-32286,0,0,0,0,0,2680360,0
2678991,8062,-3592,-114,-3158,2070,-515,2453,241,139,-8,184,19374,78,34,79,16,0,0,0,0,0,0,0,-32286,0,0,0,0,0,2680365,0
2678996,7760,-3584,-360,-2921,2010,-591,2523,321,168,-4,312,19374,75,34,79,16,0,0,0,0,0,0,0,-32286,0,0,0,0,0,2680380,0
2679001,7834,-3652,-590,-2833,1898,-606,2608,381,195,-6,424,19374,75,34,79,16,0,0,0,0,0,0,0,-32286,0,0,0,0,0,2680385,0
2679006,7796,-3606,-568,-2730,1844,-631,2707,440,222,-18,560,19372,78,34,79,16,0,0,0,0,0,0,0,-32285,0,0,0,0,0,2680400,0
2679011,7586,-3612,-676,-2690,1757,-635,2816,486,235,-3,664,19372,78,34,79,16,0,0,0,0,0,0,0,-32286,0,0,0,0,0,2680405,0
2679016,7540,-3600,-774,-2716,1614,-638,2934,522,199,5,744,19374,75,34,79,16,0,0,0,0,0,0,0,-32286,0,0,0,0,0,2680420,0
2679021,7516,-3624,-726,-2743,1601,-638,3058,549,161,0,824,19374,75,34,79,16,0,0,0,0,0,0,0,-32286,0,0,0,0,0,2680425,0
2679026,7404,-3744,-560,-2778,1610,-623,3187,575,129,4,880,19374,77,34,79,16,0,0,0,0,0,0,0,-32286,0,0,0,0,0,2680440,0
2679031,7330,-3844,-562,-2732,1546,-640,3323,598,106,11,896,19374,77,34,79,16,0,0,0,0,0,0,0,-32286,0,0,0,0,0,2680445,0
2679036,7090,-4054,-608,-2583,1468,-610,3457,591,82,14,856,19372,77,34,79,16,0,0,0,0,0,0,0,-32286,0,0,0,0,0,2680460,0
2679041,7116,-3944,-668,-2581,1461,-598,3591,586,55,7,832,19372,77,34,79,16,0,0,0,0,0,0,0,-32285,0,0,0,0,0,2680465,0
2679046,6910,-3882,-668,-2579,1472,-594,3727,598,32,3,840,19372,72,34,79,16,0,0,0,0,0,0,0,-32286,0,0,0,0,0,2680480,0
2679051,7080,-4360,-702,-2611,1395,-538,3859,574,1,5,760,19372,72,34,79,16,0,0,0,0,0,0,0,-32286,0,0,0,0,0,2680485,0
2679056,7092,-4344,-364,-2601,1399,-510,3983,544,-24,-4,680,19371,75,34,79,16,0,0,0,0,0,0,0,-32286,0,0,0,0,0,2680500,0
2679061,7056,-4248,-430,-2582,1384,-502,4104,534,-44,-12,680,19371,75,34,79,16,0,0,0,0,0,0,0,-32286,0,0,0,0,0,2680505,0
2679066,6952,-4426,-444,-2588,1334,-456,4220,509,-62,0,592,19373,73,34,79,16,0,0,0,0,0,0,0,-32286,0,0,0,0,0,2680520,0
2679071,7006,-4246,-390,-2611,1332,-453,4327,461,-86,5,488,19373,73,34,79,16,0,0,0,0,0,0,0,-32285,0,0,0,0,0,2680525,0
2679076,6950,-4228,-310,-2681,1344,-409,4424,419,-96,-6,408,19374,75,34,79,16,0,0,0,0,0,0,0,-32286,0,0,0,0,0,2680540,0
2679081,7032,-4466,-282,-2663,1340,-397,4517,404,-110,-6,384,19374,75,34,79,16,0,0,0,0,0,0,0,-32286,0,0,0,0,0,2680545,0
2679086,7032,-4522,-200,-2621,1341,-397,4605,389,-112,4,344,19374,78,34,79,16,0,0,0,0,0,0,0,-32286,0,0,0,0,0,2680560,0
2679091,6934,-4526,-200,-2560,1367,-379,4684,339,-103,15,224,19374,78,34,79,16,0,0,0,0,0,0,0,-32285,0,0,0,0,0,2680571,0
2679096,7144,-4500,22,-2583,1395,-352,4756,312,-99,4,192,19378,76,34,79,16,0,0,0,0,0,0,0,-32286,0,0,0,0,0,2680580,0
2679101,7030,-4386,34,-2574,1432,-347,4816,262,-109,-3,128,19378,76,34,79,16,0,0,0,0,0,0,0,-32286,0,0,0,0,0,2680585,0
2679106,6944,-4484,-146,-2573,1410,-349,4871,241,-126,-17,128,19378,80,34,79,16,0,0,0,0,0,0,0,-32286,0,0,0,0,0,2680600,0
2679111,7142,-4604,-316,-2515,1349,-350,4920,215,-123,-5,104,19378,80,34,79,16,0,0,0,0,0,0,0,-32286,0,0,0,0,0,2680605,0
2679116,6948,-4498,-156,-2386,1324,-350,4966,195,-100,2,80,19374,83,34,79,16,0,0,0,0,0,0,0,-32286,0,0,0,0,0,2680620,0
2679121,7056,-4258,-252,-2363,1275,-384,5007,184,-91,-4,80,19374,83,34,79,16,0,0,0,0,0,0,0,-32286,0,0,0,0,0,2680625,0
2679126,7146,-4436,-336,-2336,1285,-364,5044,163,-66,0,72,19371,80,34,79,16,0,0,0,0,0,0,0,-32286,0,0,0,0,0,2680640,0
2679131,6822,-4220,-322,-2347,1223,-386,5073,136,-66,-2,32,19371,80,34,79,16,0,0,0,0,0,0,0,-32286,0,0,0,0,0,2680645,0
2679136,6424,-4422,-616,-2434,1174,-304,5089,57,-94,6,8,19369,71,34,79,16,0,0,0,0,0,0,0,-32286,0,0,0,0,0,2680660,0
2679141,6838,-4514,-420,-2509,1189,-275,5088,-6,-137,8,-16,19369,71,34,79,16,0,0,0,0,0,0,0,-32286,0,0,0,0,0,2680665,0
2679146,6626,-4538,-174,-2472,1217,-280,5081,-33,-173,1,-24,19371,72,34,79,16,0,0,0,0,0,0,0,-32285,0,0,0,0,0,2680680,0
2679151,6596,-4804,-194,-2360,1157,-283,5077,-14,-157,0,-8,19371,72,34,79,16,0,0,0,0,0,0,0,-32286,0,0,0,0,0,2680685,0
2679156,6694,-4770,-284,-2004,997,-288,5077,4,-97,-1,8,19372,78,34,79,16,0,0,0,0,0,0,0,-32286,0,0,0,0,0,2680700,0
2679161,6638,-4548,-296,-1927,922,-282,5079,4,-14,0,0,19372,78,34,79,16,0,0,0,0,0,0,0,-32286,0,0,0,0,0,2680705,0
2679166,6796,-4358,-358,-1937,867,-267,5079,1,22,1,0,19374,88,34,79,16,0,0,0,0,0,0,0,-32285,0,0,0,0,0,2680720,0
2679171,6896,-4182,-286,-1946,852,-269,5079,1,26,1,-8,19374,88,34,79,16,0,0,0,0,0,0,0,-32286,0,0,0,0,0,2680725,0
2679176,7010,-4258,-162,-1913,801,-263,5079,0,4,0,-8,19373,88,34,79,16,0,0,0,0,0,0,0,-32286,0,0,0,0,0,2680740,0
2679181,7130,-4266,-54,-1849,778,-262,5079,-1,-5,0,0,19373,88,34,79,16,0,0,0,0,0,0,0,-32285,0,0,0,0,0,2680745,0
2679186,7200,-4196,66,-1782,770,-253,5080,6,3,0,0,19375,83,34,79,16,0,0,0,0,0,0,0,-32285,0,0,0,0,0,2680760,0
2679191,7276,-4154,164,-1739,776,-243,5081,4,8,1,0,19375,83,34,79,16,0,0,0,0,0,0,0,-32285,0,0,0,0,0,2680765,0
2679196,7458,-3978,278,-1706,808,-222,5083,12,11,1,0,19375,79,34,79,16,0,0,0,0,0,0,0,-32286,0,0,0,0,0,2680780,0
2679201,7502,-3940,322,-1679,831,-216,5085,8,8,1,0,19375,79,34,79,16,0,0,0,0,0,0,0,-32285,0,0,0,0,0,2680785,0
2679206,7580,-3910,336,-1634,858,-212,5089,16,11,1,8,19374,87,34,79,16,0,0,0,0,0,0,0,-32285,0,0,0,0,0,2680800,0
2679211,7672,-3844,394,-1585,894,-210,5095,26,13,0,8,19374,87,34,79,16,0,0,0,0,0,0,0,-32286,0,0,0,0,0,2680804,0
2679216,7886,-3494,434,-1418,962,-271,5109,70,31,-3,40,19371,83,34,79,16,0,0,0,0,0,0,0,-32286,0,0,0,0,0,2680819,0
2679221,8020,-3420,354,-1263,968,-322,5138,138,73,-7,80,19371,83,34,79,16,0,0,0,0,0,0,0,-32286,0,0,0,0,0,2680824,0
2679226,8018,-3280,258,-1172,955,-348,5180,189,122,-3,128,19370,86,34,79,16,0,0,0,0,0,0,0,-32286,0,0,0,0,0,2680840,0
2679231,8198,-3006,130,-1056,904,-417,5239,259,176,4,192,19370,86,34,79,16,0,0,0,0,0,0,0,-32286,0,0,0,0,0,2680844,0
2679236,8208,-2622,-20,-1029,903,-493,5305,289,204,5,240,19372,83,34,79,16,0,0,0,0,0,0,0,-32286,0,0,0,0,0,2680862,0
2679241,8402,-2676,-136,-1036,930,-532,5384,347,199,0,320,19372,83,34,79,16,0,0,0,0,0,0,0,-32286,0,0,0,0,0,2680867,0
2679246,8192,-2538,-134,-1020,964,-559,5470,380,172,-3,368,19373,73,34,79,16,0,0,0,0,0,0,0,-32287,0,0,0,0,0,2680882,0
2679251,7998,-2704,-300,-1024,904,-582,5563,407,149,-4,424,19373,73,34,79,16,0,0,0,0,0,0,0,-32285,0,0,0,0,0,2680887,0
2679256,7968,-2760,-268,-1059,909,-594,5654,403,109,-5,432,19372,74,34,79,16,0,0,0,0,0,0,0,-32286,0,0,0,0,0,2680902,0
2679261,8002,-2882,-102,-1075,974,-578,5746,410,78,-1,416,19372,74,34,79,16,0,0,0,0,0,0,0,-32285,0,0,0,0,0,2680907,0
2679266,7784,-2846,-26,-1099,979,-581,5836,402,31,3,416,19371,74,34,79,16,0,0,0,0,0,0,0,-32285,0,0,0,0,0,2680922,0
2679271,7738,-3054,-138,-1098,1006,-566,5929,405,9,-1,432,19371,74,34,79,16,0,0,0,0,0,0,0,-32285,0,0,0,0,0,2680927,0
2679276,7656,-3360,-136,-1068,1032,-553,6018,399,-3,1,400,19372,76,34,79,16,0,0,0,0,0,0,0,-32286,0,0,0,0,0,2680942,0
2679281,7524,-3180,-30,-1056,1043,-568,6104,377,-10,7,352,19372,76,34,79,16,0,0,0,0,0,0,0,-32286,0,0,0,0,0,2680947,0
2679286,7696,-3440,-222,-1087,1050,-525,6185,359,-34,9,288,19374,76,34,79,16,0,0,0,0,0,0,0,-32286,0,0,0,0,0,2680962,0
2679291,7476,-3232,-8,-1126,1111,-529,6260,336,-47,2,256,19374,76,34,79,16,0,0,0,0,0,0,0,-32286,0,0,0,0,0,2680967,0
2679296,7334,-3412,-208,-1094,1101,-508,6334,326,-62,-2,240,19377,77,34,79,16,0,0,0,0,0,0,0,-32286,0,0,0,0,0,2680982,0
2679301,7114,-3392,-274,-1059,1048,-518,6408,323,-56,-1,256,19377,77,34,79,16,0,0,0,0,0,0,0,-32286,0,0,0,0,0,2680987,0
2679306,7264,-3596,-404,-1043,1063,-469,6478,303,-46,5,192,19377,74,34,79,16,0,0,0,0,0,0,0,-32286,0,0,0,0,0,2681002,0
2679311,7026,-3378,-326,-1079,1020,-466,6542,278,-43,9,176,19377,74,34,79,16,0,0,0,0,0,0,0,-32286,0,0,0,0,0,2681007,0
2679316,7156,-3606,-394,-1111,1036,-428,6600,253,-52,1,112,19377,75,34,79,16,0,0,0,0,0,0,0,-32286,0,0,0,0,0,2681022,0
2679321,6972,-3602,-348,-1124,986,-398,6651,217,-73,0,96,19377,75,34,79,16,0,0,0,0,0,0,0,-32286,0,0,0,0,0,2681027,0
2679326,7042,-3604,-320,-1125,977,-414,6700,215,-83,-9,112,19373,78,34,79,16,0,0,0,0,0,0,0,-32286,0,0,0,0,0,2681042,0
2679331,7144,-3718,-326,-1050,983,-401,6750,214,-73,-1,112,19373,78,34,79,16,0,0,0,0,0,0,0,-32286,0,0,0,0,0,2681047,0
2679336,7158,-3740,-346,-896,916,-412,6801,220,-42,-3,128,19373,78,34,79,16,0,0,0,0,0,0,0,-32286,0,0,0,0,0,2681062,0
2679341,7230,-3596,-374,-808,860,-409,6855,234,-6,0,128,19373,78,34,79,16,0,0,0,0,0,0,0,-32286,0,0,0,0,0,2681067,0
2679346,7218,-3540,-396,-822,834,-391,6907,225,15,12,88,19372,87,34,79,16,0,0,0,0,0,0,0,-32286,0,0,0,0,0,2681082,0
2679351,7288,-3622,-460,-895,834,-348,6950,188,-5,-2,88,19372,87,34,79,16,0,0,0,0,0,0,0,-32286,0,0,0,0,0,2681087,0
2679356,7418,-3532,-362,-987,877,-297,6986,152,-39,-6,64,19372,84,34,79,16,0,0,0,0,0,0,0,-32286,0,0,0,0,0,2681102,0
2679361,7358,-3410,-226,-935,846,-310,7021,156,-68,-4,56,19372,84,34,79,16,0,0,0,0,0,0,0,-32286,0,0,0,0,0,2681107,0
2679366,7300,-3670,-280,-934,876,-252,7049,117,-85,2,48,19371,84,34,79,16,0,0,0,0,0,0,0,-32286,0,0,0,0,0,2681122,0
2679371,7010,-3518,-424,-959,779,-260,7072,102,-74,-6,48,19371,84,34,79,16,0,0,0,0,0,0,0,-32286,0,0,0,0,0,2681127,0
2679376,7232,-3538,-114,-888,839,-228,7096,105,-65,0,32,19373,81,34,79,16,0,0,0,0,0,0,0,-32286,0,0,0,0,0,2681142,0
2679381,7326,-3534,-116,-867,802,-247,7117,90,-52,0,40,19373,81,34,79,16,0,0,0,0,0,0,0,-32286,0,0,0,0,0,2681147,0
2679386,7680,-3402,-44,-723,849,-295,7145,130,-23,-7,64,19372,77,34,79,16,0,0,0,0,0,0,0,-32286,0,0,0,0,0,2681162,0
2679391,7606,-3510,10,-600,872,-303,7184,162,26,0,80,19372,77,34,79,16,0,0,0,0,0,0,0,-32286,0,0,0,0,0,2681167,0
2679396,7712,-3250,-190,-455,885,-347,7229,201,68,1,112,19372,77,34,79,16,0,0,0,0,0,0,0,-32286,0,0,0,0,0,2681182,0
2679401,7410,-3170,-410,-477,831,-363,7277,217,98,2,136,19372,77,34,79,16,0,0,0,0,0,0,0,-32285,0,0,0,0,0,2681187,0
2679406,7790,-3244,-412,-432,871,-354,7331,235,107,2,136,19372,72,34,79,16,0,0,0,0,0,0,0,-32286,0,0,0,0,0,2681202,0
2679411,7574,-3244,-336,-439,863,-330,7382,218,72,6,104,19372,72,34,79,16,0,0,0,0,0,0,0,-32285,0,0,0,0,0,2681207,0
2679416,7664,-3278,-258,-434,878,-280,7431,212,39,4,88,19371,77,34,79,16,0,0,0,0,0,0,0,-32286,0,0,0,0,0,2681222,0
2679421,7500,-3126,-142,-446,916,-274,7478,213,3,-3,112,19371,77,34,79,16,0,0,0,0,0,0,0,-32285,0,0,0,0,0,2681227,0
2679426,7374,-3258,-272,-416,943,-231,7524,194,-18,0,104,19372,81,34,79,16,0,0,0,0,0,0,0,-32286,0,0,0,0,0,2681242,0
2679431,7112,-3134,-518,-410,854,-216,7573,209,-21,-3,112,19372,81,34,79,16,0,0,0,0,0,0,0,-32285,0,0,0,0,0,2681247,0
2679436,7312,-3056,-356,-275,876,-188,7623,232,2,-4,144,19372,76,34,79,16,0,0,0,0,0,0,0,-32286,0,0,0,0,0,2681262,0
2679441,7414,-3104,-302,-242,866,-174,7681,256,29,-1,160,19372,76,34,79,16,0,0,0,0,0,0,0,-32285,0,0,0,0,0,2681267,0
2679446,7502,-3090,-328,-166,852,-157,7742,268,42,0,184,19377,74,34,79,16,0,0,0,0,0,0,0,-32285,0,0,0,0,0,2681282,0
2679451,7502,-2934,-334,-113,855,-137,7804,267,66,2,160,19377,74,34,79,16,0,0,0,0,0,0,0,-32286,0,0,0,0,0,2681287,0
2679456,7346,-2772,-562,-236,872,-62,7863,247,47,6,120,19382,81,34,79,16,0,0,0,0,0,0,0,-32285,0,0,0,0,0,2681302,0
2679461,7512,-2720,-564,-262,902,-28,7920,245,10,-3,136,19382,81,34,79,16,0,0,0,0,0,0,0,-32286,0,0,0,0,0,2681307,0
2679466,7438,-2742,-498,-255,932,7,7975,248,-12,0,128,19382,81,34,79,16,0,0,0,0,0,0,0,-32286,0,0,0,0,0,2681322,0
2679471,7362,-2808,-352,-264,937,24,8028,235,-26,0,112,19382,81,34,79,16,0,0,0,0,0,0,0,-32286,0,0,0,0,0,2681327,0
2679476,7398,-2588,-392,-175,956,60,8082,239,-26,-1,128,19378,79,34,79,16,0,0,0,0,0,0,0,-32286,0,0,0,0,0,2681342,0
2679481,7520,-2556,-452,-186,976,72,8134,234,-15,-6,144,19378,79,34,79,16,0,0,0,0,0,0,0,-32285,0,0,0,0,0,2681347,0
2679486,7592,-2546,-582,-162,979,84,8189,234,-7,0,120,19374,78,34,79,16,0,0,0,0,0,0,0,-32286,0,0,0,0,0,2681362,0
2679491,7558,-2222,-560,-157,971,52,8243,237,-3,7,128,19374,78,34,79,16,0,0,0,0,0,0,0,-32286,0,0,0,0,0,2681367,0
2679496,7648,-2422,-664,-213,968,93,8297,229,4,8,96,19378,79,34,79,16,0,0,0,0,0,0,0,-32285,0,0,0,0,0,2681382,0
2679501,7710,-2176,-584,-271,975,56,8345,213,-15,2,104,19378,79,34,79,16,0,0,0,0,0,0,0,-32286,0,0,0,0,0,2681386,0
2679506,7938,-2368,-616,-287,1023,61,8389,199,-28,-4,104,19379,83,34,79,16,0,0,0,0,0,0,0,-32285,0,0,0,0,0,2681401,0
2679511,7666,-2220,-558,-280,975,31,8433,192,-41,1,72,19379,83,34,79,16,0,0,0,0,0,0,0,-32286,0,0,0,0,0,2681406,0
2679516,7698,-2652,-624,-275,920,34,8470,164,-51,0,64,19380,85,34,79,16,0,0,0,0,0,0,0,-32285,0,0,0,0,0,2681421,0
2679521,8042,-2610,-220,-339,1055,42,8503,141,-54,-2,56,19380,85,34,79,16,0,0,0,0,0,0,0,-32285,0,0,0,0,0,2681426,0
2679526,7810,-2528,-128,-337,1018,-7,8537,150,-58,-4,72,19377,88,34,79,16,0,0,0,0,0,0,0,-32285,0,0,0,0,0,2681441,0
2679531,7888,-2986,-292,-258,1018,0,8568,132,-45,3,56,19377,88,34,79,16,0,0,0,0,0,0,0,-32286,0,0,0,0,0,2681446,0
2679536,7998,-3144,-292,-179,939,-46,8602,144,-27,-2,64,19376,88,34,79,16,0,0,0,0,0,0,0,-32286,0,0,0,0,0,2681461,0
2679541,7808,-3402,-274,-212,925,-22,8630,121,-17,2,48,19376,88,34,79,16,0,0,0,0,0,0,0,-32286,0,0,0,0,0,2681466,0
2679546,7748,-3180,-212,-187,867,-80,8660,133,-7,-5,64,19376,85,34,79,16,0,0,0,0,0,0,0,-32286,0,0,0,0,0,2681481,0
2679551,7844,-3392,-148,-125,873,-64,8691,130,-14,2,40,19376,85,34,79,16,0,0,0,0,0,0,0,-32286,0,0,0,0,0,2681486,0
2679556,7454,-3304,-96,-104,746,-92,8715,112,-12,1,48,19374,77,34,79,16,0,0,0,0,0,0,0,-32286,0,0,0,0,0,2681501,0
2679561,7486,-3528,-90,-106,776,-54,8736,89,-22,3,16,19374,77,34,79,16,0,0,0,0,0,0,0,-32286,0,0,0,0,0,2681506,0
2679566,6998,-3656,-64,-195,724,-4,8740,6,-64,9,-8,19372,84,34,79,16,0,0,0,0,0,0,0,-32286,0,0,0,0,0,2681521,0
2679571,7100,-3480,-56,-253,697,-4,8738,-10,-111,1,-8,19372,84,34,79,16,0,0,0,0,0,0,0,-32286,0,0,0,0,0,2681526,0
2679576,7020,-3722,166,-81,655,3,8737,2,-121,-3,0,19372,81,34,79,16,0,0,0,0,0,0,0,-32286,0,0,0,0,0,2681541,0
2679581,7172,-3710,310,12,605,24,8738,2,-91,0,-8,19372,81,34,79,16,0,0,0,0,0,0,0,-32286,0,0,0,0,0,2681546,0
2679586,7298,-3458,402,76,575,26,8737,-4,-44,1,-8,19372,83,34,79,16,0,0,0,0,0,0,0,-32286,0,0,0,0,0,2681561,0
2679591,7384,-3142,442,83,576,21,8734,-13,-4,1,-8,19372,83,34,79,16,0,0,0,0,0,0,0,-32286,0,0,0,0,0,2681566,0
2679596,7506,-2634,470,-59,630,7,8731,-18,-5,0,-8,19374,88,34,79,16,0,0,0,0,0,0,0,-32286,0,0,0,0,0,2681581,0
2679601,7438,-2634,536,-172,710,15,8732,0,-12,0,0,19374,88,34,79,16,0,0,0,0,0,0,0,-32286,0,0,0,0,0,2681586,0
2679606,7432,-2770,578,-242,728,-5,8730,2,-3,-2,-8,19375,83,34,79,16,0,0,0,0,0,0,0,-32286,0,0,0,0,0,2681601,0
2679611,7516,-2956,638,-163,754,-29,8732,2,10,-1,0,19375,83,34,79,16,0,0,0,0,0,0,0,-32286,0,0,0,0,0,2681606,0
2679616,7608,-3160,986,-93,828,-40,8730,4,4,0,0,19375,83,34,79,16,0,0,0,0,0,0,0,-32286,0,0,0,0,0,2681621,0
2679621,7914,-3074,1354,-155,970,-52,8729,1,13,-1,-8,19375,83,34,79,16,0,0,0,0,0,0,0,-32285,0,0,0,0,0,2681626,0
2679626,7832,-3200,1394,-178,1087,-48,8730,5,-1,0,0,19374,79,34,79,16,0,0,0,0,0,0,0,-32286,0,0,0,0,0,2681641,0
2679631,7838,-3370,1228,-145,1098,-62,8728,-12,-2,1,-8,19374,79,34,79,16,0,0,0,0,0,0,0,-32285,0,0,0,0,0,2681646,0
2679636,8114,-3298,1494,-177,1249,-35,8728,-3,0,0,-8,19374,77,34,79,16,0,0,0,0,0,0,0,-32285,0,0,0,0,0,2681661,0
2679641,8192,-3242,1584,-213,1319,-10,8728,-2,-3,-1,0,19374,77,34,79,16,0,0,0,0,0,0,0,-32285,0,0,0,0,0,2681666,0
2679646,8202,-3046,1702,-263,1404,-6,8729,0,1,0,0,19373,81,34,79,16,0,0,0,0,0,0,0,-32286,0,0,0,0,0,2681681,0
2679651,8162,-2822,1556,-292,1431,6,8728,0,3,0,-8,19373,81,34,79,16,0,0,0,0,0,0,0,-32285,0,0,0,0,0,2681686,0
2679656,8386,-2504,1526,-370,1504,-25,8728,4,2,-1,-8,19374,80,34,79,16,0,0,0,0,0,0,0,-32285,0,0,0,0,0,2681701,0
2679661,8456,-2396,1632,-439,1573,-37,8728,-1,-1,-1,0,19374,80,34,79,16,0,0,0,0,0,0,0,-32286,0,0,0,0,0,2681714,0
2679666,8442,-2154,1824,-520,1603,-81,8729,0,1,0,0,19373,81,34,79,16,0,0,0,0,0,0,0,-32286,0,0,0,0,0,2681719,0
2679671,8576,-2126,1932,-570,1641,-159,8728,-3,2,0,0,19373,81,34,79,16,0,0,0,0,0,0,0,-32286,0,0,0,0,0,2681729,0
2679676,8586,-2404,2018,-536,1670,-338,8728,0,2,1,0,19374,84,34,79,16,0,0,0,0,0,0,0,-32286,0,0,0,0,0,2681739,0
2679681,8510,-2490,2118,-543,1660,-430,8728,-4,-4,0,-8,19374,84,34,79,16,0,0,0,0,0,0,0,-32286,0,0,0,0,0,2681749,0
2679686,9038,-2524,2148,-486,1466,-594,8728,0,-4,0,-8,19373,80,34,79,16,0,0,0,0,0,0,0,-32286,0,0,0,0,0,2681757,0
2679691,8902,-2902,2302,-304,1617,-747,8725,-9,-5,1,-16,19373,80,34,79,16,0,0,0,0,0,0,0,-32285,0,0,0,0,0,2681767,0
2679696,9072,-3718,2702,445,1372,-1104,8712,-64,-27,4,-32,19371,76,34,79,16,0,0,0,0,0,0,0,-32286,0,0,0,0,0,2681776,0
2679701,8184,-3146,2384,419,1003,-1211,8694,-86,-55,1,-48,19371,76,34,79,16,0,0,0,0,0,0,0,-32286,0,0,0,0,0,2681786,0
2679706,9702,-3050,2736,106,1261,-1206,8662,-153,-96,11,-112,19371,75,34,79,16,0,0,0,0,0,0,0,-32286,0,0,0,0,0,2681796,0
2679711,8610,-3168,3176,-307,1379,-1189,8612,-228,-149,5,-168,19371,75,34,79,16,0,0,0,0,0,0,0,-32286,0,0,0,0,0,2681806,0
2679716,7942,-4800,3454,-480,1084,-1111,8537,-342,-209,4,-376,19372,83,34,79,16,0,0,0,0,0,0,0,-32286,0,0,0,0,0,2681816,0
2679721,7476,-5176,3448,-460,916,-1029,8437,-447,-273,25,-624,19372,83,34,79,16,0,0,0,0,0,0,0,-32285,0,0,0,0,0,2681826,0
2679726,6898,-5348,3438,-582,790,-939,8308,-576,-348,26,-984,19373,86,34,79,16,0,0,0,0,0,0,0,-32285,0,0,0,0,0,2681836,0
2679731,6696,-5418,3206,-773,702,-788,8145,-725,-396,-5,-1312,19373,86,34,79,16,0,0,0,0,0,0,0,-32286,0,0,0,0,0,2681846,0
2679736,5692,-5504,3150,-1139,464,-505,7955,-850,-438,-4,-1568,19373,82,34,79,16,0,0,0,0,0,0,0,-32286,0,0,0,0,0,2681856,0
2679741,5308,-5604,2898,-1188,297,-335,7737,-971,-450,-4,-1816,19373,82,34,79,16,0,0,0,0,0,0,0,-32286,0,0,0,0,0,2681865,0
2679746,5014,-5404,2730,-1216,99,-226,7494,-1070,-439,-7,-2000,19373,75,34,79,16,0,0,0,0,0,0,0,-32286,0,0,0,0,0,2681875,0
2679751,4970,-5062,2634,-1229,-63,-96,7234,-1155,-402,-4,-2176,19373,75,34,79,16,0,0,0,0,0,0,0,-32285,0,0,0,0,0,2681885,0
2679756,5054,-4090,2178,-1425,-387,96,6960,-1210,-351,-3,-2272,19373,70,34,79,16,0,0,0,0,0,0,0,-32286,0,0,0,0,0,2681895,0
2679761,5062,-3670,2058,-1516,-519,142,6676,-1253,-288,-2,-2360,19373,70,34,79,16,0,0,0,0,0,0,0,-32286,0,0,0,0,0,2681905,0
2679766,5402,-3498,2176,-1603,-682,199,6386,-1278,-219,0,-2400,19373,67,34,79,16,0,0,0,0,0,0,0,-32286,0,0,0,0,0,2681915,0
2679771,5888,-3076,2362,-1623,-755,197,6095,-1280,-154,-3,-2392,19373,67,34,79,16,0,0,0,0,0,0,0,-32286,0,0,0,0,0,2681925,0
2679776,6648,-2296,2798,-1630,-970,118,5806,-1273,-86,-6,-2360,19371,72,34,79,16,0,0,0,0,0,0,0,-32286,0,0,0,0,0,2681935,0
2679781,6998,-2080,2644,-1636,-1092,70,5521,-1251,-28,-5,-2320,19371,72,34,79,16,0,0,0,0,0,0,0,-32286,0,0,0,0,0,2681945,0
2679786,7528,-1598,2736,-1694,-1155,4,5243,-1216,18,-7,-2216,19371,80,34,79,16,0,0,0,0,0,0,0,-32286,0,0,0,0,0,2681955,0
2679791,7720,-1312,2364,-1766,-1306,-92,4969,-1198,55,-7,-2160,19371,80,34,79,16,0,0,0,0,0,0,0,-32285,0,0,0,0,0,2681965,0
2679796,8830,-974,3154,-1952,-1158,-231,4706,-1150,84,-7,-2032,19374,79,34,79,16,0,0,0,0,0,0,0,-32286,0,0,0,0,0,2681975,0
2679801,8966,-924,3094,-2048,-1163,-325,4451,-1110,101,-7,-1936,19374,79,34,79,16,0,0,0,0,0,0,0,-32285,0,0,0,0,0,2681984,0
2679806,9372,-948,3124,-2038,-1141,-421,4211,-1053,133,-7,-1800,19377,83,34,79,16,0,0,0,0,0,0,0,-32286,0,0,0,0,0,2681994,0
2679811,9476,-946,3108,-2013,-1131,-498,3981,-1005,151,-5,-1680,19377,83,34,79,16,0,0,0,0,0,0,0,-32285,0,0,0,0,0,2682004,0
2679816,9584,-716,2886,-2128,-1099,-648,3765,-946,177,-2,-1560,19376,81,34,79,16,0,0,0,0,0,0,0,-32286,0,0,0,0,0,2682014,0
2679821,9562,-364,2770,-2279,-1031,-697,3561,-889,183,1,-1440,19376,81,34,79,16,0,0,0,0,0,0,0,-32285,0,0,0,0,0,2682024,0
2679826,9516,-518,2630,-2471,-964,-727,3370,-835,188,0,-1328,19375,84,34,79,16,0,0,0,0,0,0,0,-32286,0,0,0,0,0,2682034,0
2679831,9314,-678,2622,-2638,-901,-762,3191,-783,193,0,-1232,19375,84,34,79,16,0,0,0,0,0,0,0,-32285,0,0,0,0,0,2682043,0
2679836,9014,-1242,2562,-2718,-794,-804,3023,-730,190,-6,-1112,19372,82,34,79,16,0,0,0,0,0,0,0,-32286,0,0,0,0,0,2682053,0
2679841,8666,-1386,2436,-2749,-769,-833,2868,-676,190,-2,-1000,19372,82,34,79,16,0,0,0,0,0,0,0,-32286,0,0,0,0,0,2682063,0
2679846,8450,-1584,2306,-2756,-710,-841,2726,-631,185,2,-888,19369,87,34,79,16,0,0,0,0,0,0,0,-32285,0,0,0,0,0,2682073,0
2679851,8224,-1700,2172,-2781,-642,-858,2595,-571,182,2,-784,19369,87,34,79,16,0,0,0,0,0,0,0,-32285,0,0,0,0,0,2682083,0
2679856,7760,-2000,1908,-2883,-516,-809,2475,-517,187,2,-624,19371,87,34,79,16,0,0,0,0,0,0,0,-32286,0,0,0,0,0,2682093,0
2679861,7524,-2088,1832,-2947,-454,-789,2368,-469,181,11,-528,19371,87,34,79,16,0,0,0,0,0,0,0,-32285,0,0,0,0,0,2682103,0
2679866,7464,-2566,1758,-3004,-376,-739,2270,-424,175,8,-440,19373,94,34,79,16,0,0,0,0,0,0,0,-32285,0,0,0,0,0,2682113,0
2679871,7322,-2472,1842,-2995,-316,-751,2183,-373,179,0,-336,19373,94,34,79,16,0,0,0,0,0,0,0,-32286,0,0,0,0,0,2682120,0
2679876,7358,-2722,1728,-2842,-270,-737,2106,-329,164,-12,-264,19373,85,34,79,16,0,0,0,0,0,0,0,-32285,0,0,0,0,0,2682130,0
2679881,7358,-2890,1630,-2832,-232,-684,2050,-304,152,-6,-208,19373,85,34,79,16,0,0,0,0,0,0,0,-32285,0,0,0,0,0,2682140,0
2679886,7270,-3006,1578,-2850,-212,-632,1984,-290,138,1,-184,19373,76,34,79,16,0,0,0,0,0,0,0,-32286,0,0,0,0,0,2682150,0
2679891,7100,-3126,1510,-2872,-185,-575,1922,-275,110,1,-168,19373,76,34,79,16,0,0,0,0,0,0,0,-32285,0,0,0,0,0,2682160,0
2679896,7100,-2758,1332,-2941,-102,-539,1862,-268,79,7,-168,19373,73,34,79,16,0,0,0,0,0,0,0,-32286,0,0,0,0,0,2682170,0
2679901,7252,-2786,1260,-2968,-19,-543,1805,-246,52,-3,-120,19373,73,34,79,16,0,0,0,0,0,0,0,-32286,0,0,0,0,0,2682180,0
2679906,7272,-2912,1356,-2948,69,-526,1757,-203,60,4,-104,19373,70,34,79,16,0,0,0,0,0,0,0,-32286,0,0,0,0,0,2682190,0
2679911,7180,-3058,1564,-2868,149,-570,1717,-174,79,5,-72,19373,70,34,79,16,0,0,0,0,0,0,0,-32286,0,0,0,0,0,2682200,0
2679916,7184,-3188,1876,-2602,396,-616,1686,-138,107,6,-48,19374,67,34,79,16,0,0,0,0,0,0,0,-32285,0,0,0,0,0,2682210,0
2679921,7370,-3198,1800,-2527,524,-616,1664,-84,126,-2,-40,19374,67,34,79,16,0,0,0,0,0,0,0,-32286,0,0,0,0,0,2682220,0
2679926,7250,-3264,1794,-2549,697,-612,1647,-77,123,1,-48,19374,66,34,79,16,0,0,0,0,0,0,0,-32285,0,0,0,0,0,2682230,0
2679931,7150,-3538,1762,-2563,796,-611,1623,-107,88,2,-56,19374,66,34,79,16,0,0,0,0,0,0,0,-32286,0,0,0,0,0,2682240,0
2679936,7112,-3758,1684,-2146,876,-747,1601,-101,40,-2,-56,19375,67,34,79,16,0,0,0,0,0,0,0,-32286,0,0,0,0,0,2682250,0
2679941,7016,-3920,780,-1724,478,-821,1568,-147,-19,8,-96,19375,67,34,79,16,0,0,0,0,0,0,0,-32286,0,0,0,0,0,2682260,0
2679946,6634,-4130,136,-1848,503,-703,1524,-196,-84,-3,-120,19375,73,34,79,16,0,0,0,0,0,0,0,-32286,0,0,0,0,0,2682270,0
2679951,6046,-2912,116,-2004,253,-770,1470,-248,-117,4,-200,19375,73,34,79,16,0,0,0,0,0,0,0,-32285,0,0,0,0,0,2682279,0
2679956,5994,-3108,-532,-2380,128,-642,1398,-325,-163,3,-320,19376,80,34,79,16,0,0,0,0,0,0,0,-32286,0,0,0,0,0,2682289,0
2679961,6086,-3428,-228,-2490,76,-612,1314,-370,-202,1,-392,19376,80,34,79,16,0,0,0,0,0,0,0,-32286,0,0,0,0,0,2682299,0
2679966,6206,-4060,0,-2469,60,-556,1219,-424,-200,16,-520,19377,77,34,79,16,0,0,0,0,0,0,0,-32286,0,0,0,0,0,2682309,0
2679971,6118,-4392,564,-2385,98,-496,1109,-493,-208,25,-736,19377,77,34,79,16,0,0,0,0,0,0,0,-32286,0,0,0,0,0,2682319,0
2679976,6054,-4492,1086,-2427,260,-324,981,-569,-209,9,-928,19377,77,34,79,16,0,0,0,0,0,0,0,-32286,0,0,0,0,0,2682329,0
2679981,6150,-4486,1396,-2418,362,-259,839,-626,-220,-13,-1024,19377,77,34,79,16,0,0,0,0,0,0,0,-32286,0,0,0,0,0,2682339,0
2679986,6356,-4532,1672,-2317,456,-191,684,-693,-231,-10,-1160,19376,81,34,79,16,0,0,0,0,0,0,0,-32286,0,0,0,0,0,2682349,0
2679991,6386,-4656,1790,-2286,545,-111,513,-755,-152,-2,-1280,19376,81,34,79,16,0,0,0,0,0,0,0,-32286,0,0,0,0,0,2682359,0
2679996,6688,-4354,1950,-2207,775,4,332,-799,-170,-2,-1368,19374,79,34,79,16,0,0,0,0,0,0,0,-32286,0,0,0,0,0,2682369,0
2680001,6926,-4336,1996,-2163,876,65,141,-844,-151,-4,-1440,19374,79,34,79,16,0,0,0,0,0,0,0,-32285,0,0,0,0,0,2682379,0
2680006,6884,-4132,2022,-2058,973,77,-56,-881,-237,-4,-1504,19372,82,34,79,16,0,0,0,0,0,0,0,-32286,0,0,0,0,0,2682389,0
2680011,6922,-3956,1836,-1865,990,50,-258,-888,-207,-4,-1520,19372,82,34,79,16,0,0,0,0,0,0,0,-32286,0,0,0,0,0,2682399,0
2680016,6972,-3588,1448,-1495,1012,36,-462,-902,-102,1,-1552,19374,87,34,79,16,0,0,0,0,0,0,0,-32286,0,0,0,0,0,2682409,0
2680021,7208,-2928,1272,-1484,1058,22,-668,-909,-79,-1,-1552,19374,87,34,79,16,0,0,0,0,0,0,0,-32286,0,0,0,0,0,2682419,0
2680026,7322,-2766,1236,-1558,1146,22,-878,-920,-51,0,-1576,19373,88,34,79,16,0,0,0,0,0,0,0,-32286,0,0,0,0,0,2682429,0
2680031,7388,-2710,1268,-1561,1221,6,-1086,-916,-32,0,-1576,19373,88,34,79,16,0,0,0,0,0,0,0,-32286,0,0,0,0,0,2682439,0
2680036,6970,-2594,698,-1622,1185,12,-1295,-923,-21,0,-1592,19373,86,34,79,16,0,0,0,0,0,0,0,-32285,0,0,0,0,0,2682448,0
2680041,7104,-2362,312,-1715,1165,4,-1503,-913,-9,1,-1560,19373,86,34,79,16,0,0,0,0,0,0,0,-32286,0,0,0,0,0,2682459,0
2680046,7018,-2488,270,-1800,1138,36,-1708,-908,1,-1,-1560,19372,83,34,79,16,0,0,0,0,0,0,0,-32286,0,0,0,0,0,2682463,0
2680051,6878,-2680,312,-1792,1043,8,-1912,-899,16,0,-1520,19372,83,34,79,16,0,0,0,0,0,0,0,-32286,0,0,0,0,0,2682468,0
2680056,6886,-2766,452,-1629,919,0,-2110,-872,28,-1,-1480,19372,78,34,79,16,0,0,0,0,0,0,0,-32285,0,0,0,0,0,2682483,0
2680061,6854,-2688,548,-1588,852,-22,-2307,-858,43,-4,-1432,19372,78,34,79,16,0,0,0,0,0,0,0,-32286,0,0,0,0,0,2682488,0
2680066,6964,-2516,576,-1568,829,-33,-2498,-838,54,-2,-1400,19371,79,34,79,16,0,0,0,0,0,0,0,-32286,0,0,0,0,0,2682503,0
2680071,6882,-2496,612,-1563,825,-27,-2685,-821,62,-2,-1344,19371,79,34,79,16,0,0,0,0,0,0,0,-32286,0,0,0,0,0,2682508,0
2680076,6710,-2612,742,-1583,829,-19,-2865,-793,71,-6,-1264,19369,83,34,79,16,0,0,0,0,0,0,0,-32286,0,0,0,0,0,2682523,0
2680081,6424,-2966,944,-1729,1077,120,-3038,-757,80,-10,-1168,19369,83,34,79,16,0,0,0,0,0,0,0,-32286,0,0,0,0,0,2682528,0
2680086,5760,-2654,1064,-1939,1094,148,-3199,-703,102,-11,-1024,19370,86,34,79,16,0,0,0,0,0,0,0,-32286,0,0,0,0,0,2682543,0
2680091,5984,-2916,930,-1877,1168,101,-3343,-631,138,-15,-832,19370,86,34,79,16,0,0,0,0,0,0,0,-32286,0,0,0,0,0,2682548,0
2680096,5556,-3184,768,-1482,990,132,-3464,-531,200,-7,-576,19371,86,34,79,16,0,0,0,0,0,0,0,-32285,0,0,0,0,0,2682563,0
2680101,5908,-2878,684,-1453,932,124,-3565,-429,252,5,-328,19371,86,34,79,16,0,0,0,0,0,0,0,-32286,0,0,0,0,0,2682568,0
2680106,5908,-2630,736,-1376,902,104,-3645,-337,298,1,-160,19374,79,34,79,16,0,0,0,0,0,0,0,-32286,0,0,0,0,0,2682582,0
2680111,6010,-2516,784,-1239,762,28,-3694,-199,337,8,-64,19374,79,34,79,16,0,0,0,0,0,0,0,-32286,0,0,0,0,0,2682587,0
2680116,6522,-2234,692,-849,420,-136,-3716,-82,367,29,-8,19375,71,34,79,16,0,0,0,0,0,0,0,-32286,0,0,0,0,0,2682602,0
2680121,6896,-2198,594,-735,291,-165,-3713,25,402,-1,24,19375,71,34,79,16,0,0,0,0,0,0,0,-32286,0,0,0,0,0,2682607,0
2680126,6772,-2034,760,-828,266,-153,-3700,51,383,1,8,19377,73,34,79,16,0,0,0,0,0,0,0,-32285,0,0,0,0,0,2682622,0
2680131,6740,-2022,938,-1057,325,-94,-3695,21,291,5,-8,19377,73,34,79,16,0,0,0,0,0,0,0,-32286,0,0,0,0,0,2682627,0
2680136,6678,-2334,1420,-1204,490,-81,-3698,-11,139,3,-8,19377,73,34,79,16,0,0,0,0,0,0,0,-32286,0,0,0,0,0,2682642,0
2680141,6606,-2642,1512,-1121,525,-76,-3697,-1,16,-1,0,19377,73,34,79,16,0,0,0,0,0,0,0,-32286,0,0,0,0,0,2682647,0
2680146,6544,-2798,1482,-1044,548,-57,-3698,-7,-43,0,0,19376,76,34,79,16,0,0,0,0,0,0,0,-32286,0,0,0,0,0,2682662,0
2680151,6370,-2696,1392,-1049,601,-11,-3697,0,-26,0,-8,19376,76,34,79,16,0,0,0,0,0,0,0,-32286,0,0,0,0,0,2682667,0
2680156,6154,-2516,1348,-1036,659,34,-3698,-3,-5,0,0,19372,83,34,79,16,0,0,0,0,0,0,0,-32286,0,0,0,0,0,2682682,0
2680161,6146,-2492,1324,-1020,662,52,-3696,9,6,0,0,19372,83,34,79,16,0,0,0,0,0,0,0,-32286,0,0,0,0,0,2682687,0
2680166,6088,-2484,1288,-993,668,67,-3697,2,1,0,0,19371,86,34,79,16,0,0,0,0,0,0,0,-32286,0,0,0,0,0,2682702,0
2680171,6144,-2386,1302,-956,661,78,-3695,8,5,0,0,19371,86,34,79,16,0,0,0,0,0,0,0,-32286,0,0,0,0,0,2682707,0
2680176,6362,-2240,1266,-917,622,54,-3696,4,2,0,0,19371,86,34,79,16,0,0,0,0,0,0,0,-32286,0,0,0,0,0,2682722,0
2680181,6448,-2180,1254,-914,607,64,-3694,0,4,-1,-8,19371,86,34,79,16,0,0,0,0,0,0,0,-32286,0,0,0,0,0,2682727,0
2680186,6554,-2028,1266,-927,593,70,-3695,5,-2,0,0,19372,82,34,79,16,0,0,0,0,0,0,0,-32286,0,0,0,0,0,2682742,0
2680191,6680,-1934,1262,-960,579,71,-3693,8,2,2,0,19372,82,34,79,16,0,0,0,0,0,0,0,-32286,0,0,0,0,0,2682747,0
2680196,6998,-1768,1208,-995,546,66,-3690,9,-3,0,0,19373,76,34,79,16,0,0,0,0,0,0,0,-32286,0,0,0,0,0,2682762,0
2680201,7148,-1614,1126,-993,511,75,-3687,8,13,0,8,19373,76,34,79,16,0,0,0,0,0,0,0,-32286,0,0,0,0,0,2682767,0
2680206,7238,-1484,1084,-1008,464,59,-3683,16,20,0,8,19373,79,34,79,16,0,0,0,0,0,0,0,-32286,0,0,0,0,0,2682782,0
2680211,7380,-1418,1020,-1034,415,39,-3677,22,14,0,16,19373,79,34,79,16,0,0,0,0,0,0,0,-32286,0,0,0,0,0,2682786,0
2680216,7642,-1268,958,-1082,315,15,-3665,46,22,-2,40,19374,79,34,79,16,0,0,0,0,0,0,0,-32286,0,0,0,0,0,2682801,0
2680221,7786,-1242,990,-1130,268,8,-3640,117,57,-9,72,19374,79,34,79,16,0,0,0,0,0,0,0,-32286,0,0,0,0,0,2682806,0
2680226,7894,-1494,1042,-1191,247,42,-3605,159,107,-3,80,19374,75,34,79,16,0,0,0,0,0,0,0,-32286,0,0,0,0,0,2682821,0
2680231,7872,-1494,1206,-1212,167,30,-3560,196,137,2,112,19374,75,34,79,16,0,0,0,0,0,0,0,-32286,0,0,0,0,0,2682829,0
2680236,7922,-1754,1356,-1213,45,31,-3516,199,139,4,104,19372,75,34,79,16,0,0,0,0,0,0,0,-32285,0,0,0,0,0,2682844,0
2680241,8290,-2108,1348,-1207,27,55,-3466,220,120,0,128,19372,75,34,79,16,0,0,0,0,0,0,0,-32286,0,0,0,0,0,2682849,0
2680246,8136,-1954,1554,-1195,-25,32,-3410,253,76,1,152,19373,75,34,79,16,0,0,0,0,0,0,0,-32286,0,0,0,0,0,2682864,0
2680251,8326,-2102,1600,-1199,-11,15,-3347,275,74,6,192,19373,75,34,79,16,0,0,0,0,0,0,0,-32287,0,0,0,0,0,2682869,0
2680256,8408,-2354,1704,-1052,-103,-73,-3278,308,80,-5,256,19375,78,34,79,16,0,0,0,0,0,0,0,-32286,0,0,0,0,0,2682884,0
2680261,8534,-2498,1592,-950,-160,-107,-3202,342,96,0,288,19375,78,34,79,16,0,0,0,0,0,0,0,-32286,0,0,0,0,0,2682889,0
2680266,8534,-2560,1600,-903,-209,-145,-3123,351,92,-2,296,19374,80,34,79,16,0,0,0,0,0,0,0,-32286,0,0,0,0,0,2682904,0
2680271,8638,-2712,1574,-924,-199,-138,-3046,339,79,8,256,19374,80,34,79,16,0,0,0,0,0,0,0,-32286,0,0,0,0,0,2682909,0
2680276,8588,-2876,1570,-1001,-143,-148,-2974,318,37,6,216,19375,73,34,79,16,0,0,0,0,0,0,0,-32286,0,0,0,0,0,2682924,0
2680281,8540,-2940,1578,-991,-84,-135,-2907,289,-13,0,176,19375,73,34,79,16,0,0,0,0,0,0,0,-32285,0,0,0,0,0,2682929,0
2680286,8464,-3038,1526,-962,-62,-130,-2848,254,-60,-1,128,19374,77,34,79,16,0,0,0,0,0,0,0,-32286,0,0,0,0,0,2682944,0
2680291,8352,-3132,1452,-904,-52,-100,-2794,227,-81,-5,112,19374,77,34,79,16,0,0,0,0,0,0,0,-32285,0,0,0,0,0,2682956,0
2680296,8280,-2822,1292,-867,13,-63,-2749,195,-98,0,72,19376,73,34,79,16,0,0,0,0,0,0,0,-32286,0,0,0,0,0,2682964,0
2680301,8166,-2524,1340,-861,-4,-68,-2711,171,-109,-1,64,19376,73,34,79,16,0,0,0,0,0,0,0,-32286,0,0,0,0,0,2682969,0
2680306,8262,-2494,1280,-829,43,-47,-2685,109,-114,1,32,19375,79,34,79,16,0,0,0,0,0,0,0,-32286,0,0,0,0,0,2682984,0
2680311,8142,-2204,1222,-812,-12,-57,-2668,65,-129,0,24,19375,79,34,79,16,0,0,0,0,0,0,0,-32286,0,0,0,0,0,2682989,0
2680316,8300,-1876,1344,-812,-2,-32,-2661,19,-140,8,-16,19374,78,34,79,16,0,0,0,0,0,0,0,-32285,0,0,0,0,0,2683004,0
2680321,8410,-1720,1384,-832,15,-32,-2665,-20,-154,8,-24,19374,78,34,79,16,0,0,0,0,0,0,0,-32285,0,0,0,0,0,2683008,0
2680326,8558,-1538,1506,-793,14,-66,-2670,-14,-145,0,-8,19376,78,34,79,16,0,0,0,0,0,0,0,-32286,0,0,0,0,0,2683023,0
2680331,8562,-1454,1568,-758,16,-58,-2671,0,-93,-3,0,19376,78,34,79,16,0,0,0,0,0,0,0,-32286,0,0,0,0,0,2683028,0
2680336,8748,-1094,1566,-734,16,-94,-2668,4,-42,0,0,19376,72,34,79,16,0,0,0,0,0,0,0,-32286,0,0,0,0,0,2683043,0
2680341,8760,-984,1512,-743,31,-97,-2669,6,4,3,0,19376,72,34,79,16,0,0,0,0,0,0,0,-32286,0,0,0,0,0,2683048,0
2680346,8858,-830,1438,-795,32,-118,-2669,3,20,1,-8,19376,77,34,79,16,0,0,0,0,0,0,0,-32286,0,0,0,0,0,2683063,0
2680351,9100,-900,1506,-848,56,-134,-2668,4,5,1,-8,19376,77,34,79,16,0,0,0,0,0,0,0,-32286,0,0,0,0,0,2683068,0
2680356,9828,-1800,2004,-991,155,-128,-2669,1,-3,1,0,19377,78,34,79,16,0,0,0,0,0,0,0,-32286,0,0,0,0,0,2683083,0
2680361,10378,-2474,2406,-1097,268,-105,-2669,-8,0,0,0,19377,78,34,79,16,0,0,0,0,0,0,0,-32286,0,0,0,0,0,2683088,0
2680366,10994,-3090,2588,-1126,350,-98,-2668,9,-4,0,-8,19375,75,34,79,16,0,0,0,0,0,0,0,-32286,0,0,0,0,0,2683103,0
2680371,11624,-4012,2394,-1137,325,-84,-2668,-3,-2,0,0,19375,75,34,79,16,0,0,0,0,0,0,0,-32286,0,0,0,0,0,2683108,0
2680376,12214,-4960,1504,-1288,215,-35,-2668,3,3,0,0,19376,81,34,79,16,0,0,0,0,0,0,0,-32286,0,0,0,0,0,2683123,0
2680381,12546,-5616,1204,-1333,97,-13,-2668,-2,0,0,0,19376,81,34,79,16,0,0,0,0,0,0,0,-32286,0,0,0,0,0,2683128,0
2680386,12130,-6330,1110,-1464,100,112,-2665,13,4,-1,8,19377,75,34,79,16,0,0,0,0,0,0,0,-32286,0,0,0,0,0,2683143,0
2680391,11846,-6258,1390,-1566,81,121,-2662,23,5,0,0,19377,75,34,79,16,0,0,0,0,0,0,0,-32286,0,0,0,0,0,2683148,0
2680396,11154,-6940,2174,-1253,179,71,-2660,7,13,2,0,19376,79,34,79,16,0,0,0,0,0,0,0,-32286,0,0,0,0,0,2683163,0
2680401,10668,-7266,2416,-1104,237,29,-2660,-5,-1,3,-8,19376,79,34,79,16,0,0,0,0,0,0,0,-32286,0,0,0,0,0,2683168,0
2680406,10088,-7522,2538,-935,317,-32,-2660,5,-3,2,-8,19374,84,34,79,16,0,0,0,0,0,0,0,-32286,0,0,0,0,0,2683182,0
2680411,9494,-7486,2402,-746,413,-115,-2661,3,-11,0,-8,19374,84,34,79,16,0,0,0,0,0,0,0,-32286,0,0,0,0,0,2683187,0
2680416,8198,-7494,1838,-483,428,-290,-2661,-4,-14,1,-8,19372,87,34,79,16,0,0,0,0,0,0,0,-32286,0,0,0,0,0,2683202,0
2680421,7780,-7630,1562,-441,405,-297,-2661,-1,-4,1,-8,19372,87,34,79,16,0,0,0,0,0,0,0,-32286,0,0,0,0,0,2683207,0
2680426,6838,-7750,1470,-481,394,-277,-2660,4,3,0,-8,19372,88,34,79,16,0,0,0,0,0,0,0,-32286,0,0,0,0,0,2683222,0
2680431,5952,-7868,1342,-482,369,-240,-2660,1,-1,1,-8,19372,88,34,79,16,0,0,0,0,0,0,0,-32286,0,0,0,0,0,2683227,0
2680436,4418,-7614,766,-167,174,-215,-2659,10,2,0,0,19374,81,34,79,16,0,0,0,0,0,0,0,-32285,0,0,0,0,0,2683242,0
2680441,3834,-7260,402,38,45,-205,-2657,13,3,-1,8,19374,81,34,79,16,0,0,0,0,0,0,0,-32286,0,0,0,0,0,2683247,0
2680446,3270,-6796,186,187,-106,-182,-2654,14,14,-1,8,19375,77,34,79,16,0,0,0,0,0,0,0,-32286,0,0,0,0,0,2683262,0
2680451,3134,-6372,-54,324,-254,-163,-2648,22,12,-1,8,19375,77,34,79,16,0,0,0,0,0,0,0,-32286,0,0,0,0,0,2683267,0
2680456,3168,-5736,-186,681,-472,-181,-2644,15,17,0,8,19376,77,34,79,16,0,0,0,0,0,0,0,-32286,0,0,0,0,0,2683282,0
2680461,3224,-5514,-304,748,-567,-141,-2639,23,13,0,8,19376,77,34,79,16,0,0,0,0,0,0,0,-32286,0,0,0,0,0,2683287,0
2680466,3444,-5432,-380,650,-622,-81,-2633,30,6,0,16,19377,80,34,79,16,0,0,0,0,0,0,0,-32286,0,0,0,0,0,2683302,0
2680471,3652,-5472,-486,416,-581,39,-2620,61,21,-4,40,19377,80,34,79,16,0,0,0,0,0,0,0,-32286,0,0,0,0,0,2683307,0
2680476,4396,-5716,-172,239,-467,226,-2584,160,71,-14,112,19377,80,34,79,16,0,0,0,0,0,0,0,-32286,0,0,0,0,0,2683322,0
2680481,4726,-6042,170,452,-388,299,-2526,265,155,-17,272,19377,80,34,79,16,0,0,0,0,0,0,0,-32286,0,0,0,0,0,2683327,0
2680486,4514,-6628,182,651,-527,439,-2440,391,263,-19,488,19376,83,34,79,16,0,0,0,0,0,0,0,-32286,0,0,0,0,0,2683342,0
2680491,5062,-6038,-170,904,-747,442,-2326,511,343,-34,824,19376,83,34,79,16,0,0,0,0,0,0,0,-32286,0,0,0,0,0,2683347,0
2680496,6074,-4268,-800,1438,-1177,347,-2185,629,396,-10,1112,19374,78,34,79,16,0,0,0,0,0,0,0,-32286,0,0,0,0,0,2683361,0
2680501,6762,-3588,-1076,1462,-1359,311,-2022,729,409,8,1312,19374,78,34,79,16,0,0,0,0,0,0,0,-32285,0,0,0,0,0,2683366,0
2680506,7238,-2820,-962,1344,-1488,282,-1842,802,385,12,1424,19372,80,34,79,16,0,0,0,0,0,0,0,-32286,0,0,0,0,0,2683381,0
2680511,7774,-2554,-784,1145,-1508,274,-1648,862,335,10,1544,19372,80,34,79,16,0,0,0,0,0,0,0,-32286,0,0,0,0,0,2683386,0
2680516,8328,-2734,-388,795,-1494,261,-1448,883,268,9,1560,19371,75,34,79,16,0,0,0,0,0,0,0,-32285,0,0,0,0,0,2683401,0
2680521,8478,-3026,-182,724,-1474,260,-1237,925,204,3,1632,19371,75,34,79,16,0,0,0,0,0,0,0,-32286,0,0,0,0,0,2683406,0
2680526,8392,-3280,10,659,-1426,235,-1025,933,149,12,1616,19373,81,34,79,16,0,0,0,0,0,0,0,-32286,0,0,0,0,0,2683421,0
2680531,8304,-3394,88,640,-1360,191,-808,957,108,-1,1672,19373,81,34,79,16,0,0,0,0,0,0,0,-32286,0,0,0,0,0,2683426,0
2680536,7798,-3634,220,601,-1242,147,-593,953,66,3,1648,19373,81,34,79,16,0,0,0,0,0,0,0,-32286,0,0,0,0,0,2683441,0
2680541,7628,-3732,252,601,-1163,108,-378,944,39,3,1616,19373,81,34,79,16,0,0,0,0,0,0,0,-32286,0,0,0,0,0,2683446,0
2680546,7278,-3916,370,596,-1071,84,-162,939,13,6,1584,19374,81,34,79,16,0,0,0,0,0,0,0,-32285,0,0,0,0,0,2683461,0
2680551,7072,-4036,492,627,-1003,44,48,933,1,3,1576,19374,81,34,79,16,0,0,0,0,0,0,0,-32286,0,0,0,0,0,2683466,0
2680556,6644,-4318,668,759,-888,-17,259,920,-15,0,1536,19375,70,34,79,16,0,0,0,0,0,0,0,-32285,0,0,0,0,0,2683481,0
2680561,6456,-4326,714,810,-863,-55,465,909,-34,1,1520,19375,70,34,79,16,0,0,0,0,0,0,0,-32286,0,0,0,0,0,2683486,0
2680566,6314,-4448,690,849,-817,-64,670,900,-34,1,1496,19373,76,34,79,16,0,0,0,0,0,0,0,-32286,0,0,0,0,0,2683501,0
2680571,6056,-4372,698,860,-802,-72,867,866,-44,0,1432,19373,76,34,79,16,0,0,0,0,0,0,0,-32286,0,0,0,0,0,2683506,0
2680576,5780,-4414,544,974,-784,-148,1063,863,-49,-2,1424,19373,80,34,79,16,0,0,0,0,0,0,0,-32286,0,0,0,0,0,2683521,0
2680581,5556,-4388,480,1046,-788,-170,1253,831,-57,0,1368,19373,80,34,79,16,0,0,0,0,0,0,0,-32285,0,0,0,0,0,2683526,0
2680586,5342,-4244,438,1095,-837,-230,1439,813,-65,-1,1336,19373,80,34,79,16,0,0,0,0,0,0,0,-32286,0,0,0,0,0,2683541,0
2680591,5410,-4384,242,1148,-810,-228,1622,795,-67,-1,1288,19373,80,34,79,16,0,0,0,0,0,0,0,-32286,0,0,0,0,0,2683546,0
2680596,5068,-4250,30,1181,-865,-267,1798,774,-64,-1,1264,19373,78,34,79,16,0,0,0,0,0,0,0,-32285,0,0,0,0,0,2683561,0
2680601,5000,-4344,-82,1218,-916,-264,1971,757,-66,-2,1216,19373,78,34,79,16,0,0,0,0,0,0,0,-32286,0,0,0,0,0,2683566,0
2680606,4850,-4362,-130,1236,-967,-259,2138,735,-70,6,1168,19374,77,34,79,16,0,0,0,0,0,0,0,-32286,0,0,0,0,0,2683581,0
2680611,4932,-4338,-188,1249,-1043,-255,2303,724,-64,-2,1160,19374,77,34,79,16,0,0,0,0,0,0,0,-32285,0,0,0,0,0,2683586,0
2680616,5040,-4506,-278,1402,-1197,-201,2461,695,-63,0,1072,19375,76,34,79,16,0,0,0,0,0,0,0,-32286,0,0,0,0,0,2683601,0
2680621,5174,-4512,-298,1444,-1294,-184,2614,675,-65,0,1040,19375,76,34,79,16,0,0,0,0,0,0,0,-32285,0,0,0,0,0,2683606,0
2680626,5348,-4442,-274,1474,-1389,-159,2768,672,-65,0,1032,19373,79,34,79,16,0,0,0,0,0,0,0,-32285,0,0,0,0,0,2683621,0
2680631,5612,-4402,-392,1520,-1428,-93,2915,643,-58,5,960,19373,79,34,79,16,0,0,0,0,0,0,0,-32285,0,0,0,0,0,2683626,0
2680636,6024,-4338,-404,1559,-1558,-69,3057,626,-61,0,920,19375,79,34,79,16,0,0,0,0,0,0,0,-32286,0,0,0,0,0,2683642,0
2680641,6154,-4268,-336,1614,-1585,-36,3196,615,-57,-1,888,19375,79,34,79,16,0,0,0,0,0,0,0,-32285,0,0,0,0,0,2683647,0
2680646,6332,-4176,-286,1677,-1607,-3,3336,611,-53,1,872,19375,78,34,79,16,0,0,0,0,0,0,0,-32286,0,0,0,0,0,2683660,0
2680651,6520,-4242,-200,1700,-1605,29,3469,587,-48,2,824,19375,78,34,79,16,0,0,0,0,0,0,0,-32285,0,0,0,0,0,2683665,0
2680656,6952,-3950,-84,1817,-1535,50,3600,574,-42,2,776,19375,87,34,79,16,0,0,0,0,0,0,0,-32286,0,0,0,0,0,2683680,0
2680661,7096,-3934,-44,1948,-1510,41,3732,576,-42,-3,776,19375,87,34,79,16,0,0,0,0,0,0,0,-32285,0,0,0,0,0,2683685,0
2680666,7178,-3834,-100,2027,-1479,58,3859,558,-39,-4,736,19371,87,34,79,16,0,0,0,0,0,0,0,-32285,0,0,0,0,0,2683699,0
2680671,7408,-3574,-74,2046,-1433,67,3982,539,-37,-4,696,19371,87,34,79,16,0,0,0,0,0,0,0,-32285,0,0,0,0,0,2683704,0
2680676,7736,-3168,-44,2110,-1297,51,4106,539,-44,-12,736,19371,91,34,79,16,0,0,0,0,0,0,0,-32286,0,0,0,0,0,2683719,0
2680681,7720,-3252,-110,2156,-1248,56,4225,529,-34,0,672,19371,91,34,79,16,0,0,0,0,0,0,0,-32285,0,0,0,0,0,2683724,0
2680686,7764,-3020,-150,2163,-1196,43,4344,512,-37,8,624,19374,83,34,79,16,0,0,0,0,0,0,0,-32286,0,0,0,0,0,2683739,0
2680691,7846,-2904,-200,2132,-1125,51,4456,494,-48,0,584,19374,83,34,79,16,0,0,0,0,0,0,0,-32285,0,0,0,0,0,2683744,0
2680696,7948,-2674,-236,2139,-1002,-7,4567,489,-41,-6,584,19375,67,34,79,16,0,0,0,0,0,0,0,-32286,0,0,0,0,0,2683759,0
2680701,7818,-2784,-314,2132,-952,13,4675,473,-48,-1,528,19375,67,34,79,16,0,0,0,0,0,0,0,-32285,0,0,0,0,0,2683764,0
2680706,7764,-2680,-348,2073,-902,4,4779,448,-52,2,488,19374,75,34,79,16,0,0,0,0,0,0,0,-32286,0,0,0,0,0,2683779,0
2680711,7828,-2628,-398,2024,-847,5,4877,436,-52,-8,480,19374,75,34,79,16,0,0,0,0,0,0,0,-32285,0,0,0,0,0,2683784,0
2680716,7620,-2744,-412,2038,-808,0,4974,430,-56,-3,464,19374,78,34,79,16,0,0,0,0,0,0,0,-32286,0,0,0,0,0,2683799,0
2680721,7546,-2746,-434,2074,-814,-6,5070,425,-50,0,448,19374,78,34,79,16,0,0,0,0,0,0,0,-32286,0,0,0,0,0,2683804,0
2680726,7572,-2766,-476,2053,-800,30,5164,396,-41,8,392,19376,76,34,79,16,0,0,0,0,0,0,0,-32286,0,0,0,0,0,2683820,0
2680731,7496,-2414,-424,1976,-793,15,5253,391,-32,1,400,19376,76,34,79,16,0,0,0,0,0,0,0,-32285,0,0,0,0,0,2683825,0
2680736,7418,-2516,-430,2009,-794,26,5341,381,-38,2,360,19382,76,34,79,16,0,0,0,0,0,0,0,-32286,0,0,0,0,0,2683839,0
2680741,7490,-2522,-378,2122,-822,7,5430,386,-34,-3,384,19382,76,34,79,16,0,0,0,0,0,0,0,-32286,0,0,0,0,0,2683844,0
2680746,7474,-2298,-246,2169,-847,-18,5521,400,-17,-7,416,19387,83,34,79,16,0,0,0,0,0,0,0,-32286,0,0,0,0,0,2683859,0
2680751,7678,-2124,-156,2100,-789,-10,5608,377,-2,2,360,19387,83,34,79,16,0,0,0,0,0,0,0,-32286,0,0,0,0,0,2683864,0
2680756,8708,-1912,-224,1901,-597,-5,5695,380,-2,5,352,19387,79,34,79,16,0,0,0,0,0,0,0,-32286,0,0,0,0,0,2683879,0
2680761,6942,-1974,64,1863,-567,-56,5780,368,-10,5,336,19387,79,34,79,16,0,0,0,0,0,0,0,-32286,0,0,0,0,0,2683884,0
2680766,7350,-2470,-32,1924,-514,-76,5865,378,-16,-1,352,19381,72,34,79,16,0,0,0,0,0,0,0,-32286,0,0,0,0,0,2683899,0
2680771,7270,-2476,110,2110,-531,-100,5953,391,-12,0,384,19381,72,34,79,16,0,0,0,0,0,0,0,-32286,0,0,0,0,0,2683904,0
2680776,7454,-2362,22,2216,-522,-152,6040,379,3,3,344,19377,59,34,79,16,0,0,0,0,0,0,0,-32286,0,0,0,0,0,2683919,0
2680781,7452,-2068,-104,2217,-495,-155,6127,376,9,2,328,19377,59,34,79,16,0,0,0,0,0,0,0,-32286,0,0,0,0,0,2683923,0
2680786,7288,-2128,-146,2183,-476,-150,6212,366,4,1,312,19375,61,34,79,16,0,0,0,0,0,0,0,-32286,0,0,0,0,0,2683938,0
2680791,7276,-2128,-244,2184,-477,-163,6295,363,-12,0,328,19375,61,34,79,16,0,0,0,0,0,0,0,-32286,0,0,0,0,0,2683943,0
2680796,7168,-1978,-362,2344,-477,-189,6378,372,-21,-3,336,19377,81,34,79,16,0,0,0,0,0,0,0,-32286,0,0,0,0,0,2683958,0
2680801,7260,-1890,-506,2380,-495,-182,6465,370,-7,-2,328,19377,81,34,79,16,0,0,0,0,0,0,0,-32286,0,0,0,0,0,2683963,0
2680806,7064,-1560,-554,2275,-486,-193,6544,352,-6,6,296,19377,85,34,79,16,0,0,0,0,0,0,0,-32286,0,0,0,0,0,2683978,0
2680811,7230,-1436,-732,2188,-465,-209,6623,335,-8,5,248,19377,85,34,79,16,0,0,0,0,0,0,0,-32286,0,0,0,0,0,2683983,0
2680816,7122,-1442,-866,2060,-425,-245,6696,319,-36,7,232,19375,88,34,79,16,0,0,0,0,0,0,0,-32285,0,0,0,0,0,2683998,0
2680821,7262,-1502,-936,2076,-417,-281,6769,322,-45,-3,240,19375,88,34,79,16,0,0,0,0,0,0,0,-32286,0,0,0,0,0,2684003,0
2680826,7306,-1550,-922,2102,-436,-318,6846,340,-31,-5,272,19375,83,34,79,16,0,0,0,0,0,0,0,-32286,0,0,0,0,0,2684018,0
2680831,7430,-1630,-878,2110,-455,-340,6922,330,-9,3,256,19375,83,34,79,16,0,0,0,0,0,0,0,-32285,0,0,0,0,0,2684023,0
2680836,7606,-1708,-660,1930,-438,-360,6995,315,2,4,216,19373,83,34,79,16,0,0,0,0,0,0,0,-32286,0,0,0,0,0,2684038,0
2680841,7766,-1908,-614,1879,-380,-351,7064,302,-7,6,192,19373,83,34,79,16,0,0,0,0,0,0,0,-32286,0,0,0,0,0,2684042,0
2680846,7616,-1980,-396,1829,-370,-357,7130,292,-34,-1,176,19372,78,34,79,16,0,0,0,0,0,0,0,-32286,0,0,0,0,0,2684057,0
2680851,7776,-1956,-298,1846,-357,-404,7196,295,-44,-7,200,19372,78,34,79,16,0,0,0,0,0,0,0,-32286,0,0,0,0,0,2684062,0
2680856,7910,-2068,-206,1942,-290,-438,7266,300,-24,-3,216,19374,78,33,79,16,0,0,0,0,0,0,0,-32286,0,0,0,0,0,2684077,0
2680861,8010,-2106,-258,1971,-253,-439,7338,318,4,2,240,19374,78,33,79,16,0,0,0,0,0,0,0,-32286,0,0,0,0,0,2684082,0
2680866,7940,-2088,-290,1938,-215,-416,7406,287,12,8,176,19374,79,34,79,16,0,0,0,0,0,0,0,-32285,0,0,0,0,0,2684097,0
2680871,7836,-1912,-328,1910,-185,-414,7472,283,2,5,168,19374,79,34,79,16,0,0,0,0,0,0,0,-32286,0,0,0,0,0,2684102,0
2680876,8164,-1854,-548,1922,-151,-417,7535,272,-19,0,152,19372,87,34,79,16,0,0,0,0,0,0,0,-32286,0,0,0,0,0,2684117,0
2680881,8274,-1882,-482,1952,-182,-443,7585,276,-30,-3,176,19372,87,34,79,16,0,0,0,0,0,0,0,-32286,0,0,0,0,0,2684122,0
2680886,8750,-1778,-594,2038,-158,-425,7650,279,-24,-4,192,19368,82,34,79,16,0,0,0,0,0,0,0,-32286,0,0,0,0,0,2684137,0
2680891,8652,-1332,-458,2054,-180,-433,7720,301,6,2,224,19368,82,34,79,16,0,0,0,0,0,0,0,-32286,0,0,0,0,0,2684149,0
2680896,9290,-1110,-626,2011,-190,-458,7792,320,25,1,232,19368,77,34,79,16,0,0,0,0,0,0,0,-32285,0,0,0,0,0,2684156,0
2680901,9302,-964,-600,1954,-201,-445,7863,305,33,7,192,19368,77,34,79,16,0,0,0,0,0,0,0,-32286,0,0,0,0,0,2684161,0
2680906,9596,-850,-678,1902,-220,-437,7931,300,18,-5,200,19370,73,34,79,16,0,0,0,0,0,0,0,-32286,0,0,0,0,0,2684176,0
2680911,9862,-724,-716,1893,-225,-408,7999,297,-5,-4,200,19370,73,34,79,16,0,0,0,0,0,0,0,-32286,0,0,0,0,0,2684181,0
2680916,10040,-182,-570,1753,-219,-419,8064,288,-16,-1,192,19373,73,34,79,16,0,0,0,0,0,0,0,-32286,0,0,0,0,0,2684196,0
2680921,10100,-216,-602,1719,-152,-410,8133,293,-13,-2,192,19373,73,34,79,16,0,0,0,0,0,0,0,-32285,0,0,0,0,0,2684201,0
2680926,10062,-136,-576,1721,-164,-405,8201,307,0,0,208,19372,76,34,79,16,0,0,0,0,0,0,0,-32286,0,0,0,0,0,2684216,0
2680931,10166,-108,-632,1714,-156,-401,8269,301,4,0,192,19372,76,34,79,16,0,0,0,0,0,0,0,-32285,0,0,0,0,0,2684221,0
2680936,10222,412,-594,1616,-101,-448,8333,279,-3,0,160,19371,73,34,79,16,0,0,0,0,0,0,0,-32286,0,0,0,0,0,2684236,0
2680941,10170,470,-676,1515,-39,-472,8394,273,-19,-8,168,19371,73,34,79,16,0,0,0,0,0,0,0,-32286,0,0,0,0,0,2684240,0
2680946,10064,186,-782,1404,5,-475,8452,256,-34,-3,128,19372,73,34,79,16,0,0,0,0,0,0,0,-32286,0,0,0,0,0,2684255,0
2680951,9824,-30,-802,1338,41,-502,8505,227,-51,-2,112,19372,73,34,79,16,0,0,0,0,0,0,0,-32286,0,0,0,0,0,2684260,0
2680956,9566,-690,-1008,1317,74,-591,8555,220,-57,-10,104,19375,88,34,79,16,0,0,0,0,0,0,0,-32285,0,0,0,0,0,2684275,0
2680961,9326,-902,-952,1313,35,-637,8603,213,-53,0,96,19375,88,34,79,16,0,0,0,0,0,0,0,-32286,0,0,0,0,0,2684280,0
2680966,9430,-1470,-1040,1255,37,-656,8647,191,-50,-3,96,19375,93,34,79,16,0,0,0,0,0,0,0,-32286,0,0,0,0,0,2684295,0
2680971,9468,-1924,-934,1217,16,-688,8692,198,-36,-1,88,19375,93,34,79,16,0,0,0,0,0,0,0,-32285,0,0,0,0,0,2684300,0
2680976,9388,-3020,-734,1204,-23,-699,8733,175,-32,2,72,19375,88,34,79,16,0,0,0,0,0,0,0,-32286,0,0,0,0,0,2684315,0
2680981,9010,-3086,-580,1136,-105,-715,8760,113,-59,1,32,19375,88,34,79,16,0,0,0,0,0,0,0,-32286,0,0,0,0,0,2684320,0
2680986,9090,-3188,-500,1079,-187,-690,8775,68,-103,-3,16,19372,77,34,79,16,0,0,0,0,0,0,0,-32285,0,0,0,0,0,2684334,0
2680991,8910,-3164,-370,992,-207,-656,8786,46,-140,2,8,19372,77,34,79,16,0,0,0,0,0,0,0,-32286,0,0,0,0,0,2684339,0
2680996,8754,-3412,-18,868,-230,-602,8788,3,-140,5,-8,19374,72,34,79,16,0,0,0,0,0,0,0,-32285,0,0,0,0,0,2684354,0
2681001,8646,-3338,370,795,-203,-524,8787,3,-117,0,0,19374,72,34,79,16,0,0,0,0,0,0,0,-32286,0,0,0,0,0,2684359,0
2681006,8518,-3308,608,631,-226,-477,8787,-3,-71,0,0,19373,77,34,79,16,0,0,0,0,0,0,0,-32286,0,0,0,0,0,2684374,0
2681011,8982,-3686,966,579,-209,-479,8787,-3,-40,0,0,19373,77,34,79,16,0,0,0,0,0,0,0,-32286,0,0,0,0,0,2684379,0
2681016,8640,-4438,1736,1134,-345,-575,8787,-5,-22,0,-8,19372,85,34,79,16,0,0,0,0,0,0,0,-32286,0,0,0,0,0,2684394,0
2681021,8910,-4324,1996,1172,-384,-589,8787,-4,-3,0,-8,19372,85,34,79,16,0,0,0,0,0,0,0,-32286,0,0,0,0,0,2684399,0
2681026,8504,-4032,2098,1002,-370,-598,8785,-9,-5,-1,-8,19372,76,34,79,16,0,0,0,0,0,0,0,-32286,0,0,0,0,0,2684413,0
2681031,8184,-4156,1700,753,-383,-623,8784,-2,-3,0,-8,19372,76,34,79,16,0,0,0,0,0,0,0,-32286,0,0,0,0,0,2684418,0
2681036,7190,-4982,1950,216,-209,-622,8784,-1,-5,0,-8,19371,72,34,79,16,0,0,0,0,0,0,0,-32286,0,0,0,0,0,2684433,0
2681041,7108,-5638,2326,321,-202,-704,8783,-2,-2,0,-8,19371,72,34,79,16,0,0,0,0,0,0,0,-32286,0,0,0,0,0,2684438,0
2681046,8490,-3378,4502,1616,-130,-1647,8772,-63,-11,11,-64,19372,75,34,79,16,0,0,0,0,0,0,0,-32286,0,0,0,0,0,2684453,0
2681051,8766,-11386,2450,3464,-802,-1297,8734,-177,-83,14,-136,19372,75,34,79,16,0,0,0,0,0,0,0,-32285,0,0,0,0,0,2684458,0
2681056,5860,-6570,3018,3099,-1686,-1551,8671,-286,-187,9,-320,19371,78,34,79,16,0,0,0,0,0,0,0,-32286,0,0,0,0,0,2684473,0
2681061,7552,-7382,974,2830,-1339,-1355,8569,-460,-317,37,-704,19371,78,34,79,16,0,0,0,0,0,0,0,-32286,0,0,0,0,0,2684478,0
2681066,4922,-5228,2268,2195,-1429,-1342,8419,-688,-456,47,-1360,19375,83,34,79,16,0,0,0,0,0,0,0,-32286,0,0,0,0,0,2684493,0
2681071,5594,-6588,1546,1530,-1371,-1237,8208,-954,-594,19,-1968,19375,83,34,79,16,0,0,0,0,0,0,0,-32286,0,0,0,0,0,2684498,0
2681076,4362,-8688,1932,867,-1014,-771,7931,-1254,-738,19,-2640,19375,82,34,79,16,0,0,0,0,0,0,0,-32286,0,0,0,0,0,2684513,0
2681081,4214,-9870,2016,987,-1059,-557,7588,-1542,-883,8,-3248,19375,82,34,79,16,0,0,0,0,0,0,0,-32285,0,0,0,0,0,2684517,0
2681086,4496,-10094,2250,1230,-1039,-285,7183,-1808,-957,2,-3816,19375,80,34,79,16,0,0,0,0,0,0,0,-32286,0,0,0,0,0,2684532,0
2681091,4382,-9630,2416,1278,-1028,-9,6723,-2050,-975,-1,-4304,19375,80,34,79,16,0,0,0,0,0,0,0,-32286,0,0,0,0,0,2684537,0
2681096,5184,-8852,2330,1048,-789,530,6213,-2259,-926,-7,-4752,19371,79,34,79,16,0,0,0,0,0,0,0,-32285,0,0,0,0,0,2684552,0
2681101,5618,-8602,2530,1089,-723,726,5662,-2447,-847,0,-5136,19371,79,34,79,16,0,0,0,0,0,0,0,-32285,0,0,0,0,0,2684557,0
2681106,6030,-8596,2586,1199,-639,974,5070,-2629,-759,-5,-5496,19371,88,34,79,16,0,0,0,0,0,0,0,-32285,0,0,0,0,0,2684572,0
2681111,6368,-8014,2288,1293,-611,1161,4440,-2782,-685,-23,-5744,19371,88,34,79,16,0,0,0,0,0,0,0,-32286,0,0,0,0,0,2684577,0
2681116,7130,-7550,2562,1144,-210,1650,3789,-2878,-600,-33,-5848,19367,93,34,79,16,0,0,0,0,0,0,0,-32286,0,0,0,0,0,2684592,0
2681121,7026,-7124,1438,1333,-637,1638,3135,-2878,-487,-33,-5784,19367,93,34,79,16,0,0,0,0,0,0,0,-32286,0,0,0,0,0,2684597,0
2681126,8758,-6876,506,1815,-901,1647,2488,-2838,-304,2,-5728,19364,100,34,79,16,0,0,0,0,0,0,0,-32286,0,0,0,0,0,2684612,0
2681131,9220,-5062,476,2137,-1147,1530,1853,-2786,-106,14,-5648,19364,100,34,79,16,0,0,0,0,0,0,0,-32286,0,0,0,0,0,2684617,0
2681136,11136,-2494,-130,1900,-1367,1294,1225,-2767,36,12,-5592,19362,104,34,79,16,0,0,0,0,0,0,0,-32286,0,0,0,0,0,2684631,0
2681141,11710,-2082,-98,1622,-1491,1170,596,-2762,104,-2,-5528,19362,104,34,79,16,0,0,0,0,0,0,0,-32285,0,0,0,0,0,2684636,0
2681146,12130,-2060,124,1488,-1583,1019,-29,-2760,90,-16,-5464,19361,107,34,79,16,0,0,0,0,0,0,0,-32286,0,0,0,0,0,2684651,0
2681151,12364,-2032,412,1509,-1706,851,-650,-2728,56,-20,-5360,19361,107,34,79,16,0,0,0,0,0,0,0,-32286,0,0,0,0,0,2684656,0
2681156,12322,-2126,1002,1611,-1860,561,-1258,-2671,62,0,-5288,19362,105,34,79,16,0,0,0,0,0,0,0,-32286,0,0,0,0,0,2684671,0
2681161,12208,-1982,1474,1620,-1782,462,-1852,-2605,104,11,-5160,19362,105,34,79,16,0,0,0,0,0,0,0,-32286,0,0,0,0,0,2684676,0
2681166,11938,-1854,1926,1540,-1626,396,-2433,-2553,147,14,-5096,19367,115,34,79,16,0,0,0,0,0,0,0,-32286,0,0,0,0,0,2684691,0
2681171,11690,-1978,2484,1517,-1414,346,-3008,-2524,177,0,-5016,19367,115,34,79,16,0,0,0,0,0,0,0,-32286,0,0,0,0,0,2684696,0
2681176,11144,-2156,3640,1668,-742,290,-3578,-2502,162,-7,-4928,19367,113,34,79,16,0,0,0,0,0,0,0,-32285,0,0,0,0,0,2684711,0
2681181,10866,-2062,3870,1713,-383,285,-4138,-2461,136,-16,-4808,19367,113,34,79,16,0,0,0,0,0,0,0,-32285,0,0,0,0,0,2684716,0
2681186,10560,-2122,3788,1760,-39,295,-4682,-2389,126,-14,-4632,19366,115,34,79,16,0,0,0,0,0,0,0,-32286,0,0,0,0,0,2684731,0
2681191,10096,-2090,3666,1770,289,323,-5204,-2285,165,-5,-4416,19366,115,34,79,16,0,0,0,0,0,0,0,-32286,0,0,0,0,0,2684736,0
2681196,9312,-1844,2608,1697,685,366,-5704,-2185,235,8,-4232,19364,94,34,79,16,0,0,0,0,0,0,0,-32285,0,0,0,0,0,2684750,0
2681201,8932,-1618,2226,1694,816,377,-6179,-2083,296,9,-4016,19364,94,34,79,16,0,0,0,0,0,0,0,-32286,0,0,0,0,0,2684755,0
2681206,8814,-1646,2044,1745,967,371,-6633,-1983,337,5,-3824,19367,90,34,79,16,0,0,0,0,0,0,0,-32286,0,0,0,0,0,2684770,0
2681211,8028,-1798,1832,1833,1000,394,-7068,-1908,344,-1,-3632,19367,90,34,79,16,0,0,0,0,0,0,0,-32285,0,0,0,0,0,2684775,0
2681216,7380,-1664,500,1806,880,473,-7488,-1834,317,-10,-3456,19369,80,34,79,16,0,0,0,0,0,0,0,-32285,0,0,0,0,0,2684790,0
2681221,7388,-1572,712,1863,890,461,-7891,-1760,292,-10,-3280,19369,80,34,79,16,0,0,0,0,0,0,0,-32285,0,0,0,0,0,2684795,0
2681226,7334,-1828,948,1931,905,499,-8279,-1699,259,-4,-3128,19370,79,34,79,16,0,0,0,0,0,0,0,-32286,0,0,0,0,0,2684810,0
2681231,6858,-1354,704,1893,826,505,-8652,-1632,248,-3,-2984,19370,79,34,79,16,0,0,0,0,0,0,0,-32286,0,0,0,0,0,2684818,0
2681236,6964,-1228,164,1555,752,563,-9008,-1556,238,0,-2832,19370,83,34,79,16,0,0,0,0,0,0,0,-32285,0,0,0,0,0,2684833,0
2681241,6956,-1626,416,1458,722,591,-9351,-1494,234,5,-2712,19370,83,34,79,16,0,0,0,0,0,0,0,-32286,0,0,0,0,0,2684838,0
2681246,6958,-1906,794,1587,668,580,-9681,-1446,224,4,-2640,19371,88,34,79,16,0,0,0,0,0,0,0,-32286,0,0,0,0,0,2684853,0
2681251,6792,-1942,714,1629,526,614,-9999,-1396,214,12,-2560,19371,88,34,79,16,0,0,0,0,0,0,0,-32287,0,0,0,0,0,2684857,0
2681256,6726,-1412,578,1176,598,760,-10308,-1349,195,8,-2488,19373,82,34,79,16,0,0,0,0,0,0,0,-32286,0,0,0,0,0,2684872,0
2681261,6624,-1556,932,927,732,832,-10610,-1322,168,8,-2440,19373,82,34,79,16,0,0,0,0,0,0,0,-32286,0,0,0,0,0,2684877,0
2681266,6410,-1918,1190,845,791,890,-10903,-1291,142,6,-2376,19374,86,34,79,16,0,0,0,0,0,0,0,-32286,0,0,0,0,0,2684892,0
2681271,6268,-2178,1328,926,824,915,-11192,-1265,122,-3,-2304,19374,86,34,79,16,0,0,0,0,0,0,0,-32286,0,0,0,0,0,2684897,0
2681276,6154,-1808,1222,1183,897,906,-11475,-1237,109,0,-2256,19374,84,34,79,16,0,0,0,0,0,0,0,-32286,0,0,0,0,0,2684912,0
2681281,6144,-1456,1516,1140,962,922,-11752,-1216,93,-4,-2192,19374,84,34,79,16,0,0,0,0,0,0,0,-32285,0,0,0,0,0,2684917,0
2681286,6166,-1286,1418,1061,1069,911,-12025,-1196,79,-4,-2136,19371,87,34,79,16,0,0,0,0,0,0,0,-32285,0,0,0,0,0,2684932,0
2681291,6048,-1440,1610,1010,1130,914,-12293,-1180,83,-2,-2104,19371,87,34,79,16,0,0,0,0,0,0,0,-32286,0,0,0,0,0,2684937,0
2681296,6172,-1384,1520,1056,1020,788,-12553,-1142,84,1,-2024,19369,88,34,79,16,0,0,0,0,0,0,0,-32286,0,0,0,0,0,2684952,0
2681301,6500,-1590,1278,1398,712,637,-12812,-1144,75,7,-2064,19369,88,34,79,16,0,0,0,0,0,0,0,-32285,0,0,0,0,0,2684957,0
2681306,5912,-1350,1028,1250,795,719,-13072,-1137,63,7,-2056,19371,89,34,79,16,0,0,0,0,0,0,0,-32286,0,0,0,0,0,2684971,0
2681311,5920,-964,1372,1026,803,708,-13335,-1150,34,1,-2088,19371,89,34,79,16,0,0,0,0,0,0,0,-32285,0,0,0,0,0,2684976,0
2681316,5516,-1272,1976,709,1132,785,-13596,-1151,9,5,-2096,19372,91,34,79,16,0,0,0,0,0,0,0,-32286,0,0,0,0,0,2684991,0
2681321,5476,-1576,2102,680,1264,809,-13855,-1139,-5,2,-2088,19372,91,34,79,16,0,0,0,0,0,0,0,-32286,0,0,0,0,0,2684996,0
2681326,5466,-1822,2154,726,1347,808,-14108,-1110,18,0,-2016,19372,87,34,79,16,0,0,0,0,0,0,0,-32286,0,0,0,0,0,2685011,0
2681331,5308,-1724,2176,791,1464,823,-14354,-1076,39,-2,-1936,19372,87,34,79,16,0,0,0,0,0,0,0,-32286,0,0,0,0,0,2685016,0
2681336,5330,-1328,2192,771,1637,838,-14594,-1054,72,-2,-1880,19372,84,34,79,16,0,0,0,0,0,0,0,-32285,0,0,0,0,0,2685031,0
2681341,5436,-1232,2118,718,1687,847,-14824,-1003,97,-8,-1744,19372,84,34,79,16,0,0,0,0,0,0,0,-32285,0,0,0,0,0,2685036,0
2681346,5550,-1086,2094,692,1717,824,-15045,-975,114,-4,-1680,19372,80,34,79,16,0,0,0,0,0,0,0,-32286,0,0,0,0,0,2685051,0
2681351,5814,-890,1900,705,1660,778,-15254,-913,134,-8,-1536,19372,80,34,79,16,0,0,0,0,0,0,0,-32286,0,0,0,0,0,2685056,0
2681356,5808,-602,1432,345,1525,770,-15456,-878,145,-4,-1432,19371,82,34,79,16,0,0,0,0,0,0,0,-32286,0,0,0,0,0,2685071,0
2681361,5862,-874,1356,325,1450,775,-15641,-812,160,-9,-1288,19371,82,34,79,16,0,0,0,0,0,0,0,-32285,0,0,0,0,0,2685076,0
2681366,5852,-754,1346,441,1311,699,-15815,-766,169,0,-1184,19373,83,34,79,16,0,0,0,0,0,0,0,-32286,0,0,0,0,0,2685091,0
2681371,6062,-414,1116,546,1158,628,-15977,-711,185,-6,-1032,19373,83,34,79,16,0,0,0,0,0,0,0,-32285,0,0,0,0,0,2685096,0
2681376,6122,100,846,440,969,522,-16125,-640,191,-5,-880,19373,85,34,79,16,0,0,0,0,0,0,0,-32286,0,0,0,0,0,2685111,0
2681381,6130,402,618,369,891,480,-16261,-588,196,-5,-760,19373,85,34,79,16,0,0,0,0,0,0,0,-32285,0,0,0,0,0,2685116,0
2681386,5994,54,462,198,761,464,-16384,-537,196,-1,-616,19374,79,34,79,16,0,0,0,0,0,0,0,-32286,0,0,0,0,0,2685130,0
2681391,5912,218,358,173,589,399,-16492,-468,201,-1,-456,19374,79,34,79,16,0,0,0,0,0,0,0,-32286,0,0,0,0,0,2685135,0
2681396,5704,76,178,76,246,338,-16583,-389,208,5,-304,19373,75,34,79,16,0,0,0,0,0,0,0,-32286,0,0,0,0,0,2685150,0
2681401,5768,-68,208,-13,121,328,-16660,-335,222,0,-224,19373,75,34,79,16,0,0,0,0,0,0,0,-32285,0,0,0,0,0,2685155,0
2681406,5718,-46,272,-71,1,321,-16724,-270,225,-4,-120,19373,75,34,79,16,0,0,0,0,0,0,0,-32286,0,0,0,0,0,2685170,0
2681411,5518,430,160,-291,-32,326,-16773,-212,223,9,-88,19373,75,34,79,16,0,0,0,0,0,0,0,-32285,0,0,0,0,0,2685175,0
2681416,5610,-314,636,-757,33,412,-16808,-135,215,6,-32,19373,75,34,79,16,0,0,0,0,0,0,0,-32286,0,0,0,0,0,2685190,0
2681421,5288,-1162,872,-899,93,549,-16818,-40,234,-1,8,19373,75,34,79,16,0,0,0,0,0,0,0,-32285,0,0,0,0,0,2685195,0
2681426,5112,-1198,1144,-1007,88,607,-16807,53,271,-12,40,19373,73,34,79,16,0,0,0,0,0,0,0,-32286,0,0,0,0,0,2685210,0
2681431,5722,-1226,1454,-866,15,541,-16772,152,309,-12,96,19373,73,34,79,16,0,0,0,0,0,0,0,-32286,0,0,0,0,0,2685215,0
2681436,6134,-980,1266,-820,-124,504,-16729,197,314,0,120,19374,78,34,79,16,0,0,0,0,0,0,0,-32286,0,0,0,0,0,2685230,0
2681441,6692,-1016,1220,-885,-209,463,-16670,262,286,-1,192,19374,78,34,79,16,0,0,0,0,0,0,0,-32285,0,0,0,0,0,2685235,0
2681446,7016,-1228,1242,-885,-275,392,-16595,333,245,0,320,19374,75,34,79,16,0,0,0,0,0,0,0,-32286,0,0,0,0,0,2685250,0
2681451,7158,-1454,1216,-894,-404,356,-16505,404,239,-9,440,19374,75,34,79,16,0,0,0,0,0,0,0,-32286,0,0,0,0,0,2685255,0
2681456,7666,-2028,1290,-861,-643,282,-16397,479,230,-23,664,19374,78,34,79,16,0,0,0,0,0,0,0,-32286,0,0,0,0,0,2685270,0
2681461,7876,-2022,1378,-852,-739,257,-16279,532,239,-4,784,19374,78,34,79,16,0,0,0,0,0,0,0,-32286,0,0,0,0,0,2685275,0
2681466,7940,-2334,1510,-878,-787,227,-16149,580,227,1,912,19374,86,34,79,16,0,0,0,0,0,0,0,-32285,0,0,0,0,0,2685290,0
2681471,8102,-2638,1644,-864,-816,216,-16012,606,194,11,928,19374,86,34,79,16,0,0,0,0,0,0,0,-32285,0,0,0,0,0,2685294,0
2681476,8144,-3268,2016,-731,-829,235,-15867,641,163,9,976,19374,86,34,79,16,0,0,0,0,0,0,0,-32285,0,0,0,0,0,2685309,0
2681481,8262,-3506,2116,-653,-807,281,-15721,646,125,6,968,19374,86,34,79,16,0,0,0,0,0,0,0,-32286,0,0,0,0,0,2685314,0
2681486,8224,-3814,2320,-601,-764,321,-15578,626,81,7,904,19374,85,34,79,16,0,0,0,0,0,0,0,-32286,0,0,0,0,0,2685329,0
2681491,8344,-3954,2500,-534,-668,364,-15436,623,32,3,904,19374,85,34,79,16,0,0,0,0,0,0,0,-32286,0,0,0,0,0,2685343,0
2681496,8664,-4106,2622,-461,-466,503,-15299,596,-7,3,832,19374,89,34,79,16,0,0,0,0,0,0,0,-32286,0,0,0,0,0,2685349,0
2681501,8860,-4220,2630,-431,-374,542,-15174,551,-54,10,688,19374,89,34,79,16,0,0,0,0,0,0,0,-32285,0,0,0,0,0,2685354,0
2681506,9092,-4220,2640,-372,-277,571,-15059,497,-98,6,560,19374,80,34,79,16,0,0,0,0,0,0,0,-32286,0,0,0,0,0,2685369,0
2681511,9358,-4366,2608,-282,-185,600,-14955,457,-129,-5,472,19374,80,34,79,16,0,0,0,0,0,0,0,-32286,0,0,0,0,0,2685374,0
2681516,9614,-3992,2384,-264,-8,703,-14863,387,-157,1,320,19373,82,34,79,16,0,0,0,0,0,0,0,-32286,0,0,0,0,0,2685389,0
2681521,9748,-3846,2384,-334,158,757,-14788,329,-181,12,200,19373,82,34,79,16,0,0,0,0,0,0,0,-32286,0,0,0,0,0,2685394,0
2681526,9820,-3660,2306,-387,267,793,-14729,263,-202,6,96,19372,77,34,79,16,0,0,0,0,0,0,0,-32286,0,0,0,0,0,2685409,0
2681531,9924,-3484,2134,-384,360,817,-14685,192,-228,-13,72,19372,77,34,79,16,0,0,0,0,0,0,0,-32286,0,0,0,0,0,2685414,0
2681536,9872,-2976,1600,-412,432,900,-14652,136,-231,-6,40,19373,78,34,79,16,0,0,0,0,0,0,0,-32286,0,0,0,0,0,2685429,0
2681541,9838,-2630,1422,-481,437,921,-14625,113,-205,-4,48,19373,78,34,79,16,0,0,0,0,0,0,0,-32286,0,0,0,0,0,2685434,0
2681546,9792,-2656,1276,-563,445,983,-14607,70,-174,8,8,19374,78,34,79,16,0,0,0,0,0,0,0,-32286,0,0,0,0,0,2685449,0
2681551,9544,-2536,1178,-687,418,1054,-14606,3,-155,10,-16,19374,78,34,79,16,0,0,0,0,0,0,0,-32286,0,0,0,0,0,2685454,0
2681556,9616,-2572,908,-721,263,1136,-14610,-12,-160,5,-16,19374,72,34,79,16,0,0,0,0,0,0,0,-32286,0,0,0,0,0,2685469,0
2681561,9222,-2082,1048,-888,290,1211,-14615,-10,-136,-2,0,19374,72,34,79,16,0,0,0,0,0,0,0,-32286,0,0,0,0,0,2685474,0
2681566,9544,-2318,1220,-957,271,1265,-14612,10,-87,-3,0,19372,73,34,79,16,0,0,0,0,0,0,0,-32286,0,0,0,0,0,2685489,0
2681571,9364,-2480,1424,-958,283,1316,-14613,4,-27,0,-8,19372,73,34,79,16,0,0,0,0,0,0,0,-32286,0,0,0,0,0,2685494,0
2681576,9510,-2746,1512,-978,209,1408,-14611,11,14,0,0,19377,71,34,79,16,0,0,0,0,0,0,0,-32286,0,0,0,0,0,2685508,0
2681581,9500,-2860,1700,-1003,185,1438,-14611,6,10,-1,0,19377,71,34,79,16,0,0,0,0,0,0,0,-32285,0,0,0,0,0,2685513,0
2681586,9644,-3004,1880,-1022,213,1485,-14611,0,8,0,0,19377,69,34,79,16,0,0,0,0,0,0,0,-32286,0,0,0,0,0,2685528,0
2681591,9682,-3084,2064,-1042,253,1535,-14609,1,0,0,0,19377,69,34,79,16,0,0,0,0,0,0,0,-32285,0,0,0,0,0,2685533,0
2681596,9906,-3320,2302,-1035,347,1598,-14610,-3,1,1,0,19379,68,34,79,16,0,0,0,0,0,0,0,-32286,0,0,0,0,0,2685548,0
2681601,10036,-3446,2336,-1030,416,1631,-14607,5,-1,1,0,19379,68,34,79,16,0,0,0,0,0,0,0,-32286,0,0,0,0,0,2685553,0
2681606,9930,-3416,2400,-1107,521,1679,-14606,5,0,0,0,19378,72,34,79,16,0,0,0,0,0,0,0,-32286,0,0,0,0,0,2685568,0
2681611,9948,-3268,2350,-1260,643,1725,-14602,19,8,0,8,19378,72,34,79,16,0,0,0,0,0,0,0,-32285,0,0,0,0,0,2685573,0
2681616,10004,-4028,2518,-1441,835,1749,-14595,37,13,-3,16,19376,72,34,79,16,0,0,0,0,0,0,0,-32286,0,0,0,0,0,2685588,0
2681621,10314,-4752,2458,-1463,808,1722,-14579,79,39,-5,48,19376,72,34,79,16,0,0,0,0,0,0,0,-32285,0,0,0,0,0,2685593,0
2681626,10580,-5608,2392,-1452,668,1681,-14547,147,89,-9,88,19375,72,34,79,16,0,0,0,0,0,0,0,-32285,0,0,0,0,0,2685608,0
2681631,10738,-6594,2172,-1451,457,1692,-14508,166,127,0,96,19375,72,34,79,16,0,0,0,0,0,0,0,-32285,0,0,0,0,0,2685613,0
2681636,10666,-8048,1464,-1439,16,1685,-14470,164,139,8,48,19375,73,34,79,16,0,0,0,0,0,0,0,-32286,0,0,0,0,0,2685628,0
2681641,9882,-8474,1400,-1375,-81,1673,-14436,142,92,6,56,19375,73,34,79,16,0,0,0,0,0,0,0,-32285,0,0,0,0,0,2685633,0
2681646,9290,-9214,1374,-1241,-76,1731,-14411,109,17,3,32,19376,69,34,79,16,0,0,0,0,0,0,0,-32285,0,0,0,0,0,2685648,0
2681651,8626,-9554,1886,-1001,25,1756,-14397,57,-59,8,16,19376,69,34,79,16,0,0,0,0,0,0,0,-32285,0,0,0,0,0,2685653,0
2681656,7664,-10014,2406,-621,-1,1772,-14386,43,-107,1,16,19377,77,34,79,16,0,0,0,0,0,0,0,-32286,0,0,0,0,0,2685668,0
2681661,7088,-10138,2618,-481,-2,1800,-14381,26,-108,0,8,19377,77,34,79,16,0,0,0,0,0,0,0,-32285,0,0,0,0,0,2685673,0
2681666,6690,-9674,2640,-372,-32,1833,-14378,3,-88,5,-8,19377,78,34,79,16,0,0,0,0,0,0,0,-32285,0,0,0,0,0,2685688,0
2681671,6530,-9170,2612,-190,-16,1820,-14378,-2,-74,4,0,19377,78,34,79,16,0,0,0,0,0,0,0,-32286,0,0,0,0,0,2685693,0
2681676,5670,-7912,2232,344,22,1785,-14379,-6,-42,0,-8,19376,81,34,79,16,0,0,0,0,0,0,0,-32285,0,0,0,0,0,2685708,0
2681681,5402,-7194,1938,669,93,1732,-14378,1,-31,0,-8,19376,81,34,79,16,0,0,0,0,0,0,0,-32286,0,0,0,0,0,2685713,0
2681686,5206,-6306,1556,903,126,1706,-14378,-2,-17,0,0,19374,83,34,79,16,0,0,0,0,0,0,0,-32285,0,0,0,0,0,2685728,0
2681691,5212,-5848,1270,1012,196,1708,-14378,5,4,0,0,19374,83,34,79,16,0,0,0,0,0,0,0,-32285,0,0,0,0,0,2685732,0
2681696,4832,-5222,444,970,-79,1770,-14378,0,-1,0,-8,19375,72,34,79,16,0,0,0,0,0,0,0,-32286,0,0,0,0,0,2685747,0
2681701,4866,-4862,228,1006,-284,1759,-14378,1,3,0,0,19375,72,34,79,16,0,0,0,0,0,0,0,-32286,0,0,0,0,0,2685752,0
2681706,4842,-3996,-180,976,-588,1734,-14377,6,0,0,0,19374,74,34,79,16,0,0,0,0,0,0,0,-32286,0,0,0,0,0,2685767,0
2681711,4698,-3216,-740,611,-778,1772,-14377,5,6,0,0,19374,74,34,79,16,0,0,0,0,0,0,0,-32285,0,0,0,0,0,2685772,0
2681716,4422,-3266,-326,55,-1131,1725,-14376,4,1,0,0,19373,75,34,79,16,0,0,0,0,0,0,0,-32286,0,0,0,0,0,2685787,0
2681721,4108,-3536,-24,77,-1416,1658,-14373,13,6,0,8,19373,75,34,79,16,0,0,0,0,0,0,0,-32286,0,0,0,0,0,2685792,0
2681726,4136,-4060,4,-16,-1627,1695,-14367,34,14,-3,24,19372,80,34,79,16,0,0,0,0,0,0,0,-32286,0,0,0,0,0,2685809,0
2681731,3278,-4258,530,-651,-1296,2000,-14350,85,42,-5,48,19372,80,34,79,16,0,0,0,0,0,0,0,-32285,0,0,0,0,0,2685814,0
2681736,4320,-4700,2398,-343,-1036,1712,-14314,162,90,-12,120,19371,78,34,79,16,0,0,0,0,0,0,0,-32286,0,0,0,0,0,2685827,0
2681741,4000,-4384,2376,-363,-992,1564,-14250,299,176,-22,360,19371,78,34,79,16,0,0,0,0,0,0,0,-32285,0,0,0,0,0,2685832,0
2681746,4760,-4446,2146,-141,-1150,1307,-14150,458,298,-33,680,19371,74,34,79,16,0,0,0,0,0,0,0,-32285,0,0,0,0,0,2685847,0
2681751,4758,-4330,1700,24,-1271,1068,-14019,592,401,-28,1080,19371,74,34,79,16,0,0,0,0,0,0,0,-32285,0,0,0,0,0,2685852,0
2681756,4770,-4632,1562,187,-1516,638,-13860,708,465,3,1312,19372,72,34,79,16,0,0,0,0,0,0,0,-32286,0,0,0,0,0,2685867,0
2681761,4672,-4968,1588,204,-1592,473,-13678,809,463,6,1496,19372,72,34,79,16,0,0,0,0,0,0,0,-32286,0,0,0,0,0,2685872,0
2681766,4508,-5412,1608,262,-1696,339,-13481,878,412,15,1600,19372,75,34,79,16,0,0,0,0,0,0,0,-32286,0,0,0,0,0,2685887,0
2681771,4990,-6388,1292,327,-1718,246,-13272,920,340,14,1648,19372,75,34,79,16,0,0,0,0,0,0,0,-32286,0,0,0,0,0,2685892,0
2681776,4524,-7022,1464,473,-1974,120,-13053,957,256,6,1728,19371,79,34,79,16,0,0,0,0,0,0,0,-32286,0,0,0,0,0,2685907,0
2681781,4758,-7606,1478,526,-1988,96,-12833,968,188,13,1712,19371,79,34,79,16,0,0,0,0,0,0,0,-32285,0,0,0,0,0,2685912,0
2681786,4468,-7694,1638,549,-2009,112,-12612,971,121,12,1688,19373,85,34,79,16,0,0,0,0,0,0,0,-32286,0,0,0,0,0,2685927,0
2681791,4586,-8034,1598,525,-1990,146,-12393,955,55,11,1624,19373,85,34,79,16,0,0,0,0,0,0,0,-32286,0,0,0,0,0,2685932,0
2681796,4558,-8514,1918,520,-1878,240,-12177,948,13,7,1608,19374,91,34,79,16,0,0,0,0,0,0,0,-32286,0,0,0,0,0,2685947,0
2681801,4540,-8734,1980,647,-1786,253,-11967,924,-20,7,1536,19374,91,34,79,16,0,0,0,0,0,0,0,-32285,0,0,0,0,0,2685952,0
2681806,3748,-7950,2392,862,-1970,205,-11762,900,-47,0,1496,19374,91,34,79,16,0,0,0,0,0,0,0,-32286,0,0,0,0,0,2685967,0
2681811,4776,-8478,1588,1044,-1873,208,-11564,865,-71,1,1408,19374,91,34,79,16,0,0,0,0,0,0,0,-32286,0,0,0,0,0,2685972,0
2681816,4088,-7786,1386,1129,-1646,250,-11373,837,-88,0,1360,19371,89,34,79,16,0,0,0,0,0,0,0,-32286,0,0,0,0,0,2685987,0
2681821,4150,-7824,1080,1168,-1638,264,-11191,796,-102,5,1248,19371,89,34,79,16,0,0,0,0,0,0,0,-32286,0,0,0,0,0,2685992,0
2681826,3972,-7576,830,1242,-1724,237,-11018,751,-115,5,1152,19370,86,34,79,16,0,0,0,0,0,0,0,-32286,0,0,0,0,0,2686007,0
2681831,3970,-7340,384,1321,-1835,213,-10853,719,-125,-2,1112,19370,86,34,79,16,0,0,0,0,0,0,0,-32286,0,0,0,0,0,2686012,0
2681836,3870,-6902,-208,1359,-2036,171,-10696,689,-124,0,1032,19372,80,34,79,16,0,0,0,0,0,0,0,-32286,0,0,0,0,0,2686027,0
2681841,3882,-6782,-398,1362,-2134,133,-10546,654,-130,0,960,19372,80,34,79,16,0,0,0,0,0,0,0,-32285,0,0,0,0,0,2686031,0
2681846,3992,-6728,-492,1456,-2272,81,-10402,636,-116,-2,928,19372,69,34,79,16,0,0,0,0,0,0,0,-32286,0,0,0,0,0,2686046,0
2681851,4060,-6688,-606,1578,-2440,51,-10261,617,-96,2,888,19372,69,34,79,16,0,0,0,0,0,0,0,-32286,0,0,0,0,0,2686051,0
2681856,4528,-6038,-698,1744,-2744,-46,-10125,590,-86,0,840,19371,76,34,79,16,0,0,0,0,0,0,0,-32286,0,0,0,0,0,2686066,0
2681861,4814,-5866,-668,1742,-2812,-72,-9988,599,-66,-4,864,19371,76,34,79,16,0,0,0,0,0,0,0,-32286,0,0,0,0,0,2686071,0
2681866,4896,-5646,-606,1664,-2850,-73,-9851,600,-37,0,880,19371,75,34,79,16,0,0,0,0,0,0,0,-32286,0,0,0,0,0,2686086,0
2681871,4900,-5392,-542,1556,-2869,-64,-9712,609,-13,3,904,19371,75,34,79,16,0,0,0,0,0,0,0,-32286,0,0,0,0,0,2686091,0
2681876,5362,-5368,-158,1534,-2869,-127,-9567,637,7,-6,968,19371,78,34,79,16,0,0,0,0,0,0,0,-32286,0,0,0,0,0,2686106,0
2681881,5584,-5370,-106,1677,-2898,-160,-9444,687,55,-10,1088,19371,78,34,79,16,0,0,0,0,0,0,0,-32286,0,0,0,0,0,2686111,0
2681886,5662,-4974,-124,1751,-2969,-226,-9284,704,79,-1,1136,19374,90,34,79,16,0,0,0,0,0,0,0,-32286,0,0,0,0,0,2686126,0
2681891,6042,-4644,-164,1805,-3019,-300,-9114,752,116,-6,1256,19374,90,34,79,16,0,0,0,0,0,0,0,-32286,0,0,0,0,0,2686131,0
2681896,6410,-4378,-92,1831,-3084,-435,-8930,812,142,1,1368,19374,86,34,79,16,0,0,0,0,0,0,0,-32286,0,0,0,0,0,2686146,0
2681901,6536,-4352,-118,1825,-3150,-512,-8740,842,152,8,1432,19374,86,34,79,16,0,0,0,0,0,0,0,-32286,0,0,0,0,0,2686151,0
2681906,6484,-4674,-306,2064,-3419,-671,-8540,882,149,2,1504,19374,88,34,79,16,0,0,0,0,0,0,0,-32286,0,0,0,0,0,2686166,0
2681911,7026,-5366,-260,2243,-3478,-689,-8336,900,137,6,1528,19374,88,34,79,16,0,0,0,0,0,0,0,-32286,0,0,0,0,0,2686171,0
2681916,7128,-3838,170,1895,-3152,-738,-8127,927,111,0,1584,19373,78,34,79,16,0,0,0,0,0,0,0,-32285,0,0,0,0,0,2686186,0
2681921,6768,-3950,502,1594,-2875,-740,-7913,939,88,5,1608,19373,78,34,79,16,0,0,0,0,0,0,0,-32286,0,0,0,0,0,2686191,0
2681926,6558,-4640,392,1518,-2786,-775,-7696,955,74,-2,1648,19374,85,34,79,16,0,0,0,0,0,0,0,-32286,0,0,0,0,0,2686206,0
2681931,6430,-5296,292,1717,-2764,-820,-7473,976,66,-2,1696,19374,85,34,79,16,0,0,0,0,0,0,0,-32286,0,0,0,0,0,2686211,0
2681936,6130,-5374,88,2127,-2785,-896,-7247,999,64,0,1760,19373,83,34,79,16,0,0,0,0,0,0,0,-32286,0,0,0,0,0,2686226,0
2681941,6098,-5186,74,2142,-2731,-889,-7018,1010,59,-3,1768,19373,83,34,79,16,0,0,0,0,0,0,0,-32286,0,0,0,0,0,2686231,0
2681946,5922,-5058,220,2101,-2716,-916,-6784,1024,60,-8,1832,19372,83,34,79,16,0,0,0,0,0,0,0,-32286,0,0,0,0,0,2686246,0
2681951,5856,-5356,132,2139,-2699,-926,-6548,1039,55,-9,1872,19372,83,34,79,16,0,0,0,0,0,0,0,-32285,0,0,0,0,0,2686251,0
2681956,5506,-5660,-104,2296,-2745,-958,-6308,1059,54,-6,1936,19372,83,34,79,16,0,0,0,0,0,0,0,-32286,0,0,0,0,0,2686266,0
2681961,5380,-5708,-120,2444,-2746,-992,-6065,1068,50,-4,1968,19372,83,34,79,16,0,0,0,0,0,0,0,-32285,0,0,0,0,0,2686271,0
2681966,5328,-5722,-124,2608,-2800,-1040,-5814,1107,67,-2,2048,19372,82,34,79,16,0,0,0,0,0,0,0,-32286,0,0,0,0,0,2686286,0
2681971,5310,-5704,-220,2737,-2813,-1048,-5558,1128,69,-1,2112,19372,82,34,79,16,0,0,0,0,0,0,0,-32286,0,0,0,0,0,2686291,0
2681976,5312,-5720,-362,2936,-2854,-1127,-5297,1156,86,-1,2152,19372,86,34,79,16,0,0,0,0,0,0,0,-32286,0,0,0,0,0,2686306,0
2681981,5126,-5604,-428,3032,-2867,-1152,-5027,1182,92,0,2200,19372,86,34,79,16,0,0,0,0,0,0,0,-32286,0,0,0,0,0,2686311,0
2681986,5274,-5678,-568,3142,-2935,-1174,-4754,1203,96,4,2216,19372,86,34,79,16,0,0,0,0,0,0,0,-32286,0,0,0,0,0,2686326,0
2681991,5274,-5570,-474,3209,-3009,-1213,-4479,1220,-43,1,2248,19372,86,34,79,16,0,0,0,0,0,0,0,-32285,0,0,0,0,0,2686331,0
2681996,5264,-5384,-640,3226,-2979,-1203,-4204,1215,-62,4,2216,19374,76,34,79,16,0,0,0,0,0,0,0,-32286,0,0,0,0,0,2686346,0
2682001,5328,-5490,-548,3255,-2916,-1182,-3928,1214,-21,8,2184,19374,76,34,79,16,0,0,0,0,0,0,0,-32286,0,0,0,0,0,2686351,0
2682006,5238,-5594,-254,3268,-2756,-1148,-3656,1193,67,6,2136,19378,70,34,79,16,0,0,0,0,0,0,0,-32286,0,0,0,0,0,2686366,0
2682011,5118,-5660,-296,3308,-2700,-1128,-3386,1182,46,4,2096,19378,70,34,79,16,0,0,0,0,0,0,0,-32285,0,0,0,0,0,2686371,0
2682016,5248,-5628,-460,3402,-2585,-1079,-3123,1156,-44,-1,2056,19379,72,34,79,16,0,0,0,0,0,0,0,-32286,0,0,0,0,0,2686386,0
2682021,5278,-5414,-488,3392,-2487,-1058,-2866,1129,-58,-4,2008,19379,72,34,79,16,0,0,0,0,0,0,0,-32286,0,0,0,0,0,2686391,0
2682026,5310,-5260,-798,3375,-2439,-1042,-2615,1101,-82,0,1936,19377,81,34,79,16,0,0,0,0,0,0,0,-32286,0,0,0,0,0,2686406,0
2682031,5238,-5134,-1012,3359,-2392,-1007,-2372,1070,-89,2,1872,19377,81,34,79,16,0,0,0,0,0,0,0,-32286,0,0,0,0,0,2686411,0
2682036,5298,-5044,-1352,3454,-2473,-1007,-2134,1039,-97,-3,1808,19373,82,34,79,16,0,0,0,0,0,0,0,-32285,0,0,0,0,0,2686425,0
2682041,5260,-4706,-1380,3496,-2534,-1027,-1906,996,-108,3,1720,19373,82,34,79,16,0,0,0,0,0,0,0,-32285,0,0,0,0,0,2686430,0
2682046,5406,-4512,-1502,3535,-2603,-1046,-1688,963,-117,6,1624,19369,74,34,79,16,0,0,0,0,0,0,0,-32286,0,0,0,0,0,2686445,0
2682051,5396,-4476,-1732,3505,-2618,-1026,-1484,898,-135,6,1472,19369,74,34,79,16,0,0,0,0,0,0,0,-32286,0,0,0,0,0,2686450,0
2682056,5570,-4358,-1452,3325,-2598,-982,-1288,856,-159,1,1384,19370,72,34,79,16,0,0,0,0,0,0,0,-32286,0,0,0,0,0,2686465,0
2682061,5362,-4350,-1226,3233,-2514,-924,-1108,789,-172,11,1216,19370,72,34,79,16,0,0,0,0,0,0,0,-32285,0,0,0,0,0,2686470,0
2682066,5538,-4552,-1250,3248,-2558,-932,-940,726,-182,5,1080,19373,69,34,79,16,0,0,0,0,0,0,0,-32286,0,0,0,0,0,2686485,0
2682071,5570,-4480,-1158,3279,-2521,-904,-783,682,-194,1,960,19373,69,34,79,16,0,0,0,0,0,0,0,-32285,0,0,0,0,0,2686490,0
2682076,5708,-4654,-1086,3395,-2544,-839,-643,603,-196,14,776,19374,73,34,79,16,0,0,0,0,0,0,0,-32285,0,0,0,0,0,2686505,0
2682081,5688,-4574,-1074,3320,-2523,-791,-518,549,-210,-2,648,19374,73,34,79,16,0,0,0,0,0,0,0,-32286,0,0,0,0,0,2686510,0
2682086,5800,-4500,-1108,3242,-2465,-732,-405,487,-211,-4,488,19374,69,34,79,16,0,0,0,0,0,0,0,-32286,0,0,0,0,0,2686525,0
2682091,5726,-4760,-1072,3168,-2413,-647,-307,420,-215,-2,344,19374,69,34,79,16,0,0,0,0,0,0,0,-32286,0,0,0,0,0,2686539,0
2682096,5896,-4960,-1114,3266,-2403,-609,-223,360,-218,1,248,19374,75,34,79,16,0,0,0,0,0,0,0,-32285,0,0,0,0,0,2686545,0
2682101,5838,-4914,-1154,3417,-2425,-593,-152,309,-210,0,184,19374,75,34,79,16,0,0,0,0,0,0,0,-32285,0,0,0,0,0,2686550,0
2682106,5930,-4876,-1194,3522,-2459,-575,-90,274,-204,0,128,19377,90,34,79,16,0,0,0,0,0,0,0,-32286,0,0,0,0,0,2686565,0
2682111,5926,-4310,-1238,3525,-2462,-597,-38,231,-179,-10,104,19377,90,34,79,16,0,0,0,0,0,0,0,-32286,0,0,0,0,0,2686570,0
2682116,5762,-4312,-1142,3092,-2295,-406,11,216,-154,-9,112,19374,93,34,79,16,0,0,0,0,0,0,0,-32286,0,0,0,0,0,2686585,0
2682121,6622,-5040,-1352,3186,-2201,-379,57,198,-118,-5,96,19374,93,34,79,16,0,0,0,0,0,0,0,-32286,0,0,0,0,0,2686590,0
2682126,6046,-5084,-1188,3349,-2219,-354,97,178,-85,1,64,19373,93,34,79,16,0,0,0,0,0,0,0,-32286,0,0,0,0,0,2686605,0
2682131,6292,-5118,-1390,3486,-2271,-366,133,153,-74,-3,72,19373,93,34,79,16,0,0,0,0,0,0,0,-32285,0,0,0,0,0,2686610,0
2682136,6544,-4620,-1484,3600,-2268,-337,169,152,-59,-4,64,19369,84,34,79,16,0,0,0,0,0,0,0,-32286,0,0,0,0,0,2686625,0
2682141,6706,-4464,-1516,3628,-2286,-353,209,179,-42,-3,96,19369,84,34,79,16,0,0,0,0,0,0,0,-32286,0,0,0,0,0,2686630,0
2682146,6772,-4494,-1610,3649,-2281,-305,247,175,-13,4,80,19369,72,34,79,16,0,0,0,0,0,0,0,-32285,0,0,0,0,0,2686645,0
2682151,6710,-4358,-1568,3689,-2350,-337,286,178,5,0,80,19369,72,34,79,16,0,0,0,0,0,0,0,-32285,0,0,0,0,0,2686650,0
2682156,6908,-4102,-1600,3757,-2427,-339,325,170,12,0,96,19369,72,34,79,16,0,0,0,0,0,0,0,-32286,0,0,0,0,0,2686665,0
2682161,7244,-4224,-1716,3793,-2437,-305,370,192,20,1,88,19369,72,34,79,16,0,0,0,0,0,0,0,-32286,0,0,0,0,0,2686670,0
2682166,7104,-3930,-1588,3803,-2480,-331,419,216,24,8,112,19368,72,34,79,16,0,0,0,0,0,0,0,-32286,0,0,0,0,0,2686685,0
2682171,7338,-4046,-1640,3806,-2488,-322,468,220,42,0,136,19368,72,34,79,16,0,0,0,0,0,0,0,-32286,0,0,0,0,0,2686690,0
2682176,7476,-3838,-1518,3854,-2537,-349,523,248,52,-1,136,19369,66,34,79,16,0,0,0,0,0,0,0,-32286,0,0,0,0,0,2686705,0
2682181,7528,-3876,-1422,3846,-2520,-318,577,229,41,5,120,19369,66,34,79,16,0,0,0,0,0,0,0,-32285,0,0,0,0,0,2686710,0
2682186,7404,-3646,-1306,3800,-2489,-310,627,220,28,-1,112,19370,68,34,79,16,0,0,0,0,0,0,0,-32286,0,0,0,0,0,2686725,0
2682191,7530,-3584,-1244,3790,-2452,-327,675,217,2,0,104,19370,68,34,79,16,0,0,0,0,0,0,0,-32286,0,0,0,0,0,2686730,0
2682196,7380,-3446,-1040,3728,-2368,-311,719,181,-28,-1,88,19371,78,34,79,16,0,0,0,0,0,0,0,-32286,0,0,0,0,0,2686744,0
2682201,7522,-3556,-1028,3705,-2317,-293,758,166,-49,-4,64,19371,78,34,79,16,0,0,0,0,0,0,0,-32285,0,0,0,0,0,2686749,0
2682206,7386,-3324,-858,3681,-2263,-315,795,159,-56,-5,80,19374,79,34,79,16,0,0,0,0,0,0,0,-32286,0,0,0,0,0,2686764,0
2682211,7594,-3522,-828,3720,-2227,-314,830,152,-53,-3,72,19374,79,34,79,16,0,0,0,0,0,0,0,-32286,0,0,0,0,0,2686769,0
2682216,7650,-3416,-736,3762,-2157,-318,869,169,-37,-2,80,19373,79,34,79,16,0,0,0,0,0,0,0,-32286,0,0,0,0,0,2686784,0
2682221,7634,-3154,-646,3785,-2119,-328,907,165,-11,0,88,19373,79,34,79,16,0,0,0,0,0,0,0,-32286,0,0,0,0,0,2686789,0
2682226,7832,-3052,-708,3839,-2123,-342,952,196,19,-1,96,19373,72,34,79,16,0,0,0,0,0,0,0,-32286,0,0,0,0,0,2686804,0
2682231,7826,-2838,-730,3850,-2085,-347,998,206,33,4,96,19373,72,34,79,16,0,0,0,0,0,0,0,-32286,0,0,0,0,0,2686812,0
2682236,7910,-2442,-782,3672,-2016,-320,1038,165,31,2,72,19371,75,34,79,16,0,0,0,0,0,0,0,-32286,0,0,0,0,0,2686827,0
2682241,8020,-2312,-836,3603,-2015,-323,1073,152,-1,-4,56,19371,75,34,79,16,0,0,0,0,0,0,0,-32285,0,0,0,0,0,2686832,0
2682246,8060,-2168,-744,3500,-1949,-313,1101,124,-41,-2,56,19371,84,34,79,16,0,0,0,0,0,0,0,-32286,0,0,0,0,0,2686847,0
2682251,7988,-1958,-626,3421,-1943,-377,1131,121,-61,0,40,19371,84,34,79,16,0,0,0,0,0,0,0,-32286,0,0,0,0,0,2686852,0
2682256,7920,-1862,-394,3225,-1805,-311,1150,76,-75,10,24,19373,86,34,79,16,0,0,0,0,0,0,0,-32286,0,0,0,0,0,2686867,0
2682261,8288,-1840,-390,3124,-1744,-349,1164,60,-73,1,24,19373,86,34,79,16,0,0,0,0,0,0,0,-32286,0,0,0,0,0,2686872,0
2682266,8358,-1852,-380,3100,-1614,-353,1178,66,-73,-1,24,19372,81,34,79,16,0,0,0,0,0,0,0,-32285,0,0,0,0,0,2686887,0
2682271,8158,-1894,-380,3086,-1579,-365,1193,57,-59,3,16,19372,81,34,79,16,0,0,0,0,0,0,0,-32286,0,0,0,0,0,2686892,0
2682276,8168,-1924,-462,2996,-1474,-354,1198,25,-44,3,-8,19375,80,34,79,16,0,0,0,0,0,0,0,-32285,0,0,0,0,0,2686907,0
2682281,8192,-1828,-474,2946,-1429,-387,1199,2,-48,2,-8,19375,80,34,79,16,0,0,0,0,0,0,0,-32285,0,0,0,0,0,2686912,0
2682286,8312,-1896,-484,2920,-1389,-415,1199,-1,-61,0,0,19375,77,34,79,16,0,0,0,0,0,0,0,-32286,0,0,0,0,0,2686926,0
2682291,8330,-1940,-464,2921,-1327,-440,1199,2,-59,1,0,19375,77,34,79,16,0,0,0,0,0,0,0,-32285,0,0,0,0,0,2686931,0
2682296,8506,-2016,-454,2969,-1294,-520,1198,1,-35,3,-8,19374,77,34,79,16,0,0,0,0,0,0,0,-32286,0,0,0,0,0,2686946,0
2682301,8534,-2044,-480,2953,-1254,-541,1198,-4,-10,0,-8,19374,77,34,79,16,0,0,0,0,0,0,0,-32285,0,0,0,0,0,2686951,0
2682306,8572,-2040,-488,2891,-1202,-566,1200,5,-4,0,0,19374,80,34,79,16,0,0,0,0,0,0,0,-32285,0,0,0,0,0,2686966,0
2682311,8694,-2188,-512,2834,-1127,-580,1198,-5,2,1,-8,19374,80,34,79,16,0,0,0,0,0,0,0,-32286,0,0,0,0,0,2686971,0
2682316,8614,-2774,-418,2785,-986,-608,1201,2,2,0,0,19375,84,34,79,16,0,0,0,0,0,0,0,-32286,0,0,0,0,0,2686986,0
2682321,8548,-3024,-298,2733,-909,-596,1206,28,2,0,8,19375,84,34,79,16,0,0,0,0,0,0,0,-32285,0,0,0,0,0,2686991,0
2682326,8560,-3124,-172,2691,-841,-580,1218,56,31,-4,40,19374,86,34,79,16,0,0,0,0,0,0,0,-32286,0,0,0,0,0,2687006,0
2682331,8552,-3116,-22,2690,-768,-603,1248,143,76,-14,104,19374,86,34,79,16,0,0,0,0,0,0,0,-32285,0,0,0,0,0,2687011,0
2682336,8410,-3068,190,2921,-703,-701,1301,240,146,-8,192,19374,77,34,79,16,0,0,0,0,0,0,0,-32285,0,0,0,0,0,2687026,0
2682341,8510,-3074,40,3133,-746,-784,1374,335,233,-5,368,19374,77,34,79,16,0,0,0,0,0,0,0,-32286,0,0,0,0,0,2687031,0
2682346,8414,-2760,-26,3332,-816,-891,1468,415,293,-18,512,19372,74,34,79,16,0,0,0,0,0,0,0,-32285,0,0,0,0,0,2687046,0
2682351,8324,-2508,-100,3371,-835,-946,1576,472,310,-12,648,19372,74,34,79,16,0,0,0,0,0,0,0,-32286,0,0,0,0,0,2687051,0
2682356,8354,-2208,20,3313,-874,-1123,1694,524,278,-2,800,19374,74,34,79,16,0,0,0,0,0,0,0,-32285,0,0,0,0,0,2687066,0
2682361,8244,-2304,216,3347,-906,-1200,1826,581,233,0,960,19374,74,34,79,16,0,0,0,0,0,0,0,-32286,0,0,0,0,0,2687071,0
2682366,8170,-2476,390,3418,-919,-1258,1968,623,192,16,992,19375,74,34,79,16,0,0,0,0,0,0,0,-32286,0,0,0,0,0,2687086,0
2682371,8110,-2546,590,3451,-927,-1301,2114,642,167,19,1016,19375,74,34,79,16,0,0,0,0,0,0,0,-32286,0,0,0,0,0,2687091,0
2682376,8140,-2484,700,3525,-887,-1394,2265,669,142,4,1088,19373,76,34,79,16,0,0,0,0,0,0,0,-32285,0,0,0,0,0,2687106,0
2682381,8022,-2416,692,3559,-852,-1406,2420,681,101,3,1080,19373,76,34,79,16,0,0,0,0,0,0,0,-32285,0,0,0,0,0,2687111,0
2682386,7894,-2242,610,3533,-812,-1425,2571,672,62,8,1048,19372,78,34,79,16,0,0,0,0,0,0,0,-32285,0,0,0,0,0,2687126,0
2682391,7844,-2084,396,3491,-758,-1446,2723,673,31,1,1048,19372,78,34,79,16,0,0,0,0,0,0,0,-32285,0,0,0,0,0,2687131,0
2682396,7690,-1840,54,3401,-681,-1458,2873,656,4,10,992,19372,76,34,79,16,0,0,0,0,0,0,0,-32285,0,0,0,0,0,2687146,0
2682401,7742,-1908,-102,3334,-657,-1457,3018,636,-19,9,944,19372,76,34,79,16,0,0,0,0,0,0,0,-32286,0,0,0,0,0,2687151,0
2682406,7724,-1826,-152,3263,-637,-1474,3158,612,-43,3,888,19373,78,34,79,16,0,0,0,0,0,0,0,-32285,0,0,0,0,0,2687166,0
2682411,7802,-1882,-254,3178,-628,-1482,3294,602,-56,3,848,19373,78,34,79,16,0,0,0,0,0,0,0,-32286,0,0,0,0,0,2687171,0
2682416,7906,-2150,-214,2916,-545,-1435,3423,561,-72,8,728,19375,81,34,79,16,0,0,0,0,0,0,0,-32285,0,0,0,0,0,2687186,0
2682421,7940,-2202,-208,2787,-518,-1431,3543,524,-86,2,632,19375,81,34,79,16,0,0,0,0,0,0,0,-32286,0,0,0,0,0,2687191,0
2682426,8034,-2448,-292,2705,-475,-1407,3659,508,-93,-3,600,19376,79,34,79,16,0,0,0,0,0,0,0,-32285,0,0,0,0,0,2687206,0
2682431,7898,-2618,-340,2653,-484,-1391,3769,480,-99,-1,512,19376,79,34,79,16,0,0,0,0,0,0,0,-32286,0,0,0,0,0,2687211,0
2682436,7826,-2946,-440,2535,-442,-1332,3869,441,-100,-1,432,19377,77,34,79,16,0,0,0,0,0,0,0,-32286,0,0,0,0,0,2687226,0
2682441,7716,-2886,-422,2464,-424,-1313,3961,398,-104,-4,384,19377,77,34,79,16,0,0,0,0,0,0,0,-32285,0,0,0,0,0,2687231,0
2682446,7690,-2974,-462,2413,-423,-1281,4050,381,-109,2,336,19375,78,34,79,16,0,0,0,0,0,0,0,-32286,0,0,0,0,0,2687245,0
2682451,7574,-2986,-410,2356,-415,-1232,4134,373,-101,0,320,19375,78,34,79,16,0,0,0,0,0,0,0,-32285,0,0,0,0,0,2687250,0
2682456,7408,-2844,-118,2239,-428,-1130,4211,328,-89,17,224,19375,74,34,79,16,0,0,0,0,0,0,0,-32286,0,0,0,0,0,2687265,0
2682461,7476,-2716,64,2224,-462,-1110,4275,274,-92,14,128,19375,74,34,79,16,0,0,0,0,0,0,0,-32285,0,0,0,0,0,2687270,0
2682466,7412,-2726,168,2178,-473,-1044,4328,222,-117,0,72,19374,83,34,79,16,0,0,0,0,0,0,0,-32285,0,0,0,0,0,2687286,0
2682471,7284,-2294,458,2072,-496,-1035,4365,153,-160,-7,32,19374,83,34,79,16,0,0,0,0,0,0,0,-32285,0,0,0,0,0,2687290,0
2682476,7324,-2354,628,1785,-431,-944,4384,82,-201,-2,16,19370,70,34,79,16,0,0,0,0,0,0,0,-32285,0,0,0,0,0,2687305,0
2682481,7358,-2536,678,1693,-405,-920,4396,54,-209,0,16,19370,70,34,79,16,0,0,0,0,0,0,0,-32286,0,0,0,0,0,2687310,0
2682486,7316,-2800,818,1666,-421,-910,4407,46,-184,2,8,19368,67,34,79,16,0,0,0,0,0,0,0,-32285,0,0,0,0,0,2687325,0
2682491,7308,-3316,822,1666,-431,-873,4411,12,-135,5,-8,19368,67,34,79,16,0,0,0,0,0,0,0,-32285,0,0,0,0,0,2687330,0
2682496,7250,-3946,698,1683,-528,-819,4409,-15,-96,4,-8,19368,65,34,79,16,0,0,0,0,0,0,0,-32286,0,0,0,0,0,2687345,0
2682501,7408,-4260,718,1719,-543,-806,4406,-16,-72,0,-16,19368,65,34,79,16,0,0,0,0,0,0,0,-32286,0,0,0,0,0,2687350,0
2682506,7478,-4590,854,1731,-511,-785,4405,-2,-58,-2,-8,19369,72,34,79,16,0,0,0,0,0,0,0,-32285,0,0,0,0,0,2687365,0
2682511,7476,-4838,864,1801,-511,-802,4404,-3,-32,1,-8,19369,72,34,79,16,0,0,0,0,0,0,0,-32285,0,0,0,0,0,2687370,0
2682516,7540,-5516,734,2063,-534,-818,4402,-11,1,2,-8,19371,78,34,79,16,0,0,0,0,0,0,0,-32285,0,0,0,0,0,2687385,0
2682521,7444,-5768,622,2020,-507,-765,4401,-14,8,2,-16,19371,78,34,79,16,0,0,0,0,0,0,0,-32285,0,0,0,0,0,2687390,0
2682526,7322,-5928,596,1869,-386,-673,4397,-13,-6,0,-8,19371,86,34,79,16,0,0,0,0,0,0,0,-32286,0,0,0,0,0,2687405,0
2682531,7014,-6148,516,1719,-266,-605,4393,-7,-12,0,-8,19371,86,34,79,16,0,0,0,0,0,0,0,-32286,0,0,0,0,0,2687410,0
2682536,6444,-7074,436,1848,-174,-490,4394,-4,-7,0,-8,19372,83,34,79,16,0,0,0,0,0,0,0,-32286,0,0,0,0,0,2687425,0
2682541,6286,-7300,526,2088,-161,-443,4393,-5,8,0,-8,19372,83,34,79,16,0,0,0,0,0,0,0,-32285,0,0,0,0,0,2687430,0
2682546,6350,-6814,750,2395,-163,-497,4394,0,16,1,-8,19371,79,34,79,16,0,0,0,0,0,0,0,-32286,0,0,0,0,0,2687445,0
2682551,6608,-6756,958,2756,-57,-513,4390,-10,4,3,-16,19371,79,34,79,16,0,0,0,0,0,0,0,-32286,0,0,0,0,0,2687450,0
2682556,6444,-5424,134,2937,-269,-618,4381,-37,-15,4,-32,19371,78,34,79,16,0,0,0,0,0,0,0,-32285,0,0,0,0,0,2687465,0
2682561,6942,-6020,-68,3680,-597,-834,4348,-152,-74,20,-152,19371,78,34,79,16,0,0,0,0,0,0,0,-32285,0,0,0,0,0,2687470,0
2682566,5754,-6066,-20,3763,-575,-687,4282,-299,-183,22,-336,19372,73,34,79,16,0,0,0,0,0,0,0,-32286,0,0,0,0,0,2687485,0
2682571,5894,-4904,70,3609,-823,-724,4181,-452,-315,31,-656,19372,73,34,79,16,0,0,0,0,0,0,0,-32285,0,0,0,0,0,2687490,0
2682576,5494,-4632,728,2773,-362,-424,4048,-605,-437,32,-1080,19372,75,34,79,16,0,0,0,0,0,0,0,-32285,0,0,0,0,0,2687505,0
2682581,5598,-5356,870,2506,-194,-290,3882,-738,-503,-4,-1344,19372,75,34,79,16,0,0,0,0,0,0,0,-32285,0,0,0,0,0,2687510,0
2682586,5214,-5998,1054,2484,-46,-124,3688,-868,-501,4,-1640,19374,77,34,79,16,0,0,0,0,0,0,0,-32286,0,0,0,0,0,2687525,0
2682591,4932,-6154,1128,2598,-2,-5,3467,-976,-480,-6,-1824,19374,77,34,79,16,0,0,0,0,0,0,0,-32285,0,0,0,0,0,2687529,0
2682596,4728,-5770,1118,2675,176,294,3230,-1059,-437,-7,-1992,19373,77,34,79,16,0,0,0,0,0,0,0,-32286,0,0,0,0,0,2687544,0
2682601,5312,-5926,892,2864,97,374,2977,-1115,-370,-5,-2096,19373,77,34,79,16,0,0,0,0,0,0,0,-32285,0,0,0,0,0,2687549,0
2682606,5274,-5332,938,3068,79,455,2716,-1153,-292,-2,-2176,19372,77,34,79,16,0,0,0,0,0,0,0,-32286,0,0,0,0,0,2687564,0
2682611,5630,-4530,740,3159,-35,515,2449,-1185,-218,-1,-2248,19372,77,34,79,16,0,0,0,0,0,0,0,-32286,0,0,0,0,0,2687569,0
2682616,6156,-3056,378,2993,-6,644,2175,-1205,-156,1,-2296,19376,92,34,79,16,0,0,0,0,0,0,0,-32285,0,0,0,0,0,2687584,0
2682621,6628,-2762,398,2863,-4,705,1901,-1210,-105,0,-2304,19376,92,34,79,16,0,0,0,0,0,0,0,-32285,0,0,0,0,0,2687589,0
2682626,6904,-2418,448,2788,-22,716,1626,-1213,-73,-7,-2272,19376,97,34,79,16,0,0,0,0,0,0,0,-32286,0,0,0,0,0,2687604,0
2682631,7338,-2224,820,2747,-48,701,1351,-1209,-39,-7,-2240,19376,97,34,79,16,0,0,0,0,0,0,0,-32286,0,0,0,0,0,2687609,0
2682636,8282,-664,670,2770,-182,581,1081,-1187,-7,-9,-2176,19376,95,34,79,16,0,0,0,0,0,0,0,-32286,0,0,0,0,0,2687624,0
2682641,8610,-1974,1988,2950,-112,469,816,-1165,21,-8,-2096,19376,95,34,79,16,0,0,0,0,0,0,0,-32285,0,0,0,0,0,2687629,0
2682646,7898,-2596,1466,3195,-356,429,558,-1130,54,-10,-2008,19372,83,34,79,16,0,0,0,0,0,0,0,-32285,0,0,0,0,0,2687644,0
2682651,8192,-2032,258,3280,-829,347,307,-1095,76,-7,-1920,19372,83,34,79,16,0,0,0,0,0,0,0,-32286,0,0,0,0,0,2687649,0
2682656,8944,-296,656,2795,-798,264,65,-1060,103,-10,-1832,19372,79,34,79,16,0,0,0,0,0,0,0,-32286,0,0,0,0,0,2687664,0
2682661,9450,-394,1022,2409,-686,197,-166,-1016,115,-12,-1712,19372,79,34,79,16,0,0,0,0,0,0,0,-32285,0,0,0,0,0,2687669,0
2682666,9668,-1032,1310,2161,-605,152,-386,-954,135,-5,-1560,19371,81,34,79,16,0,0,0,0,0,0,0,-32285,0,0,0,0,0,2687684,0
2682671,9748,-1688,1546,2106,-599,87,-596,-909,150,-4,-1456,19371,81,34,79,16,0,0,0,0,0,0,0,-32286,0,0,0,0,0,2687689,0
2682676,10046,-2206,1886,2173,-539,6,-791,-851,170,-4,-1328,19370,79,34,79,16,0,0,0,0,0,0,0,-32286,0,0,0,0,0,2687704,0
2682681,10158,-2102,2066,2054,-446,-23,-976,-801,180,2,-1240,19370,79,34,79,16,0,0,0,0,0,0,0,-32286,0,0,0,0,0,2687709,0
2682686,10172,-2196,2222,1852,-283,-22,-1145,-734,191,0,-1096,19371,84,34,79,16,0,0,0,0,0,0,0,-32286,0,0,0,0,0,2687724,0
2682691,9968,-2434,2222,1629,-169,-6,-1304,-703,191,4,-1032,19371,84,34,79,16,0,0,0,0,0,0,0,-32285,0,0,0,0,0,2687729,0
2682696,9598,-2784,2118,1617,-16,-69,-1445,-623,198,-3,-840,19372,84,34,79,16,0,0,0,0,0,0,0,-32286,0,0,0,0,0,2687744,0
2682701,9410,-2954,1920,1671,39,-72,-1574,-554,207,-4,-672,19372,84,34,79,16,0,0,0,0,0,0,0,-32285,0,0,0,0,0,2687749,0
2682706,9056,-2726,1796,1585,116,-45,-1693,-515,211,3,-576,19373,77,34,79,16,0,0,0,0,0,0,0,-32286,0,0,0,0,0,2687764,0
2682711,9020,-2526,1644,1435,207,-34,-1796,-461,196,10,-488,19373,77,34,79,16,0,0,0,0,0,0,0,-32285,0,0,0,0,0,2687768,0
2682716,8358,-2790,1296,1281,262,-47,-1887,-388,206,2,-328,19376,79,34,79,16,0,0,0,0,0,0,0,-32286,0,0,0,0,0,2687783,0
2682721,8028,-2824,1062,1272,213,-35,-1963,-331,205,-7,-224,19376,79,34,79,16,0,0,0,0,0,0,0,-32286,0,0,0,0,0,2687788,0
2682726,7712,-2724,884,1225,142,-34,-2029,-287,196,-4,-176,19377,75,34,79,16,0,0,0,0,0,0,0,-32286,0,0,0,0,0,2687806,0
2682731,7494,-2512,780,1111,116,-17,-2088,-258,194,6,-144,19377,75,34,79,16,0,0,0,0,0,0,0,-32286,0,0,0,0,0,2687811,0
2682736,7170,-2606,526,928,23,13,-2134,-203,169,6,-88,19378,76,34,79,16,0,0,0,0,0,0,0,-32286,0,0,0,0,0,2687823,0
2682741,6904,-2428,552,852,-67,9,-2171,-152,151,5,-48,19378,76,34,79,16,0,0,0,0,0,0,0,-32286,0,0,0,0,0,2687828,0
2682746,6932,-2658,486,814,-139,38,-2201,-128,150,6,-56,19374,81,34,79,16,0,0,0,0,0,0,0,-32286,0,0,0,0,0,2687843,0
2682751,6818,-2294,702,817,-220,7,-2225,-108,131,0,-32,19374,81,34,79,16,0,0,0,0,0,0,0,-32286,0,0,0,0,0,2687848,0
2682756,6866,-2394,572,832,-438,33,-2238,-55,129,-6,-16,19374,84,34,79,16,0,0,0,0,0,0,0,-32285,0,0,0,0,0,2687863,0
2682761,6914,-2196,704,643,-467,87,-2244,-20,123,-2,-16,19374,84,34,79,16,0,0,0,0,0,0,0,-32285,0,0,0,0,0,2687868,0
2682766,6942,-2136,982,445,-423,143,-2244,-3,116,-2,-8,19372,87,34,79,16,0,0,0,0,0,0,0,-32286,0,0,0,0,0,2687883,0
2682771,6926,-2300,1212,333,-422,181,-2245,5,101,-2,0,19372,87,34,79,16,0,0,0,0,0,0,0,-32285,0,0,0,0,0,2687888,0
2682776,7112,-2386,1584,315,-440,237,-2247,-11,71,0,0,19372,83,34,79,16,0,0,0,0,0,0,0,-32286,0,0,0,0,0,2687903,0
2682781,7386,-2370,1754,279,-381,267,-2246,-11,26,0,0,19372,83,34,79,16,0,0,0,0,0,0,0,-32285,0,0,0,0,0,2687908,0
2682786,7500,-2144,1898,209,-279,306,-2246,2,12,0,0,19372,81,34,79,16,0,0,0,0,0,0,0,-32286,0,0,0,0,0,2687923,0
2682791,7588,-2004,1986,122,-193,324,-2246,1,8,0,0,19372,81,34,79,16,0,0,0,0,0,0,0,-32285,0,0,0,0,0,2687928,0
2682796,7772,-1962,2058,27,-9,347,-2246,-3,-2,0,0,19373,78,34,79,16,0,0,0,0,0,0,0,-32286,0,0,0,0,0,2687943,0
2682801,7884,-1874,2090,28,95,344,-2244,3,4,-1,0,19373,78,34,79,16,0,0,0,0,0,0,0,-32286,0,0,0,0,0,2687948,0
2682806,7904,-1668,2102,20,211,329,-2246,-5,5,0,0,19371,80,34,79,16,0,0,0,0,0,0,0,-32286,0,0,0,0,0,2687962,0
2682811,7888,-1524,2052,-16,314,319,-2246,1,3,0,-8,19371,80,34,79,16,0,0,0,0,0,0,0,-32285,0,0,0,0,0,2687967,0
2682816,7700,-1854,1594,-163,410,296,-2246,-4,-5,0,0,19373,76,34,79,16,0,0,0,0,0,0,0,-32286,0,0,0,0,0,2687982,0
2682821,7614,-1576,1702,117,371,209,-2245,2,2,-2,0,19373,76,34,79,16,0,0,0,0,0,0,0,-32286,0,0,0,0,0,2687987,0
2682826,7854,-1314,1768,207,416,165,-2246,0,3,-1,0,19373,86,34,79,16,0,0,0,0,0,0,0,-32286,0,0,0,0,0,2688002,0
2682831,7752,-736,1700,97,502,121,-2246,1,3,0,0,19373,86,34,79,16,0,0,0,0,0,0,0,-32286,0,0,0,0,0,2688007,0
2682836,7340,-1006,1040,-205,518,92,-2245,0,-3,0,0,19372,83,34,79,16,0,0,0,0,0,0,0,-32286,0,0,0,0,0,2688022,0
2682841,6930,-1048,670,-376,508,124,-2245,-3,1,-1,0,19372,83,34,79,16,0,0,0,0,0,0,0,-32286,0,0,0,0,0,2688027,0
2682846,6732,-918,662,-591,537,168,-2242,18,5,-2,8,19372,80,34,79,16,0,0,0,0,0,0,0,-32286,0,0,0,0,0,2688042,0
2682851,6630,-1062,798,-618,486,117,-2237,24,8,-1,16,19372,80,34,79,16,0,0,0,0,0,0,0,-32286,0,0,0,0,0,2688047,0
2682856,6786,-1354,1108,-87,253,-33,-2233,19,17,0,16,19372,79,34,79,16,0,0,0,0,0,0,0,-32285,0,0,0,0,0,2688062,0
2682861,6790,-1004,650,-144,149,-38,-2220,51,33,-1,24,19372,79,34,79,16,0,0,0,0,0,0,0,-32286,0,0,0,0,0,2688067,0
2682866,6816,-802,862,-389,313,11,-2205,76,48,-1,24,19372,80,34,79,16,0,0,0,0,0,0,0,-32286,0,0,0,0,0,2688082,0
2682871,6510,-628,946,-706,393,31,-2194,46,48,2,8,19372,80,34,79,16,0,0,0,0,0,0,0,-32285,0,0,0,0,0,2688087,0
2682876,6654,-1262,992,-808,400,-23,-2192,3,8,3,-8,19372,78,34,79,16,0,0,0,0,0,0,0,-32286,0,0,0,0,0,2688102,0
2682881,6678,-1406,914,-656,305,-95,-2193,-4,-34,2,-8,19372,78,34,79,16,0,0,0,0,0,0,0,-32286,0,0,0,0,0,2688107,0
2682886,6886,-1480,822,-546,274,-130,-2192,0,-54,-1,0,19372,76,34,79,16,0,0,0,0,0,0,0,-32286,0,0,0,0,0,2688122,0
2682891,6748,-1442,854,-616,306,-106,-2191,3,-50,-1,0,19372,76,34,79,16,0,0,0,0,0,0,0,-32286,0,0,0,0,0,2688127,0
2682896,6534,-2142,1064,-1525,687,238,-2188,11,-13,-3,16,19372,75,34,79,16,0,0,0,0,0,0,0,-32286,0,0,0,0,0,2688142,0
2682901,6464,-1946,1746,-1747,916,227,-2173,71,41,-9,56,19372,75,34,79,16,0,0,0,0,0,0,0,-32285,0,0,0,0,0,2688147,0
2682906,6824,-3214,1814,-1371,983,153,-2134,184,120,-20,160,19373,75,34,79,16,0,0,0,0,0,0,0,-32285,0,0,0,0,0,2688162,0
2682911,6542,-3662,1362,-801,699,51,-2067,313,221,-12,344,19373,75,34,79,16,0,0,0,0,0,0,0,-32286,0,0,0,0,0,2688167,0
2682916,7406,-2378,408,-45,188,-163,-1975,411,324,-15,528,19373,73,34,79,16,0,0,0,0,0,0,0,-32286,0,0,0,0,0,2688182,0
2682921,7586,-1570,254,-113,37,-278,-1862,511,376,-27,824,19373,73,34,79,16,0,0,0,0,0,0,0,-32285,0,0,0,0,0,2688187,0
2682926,7790,-1336,210,-222,-67,-386,-1725,614,374,-2,1048,19376,62,34,79,16,0,0,0,0,0,0,0,-32286,0,0,0,0,0,2688202,0
2682931,7904,-1608,232,-280,-159,-461,-1573,676,341,18,1144,19376,62,34,79,16,0,0,0,0,0,0,0,-32286,0,0,0,0,0,2688207,0
2682936,7972,-2224,520,-153,-305,-644,-1409,729,293,8,1248,19377,62,34,79,16,0,0,0,0,0,0,0,-32286,0,0,0,0,0,2688221,0
2682941,7914,-2504,646,-55,-298,-664,-1234,773,246,6,1312,19377,62,34,79,16,0,0,0,0,0,0,0,-32285,0,0,0,0,0,2688226,0
2682946,7694,-2730,908,-62,-286,-691,-1051,797,195,13,1336,19377,71,34,79,16,0,0,0,0,0,0,0,-32286,0,0,0,0,0,2688241,0
2682951,7862,-2892,1038,-74,-268,-714,-866,826,140,4,1392,19377,71,34,79,16,0,0,0,0,0,0,0,-32286,0,0,0,0,0,2688246,0
2682956,7784,-3280,1210,-35,-224,-699,-681,812,92,12,1320,19377,89,34,79,16,0,0,0,0,0,0,0,-32286,0,0,0,0,0,2688261,0
2682961,7826,-3432,1138,-49,-197,-668,-495,810,51,3,1328,19377,89,34,79,16,0,0,0,0,0,0,0,-32286,0,0,0,0,0,2688266,0
2682966,7674,-3476,1104,-120,-151,-614,-312,801,17,10,1264,19373,89,34,79,16,0,0,0,0,0,0,0,-32286,0,0,0,0,0,2688281,0
2682971,7664,-3350,1022,-227,-95,-565,-139,771,-30,8,1192,19373,89,34,79,16,0,0,0,0,0,0,0,-32286,0,0,0,0,0,2688286,0
2682976,7748,-3172,1018,-364,42,-514,29,739,-66,0,1136,19371,88,34,79,16,0,0,0,0,0,0,0,-32286,0,0,0,0,0,2688301,0
2682981,7768,-3166,1032,-400,98,-480,192,704,-76,5,1048,19371,88,34,79,16,0,0,0,0,0,0,0,-32285,0,0,0,0,0,2688306,0
2682986,7792,-3270,1076,-460,117,-472,344,663,-104,4,944,19370,81,34,79,16,0,0,0,0,0,0,0,-32285,0,0,0,0,0,2688321,0
2682991,8012,-3422,1030,-475,130,-460,489,634,-180,2,888,19370,81,34,79,16,0,0,0,0,0,0,0,-32286,0,0,0,0,0,2688334,0
2682996,8212,-3716,1218,-438,155,-454,627,603,-175,-1,816,19371,76,34,79,16,0,0,0,0,0,0,0,-32286,0,0,0,0,0,2688341,0
2683001,8494,-3852,1294,-359,151,-441,751,554,-156,-5,688,19371,76,34,79,16,0,0,0,0,0,0,0,-32286,0,0,0,0,0,2688346,0
2683006,8576,-3772,1408,-321,137,-462,868,510,-99,-14,584,19372,81,34,79,16,0,0,0,0,0,0,0,-32285,0,0,0,0,0,2688361,0
2683011,9114,-3688,1456,-309,212,-461,975,478,-108,-18,544,19372,81,34,79,16,0,0,0,0,0,0,0,-32286,0,0,0,0,0,2688366,0
2683016,8970,-4058,1586,-442,297,-370,1074,432,-137,-6,424,19371,79,34,79,16,0,0,0,0,0,0,0,-32285,0,0,0,0,0,2688381,0
2683021,9084,-4224,1538,-416,333,-360,1166,399,-138,0,376,19371,79,34,79,16,0,0,0,0,0,0,0,-32286,0,0,0,0,0,2688386,0
2683026,9020,-4114,1624,-331,348,-381,1251,368,-123,8,320,19373,77,34,79,16,0,0,0,0,0,0,0,-32286,0,0,0,0,0,2688401,0
2683031,9088,-4044,1572,-257,368,-406,1337,370,-105,0,320,19373,77,34,79,16,0,0,0,0,0,0,0,-32285,0,0,0,0,0,2688406,0
2683036,8900,-3556,1356,-298,436,-387,1421,374,-76,-4,352,19373,65,34,79,16,0,0,0,0,0,0,0,-32286,0,0,0,0,0,2688421,0
2683041,8612,-3394,1340,-390,507,-396,1505,360,-37,0,312,19373,65,34,79,16,0,0,0,0,0,0,0,-32286,0,0,0,0,0,2688426,0
2683046,8488,-3402,1192,-436,542,-407,1586,357,-16,1,304,19374,66,34,79,16,0,0,0,0,0,0,0,-32286,0,0,0,0,0,2688441,0
2683051,8184,-3394,1100,-427,584,-406,1666,346,-15,2,280,19374,66,34,79,16,0,0,0,0,0,0,0,-32285,0,0,0,0,0,2688446,0
2683056,7780,-3216,886,-357,553,-457,1747,360,-16,-5,336,19374,75,34,79,16,0,0,0,0,0,0,0,-32285,0,0,0,0,0,2688461,0
2683061,7414,-2976,824,-353,528,-483,1833,379,-5,-12,368,19374,75,34,79,16,0,0,0,0,0,0,0,-32285,0,0,0,0,0,2688466,0
2683066,7316,-2978,634,-403,494,-473,1919,377,20,-4,368,19373,75,34,79,16,0,0,0,0,0,0,0,-32286,0,0,0,0,0,2688481,0
2683071,6980,-2892,552,-473,464,-471,2004,368,26,10,336,19373,75,34,79,16,0,0,0,0,0,0,0,-32286,0,0,0,0,0,2688485,0
2683076,6718,-2942,382,-557,347,-444,2087,366,13,4,312,19373,80,34,79,16,0,0,0,0,0,0,0,-32285,0,0,0,0,0,2688500,0
2683081,6602,-2980,368,-575,255,-449,2168,359,-5,0,320,19373,80,34,79,16,0,0,0,0,0,0,0,-32285,0,0,0,0,0,2688505,0
2683086,6532,-3048,324,-563,168,-444,2252,368,-15,-2,336,19373,78,34,79,16,0,0,0,0,0,0,0,-32285,0,0,0,0,0,2688520,0
2683091,6426,-3016,356,-558,75,-447,2336,366,-5,-2,320,19373,78,34,79,16,0,0,0,0,0,0,0,-32286,0,0,0,0,0,2688525,0
2683096,6356,-2900,488,-599,-62,-411,2417,349,0,7,288,19371,77,34,79,16,0,0,0,0,0,0,0,-32286,0,0,0,0,0,2688540,0
2683101,6530,-2942,612,-649,-87,-400,2495,346,-10,0,280,19371,77,34,79,16,0,0,0,0,0,0,0,-32285,0,0,0,0,0,2688545,0
2683106,6522,-3010,744,-678,-56,-390,2569,328,-26,-2,272,19372,75,34,79,16,0,0,0,0,0,0,0,-32286,0,0,0,0,0,2688560,0
2683111,6628,-3016,876,-680,-56,-391,2644,330,-35,0,280,19372,75,34,79,16,0,0,0,0,0,0,0,-32286,0,0,0,0,0,2688565,0
2683116,6878,-3012,1140,-590,3,-392,2721,339,-24,1,272,19371,80,34,79,16,0,0,0,0,0,0,0,-32286,0,0,0,0,0,2688580,0
2683121,7088,-3100,1184,-567,58,-378,2798,337,-3,3,264,19371,80,34,79,16,0,0,0,0,0,0,0,-32285,0,0,0,0,0,2688585,0
2683126,7116,-2956,1240,-576,117,-366,2872,322,1,3,248,19373,80,34,79,16,0,0,0,0,0,0,0,-32286,0,0,0,0,0,2688600,0
2683131,7328,-2884,1234,-574,176,-359,2946,322,-2,-4,248,19373,80,34,79,16,0,0,0,0,0,0,0,-32286,0,0,0,0,0,2688605,0
2683136,7420,-2894,1246,-606,320,-345,3018,322,-12,5,240,19374,81,34,79,16,0,0,0,0,0,0,0,-32286,0,0,0,0,0,2688620,0
2683141,7536,-2984,1186,-605,371,-335,3091,325,-18,-3,248,19374,81,34,79,16,0,0,0,0,0,0,0,-32285,0,0,0,0,0,2688625,0
2683146,7526,-2986,1140,-576,427,-336,3164,325,-8,-3,272,19376,65,34,79,16,0,0,0,0,0,0,0,-32286,0,0,0,0,0,2688640,0
2683151,7436,-2942,1098,-570,439,-353,3243,345,12,-6,272,19376,65,34,79,16,0,0,0,0,0,0,0,-32285,0,0,0,0,0,2688645,0
2683156,7426,-2936,864,-585,496,-351,3320,337,16,3,272,19377,62,34,79,16,0,0,0,0,0,0,0,-32286,0,0,0,0,0,2688660,0
2683161,7434,-2946,732,-638,506,-349,3395,339,22,-1,264,19377,62,34,79,16,0,0,0,0,0,0,0,-32286,0,0,0,0,0,2688665,0
2683166,7396,-2922,694,-689,531,-345,3470,324,1,3,240,19372,68,34,79,16,0,0,0,0,0,0,0,-32286,0,0,0,0,0,2688680,0
2683171,7366,-2910,618,-711,527,-359,3544,328,-4,5,264,19372,68,34,79,16,0,0,0,0,0,0,0,-32285,0,0,0,0,0,2688685,0
2683176,7434,-3000,454,-677,495,-372,3623,341,0,-1,280,19371,76,34,79,16,0,0,0,0,0,0,0,-32286,0,0,0,0,0,2688700,0
2683181,7534,-3128,332,-647,458,-366,3707,368,15,-3,320,19371,76,34,79,16,0,0,0,0,0,0,0,-32286,0,0,0,0,0,2688705,0
2683186,7412,-3094,308,-661,420,-367,3789,364,34,2,312,19370,76,34,79,16,0,0,0,0,0,0,0,-32286,0,0,0,0,0,2688720,0
2683191,7504,-3034,268,-701,375,-363,3872,358,32,-1,296,19370,76,34,79,16,0,0,0,0,0,0,0,-32285,0,0,0,0,0,2688725,0
2683196,7490,-3018,346,-806,356,-363,3953,350,18,2,296,19371,74,34,79,16,0,0,0,0,0,0,0,-32286,0,0,0,0,0,2688740,0
2683201,7636,-3140,346,-816,347,-381,4037,373,5,-6,328,19371,74,34,79,16,0,0,0,0,0,0,0,-32286,0,0,0,0,0,2688745,0
2683206,7700,-3204,412,-774,330,-401,4126,394,10,-8,384,19374,76,34,79,16,0,0,0,0,0,0,0,-32286,0,0,0,0,0,2688760,0
2683211,7654,-3378,416,-747,299,-397,4216,388,26,2,360,19374,76,34,79,16,0,0,0,0,0,0,0,-32285,0,0,0,0,0,2688765,0
2683216,7630,-3408,544,-799,294,-397,4302,379,28,9,328,19374,80,34,79,16,0,0,0,0,0,0,0,-32286,0,0,0,0,0,2688780,0
2683221,7522,-3438,580,-855,317,-387,4384,364,12,6,304,19374,80,34,79,16,0,0,0,0,0,0,0,-32285,0,0,0,0,0,2688785,0
2683226,7542,-3504,616,-880,324,-406,4470,373,-15,-2,328,19374,81,34,79,16,0,0,0,0,0,0,0,-32286,0,0,0,0,0,2688800,0
2683231,7526,-3644,656,-876,358,-393,4557,379,-22,-3,344,19374,81,34,79,16,0,0,0,0,0,0,0,-32286,0,0,0,0,0,2688817,0
2683236,7310,-3892,630,-847,361,-378,4642,373,3,3,312,19375,76,34,79,16,0,0,0,0,0,0,0,-32286,0,0,0,0,0,2688822,0
2683241,7146,-3806,666,-828,349,-389,4724,353,-2,9,272,19375,76,34,79,16,0,0,0,0,0,0,0,-32286,0,0,0,0,0,2688827,0
2683246,7200,-3850,604,-804,365,-373,4801,342,-21,2,256,19374,83,34,79,16,0,0,0,0,0,0,0,-32286,0,0,0,0,0,2688842,0
2683251,7014,-3652,642,-799,352,-379,4874,324,-44,-2,248,19374,83,34,79,16,0,0,0,0,0,0,0,-32285,0,0,0,0,0,2688847,0
2683256,7018,-3584,534,-772,340,-381,4948,325,-52,-1,232,19374,85,34,79,16,0,0,0,0,0,0,0,-32287,0,0,0,0,0,2688862,0
2683261,6990,-3556,526,-762,323,-389,5019,317,-43,1,224,19374,85,34,79,16,0,0,0,0,0,0,0,-32286,0,0,0,0,0,2688867,0
2683266,6978,-3662,456,-718,302,-381,5086,298,-27,6,168,19372,84,34,79,16,0,0,0,0,0,0,0,-32286,0,0,0,0,0,2688882,0
2683271,6864,-3766,392,-691,260,-358,5144,249,-45,0,112,19372,84,34,79,16,0,0,0,0,0,0,0,-32285,0,0,0,0,0,2688887,0
2683276,6792,-3420,436,-696,211,-331,5192,213,-73,-13,88,19374,86,34,79,16,0,0,0,0,0,0,0,-32285,0,0,0,0,0,2688902,0
2683281,6858,-3568,408,-760,234,-269,5234,175,-110,-5,64,19374,86,34,79,16,0,0,0,0,0,0,0,-32285,0,0,0,0,0,2688907,0
2683286,6728,-3472,490,-799,201,-248,5266,138,-125,-5,40,19378,82,34,79,16,0,0,0,0,0,0,0,-32285,0,0,0,0,0,2688922,0
2683291,6904,-3742,420,-818,218,-190,5288,84,-136,1,24,19378,82,34,79,16,0,0,0,0,0,0,0,-32285,0,0,0,0,0,2688927,0
2683296,6906,-3710,594,-847,188,-156,5301,56,-137,0,24,19383,80,34,79,16,0,0,0,0,0,0,0,-32285,0,0,0,0,0,2688943,0
2683301,6982,-3704,712,-763,180,-151,5316,63,-118,-3,32,19383,80,34,79,16,0,0,0,0,0,0,0,-32285,0,0,0,0,0,2688948,0
2683306,6968,-3860,800,-680,130,-154,5333,74,-77,0,16,19385,92,34,79,16,0,0,0,0,0,0,0,-32286,0,0,0,0,0,2688962,0
2683311,7014,-3966,786,-637,88,-135,5343,36,-44,4,8,19385,92,34,79,16,0,0,0,0,0,0,0,-32285,0,0,0,0,0,2688967,0
2683316,7182,-3806,842,-683,130,-98,5344,1,-33,2,-8,19382,93,34,79,16,0,0,0,0,0,0,0,-32285,0,0,0,0,0,2688982,0
2683321,7226,-3852,910,-691,152,-93,5344,-3,-55,0,-8,19382,93,34,79,16,0,0,0,0,0,0,0,-32286,0,0,0,0,0,2688987,0
2683326,7298,-4098,938,-623,159,-90,5344,-7,-65,-1,0,19376,96,34,79,16,0,0,0,0,0,0,0,-32285,0,0,0,0,0,2689002,0
2683331,7262,-4224,988,-497,143,-87,5343,-4,-49,0,-8,19376,96,34,79,16,0,0,0,0,0,0,0,-32286,0,0,0,0,0,2689007,0
2683336,7374,-4228,932,-300,122,-70,5344,0,-15,1,0,19374,89,34,79,16,0,0,0,0,0,0,0,-32286,0,0,0,0,0,2689022,0
2683341,7398,-4128,862,-270,115,-56,5344,-3,3,-1,-8,19374,89,34,79,16,0,0,0,0,0,0,0,-32286,0,0,0,0,0,2689027,0
2683346,7424,-4036,788,-253,118,-33,5345,1,2,-1,-8,19376,83,34,79,16,0,0,0,0,0,0,0,-32286,0,0,0,0,0,2689042,0
2683351,7402,-3990,760,-213,103,-33,5344,1,6,-2,-8,19376,83,34,79,16,0,0,0,0,0,0,0,-32286,0,0,0,0,0,2689047,0
2683356,7458,-3908,720,-118,79,-17,5345,0,0,-2,0,19377,76,34,79,16,0,0,0,0,0,0,0,-32286,0,0,0,0,0,2689062,0
2683361,7446,-3800,700,-78,71,-16,5344,0,-1,-1,0,19377,76,34,79,16,0,0,0,0,0,0,0,-32286,0,0,0,0,0,2689067,0
2683366,7492,-3704,666,-52,68,-10,5345,7,3,0,0,19378,72,34,79,16,0,0,0,0,0,0,0,-32286,0,0,0,0,0,2689081,0
2683371,7498,-3626,626,-34,72,-12,5344,1,2,0,-8,19378,72,34,79,16,0,0,0,0,0,0,0,-32286,0,0,0,0,0,2689086,0
2683376,7480,-3496,578,-15,64,-8,5344,-7,0,0,0,19376,72,34,79,16,0,0,0,0,0,0,0,-32285,0,0,0,0,0,2689101,0
2683381,7486,-3450,554,-2,64,-1,5345,1,-5,0,0,19376,72,34,79,16,0,0,0,0,0,0,0,-32286,0,0,0,0,0,2689106,0
2683386,7496,-3418,540,17,58,7,5344,0,0,0,-8,19377,84,34,79,16,0,0,0,0,0,0,0,-32286,0,0,0,0,0,2689121,0
2683391,7476,-3392,532,27,47,12,5344,5,-3,0,-8,19377,84,34,79,16,0,0,0,0,0,0,0,-32286,0,0,0,0,0,2689126,0
2683396,7476,-3236,534,38,21,23,5345,0,-2,-3,-8,19376,92,34,79,16,0,0,0,0,0,0,0,-32286,0,0,0,0,0,2689141,0
2683401,7484,-3234,548,40,13,29,5344,0,2,0,0,19376,92,34,79,16,0,0,0,0,0,0,0,-32286,0,0,0,0,0,2689146,0
2683406,7482,-3196,524,42,0,37,5344,-8,-2,-1,0,19375,91,34,79,16,0,0,0,0,0,0,0,-32286,0,0,0,0,0,2689161,0
2683411,7480,-3144,576,39,-14,38,5343,-5,-2,0,0,19375,91,34,79,16,0,0,0,0,0,0,0,-32286,0,0,0,0,0,2689166,0
2683416,7450,-3106,672,44,-40,45,5345,1,-2,0,-8,19373,91,34,79,16,0,0,0,0,0,0,0,-32286,0,0,0,0,0,2689181,0
2683421,7444,-3078,710,41,-39,47,5343,0,0,0,0,19373,91,34,79,16,0,0,0,0,0,0,0,-32286,0,0,0,0,0,2689186,0
2683426,7450,-3054,748,55,-32,47,5344,1,3,-1,0,19374,93,34,79,16,0,0,0,0,0,0,0,-32285,0,0,0,0,0,2689201,0
2683431,7440,-3062,778,49,-29,54,5344,1,0,0,-8,19374,93,34,79,16,0,0,0,0,0,0,0,-32286,0,0,0,0,0,2689206,0
2683436,7416,-3098,818,66,-6,59,5344,0,4,0,0,19374,90,34,79,16,0,0,0,0,0,0,0,-32286,0,0,0,0,0,2689221,0
2683441,7450,-3098,816,95,-1,64,5344,-1,0,-1,0,19374,90,34,79,16,0,0,0,0,0,0,0,-32286,0,0,0,0,0,2689226,0
2683446,7458,-3062,826,112,-1,67,5344,-4,1,-1,0,19377,95,34,79,16,0,0,0,0,0,0,0,-32286,0,0,0,0,0,2689241,0
2683451,7422,-3038,830,124,8,70,5344,-1,1,0,0,19377,95,34,79,16,0,0,0,0,0,0,0,-32285,0,0,0,0,0,2689246,0
2683456,7474,-2928,772,132,23,72,5344,-2,-2,0,-8,19378,82,34,79,16,0,0,0,0,0,0,0,-32286,0,0,0,0,0,2689261,0
2683461,7482,-2954,782,138,28,68,5342,-8,-1,0,-8,19378,82,34,79,16,0,0,0,0,0,0,0,-32286,0,0,0,0,0,2689266,0
2683466,7516,-2890,722,138,30,68,5345,8,1,0,0,19377,85,34,79,16,0,0,0,0,0,0,0,-32286,0,0,0,0,0,2689281,0
2683471,7514,-2916,698,142,38,69,5343,0,4,0,-8,19377,85,34,79,16,0,0,0,0,0,0,0,-32286,0,0,0,0,0,2689286,0
2683476,7566,-2910,686,148,36,59,5344,0,6,0,-8,19374,81,34,79,16,0,0,0,0,0,0,0,-32286,0,0,0,0,0,2689301,0
2683481,7524,-2952,658,155,39,66,5344,5,-4,0,-8,19374,81,34,79,16,0,0,0,0,0,0,0,-32286,0,0,0,0,0,2689306,0
2683486,7568,-2958,652,157,15,68,5343,2,2,0,0,19372,84,34,79,16,0,0,0,0,0,0,0,-32286,0,0,0,0,0,2689321,0
2683491,7574,-2986,620,161,8,67,5343,0,-3,0,-8,19372,84,34,79,16,0,0,0,0,0,0,0,-32286,0,0,0,0,0,2689326,0
2683496,7580,-2960,610,168,-17,74,5342,-7,-4,-1,-8,19372,83,34,79,16,0,0,0,0,0,0,0,-32286,0,0,0,0,0,2689341,0
2683501,7612,-2980,652,170,-28,73,5342,2,-2,0,-8,19372,83,34,79,16,0,0,0,0,0,0,0,-32286,0,0,0,0,0,2689346,0
2683506,7602,-3012,644,177,-42,73,5341,2,0,-1,-8,19374,77,34,79,16,0,0,0,0,0,0,0,-32286,0,0,0,0,0,2689361,0
2683511,7606,-3004,682,181,-50,75,5340,-6,-2,0,-8,19374,77,34,79,16,0,0,0,0,0,0,0,-32285,0,0,0,0,0,2689366,0
2683516,7578,-3058,732,198,-66,80,5340,1,-4,0,-8,19376,75,34,79,16,0,0,0,0,0,0,0,-32286,0,0,0,0,0,2689381,0
2683521,7554,-3068,742,213,-69,78,5339,1,2,-1,-8,19376,75,34,79,16,0,0,0,0,0,0,0,-32286,0,0,0,0,0,2689386,0
2683526,7558,-3116,750,225,-71,77,5338,0,-1,-1,-8,19375,76,34,79,16,0,0,0,0,0,0,0,-32286,0,0,0,0,0,2689401,0
2683531,7500,-3150,782,245,-70,83,5338,-1,0,0,-8,19375,76,34,79,16,0,0,0,0,0,0,0,-32286,0,0,0,0,0,2689406,0
2683536,7486,-3214,774,270,-81,88,5336,-3,-1,0,-8,19373,80,34,79,16,0,0,0,0,0,0,0,-32286,0,0,0,0,0,2689421,0
2683541,7438,-3244,786,293,-83,95,5336,-2,-2,-1,-8,19373,80,34,79,16,0,0,0,0,0,0,0,-32285,0,0,0,0,0,2689425,0
2683546,7410,-3264,782,311,-90,97,5335,-1,-1,-1,-8,19371,80,34,79,16,0,0,0,0,0,0,0,-32286,0,0,0,0,0,2689444,0
2683551,7386,-3278,784,311,-90,115,5333,-4,0,0,0,19371,80,34,79,16,0,0,0,0,0,0,0,-32286,0,0,0,0,0,2689449,0
2683556,7378,-3324,776,278,-88,156,5333,-1,-4,0,-8,19371,85,34,79,16,0,0,0,0,0,0,0,-32286,0,0,0,0,0,2689460,0
2683561,7330,-3328,786,264,-81,171,5334,3,-1,-1,0,19371,85,34,79,16,0,0,0,0,0,0,0,-32286,0,0,0,0,0,2689465,0
2683566,7390,-3312,784,302,-96,172,5334,-3,7,0,-8,19372,80,34,79,16,0,0,0,0,0,0,0,-32286,0,0,0,0,0,2689480,0
2683571,7404,-3336,848,368,-98,179,5334,7,7,0,0,19372,80,34,79,16,0,0,0,0,0,0,0,-32286,0,0,0,0,0,2689485,0
2683576,7400,-3204,740,415,-141,194,5334,0,-1,0,0,19374,85,34,79,16,0,0,0,0,0,0,0,-32286,0,0,0,0,0,2689500,0
2683581,7472,-2992,760,420,-146,191,5334,2,-2,0,-8,19374,85,34,79,16,0,0,0,0,0,0,0,-32286,0,0,0,0,0,2689505,0
2683586,7470,-3054,748,419,-147,201,5334,1,-3,0,-8,19375,83,34,79,16,0,0,0,0,0,0,0,-32286,0,0,0,0,0,2689520,0
2683591,7462,-3024,774,430,-160,197,5332,0,3,-1,-8,19375,83,34,79,16,0,0,0,0,0,0,0,-32286,0,0,0,0,0,2689525,0
2683596,7510,-2934,776,409,-153,199,5332,3,-7,-2,0,19374,78,34,79,16,0,0,0,0,0,0,0,-32286,0,0,0,0,0,2689540,0
2683601,7586,-2920,854,452,-156,192,5332,-1,-5,-1,-8,19374,78,34,79,16,0,0,0,0,0,0,0,-32286,0,0,0,0,0,2689545,0
2683606,7500,-3056,848,506,-171,179,5331,-5,-3,-1,-8,19373,82,34,79,16,0,0,0,0,0,0,0,-32286,0,0,0,0,0,2689560,0
2683611,7546,-3022,842,551,-196,168,5330,-4,-1,0,-8,19373,82,34,79,16,0,0,0,0,0,0,0,-32286,0,0,0,0,0,2689565,0
2683616,7584,-2884,844,526,-170,163,5330,9,-7,0,-8,19373,87,34,79,16,0,0,0,0,0,0,0,-32286,0,0,0,0,0,2689580,0
2683621,7598,-2916,868,518,-166,164,5329,-1,-6,-1,0,19373,87,34,79,16,0,0,0,0,0,0,0,-32286,0,0,0,0,0,2689585,0
2683626,7596,-2992,822,529,-165,161,5327,-3,1,-1,0,19373,84,34,79,16,0,0,0,0,0,0,0,-32286,0,0,0,0,0,2689600,0
2683631,7574,-3026,830,550,-164,161,5327,-7,3,0,0,19373,84,34,79,16,0,0,0,0,0,0,0,-32286,0,0,0,0,0,2689605,0
2683636,7538,-3004,852,569,-167,152,5327,1,-1,0,0,19372,83,34,79,16,0,0,0,0,0,0,0,-32286,0,0,0,0,0,2689620,0
2683641,7578,-3006,820,556,-157,160,5328,-3,3,0,-8,19372,83,34,79,16,0,0,0,0,0,0,0,-32286,0,0,0,0,0,2689625,0
2683646,7560,-2976,842,555,-154,155,5327,-8,-1,-1,-8,19374,87,34,79,16,0,0,0,0,0,0,0,-32286,0,0,0,0,0,2689640,0
2683651,7614,-2990,822,552,-143,154,5327,-1,3,0,0,19374,87,34,79,16,0,0,0,0,0,0,0,-32286,0,0,0,0,0,2689645,0
2683656,7632,-2898,812,564,-137,139,5327,0,2,-1,0,19375,92,34,79,16,0,0,0,0,0,0,0,-32287,0,0,0,0,0,2689660,0
2683661,7618,-2826,804,556,-134,128,5327,0,-1,0,0,19375,92,34,79,16,0,0,0,0,0,0,0,-32286,0,0,0,0,0,2689665,0
2683666,7616,-2776,812,555,-128,121,5327,4,3,0,-8,19373,98,34,79,16,0,0,0,0,0,0,0,-32286,0,0,0,0,0,2689680,0
2683671,7648,-2734,762,547,-125,112,5327,0,1,-1,-8,19373,98,34,79,16,0,0,0,0,0,0,0,-32285,0,0,0,0,0,2689685,0
2683676,7630,-2606,764,522,-120,86,5326,-1,2,1,-8,19373,86,34,79,16,0,0,0,0,0,0,0,-32286,0,0,0,0,0,2689700,0
2683681,7688,-2584,730,507,-124,71,5327,0,1,0,-8,19373,86,34,79,16,0,0,0,0,0,0,0,-32286,0,0,0,0,0,2689705,0
2683686,7648,-2522,736,500,-124,57,5326,-2,1,0,-8,19371,81,34,79,16,0,0,0,0,0,0,0,-32286,0,0,0,0,0,2689720,0
2683691,7686,-2472,720,487,-112,43,5326,-4,1,-1,-8,19371,81,34,79,16,0,0,0,0,0,0,0,-32286,0,0,0,0,0,2689725,0
2683696,7664,-2490,694,454,-109,21,5326,-2,-7,-2,0,19373,87,34,79,16,0,0,0,0,0,0,0,-32286,0,0,0,0,0,2689740,0
2683701,7682,-2480,698,433,-108,22,5327,0,-1,0,-8,19373,87,34,79,16,0,0,0,0,0,0,0,-32286,0,0,0,0,0,2689744,0
2683706,7678,-2474,708,405,-107,19,5326,-1,3,-1,0,19373,83,34,79,16,0,0,0,0,0,0,0,-32286,0,0,0,0,0,2689759,0
2683711,7684,-2466,718,387,-103,13,5326,0,0,0,0,19373,83,34,79,16,0,0,0,0,0,0,0,-32286,0,0,0,0,0,2689764,0
2683716,7658,-2540,744,343,-102,7,5326,0,-6,-1,0,19374,78,34,79,16,0,0,0,0,0,0,0,-32286,0,0,0,0,0,2689779,0
2683721,7654,-2590,750,324,-103,3,5327,6,2,0,0,19374,78,34,79,16,0,0,0,0,0,0,0,-32286,0,0,0,0,0,2689784,0
2683726,7666,-2572,766,315,-98,4,5327,0,3,0,0,19374,76,34,79,16,0,0,0,0,0,0,0,-32286,0,0,0,0,0,2689803,0
2683731,7666,-2558,750,302,-90,6,5326,2,0,1,-8,19374,76,34,79,16,0,0,0,0,0,0,0,-32286,0,0,0,0,0,2689808,0
2683736,7666,-2532,762,278,-77,-6,5325,-3,1,0,0,19374,81,34,79,16,0,0,0,0,0,0,0,-32286,0,0,0,0,0,2689819,0
2683741,7668,-2522,824,259,-70,-8,5326,-3,0,-1,-8,19374,81,34,79,16,0,0,0,0,0,0,0,-32286,0,0,0,0,0,2689824,0
2683746,7634,-2486,802,247,-59,-17,5326,0,0,-1,-8,19373,85,34,79,16,0,0,0,0,0,0,0,-32286,0,0,0,0,0,2689839,0
2683751,7634,-2484,828,234,-48,-24,5327,3,3,0,0,19373,85,34,79,16,0,0,0,0,0,0,0,-32286,0,0,0,0,0,2689844,0
2683756,7590,-2486,786,214,-33,-46,5325,-7,0,0,-8,19375,98,34,79,16,0,0,0,0,0,0,0,-32286,0,0,0,0,0,2689859,0
2683761,7580,-2506,802,209,-30,-52,5326,-4,1,-1,0,19375,98,34,79,16,0,0,0,0,0,0,0,-32286,0,0,0,0,0,2689864,0
2683766,7582,-2552,788,202,-25,-60,5325,-1,0,-1,0,19377,95,34,79,16,0,0,0,0,0,0,0,-32286,0,0,0,0,0,2689879,0
2683771,7572,-2566,790,200,-24,-60,5326,-3,1,-1,-8,19377,95,34,79,16,0,0,0,0,0,0,0,-32286,0,0,0,0,0,2689884,0
2683776,7546,-2604,754,181,-27,-60,5326,5,2,0,0,19377,99,34,79,16,0,0,0,0,0,0,0,-32286,0,0,0,0,0,2689899,0
2683781,7528,-2652,762,185,-31,-63,5327,1,5,0,-8,19377,99,34,79,16,0,0,0,0,0,0,0,-32286,0,0,0,0,0,2689913,0
2683786,7570,-2612,740,177,-36,-63,5327,9,1,0,0,19378,90,34,79,16,0,0,0,0,0,0,0,-32286,0,0,0,0,0,2689918,0
2683791,7562,-2648,754,176,-46,-61,5326,0,0,0,0,19378,90,34,79,16,0,0,0,0,0,0,0,-32286,0,0,0,0,0,2689923,0
2683796,7548,-2670,766,169,-60,-62,5326,-3,-5,0,-8,19374,77,34,79,16,0,0,0,0,0,0,0,-32286,0,0,0,0,0,2689938,0
2683801,7582,-2670,762,168,-69,-63,5324,-8,0,0,-8,19374,77,34,79,16,0,0,0,0,0,0,0,-32286,0,0,0,0,0,2689943,0
2683806,7584,-2714,778,167,-73,-64,5326,1,1,-1,-8,19375,74,34,79,16,0,0,0,0,0,0,0,-32286,0,0,0,0,0,2689958,0
2683811,7610,-2746,794,175,-75,-67,5326,1,-2,-1,0,19375,74,34,79,16,0,0,0,0,0,0,0,-32286,0,0,0,0,0,2689963,0
2683816,7638,-2812,808,184,-76,-67,5327,3,5,-1,-8,19374,80,34,79,16,0,0,0,0,0,0,0,-32286,0,0,0,0,0,2689978,0
2683821,7606,-2864,800,193,-78,-65,5326,0,4,0,0,19374,80,34,79,16,0,0,0,0,0,0,0,-32286,0,0,0,0,0,2689983,0
2683826,7574,-2872,818,198,-80,-66,5326,0,3,0,-8,19372,87,34,79,16,0,0,0,0,0,0,0,-32286,0,0,0,0,0,2689998,0
2683831,7592,-2958,820,209,-74,-65,5327,2,-4,1,-8,19372,87,34,79,16,0,0,0,0,0,0,0,-32286,0,0,0,0,0,2690003,0
2683836,7588,-3016,804,237,-77,-58,5327,5,0,0,-8,19371,93,34,79,16,0,0,0,0,0,0,0,-32286,0,0,0,0,0,2690018,0
2683841,7530,-3070,802,247,-78,-50,5325,-3,-2,0,-8,19371,93,34,79,16,0,0,0,0,0,0,0,-32286,0,0,0,0,0,2690023,0
2683846,7562,-3082,808,260,-81,-50,5326,0,1,-2,0,19371,87,34,79,16,0,0,0,0,0,0,0,-32286,0,0,0,0,0,2690038,0
2683851,7528,-3132,790,272,-93,-41,5326,-1,-4,-2,0,19371,87,34,79,16,0,0,0,0,0,0,0,-32286,0,0,0,0,0,2690043,0
2683856,7536,-3186,786,280,-112,-25,5326,5,6,-2,0,19372,81,34,79,16,0,0,0,0,0,0,0,-32286,0,0,0,0,0,2690058,0
2683861,7526,-3208,796,292,-127,-17,5327,6,0,0,-8,19372,81,34,79,16,0,0,0,0,0,0,0,-32286,0,0,0,0,0,2690063,0
2683866,7530,-3182,796,305,-135,-12,5327,3,0,0,-8,19375,90,34,79,16,0,0,0,0,0,0,0,-32286,0,0,0,0,0,2690078,0
2683871,7554,-3204,840,319,-152,-10,5327,1,0,0,0,19375,90,34,79,16,0,0,0,0,0,0,0,-32286,0,0,0,0,0,2690083,0
2683876,7582,-3118,868,353,-166,2,5325,-2,0,0,-8,19375,95,34,79,16,0,0,0,0,0,0,0,-32286,0,0,0,0,0,2690098,0
2683881,7632,-3054,878,366,-161,4,5325,-4,-2,0,0,19375,95,34,79,16,0,0,0,0,0,0,0,-32286,0,0,0,0,0,2690103,0
2683886,7620,-2972,880,380,-157,5,5326,0,-5,0,0,19376,91,34,79,16,0,0,0,0,0,0,0,-32286,0,0,0,0,0,2690118,0
2683891,7622,-2930,890,392,-148,4,5326,3,1,0,-8,19376,91,34,79,16,0,0,0,0,0,0,0,-32286,0,0,0,0,0,2690123,0
2683896,7640,-2768,860,423,-130,13,5326,0,0,-2,0,19374,83,34,79,16,0,0,0,0,0,0,0,-32286,0,0,0,0,0,2690139,0
2683901,7640,-2682,862,422,-116,16,5326,-1,-1,-1,0,19374,83,34,79,16,0,0,0,0,0,0,0,-32286,0,0,0,0,0,2690144,0
2683906,7678,-2650,832,417,-94,16,5325,-3,3,0,-8,19374,82,34,79,16,0,0,0,0,0,0,0,-32286,0,0,0,0,0,2690158,0
2683911,7696,-2586,804,401,-88,13,5325,0,-2,0,0,19374,82,34,79,16,0,0,0,0,0,0,0,-32286,0,0,0,0,0,2690163,0
2683916,7712,-2442,792,401,-81,-2,5325,0,-2,0,-8,19374,88,34,79,16,0,0,0,0,0,0,0,-32286,0,0,0,0,0,2690178,0
2683921,7704,-2368,792,405,-86,-15,5327,5,7,0,-8,19374,88,34,79,16,0,0,0,0,0,0,0,-32286,0,0,0,0,0,2690183,0
2683926,7756,-2332,796,397,-83,-27,5325,1,-1,0,0,19373,89,34,79,16,0,0,0,0,0,0,0,-32286,0,0,0,0,0,2690198,0
2683931,7756,-2294,810,373,-74,-41,5325,0,1,0,0,19373,89,34,79,16,0,0,0,0,0,0,0,-32286,0,0,0,0,0,2690203,0
2683936,7770,-2334,804,337,-44,-62,5326,-4,3,0,0,19373,87,34,79,16,0,0,0,0,0,0,0,-32286,0,0,0,0,0,2690217,0
2683941,7832,-2348,834,325,-41,-64,5326,3,2,0,-8,19373,87,34,79,16,0,0,0,0,0,0,0,-32285,0,0,0,0,0,2690222,0
2683946,7852,-2432,824,319,-37,-69,5325,-2,-3,0,-8,19373,88,34,79,16,0,0,0,0,0,0,0,-32286,0,0,0,0,0,2690237,0
2683951,7850,-2464,850,308,-23,-71,5326,-3,3,0,-8,19373,88,34,79,16,0,0,0,0,0,0,0,-32286,0,0,0,0,0,2690242,0
2683956,7846,-2490,872,297,-24,-66,5325,3,-3,-1,0,19373,81,34,79,16,0,0,0,0,0,0,0,-32286,0,0,0,0,0,2690257,0
2683961,7890,-2508,882,293,-23,-56,5325,-2,-1,0,-8,19373,81,34,79,16,0,0,0,0,0,0,0,-32286,0,0,0,0,0,2690262,0
2683966,7846,-2500,872,290,-20,-60,5325,-2,-1,0,-8,19375,93,34,79,16,0,0,0,0,0,0,0,-32286,0,0,0,0,0,2690277,0
2683971,7844,-2494,856,283,-21,-62,5325,-4,0,0,-8,19375,93,34,79,16,0,0,0,0,0,0,0,-32286,0,0,0,0,0,2690282,0
2683976,7786,-2426,872,260,-3,-67,5325,0,-3,0,0,19373,92,34,79,16,0,0,0,0,0,0,0,-32286,0,0,0,0,0,2690297,0
2683981,7780,-2346,858,238,8,-71,5325,-4,-3,0,-8,19373,92,34,79,16,0,0,0,0,0,0,0,-32286,0,0,0,0,0,2690302,0
2683986,7732,-2364,870,228,30,-80,5325,-1,-3,0,-8,19373,90,34,79,16,0,0,0,0,0,0,0,-32286,0,0,0,0,0,2690317,0
2683991,7716,-2366,836,210,41,-94,5324,-5,-3,0,-8,19373,90,34,79,16,0,0,0,0,0,0,0,-32285,0,0,0,0,0,2690322,0
2683996,7614,-2430,810,189,64,-99,5325,-1,3,-2,-8,19371,83,34,79,16,0,0,0,0,0,0,0,-32285,0,0,0,0,0,2690337,0
2684001,7608,-2438,810,184,63,-105,5326,-1,-2,-2,-8,19371,83,34,79,16,0,0,0,0,0,0,0,-32286,0,0,0,0,0,2690342,0
2684006,7594,-2454,806,177,62,-106,5325,2,-1,0,-8,19374,89,34,79,16,0,0,0,0,0,0,0,-32285,0,0,0,0,0,2690357,0
2684011,7582,-2482,792,170,51,-112,5324,-2,2,0,0,19374,89,34,79,16,0,0,0,0,0,0,0,-32286,0,0,0,0,0,2690362,0
2684016,7554,-2490,782,149,26,-113,5326,-2,-3,0,-8,19373,84,34,79,16,0,0,0,0,0,0,0,-32285,0,0,0,0,0,2690377,0
2684021,7540,-2506,792,136,18,-113,5325,5,2,0,-8,19373,84,34,79,16,0,0,0,0,0,0,0,-32286,0,0,0,0,0,2690382,0
2684026,7538,-2568,788,120,7,-115,5325,8,6,0,-8,19373,83,34,79,16,0,0,0,0,0,0,0,-32285,0,0,0,0,0,2690397,0
2684031,7536,-2536,816,115,-3,-118,5326,5,-2,1,0,19373,83,34,79,16,0,0,0,0,0,0,0,-32286,0,0,0,0,0,2690402,0
2684036,7506,-2618,856,103,-12,-113,5325,2,3,-1,0,19372,84,34,79,16,0,0,0,0,0,0,0,-32286,0,0,0,0,0,2690417,0
2684041,7512,-2636,862,105,-17,-112,5326,14,4,0,-8,19372,84,34,79,16,0,0,0,0,0,0,0,-32286,0,0,0,0,0,2690422,0
2684046,7470,-2682,894,118,-20,-110,5325,-6,-7,-2,0,19373,82,34,79,16,0,0,0,0,0,0,0,-32286,0,0,0,0,0,2690437,0
2684051,7488,-2694,944,125,-18,-109,5326,4,-6,-1,-8,19373,82,34,79,16,0,0,0,0,0,0,0,-32285,0,0,0,0,0,2690442,0
2684056,7494,-2742,944,139,-31,-109,5325,-2,-5,-2,0,19372,89,34,79,16,0,0,0,0,0,0,0,-32286,0,0,0,0,0,2690457,0
2684061,7496,-2770,936,143,-36,-108,5325,0,2,0,-8,19372,89,34,79,16,0,0,0,0,0,0,0,-32286,0,0,0,0,0,2690462,0
2684066,7506,-2802,942,148,-43,-110,5325,2,-7,0,-8,19374,81,34,79,16,0,0,0,0,0,0,0,-32286,0,0,0,0,0,2690477,0
2684071,7492,-2836,936,150,-42,-112,5325,0,5,-1,-8,19374,81,34,79,16,0,0,0,0,0,0,0,-32285,0,0,0,0,0,2690482,0
2684076,7470,-2930,914,154,-49,-98,5325,1,-1,0,-8,19375,93,34,79,16,0,0,0,0,0,0,0,-32286,0,0,0,0,0,2690496,0
2684081,7470,-2942,914,152,-52,-93,5326,6,-3,0,-8,19375,93,34,79,16,0,0,0,0,0,0,0,-32286,0,0,0,0,0,2690501,0
2684086,7464,-2970,900,158,-61,-79,5326,0,0,0,0,19375,91,34,79,16,0,0,0,0,0,0,0,-32286,0,0,0,0,0,2690516,0
2684091,7448,-3022,928,165,-52,-75,5326,6,0,0,-8,19375,91,34,79,16,0,0,0,0,0,0,0,-32286,0,0,0,0,0,2690521,0
2684096,7434,-3108,962,190,-64,-56,5325,-2,-3,-2,0,19376,89,34,79,16,0,0,0,0,0,0,0,-32286,0,0,0,0,0,2690536,0
2684101,7444,-3112,946,199,-65,-47,5326,-3,-4,-1,-8,19376,89,34,79,16,0,0,0,0,0,0,0,-32286,0,0,0,0,0,2690541,0
2684106,7496,-3058,958,213,-66,-39,5324,-4,-4,-1,-8,19373,82,34,79,16,0,0,0,0,0,0,0,-32285,0,0,0,0,0,2690556,0
2684111,7486,-3100,956,224,-67,-32,5325,1,1,-1,-8,19373,82,34,79,16,0,0,0,0,0,0,0,-32285,0,0,0,0,0,2690561,0
2684116,7528,-3100,958,234,-90,-9,5325,1,-1,0,-8,19373,86,34,79,16,0,0,0,0,0,0,0,-32286,0,0,0,0,0,2690576,0
2684121,7594,-3082,1014,246,-96,-4,5326,9,6,0,-8,19373,86,34,79,16,0,0,0,0,0,0,0,-32286,0,0,0,0,0,2690581,0
2684126,7640,-3052,1018,286,-114,-6,5323,-3,0,1,-8,19371,88,34,79,16,0,0,0,0,0,0,0,-32286,0,0,0,0,0,2690596,0
2684131,7704,-3006,1056,354,-135,-33,5324,-7,-5,2,-8,19371,88,34,79,16,0,0,0,0,0,0,0,-32286,0,0,0,0,0,2690601,0
2684136,7834,-2952,984,521,-204,-63,5321,-14,-7,2,-16,19372,88,34,79,16,0,0,0,0,0,0,0,-32286,0,0,0,0,0,2690616,0
2684141,7768,-2752,962,491,-189,-64,5319,-11,-5,0,-8,19372,88,34,79,16,0,0,0,0,0,0,0,-32286,0,0,0,0,0,2690621,0
2684146,7746,-2610,874,444,-180,-72,5316,-11,-13,-1,-8,19374,87,34,79,16,0,0,0,0,0,0,0,-32286,0,0,0,0,0,2690636,0
2684151,7736,-2578,802,425,-160,-76,5314,-11,-5,-2,-8,19374,87,34,79,16,0,0,0,0,0,0,0,-32285,0,0,0,0,0,2690641,0
2684156,7690,-2570,788,449,-155,-70,5312,-12,2,-1,-8,19374,79,34,79,16,0,0,0,0,0,0,0,-32286,0,0,0,0,0,2690656,0
2684161,7612,-2596,778,453,-161,-66,5313,-2,3,0,-8,19374,79,34,79,16,0,0,0,0,0,0,0,-32286,0,0,0,0,0,2690661,0
2684166,7604,-2552,742,450,-165,-46,5310,-5,8,0,-16,19374,82,34,79,16,0,0,0,0,0,0,0,-32285,0,0,0,0,0,2690676,0
2684171,7620,-2484,776,440,-172,-38,5307,-12,2,0,-8,19374,82,34,79,16,0,0,0,0,0,0,0,-32286,0,0,0,0,0,2690681,0
2684176,7654,-2312,820,370,-198,-17,5302,-21,-8,2,-16,19374,83,34,79,16,0,0,0,0,0,0,0,-32286,0,0,0,0,0,2690696,0
2684181,7638,-2250,836,314,-190,4,5294,-40,-19,4,-24,19374,83,34,79,16,0,0,0,0,0,0,0,-32286,0,0,0,0,0,2690701,0
2684186,7636,-2220,854,237,-162,51,5275,-85,-38,7,-64,19374,82,34,79,16,0,0,0,0,0,0,0,-32286,0,0,0,0,0,2690716,0
2684191,7522,-2222,922,89,-121,107,5241,-152,-87,9,-88,19374,82,34,79,16,0,0,0,0,0,0,0,-32286,0,0,0,0,0,2690721,0
2684196,7710,-2400,1078,-95,39,175,5200,-190,-130,-2,-128,19372,81,34,79,16,0,0,0,0,0,0,0,-32286,0,0,0,0,0,2690736,0
2684201,7436,-2244,1282,-137,82,178,5150,-219,-156,-6,-136,19372,81,34,79,16,0,0,0,0,0,0,0,-32285,0,0,0,0,0,2690741,0
2684206,7702,-2602,1222,-100,131,190,5097,-235,-140,-2,-144,19373,74,34,79,16,0,0,0,0,0,0,0,-32286,0,0,0,0,0,2690756,0
2684211,7516,-2660,1192,-68,150,227,5037,-274,-115,-1,-192,19373,74,34,79,16,0,0,0,0,0,0,0,-32286,0,0,0,0,0,2690761,0
2684216,7690,-2178,1140,-14,195,173,4977,-270,-86,-8,-160,19374,77,34,79,16,0,0,0,0,0,0,0,-32286,0,0,0,0,0,2690776,0
2684221,7778,-2188,1050,-6,221,186,4922,-250,-50,-1,-136,19374,77,34,79,16,0,0,0,0,0,0,0,-32286,0,0,0,0,0,2690781,0
2684226,7646,-2034,1070,-17,199,167,4872,-209,-2,4,-112,19376,74,34,79,16,0,0,0,0,0,0,0,-32286,0,0,0,0,0,2690796,0
2684231,7768,-2080,940,-7,191,126,4833,-169,49,3,-72,19376,74,34,79,16,0,0,0,0,0,0,0,-32286,0,0,0,0,0,2690803,0
2684236,7750,-2064,750,62,122,96,4798,-149,92,5,-64,19377,82,34,79,16,0,0,0,0,0,0,0,-32286,0,0,0,0,0,2690819,0
2684241,7838,-1936,690,79,60,71,4769,-119,103,0,-56,19377,82,34,79,16,0,0,0,0,0,0,0,-32286,0,0,0,0,0,2690824,0
2684246,7894,-2008,570,37,50,77,4743,-112,97,3,-56,19374,85,34,79,16,0,0,0,0,0,0,0,-32286,0,0,0,0,0,2690839,0
2684251,7822,-1744,626,-6,-8,37,4717,-108,68,-4,-32,19374,85,34,79,16,0,0,0,0,0,0,0,-32286,0,0,0,0,0,2690844,0
2684256,8042,-1734,666,-11,-18,1,4701,-66,65,-8,-32,19374,91,34,79,16,0,0,0,0,0,0,0,-32287,0,0,0,0,0,2690859,0
2684261,8052,-1790,690,-48,-41,-2,4692,-47,64,0,-32,19374,91,34,79,16,0,0,0,0,0,0,0,-32286,0,0,0,0,0,2690864,0
2684266,8104,-1798,728,-98,-35,-3,4676,-62,64,0,-32,19373,89,34,79,16,0,0,0,0,0,0,0,-32286,0,0,0,0,0,2690879,0
2684271,8176,-1740,772,-116,-31,-20,4662,-62,54,-4,-16,19373,89,34,79,16,0,0,0,0,0,0,0,-32286,0,0,0,0,0,2690884,0
2684276,8302,-1682,914,-124,24,-57,4659,-22,26,-5,0,19373,87,34,79,16,0,0,0,0,0,0,0,-32286,0,0,0,0,0,2690899,0
2684281,8356,-1732,958,-125,43,-63,4659,7,40,-3,0,19373,87,34,79,16,0,0,0,0,0,0,0,-32286,0,0,0,0,0,2690904,0
2684286,8264,-1800,980,-155,58,-58,4661,7,65,0,0,19373,79,34,79,16,0,0,0,0,0,0,0,-32286,0,0,0,0,0,2690919,0
2684291,8268,-1824,964,-199,84,-58,4660,-5,59,0,-8,19373,79,34,79,16,0,0,0,0,0,0,0,-32286,0,0,0,0,0,2690924,0
2684296,8240,-1820,1014,-269,149,-72,4660,-5,35,-2,0,19374,71,34,79,16,0,0,0,0,0,0,0,-32286,0,0,0,0,0,2690939,0
2684301,8154,-1886,1022,-304,174,-58,4661,0,4,-1,0,19374,71,34,79,16,0,0,0,0,0,0,0,-32286,0,0,0,0,0,2690944,0
2684306,8094,-1944,1060,-317,199,-65,4660,-2,-6,-1,0,19376,70,34,79,16,0,0,0,0,0,0,0,-32286,0,0,0,0,0,2690959,0
2684311,8064,-1988,1068,-331,234,-51,4661,-3,-3,-1,0,19376,70,34,79,16,0,0,0,0,0,0,0,-32285,0,0,0,0,0,2690964,0
2684316,8002,-2122,1026,-369,302,-21,4660,-1,-1,0,-8,19374,69,34,79,16,0,0,0,0,0,0,0,-32285,0,0,0,0,0,2690979,0
2684321,7922,-2176,1002,-387,314,-3,4661,3,2,-1,-8,19374,69,34,79,16,0,0,0,0,0,0,0,-32286,0,0,0,0,0,2690983,0
2684326,7852,-2242,1034,-421,313,5,4662,4,-1,0,0,19373,78,34,79,16,0,0,0,0,0,0,0,-32286,0,0,0,0,0,2690998,0
2684331,7832,-2286,1012,-428,307,21,4660,0,2,0,0,19373,78,34,79,16,0,0,0,0,0,0,0,-32286,0,0,0,0,0,2691003,0
2684336,7734,-2330,1002,-409,270,24,4659,2,-1,0,-8,19373,80,34,79,16,0,0,0,0,0,0,0,-32286,0,0,0,0,0,2691018,0
2684341,7808,-2332,978,-410,265,25,4660,-5,-5,0,-8,19373,80,34,79,16,0,0,0,0,0,0,0,-32285,0,0,0,0,0,2691023,0
2684346,7774,-2316,948,-428,258,17,4659,-3,4,-1,0,19373,74,34,79,16,0,0,0,0,0,0,0,-32285,0,0,0,0,0,2691038,0
2684351,7814,-2362,958,-435,249,0,4660,3,1,-1,-8,19373,74,34,79,16,0,0,0,0,0,0,0,-32286,0,0,0,0,0,2691043,0
2684356,7786,-2462,940,-446,243,-36,4659,-5,0,-2,0,19375,76,34,79,16,0,0,0,0,0,0,0,-32286,0,0,0,0,0,2691058,0
2684361,7732,-2542,968,-458,252,-56,4659,-3,-2,-2,0,19375,76,34,79,16,0,0,0,0,0,0,0,-32285,0,0,0,0,0,2691063,0
2684366,7706,-2648,958,-458,254,-70,4659,4,-1,0,-8,19376,77,34,79,16,0,0,0,0,0,0,0,-32286,0,0,0,0,0,2691078,0
2684371,7656,-2782,920,-438,257,-82,4659,0,4,-1,-8,19376,77,34,79,16,0,0,0,0,0,0,0,-32286,0,0,0,0,0,2691083,0
2684376,7554,-3032,902,-417,259,-101,4659,0,0,0,0,19374,75,34,79,16,0,0,0,0,0,0,0,-32286,0,0,0,0,0,2691098,0
2684381,7462,-3136,892,-387,242,-105,4658,-2,-2,0,-8,19374,75,34,79,16,0,0,0,0,0,0,0,-32286,0,0,0,0,0,2691103,0
2684386,7456,-3162,852,-360,215,-108,4659,1,-4,0,-8,19375,75,34,79,16,0,0,0,0,0,0,0,-32286,0,0,0,0,0,2691118,0
2684391,7366,-3258,840,-335,183,-108,4658,-1,-4,0,-8,19375,75,34,79,16,0,0,0,0,0,0,0,-32286,0,0,0,0,0,2691123,0
2684396,7302,-3256,806,-283,119,-111,4657,-2,-1,-1,-8,19376,76,34,79,16,0,0,0,0,0,0,0,-32286,0,0,0,0,0,2691138,0
2684401,7290,-3266,818,-261,86,-118,4656,-7,-8,-1,-8,19376,76,34,79,16,0,0,0,0,0,0,0,-32286,0,0,0,0,0,2691143,0
2684406,7296,-3298,820,-245,57,-113,4653,-8,-6,1,-16,19377,79,34,79,16,0,0,0,0,0,0,0,-32286,0,0,0,0,0,2691158,0
2684411,7298,-3308,864,-231,39,-121,4647,-30,-11,0,-16,19377,79,34,79,16,0,0,0,0,0,0,0,-32286,0,0,0,0,0,2691163,0
2684416,7184,-3440,966,-242,36,-87,4637,-52,-25,1,-40,19375,80,34,79,16,0,0,0,0,0,0,0,-32286,0,0,0,0,0,2691178,0
2684421,7106,-3620,968,-306,61,-36,4613,-113,-62,7,-72,19375,80,34,79,16,0,0,0,0,0,0,0,-32286,0,0,0,0,0,2691183,0
2684426,7030,-3494,1086,-365,91,-30,4578,-153,-105,0,-72,19373,82,34,79,16,0,0,0,0,0,0,0,-32286,0,0,0,0,0,2691198,0
2684431,7236,-3626,1174,-293,125,-23,4540,-162,-131,-2,-80,19373,82,34,79,16,0,0,0,0,0,0,0,-32286,0,0,0,0,0,2691203,0
2684436,7062,-3738,1284,-87,80,-31,4505,-151,-112,-2,-72,19374,85,34,79,16,0,0,0,0,0,0,0,-32286,0,0,0,0,0,2691218,0
2684441,7096,-3918,1152,26,87,-3,4470,-159,-68,4,-88,19374,85,34,79,16,0,0,0,0,0,0,0,-32286,0,0,0,0,0,2691223,0
2684446,6936,-3448,1200,84,20,-34,4434,-154,-14,-5,-72,19375,80,34,79,16,0,0,0,0,0,0,0,-32286,0,0,0,0,0,2691238,0
2684451,7314,-3472,998,128,35,-8,4397,-169,-1,0,-80,19375,80,34,79,16,0,0,0,0,0,0,0,-32286,0,0,0,0,0,2691243,0
2684456,7190,-3224,888,126,-5,-5,4362,-151,3,0,-88,19375,81,34,79,16,0,0,0,0,0,0,0,-32286,0,0,0,0,0,2691258,0
2684461,6994,-3220,858,74,-11,29,4318,-191,-19,8,-112,19375,81,34,79,16,0,0,0,0,0,0,0,-32285,0,0,0,0,0,2691263,0
2684466,7000,-3236,804,52,-28,48,4266,-239,-40,0,-160,19374,76,34,79,16,0,0,0,0,0,0,0,-32286,0,0,0,0,0,2691278,0
2684471,6974,-3146,832,30,-4,60,4207,-260,-82,-1,-184,19374,76,34,79,16,0,0,0,0,0,0,0,-32286,0,0,0,0,0,2691283,0
2684476,6880,-3418,846,40,-5,131,4142,-292,-97,0,-224,19374,74,34,79,16,0,0,0,0,0,0,0,-32286,0,0,0,0,0,2691298,0
2684481,6780,-3292,906,62,-29,140,4071,-304,-114,-6,-208,19374,74,34,79,16,0,0,0,0,0,0,0,-32285,0,0,0,0,0,2691303,0
2684486,7012,-3302,876,158,-39,142,4006,-287,-77,-9,-184,19374,69,34,79,16,0,0,0,0,0,0,0,-32286,0,0,0,0,0,2691318,0
2684491,7022,-3286,864,241,-79,134,3943,-274,-33,2,-176,19374,69,34,79,16,0,0,0,0,0,0,0,-32286,0,0,0,0,0,2691323,0
2684496,7384,-3238,704,364,-179,188,3880,-273,3,7,-184,19377,81,34,79,16,0,0,0,0,0,0,0,-32286,0,0,0,0,0,2691340,0
2684501,7304,-3008,736,304,-221,215,3815,-290,19,8,-224,19377,81,34,79,16,0,0,0,0,0,0,0,-32286,0,0,0,0,0,2691345,0
2684506,7470,-2768,742,248,-237,213,3745,-307,-4,-1,-240,19377,86,34,79,16,0,0,0,0,0,0,0,-32286,0,0,0,0,0,2691358,0
2684511,7658,-2754,746,220,-223,230,3672,-322,-31,2,-272,19377,86,34,79,16,0,0,0,0,0,0,0,-32286,0,0,0,0,0,2691363,0
2684516,7822,-2590,900,212,-246,204,3598,-317,-48,-3,-232,19378,83,34,79,16,0,0,0,0,0,0,0,-32286,0,0,0,0,0,2691378,0
2684521,7866,-2750,868,252,-233,199,3526,-316,-33,-4,-224,19378,83,34,79,16,0,0,0,0,0,0,0,-32286,0,0,0,0,0,2691383,0
2684526,7708,-2660,976,265,-231,182,3458,-310,-6,-3,-208,19376,76,34,79,16,0,0,0,0,0,0,0,-32286,0,0,0,0,0,2691398,0
2684531,7796,-2582,954,294,-218,184,3390,-308,12,4,-232,19376,76,34,79,16,0,0,0,0,0,0,0,-32286,0,0,0,0,0,2691403,0
2684536,7698,-2320,1046,250,-172,129,3320,-310,19,2,-232,19376,78,34,79,16,0,0,0,0,0,0,0,-32285,0,0,0,0,0,2691418,0
2684541,7858,-2394,940,270,-136,120,3254,-292,12,0,-200,19376,78,34,79,16,0,0,0,0,0,0,0,-32286,0,0,0,0,0,2691423,0
2684546,7734,-2470,902,274,-114,112,3187,-291,12,-5,-176,19375,80,34,79,16,0,0,0,0,0,0,0,-32286,0,0,0,0,0,2691438,0
2684551,7732,-2482,910,306,-128,95,3126,-260,22,-10,-128,19375,80,34,79,16,0,0,0,0,0,0,0,-32286,0,0,0,0,0,2691443,0
2684556,7636,-2310,876,391,-158,32,3069,-246,37,0,-120,19376,81,34,79,16,0,0,0,0,0,0,0,-32286,0,0,0,0,0,2691458,0
2684561,7812,-2266,758,419,-184,12,3020,-217,65,3,-112,19376,81,34,79,16,0,0,0,0,0,0,0,-32286,0,0,0,0,0,2691463,0
2684566,7758,-2170,766,431,-206,6,2974,-198,74,2,-112,19379,86,34,79,16,0,0,0,0,0,0,0,-32286,0,0,0,0,0,2691478,0
2684571,7668,-2174,716,382,-214,-8,2928,-199,79,0,-112,19379,86,34,79,16,0,0,0,0,0,0,0,-32286,0,0,0,0,0,2691483,0
2684576,7672,-2126,724,301,-214,-28,2883,-203,50,-1,-104,19383,98,34,79,16,0,0,0,0,0,0,0,-32286,0,0,0,0,0,2691498,0
2684581,7778,-2298,724,345,-233,-27,2843,-177,39,-3,-96,19383,98,34,79,16,0,0,0,0,0,0,0,-32286,0,0,0,0,0,2691502,0
2684586,7604,-2298,794,359,-265,-38,2805,-164,27,0,-80,19381,99,34,79,16,0,0,0,0,0,0,0,-32286,0,0,0,0,0,2691518,0
2684591,7666,-2444,724,358,-269,-10,2763,-188,24,4,-96,19381,99,34,79,16,0,0,0,0,0,0,0,-32286,0,0,0,0,0,2691522,0
2684596,7758,-2286,716,314,-256,-10,2722,-172,17,-3,-80,19377,84,34,79,16,0,0,0,0,0,0,0,-32286,0,0,0,0,0,2691537,0
2684601,7620,-2120,790,334,-260,-27,2687,-144,6,0,-48,19377,84,34,79,16,0,0,0,0,0,0,0,-32285,0,0,0,0,0,2691542,0
2684606,7788,-2290,760,388,-275,-21,2654,-139,23,8,-72,19374,67,34,79,16,0,0,0,0,0,0,0,-32286,0,0,0,0,0,2691557,0
2684611,7626,-2206,768,362,-286,-14,2623,-123,32,0,-48,19374,67,34,79,16,0,0,0,0,0,0,0,-32286,0,0,0,0,0,2691562,0
2684616,7808,-2184,634,385,-295,-1,2593,-128,46,3,-64,19374,71,34,79,16,0,0,0,0,0,0,0,-32286,0,0,0,0,0,2691577,0
2684621,7754,-1930,712,332,-320,-19,2567,-120,34,-1,-48,19374,71,34,79,16,0,0,0,0,0,0,0,-32286,0,0,0,0,0,2691582,0
2684626,7986,-1968,672,361,-322,-23,2544,-102,32,-2,-56,19376,76,34,79,16,0,0,0,0,0,0,0,-32286,0,0,0,0,0,2691597,0
2684631,7848,-2100,656,305,-325,24,2515,-130,24,5,-64,19376,76,34,79,16,0,0,0,0,0,0,0,-32286,0,0,0,0,0,2691602,0
2684636,8116,-1904,720,214,-310,13,2486,-133,1,0,-72,19375,87,34,79,16,0,0,0,0,0,0,0,-32286,0,0,0,0,0,2691617,0
2684641,7948,-2064,762,143,-281,46,2452,-152,-21,1,-80,19375,87,34,79,16,0,0,0,0,0,0,0,-32286,0,0,0,0,0,2691622,0
2684646,8026,-1750,896,113,-290,20,2417,-144,-36,-6,-72,19376,87,34,79,16,0,0,0,0,0,0,0,-32286,0,0,0,0,0,2691637,0
2684651,8300,-2062,828,109,-243,52,2381,-166,-38,6,-88,19376,87,34,79,16,0,0,0,0,0,0,0,-32286,0,0,0,0,0,2691642,0
2684656,8290,-2076,916,3,-184,86,2341,-174,-30,-3,-112,19377,86,34,79,16,0,0,0,0,0,0,0,-32286,0,0,0,0,0,2691657,0
2684661,8146,-1864,996,-79,-144,79,2297,-198,-34,-3,-104,19377,86,34,79,16,0,0,0,0,0,0,0,-32286,0,0,0,0,0,2691662,0
2684666,8360,-1958,964,-73,-118,83,2254,-194,-39,-5,-104,19377,81,34,79,16,0,0,0,0,0,0,0,-32286,0,0,0,0,0,2691677,0
2684671,8292,-1884,1046,-53,-98,57,2221,-147,-20,-1,-72,19377,81,34,79,16,0,0,0,0,0,0,0,-32285,0,0,0,0,0,2691682,0
2684676,8300,-1868,972,-10,-89,34,2189,-141,24,5,-56,19374,82,34,79,16,0,0,0,0,0,0,0,-32286,0,0,0,0,0,2691697,0
2684681,8584,-1738,886,35,-101,5,2164,-104,62,-4,-48,19374,82,34,79,16,0,0,0,0,0,0,0,-32286,0,0,0,0,0,2691702,0
2684686,8452,-1818,868,-2,-60,22,2142,-106,72,0,-48,19373,78,34,79,16,0,0,0,0,0,0,0,-32286,0,0,0,0,0,2691717,0
2684691,8382,-1598,852,-75,-80,-22,2125,-68,71,-5,-24,19373,78,34,79,16,0,0,0,0,0,0,0,-32285,0,0,0,0,0,2691722,0
2684696,8530,-1682,828,-29,-44,-83,2118,-20,80,-6,-8,19373,79,34,79,16,0,0,0,0,0,0,0,-32286,0,0,0,0,0,2691737,0
2684701,8500,-1758,808,-30,-68,-96,2117,0,98,-3,0,19373,79,34,79,16,0,0,0,0,0,0,0,-32286,0,0,0,0,0,2691742,0
2684706,8454,-1810,770,-95,-44,-89,2118,4,97,0,0,19376,86,34,79,16,0,0,0,0,0,0,0,-32286,0,0,0,0,0,2691757,0
2684711,8372,-1762,762,-169,-11,-87,2118,3,87,0,-8,19376,86,34,79,16,0,0,0,0,0,0,0,-32286,0,0,0,0,0,2691762,0
2684716,8260,-1916,796,-238,29,-93,2117,-4,48,0,-8,19376,90,34,79,16,0,0,0,0,0,0,0,-32286,0,0,0,0,0,2691777,0
2684721,8170,-1990,824,-252,52,-99,2118,-1,10,0,0,19376,90,34,79,16,0,0,0,0,0,0,0,-32286,0,0,0,0,0,2691782,0
2684726,8110,-2014,856,-262,77,-96,2117,-3,-2,0,-8,19375,90,34,79,16,0,0,0,0,0,0,0,-32287,0,0,0,0,0,2691797,0
2684731,8074,-2052,876,-288,109,-90,2118,2,1,0,-8,19375,90,34,79,16,0,0,0,0,0,0,0,-32286,0,0,0,0,0,2691807,0
2684736,7960,-2106,886,-333,166,-81,2118,2,-3,-1,0,19375,84,34,79,16,0,0,0,0,0,0,0,-32286,0,0,0,0,0,2691817,0
2684741,7898,-2144,868,-343,184,-72,2117,-4,5,0,-8,19375,84,34,79,16,0,0,0,0,0,0,0,-32286,0,0,0,0,0,2691822,0
2684746,7844,-2180,870,-348,201,-73,2118,-4,0,0,0,19373,72,34,79,16,0,0,0,0,0,0,0,-32286,0,0,0,0,0,2691837,0
2684751,7832,-2166,856,-364,213,-61,2118,0,0,-1,-8,19373,72,34,79,16,0,0,0,0,0,0,0,-32286,0,0,0,0,0,2691842,0
2684756,7730,-2194,834,-391,234,-52,2116,-3,3,0,0,19373,76,34,79,16,0,0,0,0,0,0,0,-32286,0,0,0,0,0,2691857,0
2684761,7748,-2202,850,-403,248,-46,2118,-1,-1,0,-8,19373,76,34,79,16,0,0,0,0,0,0,0,-32286,0,0,0,0,0,2691862,0
2684766,7724,-2186,842,-417,256,-40,2120,7,2,0,-8,19372,83,34,79,16,0,0,0,0,0,0,0,-32286,0,0,0,0,0,2691877,0
2684771,7708,-2238,846,-421,265,-35,2118,3,2,0,-8,19372,83,34,79,16,0,0,0,0,0,0,0,-32286,0,0,0,0,0,2691882,0
2684776,7664,-2288,866,-438,282,-29,2118,-2,-2,0,-8,19371,85,34,79,16,0,0,0,0,0,0,0,-32286,0,0,0,0,0,2691897,0
2684781,7632,-2314,890,-441,294,-23,2117,3,-3,0,-8,19371,85,34,79,16,0,0,0,0,0,0,0,-32286,0,0,0,0,0,2691902,0
2684786,7644,-2384,868,-445,292,-25,2118,-3,3,0,0,19371,79,34,79,16,0,0,0,0,0,0,0,-32286,0,0,0,0,0,2691917,0
2684791,7632,-2410,894,-436,300,-20,2119,0,1,0,-8,19371,79,34,79,16,0,0,0,0,0,0,0,-32286,0,0,0,0,0,2691922,0
2684796,7642,-2514,910,-445,310,-23,2119,2,4,0,0,19372,75,34,79,16,0,0,0,0,0,0,0,-32286,0,0,0,0,0,2691937,0
2684801,7618,-2610,928,-440,313,-15,2118,0,-2,0,-8,19372,75,34,79,16,0,0,0,0,0,0,0,-32286,0,0,0,0,0,2691942,0
2684806,7598,-2644,922,-438,309,-5,2119,0,0,-1,0,19373,74,34,79,16,0,0,0,0,0,0,0,-32286,0,0,0,0,0,2691957,0
2684811,7620,-2708,888,-429,306,-7,2118,-3,2,0,-8,19373,74,34,79,16,0,0,0,0,0,0,0,-32286,0,0,0,0,0,2691962,0
2684816,7596,-2846,900,-390,298,1,2119,-2,3,0,-8,19377,72,34,79,16,0,0,0,0,0,0,0,-32286,0,0,0,0,0,2691977,0
2684821,7620,-2926,900,-370,285,13,2118,0,1,0,-8,19377,72,34,79,16,0,0,0,0,0,0,0,-32286,0,0,0,0,0,2691982,0
2684826,7584,-2920,876,-346,289,14,2119,-1,0,-1,0,19377,66,34,79,16,0,0,0,0,0,0,0,-32285,0,0,0,0,0,2691996,0
2684831,7612,-2946,854,-327,280,18,2120,4,2,0,0,19377,66,34,79,16,0,0,0,0,0,0,0,-32286,0,0,0,0,0,2692001,0
2684836,7568,-2946,848,-289,263,24,2119,3,4,0,0,19377,64,34,79,16,0,0,0,0,0,0,0,-32286,0,0,0,0,0,2692016,0
2684841,7588,-2952,806,-266,259,30,2119,-3,1,0,0,19377,64,34,79,16,0,0,0,0,0,0,0,-32286,0,0,0,0,0,2692021,0
2684846,7560,-2968,786,-248,256,36,2120,0,-3,0,0,19373,72,34,79,16,0,0,0,0,0,0,0,-32286,0,0,0,0,0,2692036,0
2684851,7526,-2926,776,-237,244,36,2120,-4,-1,0,0,19373,72,34,79,16,0,0,0,0,0,0,0,-32286,0,0,0,0,0,2692041,0
2684856,7458,-2972,764,-198,228,39,2120,0,1,0,0,19372,71,34,79,16,0,0,0,0,0,0,0,-32286,0,0,0,0,0,2692056,0
2684861,7396,-2982,750,-174,215,41,2121,-2,-4,0,0,19372,71,34,79,16,0,0,0,0,0,0,0,-32286,0,0,0,0,0,2692061,0
2684866,7378,-2990,740,-159,198,36,2120,3,0,0,-8,19370,72,34,79,16,0,0,0,0,0,0,0,-32286,0,0,0,0,0,2692076,0
2684871,7340,-2994,720,-142,180,38,2122,5,1,0,0,19370,72,34,79,16,0,0,0,0,0,0,0,-32286,0,0,0,0,0,2692081,0
2684876,7324,-3036,772,-94,139,39,2122,2,1,0,0,19371,71,34,79,16,0,0,0,0,0,0,0,-32286,0,0,0,0,0,2692096,0
2684881,7286,-3064,750,-69,119,38,2122,1,1,0,0,19371,71,34,79,16,0,0,0,0,0,0,0,-32286,0,0,0,0,0,2692101,0
2684886,7292,-3068,752,-46,85,42,2123,9,2,0,0,19370,71,34,79,16,0,0,0,0,0,0,0,-32286,0,0,0,0,0,2692116,0
2684891,7322,-3068,770,-27,62,43,2122,-11,-4,0,0,19370,71,34,79,16,0,0,0,0,0,0,0,-32286,0,0,0,0,0,2692121,0
2684896,7362,-3040,754,31,-5,47,2123,-2,0,0,-8,19371,77,34,79,16,0,0,0,0,0,0,0,-32286,0,0,0,0,0,2692136,0
2684901,7386,-3020,778,50,-20,54,2124,0,0,0,0,19371,77,34,79,16,0,0,0,0,0,0,0,-32286,0,0,0,0,0,2692141,0
2684906,7462,-2990,808,56,-35,55,2123,2,-6,0,0,19370,75,34,79,16,0,0,0,0,0,0,0,-32286,0,0,0,0,0,2692156,0
2684911,7480,-2976,840,62,-45,67,2124,0,-2,-1,-8,19370,75,34,79,16,0,0,0,0,0,0,0,-32286,0,0,0,0,0,2692161,0
2684916,7508,-2992,908,88,-49,76,2125,6,5,0,-8,19373,78,34,79,16,0,0,0,0,0,0,0,-32286,0,0,0,0,0,2692176,0
2684921,7516,-2988,948,107,-53,80,2125,10,4,1,-8,19373,78,34,79,16,0,0,0,0,0,0,0,-32286,0,0,0,0,0,2692181,0
2684926,7548,-2996,944,134,-49,78,2124,6,2,0,0,19372,77,34,79,16,0,0,0,0,0,0,0,-32286,0,0,0,0,0,2692196,0
2684931,7558,-2988,978,150,-45,88,2124,2,3,0,-8,19372,77,34,79,16,0,0,0,0,0,0,0,-32286,0,0,0,0,0,2692201,0
2684936,7542,-2932,974,185,-43,96,2123,-1,3,1,0,19371,74,34,79,16,0,0,0,0,0,0,0,-32286,0,0,0,0,0,2692216,0
2684941,7564,-2912,964,204,-37,95,2125,6,5,0,-8,19371,74,34,79,16,0,0,0,0,0,0,0,-32286,0,0,0,0,0,2692221,0
2684946,7528,-2882,940,216,-37,95,2123,-5,-6,0,-8,19370,68,34,79,16,0,0,0,0,0,0,0,-32286,0,0,0,0,0,2692236,0
2684951,7542,-2848,918,233,-36,96,2124,-2,-1,0,0,19370,68,34,79,16,0,0,0,0,0,0,0,-32286,0,0,0,0,0,2692241,0
2684956,7542,-2818,876,257,-52,89,2124,2,-1,0,-8,19372,69,34,79,16,0,0,0,0,0,0,0,-32286,0,0,0,0,0,2692256,0
2684961,7558,-2758,848,266,-52,89,2125,-1,-1,1,-8,19372,69,34,79,16,0,0,0,0,0,0,0,-32286,0,0,0,0,0,2692261,0
2684966,7556,-2726,836,276,-64,86,2125,-3,2,0,-8,19375,73,34,79,16,0,0,0,0,0,0,0,-32286,0,0,0,0,0,2692276,0
2684971,7564,-2702,806,275,-71,82,2125,1,1,0,-8,19375,73,34,79,16,0,0,0,0,0,0,0,-32286,0,0,0,0,0,2692281,0
2684976,7642,-2628,788,279,-80,74,2125,3,-2,0,-8,19373,72,34,79,16,0,0,0,0,0,0,0,-32286,0,0,0,0,0,2692296,0
2684981,7658,-2596,788,281,-91,76,2126,5,5,1,-8,19373,72,34,79,16,0,0,0,0,0,0,0,-32285,0,0,0,0,0,2692301,0
2684986,7730,-2548,790,274,-93,70,2126,0,3,0,-8,19373,71,34,79,16,0,0,0,0,0,0,0,-32286,0,0,0,0,0,2692316,0
2684991,7740,-2546,778,275,-105,64,2125,0,1,0,0,19373,71,34,79,16,0,0,0,0,0,0,0,-32285,0,0,0,0,0,2692321,0
2684996,7822,-2458,814,259,-105,59,2126,2,1,-2,0,19374,65,34,79,16,0,0,0,0,0,0,0,-32286,0,0,0,0,0,2692336,0
2685001,7848,-2446,796,251,-97,59,2125,1,-1,0,0,19374,65,34,79,16,0,0,0,0,0,0,0,-32286,0,0,0,0,0,2692341,0
2685006,7844,-2412,792,247,-100,52,2126,1,-3,0,0,19375,64,34,79,16,0,0,0,0,0,0,0,-32286,0,0,0,0,0,2692356,0
2685011,7820,-2438,804,233,-93,55,2125,0,-3,0,-8,19375,64,34,79,16,0,0,0,0,0,0,0,-32285,0,0,0,0,0,2692361,0
2685016,7826,-2448,822,215,-86,49,2125,-3,-1,0,-8,19375,69,34,79,16,0,0,0,0,0,0,0,-32286,0,0,0,0,0,2692376,0
2685021,7832,-2472,838,208,-72,44,2125,0,-2,1,-8,19375,69,34,79,16,0,0,0,0,0,0,0,-32285,0,0,0,0,0,2692381,0
2685026,7788,-2488,838,202,-64,44,2125,-1,2,0,0,19375,75,34,79,16,0,0,0,0,0,0,0,-32286,0,0,0,0,0,2692396,0
2685031,7754,-2496,830,202,-63,44,2126,-1,1,0,0,19375,75,34,79,16,0,0,0,0,0,0,0,-32286,0,0,0,0,0,2692401,0
2685036,7696,-2526,834,200,-57,38,2125,-1,1,1,0,19375,72,34,79,16,0,0,0,0,0,0,0,-32286,0,0,0,0,0,2692416,0
2685041,7734,-2572,826,198,-54,40,2125,-4,2,0,-8,19375,72,34,79,16,0,0,0,0,0,0,0,-32286,0,0,0,0,0,2692421,0
2685046,7700,-2586,848,202,-49,43,2125,-3,0,0,-8,19374,65,34,79,16,0,0,0,0,0,0,0,-32286,0,0,0,0,0,2692436,0
2685051,7714,-2570,826,202,-42,48,2125,-5,2,0,0,19374,65,34,79,16,0,0,0,0,0,0,0,-32286,0,0,0,0,0,2692441,0
2685056,7660,-2614,816,203,-41,51,2125,-3,3,0,0,19373,65,34,79,16,0,0,0,0,0,0,0,-32286,0,0,0,0,0,2692456,0
2685061,7676,-2626,814,200,-40,49,2125,-4,0,0,-8,19373,65,34,79,16,0,0,0,0,0,0,0,-32286,0,0,0,0,0,2692461,0
2685066,7646,-2608,800,207,-37,44,2126,2,3,0,-8,19375,77,34,79,16,0,0,0,0,0,0,0,-32286,0,0,0,0,0,2692476,0
2685071,7688,-2616,834,208,-42,52,2127,2,1,0,-8,19375,77,34,79,16,0,0,0,0,0,0,0,-32286,0,0,0,0,0,2692481,0
2685076,7676,-2632,828,204,-36,52,2126,1,3,0,-8,19377,83,34,79,16,0,0,0,0,0,0,0,-32286,0,0,0,0,0,2692496,0
2685081,7670,-2628,820,211,-32,49,2126,-2,2,1,-8,19377,83,34,79,16,0,0,0,0,0,0,0,-32286,0,0,0,0,0,2692501,0
2685086,7704,-2628,848,206,-42,53,2126,2,-3,0,0,19377,84,34,79,16,0,0,0,0,0,0,0,-32285,0,0,0,0,0,2692515,0
2685091,7678,-2616,828,204,-37,53,2126,-5,-3,1,-8,19377,84,34,79,16,0,0,0,0,0,0,0,-32286,0,0,0,0,0,2692520,0
2685096,7654,-2652,852,208,-34,54,2125,2,2,0,0,19375,80,34,79,16,0,0,0,0,0,0,0,-32286,0,0,0,0,0,2692538,0
2685101,7660,-2658,840,204,-35,49,2126,-1,-1,-1,0,19375,80,34,79,16,0,0,0,0,0,0,0,-32286,0,0,0,0,0,2692543,0
2685106,7658,-2672,828,207,-36,46,2126,0,0,0,0,19374,71,34,79,16,0,0,0,0,0,0,0,-32286,0,0,0,0,0,2692555,0
2685111,7682,-2666,822,208,-36,47,2126,-2,2,0,0,19374,71,34,79,16,0,0,0,0,0,0,0,-32286,0,0,0,0,0,2692560,0
2685116,7638,-2660,846,210,-43,49,2126,-1,2,-1,-8,19372,74,34,79,16,0,0,0,0,0,0,0,-32286,0,0,0,0,0,2692575,0
2685121,7644,-2642,824,220,-44,48,2125,2,-1,0,8,19372,74,34,79,16,0,0,0,0,0,0,0,-32286,0,0,0,0,0,2692580,0
2685126,7654,-2686,804,229,-48,45,2126,0,0,1,-8,19374,78,34,79,16,0,0,0,0,0,0,0,-32286,0,0,0,0,0,2692595,0
2685131,7634,-2634,814,223,-49,39,2127,1,-2,1,-8,19374,78,34,79,16,0,0,0,0,0,0,0,-32286,0,0,0,0,0,2692600,0
2685136,7634,-2532,802,221,-54,31,2125,0,4,0,0,19373,80,34,79,16,0,0,0,0,0,0,0,-32286,0,0,0,0,0,2692615,0
2685141,7630,-2508,766,216,-61,29,2125,-8,2,0,0,19373,80,34,79,16,0,0,0,0,0,0,0,-32286,0,0,0,0,0,2692620,0
2685146,7660,-2450,762,207,-67,20,2126,4,-5,-1,0,19373,80,34,79,16,0,0,0,0,0,0,0,-32285,0,0,0,0,0,2692635,0
2685151,7666,-2408,780,194,-60,15,2125,2,4,0,-8,19373,80,34,79,16,0,0,0,0,0,0,0,-32286,0,0,0,0,0,2692640,0
2685156,7650,-2394,760,169,-64,-5,2126,0,1,0,-8,19373,76,34,79,16,0,0,0,0,0,0,0,-32286,0,0,0,0,0,2692655,0
2685161,7660,-2392,778,154,-55,-4,2126,-3,-3,0,0,19373,76,34,79,16,0,0,0,0,0,0,0,-32285,0,0,0,0,0,2692660,0
2685166,7660,-2384,806,141,-56,-21,2126,6,4,0,-8,19373,71,34,79,16,0,0,0,0,0,0,0,-32286,0,0,0,0,0,2692675,0
2685171,7634,-2356,832,131,-52,-23,2125,3,-2,-1,0,19373,71,34,79,16,0,0,0,0,0,0,0,-32286,0,0,0,0,0,2692680,0
2685176,7644,-2370,844,112,-52,-46,2126,-7,-2,0,0,19374,75,34,79,16,0,0,0,0,0,0,0,-32286,0,0,0,0,0,2692695,0
2685181,7680,-2398,838,101,-44,-49,2127,7,-3,0,-8,19374,75,34,79,16,0,0,0,0,0,0,0,-32285,0,0,0,0,0,2692700,0
2685186,7702,-2402,862,92,-33,-53,2127,8,2,0,-8,19374,79,34,79,16,0,0,0,0,0,0,0,-32286,0,0,0,0,0,2692715,0
2685191,7692,-2396,842,81,-30,-55,2126,0,-4,0,-8,19374,79,34,79,16,0,0,0,0,0,0,0,-32286,0,0,0,0,0,2692720,0
2685196,7700,-2386,846,59,-12,-62,2125,-1,0,0,0,19373,82,34,79,16,0,0,0,0,0,0,0,-32286,0,0,0,0,0,2692735,0
2685201,7696,-2410,856,55,4,-64,2127,1,-2,0,-8,19373,82,34,79,16,0,0,0,0,0,0,0,-32286,0,0,0,0,0,2692740,0
2685206,7704,-2414,826,44,13,-67,2125,-3,-3,0,0,19372,83,34,79,16,0,0,0,0,0,0,0,-32286,0,0,0,0,0,2692755,0
2685211,7702,-2440,816,26,19,-62,2127,11,3,0,-8,19372,83,34,79,16,0,0,0,0,0,0,0,-32286,0,0,0,0,0,2692760,0
2685216,7640,-2450,798,16,33,-69,2127,0,-3,0,-8,19374,78,34,79,16,0,0,0,0,0,0,0,-32286,0,0,0,0,0,2692775,0
2685221,7632,-2458,768,6,35,-67,2125,-1,5,0,-8,19374,78,34,79,16,0,0,0,0,0,0,0,-32286,0,0,0,0,0,2692780,0
2685226,7614,-2484,744,-2,34,-71,2126,4,-4,-3,0,19373,77,34,79,16,0,0,0,0,0,0,0,-32286,0,0,0,0,0,2692795,0
2685231,7626,-2534,742,-6,35,-67,2125,0,0,0,0,19373,77,34,79,16,0,0,0,0,0,0,0,-32286,0,0,0,0,0,2692802,0
2685236,7570,-2606,768,-6,32,-63,2125,-2,-3,0,0,19374,83,34,79,16,0,0,0,0,0,0,0,-32286,0,0,0,0,0,2692818,0
2685241,7536,-2614,778,-14,24,-53,2126,3,-1,0,-8,19374,83,34,79,16,0,0,0,0,0,0,0,-32286,0,0,0,0,0,2692823,0
2685246,7556,-2628,764,-15,24,-50,2126,3,3,0,0,19373,79,34,79,16,0,0,0,0,0,0,0,-32286,0,0,0,0,0,2692838,0
2685251,7506,-2670,762,-13,23,-46,2126,2,2,0,0,19373,79,34,79,16,0,0,0,0,0,0,0,-32286,0,0,0,0,0,2692843,0
2685256,7536,-2716,788,-4,1,-36,2127,3,-2,0,-8,19374,80,34,79,16,0,0,0,0,0,0,0,-32286,0,0,0,0,0,2692858,0
2685261,7522,-2748,826,6,-4,-30,2126,-3,-4,0,-8,19374,80,34,79,16,0,0,0,0,0,0,0,-32287,0,0,0,0,0,2692863,0
2685266,7516,-2784,822,11,-15,-24,2124,-12,0,0,-8,19374,71,34,79,16,0,0,0,0,0,0,0,-32286,0,0,0,0,0,2692878,0
2685271,7510,-2790,848,23,-20,-18,2125,1,0,0,-8,19374,71,34,79,16,0,0,0,0,0,0,0,-32286,0,0,0,0,0,2692883,0
2685276,7536,-2830,842,43,-38,-12,2126,2,0,0,-8,19372,73,34,79,16,0,0,0,0,0,0,0,-32286,0,0,0,0,0,2692897,0
2685281,7560,-2850,846,53,-42,-13,2127,4,1,0,0,19372,73,34,79,16,0,0,0,0,0,0,0,-32286,0,0,0,0,0,2692902,0
2685286,7554,-2818,840,73,-48,-13,2126,0,0,0,0,19372,78,34,79,16,0,0,0,0,0,0,0,-32286,0,0,0,0,0,2692917,0
2685291,7600,-2882,842,82,-50,-10,2125,0,3,0,-8,19372,78,34,79,16,0,0,0,0,0,0,0,-32286,0,0,0,0,0,2692922,0
2685296,7626,-2898,814,94,-64,-7,2126,2,-4,-1,0,19373,80,34,79,16,0,0,0,0,0,0,0,-32286,0,0,0,0,0,2692937,0
2685301,7626,-2842,796,105,-72,-1,2127,7,-2,0,0,19373,80,34,79,16,0,0,0,0,0,0,0,-32286,0,0,0,0,0,2692942,0
2685306,7616,-2870,818,112,-79,-2,2126,4,2,0,-8,19374,73,34,79,16,0,0,0,0,0,0,0,-32286,0,0,0,0,0,2692957,0
2685311,7612,-2848,778,118,-84,5,2125,-2,2,1,-8,19374,73,34,79,16,0,0,0,0,0,0,0,-32286,0,0,0,0,0,2692962,0
2685316,7612,-2846,752,126,-96,8,2126,0,-3,0,-8,19375,77,34,79,16,0,0,0,0,0,0,0,-32285,0,0,0,0,0,2692977,0
2685321,7632,-2808,782,134,-108,15,2126,5,-1,0,-8,19375,77,34,79,16,0,0,0,0,0,0,0,-32286,0,0,0,0,0,2692982,0
2685326,7652,-2842,794,137,-114,17,2125,0,-1,0,-8,19374,74,34,79,16,0,0,0,0,0,0,0,-32286,0,0,0,0,0,2692997,0
2685331,7658,-2788,794,146,-119,20,2126,3,1,-1,0,19374,74,34,79,16,0,0,0,0,0,0,0,-32285,0,0,0,0,0,2693002,0
2685336,7714,-2772,786,151,-113,31,2125,0,2,0,0,19377,79,34,79,16,0,0,0,0,0,0,0,-32286,0,0,0,0,0,2693017,0
2685341,7728,-2746,804,154,-111,35,2125,-2,3,0,-8,19377,79,34,79,16,0,0,0,0,0,0,0,-32286,0,0,0,0,0,2693022,0
2685346,7768,-2724,834,157,-102,39,2126,0,-4,0,0,19377,78,34,79,16,0,0,0,0,0,0,0,-32286,0,0,0,0,0,2693037,0
2685351,7778,-2658,826,160,-98,40,2126,0,-3,0,0,19377,78,34,79,16,0,0,0,0,0,0,0,-32286,0,0,0,0,0,2693042,0
2685356,7806,-2614,850,161,-68,43,2125,1,3,0,-8,19377,73,34,79,16,0,0,0,0,0,0,0,-32285,0,0,0,0,0,2693057,0
2685361,7854,-2574,856,161,-54,41,2126,-2,-2,0,-8,19377,73,34,79,16,0,0,0,0,0,0,0,-32285,0,0,0,0,0,2693062,0
2685366,7834,-2558,834,150,-37,42,2126,6,2,0,-8,19376,75,34,79,16,0,0,0,0,0,0,0,-32286,0,0,0,0,0,2693077,0
2685371,7830,-2566,840,149,-22,46,2126,-5,2,0,-8,19376,75,34,79,16,0,0,0,0,0,0,0,-32286,0,0,0,0,0,2693082,0
2685376,7826,-2520,822,139,1,54,2125,0,1,-1,-8,19375,77,34,79,16,0,0,0,0,0,0,0,-32286,0,0,0,0,0,2693097,0
2685381,7798,-2486,818,134,14,50,2126,1,-3,0,0,19375,77,34,79,16,0,0,0,0,0,0,0,-32286,0,0,0,0,0,2693102,0
2685386,7764,-2492,814,131,24,54,2126,1,-1,0,-8,19374,80,34,79,16,0,0,0,0,0,0,0,-32286,0,0,0,0,0,2693117,0
2685391,7748,-2454,788,125,23,56,2126,1,3,0,-8,19374,80,34,79,16,0,0,0,0,0,0,0,-32286,0,0,0,0,0,2693122,0
2685396,7718,-2462,794,115,39,56,2125,-10,1,0,-8,19372,78,34,79,16,0,0,0,0,0,0,0,-32286,0,0,0,0,0,2693137,0
2685401,7706,-2452,808,102,44,59,2126,4,1,-1,0,19372,78,34,79,16,0,0,0,0,0,0,0,-32286,0,0,0,0,0,2693142,0
2685406,7662,-2448,804,91,45,64,2125,-5,-3,-1,-8,19373,70,34,79,16,0,0,0,0,0,0,0,-32286,0,0,0,0,0,2693157,0
2685411,7712,-2432,824,91,41,62,2126,0,2,0,-8,19373,70,34,79,16,0,0,0,0,0,0,0,-32286,0,0,0,0,0,2693162,0
2685416,7662,-2466,816,80,41,59,2126,0,0,1,-8,19374,70,34,79,16,0,0,0,0,0,0,0,-32286,0,0,0,0,0,2693177,0
2685421,7668,-2456,804,72,43,69,2126,-2,1,0,-8,19374,70,34,79,16,0,0,0,0,0,0,0,-32286,0,0,0,0,0,2693182,0
2685426,7674,-2434,828,68,41,61,2127,4,0,0,-8,19374,72,34,79,16,0,0,0,0,0,0,0,-32286,0,0,0,0,0,2693197,0
2685431,7688,-2436,824,59,47,62,2126,0,1,0,-8,19374,72,34,79,16,0,0,0,0,0,0,0,-32286,0,0,0,0,0,2693202,0
2685436,7694,-2490,860,46,47,62,2127,2,3,0,-8,19373,69,34,79,16,0,0,0,0,0,0,0,-32286,0,0,0,0,0,2693217,0
2685441,7686,-2510,846,44,50,57,2125,0,-3,1,-8,19373,69,34,79,16,0,0,0,0,0,0,0,-32286,0,0,0,0,0,2693222,0
2685446,7692,-2530,878,34,51,55,2126,-2,-1,0,0,19373,63,34,79,16,0,0,0,0,0,0,0,-32286,0,0,0,0,0,2693237,0
2685451,7716,-2536,874,27,55,59,2126,6,-3,0,-8,19373,63,34,79,16,0,0,0,0,0,0,0,-32286,0,0,0,0,0,2693242,0
2685456,7696,-2566,876,14,45,53,2126,3,4,0,-8,19375,60,34,79,16,0,0,0,0,0,0,0,-32286,0,0,0,0,0,2693257,0
2685461,7642,-2584,890,13,46,50,2126,7,1,0,-8,19375,60,34,79,16,0,0,0,0,0,0,0,-32286,0,0,0,0,0,2693262,0
2685466,7662,-2564,876,4,42,44,2125,-4,-3,1,-8,19376,57,34,79,16,0,0,0,0,0,0,0,-32286,0,0,0,0,0,2693277,0
2685471,7684,-2550,886,-3,41,42,2127,0,-3,-1,0,19376,57,34,79,16,0,0,0,0,0,0,0,-32286,0,0,0,0,0,2693282,0
2685476,7634,-2560,890,-8,42,36,2126,0,-5,0,-8,19377,59,34,79,16,0,0,0,0,0,0,0,-32286,0,0,0,0,0,2693297,0
2685481,7642,-2576,878,-16,35,25,2126,2,3,0,-8,19377,59,34,79,16,0,0,0,0,0,0,0,-32286,0,0,0,0,0,2693302,0
2685486,7634,-2570,878,-18,34,16,2126,2,-3,0,0,19378,67,34,79,16,0,0,0,0,0,0,0,-32286,0,0,0,0,0,2693317,0
2685491,7616,-2574,914,-21,35,17,2126,3,3,0,-8,19378,67,34,79,16,0,0,0,0,0,0,0,-32286,0,0,0,0,0,2693322,0
2685496,7642,-2584,858,-31,38,-1,2126,2,3,0,-8,19377,69,34,79,16,0,0,0,0,0,0,0,-32286,0,0,0,0,0,2693337,0
2685501,7616,-2592,852,-33,41,-3,2125,-7,2,0,-8,19377,69,34,79,16,0,0,0,0,0,0,0,-32286,0,0,0,0,0,2693342,0
2685506,7638,-2564,874,-42,36,-10,2125,-4,0,0,0,19377,77,34,79,16,0,0,0,0,0,0,0,-32286,0,0,0,0,0,2693357,0
2685511,7614,-2606,860,-41,38,-11,2125,-12,-3,0,-8,19377,77,34,79,16,0,0,0,0,0,0,0,-32285,0,0,0,0,0,2693362,0
2685516,7584,-2608,868,-50,41,-14,2127,0,-2,0,-8,19376,80,34,79,16,0,0,0,0,0,0,0,-32285,0,0,0,0,0,2693377,0
2685521,7576,-2642,856,-54,38,-13,2126,4,1,0,-8,19376,80,34,79,16,0,0,0,0,0,0,0,-32286,0,0,0,0,0,2693382,0
2685526,7606,-2638,868,-62,41,-20,2124,-9,4,0,-8,19373,79,34,79,16,0,0,0,0,0,0,0,-32286,0,0,0,0,0,2693397,0
2685531,7586,-2662,888,-64,40,-12,2126,2,1,0,-8,19373,79,34,79,16,0,0,0,0,0,0,0,-32286,0,0,0,0,0,2693402,0
2685536,7560,-2730,904,-67,38,-8,2125,-3,-1,0,0,19373,78,34,79,16,0,0,0,0,0,0,0,-32286,0,0,0,0,0,2693416,0
2685541,7576,-2720,886,-66,40,-4,2127,5,6,0,0,19373,78,34,79,16,0,0,0,0,0,0,0,-32286,0,0,0,0,0,2693421,0
2685546,7564,-2728,872,-56,36,11,2125,-2,-1,-1,0,19374,73,34,79,16,0,0,0,0,0,0,0,-32286,0,0,0,0,0,2693436,0
2685551,7568,-2762,872,-55,34,16,2126,0,3,0,0,19374,73,34,79,16,0,0,0,0,0,0,0,-32286,0,0,0,0,0,2693441,0
2685556,7584,-2752,888,-33,30,25,2126,3,-3,0,-8,19377,72,34,79,16,0,0,0,0,0,0,0,-32286,0,0,0,0,0,2693456,0
2685561,7590,-2772,852,-30,34,34,2126,0,1,0,-8,19377,72,34,79,16,0,0,0,0,0,0,0,-32286,0,0,0,0,0,2693461,0
2685566,7626,-2704,850,-23,30,35,2126,-1,0,0,-8,19376,75,34,79,16,0,0,0,0,0,0,0,-32286,0,0,0,0,0,2693476,0
2685571,7616,-2746,864,-13,33,43,2125,-4,-2,0,-8,19376,75,34,79,16,0,0,0,0,0,0,0,-32286,0,0,0,0,0,2693481,0
2685576,7682,-2752,838,6,33,54,2127,5,2,0,-8,19375,77,34,79,16,0,0,0,0,0,0,0,-32286,0,0,0,0,0,2693496,0
2685581,7710,-2742,832,12,38,52,2126,0,-1,0,0,19375,77,34,79,16,0,0,0,0,0,0,0,-32286,0,0,0,0,0,2693501,0
2685586,7678,-2756,812,20,44,48,2125,-12,1,0,-8,19373,83,34,79,16,0,0,0,0,0,0,0,-32286,0,0,0,0,0,2693516,0
2685591,7708,-2734,810,24,41,50,2127,3,-2,0,-8,19373,83,34,79,16,0,0,0,0,0,0,0,-32286,0,0,0,0,0,2693521,0
2685596,7714,-2792,798,45,36,57,2125,-8,2,0,0,19374,82,34,79,16,0,0,0,0,0,0,0,-32286,0,0,0,0,0,2693536,0
2685601,7726,-2774,788,53,33,56,2125,-4,1,0,0,19374,82,34,79,16,0,0,0,0,0,0,0,-32286,0,0,0,0,0,2693541,0
2685606,7688,-2770,788,66,28,58,2125,0,1,0,-8,19374,75,34,79,16,0,0,0,0,0,0,0,-32286,0,0,0,0,0,2693556,0
2685611,7686,-2798,794,72,23,54,2126,0,5,0,-8,19374,75,34,79,16,0,0,0,0,0,0,0,-32286,0,0,0,0,0,2693561,0
2685616,7658,-2810,788,95,4,51,2126,1,5,0,-8,19374,78,34,79,16,0,0,0,0,0,0,0,-32286,0,0,0,0,0,2693576,0
2685621,7664,-2774,818,102,4,55,2127,1,5,-1,0,19374,78,34,79,16,0,0,0,0,0,0,0,-32286,0,0,0,0,0,2693581,0
2685626,7670,-2796,802,116,-3,51,2126,-1,4,0,0,19374,72,34,79,16,0,0,0,0,0,0,0,-32286,0,0,0,0,0,2693596,0
2685631,7656,-2794,790,121,-10,50,2126,0,-2,1,-8,19374,72,34,79,16,0,0,0,0,0,0,0,-32286,0,0,0,0,0,2693601,0
2685636,7594,-2786,824,143,-14,51,2126,12,0,0,-8,19373,67,34,79,16,0,0,0,0,0,0,0,-32286,0,0,0,0,0,2693616,0
2685641,7646,-2792,836,147,-23,47,2126,-1,-2,0,0,19373,67,34,79,16,0,0,0,0,0,0,0,-32286,0,0,0,0,0,2693621,0
2685646,7646,-2748,830,159,-25,46,2126,-4,1,0,-8,19372,70,34,79,16,0,0,0,0,0,0,0,-32286,0,0,0,0,0,2693636,0
2685651,7644,-2724,836,162,-27,49,2126,-4,-1,0,0,19372,70,34,79,16,0,0,0,0,0,0,0,-32286,0,0,0,0,0,2693641,0
2685656,7620,-2694,862,172,-21,52,2127,5,-1,1,-8,19375,69,34,79,16,0,0,0,0,0,0,0,-32286,0,0,0,0,0,2693656,0
2685661,7610,-2670,824,179,-16,46,2126,6,-1,0,0,19375,69,34,79,16,0,0,0,0,0,0,0,-32286,0,0,0,0,0,2693670,0
2685666,7604,-2662,830,180,-12,43,2126,0,1,-1,-8,19377,69,34,79,16,0,0,0,0,0,0,0,-32286,0,0,0,0,0,2693675,0
2685671,7638,-2650,818,180,-11,43,2127,0,-2,0,0,19377,69,34,79,16,0,0,0,0,0,0,0,-32286,0,0,0,0,0,2693680,0
2685676,7586,-2590,788,180,-3,39,2127,10,0,0,0,19376,69,34,79,16,0,0,0,0,0,0,0,-32286,0,0,0,0,0,2693695,0
2685681,7614,-2562,822,174,-5,37,2126,-3,-1,1,-8,19376,69,34,79,16,0,0,0,0,0,0,0,-32286,0,0,0,0,0,2693700,0
2685686,7614,-2560,800,173,-12,37,2127,3,-6,0,-8,19372,76,34,79,16,0,0,0,0,0,0,0,-32286,0,0,0,0,0,2693715,0
2685691,7598,-2568,792,167,-14,41,2127,5,0,1,-8,19372,76,34,79,16,0,0,0,0,0,0,0,-32286,0,0,0,0,0,2693720,0
2685696,7646,-2552,796,161,-12,39,2126,0,2,0,-8,19370,76,34,79,16,0,0,0,0,0,0,0,-32286,0,0,0,0,0,2693734,0
2685701,7656,-2546,802,155,-14,38,2126,2,-2,0,0,19370,76,34,79,16,0,0,0,0,0,0,0,-32286,0,0,0,0,0,2693739,0
2685706,7672,-2524,818,143,-13,37,2127,-3,2,0,0,19369,82,34,79,16,0,0,0,0,0,0,0,-32286,0,0,0,0,0,2693754,0
2685711,7688,-2532,816,138,-16,38,2126,1,-1,0,-8,19369,82,34,79,16,0,0,0,0,0,0,0,-32285,0,0,0,0,0,2693759,0
2685716,7706,-2530,832,128,-12,35,2126,-7,-1,0,-8,19373,75,34,79,16,0,0,0,0,0,0,0,-32286,0,0,0,0,0,2693774,0
2685721,7688,-2512,836,123,-11,33,2125,2,0,0,0,19373,75,34,79,16,0,0,0,0,0,0,0,-32286,0,0,0,0,0,2693779,0
2685726,7732,-2568,864,116,-13,32,2126,-5,2,0,-8,19373,80,34,79,16,0,0,0,0,0,0,0,-32286,0,0,0,0,0,2693794,0
2685731,7736,-2540,848,108,-10,26,2126,0,2,0,-8,19373,80,34,79,16,0,0,0,0,0,0,0,-32286,0,0,0,0,0,2693806,0
2685736,7730,-2570,848,96,-7,28,2126,-1,3,0,0,19374,79,34,79,16,0,0,0,0,0,0,0,-32286,0,0,0,0,0,2693814,0
2685741,7728,-2568,856,92,-4,21,2126,2,1,0,-8,19374,79,34,79,16,0,0,0,0,0,0,0,-32286,0,0,0,0,0,2693819,0
2685746,7716,-2542,854,91,-3,19,2126,2,-2,-1,0,19374,75,34,79,16,0,0,0,0,0,0,0,-32286,0,0,0,0,0,2693834,0
2685751,7728,-2532,876,86,1,17,2126,-3,3,0,0,19374,75,34,79,16,0,0,0,0,0,0,0,-32285,0,0,0,0,0,2693839,0
2685756,7704,-2580,874,75,2,10,2127,1,1,0,-8,19377,72,34,79,16,0,0,0,0,0,0,0,-32285,0,0,0,0,0,2693854,0
2685761,7700,-2578,894,72,8,14,2127,4,-2,0,0,19377,72,34,79,16,0,0,0,0,0,0,0,-32286,0,0,0,0,0,2693859,0
2685766,7716,-2532,882,67,4,3,2126,-2,-1,0,-8,19375,77,34,79,16,0,0,0,0,0,0,0,-32286,0,0,0,0,0,2693874,0
2685771,7678,-2572,892,67,8,2,2126,-5,0,0,0,19375,77,34,79,16,0,0,0,0,0,0,0,-32286,0,0,0,0,0,2693879,0
2685776,7660,-2562,866,58,14,-6,2127,10,0,0,-8,19375,80,34,79,16,0,0,0,0,0,0,0,-32286,0,0,0,0,0,2693894,0
2685781,7622,-2566,880,52,15,-10,2126,-2,1,0,0,19375,80,34,79,16,0,0,0,0,0,0,0,-32286,0,0,0,0,0,2693899,0
2685786,7634,-2568,888,47,7,-15,2127,2,0,0,0,19371,83,34,79,16,0,0,0,0,0,0,0,-32286,0,0,0,0,0,2693914,0
2685791,7624,-2574,882,47,12,-19,2127,2,2,0,-8,19371,83,34,79,16,0,0,0,0,0,0,0,-32286,0,0,0,0,0,2693919,0
2685796,7548,-2624,852,41,6,-16,2127,0,2,0,-8,19373,75,34,79,16,0,0,0,0,0,0,0,-32286,0,0,0,0,0,2693934,0
2685801,7584,-2614,874,38,6,-23,2127,-1,-2,0,0,19373,75,34,79,16,0,0,0,0,0,0,0,-32286,0,0,0,0,0,2693939,0
2685806,7576,-2634,886,39,6,-22,2127,5,-3,0,0,19373,70,34,79,16,0,0,0,0,0,0,0,-32286,0,0,0,0,0,2693954,0
2685811,7568,-2656,852,42,4,-20,2126,-1,-3,0,-8,19373,70,34,79,16,0,0,0,0,0,0,0,-32286,0,0,0,0,0,2693959,0
2685816,7590,-2624,862,39,-2,-24,2126,-3,0,0,-8,19374,72,34,79,16,0,0,0,0,0,0,0,-32286,0,0,0,0,0,2693974,0
2685821,7624,-2570,850,40,1,-28,2126,1,2,0,-8,19374,72,34,79,16,0,0,0,0,0,0,0,-32286,0,0,0,0,0,2693979,0
2685826,7628,-2540,872,40,-1,-29,2127,7,3,0,0,19373,69,34,79,16,0,0,0,0,0,0,0,-32286,0,0,0,0,0,2693994,0
2685831,7618,-2534,864,31,3,-32,2126,-3,1,0,0,19373,69,34,79,16,0,0,0,0,0,0,0,-32286,0,0,0,0,0,2693999,0
2685836,7652,-2472,874,16,16,-48,2127,1,0,1,0,19373,75,34,79,16,0,0,0,0,0,0,0,-32286,0,0,0,0,0,2694014,0
2685841,7666,-2434,874,9,20,-54,2126,0,1,0,-8,19373,75,34,79,16,0,0,0,0,0,0,0,-32286,0,0,0,0,0,2694019,0
2685846,7658,-2412,866,2,26,-63,2127,1,2,-2,0,19377,72,34,79,16,0,0,0,0,0,0,0,-32286,0,0,0,0,0,2694034,0
2685851,7648,-2430,880,-3,32,-75,2127,1,-1,-1,-8,19377,72,34,79,16,0,0,0,0,0,0,0,-32286,0,0,0,0,0,2694039,0
2685856,7680,-2422,862,-16,37,-94,2126,-4,3,0,0,19383,80,34,79,16,0,0,0,0,0,0,0,-32286,0,0,0,0,0,2694054,0
2685861,7660,-2424,874,-31,39,-100,2127,-2,-2,0,-8,19383,80,34,79,16,0,0,0,0,0,0,0,-32286,0,0,0,0,0,2694059,0
2685866,7690,-2400,898,-37,40,-108,2128,3,-1,-1,-8,19388,85,34,79,16,0,0,0,0,0,0,0,-32286,0,0,0,0,0,2694074,0
2685871,7694,-2434,878,-53,38,-116,2127,0,3,1,-8,19388,85,34,79,16,0,0,0,0,0,0,0,-32286,0,0,0,0,0,2694079,0
2685876,7734,-2446,898,-65,36,-135,2126,-6,-2,0,-8,19388,90,34,79,16,0,0,0,0,0,0,0,-32286,0,0,0,0,0,2694094,0
2685881,7736,-2472,920,-79,41,-133,2126,-3,-2,-1,0,19388,90,34,79,16,0,0,0,0,0,0,0,-32286,0,0,0,0,0,2694099,0
2685886,7770,-2518,902,-85,62,-141,2128,6,2,0,-8,19383,88,34,79,16,0,0,0,0,0,0,0,-32286,0,0,0,0,0,2694114,0
2685891,7750,-2482,916,-88,64,-140,2128,0,5,0,-8,19383,88,34,79,16,0,0,0,0,0,0,0,-32286,0,0,0,0,0,2694119,0
2685896,7750,-2548,890,-101,82,-149,2126,-7,-1,0,-8,19379,81,34,79,16,0,0,0,0,0,0,0,-32286,0,0,0,0,0,2694134,0
2685901,7712,-2556,886,-106,86,-149,2128,0,-3,0,0,19379,81,34,79,16,0,0,0,0,0,0,0,-32286,0,0,0,0,0,2694139,0
2685906,7726,-2566,884,-110,96,-145,2128,11,-1,0,0,19376,81,34,79,16,0,0,0,0,0,0,0,-32286,0,0,0,0,0,2694154,0
2685911,7686,-2622,860,-119,97,-137,2128,5,-4,0,-8,19376,81,34,79,16,0,0,0,0,0,0,0,-32286,0,0,0,0,0,2694159,0
2685916,7664,-2650,882,-130,103,-130,2128,1,4,0,-8,19374,79,34,79,16,0,0,0,0,0,0,0,-32286,0,0,0,0,0,2694174,0
2685921,7648,-2736,836,-130,107,-127,2127,-3,0,0,0,19374,79,34,79,16,0,0,0,0,0,0,0,-32285,0,0,0,0,0,2694179,0
2685926,7630,-2764,832,-133,101,-118,2128,-2,0,-1,0,19374,82,34,79,16,0,0,0,0,0,0,0,-32286,0,0,0,0,0,2694194,0
2685931,7580,-2808,822,-130,96,-110,2127,-3,0,1,0,19374,82,34,79,16,0,0,0,0,0,0,0,-32286,0,0,0,0,0,2694199,0
2685936,7552,-2896,824,-114,87,-96,2127,-3,-1,0,0,19371,70,34,79,16,0,0,0,0,0,0,0,-32286,0,0,0,0,0,2694214,0
2685941,7530,-2932,816,-110,77,-85,2128,1,4,0,0,19371,70,34,79,16,0,0,0,0,0,0,0,-32286,0,0,0,0,0,2694218,0
2685946,7506,-2942,832,-89,70,-83,2128,2,0,0,-8,19372,77,34,79,16,0,0,0,0,0,0,0,-32286,0,0,0,0,0,2694233,0
2685951,7496,-2986,820,-81,53,-74,2128,-2,0,0,-8,19372,77,34,79,16,0,0,0,0,0,0,0,-32286,0,0,0,0,0,2694238,0
2685956,7472,-3022,818,-54,38,-60,2127,2,1,-1,0,19372,82,34,79,16,0,0,0,0,0,0,0,-32286,0,0,0,0,0,2694253,0
2685961,7420,-3028,858,-37,24,-60,2128,2,-2,0,-8,19372,82,34,79,16,0,0,0,0,0,0,0,-32286,0,0,0,0,0,2694258,0
2685966,7388,-3022,862,-22,18,-57,2127,-4,1,0,-8,19375,75,34,79,16,0,0,0,0,0,0,0,-32286,0,0,0,0,0,2694273,0
2685971,7376,-3026,876,-3,2,-55,2128,6,-3,0,-8,19375,75,34,79,16,0,0,0,0,0,0,0,-32286,0,0,0,0,0,2694278,0
2685976,7336,-3010,920,27,-19,-58,2128,2,-2,0,0,19373,68,34,79,16,0,0,0,0,0,0,0,-32286,0,0,0,0,0,2694293,0
2685981,7296,-3002,890,42,-34,-59,2128,-1,-1,0,-8,19373,68,34,79,16,0,0,0,0,0,0,0,-32286,0,0,0,0,0,2694298,0
2685986,7294,-3006,922,56,-39,-58,2127,2,-2,0,0,19372,73,34,79,16,0,0,0,0,0,0,0,-32286,0,0,0,0,0,2694313,0
2685991,7324,-2962,928,79,-54,-55,2128,2,-2,1,-8,19372,73,34,79,16,0,0,0,0,0,0,0,-32286,0,0,0,0,0,2694318,0
2685996,7358,-2942,922,117,-67,-51,2127,0,1,0,0,19371,75,34,79,16,0,0,0,0,0,0,0,-32286,0,0,0,0,0,2694333,0
2686001,7426,-2898,892,129,-78,-42,2128,2,2,0,0,19371,75,34,79,16,0,0,0,0,0,0,0,-32286,0,0,0,0,0,2694338,0
2686006,7420,-2868,912,140,-84,-36,2129,3,-1,0,0,19370,74,34,79,16,0,0,0,0,0,0,0,-32285,0,0,0,0,0,2694353,0
2686011,7498,-2834,890,149,-89,-36,2128,-6,3,0,-8,19370,74,34,79,16,0,0,0,0,0,0,0,-32286,0,0,0,0,0,2694358,0
2686016,7630,-2774,882,145,-99,-22,2128,0,-3,0,-8,19371,73,34,79,16,0,0,0,0,0,0,0,-32286,0,0,0,0,0,2694373,0
2686021,7688,-2734,880,151,-99,-15,2128,-3,-6,0,-8,19371,73,34,79,16,0,0,0,0,0,0,0,-32286,0,0,0,0,0,2694378,0
2686026,7706,-2728,880,151,-100,-11,2128,0,-2,0,-8,19372,78,34,79,16,0,0,0,0,0,0,0,-32286,0,0,0,0,0,2694393,0
2686031,7718,-2688,892,151,-90,-13,2128,4,1,0,0,19372,78,34,79,16,0,0,0,0,0,0,0,-32286,0,0,0,0,0,2694398,0
2686036,7782,-2630,902,156,-89,-8,2128,5,0,0,0,19373,79,34,79,16,0,0,0,0,0,0,0,-32286,0,0,0,0,0,2694413,0
2686041,7804,-2644,944,147,-78,-10,2128,-1,2,0,0,19373,79,34,79,16,0,0,0,0,0,0,0,-32286,0,0,0,0,0,2694418,0
2686046,7774,-2630,916,149,-68,-11,2127,0,0,0,0,19374,76,34,79,16,0,0,0,0,0,0,0,-32286,0,0,0,0,0,2694433,0
2686051,7764,-2646,902,148,-57,-14,2128,0,1,-1,0,19374,76,34,79,16,0,0,0,0,0,0,0,-32286,0,0,0,0,0,2694438,0
2686056,7760,-2636,910,152,-40,-11,2127,1,0,0,0,19374,63,34,79,16,0,0,0,0,0,0,0,-32286,0,0,0,0,0,2694453,0
2686061,7742,-2654,916,161,-30,-5,2128,0,1,0,-8,19374,63,34,79,16,0,0,0,0,0,0,0,-32286,0,0,0,0,0,2694458,0
2686066,7726,-2604,908,166,-28,0,2129,1,-1,0,-8,19373,67,34,79,16,0,0,0,0,0,0,0,-32286,0,0,0,0,0,2694473,0
2686071,7736,-2620,886,158,-21,6,2127,-4,0,0,0,19373,67,34,79,16,0,0,0,0,0,0,0,-32286,0,0,0,0,0,2694478,0
2686076,7778,-2564,850,165,-13,5,2128,-2,-1,0,-8,19374,72,34,79,16,0,0,0,0,0,0,0,-32286,0,0,0,0,0,2694493,0
2686081,7752,-2542,866,176,-15,1,2128,0,-1,0,0,19374,72,34,79,16,0,0,0,0,0,0,0,-32286,0,0,0,0,0,2694498,0
2686086,7780,-2526,848,173,-12,7,2128,7,6,0,0,19374,74,34,79,16,0,0,0,0,0,0,0,-32286,0,0,0,0,0,2694513,0
2686091,7774,-2506,866,169,-14,7,2127,-7,-1,1,-8,19374,74,34,79,16,0,0,0,0,0,0,0,-32286,0,0,0,0,0,2694518,0
2686096,7796,-2446,874,159,0,3,2127,0,2,-1,0,19374,72,34,79,16,0,0,0,0,0,0,0,-32286,0,0,0,0,0,2694533,0
2686101,7774,-2468,860,155,0,3,2128,-2,-1,-1,-8,19374,72,34,79,16,0,0,0,0,0,0,0,-32286,0,0,0,0,0,2694538,0
2686106,7772,-2468,882,155,3,3,2127,0,4,0,-8,19372,72,34,79,16,0,0,0,0,0,0,0,-32286,0,0,0,0,0,2694553,0
2686111,7786,-2456,884,141,2,2,2128,3,-3,0,0,19372,72,34,79,16,0,0,0,0,0,0,0,-32286,0,0,0,0,0,2694558,0
2686116,7808,-2464,892,131,6,1,2128,1,5,0,-8,19373,72,34,79,16,0,0,0,0,0,0,0,-32286,0,0,0,0,0,2694573,0
2686121,7796,-2432,910,126,11,7,2127,-1,-2,0,0,19373,72,34,79,16,0,0,0,0,0,0,0,-32286,0,0,0,0,0,2694577,0
2686126,7820,-2460,876,119,9,7,2127,-3,2,0,-8,19370,72,34,79,16,0,0,0,0,0,0,0,-32286,0,0,0,0,0,2694592,0
2686131,7870,-2458,902,110,14,10,2128,0,-2,0,-8,19370,72,34,79,16,0,0,0,0,0,0,0,-32286,0,0,0,0,0,2694597,0
2686136,7860,-2462,896,104,17,13,2129,3,-1,0,0,19369,64,34,79,16,0,0,0,0,0,0,0,-32286,0,0,0,0,0,2694612,0
2686141,7888,-2448,918,95,26,15,2128,0,2,0,0,19369,64,34,79,16,0,0,0,0,0,0,0,-32286,0,0,0,0,0,2694617,0
2686146,7866,-2396,920,89,28,18,2128,3,-3,0,-8,19370,62,34,79,16,0,0,0,0,0,0,0,-32286,0,0,0,0,0,2694632,0
2686151,7888,-2390,918,77,34,20,2129,5,-2,0,0,19370,62,34,79,16,0,0,0,0,0,0,0,-32286,0,0,0,0,0,2694637,0
2686156,7866,-2354,908,64,56,16,2128,2,-1,0,0,19372,70,34,79,16,0,0,0,0,0,0,0,-32286,0,0,0,0,0,2694652,0
2686161,7872,-2314,934,53,58,17,2128,-3,-2,0,-8,19372,70,34,79,16,0,0,0,0,0,0,0,-32286,0,0,0,0,0,2694657,0
2686166,7826,-2296,926,43,67,9,2127,-3,-2,0,-8,19372,79,34,79,16,0,0,0,0,0,0,0,-32286,0,0,0,0,0,2694672,0
2686171,7812,-2222,944,30,73,6,2129,3,0,0,-8,19372,79,34,79,16,0,0,0,0,0,0,0,-32286,0,0,0,0,0,2694677,0
2686176,7778,-2270,926,-4,93,4,2128,-1,-5,0,0,19371,83,34,79,16,0,0,0,0,0,0,0,-32286,0,0,0,0,0,2694692,0
2686181,7744,-2258,906,-20,98,3,2128,0,0,1,-8,19371,83,34,79,16,0,0,0,0,0,0,0,-32286,0,0,0,0,0,2694697,0
2686186,7708,-2282,924,-37,102,2,2127,-6,-4,0,0,19374,77,34,79,16,0,0,0,0,0,0,0,-32286,0,0,0,0,0,2694712,0
2686191,7696,-2310,894,-45,107,-4,2128,3,-1,0,-8,19374,77,34,79,16,0,0,0,0,0,0,0,-32286,0,0,0,0,0,2694717,0
2686196,7654,-2382,898,-56,117,-3,2127,0,-2,0,-8,19374,71,34,79,16,0,0,0,0,0,0,0,-32286,0,0,0,0,0,2694732,0
2686201,7676,-2360,888,-69,118,0,2127,0,2,0,-8,19374,71,34,79,16,0,0,0,0,0,0,0,-32286,0,0,0,0,0,2694737,0
2686206,7694,-2396,868,-72,122,4,2129,2,-1,0,-8,19374,83,34,79,16,0,0,0,0,0,0,0,-32286,0,0,0,0,0,2694752,0
2686211,7696,-2420,890,-72,122,7,2127,-4,3,0,0,19374,83,34,79,16,0,0,0,0,0,0,0,-32286,0,0,0,0,0,2694757,0
2686216,7710,-2474,862,-88,126,8,2128,-3,0,0,-8,19372,81,34,79,16,0,0,0,0,0,0,0,-32286,0,0,0,0,0,2694772,0
2686221,7696,-2446,864,-91,129,8,2127,1,-2,0,-8,19372,81,34,79,16,0,0,0,0,0,0,0,-32286,0,0,0,0,0,2694777,0
2686226,7696,-2504,824,-94,126,12,2127,5,0,0,0,19372,83,34,79,16,0,0,0,0,0,0,0,-32286,0,0,0,0,0,2694792,0
2686231,7640,-2526,846,-110,122,13,2128,-1,3,0,0,19372,83,34,79,16,0,0,0,0,0,0,0,-32286,0,0,0,0,0,2694799,0
2686236,7650,-2630,838,-114,104,16,2129,0,1,0,-8,19372,78,34,79,16,0,0,0,0,0,0,0,-32286,0,0,0,0,0,2694815,0
2686241,7616,-2704,838,-116,92,26,2127,-1,5,1,-8,19372,78,34,79,16,0,0,0,0,0,0,0,-32286,0,0,0,0,0,2694820,0
2686246,7580,-2722,856,-113,77,28,2129,3,0,0,-8,19373,73,34,79,16,0,0,0,0,0,0,0,-32286,0,0,0,0,0,2694835,0
2686251,7558,-2822,862,-103,61,32,2128,2,-6,-1,0,19373,73,34,79,16,0,0,0,0,0,0,0,-32286,0,0,0,0,0,2694840,0
2686256,7500,-2924,874,-84,28,42,2127,-2,3,0,-8,19372,76,34,79,16,0,0,0,0,0,0,0,-32286,0,0,0,0,0,2694855,0
2686261,7484,-2984,888,-64,12,48,2127,-2,-2,0,0,19372,76,34,79,16,0,0,0,0,0,0,0,-32287,0,0,0,0,0,2694860,0
2686266,7474,-3008,894,-49,-9,58,2128,-2,0,0,-8,19374,68,34,79,16,0,0,0,0,0,0,0,-32286,0,0,0,0,0,2694875,0
2686271,7496,-3060,938,-34,-18,69,2128,2,2,0,-8,19374,68,34,79,16,0,0,0,0,0,0,0,-32286,0,0,0,0,0,2694880,0
2686276,7514,-3068,928,-13,-50,88,2129,-3,0,0,-8,19375,65,34,79,16,0,0,0,0,0,0,0,-32286,0,0,0,0,0,2694895,0
2686281,7514,-3088,962,-11,-52,100,2127,-1,2,0,0,19375,65,34,79,16,0,0,0,0,0,0,0,-32286,0,0,0,0,0,2694900,0
2686286,7498,-3070,990,-5,-41,113,2128,1,1,0,0,19377,70,34,79,16,0,0,0,0,0,0,0,-32286,0,0,0,0,0,2694915,0
2686291,7526,-3088,976,6,-54,124,2129,11,0,0,0,19377,70,34,79,16,0,0,0,0,0,0,0,-32286,0,0,0,0,0,2694920,0
2686296,7528,-3104,982,38,-60,136,2127,-1,3,-1,-8,19376,76,34,79,16,0,0,0,0,0,0,0,-32286,0,0,0,0,0,2694935,0
2686301,7524,-3048,968,54,-62,138,2128,-2,-1,0,-8,19376,76,34,79,16,0,0,0,0,0,0,0,-32286,0,0,0,0,0,2694940,0
2686306,7500,-3032,978,65,-70,143,2128,-3,-2,-1,-8,19375,75,34,79,16,0,0,0,0,0,0,0,-32286,0,0,0,0,0,2694955,0
2686311,7520,-3040,944,70,-70,140,2128,4,1,-1,-8,19375,75,34,79,16,0,0,0,0,0,0,0,-32286,0,0,0,0,0,2694960,0
2686316,7504,-3026,960,90,-92,148,2127,-3,-3,0,-8,19372,77,34,79,16,0,0,0,0,0,0,0,-32286,0,0,0,0,0,2694975,0
2686321,7512,-3036,962,104,-107,147,2128,7,-1,0,0,19372,77,34,79,16,0,0,0,0,0,0,0,-32286,0,0,0,0,0,2694980,0
2686326,7530,-3032,968,116,-117,153,2128,2,0,0,-8,19373,76,34,79,16,0,0,0,0,0,0,0,-32286,0,0,0,0,0,2694995,0
2686331,7536,-3036,970,121,-130,156,2127,3,1,0,-8,19373,76,34,79,16,0,0,0,0,0,0,0,-32286,0,0,0,0,0,2695000,0
2686336,7570,-3020,926,161,-156,149,2128,0,-3,0,0,19374,76,34,79,16,0,0,0,0,0,0,0,-32286,0,0,0,0,0,2695015,0
2686341,7632,-2918,992,208,-175,124,2127,-3,-1,0,0,19374,76,34,79,16,0,0,0,0,0,0,0,-32286,0,0,0,0,0,2695020,0
2686346,7700,-2740,950,345,-282,37,2128,2,0,0,-8,19374,80,34,79,16,0,0,0,0,0,0,0,-32286,0,0,0,0,0,2695035,0
2686351,7818,-3126,670,479,-380,30,2126,-3,-3,0,-8,19374,80,34,79,16,0,0,0,0,0,0,0,-32286,0,0,0,0,0,2695040,0
2686356,7576,-2790,652,388,-513,6,2125,-6,-2,0,-8,19374,72,34,79,16,0,0,0,0,0,0,0,-32286,0,0,0,0,0,2695054,0
2686361,7682,-2816,554,385,-548,-15,2126,-3,-3,1,-8,19374,72,34,79,16,0,0,0,0,0,0,0,-32286,0,0,0,0,0,2695059,0
2686366,7568,-2780,712,367,-587,-26,2122,-9,-6,1,-24,19374,78,34,79,16,0,0,0,0,0,0,0,-32286,0,0,0,0,0,2695074,0
2686371,7556,-2910,768,351,-601,-34,2115,-25,-12,0,-24,19374,78,34,79,16,0,0,0,0,0,0,0,-32286,0,0,0,0,0,2695079,0
2686376,7470,-3132,854,380,-617,-19,2105,-51,-31,4,-40,19375,78,34,79,16,0,0,0,0,0,0,0,-32286,0,0,0,0,0,2695094,0
2686381,7320,-3120,950,293,-572,34,2076,-127,-63,11,-80,19375,78,34,79,16,0,0,0,0,0,0,0,-32286,0,0,0,0,0,2695099,0
2686386,7330,-2946,1004,197,-525,37,2035,-188,-118,6,-144,19374,78,34,79,16,0,0,0,0,0,0,0,-32286,0,0,0,0,0,2695114,0
2686391,7384,-3250,942,146,-444,96,1974,-274,-185,6,-248,19374,78,34,79,16,0,0,0,0,0,0,0,-32286,0,0,0,0,0,2695119,0
2686396,7206,-3354,1130,32,-302,188,1897,-341,-229,1,-376,19374,75,34,79,16,0,0,0,0,0,0,0,-32286,0,0,0,0,0,2695134,0
2686401,7126,-3272,1234,3,-239,205,1805,-410,-251,16,-480,19374,75,34,79,16,0,0,0,0,0,0,0,-32286,0,0,0,0,0,2695139,0
2686406,7368,-3338,1182,38,-181,234,1705,-445,-233,10,-568,19376,77,34,79,16,0,0,0,0,0,0,0,-32286,0,0,0,0,0,2695154,0
2686411,7386,-3216,1216,76,-134,256,1597,-477,-203,7,-672,19376,77,34,79,16,0,0,0,0,0,0,0,-32286,0,0,0,0,0,2695159,0
2686416,7470,-3170,1122,71,-75,335,1479,-521,-166,0,-776,19377,78,34,79,16,0,0,0,0,0,0,0,-32286,0,0,0,0,0,2695174,0
2686421,7662,-3008,1068,66,-28,350,1349,-577,-149,-2,-920,19377,78,34,79,16,0,0,0,0,0,0,0,-32286,0,0,0,0,0,2695179,0
2686426,7858,-2900,1040,95,1,356,1218,-581,-132,-17,-896,19374,83,34,79,16,0,0,0,0,0,0,0,-32286,0,0,0,0,0,2695194,0
2686431,7836,-2980,1034,172,-9,352,1083,-601,-117,-5,-936,19374,83,34,79,16,0,0,0,0,0,0,0,-32286,0,0,0,0,0,2695199,0
2686436,8242,-2944,1042,509,-81,283,943,-617,-88,-2,-936,19373,83,34,79,16,0,0,0,0,0,0,0,-32286,0,0,0,0,0,2695214,0
2686441,8332,-2420,998,566,-69,273,802,-616,-66,-9,-912,19373,83,34,79,16,0,0,0,0,0,0,0,-32286,0,0,0,0,0,2695219,0
2686446,8590,-1960,1104,485,50,259,659,-626,-41,-5,-928,19374,79,34,79,16,0,0,0,0,0,0,0,-32286,0,0,0,0,0,2695234,0
2686451,8652,-1870,1180,358,152,242,517,-628,-34,-3,-928,19374,79,34,79,16,0,0,0,0,0,0,0,-32286,0,0,0,0,0,2695239,0
2686456,8630,-2066,902,338,195,196,373,-630,-21,-7,-912,19374,75,34,79,16,0,0,0,0,0,0,0,-32286,0,0,0,0,0,2695254,0
2686461,8526,-1942,624,281,152,185,233,-611,-2,-4,-888,19374,75,34,79,16,0,0,0,0,0,0,0,-32286,0,0,0,0,0,2695259,0
2686466,8472,-1766,550,227,170,170,93,-604,5,-6,-864,19374,72,34,79,16,0,0,0,0,0,0,0,-32286,0,0,0,0,0,2695274,0
2686471,8462,-1878,522,193,136,167,-45,-610,14,-6,-856,19374,72,34,79,16,0,0,0,0,0,0,0,-32286,0,0,0,0,0,2695279,0
2686476,8458,-1920,914,160,166,133,-179,-581,26,-9,-792,19374,77,34,79,16,0,0,0,0,0,0,0,-32286,0,0,0,0,0,2695294,0
2686481,8398,-2106,1008,173,176,122,-307,-562,39,3,-736,19374,77,34,79,16,0,0,0,0,0,0,0,-32286,0,0,0,0,0,2695299,0
2686486,8306,-2242,1044,190,179,133,-432,-548,55,8,-736,19375,73,34,79,16,0,0,0,0,0,0,0,-32285,0,0,0,0,0,2695314,0
2686491,8234,-2128,1128,208,183,107,-551,-518,63,1,-632,19375,73,34,79,16,0,0,0,0,0,0,0,-32286,0,0,0,0,0,2695319,0
2686496,8116,-2216,1120,166,246,138,-664,-486,80,-4,-544,19375,77,34,79,16,0,0,0,0,0,0,0,-32286,0,0,0,0,0,2695334,0
2686501,8132,-2170,1158,134,288,136,-769,-466,83,4,-520,19375,77,34,79,16,0,0,0,0,0,0,0,-32286,0,0,0,0,0,2695339,0
2686506,8024,-2296,1170,110,324,155,-874,-461,76,5,-536,19374,84,34,79,16,0,0,0,0,0,0,0,-32286,0,0,0,0,0,2695354,0
2686511,7900,-2308,1194,102,337,154,-974,-436,76,2,-464,19374,84,34,79,16,0,0,0,0,0,0,0,-32286,0,0,0,0,0,2695359,0
2686516,7786,-2312,1162,72,389,158,-1065,-400,71,-4,-392,19373,91,34,79,16,0,0,0,0,0,0,0,-32286,0,0,0,0,0,2695374,0
2686521,7684,-2372,1134,20,419,169,-1150,-375,78,-6,-344,19373,91,34,79,16,0,0,0,0,0,0,0,-32286,0,0,0,0,0,2695379,0
2686526,7582,-2286,1130,-38,436,175,-1234,-365,81,-4,-320,19374,89,34,79,16,0,0,0,0,0,0,0,-32286,0,0,0,0,0,2695394,0
2686531,7486,-2470,1024,-93,459,195,-1316,-359,84,-3,-304,19374,89,34,79,16,0,0,0,0,0,0,0,-32286,0,0,0,0,0,2695399,0
2686536,7242,-2568,988,-270,536,237,-1390,-326,63,-11,-208,19374,84,34,79,16,0,0,0,0,0,0,0,-32286,0,0,0,0,0,2695414,0
2686541,7212,-2746,940,-296,554,236,-1451,-266,75,-13,-120,19374,84,34,79,16,0,0,0,0,0,0,0,-32286,0,0,0,0,0,2695419,0
2686546,7162,-2792,898,-217,487,203,-1500,-212,114,10,-96,19375,78,34,79,16,0,0,0,0,0,0,0,-32285,0,0,0,0,0,2695434,0
2686551,7078,-2774,902,-109,437,150,-1535,-143,159,8,-48,19375,78,34,79,16,0,0,0,0,0,0,0,-32286,0,0,0,0,0,2695439,0
2686556,6994,-2712,746,-51,291,136,-1565,-133,182,8,-64,19375,71,34,79,16,0,0,0,0,0,0,0,-32286,0,0,0,0,0,2695454,0
2686561,6984,-2538,708,-84,230,107,-1591,-108,158,-5,-40,19375,71,34,79,16,0,0,0,0,0,0,0,-32286,0,0,0,0,0,2695459,0
2686566,7106,-2644,696,-117,197,97,-1613,-104,125,0,-56,19374,76,34,79,16,0,0,0,0,0,0,0,-32286,0,0,0,0,0,2695474,0
2686571,7028,-2682,776,-175,175,100,-1636,-107,73,0,-48,19374,76,34,79,16,0,0,0,0,0,0,0,-32286,0,0,0,0,0,2695479,0
2686576,7190,-2732,772,-158,107,32,-1651,-56,46,-7,-16,19373,79,34,79,16,0,0,0,0,0,0,0,-32286,0,0,0,0,0,2695494,0
2686581,7104,-2788,832,-136,75,30,-1658,-29,63,-4,-8,19373,79,34,79,16,0,0,0,0,0,0,0,-32286,0,0,0,0,0,2695499,0
2686586,7024,-2758,876,-169,70,45,-1658,-6,75,-2,-8,19373,85,34,79,16,0,0,0,0,0,0,0,-32286,0,0,0,0,0,2695514,0
2686591,7052,-2662,852,-241,77,75,-1660,-5,88,-1,-8,19373,85,34,79,16,0,0,0,0,0,0,0,-32286,0,0,0,0,0,2695519,0
2686596,7042,-2800,948,-395,126,124,-1661,-4,77,0,-8,19376,85,34,79,16,0,0,0,0,0,0,0,-32286,0,0,0,0,0,2695533,0
2686601,7026,-2912,996,-411,131,146,-1660,-5,32,-1,-8,19376,85,34,79,16,0,0,0,0,0,0,0,-32286,0,0,0,0,0,2695538,0
2686606,6976,-2974,986,-375,119,157,-1662,-9,11,0,-16,19377,87,34,79,16,0,0,0,0,0,0,0,-32285,0,0,0,0,0,2695553,0
2686611,6930,-2964,992,-333,101,171,-1667,-16,-4,0,-16,19377,87,34,79,16,0,0,0,0,0,0,0,-32285,0,0,0,0,0,2695558,0
2686616,6940,-2814,958,-339,89,211,-1678,-48,-27,2,-32,19377,82,34,79,16,0,0,0,0,0,0,0,-32285,0,0,0,0,0,2695573,0
2686621,6960,-2766,956,-382,94,221,-1695,-79,-50,1,-40,19377,82,34,79,16,0,0,0,0,0,0,0,-32286,0,0,0,0,0,2695578,0
2686626,7048,-2744,944,-375,100,224,-1710,-65,-58,-3,-24,19379,78,34,79,16,0,0,0,0,0,0,0,-32286,0,0,0,0,0,2695593,0
2686631,7002,-2780,916,-368,106,234,-1723,-57,-50,0,-32,19379,78,34,79,16,0,0,0,0,0,0,0,-32286,0,0,0,0,0,2695598,0
2686636,6950,-2930,874,-359,101,293,-1746,-100,-35,5,-56,19375,71,34,79,16,0,0,0,0,0,0,0,-32286,0,0,0,0,0,2695613,0
2686641,7032,-2770,860,-316,77,269,-1772,-126,-36,3,-56,19375,71,34,79,16,0,0,0,0,0,0,0,-32286,0,0,0,0,0,2695618,0
2686646,7176,-2846,790,-252,70,282,-1795,-102,-39,-5,-40,19374,70,34,79,16,0,0,0,0,0,0,0,-32286,0,0,0,0,0,2695633,0
2686651,7104,-2822,812,-257,70,299,-1817,-94,-35,0,-40,19374,70,34,79,16,0,0,0,0,0,0,0,-32286,0,0,0,0,0,2695638,0
2686656,7294,-2764,774,-232,53,297,-1836,-77,-15,-4,-24,19375,70,34,79,16,0,0,0,0,0,0,0,-32286,0,0,0,0,0,2695653,0
2686661,7338,-2776,790,-223,47,314,-1843,-28,43,-4,-16,19375,70,34,79,16,0,0,0,0,0,0,0,-32286,0,0,0,0,0,2695658,0
2686666,7356,-2808,832,-214,30,319,-1842,6,90,-2,0,19377,74,34,79,16,0,0,0,0,0,0,0,-32286,0,0,0,0,0,2695673,0
2686671,7452,-2768,884,-165,8,310,-1839,8,94,0,0,19377,74,34,79,16,0,0,0,0,0,0,0,-32286,0,0,0,0,0,2695678,0
2686676,7604,-2690,850,-14,-86,267,-1841,-3,84,3,-8,19377,76,34,79,16,0,0,0,0,0,0,0,-32285,0,0,0,0,0,2695693,0
2686681,7688,-2700,778,-2,-109,264,-1842,-8,40,0,-8,19377,76,34,79,16,0,0,0,0,0,0,0,-32286,0,0,0,0,0,2695698,0
2686686,7634,-2562,792,-12,-120,257,-1841,0,3,0,-8,19377,77,34,79,16,0,0,0,0,0,0,0,-32286,0,0,0,0,0,2695713,0
2686691,7664,-2522,776,-35,-120,254,-1842,-2,-2,0,-8,19377,77,34,79,16,0,0,0,0,0,0,0,-32286,0,0,0,0,0,2695718,0
2686696,7622,-2544,868,-34,-110,243,-1842,-5,-2,0,-8,19376,78,34,79,16,0,0,0,0,0,0,0,-32286,0,0,0,0,0,2695733,0
2686701,7586,-2542,942,-14,-99,243,-1841,3,-2,1,-8,19376,78,34,79,16,0,0,0,0,0,0,0,-32286,0,0,0,0,0,2695738,0
2686706,7582,-2498,944,-7,-91,240,-1843,-2,-1,1,-8,19377,87,34,79,16,0,0,0,0,0,0,0,-32285,0,0,0,0,0,2695753,0
2686711,7588,-2440,958,0,-85,255,-1845,-6,3,0,-8,19377,87,34,79,16,0,0,0,0,0,0,0,-32285,0,0,0,0,0,2695758,0
2686716,7654,-2390,982,-15,-60,273,-1848,-13,-7,2,-24,19374,89,34,79,16,0,0,0,0,0,0,0,-32286,0,0,0,0,0,2695773,0
2686721,7636,-2398,996,-26,-37,295,-1856,-45,-19,3,-32,19374,89,34,79,16,0,0,0,0,0,0,0,-32286,0,0,0,0,0,2695778,0
2686726,7622,-2436,1010,-79,-6,338,-1876,-93,-46,8,-64,19373,84,34,79,16,0,0,0,0,0,0,0,-32286,0,0,0,0,0,2695793,0
2686731,7564,-2372,1048,-154,57,378,-1907,-146,-93,6,-80,19373,84,34,79,16,0,0,0,0,0,0,0,-32286,0,0,0,0,0,2695805,0
2686736,7684,-2442,1048,-224,173,453,-1946,-178,-128,3,-120,19372,82,34,79,16,0,0,0,0,0,0,0,-32286,0,0,0,0,0,2695813,0
2686741,7514,-2278,1190,-274,224,456,-1991,-204,-144,-1,-128,19372,82,34,79,16,0,0,0,0,0,0,0,-32286,0,0,0,0,0,2695818,0
2686746,7722,-2424,1106,-298,276,505,-2044,-239,-136,4,-168,19374,79,34,79,16,0,0,0,0,0,0,0,-32286,0,0,0,0,0,2695833,0
2686751,7594,-2414,1150,-330,319,531,-2106,-279,-121,0,-216,19374,79,34,79,16,0,0,0,0,0,0,0,-32286,0,0,0,0,0,2695838,0
2686756,7776,-2152,1034,-342,361,515,-2172,-287,-112,-4,-208,19374,72,34,79,16,0,0,0,0,0,0,0,-32286,0,0,0,0,0,2695853,0
2686761,7802,-2104,990,-354,357,522,-2237,-298,-93,-3,-208,19374,72,34,79,16,0,0,0,0,0,0,0,-32286,0,0,0,0,0,2695858,0
2686766,7852,-2066,938,-331,336,503,-2305,-295,-66,-6,-192,19375,79,34,79,16,0,0,0,0,0,0,0,-32285,0,0,0,0,0,2695873,0
2686771,7840,-1990,890,-322,315,487,-2366,-274,-18,-1,-168,19375,79,34,79,16,0,0,0,0,0,0,0,-32285,0,0,0,0,0,2695878,0
2686776,7918,-1636,820,-390,287,423,-2423,-250,15,9,-144,19376,76,34,79,16,0,0,0,0,0,0,0,-32285,0,0,0,0,0,2695893,0
2686781,7908,-1740,748,-447,283,440,-2477,-236,40,5,-128,19376,76,34,79,16,0,0,0,0,0,0,0,-32286,0,0,0,0,0,2695898,0
2686786,7784,-1572,836,-484,264,400,-2530,-227,54,6,-136,19376,75,34,79,16,0,0,0,0,0,0,0,-32286,0,0,0,0,0,2695913,0
2686791,7808,-1472,830,-510,271,361,-2578,-200,54,-4,-96,19376,75,34,79,16,0,0,0,0,0,0,0,-32286,0,0,0,0,0,2695918,0
2686796,7754,-1474,836,-543,240,322,-2620,-174,54,-4,-64,19375,78,34,79,16,0,0,0,0,0,0,0,-32285,0,0,0,0,0,2695933,0
2686801,7860,-1692,792,-588,252,343,-2662,-177,61,5,-104,19375,78,34,79,16,0,0,0,0,0,0,0,-32285,0,0,0,0,0,2695937,0
2686806,7740,-1468,910,-621,232,286,-2699,-161,50,-1,-72,19373,76,34,79,16,0,0,0,0,0,0,0,-32285,0,0,0,0,0,2695952,0
2686811,7916,-1722,866,-655,265,304,-2732,-146,54,2,-56,19373,76,34,79,16,0,0,0,0,0,0,0,-32286,0,0,0,0,0,2695957,0
2686816,7978,-1696,914,-682,281,253,-2752,-81,69,-3,-24,19373,77,34,79,16,0,0,0,0,0,0,0,-32285,0,0,0,0,0,2695972,0
2686821,7854,-1686,996,-725,311,262,-2761,-32,99,0,-16,19373,77,34,79,16,0,0,0,0,0,0,0,-32286,0,0,0,0,0,2695977,0
2686826,7938,-1754,1028,-770,337,249,-2768,-26,127,0,-16,19374,79,34,79,16,0,0,0,0,0,0,0,-32286,0,0,0,0,0,2695992,0
2686831,7898,-1816,1074,-804,374,253,-2775,-27,113,1,-24,19374,79,34,79,16,0,0,0,0,0,0,0,-32286,0,0,0,0,0,2695997,0
2686836,7908,-1864,1036,-845,425,229,-2781,-29,75,-2,-16,19374,80,34,79,16,0,0,0,0,0,0,0,-32286,0,0,0,0,0,2696012,0
2686841,7854,-1840,1016,-846,450,217,-2784,-10,30,-2,-8,19374,80,34,79,16,0,0,0,0,0,0,0,-32286,0,0,0,0,0,2696017,0
2686846,7836,-1852,972,-861,469,198,-2786,1,22,-3,0,19373,81,34,79,16,0,0,0,0,0,0,0,-32285,0,0,0,0,0,2696032,0
2686851,7742,-1822,974,-899,494,201,-2786,0,23,1,-8,19373,81,34,79,16,0,0,0,0,0,0,0,-32286,0,0,0,0,0,2696037,0
2686856,7660,-1864,882,-970,531,188,-2785,2,25,1,0,19374,78,34,79,16,0,0,0,0,0,0,0,-32285,0,0,0,0,0,2696052,0
2686861,7574,-1876,876,-994,530,179,-2785,2,23,1,0,19374,78,34,79,16,0,0,0,0,0,0,0,-32286,0,0,0,0,0,2696057,0
2686866,7538,-1910,860,-1009,532,169,-2785,3,11,1,0,19372,78,34,79,16,0,0,0,0,0,0,0,-32285,0,0,0,0,0,2696072,0
2686871,7498,-1946,864,-1014,528,155,-2786,-3,2,0,0,19372,78,34,79,16,0,0,0,0,0,0,0,-32286,0,0,0,0,0,2696077,0
2686876,7476,-1946,852,-1059,522,141,-2786,-1,-3,0,-8,19371,82,34,79,16,0,0,0,0,0,0,0,-32286,0,0,0,0,0,2696092,0
2686881,7444,-1966,864,-1087,519,137,-2784,7,0,0,0,19371,82,34,79,16,0,0,0,0,0,0,0,-32285,0,0,0,0,0,2696097,0
2686886,7476,-1984,842,-1115,512,134,-2785,0,3,0,-8,19372,79,34,79,16,0,0,0,0,0,0,0,-32286,0,0,0,0,0,2696112,0
2686891,7544,-1972,802,-1136,502,121,-2785,0,0,0,0,19372,79,34,79,16,0,0,0,0,0,0,0,-32285,0,0,0,0,0,2696117,0
2686896,7518,-2084,832,-1157,455,93,-2785,5,-1,1,-8,19372,75,34,79,16,0,0,0,0,0,0,0,-32286,0,0,0,0,0,2696132,0
2686901,7500,-2144,790,-1162,413,81,-2785,1,-4,1,-8,19372,75,34,79,16,0,0,0,0,0,0,0,-32286,0,0,0,0,0,2696137,0
2686906,7508,-2152,778,-1176,375,77,-2785,5,2,1,0,19372,73,34,79,16,0,0,0,0,0,0,0,-32286,0,0,0,0,0,2696152,0
2686911,7482,-2164,784,-1207,353,67,-2786,-1,-1,1,-8,19372,73,34,79,16,0,0,0,0,0,0,0,-32286,0,0,0,0,0,2696157,0
2686916,7416,-2342,844,-1257,343,79,-2785,2,3,1,0,19373,74,34,79,16,0,0,0,0,0,0,0,-32286,0,0,0,0,0,2696172,0
2686921,7362,-2462,844,-1296,361,105,-2785,-2,0,0,0,19373,74,34,79,16,0,0,0,0,0,0,0,-32286,0,0,0,0,0,2696177,0
2686926,7254,-2550,968,-1445,468,184,-2783,4,5,0,0,19374,81,34,79,16,0,0,0,0,0,0,0,-32286,0,0,0,0,0,2696192,0
2686931,7198,-2460,1158,-1563,555,205,-2781,14,3,0,0,19374,81,34,79,16,0,0,0,0,0,0,0,-32285,0,0,0,0,0,2696203,0
2686936,7242,-2534,1124,-1369,599,196,-2781,2,5,2,-8,19372,75,34,79,16,0,0,0,0,0,0,0,-32286,0,0,0,0,0,2696211,0
2686941,7448,-2652,944,-1231,543,191,-2780,3,3,0,0,19372,75,34,79,16,0,0,0,0,0,0,0,-32285,0,0,0,0,0,2696216,0
2686946,7342,-2400,842,-1181,518,191,-2782,0,-1,0,0,19372,76,34,79,16,0,0,0,0,0,0,0,-32286,0,0,0,0,0,2696231,0
2686951,7312,-2104,680,-1267,551,237,-2780,8,-4,-1,0,19372,76,34,79,16,0,0,0,0,0,0,0,-32286,0,0,0,0,0,2696236,0
2686956,7338,-1750,672,-1534,633,290,-2778,7,2,0,8,19373,72,34,79,16,0,0,0,0,0,0,0,-32286,0,0,0,0,0,2696251,0
2686961,7338,-1798,642,-1515,602,276,-2776,11,7,0,0,19373,72,34,79,16,0,0,0,0,0,0,0,-32286,0,0,0,0,0,2696256,0
2686966,7386,-1826,536,-1407,531,249,-2774,7,2,2,0,19374,75,34,79,16,0,0,0,0,0,0,0,-32286,0,0,0,0,0,2696271,0
2686971,7442,-1732,402,-1285,438,212,-2772,3,1,3,0,19374,75,34,79,16,0,0,0,0,0,0,0,-32286,0,0,0,0,0,2696276,0
2686976,7440,-1218,342,-1364,361,188,-2773,3,-10,1,0,19374,78,34,79,16,0,0,0,0,0,0,0,-32286,0,0,0,0,0,2696291,0
2686981,7532,-1086,428,-1490,366,191,-2771,5,-8,0,0,19374,78,34,79,16,0,0,0,0,0,0,0,-32286,0,0,0,0,0,2696296,0
2686986,7554,-1188,600,-1577,372,178,-2769,9,1,-1,8,19373,82,34,79,16,0,0,0,0,0,0,0,-32286,0,0,0,0,0,2696311,0
2686991,7632,-1522,774,-1617,404,182,-2765,22,7,-2,16,19373,82,34,79,16,0,0,0,0,0,0,0,-32286,0,0,0,0,0,2696316,0
2686996,7640,-2144,1136,-1811,537,284,-2755,52,29,-2,24,19373,82,34,79,16,0,0,0,0,0,0,0,-32286,0,0,0,0,0,2696331,0
2687001,7608,-2380,1642,-2058,777,384,-2731,122,55,-11,80,19373,82,34,79,16,0,0,0,0,0,0,0,-32286,0,0,0,0,0,2696336,0
2687006,7922,-2672,2070,-2001,888,362,-2683,223,136,-5,168,19374,83,34,79,16,0,0,0,0,0,0,0,-32286,0,0,0,0,0,2696351,0
2687011,8020,-3340,2136,-1752,918,330,-2616,307,206,1,280,19374,83,34,79,16,0,0,0,0,0,0,0,-32286,0,0,0,0,0,2696356,0
2687016,8990,-3462,1556,-1292,644,210,-2530,387,271,-10,464,19373,85,34,79,16,0,0,0,0,0,0,0,-32286,0,0,0,0,0,2696371,0
2687021,9294,-3398,1468,-1257,590,187,-2426,472,308,-31,672,19373,85,34,79,16,0,0,0,0,0,0,0,-32286,0,0,0,0,0,2696376,0
2687026,9708,-3300,1410,-1332,475,113,-2303,554,290,-14,912,19374,80,34,79,16,0,0,0,0,0,0,0,-32286,0,0,0,0,0,2696391,0
2687031,10226,-3680,1346,-1367,410,64,-2160,641,288,6,1096,19374,80,34,79,16,0,0,0,0,0,0,0,-32286,0,0,0,0,0,2696396,0
2687036,10672,-4744,1236,-1275,174,-29,-2001,706,291,10,1200,19375,85,34,79,16,0,0,0,0,0,0,0,-32286,0,0,0,0,0,2696411,0
2687041,10944,-5054,1322,-1184,116,-87,-1829,760,272,5,1312,19376,75,34,79,16,0,0,0,0,0,0,0,-32286,0,0,0,0,0,2696416,0
2687046,10988,-5264,1426,-1149,104,-134,-1646,809,243,2,1416,19376,75,34,79,16,0,0,0,0,0,0,0,-32286,0,0,0,0,0,2696431,0
2687051,10972,-5568,1484,-1138,103,-172,-1457,833,201,6,1432,19376,75,34,79,16,0,0,0,0,0,0,0,-32286,0,0,0,0,0,2696436,0
2687056,10568,-6104,1506,-1052,150,-244,-1262,869,155,4,1496,19374,66,34,79,16,0,0,0,0,0,0,0,-32286,0,0,0,0,0,2696451,0
2687061,10038,-6296,1540,-1055,226,-231,-1067,863,115,13,1448,19374,66,34,79,16,0,0,0,0,0,0,0,-32286,0,0,0,0,0,2696456,0
2687066,9530,-6412,1574,-1068,309,-220,-873,856,66,4,1440,19373,61,34,79,16,0,0,0,0,0,0,0,-32286,0,0,0,0,0,2696471,0
2687071,8966,-6622,1528,-1088,408,-160,-681,839,22,5,1368,19373,61,34,79,16,0,0,0,0,0,0,0,-32286,0,0,0,0,0,2696476,0
2687076,7780,-6850,1500,-1000,504,-89,-496,815,-12,7,1304,19375,59,34,79,16,0,0,0,0,0,0,0,-32286,0,0,0,0,0,2696491,0
2687081,7186,-7008,1538,-945,532,-31,-316,792,-50,5,1240,19375,59,34,79,16,0,0,0,0,0,0,0,-32286,0,0,0,0,0,2696496,0
2687086,6698,-6874,1482,-831,499,-10,-146,746,-76,6,1128,19375,61,34,79,16,0,0,0,0,0,0,0,-32286,0,0,0,0,0,2696511,0
2687091,6396,-6646,1324,-661,445,7,16,708,-102,5,1032,19375,74,34,79,16,0,0,0,0,0,0,0,-32286,0,0,0,0,0,2696516,0
2687096,5910,-5918,838,-244,171,-1,168,658,-121,11,904,19374,74,34,79,16,0,0,0,0,0,0,0,-32286,0,0,0,0,0,2696531,0
2687101,5582,-5728,584,-200,11,60,303,588,-148,9,744,19374,74,34,79,16,0,0,0,0,0,0,0,-32286,0,0,0,0,0,2696536,0
2687106,5484,-5414,456,-220,-118,91,423,520,-179,6,552,19375,75,34,79,16,0,0,0,0,0,0,0,-32286,0,0,0,0,0,2696551,0
2687111,5406,-5186,618,-185,-162,141,528,452,-217,-2,384,19375,75,34,79,16,0,0,0,0,0,0,0,-32286,0,0,0,0,0,2696556,0
2687116,5522,-4254,420,-73,-488,139,608,346,-244,4,192,19375,74,34,79,16,0,0,0,0,0,0,0,-32286,0,0,0,0,0,2696571,0
2687121,5604,-3780,546,-66,-516,152,667,250,-276,0,80,19375,74,34,79,16,0,0,0,0,0,0,0,-32286,0,0,0,0,0,2696576,0
2687126,5606,-3780,636,-193,-522,234,696,110,-321,-20,8,19377,74,34,79,16,0,0,0,0,0,0,0,-32285,0,0,0,0,0,2696591,0
2687131,5646,-3504,814,-321,-533,281,696,-7,-378,-9,-24,19377,74,34,79,16,0,0,0,0,0,0,0,-32286,0,0,0,0,0,2696596,0
2687136,6118,-2934,1100,-402,-404,308,681,-64,-387,5,-40,19382,84,34,79,16,0,0,0,0,0,0,0,-32286,0,0,0,0,0,2696611,0
2687141,6364,-2720,1324,-378,-297,290,661,-93,-341,2,-48,19382,84,34,79,16,0,0,0,0,0,0,0,-32286,0,0,0,0,0,2696616,0
2687146,6502,-2592,1486,-281,-252,256,644,-62,-240,-8,-8,19381,88,34,79,16,0,0,0,0,0,0,0,-32286,0,0,0,0,0,2696630,0
2687151,6728,-2486,1400,-178,-199,240,644,6,-82,-9,8,19381,88,34,79,16,0,0,0,0,0,0,0,-32286,0,0,0,0,0,2696635,0
2687156,6996,-1894,1262,-134,-100,211,651,31,50,-2,8,19378,90,34,79,16,0,0,0,0,0,0,0,-32286,0,0,0,0,0,2696650,0
2687161,7012,-1720,1152,-195,-25,210,660,32,109,0,8,19378,90,34,79,16,0,0,0,0,0,0,0,-32286,0,0,0,0,0,2696655,0
2687166,7030,-1474,1140,-263,28,170,659,1,96,1,-8,19373,85,34,79,16,0,0,0,0,0,0,0,-32286,0,0,0,0,0,2696670,0
2687171,7176,-1448,1028,-258,76,128,658,-5,29,-1,-8,19373,85,34,79,16,0,0,0,0,0,0,0,-32286,0,0,0,0,0,2696675,0
2687176,7192,-1394,930,-134,97,-2,659,0,-27,0,-8,19372,91,34,79,16,0,0,0,0,0,0,0,-32286,0,0,0,0,0,2696690,0
2687181,7094,-1790,708,-256,183,72,660,0,-26,0,0,19372,91,34,79,16,0,0,0,0,0,0,0,-32286,0,0,0,0,0,2696695,0
2687186,6718,-1554,678,-489,203,82,660,1,-8,0,-8,19371,95,34,79,16,0,0,0,0,0,0,0,-32286,0,0,0,0,0,2696710,0
2687191,6900,-1750,522,-634,281,92,661,4,0,0,0,19371,95,34,79,16,0,0,0,0,0,0,0,-32286,0,0,0,0,0,2696715,0
2687196,6882,-2196,484,-556,216,18,661,5,1,-1,0,19369,89,34,79,16,0,0,0,0,0,0,0,-32286,0,0,0,0,0,2696730,0
2687201,6950,-2436,386,-446,154,-20,661,-7,-1,0,0,19369,89,34,79,16,0,0,0,0,0,0,0,-32286,0,0,0,0,0,2696735,0
2687206,6928,-2476,318,-393,85,-45,663,3,0,0,-8,19371,84,34,79,16,0,0,0,0,0,0,0,-32286,0,0,0,0,0,2696750,0
2687211,6872,-2556,266,-419,16,-50,663,5,1,0,0,19371,81,34,79,16,0,0,0,0,0,0,0,-32286,0,0,0,0,0,2696755,0
2687216,6886,-2854,84,-586,-117,-56,664,10,3,-1,-8,19371,81,34,79,16,0,0,0,0,0,0,0,-32286,0,0,0,0,0,2696770,0
2687221,6846,-3122,94,-664,-176,-49,666,8,-2,-1,0,19372,86,34,79,16,0,0,0,0,0,0,0,-32286,0,0,0,0,0,2696775,0
2687226,6856,-3514,162,-751,-218,-17,667,9,4,0,0,19372,86,34,79,16,0,0,0,0,0,0,0,-32286,0,0,0,0,0,2696789,0
2687231,6776,-3884,264,-882,-226,46,671,22,6,-2,8,19372,86,34,79,16,0,0,0,0,0,0,0,-32286,0,0,0,0,0,2696797,0
2687236,6600,-4290,846,-1230,-24,181,677,30,8,-1,16,19373,89,34,79,16,0,0,0,0,0,0,0,-32286,0,0,0,0,0,2696812,0
2687241,7100,-4564,1040,-989,71,145,689,48,27,-1,24,19373,89,34,79,16,0,0,0,0,0,0,0,-32285,0,0,0,0,0,2696817,0
2687246,6984,-4904,1304,-805,161,144,709,97,55,-7,64,19374,86,34,79,16,0,0,0,0,0,0,0,-32286,0,0,0,0,0,2696832,0
2687251,6874,-4936,1332,-645,131,114,746,174,97,-12,112,19374,86,34,79,16,0,0,0,0,0,0,0,-32286,0,0,0,0,0,2696837,0
2687256,6892,-4976,918,-296,40,35,801,246,149,-5,192,19375,80,34,79,16,0,0,0,0,0,0,0,-32286,0,0,0,0,0,2696852,0
2687261,7048,-4962,524,-99,-80,-23,876,335,211,-11,344,19374,75,34,79,16,0,0,0,0,0,0,0,-32287,0,0,0,0,0,2696857,0
2687266,7018,-4726,252,77,-250,-102,969,421,264,-18,536,19374,75,34,79,16,0,0,0,0,0,0,0,-32286,0,0,0,0,0,2696872,0
2687271,7070,-4664,-124,202,-417,-144,1076,469,278,-14,640,19375,75,34,79,16,0,0,0,0,0,0,0,-32286,0,0,0,0,0,2696877,0
2687276,7046,-4388,-466,173,-643,-205,1190,504,250,8,704,19375,75,34,79,16,0,0,0,0,0,0,0,-32286,0,0,0,0,0,2696892,0
2687281,6860,-4270,-344,94,-690,-213,1307,518,195,11,728,19374,76,34,79,16,0,0,0,0,0,0,0,-32286,0,0,0,0,0,2696897,0
2687286,6840,-4494,-280,93,-729,-217,1432,548,136,7,792,19374,76,34,79,16,0,0,0,0,0,0,0,-32285,0,0,0,0,0,2696912,0
2687291,6692,-4694,-106,115,-737,-181,1555,543,85,12,736,19374,76,34,79,16,0,0,0,0,0,0,0,-32286,0,0,0,0,0,2696917,0
2687296,6500,-4946,194,134,-678,-102,1672,517,48,7,656,19374,77,34,79,16,0,0,0,0,0,0,0,-32286,0,0,0,0,0,2696932,0
2687301,6452,-4840,350,107,-628,-66,1787,504,-1,-6,656,19374,77,34,79,16,0,0,0,0,0,0,0,-32286,0,0,0,0,0,2696937,0
2687306,6492,-4748,436,60,-545,-14,1899,492,-37,-6,624,19374,80,34,79,16,0,0,0,0,0,0,0,-32286,0,0,0,0,0,2696952,0
2687311,6476,-4874,460,-10,-445,43,2000,448,-61,8,480,19374,80,34,79,16,0,0,0,0,0,0,0,-32286,0,0,0,0,0,2696957,0
2687316,6618,-4638,512,-22,-325,99,2094,408,-82,4,384,19374,82,34,79,16,0,0,0,0,0,0,0,-32286,0,0,0,0,0,2696971,0
2687321,6644,-4548,552,6,-285,117,2179,370,-104,7,336,19374,82,34,79,16,0,0,0,0,0,0,0,-32286,0,0,0,0,0,2696976,0
2687326,6732,-4542,530,14,-217,145,2261,352,-117,4,304,19374,89,34,79,16,0,0,0,0,0,0,0,-32286,0,0,0,0,0,2696991,0
2687331,6678,-4380,516,-11,-163,161,2336,330,-111,5,240,19374,89,34,79,16,0,0,0,0,0,0,0,-32286,0,0,0,0,0,2696996,0
2687336,6764,-4224,466,-74,-30,183,2399,271,-103,15,152,19375,90,34,79,16,0,0,0,0,0,0,0,-32286,0,0,0,0,0,2697011,0
2687341,6974,-4386,382,-66,5,175,2454,229,-114,-4,112,19375,90,34,79,16,0,0,0,0,0,0,0,-32286,0,0,0,0,0,2697016,0
2687346,6946,-4470,354,-40,17,200,2500,196,-129,-5,72,19376,83,34,79,16,0,0,0,0,0,0,0,-32286,0,0,0,0,0,2697031,0
2687351,6850,-4364,338,-40,10,177,2539,165,-133,-2,64,19376,83,34,79,16,0,0,0,0,0,0,0,-32285,0,0,0,0,0,2697036,0
2687356,6882,-4498,290,-132,25,218,2567,119,-139,-2,48,19376,86,34,79,16,0,0,0,0,0,0,0,-32286,0,0,0,0,0,2697051,0
2687361,7086,-4568,312,-128,44,216,2594,120,-121,-4,48,19376,86,34,79,16,0,0,0,0,0,0,0,-32286,0,0,0,0,0,2697056,0
2687366,7034,-4794,310,-90,49,236,2618,100,-97,4,40,19375,83,34,79,16,0,0,0,0,0,0,0,-32286,0,0,0,0,0,2697071,0
2687371,6946,-4808,338,-20,-16,215,2641,99,-68,1,48,19375,83,34,79,16,0,0,0,0,0,0,0,-32286,0,0,0,0,0,2697076,0
2687376,7064,-4930,180,112,-65,221,2666,108,-33,1,40,19373,81,34,79,16,0,0,0,0,0,0,0,-32286,0,0,0,0,0,2697091,0
2687381,6960,-4804,172,103,-88,220,2686,90,-16,6,32,19373,81,34,79,16,0,0,0,0,0,0,0,-32286,0,0,0,0,0,2697096,0
2687386,7014,-4758,52,102,-122,194,2706,95,-21,-2,40,19371,71,34,79,16,0,0,0,0,0,0,0,-32286,0,0,0,0,0,2697111,0
2687391,7054,-4872,-22,119,-160,189,2732,117,-2,-3,48,19371,71,34,79,16,0,0,0,0,0,0,0,-32286,0,0,0,0,0,2697116,0
2687396,6882,-4918,-42,171,-254,163,2758,104,4,4,40,19371,77,34,79,16,0,0,0,0,0,0,0,-32286,0,0,0,0,0,2697131,0
2687401,6970,-4998,-126,230,-300,137,2783,118,15,-1,48,19371,77,34,79,16,0,0,0,0,0,0,0,-32286,0,0,0,0,0,2697136,0
2687406,6860,-5074,-152,242,-337,152,2804,89,12,7,24,19372,82,34,79,16,0,0,0,0,0,0,0,-32286,0,0,0,0,0,2697151,0
2687411,6726,-4950,-98,231,-387,141,2816,48,-30,7,16,19372,82,34,79,16,0,0,0,0,0,0,0,-32286,0,0,0,0,0,2697156,0
2687416,6764,-4990,-146,282,-481,95,2825,40,-63,1,16,19373,78,34,79,16,0,0,0,0,0,0,0,-32286,0,0,0,0,0,2697171,0
2687421,6794,-4942,-128,370,-541,59,2841,75,-54,-3,32,19373,78,34,79,16,0,0,0,0,0,0,0,-32286,0,0,0,0,0,2697176,0
2687426,6802,-4930,-88,446,-596,56,2859,85,-27,0,32,19373,71,34,79,16,0,0,0,0,0,0,0,-32286,0,0,0,0,0,2697191,0
2687431,6698,-4886,-22,464,-655,49,2876,73,12,2,24,19373,71,34,79,16,0,0,0,0,0,0,0,-32286,0,0,0,0,0,2697196,0
2687436,6756,-4574,14,523,-753,-1,2896,93,31,-3,56,19373,77,34,79,16,0,0,0,0,0,0,0,-32286,0,0,0,0,0,2697210,0
2687441,6760,-4512,50,603,-796,-11,2925,127,43,-5,56,19373,77,34,79,16,0,0,0,0,0,0,0,-32286,0,0,0,0,0,2697215,0
2687446,6670,-4406,112,634,-831,-11,2950,103,39,4,48,19375,72,34,79,16,0,0,0,0,0,0,0,-32286,0,0,0,0,0,2697230,0
2687451,6694,-4178,210,646,-873,-45,2980,132,41,-4,64,19375,72,34,79,16,0,0,0,0,0,0,0,-32286,0,0,0,0,0,2697235,0
2687456,6818,-3936,294,697,-849,-64,3008,122,34,0,48,19374,72,34,79,16,0,0,0,0,0,0,0,-32285,0,0,0,0,0,2697250,0
2687461,6972,-3744,332,735,-860,-105,3040,142,19,-7,80,19374,72,34,79,16,0,0,0,0,0,0,0,-32286,0,0,0,0,0,2697255,0
2687466,7146,-3778,314,802,-830,-108,3078,167,23,0,80,19375,74,34,79,16,0,0,0,0,0,0,0,-32286,0,0,0,0,0,2697270,0
2687471,7080,-3644,414,862,-840,-144,3120,195,51,0,112,19375,74,34,79,16,0,0,0,0,0,0,0,-32286,0,0,0,0,0,2697275,0
2687476,7314,-3426,392,929,-820,-183,3168,214,66,-1,136,19374,76,34,79,16,0,0,0,0,0,0,0,-32286,0,0,0,0,0,2697290,0
2687481,7488,-3490,280,970,-787,-182,3221,236,81,-1,144,19374,76,34,79,16,0,0,0,0,0,0,0,-32286,0,0,0,0,0,2697295,0
2687486,7358,-3384,342,962,-791,-174,3276,237,77,7,120,19374,80,34,79,16,0,0,0,0,0,0,0,-32286,0,0,0,0,0,2697310,0
2687491,7384,-3256,272,927,-763,-192,3330,227,55,2,128,19374,80,34,79,16,0,0,0,0,0,0,0,-32286,0,0,0,0,0,2697315,0
2687496,7424,-3230,250,882,-695,-151,3385,238,32,1,128,19372,86,34,79,16,0,0,0,0,0,0,0,-32285,0,0,0,0,0,2697330,0
2687501,7416,-3148,234,844,-674,-159,3437,227,10,2,120,19372,86,34,79,16,0,0,0,0,0,0,0,-32285,0,0,0,0,0,2697335,0
2687506,7450,-3288,136,816,-636,-134,3485,213,-15,-1,112,19370,81,34,79,16,0,0,0,0,0,0,0,-32286,0,0,0,0,0,2697351,0
2687511,7396,-3152,192,825,-633,-136,3536,220,-17,-1,120,19370,81,34,79,16,0,0,0,0,0,0,0,-32286,0,0,0,0,0,2697356,0
2687516,7406,-3176,202,858,-619,-139,3592,247,-8,2,136,19370,85,34,79,16,0,0,0,0,0,0,0,-32286,0,0,0,0,0,2697369,0
2687521,7414,-3002,232,882,-629,-163,3648,265,11,4,176,19370,85,34,79,16,0,0,0,0,0,0,0,-32286,0,0,0,0,0,2697374,0
2687526,7526,-2960,128,896,-607,-172,3710,271,40,1,168,19365,84,34,79,16,0,0,0,0,0,0,0,-32286,0,0,0,0,0,2697389,0
2687531,7422,-3088,114,839,-594,-149,3767,254,35,4,136,19365,84,34,79,16,0,0,0,0,0,0,0,-32286,0,0,0,0,0,2697394,0
2687536,7404,-3006,78,761,-572,-140,3822,231,19,-6,136,19361,89,34,79,16,0,0,0,0,0,0,0,-32286,0,0,0,0,0,2697403,0
2687541,7374,-3146,60,734,-552,-120,3876,224,-15,-1,104,19361,89,34,79,16,0,0,0,0,0,0,0,-32286,0,0,0,0,0,2697407,0
2687546,7254,-3274,170,704,-575,-85,3925,207,-38,4,96,19358,81,34,79,16,0,0,0,0,0,0,0,-32286,0,0,0,0,0,2697422,0
2687551,7296,-3218,132,701,-568,-103,3974,226,-36,-5,120,19358,81,34,79,16,0,0,0,0,0,0,0,-32286,0,0,0,0,0,2697427,0
2687556,7296,-3256,262,777,-590,-97,4026,231,-26,-2,128,19365,72,34,79,16,0,0,0,0,0,0,0,-32286,0,0,0,0,0,2697441,0
2687561,7342,-3288,214,803,-605,-112,4083,252,-5,-4,176,19365,72,34,79,16,0,0,0,0,0,0,0,-32286,0,0,0,0,0,2697446,0
2687566,7454,-3352,184,827,-619,-86,4141,256,28,1,160,19370,70,34,79,16,0,0,0,0,0,0,0,-32286,0,0,0,0,0,2697461,0
2687571,7350,-3274,200,836,-626,-71,4198,243,40,13,120,19370,70,34,79,16,0,0,0,0,0,0,0,-32286,0,0,0,0,0,2697466,0
2687576,7526,-3296,114,780,-573,-42,4249,224,12,2,104,19372,71,34,79,16,0,0,0,0,0,0,0,-32286,0,0,0,0,0,2697481,0
2687581,7486,-3124,236,779,-562,-36,4297,215,-14,1,96,19372,71,34,79,16,0,0,0,0,0,0,0,-32286,0,0,0,0,0,2697486,0
2687586,7490,-3258,212,759,-514,-21,4340,184,-49,0,80,19372,76,34,79,16,0,0,0,0,0,0,0,-32286,0,0,0,0,0,2697501,0
2687591,7454,-3298,276,750,-500,13,4378,165,-65,-2,56,19372,76,34,79,16,0,0,0,0,0,0,0,-32285,0,0,0,0,0,2697506,0
2687596,7536,-3176,302,821,-445,10,4416,179,-64,-5,96,19374,76,34,79,16,0,0,0,0,0,0,0,-32286,0,0,0,0,0,2697521,0
2687601,7650,-3272,228,888,-424,17,4458,183,-40,2,88,19374,76,34,79,16,0,0,0,0,0,0,0,-32286,0,0,0,0,0,2697526,0
2687606,7524,-3146,244,928,-465,22,4502,197,-7,-3,96,19375,70,34,79,16,0,0,0,0,0,0,0,-32286,0,0,0,0,0,2697541,0
2687611,7640,-3128,118,963,-462,17,4550,216,23,1,128,19375,70,34,79,16,0,0,0,0,0,0,0,-32286,0,0,0,0,0,2697546,0
2687616,7674,-2842,52,950,-475,11,4597,215,39,-3,120,19374,73,34,79,16,0,0,0,0,0,0,0,-32286,0,0,0,0,0,2697561,0
2687621,7728,-2970,-36,894,-465,67,4642,190,20,5,64,19374,73,34,79,16,0,0,0,0,0,0,0,-32286,0,0,0,0,0,2697566,0
2687626,7550,-2736,52,822,-464,62,4678,163,-14,-1,72,19374,74,34,79,16,0,0,0,0,0,0,0,-32286,0,0,0,0,0,2697581,0
2687631,7748,-2768,38,785,-435,91,4711,141,-42,-2,48,19374,74,34,79,16,0,0,0,0,0,0,0,-32286,0,0,0,0,0,2697586,0
2687636,7646,-2754,200,777,-393,72,4743,145,-65,-6,72,19374,78,34,79,16,0,0,0,0,0,0,0,-32286,0,0,0,0,0,2697601,0
2687641,7670,-2858,208,806,-348,82,4773,124,-55,3,48,19374,78,34,79,16,0,0,0,0,0,0,0,-32286,0,0,0,0,0,2697606,0
2687646,7564,-2708,288,839,-375,54,4805,135,-39,-4,64,19373,75,34,79,16,0,0,0,0,0,0,0,-32286,0,0,0,0,0,2697617,0
2687651,7728,-2722,214,880,-340,66,4837,138,-11,0,56,19373,75,34,79,16,0,0,0,0,0,0,0,-32286,0,0,0,0,0,2697619,0
2687656,7758,-2560,234,898,-315,4,4876,169,11,-4,104,19371,89,34,79,16,0,0,0,0,0,0,0,-32286,0,0,0,0,0,2697634,0
2687661,7732,-2592,216,937,-286,-11,4919,193,36,3,104,19371,89,34,79,16,0,0,0,0,0,0,0,-32286,0,0,0,0,0,2697639,0
2687666,7588,-2542,240,960,-322,-27,4971,225,69,2,136,19370,91,34,79,16,0,0,0,0,0,0,0,-32286,0,0,0,0,0,2697654,0
2687671,7684,-2526,154,992,-327,-60,5027,250,86,1,168,19370,91,34,79,16,0,0,0,0,0,0,0,-32286,0,0,0,0,0,2697659,0
2687676,7610,-2490,162,1013,-375,-39,5086,264,96,6,152,19369,92,34,79,16,0,0,0,0,0,0,0,-32286,0,0,0,0,0,2697674,0
2687681,7524,-2338,150,950,-389,-63,5144,249,62,2,144,19369,92,34,79,16,0,0,0,0,0,0,0,-32286,0,0,0,0,0,2697679,0
2687686,7760,-2268,88,921,-374,-91,5202,261,38,-6,168,19369,83,34,79,16,0,0,0,0,0,0,0,-32286,0,0,0,0,0,2697693,0
2687691,7670,-2312,156,929,-351,-78,5262,262,19,0,176,19369,83,34,79,16,0,0,0,0,0,0,0,-32285,0,0,0,0,0,2697698,0
2687696,7590,-2110,210,953,-357,-142,5324,269,6,-1,184,19372,77,34,79,16,0,0,0,0,0,0,0,-32286,0,0,0,0,0,2697713,0
2687701,7666,-2262,154,986,-332,-172,5389,290,16,-2,224,19372,77,34,79,16,0,0,0,0,0,0,0,-32286,0,0,0,0,0,2697718,0
2687706,7642,-2262,100,1033,-293,-167,5460,306,39,3,224,19373,73,34,79,16,0,0,0,0,0,0,0,-32286,0,0,0,0,0,2697733,0
2687711,7552,-2132,134,1062,-295,-183,5535,326,51,-1,256,19373,73,34,79,16,0,0,0,0,0,0,0,-32286,0,0,0,0,0,2697738,0
2687716,7558,-2094,0,1028,-237,-188,5608,320,53,-1,256,19373,69,34,79,16,0,0,0,0,0,0,0,-32286,0,0,0,0,0,2697753,0
2687721,7546,-2080,-42,1030,-213,-200,5683,333,39,-6,264,19373,69,34,79,16,0,0,0,0,0,0,0,-32285,0,0,0,0,0,2697758,0
2687726,7548,-2144,-48,1034,-191,-194,5756,321,18,3,256,19371,71,34,79,16,0,0,0,0,0,0,0,-32286,0,0,0,0,0,2697773,0
2687731,7628,-2118,-124,1041,-178,-184,5830,330,5,0,264,19371,71,34,79,16,0,0,0,0,0,0,0,-32286,0,0,0,0,0,2697786,0
2687736,7702,-2084,-120,1037,-187,-222,5906,332,2,2,272,19369,76,34,79,16,0,0,0,0,0,0,0,-32286,0,0,0,0,0,2697793,0
2687741,7810,-2078,-158,1034,-176,-237,5985,344,15,-1,280,19369,76,34,79,16,0,0,0,0,0,0,0,-32286,0,0,0,0,0,2697798,0
2687746,7800,-2166,-64,985,-157,-232,6063,335,20,3,272,19371,81,34,79,16,0,0,0,0,0,0,0,-32286,0,0,0,0,0,2697813,0
2687751,7802,-2184,-104,959,-179,-263,6142,346,22,0,272,19371,81,34,79,16,0,0,0,0,0,0,0,-32286,0,0,0,0,0,2697818,0
2687756,7830,-2282,-78,960,-163,-306,6219,334,4,-1,256,19375,75,34,79,16,0,0,0,0,0,0,0,-32286,0,0,0,0,0,2697833,0
2687761,7972,-2372,-130,986,-152,-342,6299,354,5,-3,320,19375,75,34,79,16,0,0,0,0,0,0,0,-32286,0,0,0,0,0,2697838,0
2687766,7952,-2282,-100,1012,-131,-383,6384,376,12,-8,352,19376,78,34,79,16,0,0,0,0,0,0,0,-32286,0,0,0,0,0,2697853,0
2687771,8040,-2270,-124,1066,-118,-418,6474,391,39,-6,392,19376,78,34,79,16,0,0,0,0,0,0,0,-32286,0,0,0,0,0,2697858,0
2687776,7976,-2236,-264,1065,-117,-475,6565,395,50,-3,416,19378,69,34,79,16,0,0,0,0,0,0,0,-32286,0,0,0,0,0,2697873,0
2687781,8046,-2292,-390,1074,-76,-480,6654,399,48,-1,416,19378,69,34,79,16,0,0,0,0,0,0,0,-32286,0,0,0,0,0,2697878,0
2687786,7918,-2170,-348,1054,-94,-503,6745,409,29,-2,432,19374,75,34,79,16,0,0,0,0,0,0,0,-32286,0,0,0,0,0,2697893,0
2687791,8000,-2184,-402,1070,-98,-533,6842,429,21,-8,480,19374,75,34,79,16,0,0,0,0,0,0,0,-32286,0,0,0,0,0,2697898,0
2687796,7742,-2440,-530,1103,-144,-543,6940,426,29,-6,488,19374,82,34,79,16,0,0,0,0,0,0,0,-32286,0,0,0,0,0,2697913,0
2687801,7772,-2218,-600,1086,-195,-563,7037,424,35,3,448,19374,82,34,79,16,0,0,0,0,0,0,0,-32286,0,0,0,0,0,2697918,0
2687806,7918,-2100,-596,1066,-187,-563,7130,402,13,4,408,19374,82,34,79,16,0,0,0,0,0,0,0,-32286,0,0,0,0,0,2697933,0
2687811,7776,-1892,-480,1001,-186,-569,7224,417,-5,-4,456,19374,82,34,79,16,0,0,0,0,0,0,0,-32286,0,0,0,0,0,2697938,0
2687816,7758,-2104,-418,957,-174,-551,7319,422,-16,-2,464,19375,82,34,79,16,0,0,0,0,0,0,0,-32286,0,0,0,0,0,2697953,0
2687821,7808,-2206,-380,944,-183,-547,7410,399,-8,10,392,19375,82,34,79,16,0,0,0,0,0,0,0,-32286,0,0,0,0,0,2697958,0
2687826,7842,-2036,-290,933,-161,-545,7495,374,-22,16,320,19374,84,34,79,16,0,0,0,0,0,0,0,-32286,0,0,0,0,0,2697972,0
2687831,7868,-1992,-236,874,-117,-536,7578,353,-36,12,272,19374,84,34,79,16,0,0,0,0,0,0,0,-32286,0,0,0,0,0,2697977,0
2687836,7942,-1930,-118,829,-71,-526,7658,350,-56,1,288,19374,83,34,79,16,0,0,0,0,0,0,0,-32286,0,0,0,0,0,2697992,0
2687841,7842,-1918,-54,821,-51,-530,7737,345,-50,0,288,19374,83,34,79,16,0,0,0,0,0,0,0,-32286,0,0,0,0,0,2697997,0
2687846,7882,-1896,-78,809,-28,-515,7814,333,-38,0,256,19372,80,34,79,16,0,0,0,0,0,0,0,-32286,0,0,0,0,0,2698012,0
2687851,7806,-1906,-102,738,2,-475,7887,314,-30,5,224,19372,80,34,79,16,0,0,0,0,0,0,0,-32286,0,0,0,0,0,2698017,0
2687856,7808,-1716,-206,624,67,-468,7957,311,-31,-2,208,19373,77,34,79,16,0,0,0,0,0,0,0,-32286,0,0,0,0,0,2698032,0
2687861,7646,-1786,-144,585,92,-465,8023,298,-43,-4,192,19373,77,34,79,16,0,0,0,0,0,0,0,-32286,0,0,0,0,0,2698037,0
2687866,7592,-1918,-206,567,89,-472,8090,292,-42,-4,200,19374,67,34,79,16,0,0,0,0,0,0,0,-32286,0,0,0,0,0,2698052,0
2687871,7726,-2092,-312,595,110,-458,8160,310,-22,-2,224,19374,67,34,79,16,0,0,0,0,0,0,0,-32286,0,0,0,0,0,2698057,0
2687876,7474,-2174,-274,679,66,-446,8235,327,4,1,240,19374,71,34,79,16,0,0,0,0,0,0,0,-32286,0,0,0,0,0,2698072,0
2687881,7554,-2258,-344,700,63,-430,8311,332,30,0,248,19374,71,34,79,16,0,0,0,0,0,0,0,-32286,0,0,0,0,0,2698077,0
2687886,7556,-2234,-352,698,48,-437,8390,341,41,0,272,19375,70,34,79,16,0,0,0,0,0,0,0,-32286,0,0,0,0,0,2698092,0
2687891,7706,-2312,-376,731,45,-441,8454,352,42,-1,280,19375,70,34,79,16,0,0,0,0,0,0,0,-32286,0,0,0,0,0,2698097,0
2687896,7808,-2644,-444,757,11,-461,8534,350,30,-2,304,19374,78,34,79,16,0,0,0,0,0,0,0,-32286,0,0,0,0,0,2698112,0
2687901,7964,-2940,-464,825,-5,-474,8622,383,29,-8,352,19374,78,34,79,16,0,0,0,0,0,0,0,-32286,0,0,0,0,0,2698117,0
2687906,7844,-3090,-350,896,-54,-507,8711,401,41,-3,392,19376,84,34,79,16,0,0,0,0,0,0,0,-32286,0,0,0,0,0,2698132,0
2687911,7996,-3534,-398,992,-87,-514,8805,403,53,-8,416,19376,84,34,79,16,0,0,0,0,0,0,0,-32286,0,0,0,0,0,2698137,0
2687916,8036,-3898,-472,1084,-151,-548,8896,405,46,-2,416,19376,85,34,79,16,0,0,0,0,0,0,0,-32286,0,0,0,0,0,2698152,0
2687921,7958,-3994,-402,1117,-160,-560,8983,382,14,12,336,19376,85,34,79,16,0,0,0,0,0,0,0,-32285,0,0,0,0,0,2698157,0
2687926,7962,-4106,-352,1174,-216,-579,9069,372,-13,9,328,19374,84,34,79,16,0,0,0,0,0,0,0,-32286,0,0,0,0,0,2698172,0
2687931,7966,-4168,-276,1245,-244,-590,9153,368,-31,4,312,19374,84,34,79,16,0,0,0,0,0,0,0,-32286,0,0,0,0,0,2698177,0
2687936,7944,-4290,-272,1324,-332,-556,9233,336,-37,12,232,19373,74,34,79,16,0,0,0,0,0,0,0,-32286,0,0,0,0,0,2698192,0
2687941,8010,-4194,-262,1276,-367,-507,9300,294,-65,15,168,19373,74,34,79,16,0,0,0,0,0,0,0,-32286,0,0,0,0,0,2698197,0
2687946,8136,-4120,-218,1189,-371,-417,9355,232,-105,-1,88,19371,79,34,79,16,0,0,0,0,0,0,0,-32286,0,0,0,0,0,2698211,0
2687951,8118,-3784,-74,1098,-391,-396,9392,165,-160,-11,40,19371,79,34,79,16,0,0,0,0,0,0,0,-32286,0,0,0,0,0,2698216,0
2687956,8502,-3580,66,967,-409,-292,9410,70,-218,-8,16,19372,81,34,79,16,0,0,0,0,0,0,0,-32286,0,0,0,0,0,2698231,0
2687961,8854,-3428,134,942,-411,-271,9413,8,-241,1,0,19372,81,34,79,16,0,0,0,0,0,0,0,-32286,0,0,0,0,0,2698236,0
2687966,9054,-2996,234,948,-418,-286,9412,-3,-229,0,0,19375,91,34,79,16,0,0,0,0,0,0,0,-32286,0,0,0,0,0,2698251,0
2687971,9430,-2872,318,950,-409,-291,9413,3,-165,0,0,19375,91,34,79,16,0,0,0,0,0,0,0,-32286,0,0,0,0,0,2698256,0
2687976,9814,-2362,316,916,-410,-317,9413,-1,-90,0,0,19375,88,34,79,16,0,0,0,0,0,0,0,-32286,0,0,0,0,0,2698271,0
2687981,9870,-1966,368,863,-412,-333,9414,6,-21,0,0,19375,88,34,79,16,0,0,0,0,0,0,0,-32286,0,0,0,0,0,2698276,0
2687986,10068,-1664,336,762,-383,-344,9414,4,-2,0,0,19375,87,34,79,16,0,0,0,0,0,0,0,-32286,0,0,0,0,0,2698291,0
2687991,10212,-1448,322,649,-342,-366,9413,-3,-1,-1,0,19375,87,34,79,16,0,0,0,0,0,0,0,-32286,0,0,0,0,0,2698296,0
2687996,10412,-1278,312,435,-271,-404,9413,5,-1,0,0,19372,85,34,79,16,0,0,0,0,0,0,0,-32285,0,0,0,0,0,2698311,0
2688001,10368,-1242,366,315,-242,-421,9414,1,-3,0,0,19372,85,34,79,16,0,0,0,0,0,0,0,-32286,0,0,0,0,0,2698316,0
2688006,10288,-1372,380,202,-215,-437,9413,0,5,0,-8,19372,78,34,79,16,0,0,0,0,0,0,0,-32286,0,0,0,0,0,2698331,0
2688011,10274,-1438,412,126,-193,-430,9413,2,-2,-1,0,19372,78,34,79,16,0,0,0,0,0,0,0,-32286,0,0,0,0,0,2698336,0
2688016,9998,-1598,556,-78,-197,-489,9414,-3,-4,-1,0,19372,75,34,79,16,0,0,0,0,0,0,0,-32286,0,0,0,0,0,2698351,0
2688021,9908,-1712,534,-167,-175,-513,9413,2,-1,-2,-8,19372,75,34,79,16,0,0,0,0,0,0,0,-32286,0,0,0,0,0,2698356,0
2688026,9776,-1890,624,-252,-153,-536,9413,1,3,0,0,19371,75,34,79,16,0,0,0,0,0,0,0,-32285,0,0,0,0,0,2698371,0
2688031,9682,-2146,638,-339,-116,-565,9412,-3,0,0,0,19371,75,34,79,16,0,0,0,0,0,0,0,-32286,0,0,0,0,0,2698376,0
2688036,9390,-2860,684,-395,-32,-623,9413,1,1,0,0,19371,80,34,79,16,0,0,0,0,0,0,0,-32286,0,0,0,0,0,2698391,0
2688041,9170,-3152,790,-404,61,-664,9413,1,1,-1,0,19371,80,34,79,16,0,0,0,0,0,0,0,-32286,0,0,0,0,0,2698396,0
2688046,8724,-3486,790,-408,121,-671,9414,0,-3,0,0,19371,82,34,79,16,0,0,0,0,0,0,0,-32286,0,0,0,0,0,2698411,0
2688051,8488,-3960,750,-379,142,-688,9412,-9,1,0,0,19371,82,34,79,16,0,0,0,0,0,0,0,-32286,0,0,0,0,0,2698416,0
2688056,7944,-4390,704,-353,232,-648,9412,-7,-1,-1,-8,19371,80,34,79,16,0,0,0,0,0,0,0,-32286,0,0,0,0,0,2698431,0
2688061,7502,-4592,610,-358,231,-625,9413,0,-4,0,0,19371,80,34,79,16,0,0,0,0,0,0,0,-32286,0,0,0,0,0,2698436,0
2688066,7146,-4984,482,-345,283,-574,9412,-2,1,-1,0,19372,77,34,79,16,0,0,0,0,0,0,0,-32286,0,0,0,0,0,2698451,0
2688071,6910,-5370,682,-200,321,-554,9413,-1,2,0,0,19372,77,34,79,16,0,0,0,0,0,0,0,-32286,0,0,0,0,0,2698456,0
2688076,6414,-5696,886,350,354,-495,9414,1,1,0,0,19376,83,33,79,16,0,0,0,0,0,0,0,-32286,0,0,0,0,0,2698471,0
2688081,6264,-5594,962,470,358,-440,9414,6,2,0,0,19376,83,33,79,16,0,0,0,0,0,0,0,-32286,0,0,0,0,0,2698476,0
2688086,5908,-5384,896,418,395,-362,9412,-4,-1,0,0,19376,73,34,79,16,0,0,0,0,0,0,0,-32286,0,0,0,0,0,2698490,0
2688091,5652,-5178,592,350,354,-291,9412,-6,-4,0,-8,19376,73,34,79,16,0,0,0,0,0,0,0,-32285,0,0,0,0,0,2698495,0
2688096,5092,-5156,446,236,314,-156,9411,-5,-5,1,-8,19375,73,34,79,16,0,0,0,0,0,0,0,-32285,0,0,0,0,0,2698510,0
2688101,4982,-5208,386,191,291,-84,9409,-6,-5,0,-8,19375,73,34,79,16,0,0,0,0,0,0,0,-32286,0,0,0,0,0,2698515,0
2688106,4794,-5224,576,200,263,-33,9406,-9,-8,0,-8,19373,72,34,79,16,0,0,0,0,0,0,0,-32286,0,0,0,0,0,2698530,0
2688111,4662,-5356,788,269,277,3,9406,-7,-3,-1,-8,19373,72,34,79,16,0,0,0,0,0,0,0,-32285,0,0,0,0,0,2698535,0
2688116,4412,-5386,1306,641,225,46,9403,-8,-1,0,-16,19374,75,34,79,16,0,0,0,0,0,0,0,-32286,0,0,0,0,0,2698550,0
2688121,5324,-2760,2320,2057,-33,-753,9391,-53,-11,7,-64,19374,75,34,79,16,0,0,0,0,0,0,0,-32286,0,0,0,0,0,2698555,0
2688126,6798,-7642,1442,3110,-130,-336,9355,-168,-84,9,-96,19373,83,34,79,16,0,0,0,0,0,0,0,-32285,0,0,0,0,0,2698570,0
2688131,3986,-3958,2720,2514,-395,-361,9304,-230,-163,5,-200,19373,83,34,79,16,0,0,0,0,0,0,0,-32285,0,0,0,0,0,2698575,0
2688136,6136,-3506,342,1871,-448,-315,9224,-363,-252,17,-440,19373,77,34,79,16,0,0,0,0,0,0,0,-32286,0,0,0,0,0,2698590,0
2688141,5102,-2594,1200,1364,-486,-281,9112,-504,-334,37,-816,19373,77,34,79,16,0,0,0,0,0,0,0,-32285,0,0,0,0,0,2698595,0
2688146,5540,-3488,1066,1066,-462,-249,8969,-647,-401,17,-1208,19373,72,34,79,16,0,0,0,0,0,0,0,-32286,0,0,0,0,0,2698610,0
2688151,5720,-4098,1076,988,-461,-157,8781,-847,-477,11,-1648,19373,72,34,79,16,0,0,0,0,0,0,0,-32285,0,0,0,0,0,2698615,0
2688156,5376,-4260,1538,648,-374,85,8548,-1039,-554,1,-2064,19373,75,34,79,16,0,0,0,0,0,0,0,-32286,0,0,0,0,0,2698630,0
2688161,5688,-4398,1658,362,-219,289,8273,-1230,-614,1,-2464,19373,75,34,79,16,0,0,0,0,0,0,0,-32286,0,0,0,0,0,2698635,0
2688166,5312,-4454,1784,108,-137,447,7954,-1417,-650,-3,-2856,19372,75,34,79,16,0,0,0,0,0,0,0,-32286,0,0,0,0,0,2698650,0
2688171,5486,-4802,1684,0,-109,611,7600,-1578,-657,-9,-3168,19372,75,34,79,16,0,0,0,0,0,0,0,-32286,0,0,0,0,0,2698654,0
2688176,5874,-4404,1752,19,-11,814,7214,-1718,-625,-8,-3424,19370,82,34,79,16,0,0,0,0,0,0,0,-32286,0,0,0,0,0,2698669,0
2688181,5994,-4026,1756,-69,59,912,6804,-1815,-557,-8,-3616,19370,82,34,79,16,0,0,0,0,0,0,0,-32285,0,0,0,0,0,2698674,0
2688186,6244,-3778,1748,-212,160,992,6377,-1877,-467,0,-3760,19371,87,34,79,16,0,0,0,0,0,0,0,-32286,0,0,0,0,0,2698689,0
2688191,6664,-3484,1700,-283,272,1032,5939,-1926,-366,-1,-3840,19371,87,34,79,16,0,0,0,0,0,0,0,-32285,0,0,0,0,0,2698694,0
2688196,6996,-3630,1858,-276,412,1118,5496,-1950,-266,-5,-3856,19370,88,34,79,16,0,0,0,0,0,0,0,-32286,0,0,0,0,0,2698709,0
2688201,7072,-3604,1490,-179,341,1093,5051,-1964,-174,-18,-3864,19370,88,34,79,16,0,0,0,0,0,0,0,-32286,0,0,0,0,0,2698714,0
2688206,7734,-3228,1190,77,231,987,4608,-1948,-92,-21,-3784,19369,86,34,79,16,0,0,0,0,0,0,0,-32286,0,0,0,0,0,2698729,0
2688211,8382,-2986,1136,424,52,843,4171,-1920,-34,-14,-3688,19369,86,34,79,16,0,0,0,0,0,0,0,-32286,0,0,0,0,0,2698734,0
2688216,8688,-2650,544,807,-347,632,3743,-1881,28,-9,-3592,19368,92,34,79,16,0,0,0,0,0,0,0,-32286,0,0,0,0,0,2698749,0
2688221,9184,-2048,-90,675,-509,560,3326,-1823,81,-2,-3472,19368,92,34,79,16,0,0,0,0,0,0,0,-32285,0,0,0,0,0,2698754,0
2688226,9514,-1488,-128,403,-530,507,2922,-1765,129,2,-3368,19367,86,34,79,16,0,0,0,0,0,0,0,-32285,0,0,0,0,0,2698769,0
2688231,9694,-1508,92,151,-527,459,2532,-1709,166,7,-3248,19367,86,34,79,16,0,0,0,0,0,0,0,-32285,0,0,0,0,0,2698776,0
2688236,9900,-2182,580,41,-574,303,2160,-1639,195,4,-3112,19368,85,34,79,16,0,0,0,0,0,0,0,-32286,0,0,0,0,0,2698792,0
2688241,10086,-2644,994,119,-513,283,1800,-1575,215,3,-2992,19368,85,34,79,16,0,0,0,0,0,0,0,-32285,0,0,0,0,0,2698797,0
2688246,9822,-2572,1350,87,-443,281,1453,-1514,226,-1,-2840,19368,94,34,79,16,0,0,0,0,0,0,0,-32286,0,0,0,0,0,2698811,0
2688251,9918,-2636,1482,-82,-350,300,1122,-1450,215,-10,-2688,19368,94,34,79,16,0,0,0,0,0,0,0,-32286,0,0,0,0,0,2698816,0
2688256,9492,-3176,1486,-287,-235,333,806,-1382,219,-7,-2520,19369,95,34,79,16,0,0,0,0,0,0,0,-32286,0,0,0,0,0,2698831,0
2688261,9100,-3138,1522,-348,-75,381,508,-1301,228,-13,-2328,19369,95,34,79,16,0,0,0,0,0,0,0,-32285,0,0,0,0,0,2698836,0
2688266,8868,-2820,1628,-364,-38,375,227,-1225,242,-13,-2128,19370,97,34,79,16,0,0,0,0,0,0,0,-32287,0,0,0,0,0,2698851,0
2688271,8822,-3002,1434,-368,67,407,-33,-1131,261,-14,-1904,19370,97,34,79,16,0,0,0,0,0,0,0,-32286,0,0,0,0,0,2698856,0
2688276,8384,-2728,1084,-365,39,386,-270,-1032,291,-10,-1680,19371,91,34,79,16,0,0,0,0,0,0,0,-32286,0,0,0,0,0,2698871,0
2688281,8296,-2486,936,-286,11,338,-487,-945,313,2,-1504,19371,91,34,79,16,0,0,0,0,0,0,0,-32285,0,0,0,0,0,2698876,0
2688286,8168,-2384,812,-253,-46,305,-681,-853,323,2,-1312,19371,86,34,79,16,0,0,0,0,0,0,0,-32286,0,0,0,0,0,2698891,0
2688291,8082,-2188,638,-273,-109,280,-864,-796,313,6,-1216,19371,86,34,79,16,0,0,0,0,0,0,0,-32286,0,0,0,0,0,2698896,0
2688296,7796,-2074,416,-541,-125,328,-1032,-737,280,4,-1080,19372,82,34,79,16,0,0,0,0,0,0,0,-32286,0,0,0,0,0,2698911,0
2688301,7668,-2136,446,-712,-76,369,-1187,-681,246,4,-984,19372,82,34,79,16,0,0,0,0,0,0,0,-32285,0,0,0,0,0,2698916,0
2688306,7492,-2288,672,-782,-64,384,-1335,-637,215,5,-896,19372,72,34,79,16,0,0,0,0,0,0,0,-32286,0,0,0,0,0,2698931,0
2688311,7558,-2478,822,-734,-57,363,-1469,-588,186,-3,-784,19372,72,34,79,16,0,0,0,0,0,0,0,-32285,0,0,0,0,0,2698936,0
2688316,7738,-2752,990,-524,-79,359,-1593,-548,169,0,-688,19375,67,34,79,16,0,0,0,0,0,0,0,-32286,0,0,0,0,0,2698951,0
2688321,7678,-2618,1036,-564,-44,405,-1715,-531,152,11,-664,19375,67,34,79,16,0,0,0,0,0,0,0,-32286,0,0,0,0,0,2698956,0
2688326,7804,-2430,1120,-669,75,429,-1829,-504,133,6,-616,19375,75,34,79,16,0,0,0,0,0,0,0,-32285,0,0,0,0,0,2698971,0
2688331,7874,-2232,1260,-753,195,455,-1935,-457,111,1,-504,19375,75,34,79,16,0,0,0,0,0,0,0,-32285,0,0,0,0,0,2698976,0
2688336,7842,-2500,1334,-725,366,469,-2033,-433,107,14,-480,19376,82,34,79,16,0,0,0,0,0,0,0,-32285,0,0,0,0,0,2698991,0
2688341,7966,-2460,1146,-697,413,458,-2131,-424,98,5,-456,19376,82,34,79,16,0,0,0,0,0,0,0,-32286,0,0,0,0,0,2698996,0
2688346,7956,-2400,1052,-700,454,477,-2223,-404,92,-3,-424,19375,79,34,79,16,0,0,0,0,0,0,0,-32285,0,0,0,0,0,2699010,0
2688351,7890,-2168,970,-749,500,473,-2311,-384,72,-5,-376,19375,79,34,79,16,0,0,0,0,0,0,0,-32285,0,0,0,0,0,2699015,0
2688356,7790,-2170,882,-859,583,487,-2392,-357,65,-12,-320,19376,81,34,79,16,0,0,0,0,0,0,0,-32285,0,0,0,0,0,2699030,0
2688361,7720,-2296,814,-862,605,487,-2471,-344,65,-8,-272,19376,81,34,79,16,0,0,0,0,0,0,0,-32286,0,0,0,0,0,2699035,0
2688366,7648,-2336,826,-838,638,471,-2547,-335,65,-1,-272,19374,81,34,79,16,0,0,0,0,0,0,0,-32286,0,0,0,0,0,2699050,0
2688371,7532,-2326,832,-770,641,440,-2615,-303,61,-5,-200,19374,81,34,79,16,0,0,0,0,0,0,0,-32286,0,0,0,0,0,2699055,0
2688376,7350,-2228,582,-686,640,406,-2686,-303,55,1,-216,19373,83,34,79,16,0,0,0,0,0,0,0,-32285,0,0,0,0,0,2699070,0
2688381,7296,-2246,436,-654,632,389,-2749,-271,54,-4,-152,19373,83,34,79,16,0,0,0,0,0,0,0,-32286,0,0,0,0,0,2699075,0
2688386,7110,-2156,406,-623,628,393,-2807,-253,54,4,-136,19372,89,34,79,16,0,0,0,0,0,0,0,-32286,0,0,0,0,0,2699090,0
2688391,6896,-1880,380,-618,606,358,-2858,-222,78,3,-112,19372,89,34,79,16,0,0,0,0,0,0,0,-32286,0,0,0,0,0,2699095,0
2688396,6852,-1698,152,-716,611,347,-2900,-180,85,2,-88,19373,82,34,79,16,0,0,0,0,0,0,0,-32286,0,0,0,0,0,2699110,0
2688401,6794,-1268,120,-825,603,297,-2939,-167,100,6,-72,19373,82,34,79,16,0,0,0,0,0,0,0,-32286,0,0,0,0,0,2699115,0
2688406,6842,-1384,66,-877,577,287,-2974,-150,90,1,-72,19379,82,34,79,16,0,0,0,0,0,0,0,-32286,0,0,0,0,0,2699130,0
2688411,6658,-1528,174,-896,537,247,-3008,-142,74,-1,-48,19379,82,34,79,16,0,0,0,0,0,0,0,-32286,0,0,0,0,0,2699135,0
2688416,6618,-1688,276,-834,474,217,-3032,-106,63,-4,-48,19384,86,34,79,16,0,0,0,0,0,0,0,-32286,0,0,0,0,0,2699150,0
2688421,6588,-1494,428,-858,472,188,-3059,-112,55,0,-48,19384,86,34,79,16,0,0,0,0,0,0,0,-32285,0,0,0,0,0,2699154,0
2688426,6676,-1450,508,-879,499,164,-3077,-91,54,-6,-32,19388,89,34,79,16,0,0,0,0,0,0,0,-32285,0,0,0,0,0,2699169,0
2688431,6704,-1576,554,-920,531,167,-3096,-87,52,0,-40,19388,89,34,79,16,0,0,0,0,0,0,0,-32285,0,0,0,0,0,2699174,0
2688436,6542,-1830,674,-943,515,153,-3120,-102,33,4,-56,19385,92,34,79,16,0,0,0,0,0,0,0,-32286,0,0,0,0,0,2699189,0
2688441,6664,-1980,640,-867,518,138,-3139,-79,6,-3,-24,19385,92,34,79,16,0,0,0,0,0,0,0,-32286,0,0,0,0,0,2699194,0
2688446,6554,-1900,676,-833,519,163,-3150,-43,22,-4,-16,19381,88,34,79,16,0,0,0,0,0,0,0,-32285,0,0,0,0,0,2699209,0
2688451,6492,-1846,708,-865,510,171,-3155,-25,43,-1,-16,19381,88,34,79,16,0,0,0,0,0,0,0,-32285,0,0,0,0,0,2699214,0
2688456,6488,-1974,660,-877,506,185,-3160,-21,67,-1,-16,19376,82,34,79,16,0,0,0,0,0,0,0,-32286,0,0,0,0,0,2699229,0
2688461,6382,-2076,640,-837,482,185,-3162,-17,71,-2,-8,19376,82,34,79,16,0,0,0,0,0,0,0,-32285,0,0,0,0,0,2699234,0
2688466,6454,-2114,634,-786,455,186,-3162,-3,46,-3,0,19374,79,34,79,16,0,0,0,0,0,0,0,-32285,0,0,0,0,0,2699249,0
2688471,6432,-2116,602,-752,442,196,-3163,-3,30,-3,0,19374,79,34,79,16,0,0,0,0,0,0,0,-32286,0,0,0,0,0,2699254,0
2688476,6508,-2080,514,-752,413,219,-3163,-8,22,-2,0,19373,82,34,79,16,0,0,0,0,0,0,0,-32285,0,0,0,0,0,2699269,0
2688481,6540,-2068,482,-759,398,223,-3162,5,14,0,0,19373,82,34,79,16,0,0,0,0,0,0,0,-32286,0,0,0,0,0,2699273,0
2688486,6608,-2048,442,-753,377,227,-3163,0,10,0,0,19374,86,34,79,16,0,0,0,0,0,0,0,-32285,0,0,0,0,0,2699288,0
2688491,6650,-2010,416,-737,350,218,-3163,-7,2,0,-8,19374,86,34,79,16,0,0,0,0,0,0,0,-32286,0,0,0,0,0,2699293,0
2688496,6832,-1764,364,-724,287,189,-3162,0,0,0,0,19375,86,34,79,16,0,0,0,0,0,0,0,-32285,0,0,0,0,0,2699308,0
2688501,6870,-1674,336,-762,290,184,-3163,1,6,-2,0,19375,86,34,79,16,0,0,0,0,0,0,0,-32286,0,0,0,0,0,2699313,0
2688506,6876,-1682,266,-875,338,224,-3161,5,0,-2,-8,19375,78,34,79,16,0,0,0,0,0,0,0,-32285,0,0,0,0,0,2699328,0
2688511,6770,-1812,360,-1144,487,309,-3161,5,1,-2,0,19375,78,34,79,16,0,0,0,0,0,0,0,-32285,0,0,0,0,0,2699333,0
2688516,7358,-2020,542,-1168,606,274,-3161,0,5,-2,0,19374,76,34,79,16,0,0,0,0,0,0,0,-32286,0,0,0,0,0,2699348,0
2688521,7334,-2016,850,-992,628,217,-3160,8,4,-1,0,19374,76,34,79,16,0,0,0,0,0,0,0,-32286,0,0,0,0,0,2699353,0
2688526,7514,-2380,608,-787,505,179,-3160,0,1,0,0,19373,73,34,79,16,0,0,0,0,0,0,0,-32286,0,0,0,0,0,2699368,0
2688531,7408,-2176,308,-852,486,207,-3157,7,3,-1,0,19373,73,34,79,16,0,0,0,0,0,0,0,-32286,0,0,0,0,0,2699373,0
2688536,7622,-1744,232,-1258,559,243,-3156,5,2,-1,8,19372,80,34,79,16,0,0,0,0,0,0,0,-32286,0,0,0,0,0,2699387,0
2688541,7638,-1930,356,-1266,516,181,-3150,17,13,-1,0,19372,80,34,79,16,0,0,0,0,0,0,0,-32285,0,0,0,0,0,2699392,0
2688546,7788,-2212,260,-1098,395,103,-3143,39,14,-1,24,19372,84,34,79,16,0,0,0,0,0,0,0,-32286,0,0,0,0,0,2699407,0
2688551,7880,-2350,218,-918,276,29,-3131,53,35,-5,32,19372,84,34,79,16,0,0,0,0,0,0,0,-32285,0,0,0,0,0,2699412,0
2688556,7954,-2280,190,-938,180,-18,-3113,82,44,-6,32,19374,88,34,79,16,0,0,0,0,0,0,0,-32285,0,0,0,0,0,2699427,0
2688561,7914,-2310,260,-1079,188,-19,-3099,62,54,2,8,19374,88,34,79,16,0,0,0,0,0,0,0,-32285,0,0,0,0,0,2699432,0
2688566,7842,-2488,330,-1147,181,-29,-3095,12,17,6,-8,19372,76,34,79,16,0,0,0,0,0,0,0,-32285,0,0,0,0,0,2699447,0
2688571,7814,-2700,376,-1111,175,-61,-3097,-6,-40,1,-8,19372,76,34,79,16,0,0,0,0,0,0,0,-32286,0,0,0,0,0,2699452,0
2688576,7612,-3034,550,-1077,212,-6,-3098,0,-68,-2,0,19372,72,34,79,16,0,0,0,0,0,0,0,-32286,0,0,0,0,0,2699467,0
2688581,7440,-3080,728,-1185,284,61,-3097,-1,-69,-2,0,19372,72,34,79,16,0,0,0,0,0,0,0,-32286,0,0,0,0,0,2699472,0
2688586,7418,-3254,918,-1342,453,169,-3095,11,-27,-1,8,19372,73,34,79,16,0,0,0,0,0,0,0,-32286,0,0,0,0,0,2699487,0
2688591,7364,-3090,1228,-1336,540,173,-3091,18,12,-1,8,19372,73,34,79,16,0,0,0,0,0,0,0,-32286,0,0,0,0,0,2699492,0
2688596,7496,-3126,1106,-962,530,121,-3083,40,25,-1,24,19375,77,34,79,16,0,0,0,0,0,0,0,-32285,0,0,0,0,0,2699507,0
2688601,7788,-2706,832,-787,463,62,-3063,95,45,-8,56,19375,77,34,79,16,0,0,0,0,0,0,0,-32286,0,0,0,0,0,2699512,0
2688606,8072,-2236,616,-642,370,-26,-3025,171,105,-13,104,19377,80,34,79,16,0,0,0,0,0,0,0,-32286,0,0,0,0,0,2699527,0
2688611,8196,-1908,372,-607,276,-85,-2972,237,163,-4,184,19377,80,34,79,16,0,0,0,0,0,0,0,-32286,0,0,0,0,0,2699531,0
2688616,8484,-1468,102,-592,72,-242,-2905,299,212,-2,280,19378,81,34,79,16,0,0,0,0,0,0,0,-32285,0,0,0,0,0,2699546,0
2688621,8638,-1300,90,-594,-34,-314,-2827,354,225,3,328,19378,81,34,79,16,0,0,0,0,0,0,0,-32286,0,0,0,0,0,2699551,0
2688626,8808,-1338,146,-608,-59,-359,-2739,390,205,-2,400,19379,84,34,79,16,0,0,0,0,0,0,0,-32286,0,0,0,0,0,2699566,0
2688631,8716,-1392,322,-647,-82,-397,-2646,415,175,-6,448,19379,84,34,79,16,0,0,0,0,0,0,0,-32286,0,0,0,0,0,2699571,0
2688636,8602,-1750,580,-711,-60,-415,-2552,416,132,-2,448,19376,83,34,79,16,0,0,0,0,0,0,0,-32286,0,0,0,0,0,2699586,0
2688641,8754,-1918,648,-705,-15,-403,-2458,414,85,0,448,19376,83,34,79,16,0,0,0,0,0,0,0,-32286,0,0,0,0,0,2699591,0
2688646,8630,-1928,826,-714,37,-408,-2364,408,33,-2,456,19375,82,34,79,16,0,0,0,0,0,0,0,-32286,0,0,0,0,0,2699606,0
2688651,8674,-2026,918,-704,87,-407,-2272,410,10,-3,456,19375,82,34,79,16,0,0,0,0,0,0,0,-32286,0,0,0,0,0,2699611,0
2688656,8582,-2126,1032,-679,226,-350,-2179,413,-2,2,448,19374,82,34,79,16,0,0,0,0,0,0,0,-32286,0,0,0,0,0,2699626,0
2688661,8380,-2062,1118,-704,289,-339,-2091,384,-13,6,392,19374,82,34,79,16,0,0,0,0,0,0,0,-32286,0,0,0,0,0,2699631,0
2688666,8422,-2156,1100,-734,351,-302,-2005,369,-22,12,336,19375,86,34,79,16,0,0,0,0,0,0,0,-32286,0,0,0,0,0,2699646,0
2688671,8374,-2106,1102,-770,416,-292,-1926,348,-45,15,280,19375,86,34,79,16,0,0,0,0,0,0,0,-32285,0,0,0,0,0,2699651,0
2688676,8534,-2218,1128,-822,549,-260,-1852,330,-63,5,248,19373,84,34,79,16,0,0,0,0,0,0,0,-32286,0,0,0,0,0,2699665,0
2688681,8614,-2306,1122,-859,566,-259,-1776,333,-63,0,256,19373,84,34,79,16,0,0,0,0,0,0,0,-32286,0,0,0,0,0,2699671,0
2688686,8888,-2622,1032,-880,605,-210,-1704,315,-46,5,216,19372,83,34,79,16,0,0,0,0,0,0,0,-32286,0,0,0,0,0,2699685,0
2688691,8972,-2828,1076,-959,643,-170,-1635,301,-36,8,208,19372,83,34,79,16,0,0,0,0,0,0,0,-32286,0,0,0,0,0,2699690,0
2688696,9542,-3378,980,-1056,728,-78,-1568,290,-37,0,176,19371,76,34,79,16,0,0,0,0,0,0,0,-32285,0,0,0,0,0,2699705,0
2688701,9688,-3682,1008,-1101,752,-26,-1505,282,-38,0,192,19371,76,34,79,16,0,0,0,0,0,0,0,-32285,0,0,0,0,0,2699710,0
2688706,9842,-4044,1038,-1082,769,4,-1436,305,-33,-9,232,19376,75,34,79,16,0,0,0,0,0,0,0,-32286,0,0,0,0,0,2699725,0
2688711,10056,-4272,1038,-990,752,22,-1359,346,4,-8,328,19376,75,34,79,16,0,0,0,0,0,0,0,-32286,0,0,0,0,0,2699730,0
2688716,10500,-4716,1032,-760,658,51,-1273,375,56,-7,360,19376,83,34,79,16,0,0,0,0,0,0,0,-32286,0,0,0,0,0,2699745,0
2688721,10586,-4554,1002,-698,633,46,-1183,393,87,2,392,19376,83,34,79,16,0,0,0,0,0,0,0,-32286,0,0,0,0,0,2699750,0
2688726,10828,-4446,1006,-666,638,26,-1091,403,95,-5,424,19377,77,34,79,16,0,0,0,0,0,0,0,-32286,0,0,0,0,0,2699765,0
2688731,10664,-4424,1134,-720,727,25,-998,421,76,-8,480,19377,77,34,79,16,0,0,0,0,0,0,0,-32285,0,0,0,0,0,2699779,0
2688736,10716,-4586,1114,-575,684,-81,-893,456,58,-11,560,19377,76,34,79,16,0,0,0,0,0,0,0,-32286,0,0,0,0,0,2699785,0
2688741,10616,-4822,1288,-475,684,-88,-788,465,65,5,552,19377,76,34,79,16,0,0,0,0,0,0,0,-32286,0,0,0,0,0,2699790,0
2688746,10246,-4748,1494,-480,704,-123,-684,456,62,6,536,19379,72,34,79,16,0,0,0,0,0,0,0,-32286,0,0,0,0,0,2699804,0
2688751,10148,-4776,1374,-510,749,-138,-581,450,38,0,520,19379,72,34,79,16,0,0,0,0,0,0,0,-32286,0,0,0,0,0,2699809,0
2688756,9142,-4874,1454,-504,868,-161,-481,454,9,0,528,19379,78,34,79,16,0,0,0,0,0,0,0,-32286,0,0,0,0,0,2699824,0
2688761,8686,-4948,1330,-446,897,-177,-379,438,-13,6,464,19379,78,34,79,16,0,0,0,0,0,0,0,-32286,0,0,0,0,0,2699829,0
2688766,8112,-4906,1266,-395,966,-186,-286,408,-29,12,400,19378,84,34,79,16,0,0,0,0,0,0,0,-32286,0,0,0,0,0,2699844,0
2688771,7592,-4554,1190,-335,1007,-225,-198,380,-44,10,336,19378,84,34,79,16,0,0,0,0,0,0,0,-32286,0,0,0,0,0,2699849,0
2688776,6440,-4352,874,-297,1093,-217,-116,353,-71,9,280,19376,91,34,79,16,0,0,0,0,0,0,0,-32286,0,0,0,0,0,2699864,0
2688781,6120,-4388,658,-272,1100,-207,-38,340,-88,3,256,19376,91,34,79,16,0,0,0,0,0,0,0,-32286,0,0,0,0,0,2699869,0
2688786,5640,-4168,612,-238,1074,-202,36,324,-82,4,216,19374,95,34,79,16,0,0,0,0,0,0,0,-32286,0,0,0,0,0,2699884,0
2688791,5380,-4110,456,-221,1013,-167,104,294,-74,3,168,19374,95,34,79,16,0,0,0,0,0,0,0,-32286,0,0,0,0,0,2699889,0
2688796,4806,-3906,368,-366,861,-54,166,266,-72,0,144,19374,88,34,79,16,0,0,0,0,0,0,0,-32286,0,0,0,0,0,2699904,0
2688801,4814,-3754,424,-450,795,-25,224,263,-76,-12,152,19374,88,34,79,16,0,0,0,0,0,0,0,-32286,0,0,0,0,0,2699908,0
2688806,4874,-3790,534,-496,737,35,279,244,-73,-5,128,19374,92,34,79,16,0,0,0,0,0,0,0,-32286,0,0,0,0,0,2699923,0
2688811,4758,-3718,742,-544,643,85,334,237,-61,-5,152,19374,92,34,79,16,0,0,0,0,0,0,0,-32286,0,0,0,0,0,2699928,0
2688816,5418,-3236,1010,-417,511,75,395,264,-27,-6,184,19375,89,34,79,16,0,0,0,0,0,0,0,-32286,0,0,0,0,0,2699943,0
2688821,5630,-3048,1186,-429,508,103,461,295,14,6,232,19375,89,34,79,16,0,0,0,0,0,0,0,-32286,0,0,0,0,0,2699948,0
2688826,5642,-2812,1380,-496,502,119,535,326,48,-1,264,19375,92,34,79,16,0,0,0,0,0,0,0,-32286,0,0,0,0,0,2699963,0
2688831,5886,-2792,1388,-531,504,136,615,352,85,1,304,19375,92,34,79,16,0,0,0,0,0,0,0,-32286,0,0,0,0,0,2699968,0
2688836,6300,-2686,1524,-544,458,96,701,383,99,-6,360,19373,83,34,79,16,0,0,0,0,0,0,0,-32286,0,0,0,0,0,2699983,0
2688841,6388,-2562,1574,-558,446,75,791,405,99,-8,408,19373,83,34,79,16,0,0,0,0,0,0,0,-32286,0,0,0,0,0,2699988,0
2688846,6570,-2554,1490,-580,449,30,888,434,89,-16,504,19371,81,34,79,16,0,0,0,0,0,0,0,-32285,0,0,0,0,0,2700003,0
2688851,6662,-2518,1432,-622,453,0,997,487,91,-18,640,19371,81,34,79,16,0,0,0,0,0,0,0,-32286,0,0,0,0,0,2700008,0
2688856,6372,-2990,1088,-649,414,-41,1111,505,115,0,728,19371,81,34,79,16,0,0,0,0,0,0,0,-32286,0,0,0,0,0,2700023,0
2688861,6398,-3240,876,-633,396,-47,1235,543,122,6,800,19371,81,34,79,16,0,0,0,0,0,0,0,-32286,0,0,0,0,0,2700028,0
2688866,6098,-3432,702,-606,330,-97,1366,579,126,3,880,19373,75,34,79,16,0,0,0,0,0,0,0,-32286,0,0,0,0,0,2700043,0
2688871,6098,-3650,384,-537,217,-156,1508,626,130,2,1000,19373,75,34,79,16,0,0,0,0,0,0,0,-32286,0,0,0,0,0,2700048,0
2688876,5762,-4092,88,-483,20,-217,1652,634,118,8,1008,19372,74,34,79,16,0,0,0,0,0,0,0,-32286,0,0,0,0,0,2700063,0
2688881,5808,-4100,18,-519,-27,-244,1802,659,112,0,1040,19372,74,34,79,16,0,0,0,0,0,0,0,-32286,0,0,0,0,0,2700068,0
2688886,5744,-4286,12,-566,-61,-259,1953,668,85,4,1024,19373,80,34,79,16,0,0,0,0,0,0,0,-32286,0,0,0,0,0,2700083,0
2688891,5554,-4664,-64,-637,-72,-237,2100,651,50,10,984,19373,80,34,79,16,0,0,0,0,0,0,0,-32286,0,0,0,0,0,2700088,0
2688896,5462,-5214,-256,-665,-132,-208,2217,639,13,5,960,19372,75,34,79,16,0,0,0,0,0,0,0,-32286,0,0,0,0,0,2700103,0
2688901,5388,-5468,-338,-642,-189,-194,2360,633,-11,5,928,19372,75,34,79,16,0,0,0,0,0,0,0,-32286,0,0,0,0,0,2700107,0
2688906,5468,-5606,-274,-603,-226,-195,2497,598,-42,10,848,19371,78,34,79,16,0,0,0,0,0,0,0,-32286,0,0,0,0,0,2700122,0
2688911,5574,-5644,-288,-595,-244,-154,2626,567,-67,2,760,19371,78,34,79,16,0,0,0,0,0,0,0,-32286,0,0,0,0,0,2700127,0
2688916,5628,-5810,-146,-612,-267,-87,2750,546,-83,1,704,19374,75,34,79,16,0,0,0,0,0,0,0,-32286,0,0,0,0,0,2700142,0
2688921,5838,-5940,32,-689,-178,-7,2864,499,-103,0,584,19374,75,34,79,16,0,0,0,0,0,0,0,-32286,0,0,0,0,0,2700147,0
2688926,5816,-5890,256,-661,-206,20,2969,467,-112,-7,496,19374,74,34,79,16,0,0,0,0,0,0,0,-32286,0,0,0,0,0,2700162,0
2688931,6054,-6066,248,-547,-173,25,3063,414,-126,-3,408,19374,74,34,79,16,0,0,0,0,0,0,0,-32286,0,0,0,0,0,2700167,0
2688936,6510,-5808,266,-242,-259,-19,3152,385,-132,1,352,19374,76,34,79,16,0,0,0,0,0,0,0,-32286,0,0,0,0,0,2700182,0
2688941,6778,-5614,232,-153,-282,-28,3236,368,-122,9,296,19374,76,34,79,16,0,0,0,0,0,0,0,-32286,0,0,0,0,0,2700187,0
2688946,6902,-5360,212,-121,-268,-33,3311,322,-107,13,216,19371,78,34,79,16,0,0,0,0,0,0,0,-32286,0,0,0,0,0,2700202,0
2688951,7072,-5250,184,-87,-288,-53,3377,289,-112,4,160,19371,78,34,79,16,0,0,0,0,0,0,0,-32286,0,0,0,0,0,2700207,0
2688956,7144,-4994,300,-37,-293,-89,3430,232,-126,-5,112,19372,79,34,79,16,0,0,0,0,0,0,0,-32286,0,0,0,0,0,2700222,0
2688961,7300,-4974,188,-64,-247,-81,3471,173,-149,-7,72,19372,79,34,79,16,0,0,0,0,0,0,0,-32286,0,0,0,0,0,2700227,0
2688966,7262,-4660,226,-59,-249,-97,3506,154,-159,-7,56,19374,85,34,79,16,0,0,0,0,0,0,0,-32286,0,0,0,0,0,2700242,0
2688971,7288,-4672,164,-62,-208,-93,3536,118,-144,0,48,19374,85,34,79,16,0,0,0,0,0,0,0,-32286,0,0,0,0,0,2700247,0
2688976,7182,-4696,34,29,-253,-115,3565,127,-108,-6,48,19375,85,34,79,16,0,0,0,0,0,0,0,-32286,0,0,0,0,0,2700262,0
2688981,6958,-4530,126,120,-312,-130,3590,110,-77,3,40,19375,85,34,79,16,0,0,0,0,0,0,0,-32286,0,0,0,0,0,2700267,0
2688986,7056,-4348,86,260,-410,-189,3619,130,-31,-4,64,19374,82,34,79,16,0,0,0,0,0,0,0,-32286,0,0,0,0,0,2700282,0
2688991,7118,-4298,28,354,-467,-163,3651,146,-4,0,56,19374,82,34,79,16,0,0,0,0,0,0,0,-32286,0,0,0,0,0,2700286,0
2688996,7202,-3872,100,345,-563,-127,3687,157,32,-1,80,19373,81,34,79,16,0,0,0,0,0,0,0,-32286,0,0,0,0,0,2700305,0
2689001,6894,-3710,294,261,-593,-122,3722,143,17,2,48,19373,81,34,79,16,0,0,0,0,0,0,0,-32286,0,0,0,0,0,2700309,0
2689006,7186,-3672,278,285,-633,-133,3752,138,5,-5,56,19372,72,34,79,16,0,0,0,0,0,0,0,-32286,0,0,0,0,0,2700321,0
2689011,7130,-3722,356,349,-655,-106,3780,128,-3,-2,48,19372,72,34,79,16,0,0,0,0,0,0,0,-32287,0,0,0,0,0,2700326,0
2689016,7284,-3472,450,468,-734,-155,3808,123,-24,-4,64,19374,70,34,79,16,0,0,0,0,0,0,0,-32286,0,0,0,0,0,2700341,0
2689021,7178,-3478,482,458,-720,-108,3839,141,-5,0,48,19374,70,34,79,16,0,0,0,0,0,0,0,-32286,0,0,0,0,0,2700346,0
2689026,7100,-3340,558,416,-719,-104,3867,121,9,4,56,19372,77,34,79,16,0,0,0,0,0,0,0,-32286,0,0,0,0,0,2700361,0
2689031,7288,-3446,518,437,-695,-83,3896,128,1,-1,48,19372,77,34,79,16,0,0,0,0,0,0,0,-32286,0,0,0,0,0,2700366,0
2689036,7138,-3506,596,462,-666,-22,3921,102,-8,2,48,19371,80,34,79,16,0,0,0,0,0,0,0,-32286,0,0,0,0,0,2700381,0
2689041,7274,-3582,492,520,-663,3,3950,130,-15,-6,72,19371,80,34,79,16,0,0,0,0,0,0,0,-32286,0,0,0,0,0,2700386,0
2689046,7172,-3598,462,548,-642,62,3986,153,5,1,72,19370,82,34,79,16,0,0,0,0,0,0,0,-32286,0,0,0,0,0,2700401,0
2689051,7118,-3370,496,579,-662,66,4030,199,44,1,112,19370,82,34,79,16,0,0,0,0,0,0,0,-32286,0,0,0,0,0,2700406,0
2689056,7058,-3156,500,679,-664,125,4080,224,76,0,152,19372,75,34,79,16,0,0,0,0,0,0,0,-32286,0,0,0,0,0,2700421,0
2689061,7368,-3250,360,754,-652,146,4138,256,108,4,152,19372,75,34,79,16,0,0,0,0,0,0,0,-32286,0,0,0,0,0,2700426,0
2689066,7214,-3216,328,756,-657,209,4195,251,91,10,136,19374,74,34,79,16,0,0,0,0,0,0,0,-32286,0,0,0,0,0,2700441,0
2689071,7218,-2892,292,707,-660,227,4249,235,69,3,120,19374,74,34,79,16,0,0,0,0,0,0,0,-32286,0,0,0,0,0,2700446,0
2689076,7362,-2954,134,670,-629,294,4301,228,23,1,104,19374,77,34,79,16,0,0,0,0,0,0,0,-32285,0,0,0,0,0,2700461,0
2689081,7278,-2658,300,630,-639,299,4351,210,-18,0,104,19374,77,34,79,16,0,0,0,0,0,0,0,-32286,0,0,0,0,0,2700466,0
2689086,7356,-2492,-62,594,-733,283,4393,180,-47,-1,88,19375,80,34,79,16,0,0,0,0,0,0,0,-32286,0,0,0,0,0,2700481,0
2689091,7854,-2348,-34,377,-612,328,4437,190,-50,-4,96,19375,80,34,79,16,0,0,0,0,0,0,0,-32285,0,0,0,0,0,2700486,0
2689096,7564,-3076,748,301,-409,357,4484,209,-39,-1,112,19375,80,34,79,16,0,0,0,0,0,0,0,-32286,0,0,0,0,0,2700501,0
2689101,7696,-3320,552,385,-420,368,4530,203,-9,-1,112,19375,80,34,79,16,0,0,0,0,0,0,0,-32285,0,0,0,0,0,2700506,0
2689106,7692,-3378,510,543,-419,374,4578,210,7,-3,104,19374,88,34,79,16,0,0,0,0,0,0,0,-32286,0,0,0,0,0,2700521,0
2689111,7562,-2990,660,644,-370,353,4624,198,16,2,80,19374,88,34,79,16,0,0,0,0,0,0,0,-32285,0,0,0,0,0,2700526,0
2689116,7640,-2844,478,541,-278,404,4660,151,-11,0,64,19374,88,34,79,16,0,0,0,0,0,0,0,-32286,0,0,0,0,0,2700540,0
2689121,7704,-2914,454,467,-202,436,4690,126,-46,-10,40,19374,88,34,79,16,0,0,0,0,0,0,0,-32285,0,0,0,0,0,2700545,0
2689126,7556,-2936,452,415,-165,434,4713,97,-87,-1,40,19374,87,34,79,16,0,0,0,0,0,0,0,-32286,0,0,0,0,0,2700560,0
2689131,7650,-3024,388,415,-137,432,4736,106,-92,-2,48,19374,87,34,79,16,0,0,0,0,0,0,0,-32286,0,0,0,0,0,2700565,0
2689136,7516,-3238,346,494,-118,479,4758,86,-71,3,24,19373,86,34,79,16,0,0,0,0,0,0,0,-32286,0,0,0,0,0,2700580,0
2689141,7352,-3124,400,409,-95,506,4770,52,-54,3,16,19373,86,34,79,16,0,0,0,0,0,0,0,-32286,0,0,0,0,0,2700585,0
2689146,7462,-3068,166,406,-117,517,4780,46,-60,-4,16,19374,77,34,79,16,0,0,0,0,0,0,0,-32286,0,0,0,0,0,2700600,0
2689151,7442,-2948,172,461,-126,504,4794,68,-50,-4,32,19374,77,34,79,16,0,0,0,0,0,0,0,-32285,0,0,0,0,0,2700605,0
2689156,7444,-2952,138,586,-191,490,4816,93,-22,-1,32,19376,77,34,79,16,0,0,0,0,0,0,0,-32285,0,0,0,0,0,2700620,0
2689161,7448,-2792,142,598,-215,490,4831,70,13,1,32,19376,77,34,79,16,0,0,0,0,0,0,0,-32286,0,0,0,0,0,2700625,0
2689166,7582,-2572,132,609,-221,464,4854,92,34,-4,64,19376,83,34,79,16,0,0,0,0,0,0,0,-32286,0,0,0,0,0,2700640,0
2689171,7726,-2424,186,638,-208,433,4887,145,44,-5,72,19376,83,34,79,16,0,0,0,0,0,0,0,-32286,0,0,0,0,0,2700645,0
2689176,7702,-2474,258,658,-239,367,4921,160,65,0,88,19374,83,34,79,16,0,0,0,0,0,0,0,-32286,0,0,0,0,0,2700660,0
2689181,7888,-2576,182,714,-221,359,4966,187,82,3,96,19374,83,34,79,16,0,0,0,0,0,0,0,-32286,0,0,0,0,0,2700665,0
2689186,7736,-2332,356,749,-254,307,5012,215,100,1,120,19372,82,34,79,16,0,0,0,0,0,0,0,-32286,0,0,0,0,0,2700680,0
2689191,8006,-2394,306,775,-246,291,5063,226,90,0,120,19372,82,34,79,16,0,0,0,0,0,0,0,-32286,0,0,0,0,0,2700685,0
2689196,7792,-2414,396,678,-198,285,5109,199,51,3,88,19372,81,34,79,16,0,0,0,0,0,0,0,-32286,0,0,0,0,0,2700700,0
2689201,7922,-2456,396,654,-159,286,5152,186,24,-2,72,19372,81,34,79,16,0,0,0,0,0,0,0,-32286,0,0,0,0,0,2700705,0
2689206,7850,-2442,524,681,-102,254,5196,190,-8,-1,96,19370,82,34,79,16,0,0,0,0,0,0,0,-32286,0,0,0,0,0,2700720,0
2689211,7796,-2714,498,758,-105,273,5241,190,-21,3,88,19370,82,34,79,16,0,0,0,0,0,0,0,-32286,0,0,0,0,0,2700725,0
2689216,7798,-2602,466,806,-70,293,5284,188,-18,1,80,19371,78,34,79,16,0,0,0,0,0,0,0,-32286,0,0,0,0,0,2700740,0
2689221,7630,-2408,534,814,-47,269,5326,190,-6,-2,96,19371,78,34,79,16,0,0,0,0,0,0,0,-32286,0,0,0,0,0,2700745,0
2689226,7710,-2550,372,845,-24,283,5372,194,2,-2,112,19372,87,34,79,16,0,0,0,0,0,0,0,-32286,0,0,0,0,0,2700760,0
2689231,7566,-2386,368,915,-49,285,5419,207,3,0,104,19372,87,34,79,16,0,0,0,0,0,0,0,-32286,0,0,0,0,0,2700767,0
2689236,7592,-2386,184,955,-60,256,5468,221,21,2,128,19376,89,34,79,16,0,0,0,0,0,0,0,-32286,0,0,0,0,0,2700783,0
2689241,7496,-2222,144,974,-7,264,5518,218,26,0,128,19376,89,34,79,16,0,0,0,0,0,0,0,-32286,0,0,0,0,0,2700788,0
2689246,7302,-2304,140,925,-33,302,5566,204,16,4,96,19375,96,34,79,16,0,0,0,0,0,0,0,-32286,0,0,0,0,0,2700803,0
2689251,7478,-2270,16,915,-19,301,5609,192,1,0,80,19375,96,34,79,16,0,0,0,0,0,0,0,-32286,0,0,0,0,0,2700808,0
2689256,7340,-2224,72,958,20,320,5655,208,-12,-6,112,19374,88,34,79,16,0,0,0,0,0,0,0,-32286,0,0,0,0,0,2700823,0
2689261,7350,-2234,-16,961,44,349,5697,178,-24,3,88,19374,88,34,79,16,0,0,0,0,0,0,0,-32286,0,0,0,0,0,2700828,0
2689266,7244,-2158,2,940,11,356,5738,180,-20,0,72,19371,81,34,79,16,0,0,0,0,0,0,0,-32287,0,0,0,0,0,2700843,0
2689271,7372,-2052,-38,919,34,345,5777,172,-24,-3,96,19371,81,34,79,16,0,0,0,0,0,0,0,-32286,0,0,0,0,0,2700848,0
2689276,7338,-1904,96,922,19,299,5819,182,-11,0,88,19371,82,34,79,16,0,0,0,0,0,0,0,-32286,0,0,0,0,0,2700863,0
2689281,7472,-2026,50,930,-10,277,5866,202,1,2,104,19371,82,34,79,16,0,0,0,0,0,0,0,-32286,0,0,0,0,0,2700868,0
2689286,7464,-1784,146,934,-16,212,5918,223,33,-2,144,19371,86,34,79,16,0,0,0,0,0,0,0,-32286,0,0,0,0,0,2700883,0
2689291,7630,-1892,88,950,-28,170,5974,248,58,-2,152,19371,86,34,79,16,0,0,0,0,0,0,0,-32286,0,0,0,0,0,2700887,0
2689296,7492,-1798,252,931,-35,84,6031,248,66,3,152,19372,86,34,79,16,0,0,0,0,0,0,0,-32286,0,0,0,0,0,2700902,0
2689301,7676,-1852,188,923,-32,25,6094,267,63,0,184,19372,86,34,79,16,0,0,0,0,0,0,0,-32286,0,0,0,0,0,2700907,0
2689306,7676,-2030,210,942,-30,4,6158,275,57,3,200,19372,86,34,79,16,0,0,0,0,0,0,0,-32286,0,0,0,0,0,2700922,0
2689311,7530,-1974,302,963,-35,-29,6227,292,52,1,216,19372,86,34,79,16,0,0,0,0,0,0,0,-32286,0,0,0,0,0,2700927,0
2689316,7674,-1834,268,1054,-46,-158,6299,322,45,-3,280,19373,76,34,79,16,0,0,0,0,0,0,0,-32286,0,0,0,0,0,2700942,0
2689321,7632,-1700,270,1112,-63,-225,6380,358,66,-10,336,19373,76,34,79,16,0,0,0,0,0,0,0,-32286,0,0,0,0,0,2700947,0
2689326,7662,-1740,192,1202,-94,-256,6468,383,82,-6,376,19371,78,34,79,16,0,0,0,0,0,0,0,-32286,0,0,0,0,0,2700962,0
2689331,7478,-1654,138,1178,-111,-287,6558,400,92,-5,424,19371,78,34,79,16,0,0,0,0,0,0,0,-32286,0,0,0,0,0,2700967,0
2689336,7502,-1546,-66,1126,-109,-337,6649,400,86,-2,416,19375,81,34,79,16,0,0,0,0,0,0,0,-32286,0,0,0,0,0,2700982,0
2689341,7418,-1456,-30,1088,-165,-387,6741,405,54,-2,440,19375,81,34,79,16,0,0,0,0,0,0,0,-32286,0,0,0,0,0,2700987,0
2689346,7600,-1500,-144,1146,-169,-428,6840,437,40,-7,496,19374,86,34,79,16,0,0,0,0,0,0,0,-32286,0,0,0,0,0,2701002,0
2689351,7508,-1454,-156,1193,-220,-444,6939,439,39,-1,496,19374,86,34,79,16,0,0,0,0,0,0,0,-32286,0,0,0,0,0,2701007,0
2689356,7462,-1408,-272,1126,-310,-449,7036,427,38,5,456,19375,83,34,79,16,0,0,0,0,0,0,0,-32286,0,0,0,0,0,2701022,0
2689361,7668,-1418,-330,1067,-296,-438,7130,403,18,4,416,19375,83,34,79,16,0,0,0,0,0,0,0,-32286,0,0,0,0,0,2701027,0
2689366,7624,-1340,-278,1006,-329,-464,7227,426,-3,-7,480,19373,78,34,79,16,0,0,0,0,0,0,0,-32286,0,0,0,0,0,2701042,0
2689371,7772,-1494,-300,991,-354,-470,7323,427,-14,-1,464,19373,78,34,79,16,0,0,0,0,0,0,0,-32286,0,0,0,0,0,2701047,0
2689376,7846,-1894,-314,931,-434,-453,7415,393,-10,11,360,19374,74,34,79,16,0,0,0,0,0,0,0,-32286,0,0,0,0,0,2701062,0
2689381,7920,-2156,-354,867,-460,-433,7503,386,-17,13,336,19374,74,34,79,16,0,0,0,0,0,0,0,-32286,0,0,0,0,0,2701067,0
2689386,7972,-2508,-372,822,-463,-403,7584,359,-35,9,288,19374,74,34,79,16,0,0,0,0,0,0,0,-32286,0,0,0,0,0,2701082,0
2689391,7944,-2806,-346,786,-513,-401,7665,350,-59,2,264,19374,74,34,79,16,0,0,0,0,0,0,0,-32286,0,0,0,0,0,2701087,0
2689396,8008,-3440,-326,869,-597,-355,7742,331,-65,1,248,19373,77,34,79,16,0,0,0,0,0,0,0,-32285,0,0,0,0,0,2701102,0
2689401,8050,-3634,-240,861,-650,-326,7815,319,-52,4,192,19373,77,34,79,16,0,0,0,0,0,0,0,-32286,0,0,0,0,0,2701107,0
2689406,8076,-3838,-228,783,-657,-258,7874,256,-71,7,112,19373,76,34,79,16,0,0,0,0,0,0,0,-32286,0,0,0,0,0,2701122,0
2689411,7988,-3956,-120,689,-666,-185,7922,214,-104,-17,96,19373,76,34,79,16,0,0,0,0,0,0,0,-32286,0,0,0,0,0,2701127,0
2689416,7712,-4180,4,561,-627,-83,7962,176,-132,-4,56,19374,74,34,79,16,0,0,0,0,0,0,0,-32286,0,0,0,0,0,2701142,0
2689421,7490,-4180,124,573,-677,-74,7990,118,-158,-4,40,19374,74,34,79,16,0,0,0,0,0,0,0,-32285,0,0,0,0,0,2701147,0
2689426,7462,-4434,58,635,-698,-11,8010,81,-157,2,16,19376,74,34,79,16,0,0,0,0,0,0,0,-32286,0,0,0,0,0,2701162,0
2689431,7252,-4316,104,663,-757,47,8013,7,-165,9,-16,19376,74,34,79,16,0,0,0,0,0,0,0,-32286,0,0,0,0,0,2701167,0
2689436,7626,-3974,34,713,-893,88,8009,-12,-169,3,-16,19376,76,34,79,16,0,0,0,0,0,0,0,-32286,0,0,0,0,0,2701182,0
2689441,7524,-3688,108,705,-931,96,8009,2,-150,-3,0,19376,76,34,79,16,0,0,0,0,0,0,0,-32286,0,0,0,0,0,2701187,0
2689446,7702,-3580,118,670,-972,107,8009,2,-96,-1,-8,19376,79,34,79,16,0,0,0,0,0,0,0,-32286,0,0,0,0,0,2701202,0
2689451,7794,-3518,124,638,-1020,105,8008,0,-36,0,0,19376,79,34,79,16,0,0,0,0,0,0,0,-32285,0,0,0,0,0,2701207,0
2689456,8326,-3398,280,589,-1116,55,8009,-4,3,1,0,19375,80,34,79,16,0,0,0,0,0,0,0,-32286,0,0,0,0,0,2701222,0
2689461,8672,-3500,414,584,-1149,3,8009,3,4,0,0,19375,80,34,79,16,0,0,0,0,0,0,0,-32286,0,0,0,0,0,2701227,0
2689466,9112,-3684,456,613,-1173,-43,8009,0,-1,0,0,19374,80,34,79,16,0,0,0,0,0,0,0,-32286,0,0,0,0,0,2701242,0
2689471,9402,-3774,536,617,-1214,-86,8009,2,-2,0,0,19374,80,34,79,16,0,0,0,0,0,0,0,-32286,0,0,0,0,0,2701247,0
2689476,10232,-4026,482,592,-1193,-137,8008,2,1,0,0,19372,86,34,79,16,0,0,0,0,0,0,0,-32286,0,0,0,0,0,2701262,0
2689481,10396,-4112,462,599,-1175,-184,8009,0,1,0,0,19372,86,34,79,16,0,0,0,0,0,0,0,-32286,0,0,0,0,0,2701267,0
2689486,10768,-4354,362,651,-1143,-224,8008,0,-1,0,-8,19372,84,34,79,16,0,0,0,0,0,0,0,-32286,0,0,0,0,0,2701282,0
2689491,10786,-4372,400,720,-1141,-262,8007,0,1,0,-8,19372,84,34,79,16,0,0,0,0,0,0,0,-32286,0,0,0,0,0,2701287,0
2689496,11052,-4796,672,855,-993,-312,8004,-3,-10,2,-16,19373,78,34,79,16,0,0,0,0,0,0,0,-32286,0,0,0,0,0,2701302,0
2689501,10784,-4748,894,813,-919,-318,8003,-5,-8,0,-8,19373,78,34,79,16,0,0,0,0,0,0,0,-32286,0,0,0,0,0,2701307,0
2689506,10742,-4832,704,729,-814,-312,8002,-1,-3,0,-8,19375,68,34,79,16,0,0,0,0,0,0,0,-32286,0,0,0,0,0,2701321,0
2689511,10538,-4872,692,641,-686,-283,8001,0,0,-1,0,19375,68,34,79,16,0,0,0,0,0,0,0,-32286,0,0,0,0,0,2701326,0
2689516,9630,-5058,312,535,-640,-311,8001,-3,3,0,0,19376,72,34,79,16,0,0,0,0,0,0,0,-32286,0,0,0,0,0,2701341,0
2689521,9412,-5034,130,482,-580,-284,8001,-2,-1,1,-8,19376,72,34,79,16,0,0,0,0,0,0,0,-32285,0,0,0,0,0,2701346,0
2689526,8668,-4876,290,422,-507,-273,7999,-6,4,0,-8,19375,73,34,79,16,0,0,0,0,0,0,0,-32286,0,0,0,0,0,2701361,0
2689531,8326,-4974,398,396,-438,-263,7999,0,0,1,-8,19375,73,34,79,16,0,0,0,0,0,0,0,-32286,0,0,0,0,0,2701366,0
2689536,7672,-5288,942,566,-301,-257,7997,-8,-5,0,-8,19373,71,34,79,16,0,0,0,0,0,0,0,-32286,0,0,0,0,0,2701381,0
2689541,8382,-5168,1326,834,-269,-381,7994,-14,-5,0,-24,19373,71,34,79,16,0,0,0,0,0,0,0,-32285,0,0,0,0,0,2701386,0
2689546,7680,-4428,1560,2434,-816,-1014,7979,-80,-30,7,-56,19373,63,34,79,16,0,0,0,0,0,0,0,-32286,0,0,0,0,0,2701401,0
2689551,7432,-7314,56,2500,-686,-483,7947,-133,-77,8,-96,19373,63,34,79,16,0,0,0,0,0,0,0,-32285,0,0,0,0,0,2701406,0
2689556,7504,-4654,-688,2191,-1189,-758,7895,-249,-158,10,-208,19375,66,34,79,16,0,0,0,0,0,0,0,-32286,0,0,0,0,0,2701421,0
2689561,6264,-2830,64,1854,-1067,-724,7808,-395,-257,17,-504,19375,66,34,79,16,0,0,0,0,0,0,0,-32286,0,0,0,0,0,2701426,0
2689566,5872,-2564,374,1252,-1055,-731,7680,-581,-372,40,-1056,19378,64,34,79,16,0,0,0,0,0,0,0,-32286,0,0,0,0,0,2701441,0
2689571,6442,-3214,332,842,-856,-661,7511,-767,-480,20,-1480,19378,64,34,79,16,0,0,0,0,0,0,0,-32285,0,0,0,0,0,2701446,0
2689576,5148,-4590,1664,186,-450,-350,7293,-970,-588,12,-1912,19378,76,34,79,16,0,0,0,0,0,0,0,-32286,0,0,0,0,0,2701461,0
2689581,4994,-5380,2058,94,-307,-167,7037,-1139,-642,1,-2248,19378,76,34,79,16,0,0,0,0,0,0,0,-32286,0,0,0,0,0,2701466,0
2689586,4666,-5882,2288,153,-197,30,6741,-1314,-651,2,-2624,19378,88,34,79,16,0,0,0,0,0,0,0,-32286,0,0,0,0,0,2701481,0
2689591,4516,-5856,2366,266,-126,185,6418,-1435,-619,1,-2880,19378,88,34,79,16,0,0,0,0,0,0,0,-32286,0,0,0,0,0,2701486,0
2689596,5022,-5002,2318,390,66,448,6066,-1550,-559,-4,-3104,19375,94,34,79,16,0,0,0,0,0,0,0,-32286,0,0,0,0,0,2701501,0
2689601,5226,-4286,2232,359,220,533,5696,-1642,-473,0,-3304,19375,94,34,79,16,0,0,0,0,0,0,0,-32286,0,0,0,0,0,2701506,0
2689606,5414,-4066,2050,253,354,660,5305,-1721,-404,-4,-3440,19373,94,34,79,16,0,0,0,0,0,0,0,-32286,0,0,0,0,0,2701521,0
2689611,5544,-3728,1932,159,466,736,4903,-1778,-333,-10,-3528,19373,94,34,79,16,0,0,0,0,0,0,0,-32286,0,0,0,0,0,2701526,0
2689616,6338,-3092,1600,249,571,792,4491,-1813,-271,-15,-3560,19372,96,34,79,16,0,0,0,0,0,0,0,-32286,0,0,0,0,0,2701541,0
2689621,6808,-2668,1392,293,600,789,4075,-1826,-205,-18,-3536,19372,96,34,79,16,0,0,0,0,0,0,0,-32286,0,0,0,0,0,2701546,0
2689626,7100,-2064,1192,292,612,751,3662,-1812,-127,-16,-3480,19369,97,34,79,16,0,0,0,0,0,0,0,-32286,0,0,0,0,0,2701561,0
2689631,7856,-1540,972,355,568,614,3259,-1771,-44,-8,-3376,19369,97,34,79,16,0,0,0,0,0,0,0,-32286,0,0,0,0,0,2701566,0
2689636,8618,-1458,596,650,240,395,2867,-1717,37,2,-3272,19369,98,34,79,16,0,0,0,0,0,0,0,-32286,0,0,0,0,0,2701581,0
2689641,9046,-1202,452,665,78,300,2484,-1680,100,10,-3208,19369,98,34,79,16,0,0,0,0,0,0,0,-32286,0,0,0,0,0,2701586,0
2689646,9380,-922,274,516,15,253,2116,-1622,148,9,-3104,19373,89,34,79,16,0,0,0,0,0,0,0,-32286,0,0,0,0,0,2701601,0
2689651,9550,-606,322,325,-7,174,1757,-1578,165,5,-3008,19373,89,34,79,16,0,0,0,0,0,0,0,-32286,0,0,0,0,0,2701606,0
2689656,10082,-942,868,9,150,16,1407,-1535,173,0,-2920,19374,80,34,79,16,0,0,0,0,0,0,0,-32286,0,0,0,0,0,2701621,0
2689661,10096,-1214,1212,0,254,-61,1068,-1493,162,-3,-2808,19374,80,34,79,16,0,0,0,0,0,0,0,-32286,0,0,0,0,0,2701626,0
2689666,10264,-1532,1548,-13,420,-120,737,-1450,153,-8,-2688,19374,80,34,79,16,0,0,0,0,0,0,0,-32286,0,0,0,0,0,2701641,0
2689671,10130,-1732,1882,-138,686,-110,418,-1395,148,-11,-2544,19374,80,34,79,16,0,0,0,0,0,0,0,-32286,0,0,0,0,0,2701646,0
2689676,9572,-2360,1464,-497,905,-135,111,-1337,156,-13,-2392,19372,77,34,79,16,0,0,0,0,0,0,0,-32286,0,0,0,0,0,2701661,0
2689681,8974,-2606,1588,-562,1183,-81,-176,-1260,178,-16,-2208,19372,77,34,79,16,0,0,0,0,0,0,0,-32286,0,0,0,0,0,2701666,0
2689686,8452,-2682,1508,-573,1165,-116,-445,-1171,218,-13,-1992,19372,79,34,79,16,0,0,0,0,0,0,0,-32286,0,0,0,0,0,2701681,0
2689691,8258,-3156,1050,-487,1143,-130,-688,-1063,267,-11,-1736,19372,79,34,79,16,0,0,0,0,0,0,0,-32286,0,0,0,0,0,2701686,0
2689696,7624,-3262,342,-367,917,-99,-907,-951,313,-2,-1504,19376,91,34,79,16,0,0,0,0,0,0,0,-32286,0,0,0,0,0,2701701,0
2689701,7536,-2990,374,-364,870,-113,-1100,-835,349,0,-1248,19376,91,34,79,16,0,0,0,0,0,0,0,-32286,0,0,0,0,0,2701706,0
2689706,7434,-2768,416,-353,833,-140,-1270,-738,368,-3,-1056,19377,91,34,79,16,0,0,0,0,0,0,0,-32286,0,0,0,0,0,2701721,0
2689711,7366,-2842,336,-330,677,-181,-1421,-655,371,5,-880,19377,91,34,79,16,0,0,0,0,0,0,0,-32286,0,0,0,0,0,2701726,0
2689716,7314,-2700,208,-321,483,-223,-1551,-560,350,-1,-656,19377,81,34,79,16,0,0,0,0,0,0,0,-32286,0,0,0,0,0,2701741,0
2689721,7176,-2720,284,-403,437,-217,-1668,-505,318,10,-544,19377,81,34,79,16,0,0,0,0,0,0,0,-32286,0,0,0,0,0,2701746,0
2689726,7140,-2878,326,-512,397,-170,-1775,-465,268,20,-488,19374,73,34,79,16,0,0,0,0,0,0,0,-32286,0,0,0,0,0,2701761,0
2689731,6970,-2828,516,-639,387,-133,-1869,-403,225,9,-368,19374,73,34,79,16,0,0,0,0,0,0,0,-32286,0,0,0,0,0,2701766,0
2689736,6972,-3392,932,-683,402,-47,-1954,-361,197,-3,-288,19375,76,34,79,16,0,0,0,0,0,0,0,-32286,0,0,0,0,0,2701781,0
2689741,6970,-3808,948,-588,353,-20,-2027,-323,175,-2,-256,19375,76,34,79,16,0,0,0,0,0,0,0,-32285,0,0,0,0,0,2701786,0
2689746,6902,-3518,964,-518,298,3,-2100,-311,149,0,-216,19376,87,34,79,16,0,0,0,0,0,0,0,-32286,0,0,0,0,0,2701801,0
2689751,6968,-3034,962,-528,322,28,-2167,-295,119,-2,-192,19376,87,34,79,16,0,0,0,0,0,0,0,-32286,0,0,0,0,0,2701806,0
2689756,6968,-2600,902,-814,409,95,-2231,-283,83,3,-176,19375,80,34,79,16,0,0,0,0,0,0,0,-32286,0,0,0,0,0,2701821,0
2689761,6998,-2834,816,-859,444,138,-2289,-245,63,0,-112,19375,80,34,79,16,0,0,0,0,0,0,0,-32286,0,0,0,0,0,2701826,0
2689766,6908,-2886,1000,-822,460,145,-2340,-210,70,2,-96,19375,81,34,79,16,0,0,0,0,0,0,0,-32286,0,0,0,0,0,2701841,0
2689771,6944,-2766,1100,-761,483,126,-2383,-189,87,2,-88,19375,81,34,79,16,0,0,0,0,0,0,0,-32286,0,0,0,0,0,2701846,0
2689776,7090,-2548,1170,-704,545,133,-2420,-161,95,0,-64,19374,81,34,79,16,0,0,0,0,0,0,0,-32286,0,0,0,0,0,2701860,0
2689781,7222,-2652,1074,-723,609,165,-2450,-132,111,1,-64,19374,81,34,79,16,0,0,0,0,0,0,0,-32286,0,0,0,0,0,2701865,0
2689786,7102,-2374,1140,-757,666,166,-2479,-129,90,5,-56,19373,86,34,79,16,0,0,0,0,0,0,0,-32286,0,0,0,0,0,2701880,0
2689791,7270,-2400,1090,-751,683,137,-2503,-99,74,-3,-48,19373,86,34,79,16,0,0,0,0,0,0,0,-32286,0,0,0,0,0,2701885,0
2689796,7130,-2218,952,-813,734,149,-2530,-119,53,4,-56,19371,84,34,79,16,0,0,0,0,0,0,0,-32286,0,0,0,0,0,2701900,0
2689801,7276,-2262,788,-816,716,119,-2554,-90,32,-6,-40,19371,84,34,79,16,0,0,0,0,0,0,0,-32286,0,0,0,0,0,2701905,0
2689806,7216,-2264,650,-811,723,146,-2568,-63,37,-5,-32,19372,80,34,79,16,0,0,0,0,0,0,0,-32286,0,0,0,0,0,2701920,0
2689811,7150,-2066,656,-817,626,104,-2588,-85,42,4,-48,19372,80,34,79,16,0,0,0,0,0,0,0,-32286,0,0,0,0,0,2701925,0
2689816,6812,-2356,214,-560,437,91,-2612,-115,22,4,-56,19373,74,34,79,16,0,0,0,0,0,0,0,-32286,0,0,0,0,0,2701940,0
2689821,6906,-1768,338,-682,326,82,-2642,-130,-11,3,-80,19373,74,34,79,16,0,0,0,0,0,0,0,-32285,0,0,0,0,0,2701945,0
2689826,6944,-1826,318,-906,535,189,-2683,-185,-65,5,-112,19371,76,34,79,16,0,0,0,0,0,0,0,-32286,0,0,0,0,0,2701960,0
2689831,6494,-1532,650,-1156,603,203,-2730,-203,-101,-8,-112,19371,76,34,79,16,0,0,0,0,0,0,0,-32286,0,0,0,0,0,2701965,0
2689836,6278,-2290,708,-1205,772,271,-2774,-191,-98,-4,-104,19370,77,34,79,16,0,0,0,0,0,0,0,-32286,0,0,0,0,0,2701980,0
2689841,6114,-2460,666,-1101,805,279,-2821,-195,-68,-1,-96,19370,77,34,79,16,0,0,0,0,0,0,0,-32286,0,0,0,0,0,2701985,0
2689846,6008,-2382,632,-1026,773,296,-2864,-188,-26,-5,-88,19369,77,34,79,16,0,0,0,0,0,0,0,-32285,0,0,0,0,0,2702000,0
2689851,6028,-2086,584,-975,777,294,-2901,-161,13,0,-80,19369,77,34,79,16,0,0,0,0,0,0,0,-32286,0,0,0,0,0,2702005,0
2689856,6056,-1802,512,-992,733,280,-2939,-161,33,6,-80,19371,78,34,79,16,0,0,0,0,0,0,0,-32286,0,0,0,0,0,2702020,0
2689861,6212,-1960,372,-1015,731,292,-2972,-143,44,0,-72,19371,78,34,79,16,0,0,0,0,0,0,0,-32286,0,0,0,0,0,2702025,0
2689866,6080,-1896,470,-1001,688,247,-3004,-141,36,0,-48,19373,82,34,79,16,0,0,0,0,0,0,0,-32286,0,0,0,0,0,2702040,0
2689871,6224,-2206,340,-867,617,217,-3028,-97,50,-5,-48,19373,82,34,79,16,0,0,0,0,0,0,0,-32286,0,0,0,0,0,2702045,0
2689876,6114,-1976,468,-804,514,201,-3051,-104,54,1,-40,19373,85,34,79,16,0,0,0,0,0,0,0,-32286,0,0,0,0,0,2702060,0
2689881,6460,-1990,472,-826,538,200,-3070,-76,58,-2,-40,19373,85,34,79,16,0,0,0,0,0,0,0,-32286,0,0,0,0,0,2702065,0
2689886,6484,-2026,446,-882,539,219,-3086,-64,58,-1,-32,19372,83,34,79,16,0,0,0,0,0,0,0,-32286,0,0,0,0,0,2702080,0
2689891,6358,-2012,300,-961,479,222,-3102,-73,46,5,-48,19372,83,34,79,16,0,0,0,0,0,0,0,-32285,0,0,0,0,0,2702085,0
2689896,6598,-2046,328,-953,373,177,-3121,-98,11,3,-40,19372,77,34,79,16,0,0,0,0,0,0,0,-32286,0,0,0,0,0,2702100,0
2689901,6804,-2188,358,-866,322,147,-3139,-71,7,-7,-24,19372,77,34,79,16,0,0,0,0,0,0,0,-32286,0,0,0,0,0,2702105,0
2689906,6896,-2130,434,-817,295,141,-3148,-34,10,-5,-16,19373,78,34,79,16,0,0,0,0,0,0,0,-32286,0,0,0,0,0,2702120,0
2689911,6974,-2068,460,-826,266,134,-3152,-17,43,-3,-8,19373,78,34,79,16,0,0,0,0,0,0,0,-32286,0,0,0,0,0,2702125,0
2689916,7224,-1988,564,-883,291,123,-3153,-7,73,-2,0,19373,80,34,79,16,0,0,0,0,0,0,0,-32285,0,0,0,0,0,2702140,0
2689921,7274,-2030,628,-919,301,116,-3152,0,72,-2,0,19373,80,34,79,16,0,0,0,0,0,0,0,-32286,0,0,0,0,0,2702145,0
2689926,7344,-2126,700,-915,321,106,-3152,2,37,0,0,19371,76,34,79,16,0,0,0,0,0,0,0,-32286,0,0,0,0,0,2702161,0
2689931,7464,-2118,740,-878,345,109,-3152,4,22,0,0,19371,76,34,79,16,0,0,0,0,0,0,0,-32286,0,0,0,0,0,2702166,0
2689936,7512,-2076,804,-857,393,86,-3153,-3,7,0,-8,19370,75,34,79,16,0,0,0,0,0,0,0,-32286,0,0,0,0,0,2702180,0
2689941,7536,-2030,802,-861,407,86,-3153,0,2,0,-8,19370,75,34,79,16,0,0,0,0,0,0,0,-32286,0,0,0,0,0,2702185,0
2689946,7510,-1976,778,-845,417,73,-3152,0,2,0,0,19371,72,34,79,16,0,0,0,0,0,0,0,-32286,0,0,0,0,0,2702200,0
2689951,7552,-1938,740,-831,423,74,-3151,4,1,0,-8,19371,72,34,79,16,0,0,0,0,0,0,0,-32286,0,0,0,0,0,2702205,0
2689956,7398,-1874,618,-889,449,87,-3151,8,2,-2,-8,19372,69,34,79,16,0,0,0,0,0,0,0,-32286,0,0,0,0,0,2702220,0
2689961,7276,-1894,626,-1069,625,188,-3152,0,-1,-3,0,19372,69,34,79,16,0,0,0,0,0,0,0,-32286,0,0,0,0,0,2702225,0
2689966,7200,-1832,902,-1240,682,200,-3150,11,6,-2,8,19372,78,34,79,16,0,0,0,0,0,0,0,-32286,0,0,0,0,0,2702240,0
2689971,7274,-2012,874,-1227,740,162,-3146,16,12,-2,8,19372,78,34,79,16,0,0,0,0,0,0,0,-32286,0,0,0,0,0,2702245,0
2689976,7148,-2400,680,-1054,650,192,-3142,20,15,-1,16,19372,79,34,79,16,0,0,0,0,0,0,0,-32286,0,0,0,0,0,2702260,0
2689981,7392,-2246,588,-1170,653,198,-3134,36,24,-1,16,19372,79,34,79,16,0,0,0,0,0,0,0,-32286,0,0,0,0,0,2702265,0
2689986,7552,-2172,616,-1243,681,209,-3120,59,40,0,32,19372,81,34,79,16,0,0,0,0,0,0,0,-32286,0,0,0,0,0,2702280,0
2689991,7592,-2250,582,-1234,604,188,-3106,55,38,4,8,19372,81,34,79,16,0,0,0,0,0,0,0,-32286,0,0,0,0,0,2702285,0
2689996,7890,-2506,640,-1033,451,130,-3102,8,14,8,-8,19372,81,34,79,16,0,0,0,0,0,0,0,-32286,0,0,0,0,0,2702300,0
2690001,8112,-2408,596,-985,394,100,-3105,-13,-34,1,-8,19372,81,34,79,16,0,0,0,0,0,0,0,-32286,0,0,0,0,0,2702305,0
2690006,8188,-2276,642,-1025,368,81,-3105,2,-60,-4,0,19374,92,34,79,16,0,0,0,0,0,0,0,-32286,0,0,0,0,0,2702320,0
2690011,8318,-2286,682,-1119,375,76,-3105,-2,-52,-1,0,19374,92,34,79,16,0,0,0,0,0,0,0,-32286,0,0,0,0,0,2702324,0
2690016,8426,-2538,882,-1166,384,61,-3105,-2,-22,-2,0,19374,85,34,79,16,0,0,0,0,0,0,0,-32286,0,0,0,0,0,2702339,0
2690021,8460,-2628,926,-1154,379,51,-3104,6,3,-1,0,19374,85,34,79,16,0,0,0,0,0,0,0,-32286,0,0,0,0,0,2702344,0
2690026,8464,-2680,960,-1160,413,46,-3105,-2,4,0,0,19372,80,34,79,16,0,0,0,0,0,0,0,-32286,0,0,0,0,0,2702359,0
2690031,8408,-2664,1028,-1187,451,63,-3103,8,2,-1,0,19372,80,34,79,16,0,0,0,0,0,0,0,-32286,0,0,0,0,0,2702364,0
2690036,8322,-2726,1132,-1271,549,64,-3103,5,1,-1,0,19372,72,34,79,16,0,0,0,0,0,0,0,-32286,0,0,0,0,0,2702379,0
2690041,8328,-2790,1152,-1266,596,58,-3101,4,3,-1,0,19372,72,34,79,16,0,0,0,0,0,0,0,-32286,0,0,0,0,0,2702384,0
2690046,8234,-2802,1212,-1232,614,37,-3100,3,3,0,0,19371,74,34,79,16,0,0,0,0,0,0,0,-32286,0,0,0,0,0,2702399,0
2690051,8178,-2746,1228,-1184,623,26,-3099,8,1,0,0,19371,74,34,79,16,0,0,0,0,0,0,0,-32286,0,0,0,0,0,2702404,0
2690056,8082,-2550,1206,-1118,646,-29,-3098,4,-3,-3,0,19372,76,34,79,16,0,0,0,0,0,0,0,-32286,0,0,0,0,0,2702419,0
2690061,8012,-2484,1164,-1095,653,-58,-3097,7,-2,-3,0,19372,76,34,79,16,0,0,0,0,0,0,0,-32285,0,0,0,0,0,2702424,0
2690066,7992,-2376,1162,-1037,659,-87,-3094,9,4,-1,8,19374,72,34,79,16,0,0,0,0,0,0,0,-32286,0,0,0,0,0,2702439,0
2690071,7886,-2278,1174,-988,644,-126,-3092,6,3,-1,0,19374,72,34,79,16,0,0,0,0,0,0,0,-32286,0,0,0,0,0,2702444,0
2690076,7932,-1954,1226,-908,669,-202,-3090,13,6,-2,8,19375,78,34,79,16,0,0,0,0,0,0,0,-32286,0,0,0,0,0,2702459,0
2690081,7864,-1728,1244,-900,700,-235,-3086,14,8,-1,8,19375,78,34,79,16,0,0,0,0,0,0,0,-32286,0,0,0,0,0,2702464,0
2690086,7844,-1590,1218,-916,749,-255,-3079,32,10,-2,16,19375,78,34,79,16,0,0,0,0,0,0,0,-32286,0,0,0,0,0,2702479,0
2690091,7812,-1488,1164,-916,760,-287,-3066,61,29,-4,40,19375,78,34,79,16,0,0,0,0,0,0,0,-32286,0,0,0,0,0,2702484,0
2690096,7720,-1316,878,-790,668,-352,-3041,113,63,-4,48,19373,80,34,79,16,0,0,0,0,0,0,0,-32286,0,0,0,0,0,2702499,0
2690101,7668,-1166,814,-857,622,-345,-3010,133,90,-1,72,19373,80,34,79,16,0,0,0,0,0,0,0,-32286,0,0,0,0,0,2702504,0
2690106,7852,-826,834,-914,541,-387,-2973,177,116,-4,104,19373,75,34,79,16,0,0,0,0,0,0,0,-32286,0,0,0,0,0,2702519,0
2690111,8150,-1060,844,-960,501,-361,-2930,190,121,4,112,19373,75,34,79,16,0,0,0,0,0,0,0,-32286,0,0,0,0,0,2702524,0
2690116,9020,-1192,1196,-1221,438,-350,-2881,204,103,0,112,19373,81,34,79,16,0,0,0,0,0,0,0,-32286,0,0,0,0,0,2702539,0
2690121,9374,-1360,1592,-1365,452,-343,-2827,242,89,2,144,19373,81,34,79,16,0,0,0,0,0,0,0,-32286,0,0,0,0,0,2702544,0
2690126,9756,-1836,1932,-1564,567,-304,-2765,270,93,1,192,19373,82,34,79,16,0,0,0,0,0,0,0,-32286,0,0,0,0,0,2702559,0
2690131,10324,-2208,1976,-1639,559,-316,-2695,315,92,5,256,19373,82,34,79,16,0,0,0,0,0,0,0,-32286,0,0,0,0,0,2702564,0
2690136,10830,-3454,2148,-1780,727,-221,-2618,339,110,1,296,19371,85,34,79,16,0,0,0,0,0,0,0,-32286,0,0,0,0,0,2702579,0
2690141,11418,-4132,2066,-1798,793,-200,-2532,378,118,-8,400,19371,85,34,79,16,0,0,0,0,0,0,0,-32286,0,0,0,0,0,2702584,0
2690146,11526,-4776,2048,-1748,837,-173,-2436,429,127,-18,504,19372,75,34,79,16,0,0,0,0,0,0,0,-32286,0,0,0,0,0,2702599,0
2690151,11614,-5240,1970,-1623,743,-215,-2329,478,134,-18,664,19372,75,34,79,16,0,0,0,0,0,0,0,-32286,0,0,0,0,0,2702604,0
2690156,11456,-5218,1780,-1270,641,-332,-2210,533,151,-3,800,19373,69,34,79,16,0,0,0,0,0,0,0,-32286,0,0,0,0,0,2702619,0
2690161,11194,-5202,1736,-1263,680,-363,-2082,566,165,8,848,19373,69,34,79,16,0,0,0,0,0,0,0,-32286,0,0,0,0,0,2702624,0
2690166,10860,-5246,1756,-1305,721,-402,-1947,591,158,13,904,19377,69,34,79,16,0,0,0,0,0,0,0,-32286,0,0,0,0,0,2702639,0
2690171,10356,-5624,1894,-1363,808,-433,-1808,621,138,10,960,19377,69,34,79,16,0,0,0,0,0,0,0,-32286,0,0,0,0,0,2702644,0
2690176,9268,-6682,1900,-1187,816,-496,-1660,638,114,6,992,19376,70,34,79,16,0,0,0,0,0,0,0,-32286,0,0,0,0,0,2702659,0
2690181,8602,-7056,1848,-1024,749,-523,-1513,648,85,7,992,19376,70,34,79,16,0,0,0,0,0,0,0,-32286,0,0,0,0,0,2702664,0
2690186,8014,-7360,1680,-865,663,-559,-1363,663,68,-1,1040,19374,74,34,79,16,0,0,0,0,0,0,0,-32286,0,0,0,0,0,2702679,0
2690191,7470,-7592,1516,-723,600,-544,-1212,668,46,0,1024,19374,74,34,79,16,0,0,0,0,0,0,0,-32286,0,0,0,0,0,2702684,0
2690196,6502,-7692,1344,-517,442,-476,-1062,659,26,11,984,19371,74,34,79,16,0,0,0,0,0,0,0,-32286,0,0,0,0,0,2702699,0
2690201,6132,-7876,1434,-338,437,-437,-911,668,12,-2,1016,19371,74,34,79,16,0,0,0,0,0,0,0,-32286,0,0,0,0,0,2702704,0
2690206,5348,-7914,1030,-92,179,-420,-760,665,11,0,984,19372,72,34,79,16,0,0,0,0,0,0,0,-32286,0,0,0,0,0,2702719,0
2690211,5414,-7564,736,157,-2,-410,-614,641,-6,7,944,19372,72,34,79,16,0,0,0,0,0,0,0,-32286,0,0,0,0,0,2702724,0
2690216,5228,-6028,722,269,-212,-351,-468,637,-17,1,928,19371,75,34,79,16,0,0,0,0,0,0,0,-32286,0,0,0,0,0,2702739,0
2690221,5176,-5546,774,218,-233,-299,-327,622,-29,10,864,19371,75,34,79,16,0,0,0,0,0,0,0,-32286,0,0,0,0,0,2702744,0
2690226,5100,-4980,914,184,-247,-265,-193,587,-52,7,792,19371,83,34,79,16,0,0,0,0,0,0,0,-32286,0,0,0,0,0,2702759,0
2690231,4914,-4826,920,172,-242,-231,-63,563,-72,-6,744,19371,83,34,79,16,0,0,0,0,0,0,0,-32286,0,0,0,0,0,2702766,0
2690236,4792,-4082,616,285,-263,-215,64,564,-73,-12,752,19373,80,34,79,16,0,0,0,0,0,0,0,-32286,0,0,0,0,0,2702782,0
2690241,4596,-3572,576,267,-232,-191,187,542,-72,0,712,19373,80,34,79,16,0,0,0,0,0,0,0,-32286,0,0,0,0,0,2702787,0
2690246,4600,-3154,596,176,-181,-161,308,528,-57,-2,680,19373,77,34,79,16,0,0,0,0,0,0,0,-32286,0,0,0,0,0,2702802,0
2690251,4582,-2982,556,61,-87,-115,431,538,-39,-3,712,19373,77,34,79,16,0,0,0,0,0,0,0,-32286,0,0,0,0,0,2702807,0
2690256,4514,-3062,638,6,23,-52,555,555,-16,-4,776,19373,78,34,79,16,0,0,0,0,0,0,0,-32286,0,0,0,0,0,2702822,0
2690261,4406,-3032,622,22,58,-58,684,567,6,0,816,19373,75,34,79,16,0,0,0,0,0,0,0,-32286,0,0,0,0,0,2702827,0
2690266,4362,-3118,494,31,71,-35,818,591,27,-2,888,19373,75,34,79,16,0,0,0,0,0,0,0,-32286,0,0,0,0,0,2702842,0
2690271,4216,-3102,396,57,10,-49,958,621,60,0,968,19373,75,34,79,16,0,0,0,0,0,0,0,-32287,0,0,0,0,0,2702847,0
2690276,4308,-3332,54,173,-153,-72,1106,647,82,0,1016,19376,78,34,79,16,0,0,0,0,0,0,0,-32286,0,0,0,0,0,2702862,0
2690281,4430,-3362,-78,203,-256,-63,1260,669,88,7,1048,19376,78,34,79,16,0,0,0,0,0,0,0,-32286,0,0,0,0,0,2702867,0
2690286,4702,-3402,-94,222,-367,-95,1416,701,93,-2,1128,19375,72,34,79,16,0,0,0,0,0,0,0,-32286,0,0,0,0,0,2702882,0
2690291,5010,-3710,-138,236,-440,-83,1574,691,80,0,1080,19375,72,34,79,16,0,0,0,0,0,0,0,-32286,0,0,0,0,0,2702887,0
2690296,5392,-4184,-110,62,-594,-49,1728,680,38,6,1056,19376,69,34,79,16,0,0,0,0,0,0,0,-32286,0,0,0,0,0,2702901,0
2690301,5592,-4584,-50,-21,-626,13,1878,660,5,3,1008,19376,69,34,79,16,0,0,0,0,0,0,0,-32286,0,0,0,0,0,2702906,0
2690306,5698,-5002,94,-100,-657,102,2022,627,-25,10,904,19374,65,34,79,16,0,0,0,0,0,0,0,-32286,0,0,0,0,0,2702921,0
2690311,5910,-5376,172,-144,-709,172,2156,579,-74,7,800,19374,65,34,79,16,0,0,0,0,0,0,0,-32286,0,0,0,0,0,2702926,0
2690316,6486,-5546,244,-86,-777,283,2283,550,-95,-6,712,19373,73,34,79,16,0,0,0,0,0,0,0,-32286,0,0,0,0,0,2702941,0
2690321,6822,-5804,368,-93,-698,384,2403,510,-119,-2,608,19373,73,34,79,16,0,0,0,0,0,0,0,-32286,0,0,0,0,0,2702946,0
2690326,6972,-5318,436,-88,-715,379,2510,471,-130,-4,528,19371,74,34,79,16,0,0,0,0,0,0,0,-32286,0,0,0,0,0,2702961,0
2690331,7376,-5258,240,-46,-665,399,2609,430,-132,-6,440,19371,74,34,79,16,0,0,0,0,0,0,0,-32286,0,0,0,0,0,2702966,0
2690336,7686,-4606,82,52,-617,312,2701,403,-138,-2,392,19370,79,34,79,16,0,0,0,0,0,0,0,-32286,0,0,0,0,0,2702981,0
2690341,7910,-4338,-30,72,-578,258,2786,378,-131,8,336,19370,79,34,79,16,0,0,0,0,0,0,0,-32286,0,0,0,0,0,2702986,0
2690346,7886,-3984,-80,28,-522,196,2862,330,-121,16,224,19371,78,34,79,16,0,0,0,0,0,0,0,-32286,0,0,0,0,0,2703001,0
2690351,8020,-3864,-168,19,-500,110,2930,295,-117,3,176,19371,78,34,79,16,0,0,0,0,0,0,0,-32286,0,0,0,0,0,2703006,0
2690356,7680,-3718,-256,-57,-459,-17,2989,253,-123,-2,112,19371,79,34,79,16,0,0,0,0,0,0,0,-32286,0,0,0,0,0,2703021,0
2690361,7638,-3618,-340,-166,-408,-73,3039,215,-138,-15,112,19371,79,34,79,16,0,0,0,0,0,0,0,-32286,0,0,0,0,0,2703026,0
2690366,7624,-3684,-354,-213,-416,-110,3083,191,-136,-8,88,19373,78,34,79,16,0,0,0,0,0,0,0,-32286,0,0,0,0,0,2703041,0
2690371,7418,-3704,-278,-219,-422,-169,3125,188,-109,-2,80,19373,78,34,79,16,0,0,0,0,0,0,0,-32286,0,0,0,0,0,2703046,0
2690376,7168,-3828,-222,-113,-522,-280,3168,188,-78,-4,120,19376,67,34,79,16,0,0,0,0,0,0,0,-32286,0,0,0,0,0,2703061,0
2690381,7212,-3920,-222,-14,-559,-318,3216,209,-32,-3,112,19376,67,34,79,16,0,0,0,0,0,0,0,-32286,0,0,0,0,0,2703066,0
2690386,7116,-3946,-92,91,-640,-348,3267,229,10,5,112,19377,68,34,79,16,0,0,0,0,0,0,0,-32286,0,0,0,0,0,2703081,0
2690391,7106,-3654,-30,165,-675,-397,3317,227,29,-3,128,19377,68,34,79,16,0,0,0,0,0,0,0,-32286,0,0,0,0,0,2703086,0
2690396,7274,-3500,212,224,-719,-399,3370,237,34,-5,144,19376,59,34,79,16,0,0,0,0,0,0,0,-32286,0,0,0,0,0,2703101,0
2690401,7504,-3482,298,223,-679,-394,3425,245,24,0,160,19376,59,34,79,16,0,0,0,0,0,0,0,-32286,0,0,0,0,0,2703106,0
2690406,7532,-3480,352,260,-693,-380,3478,245,23,2,152,19376,64,34,79,16,0,0,0,0,0,0,0,-32286,0,0,0,0,0,2703121,0
2690411,7636,-3460,516,362,-697,-416,3541,269,28,0,184,19376,64,34,79,16,0,0,0,0,0,0,0,-32286,0,0,0,0,0,2703126,0
2690416,7782,-3190,674,457,-623,-399,3611,308,48,2,248,19374,74,34,79,16,0,0,0,0,0,0,0,-32286,0,0,0,0,0,2703141,0
2690421,7884,-3254,728,468,-563,-365,3689,354,81,-1,328,19374,74,34,79,16,0,0,0,0,0,0,0,-32286,0,0,0,0,0,2703146,0
2690426,7758,-3162,736,445,-495,-329,3774,374,105,-4,352,19375,85,34,79,16,0,0,0,0,0,0,0,-32286,0,0,0,0,0,2703161,0
2690431,7752,-3134,732,468,-468,-325,3863,396,111,-9,408,19375,85,34,79,16,0,0,0,0,0,0,0,-32286,0,0,0,0,0,2703166,0
2690436,7556,-3070,578,568,-424,-285,3958,416,104,-10,464,19374,90,34,79,16,0,0,0,0,0,0,0,-32286,0,0,0,0,0,2703181,0
2690441,7492,-3132,428,647,-440,-273,4061,456,89,-13,584,19374,90,34,79,16,0,0,0,0,0,0,0,-32286,0,0,0,0,0,2703186,0
2690446,7388,-3052,356,731,-472,-270,4172,496,94,-7,688,19374,92,34,79,16,0,0,0,0,0,0,0,-32286,0,0,0,0,0,2703201,0
2690451,7378,-3022,254,744,-499,-239,4287,509,103,15,672,19374,92,34,79,16,0,0,0,0,0,0,0,-32285,0,0,0,0,0,2703206,0
2690456,7148,-2842,72,703,-555,-183,4402,507,92,7,672,19372,78,34,79,16,0,0,0,0,0,0,0,-32286,0,0,0,0,0,2703221,0
2690461,7010,-2800,68,703,-615,-176,4521,522,72,0,696,19372,78,34,79,16,0,0,0,0,0,0,0,-32286,0,0,0,0,0,2703226,0
2690466,6896,-3022,56,681,-628,-134,4643,535,47,1,704,19371,74,34,79,16,0,0,0,0,0,0,0,-32286,0,0,0,0,0,2703241,0
2690471,6724,-2896,92,629,-646,-87,4758,506,22,5,624,19371,74,34,79,16,0,0,0,0,0,0,0,-32286,0,0,0,0,0,2703246,0
2690476,6604,-3064,220,529,-650,-3,4869,487,-1,-7,600,19369,78,34,79,16,0,0,0,0,0,0,0,-32286,0,0,0,0,0,2703261,0
2690481,6586,-3248,302,514,-661,39,4981,485,-28,-4,592,19369,78,34,79,16,0,0,0,0,0,0,0,-32286,0,0,0,0,0,2703266,0
2690486,6608,-3350,398,548,-654,70,5089,473,-44,3,536,19374,91,34,79,16,0,0,0,0,0,0,0,-32286,0,0,0,0,0,2703281,0
2690491,6652,-3386,464,550,-643,113,5186,428,-55,9,432,19374,91,34,79,16,0,0,0,0,0,0,0,-32286,0,0,0,0,0,2703286,0
2690496,6746,-3508,578,532,-589,191,5277,393,-67,1,376,19375,98,34,79,16,0,0,0,0,0,0,0,-32286,0,0,0,0,0,2703301,0
2690501,7220,-2854,184,482,-597,212,5363,363,-91,8,304,19375,98,34,79,16,0,0,0,0,0,0,0,-32286,0,0,0,0,0,2703306,0
2690506,6782,-3132,618,282,-363,271,5443,343,-102,6,264,19377,92,34,79,16,0,0,0,0,0,0,0,-32286,0,0,0,0,0,2703321,0
2690511,6516,-3812,610,423,-411,268,5517,328,-99,8,232,19377,92,34,79,16,0,0,0,0,0,0,0,-32286,0,0,0,0,0,2703326,0
2690516,6782,-3690,394,799,-548,299,5581,276,-98,6,144,19377,78,34,79,16,0,0,0,0,0,0,0,-32286,0,0,0,0,0,2703341,0
2690521,7244,-3424,260,789,-509,334,5634,230,-111,-4,112,19377,78,34,79,16,0,0,0,0,0,0,0,-32286,0,0,0,0,0,2703346,0
2690526,7262,-3070,364,608,-428,396,5681,196,-126,-1,56,19376,79,34,79,16,0,0,0,0,0,0,0,-32286,0,0,0,0,0,2703361,0
2690531,7312,-2966,360,406,-354,407,5713,142,-142,-1,48,19376,79,34,79,16,0,0,0,0,0,0,0,-32286,0,0,0,0,0,2703366,0
2690536,7422,-3394,168,469,-309,442,5735,85,-154,0,16,19375,75,34,79,16,0,0,0,0,0,0,0,-32286,0,0,0,0,0,2703381,0
2690541,7370,-3372,74,536,-340,449,5742,27,-175,7,0,19375,75,34,79,16,0,0,0,0,0,0,0,-32286,0,0,0,0,0,2703386,0
2690546,7460,-3192,-48,602,-340,444,5740,-5,-184,2,0,19374,75,34,79,16,0,0,0,0,0,0,0,-32286,0,0,0,0,0,2703401,0
2690551,7570,-2920,-106,697,-357,422,5741,-8,-156,0,0,19374,75,34,79,16,0,0,0,0,0,0,0,-32286,0,0,0,0,0,2703406,0
2690556,7740,-2442,-76,706,-344,367,5741,4,-102,3,0,19371,78,34,79,16,0,0,0,0,0,0,0,-32286,0,0,0,0,0,2703421,0
2690561,7858,-2410,-140,647,-309,351,5741,1,-44,2,-8,19371,78,34,79,16,0,0,0,0,0,0,0,-32286,0,0,0,0,0,2703425,0
2690566,7796,-2406,-144,607,-297,341,5741,0,-12,1,0,19373,78,34,79,16,0,0,0,0,0,0,0,-32286,0,0,0,0,0,2703440,0
2690571,7796,-2390,-86,602,-311,321,5741,-3,8,1,0,19373,78,34,79,16,0,0,0,0,0,0,0,-32285,0,0,0,0,0,2703446,0
2690576,7750,-2524,-58,621,-296,278,5742,4,3,1,0,19374,85,34,79,16,0,0,0,0,0,0,0,-32286,0,0,0,0,0,2703460,0
2690581,7722,-2542,-54,624,-282,270,5741,0,1,0,0,19374,85,34,79,16,0,0,0,0,0,0,0,-32285,0,0,0,0,0,2703465,0
2690586,7700,-2530,-14,678,-277,247,5742,2,-2,-1,0,19375,82,34,79,16,0,0,0,0,0,0,0,-32285,0,0,0,0,0,2703480,0
2690591,7648,-2478,72,699,-259,248,5743,1,-1,-1,0,19375,82,34,79,16,0,0,0,0,0,0,0,-32286,0,0,0,0,0,2703485,0
2690596,7570,-2394,48,645,-224,269,5745,8,12,-3,8,19377,81,34,79,16,0,0,0,0,0,0,0,-32286,0,0,0,0,0,2703500,0
2690601,7542,-2254,78,619,-192,262,5756,43,20,-2,24,19377,81,34,79,16,0,0,0,0,0,0,0,-32286,0,0,0,0,0,2703505,0
2690606,7526,-2282,128,647,-165,250,5778,99,57,-6,56,19377,73,34,79,16,0,0,0,0,0,0,0,-32286,0,0,0,0,0,2703520,0
2690611,7446,-2342,120,716,-158,254,5807,123,97,-1,56,19377,73,34,79,16,0,0,0,0,0,0,0,-32286,0,0,0,0,0,2703525,0
2690616,7500,-2306,38,822,-165,210,5843,154,121,-1,88,19375,77,34,79,16,0,0,0,0,0,0,0,-32286,0,0,0,0,0,2703540,0
2690621,7422,-2250,-16,851,-113,236,5885,186,133,5,104,19375,77,34,79,16,0,0,0,0,0,0,0,-32286,0,0,0,0,0,2703545,0
2690626,7302,-2078,32,870,-191,198,5937,235,119,0,144,19371,79,34,79,16,0,0,0,0,0,0,0,-32285,0,0,0,0,0,2703560,0
2690631,7548,-2162,-158,914,-148,184,5997,266,112,8,168,19371,79,34,79,16,0,0,0,0,0,0,0,-32286,0,0,0,0,0,2703565,0
2690636,7314,-2178,-232,928,-177,216,6059,278,112,1,200,19371,79,34,79,16,0,0,0,0,0,0,0,-32286,0,0,0,0,0,2703580,0
2690641,7442,-2132,-304,957,-158,203,6124,288,99,0,200,19371,79,34,79,16,0,0,0,0,0,0,0,-32286,0,0,0,0,0,2703585,0
2690646,7448,-2082,-306,963,-143,223,6191,295,70,0,200,19372,78,34,79,16,0,0,0,0,0,0,0,-32286,0,0,0,0,0,2703600,0
2690651,7422,-1986,-316,929,-155,214,6257,303,39,-4,224,19372,78,34,79,16,0,0,0,0,0,0,0,-32286,0,0,0,0,0,2703605,0
2690656,7524,-1998,-406,953,-132,221,6328,316,25,-6,248,19372,75,34,79,16,0,0,0,0,0,0,0,-32286,0,0,0,0,0,2703620,0
2690661,7432,-1912,-360,974,-162,181,6405,348,34,-6,296,19372,75,34,79,16,0,0,0,0,0,0,0,-32286,0,0,0,0,0,2703625,0
2690666,7522,-2118,-420,995,-162,190,6484,347,47,1,288,19374,80,34,79,16,0,0,0,0,0,0,0,-32286,0,0,0,0,0,2703640,0
2690671,7458,-1996,-340,939,-161,194,6561,348,49,6,296,19374,80,34,79,16,0,0,0,0,0,0,0,-32286,0,0,0,0,0,2703645,0
2690676,7598,-2074,-290,823,-139,186,6637,339,28,5,248,19375,79,34,79,16,0,0,0,0,0,0,0,-32286,0,0,0,0,0,2703660,0
2690681,7634,-2106,-142,752,-130,176,6711,328,0,0,256,19375,79,34,79,16,0,0,0,0,0,0,0,-32286,0,0,0,0,0,2703665,0
2690686,7734,-2186,-40,751,-102,163,6791,351,-8,-6,296,19375,73,34,79,16,0,0,0,0,0,0,0,-32286,0,0,0,0,0,2703680,0
2690691,7666,-2390,22,807,-113,134,6873,368,14,-4,320,19375,73,34,79,16,0,0,0,0,0,0,0,-32286,0,0,0,0,0,2703685,0
2690696,7596,-2572,34,878,-116,138,6958,363,28,1,312,19377,70,34,79,16,0,0,0,0,0,0,0,-32286,0,0,0,0,0,2703700,0
2690701,7640,-2492,34,871,-107,126,7040,362,32,-2,304,19377,70,34,79,16,0,0,0,0,0,0,0,-32286,0,0,0,0,0,2703705,0
2690706,7622,-2542,-12,846,-57,133,7119,344,13,1,272,19376,77,34,79,16,0,0,0,0,0,0,0,-32286,0,0,0,0,0,2703720,0
2690711,7562,-2502,6,833,-65,97,7204,369,-5,-6,336,19376,77,34,79,16,0,0,0,0,0,0,0,-32286,0,0,0,0,0,2703725,0
2690716,7560,-2664,-48,961,-71,62,7292,384,3,-4,360,19377,80,34,79,16,0,0,0,0,0,0,0,-32287,0,0,0,0,0,2703740,0
2690721,7632,-2774,-138,1016,-87,70,7381,392,30,5,352,19377,80,34,79,16,0,0,0,0,0,0,0,-32286,0,0,0,0,0,2703745,0
2690726,7452,-2560,-178,993,-82,71,7468,381,22,9,328,19373,84,34,79,16,0,0,0,0,0,0,0,-32286,0,0,0,0,0,2703763,0
2690731,7620,-2514,-282,988,-88,65,7553,376,13,2,304,19372,83,34,79,16,0,0,0,0,0,0,0,-32286,0,0,0,0,0,2703768,0
2690736,7544,-2392,-358,1002,-105,39,7637,377,-6,-2,336,19372,83,34,79,16,0,0,0,0,0,0,0,-32286,0,0,0,0,0,2703781,0
2690741,7548,-2412,-408,1053,-105,28,7725,385,-8,-4,360,19372,83,34,79,16,0,0,0,0,0,0,0,-32286,0,0,0,0,0,2703786,0
2690746,7422,-2298,-424,1086,-152,4,7813,391,2,-1,352,19371,86,34,79,16,0,0,0,0,0,0,0,-32286,0,0,0,0,0,2703800,0
2690751,7536,-2224,-514,1102,-156,36,7898,374,9,7,304,19371,86,34,79,16,0,0,0,0,0,0,0,-32286,0,0,0,0,0,2703804,0
2690756,7580,-1954,-544,993,-180,14,7982,366,0,0,296,19372,92,34,79,16,0,0,0,0,0,0,0,-32286,0,0,0,0,0,2703819,0
2690761,7432,-1860,-472,957,-165,24,8062,353,-17,2,272,19372,92,34,79,16,0,0,0,0,0,0,0,-32286,0,0,0,0,0,2703824,0
2690766,7472,-1840,-450,953,-202,4,8143,354,-28,1,288,19372,84,34,79,16,0,0,0,0,0,0,0,-32286,0,0,0,0,0,2703839,0
2690771,7520,-1862,-414,966,-182,1,8223,352,-25,0,280,19372,84,34,79,16,0,0,0,0,0,0,0,-32286,0,0,0,0,0,2703844,0
2690776,7636,-1906,-342,955,-158,21,8301,341,-15,3,248,19371,81,34,79,16,0,0,0,0,0,0,0,-32286,0,0,0,0,0,2703859,0
2690781,7708,-1766,-252,918,-170,2,8376,326,-19,7,224,19371,81,34,79,16,0,0,0,0,0,0,0,-32286,0,0,0,0,0,2703864,0
2690786,7976,-1898,-252,926,-130,2,8450,319,-23,0,208,19372,76,34,79,16,0,0,0,0,0,0,0,-32286,0,0,0,0,0,2703879,0
2690791,7974,-1846,-108,913,-136,-20,8520,310,-33,4,208,19373,72,34,79,16,0,0,0,0,0,0,0,-32286,0,0,0,0,0,2703884,0
2690796,8676,-2212,-168,933,-152,-70,8588,302,-38,-2,192,19373,72,34,79,16,0,0,0,0,0,0,0,-32286,0,0,0,0,0,2703899,0
2690801,8900,-2626,-214,940,-162,-90,8658,310,-33,1,224,19373,75,34,79,16,0,0,0,0,0,0,0,-32286,0,0,0,0,0,2703904,0
2690806,9276,-3202,-336,998,-216,-127,8730,321,-17,-3,232,19373,75,34,79,16,0,0,0,0,0,0,0,-32286,0,0,0,0,0,2703919,0
2690811,9386,-3624,-322,1016,-196,-110,8800,305,-2,2,208,19373,75,34,79,16,0,0,0,0,0,0,0,-32286,0,0,0,0,0,2703924,0
2690816,9726,-4086,-340,1091,-196,-157,8868,301,0,0,200,19373,76,34,79,16,0,0,0,0,0,0,0,-32286,0,0,0,0,0,2703939,0
2690821,9696,-4244,-334,1156,-213,-147,8930,275,-14,5,160,19373,76,34,79,16,0,0,0,0,0,0,0,-32286,0,0,0,0,0,2703944,0
2690826,9680,-4336,-362,1217,-283,-135,8990,254,-44,-2,136,19376,73,34,79,16,0,0,0,0,0,0,0,-32286,0,0,0,0,0,2703959,0
2690831,9716,-4206,-350,1308,-319,-146,9045,244,-57,-1,128,19376,73,34,79,16,0,0,0,0,0,0,0,-32286,0,0,0,0,0,2703964,0
2690836,9492,-3640,-252,1363,-388,-138,9094,221,-56,0,104,19376,69,34,79,16,0,0,0,0,0,0,0,-32286,0,0,0,0,0,2703979,0
2690841,9546,-3348,-234,1353,-433,-117,9143,213,-65,-2,88,19376,69,34,79,16,0,0,0,0,0,0,0,-32286,0,0,0,0,0,2703984,0
2690846,9364,-2924,-30,1291,-448,-105,9187,188,-60,0,80,19377,72,34,79,16,0,0,0,0,0,0,0,-32286,0,0,0,0,0,2703999,0
2690851,9322,-2862,32,1150,-511,-47,9215,110,-65,0,32,19375,75,34,79,16,0,0,0,0,0,0,0,-32286,0,0,0,0,0,2704004,0
2690856,9428,-2242,206,920,-574,-49,9229,52,-123,-3,16,19375,75,34,79,16,0,0,0,0,0,0,0,-32286,0,0,0,0,0,2704019,0
2690861,9492,-2032,328,866,-559,-65,9231,17,-164,0,0,19375,75,34,79,16,0,0,0,0,0,0,0,-32286,0,0,0,0,0,2704024,0
2690866,9494,-2006,368,804,-593,-97,9232,-4,-178,0,-8,19374,80,34,79,16,0,0,0,0,0,0,0,-32286,0,0,0,0,0,2704039,0
2690871,9586,-2138,328,774,-604,-137,9232,-4,-141,-2,0,19374,80,34,79,16,0,0,0,0,0,0,0,-32286,0,0,0,0,0,2704044,0
2690876,9688,-2250,154,716,-601,-209,9231,-3,-69,0,-8,19373,85,34,79,16,0,0,0,0,0,0,0,-32286,0,0,0,0,0,2704059,0
2690881,9660,-2328,94,666,-600,-243,9233,5,-24,0,-8,19373,85,34,79,16,0,0,0,0,0,0,0,-32286,0,0,0,0,0,2704064,0
2690886,9734,-2524,-2,616,-598,-269,9232,0,-7,0,0,19371,93,34,79,16,0,0,0,0,0,0,0,-32286,0,0,0,0,0,2704079,0
2690891,9774,-2640,-82,534,-576,-289,9232,-3,5,0,0,19371,93,34,79,16,0,0,0,0,0,0,0,-32286,0,0,0,0,0,2704084,0
2690896,9326,-3284,-118,266,-450,-255,9231,-1,0,0,0,19369,97,34,79,16,0,0,0,0,0,0,0,-32286,0,0,0,0,0,2704099,0
2690901,9706,-3468,12,141,-484,-241,9232,0,3,0,0,19369,97,34,79,16,0,0,0,0,0,0,0,-32286,0,0,0,0,0,2704104,0
2690906,9518,-3570,160,38,-421,-222,9232,2,0,-2,0,19372,87,34,79,16,0,0,0,0,0,0,0,-32286,0,0,0,0,0,2704119,0
2690911,9424,-3920,472,169,-392,-279,9233,1,2,-2,-8,19372,87,34,79,16,0,0,0,0,0,0,0,-32286,0,0,0,0,0,2704124,0
2690916,9512,-4622,702,672,-459,-338,9232,-5,2,-1,-8,19374,86,34,79,16,0,0,0,0,0,0,0,-32286,0,0,0,0,0,2704139,0
2690921,9222,-4350,834,612,-405,-322,9232,3,-2,0,-8,19374,86,34,79,16,0,0,0,0,0,0,0,-32286,0,0,0,0,0,2704144,0
2690926,9208,-4240,728,293,-332,-300,9232,4,-4,0,-8,19375,91,34,79,16,0,0,0,0,0,0,0,-32286,0,0,0,0,0,2704159,0
2690931,8560,-4464,546,14,-293,-315,9231,-3,0,0,0,19375,91,34,79,16,0,0,0,0,0,0,0,-32286,0,0,0,0,0,2704164,0
2690936,7904,-5392,694,-341,-201,-219,9232,0,0,0,-8,19374,90,34,79,16,0,0,0,0,0,0,0,-32286,0,0,0,0,0,2704179,0
2690941,7648,-5952,1086,-300,-189,-230,9231,-3,3,0,0,19374,90,34,79,16,0,0,0,0,0,0,0,-32286,0,0,0,0,0,2704184,0
2690946,7334,-6550,1510,-118,-80,-226,9231,0,-3,1,-8,19373,90,34,79,16,0,0,0,0,0,0,0,-32286,0,0,0,0,0,2704199,0
2690951,7204,-6356,1878,176,-106,-242,9229,-8,-4,1,-16,19373,90,34,79,16,0,0,0,0,0,0,0,-32286,0,0,0,0,0,2704204,0
2690956,7662,-9656,1748,2818,-478,-788,9211,-86,-38,10,-80,19372,78,34,79,16,0,0,0,0,0,0,0,-32286,0,0,0,0,0,2704219,0
2690961,5160,-6166,3160,2391,-478,-598,9170,-199,-128,11,-144,19372,78,34,79,16,0,0,0,0,0,0,0,-32286,0,0,0,0,0,2704224,0
2690966,5520,-4948,2032,2274,-835,-866,9110,-273,-213,5,-272,19375,77,34,79,16,0,0,0,0,0,0,0,-32286,0,0,0,0,0,2704239,0
2690971,6302,-5752,-126,2163,-762,-697,9024,-396,-301,28,-520,19375,77,34,79,16,0,0,0,0,0,0,0,-32286,0,0,0,0,0,2704244,0
2690976,4988,-4834,544,1238,-698,-621,8902,-550,-375,47,-976,19380,79,34,79,16,0,0,0,0,0,0,0,-32286,0,0,0,0,0,2704259,0
2690981,4804,-5430,524,1045,-625,-512,8736,-750,-449,20,-1448,19380,79,34,79,16,0,0,0,0,0,0,0,-32286,0,0,0,0,0,2704264,0
2690986,4246,-5550,1026,852,-547,-399,8522,-967,-560,10,-1936,19382,82,34,79,16,0,0,0,0,0,0,0,-32286,0,0,0,0,0,2704279,0
2690991,4096,-6098,1198,673,-440,-222,8258,-1179,-658,7,-2400,19382,82,34,79,16,0,0,0,0,0,0,0,-32286,0,0,0,0,0,2704284,0
2690996,3988,-6570,1526,362,-259,189,7946,-1392,-715,0,-2848,19382,87,34,79,16,0,0,0,0,0,0,0,-32286,0,0,0,0,0,2704299,0
2691001,3960,-6320,1842,281,-114,380,7588,-1591,-739,-4,-3256,19382,87,34,79,16,0,0,0,0,0,0,0,-32286,0,0,0,0,0,2704304,0
2691006,4362,-6308,1836,310,4,545,7192,-1763,-531,-10,-3576,19379,86,34,79,16,0,0,0,0,0,0,0,-32286,0,0,0,0,0,2704319,0
2691011,4376,-5904,1832,316,154,724,6764,-1895,-544,-6,-3848,19379,86,34,79,16,0,0,0,0,0,0,0,-32286,0,0,0,0,0,2704324,0
2691016,5066,-4896,1574,247,394,984,6312,-1996,-453,-7,-4032,19374,82,34,79,16,0,0,0,0,0,0,0,-32286,0,0,0,0,0,2704339,0
2691021,5734,-4298,1532,306,474,1058,5842,-2079,-616,-10,-4208,19374,82,34,79,16,0,0,0,0,0,0,0,-32286,0,0,0,0,0,2704344,0
2691026,6048,-4142,1442,279,576,1204,5358,-2146,-535,-6,-4336,19371,90,34,79,16,0,0,0,0,0,0,0,-32286,0,0,0,0,0,2704359,0
2691031,6094,-3340,1300,97,589,1297,4866,-2169,-289,-16,-4320,19371,90,34,79,16,0,0,0,0,0,0,0,-32287,0,0,0,0,0,2704363,0
2691036,6652,-3020,576,104,353,1315,4373,-2168,-201,-23,-4248,19367,98,34,79,16,0,0,0,0,0,0,0,-32286,0,0,0,0,0,2704378,0
2691041,7824,-2542,0,532,-44,1170,3884,-2150,-118,-21,-4160,19367,98,34,79,16,0,0,0,0,0,0,0,-32286,0,0,0,0,0,2704383,0
2691046,8528,-1182,-266,835,-365,1004,3405,-2103,-25,-5,-4072,19365,100,34,79,16,0,0,0,0,0,0,0,-32286,0,0,0,0,0,2704398,0
2691051,9394,80,-594,738,-553,839,2941,-2042,67,3,-3952,19365,100,34,79,16,0,0,0,0,0,0,0,-32287,0,0,0,0,0,2704403,0
2691056,10432,1120,-362,-128,-602,571,2490,-1976,138,8,-3848,19366,102,34,79,16,0,0,0,0,0,0,0,-32286,0,0,0,0,0,2704418,0
2691061,10706,746,-98,-433,-593,435,2055,-1906,192,12,-3704,19366,102,34,79,16,0,0,0,0,0,0,0,-32286,0,0,0,0,0,2704423,0
2691066,10978,58,444,-502,-604,281,1633,-1859,211,9,-3608,19367,104,34,79,16,0,0,0,0,0,0,0,-32286,0,0,0,0,0,2704438,0
2691071,11224,-644,1216,-384,-564,141,1222,-1796,212,-1,-3472,19367,104,34,79,16,0,0,0,0,0,0,0,-32286,0,0,0,0,0,2704443,0
2691076,11504,-1346,2262,-246,-212,-97,820,-1765,197,-6,-3376,19368,101,34,79,16,0,0,0,0,0,0,0,-32286,0,0,0,0,0,2704458,0
2691081,11224,-1554,2870,-387,170,-103,426,-1724,174,-14,-3256,19370,101,34,79,16,0,0,0,0,0,0,0,-32286,0,0,0,0,0,2704463,0
2691086,10662,-1820,3052,-590,480,-99,47,-1664,154,-14,-3088,19370,101,34,79,16,0,0,0,0,0,0,0,-32286,0,0,0,0,0,2704478,0
2691091,10020,-2020,2942,-706,795,-127,-320,-1599,162,-16,-2920,19370,101,34,79,16,0,0,0,0,0,0,0,-32287,0,0,0,0,0,2704483,0
2691096,8832,-2840,2316,-727,1203,-38,-664,-1506,195,-8,-2712,19370,94,34,79,16,0,0,0,0,0,0,0,-32286,0,0,0,0,0,2704498,0
2691101,8470,-3228,1612,-717,1302,-44,-984,-1400,245,-6,-2472,19370,94,34,79,16,0,0,0,0,0,0,0,-32286,0,0,0,0,0,2704503,0
2691106,7880,-3238,1156,-662,1319,-8,-1277,-1281,307,2,-2224,19371,87,34,79,16,0,0,0,0,0,0,0,-32286,0,0,0,0,0,2704518,0
2691111,7364,-3160,810,-586,1260,-39,-1543,-1148,359,0,-1936,19371,87,34,79,16,0,0,0,0,0,0,0,-32286,0,0,0,0,0,2704523,0
2691116,6864,-2894,104,-489,1105,-60,-1782,-1046,393,2,-1728,19373,91,34,79,16,0,0,0,0,0,0,0,-32286,0,0,0,0,0,2704538,0
2691121,6778,-2740,-144,-396,958,-99,-1994,-924,406,0,-1480,19373,91,34,79,16,0,0,0,0,0,0,0,-32286,0,0,0,0,0,2704543,0
2691126,6592,-2764,-424,-389,797,-103,-2188,-836,396,3,-1296,19374,84,34,79,16,0,0,0,0,0,0,0,-32286,0,0,0,0,0,2704558,0
2691131,6478,-2668,-496,-460,636,-101,-2362,-754,373,0,-1120,19374,84,34,79,16,0,0,0,0,0,0,0,-32286,0,0,0,0,0,2704563,0
2691136,6440,-2500,-268,-557,459,-76,-2520,-691,326,0,-1000,19374,82,34,79,16,0,0,0,0,0,0,0,-32286,0,0,0,0,0,2704578,0
2691141,6402,-2642,-124,-603,360,-44,-2664,-631,292,5,-888,19374,82,34,79,16,0,0,0,0,0,0,0,-32286,0,0,0,0,0,2704583,0
2691146,6378,-2656,12,-715,329,2,-2799,-590,239,1,-792,19371,78,34,79,16,0,0,0,0,0,0,0,-32286,0,0,0,0,0,2704598,0
2691151,6616,-2598,320,-808,358,54,-2919,-522,216,1,-600,19371,78,34,79,16,0,0,0,0,0,0,0,-32286,0,0,0,0,0,2704603,0
2691156,6800,-2546,858,-882,457,117,-3028,-471,187,9,-504,19371,75,34,79,16,0,0,0,0,0,0,0,-32287,0,0,0,0,0,2704618,0
2691161,6972,-2892,970,-790,440,149,-3130,-440,179,11,-456,19371,75,34,79,16,0,0,0,0,0,0,0,-32286,0,0,0,0,0,2704623,0
2691166,7124,-2702,1248,-667,467,131,-3224,-410,159,3,-392,19371,72,34,79,16,0,0,0,0,0,0,0,-32286,0,0,0,0,0,2704638,0
2691171,7414,-2486,1228,-679,522,157,-3309,-371,147,-12,-320,19371,72,34,79,16,0,0,0,0,0,0,0,-32287,0,0,0,0,0,2704643,0
2691176,7576,-1696,1112,-1000,705,195,-3382,-327,133,-8,-248,19373,69,34,79,16,0,0,0,0,0,0,0,-32286,0,0,0,0,0,2704658,0
2691181,7470,-1568,1026,-1196,779,212,-3454,-307,119,-2,-216,19373,69,34,79,16,0,0,0,0,0,0,0,-32286,0,0,0,0,0,2704663,0
2691186,7432,-1682,1010,-1254,809,214,-3521,-290,112,-1,-176,19374,75,34,79,16,0,0,0,0,0,0,0,-32286,0,0,0,0,0,2704678,0
2691191,7470,-1818,1008,-1201,837,185,-3585,-277,89,6,-176,19374,75,34,79,16,0,0,0,0,0,0,0,-32286,0,0,0,0,0,2704683,0
2691196,7480,-2000,930,-1064,856,116,-3643,-258,65,0,-120,19372,83,34,79,16,0,0,0,0,0,0,0,-32286,0,0,0,0,0,2704698,0
2691201,7266,-1826,952,-1034,863,112,-3691,-206,71,1,-88,19372,83,34,79,16,0,0,0,0,0,0,0,-32286,0,0,0,0,0,2704703,0
2691206,7194,-1646,912,-1105,920,84,-3728,-149,95,12,-56,19371,77,34,79,16,0,0,0,0,0,0,0,-32286,0,0,0,0,0,2704718,0
2691211,7102,-1614,880,-1189,964,106,-3751,-95,138,5,-40,19371,77,34,79,16,0,0,0,0,0,0,0,-32286,0,0,0,0,0,2704723,0
2691216,6636,-1798,842,-1289,1035,105,-3768,-69,157,-3,-16,19372,75,34,79,16,0,0,0,0,0,0,0,-32286,0,0,0,0,0,2704738,0
2691221,6658,-1988,698,-1195,1048,105,-3773,-17,166,-8,0,19372,75,34,79,16,0,0,0,0,0,0,0,-32286,0,0,0,0,0,2704743,0
2691226,6320,-1986,588,-1156,1000,123,-3770,19,154,-3,8,19374,75,34,79,16,0,0,0,0,0,0,0,-32286,0,0,0,0,0,2704758,0
2691231,6176,-1856,476,-1142,920,116,-3771,-6,125,2,0,19374,75,34,79,16,0,0,0,0,0,0,0,-32286,0,0,0,0,0,2704765,0
2691236,6090,-1730,236,-1141,865,118,-3770,1,83,0,-8,19375,79,34,79,16,0,0,0,0,0,0,0,-32286,0,0,0,0,0,2704781,0
2691241,5974,-1550,274,-1193,843,130,-3770,-3,34,0,0,19375,79,34,79,16,0,0,0,0,0,0,0,-32286,0,0,0,0,0,2704786,0
2691246,5910,-1600,316,-1280,892,145,-3770,2,8,0,0,19374,75,34,79,16,0,0,0,0,0,0,0,-32286,0,0,0,0,0,2704801,0
2691251,5796,-1608,390,-1325,933,156,-3768,0,-13,0,0,19374,75,34,79,16,0,0,0,0,0,0,0,-32286,0,0,0,0,0,2704806,0
2691256,5738,-1776,466,-1250,981,158,-3770,0,0,1,0,19374,83,34,79,16,0,0,0,0,0,0,0,-32286,0,0,0,0,0,2704820,0
2691261,5794,-1816,454,-1212,1003,157,-3770,-3,1,0,0,19374,83,34,79,16,0,0,0,0,0,0,0,-32286,0,0,0,0,0,2704825,0
2691266,5802,-1764,376,-1206,1008,149,-3771,-1,-3,-1,0,19375,78,34,79,16,0,0,0,0,0,0,0,-32286,0,0,0,0,0,2704840,0
2691271,5884,-1746,326,-1204,1003,147,-3771,-7,-2,-1,0,19375,78,34,79,16,0,0,0,0,0,0,0,-32287,0,0,0,0,0,2704845,0
2691276,6050,-1632,362,-1221,969,126,-3769,-1,1,0,0,19376,85,34,79,16,0,0,0,0,0,0,0,-32286,0,0,0,0,0,2704860,0
2691281,6092,-1646,392,-1236,954,95,-3770,0,2,0,0,19376,85,34,79,16,0,0,0,0,0,0,0,-32286,0,0,0,0,0,2704865,0
2691286,6138,-1722,456,-1228,927,73,-3770,-1,5,0,0,19373,89,34,79,16,0,0,0,0,0,0,0,-32286,0,0,0,0,0,2704880,0
2691291,6180,-1784,442,-1209,885,53,-3768,0,-4,0,0,19373,89,34,79,16,0,0,0,0,0,0,0,-32286,0,0,0,0,0,2704885,0
2691296,6280,-1840,434,-1214,782,-6,-3769,3,2,0,0,19371,86,34,79,16,0,0,0,0,0,0,0,-32286,0,0,0,0,0,2704900,0
2691301,6346,-1854,418,-1222,747,-16,-3769,1,1,0,0,19371,86,34,79,16,0,0,0,0,0,0,0,-32286,0,0,0,0,0,2704905,0
2691306,6346,-1894,434,-1241,704,-38,-3770,-1,-4,0,0,19370,78,34,79,16,0,0,0,0,0,0,0,-32286,0,0,0,0,0,2704920,0
2691311,6334,-2044,416,-1243,663,-54,-3768,1,1,0,0,19370,78,34,79,16,0,0,0,0,0,0,0,-32286,0,0,0,0,0,2704925,0
2691316,6236,-2392,304,-1377,604,31,-3770,4,-3,-1,8,19371,81,34,79,16,0,0,0,0,0,0,0,-32286,0,0,0,0,0,2704940,0
2691321,6114,-2220,486,-1558,665,62,-3766,13,2,-3,0,19371,81,34,79,16,0,0,0,0,0,0,0,-32286,0,0,0,0,0,2704945,0
2691326,6374,-2514,588,-1545,620,63,-3763,17,4,0,8,19375,86,34,79,16,0,0,0,0,0,0,0,-32286,0,0,0,0,0,2704960,0
2691331,6320,-2754,610,-1411,559,28,-3761,9,12,0,0,19375,86,34,79,16,0,0,0,0,0,0,0,-32286,0,0,0,0,0,2704965,0
2691336,6510,-2864,358,-1178,265,13,-3761,-6,1,1,0,19374,86,34,79,16,0,0,0,0,0,0,0,-32286,0,0,0,0,0,2704980,0
2691341,6720,-2748,424,-1220,260,28,-3761,6,-12,-1,0,19374,86,34,79,16,0,0,0,0,0,0,0,-32286,0,0,0,0,0,2704985,0
2691346,6788,-2724,598,-1268,280,43,-3760,0,-10,0,0,19375,85,34,79,16,0,0,0,0,0,0,0,-32286,0,0,0,0,0,2705000,0
2691351,6866,-2824,650,-1280,218,27,-3759,5,-7,0,0,19375,85,34,79,16,0,0,0,0,0,0,0,-32286,0,0,0,0,0,2705005,0
2691356,7116,-3192,664,-1101,132,4,-3757,2,1,0,0,19374,86,34,79,16,0,0,0,0,0,0,0,-32286,0,0,0,0,0,2705020,0
2691361,7214,-3348,650,-993,102,-20,-3756,5,3,0,0,19374,86,34,79,16,0,0,0,0,0,0,0,-32286,0,0,0,0,0,2705025,0
2691366,7328,-3414,784,-922,132,3,-3755,7,2,0,0,19373,85,34,79,16,0,0,0,0,0,0,0,-32286,0,0,0,0,0,2705040,0
2691371,7420,-3410,1012,-922,204,26,-3753,10,3,-2,8,19373,85,34,79,16,0,0,0,0,0,0,0,-32286,0,0,0,0,0,2705045,0
2691376,7806,-3386,1120,-931,347,70,-3748,15,4,0,8,19372,82,34,79,16,0,0,0,0,0,0,0,-32286,0,0,0,0,0,2705060,0
2691381,7864,-3442,1084,-910,376,87,-3740,41,23,-2,16,19372,82,34,79,16,0,0,0,0,0,0,0,-32286,0,0,0,0,0,2705065,0
2691386,8024,-3390,956,-871,389,73,-3723,83,43,-6,48,19372,88,34,79,16,0,0,0,0,0,0,0,-32286,0,0,0,0,0,2705080,0
2691391,8280,-3144,832,-755,353,24,-3690,148,83,-11,80,19372,88,34,79,16,0,0,0,0,0,0,0,-32286,0,0,0,0,0,2705085,0
2691396,8552,-2750,430,-567,135,-60,-3650,177,127,0,112,19373,80,34,79,16,0,0,0,0,0,0,0,-32286,0,0,0,0,0,2705100,0
2691401,8986,-2526,168,-515,1,-96,-3598,231,160,1,136,19373,80,34,79,16,0,0,0,0,0,0,0,-32286,0,0,0,0,0,2705105,0
2691406,9056,-2226,184,-537,-82,-132,-3544,244,157,9,128,19373,80,34,79,16,0,0,0,0,0,0,0,-32286,0,0,0,0,0,2705120,0
2691411,9188,-2156,220,-632,-140,-158,-3492,229,111,6,120,19373,80,34,79,16,0,0,0,0,0,0,0,-32287,0,0,0,0,0,2705125,0
2691416,9330,-1984,654,-761,-106,-208,-3441,222,54,-3,128,19373,79,34,79,16,0,0,0,0,0,0,0,-32286,0,0,0,0,0,2705140,0
2691421,9278,-2256,870,-799,-49,-207,-3394,211,9,1,96,19374,86,34,79,16,0,0,0,0,0,0,0,-32286,0,0,0,0,0,2705145,0
2691426,9150,-2206,1120,-793,-16,-224,-3348,198,-24,2,80,19374,86,34,79,16,0,0,0,0,0,0,0,-32286,0,0,0,0,0,2705160,0
2691431,9254,-2262,1256,-790,93,-247,-3304,194,-37,-4,112,19374,86,34,79,16,0,0,0,0,0,0,0,-32286,0,0,0,0,0,2705165,0
2691436,9084,-2058,1538,-786,288,-265,-3258,196,-24,0,96,19373,91,34,79,16,0,0,0,0,0,0,0,-32286,0,0,0,0,0,2705180,0
2691441,9008,-2108,1564,-801,368,-251,-3213,198,-16,4,80,19373,91,34,79,16,0,0,0,0,0,0,0,-32286,0,0,0,0,0,2705185,0
2691446,8848,-1838,1620,-770,426,-293,-3169,202,-11,-1,104,19373,93,34,79,16,0,0,0,0,0,0,0,-32286,0,0,0,0,0,2705200,0
2691451,8994,-2112,1464,-760,500,-246,-3130,174,-9,0,80,19373,93,34,79,16,0,0,0,0,0,0,0,-32286,0,0,0,0,0,2705205,0
2691456,8820,-1698,1412,-816,651,-225,-3097,145,-26,0,32,19375,87,34,79,16,0,0,0,0,0,0,0,-32286,0,0,0,0,0,2705220,0
2691461,8596,-1194,1370,-876,710,-221,-3077,78,-73,1,16,19375,87,34,79,16,0,0,0,0,0,0,0,-32286,0,0,0,0,0,2705225,0
2691466,8644,-978,1128,-974,754,-215,-3071,31,-122,0,8,19374,78,34,79,16,0,0,0,0,0,0,0,-32286,0,0,0,0,0,2705240,0
2691471,8752,-814,1088,-1111,854,-201,-3068,20,-151,0,8,19374,78,34,79,16,0,0,0,0,0,0,0,-32286,0,0,0,0,0,2705245,0
2691476,9050,-1276,1412,-1426,1017,-112,-3065,10,-136,-1,8,19373,72,34,79,16,0,0,0,0,0,0,0,-32286,0,0,0,0,0,2705260,0
2691481,9354,-1896,1628,-1565,1064,-62,-3058,29,-78,-3,16,19373,72,34,79,16,0,0,0,0,0,0,0,-32285,0,0,0,0,0,2705265,0
2691486,9908,-2470,1724,-1623,1055,-16,-3046,51,-7,-2,24,19375,72,34,79,16,0,0,0,0,0,0,0,-32286,0,0,0,0,0,2705280,0
2691491,10350,-2866,1704,-1666,1035,34,-3033,57,31,0,16,19375,72,34,79,16,0,0,0,0,0,0,0,-32286,0,0,0,0,0,2705285,0
2691496,11244,-3378,1508,-1872,1106,141,-3022,56,35,-1,24,19374,77,34,79,16,0,0,0,0,0,0,0,-32286,0,0,0,0,0,2705300,0
2691501,11768,-4034,1412,-1945,1131,169,-3001,90,33,-6,56,19374,77,34,79,16,0,0,0,0,0,0,0,-32286,0,0,0,0,0,2705305,0
2691506,12050,-4860,1432,-1917,1154,211,-2965,173,62,-12,112,19374,80,34,79,16,0,0,0,0,0,0,0,-32286,0,0,0,0,0,2705320,0
2691511,12070,-5740,1554,-1877,1172,257,-2916,219,119,-3,160,19374,80,34,79,16,0,0,0,0,0,0,0,-32286,0,0,0,0,0,2705325,0
2691516,11906,-6262,1716,-1517,1149,225,-2851,293,174,-8,280,19374,83,34,79,16,0,0,0,0,0,0,0,-32286,0,0,0,0,0,2705340,0
2691521,11740,-6156,1810,-1361,1221,186,-2769,372,217,-5,400,19374,83,34,79,16,0,0,0,0,0,0,0,-32286,0,0,0,0,0,2705345,0
2691526,11078,-5968,1792,-1265,1265,113,-2672,449,247,-17,576,19377,88,34,79,16,0,0,0,0,0,0,0,-32286,0,0,0,0,0,2705360,0
2691531,10780,-6246,1636,-1194,1322,78,-2560,489,243,-9,672,19377,88,34,79,16,0,0,0,0,0,0,0,-32286,0,0,0,0,0,2705365,0
2691536,9582,-7006,1370,-1074,1233,-59,-2437,542,235,0,824,19379,88,34,79,16,0,0,0,0,0,0,0,-32286,0,0,0,0,0,2705380,0
2691541,8852,-7588,1260,-925,1088,-130,-2302,595,211,4,960,19379,88,34,79,16,0,0,0,0,0,0,0,-32286,0,0,0,0,0,2705384,0
2691546,8282,-7944,1112,-720,868,-194,-2158,640,185,13,1040,19377,90,34,79,16,0,0,0,0,0,0,0,-32286,0,0,0,0,0,2705399,0
2691551,7654,-8248,934,-515,662,-207,-2004,680,169,6,1104,19377,90,34,79,16,0,0,0,0,0,0,0,-32286,0,0,0,0,0,2705404,0
2691556,6054,-8160,796,-200,345,-209,-1847,703,147,7,1144,19377,81,34,79,16,0,0,0,0,0,0,0,-32286,0,0,0,0,0,2705419,0
2691561,5328,-8060,706,24,198,-202,-1683,732,127,0,1192,19377,81,34,79,16,0,0,0,0,0,0,0,-32286,0,0,0,0,0,2705424,0
2691566,4766,-7956,722,263,36,-183,-1515,735,96,2,1192,19373,83,34,79,16,0,0,0,0,0,0,0,-32286,0,0,0,0,0,2705439,0
2691571,4512,-7592,680,492,-150,-177,-1344,754,76,0,1248,19373,83,34,79,16,0,0,0,0,0,0,0,-32286,0,0,0,0,0,2705444,0
2691576,4440,-6510,826,689,-376,-103,-1173,758,60,3,1216,19374,83,34,79,16,0,0,0,0,0,0,0,-32286,0,0,0,0,0,2705459,0
2691581,4530,-5822,890,643,-405,-55,-1002,748,39,11,1192,19374,83,34,79,16,0,0,0,0,0,0,0,-32286,0,0,0,0,0,2705464,0
2691586,4616,-5118,982,615,-399,-37,-828,765,17,-1,1232,19372,87,34,79,16,0,0,0,0,0,0,0,-32286,0,0,0,0,0,2705479,0
2691591,4462,-4884,1216,636,-343,-8,-658,746,13,5,1168,19372,87,34,79,16,0,0,0,0,0,0,0,-32286,0,0,0,0,0,2705484,0
2691596,4176,-3978,810,730,-431,16,-485,757,0,-5,1224,19372,78,34,79,16,0,0,0,0,0,0,0,-32286,0,0,0,0,0,2705499,0
2691601,4048,-3438,726,775,-468,8,-312,766,-2,1,1224,19374,73,34,79,16,0,0,0,0,0,0,0,-32286,0,0,0,0,0,2705504,0
2691606,4240,-2928,510,752,-446,9,-141,754,4,3,1192,19374,73,34,79,16,0,0,0,0,0,0,0,-32286,0,0,0,0,0,2705519,0
2691611,4286,-2316,540,671,-408,5,34,770,2,-2,1224,19374,73,34,79,16,0,0,0,0,0,0,0,-32286,0,0,0,0,0,2705524,0
2691616,4260,-1954,448,399,-256,39,208,765,11,2,1224,19374,74,34,79,16,0,0,0,0,0,0,0,-32286,0,0,0,0,0,2705539,0
2691621,4228,-2020,434,310,-202,54,385,772,10,-2,1232,19374,74,34,79,16,0,0,0,0,0,0,0,-32286,0,0,0,0,0,2705544,0
2691626,4208,-2112,402,312,-189,40,562,786,14,0,1264,19374,75,34,79,16,0,0,0,0,0,0,0,-32286,0,0,0,0,0,2705559,0
2691631,4260,-2168,374,327,-179,36,739,780,19,0,1264,19374,75,34,79,16,0,0,0,0,0,0,0,-32286,0,0,0,0,0,2705564,0
2691636,4256,-2070,144,166,-185,15,914,771,9,-3,1240,19372,86,34,79,16,0,0,0,0,0,0,0,-32286,0,0,0,0,0,2705579,0
2691641,4530,-2430,-32,49,-176,51,1087,758,-4,-1,1200,19372,86,34,79,16,0,0,0,0,0,0,0,-32287,0,0,0,0,0,2705584,0
2691646,4522,-2586,96,-99,-165,75,1255,730,-20,5,1136,19371,84,34,79,16,0,0,0,0,0,0,0,-32286,0,0,0,0,0,2705599,0
2691651,4812,-2958,206,-226,-140,97,1417,715,-48,-2,1112,19371,84,34,79,16,0,0,0,0,0,0,0,-32286,0,0,0,0,0,2705604,0
2691656,5248,-4086,480,-315,-145,192,1574,686,-64,0,1024,19374,78,34,79,16,0,0,0,0,0,0,0,-32286,0,0,0,0,0,2705619,0
2691661,5496,-4632,594,-340,-187,254,1720,635,-86,4,912,19374,78,34,79,16,0,0,0,0,0,0,0,-32286,0,0,0,0,0,2705632,0
2691666,5740,-4992,628,-348,-229,327,1860,606,-102,-2,864,19374,67,34,79,16,0,0,0,0,0,0,0,-32286,0,0,0,0,0,2705638,0
2691671,6026,-5204,594,-373,-253,408,1990,562,-112,11,712,19374,67,34,79,16,0,0,0,0,0,0,0,-32286,0,0,0,0,0,2705643,0
2691676,6488,-5230,620,-574,-208,569,2109,514,-136,8,592,19374,75,34,79,16,0,0,0,0,0,0,0,-32286,0,0,0,0,0,2705658,0
2691681,6722,-5434,462,-545,-205,593,2218,474,-146,-9,528,19374,75,34,79,16,0,0,0,0,0,0,0,-32286,0,0,0,0,0,2705663,0
2691686,6810,-5422,310,-438,-269,575,2319,436,-145,-12,456,19374,72,34,79,16,0,0,0,0,0,0,0,-32286,0,0,0,0,0,2705678,0
2691691,7086,-5400,30,-304,-331,575,2411,390,-147,2,376,19374,72,34,79,16,0,0,0,0,0,0,0,-32286,0,0,0,0,0,2705683,0
2691696,7362,-4740,-252,-189,-408,489,2489,348,-146,15,272,19375,72,34,79,16,0,0,0,0,0,0,0,-32286,0,0,0,0,0,2705698,0
2691701,7500,-4346,-298,-249,-389,445,2558,298,-149,10,168,19375,72,34,79,16,0,0,0,0,0,0,0,-32286,0,0,0,0,0,2705703,0
2691706,7566,-4124,-328,-319,-411,348,2616,257,-162,5,128,19375,84,34,79,16,0,0,0,0,0,0,0,-32286,0,0,0,0,0,2705718,0
2691711,7824,-4280,-480,-342,-375,304,2668,215,-157,-6,104,19375,84,34,79,16,0,0,0,0,0,0,0,-32286,0,0,0,0,0,2705723,0
2691716,7534,-4172,-448,-387,-418,182,2708,168,-150,-4,72,19375,83,34,79,16,0,0,0,0,0,0,0,-32286,0,0,0,0,0,2705738,0
2691721,7620,-4102,-476,-414,-433,147,2744,151,-136,-3,40,19375,83,34,79,16,0,0,0,0,0,0,0,-32286,0,0,0,0,0,2705743,0
2691726,7376,-3952,-396,-466,-428,88,2773,128,-120,-1,40,19374,91,34,79,16,0,0,0,0,0,0,0,-32286,0,0,0,0,0,2705758,0
2691731,7322,-3952,-444,-492,-474,52,2797,98,-107,0,24,19374,91,34,79,16,0,0,0,0,0,0,0,-32286,0,0,0,0,0,2705763,0
2691736,7036,-3966,-302,-428,-560,-30,2807,38,-107,8,0,19373,87,34,79,16,0,0,0,0,0,0,0,-32286,0,0,0,0,0,2705780,0
2691741,7138,-4028,-348,-316,-611,-85,2806,-6,-126,6,-8,19373,87,34,79,16,0,0,0,0,0,0,0,-32286,0,0,0,0,0,2705785,0
2691746,7074,-3906,-296,-223,-700,-138,2804,0,-137,0,-8,19372,87,34,79,16,0,0,0,0,0,0,0,-32286,0,0,0,0,0,2705798,0
2691751,7146,-3742,-236,-143,-748,-173,2804,0,-109,-1,-8,19372,87,34,79,16,0,0,0,0,0,0,0,-32286,0,0,0,0,0,2705803,0
2691756,7288,-3592,98,-115,-791,-174,2805,8,-59,0,0,19373,83,34,79,16,0,0,0,0,0,0,0,-32286,0,0,0,0,0,2705818,0
2691761,7442,-3548,262,-114,-742,-163,2805,5,-10,0,0,19373,83,34,79,16,0,0,0,0,0,0,0,-32286,0,0,0,0,0,2705823,0
2691766,7496,-3524,564,-144,-668,-130,2805,2,3,0,-8,19374,83,34,79,16,0,0,0,0,0,0,0,-32286,0,0,0,0,0,2705838,0
2691771,7536,-3586,760,-213,-549,-65,2806,3,1,0,0,19374,83,34,79,16,0,0,0,0,0,0,0,-32286,0,0,0,0,0,2705843,0
2691776,7302,-3754,1182,-488,-211,105,2811,30,11,-3,8,19373,82,34,79,16,0,0,0,0,0,0,0,-32286,0,0,0,0,0,2705858,0
2691781,7482,-3646,1276,-285,-131,55,2827,73,33,-6,48,19373,82,34,79,16,0,0,0,0,0,0,0,-32286,0,0,0,0,0,2705863,0
2691786,7732,-3720,1328,60,-23,18,2862,154,86,-12,104,19372,84,34,79,16,0,0,0,0,0,0,0,-32286,0,0,0,0,0,2705878,0
2691791,7468,-3594,1384,282,17,16,2916,249,165,-9,224,19372,84,34,79,16,0,0,0,0,0,0,0,-32286,0,0,0,0,0,2705883,0
2691796,7600,-3162,778,494,-16,-32,2989,324,241,-2,304,19372,83,34,79,16,0,0,0,0,0,0,0,-32286,0,0,0,0,0,2705898,0
2691801,7478,-2892,508,567,-86,-59,3082,415,277,-15,504,19372,83,34,79,16,0,0,0,0,0,0,0,-32286,0,0,0,0,0,2705903,0
2691806,7416,-2814,212,663,-176,-80,3191,494,290,-24,712,19371,84,34,79,16,0,0,0,0,0,0,0,-32286,0,0,0,0,0,2705918,0
2691811,7294,-2704,16,763,-315,-140,3318,558,286,-6,872,19371,84,34,79,16,0,0,0,0,0,0,0,-32286,0,0,0,0,0,2705923,0
2691816,7058,-2448,-254,750,-521,-169,3454,607,259,11,976,19372,82,34,79,16,0,0,0,0,0,0,0,-32286,0,0,0,0,0,2705938,0
2691821,6990,-2380,-304,687,-609,-189,3599,645,230,16,1024,19372,82,34,79,16,0,0,0,0,0,0,0,-32286,0,0,0,0,0,2705943,0
2691826,6936,-2352,-252,672,-694,-220,3756,688,186,5,1096,19373,77,34,79,16,0,0,0,0,0,0,0,-32286,0,0,0,0,0,2705958,0
2691831,6904,-2558,-200,662,-759,-222,3912,694,144,6,1080,19373,77,34,79,16,0,0,0,0,0,0,0,-32286,0,0,0,0,0,2705963,0
2691836,6754,-2688,34,581,-853,-208,4072,702,114,4,1096,19373,78,34,79,16,0,0,0,0,0,0,0,-32287,0,0,0,0,0,2705978,0
2691841,6776,-2908,102,484,-833,-151,4231,699,65,3,1072,19373,78,34,79,16,0,0,0,0,0,0,0,-32286,0,0,0,0,0,2705983,0
2691846,6616,-2926,268,389,-815,-111,4388,686,31,9,1032,19374,80,34,79,16,0,0,0,0,0,0,0,-32286,0,0,0,0,0,2705997,0
2691851,6670,-3142,356,313,-786,-90,4542,676,-9,2,1008,19374,80,34,79,16,0,0,0,0,0,0,0,-32286,0,0,0,0,0,2706002,0
2691856,6526,-3506,532,289,-701,8,4691,655,-28,-1,952,19373,82,34,79,16,0,0,0,0,0,0,0,-32287,0,0,0,0,0,2706017,0
2691861,6456,-3456,644,260,-666,42,4832,619,-55,7,864,19373,82,34,79,16,0,0,0,0,0,0,0,-32286,0,0,0,0,0,2706022,0
2691866,6570,-3480,594,201,-585,94,4967,590,-80,0,816,19374,80,34,79,16,0,0,0,0,0,0,0,-32286,0,0,0,0,0,2706037,0
2691871,6458,-3548,586,161,-530,126,5098,573,-86,2,768,19374,80,34,79,16,0,0,0,0,0,0,0,-32286,0,0,0,0,0,2706042,0
2691876,6392,-3756,520,269,-488,192,5218,531,-99,4,640,19374,76,34,79,16,0,0,0,0,0,0,0,-32286,0,0,0,0,0,2706057,0
2691881,6516,-3936,454,417,-487,220,5328,474,-111,-6,544,19374,76,34,79,16,0,0,0,0,0,0,0,-32286,0,0,0,0,0,2706062,0
2691886,6614,-3882,502,547,-492,222,5431,441,-127,-8,472,19373,76,34,79,16,0,0,0,0,0,0,0,-32286,0,0,0,0,0,2706077,0
2691891,6830,-3586,448,613,-444,220,5525,403,-134,-4,400,19373,76,34,79,16,0,0,0,0,0,0,0,-32286,0,0,0,0,0,2706082,0
2691896,7010,-3178,426,580,-395,268,5591,363,-141,9,280,19373,74,34,79,16,0,0,0,0,0,0,0,-32287,0,0,0,0,0,2706097,0
2691901,7272,-3160,322,577,-351,281,5666,326,-149,11,208,19373,74,34,79,16,0,0,0,0,0,0,0,-32286,0,0,0,0,0,2706102,0
2691906,7446,-3116,166,674,-394,244,5727,265,-155,7,128,19374,73,34,79,16,0,0,0,0,0,0,0,-32286,0,0,0,0,0,2706117,0
2691911,7798,-2664,-114,505,-313,301,5776,207,-168,-11,88,19374,73,34,79,16,0,0,0,0,0,0,0,-32286,0,0,0,0,0,2706122,0
2691916,7212,-3188,194,508,-252,326,5815,173,-176,-7,64,19373,67,34,79,16,0,0,0,0,0,0,0,-32286,0,0,0,0,0,2706137,0
2691921,7486,-3264,0,569,-308,327,5849,147,-161,-6,48,19373,67,34,79,16,0,0,0,0,0,0,0,-32286,0,0,0,0,0,2706142,0
2691926,7680,-2938,2,579,-237,337,5873,100,-139,3,32,19371,70,34,79,16,0,0,0,0,0,0,0,-32286,0,0,0,0,0,2706157,0
2691931,7684,-2498,226,544,-188,300,5893,87,-120,-3,40,19371,70,34,79,16,0,0,0,0,0,0,0,-32286,0,0,0,0,0,2706162,0
2691936,7722,-2786,462,531,-30,310,5915,102,-82,0,40,19371,73,34,79,16,0,0,0,0,0,0,0,-32286,0,0,0,0,0,2706177,0
2691941,7770,-3004,356,586,-27,294,5931,69,-56,4,24,19371,73,34,79,16,0,0,0,0,0,0,0,-32285,0,0,0,0,0,2706182,0
2691946,7716,-3158,280,753,-44,246,5945,61,-44,2,24,19370,80,34,79,16,0,0,0,0,0,0,0,-32286,0,0,0,0,0,2706197,0
2691951,7728,-3158,160,937,-57,238,5959,66,-32,0,32,19370,80,34,79,16,0,0,0,0,0,0,0,-32286,0,0,0,0,0,2706202,0
2691956,7488,-2924,4,1004,-122,270,5972,59,-27,0,16,19372,89,34,79,16,0,0,0,0,0,0,0,-32286,0,0,0,0,0,2706217,0
2691961,7412,-2762,-12,857,-64,321,5981,29,-32,5,-8,19372,89,34,79,16,0,0,0,0,0,0,0,-32286,0,0,0,0,0,2706222,0
2691966,7354,-2644,-34,704,-24,347,5979,-10,-43,2,-8,19372,78,34,79,16,0,0,0,0,0,0,0,-32286,0,0,0,0,0,2706237,0
2691971,7386,-2906,-134,566,36,396,5981,-3,-58,0,-8,19372,78,34,79,16,0,0,0,0,0,0,0,-32286,0,0,0,0,0,2706242,0
2691976,7074,-2968,74,326,216,496,5980,2,-62,0,0,19372,72,34,79,16,0,0,0,0,0,0,0,-32286,0,0,0,0,0,2706257,0
2691981,7030,-3214,80,387,241,502,5980,1,-40,-1,0,19372,72,34,79,16,0,0,0,0,0,0,0,-32286,0,0,0,0,0,2706262,0
2691986,6964,-3540,320,431,320,551,5986,22,6,-2,8,19371,67,34,79,16,0,0,0,0,0,0,0,-32286,0,0,0,0,0,2706277,0
2691991,6664,-3620,220,579,233,521,5996,44,32,-3,24,19371,67,34,79,16,0,0,0,0,0,0,0,-32286,0,0,0,0,0,2706282,0
2691996,6874,-3212,-44,1019,131,378,6020,117,74,-9,80,19371,67,34,79,16,0,0,0,0,0,0,0,-32286,0,0,0,0,0,2706297,0
2692001,7004,-3028,-248,1204,66,308,6066,211,140,-12,168,19371,67,34,79,16,0,0,0,0,0,0,0,-32286,0,0,0,0,0,2706308,0
2692006,7000,-2642,-358,1324,-47,188,6131,301,186,-3,296,19369,73,34,79,16,0,0,0,0,0,0,0,-32286,0,0,0,0,0,2706317,0
2692011,7318,-2594,-566,1419,-127,97,6218,386,233,-8,432,19369,73,34,79,16,0,0,0,0,0,0,0,-32286,0,0,0,0,0,2706322,0
2692016,7634,-2266,-560,1591,-310,-104,6319,461,271,-22,648,19372,74,34,79,16,0,0,0,0,0,0,0,-32286,0,0,0,0,0,2706337,0
2692021,7666,-2192,-412,1636,-404,-206,6439,539,301,-18,848,19372,74,34,79,16,0,0,0,0,0,0,0,-32286,0,0,0,0,0,2706342,0
2692026,7828,-2214,-330,1650,-452,-269,6571,583,286,11,928,19372,80,34,79,16,0,0,0,0,0,0,0,-32286,0,0,0,0,0,2706357,0
2692031,8040,-2218,-114,1655,-497,-338,6712,616,233,16,960,19372,80,34,79,16,0,0,0,0,0,0,0,-32286,0,0,0,0,0,2706362,0
2692036,8198,-2232,340,1636,-453,-461,6860,656,192,7,1024,19373,83,34,79,16,0,0,0,0,0,0,0,-32286,0,0,0,0,0,2706377,0
2692041,8242,-2488,490,1608,-408,-475,7011,661,147,10,1000,19373,83,34,79,16,0,0,0,0,0,0,0,-32286,0,0,0,0,0,2706382,0
2692046,8182,-2630,578,1594,-391,-491,7160,658,88,11,976,19372,83,34,79,16,0,0,0,0,0,0,0,-32286,0,0,0,0,0,2706397,0
2692051,8268,-2680,648,1605,-331,-516,7307,651,45,4,968,19372,83,34,79,16,0,0,0,0,0,0,0,-32286,0,0,0,0,0,2706402,0
2692056,8022,-2838,630,1537,-191,-507,7448,616,1,12,864,19375,82,34,79,16,0,0,0,0,0,0,0,-32286,0,0,0,0,0,2706417,0
2692061,7994,-2988,514,1538,-142,-485,7582,580,-48,12,768,19375,82,34,79,16,0,0,0,0,0,0,0,-32286,0,0,0,0,0,2706422,0
2692066,7846,-3168,448,1579,-119,-489,7709,552,-79,-1,704,19375,88,34,79,16,0,0,0,0,0,0,0,-32286,0,0,0,0,0,2706436,0
2692071,7804,-3148,314,1657,-104,-479,7829,529,-91,-4,616,19375,88,34,79,16,0,0,0,0,0,0,0,-32286,0,0,0,0,0,2706441,0
2692076,7676,-2860,20,1680,-84,-424,7938,483,-115,0,520,19374,84,34,79,16,0,0,0,0,0,0,0,-32286,0,0,0,0,0,2706456,0
2692081,7726,-2858,-122,1645,-50,-388,8039,437,-122,-8,408,19374,84,34,79,16,0,0,0,0,0,0,0,-32286,0,0,0,0,0,2706461,0
2692086,7596,-2722,-232,1614,-62,-363,8131,405,-133,-6,384,19374,81,34,79,16,0,0,0,0,0,0,0,-32286,0,0,0,0,0,2706476,0
2692091,7748,-2728,-370,1628,-68,-355,8219,383,-129,5,312,19374,81,34,79,16,0,0,0,0,0,0,0,-32286,0,0,0,0,0,2706482,0
2692096,7796,-2560,-478,1684,-147,-305,8300,355,-116,9,256,19373,64,34,79,16,0,0,0,0,0,0,0,-32286,0,0,0,0,0,2706496,0
2692101,8020,-2430,-536,1659,-180,-275,8374,324,-107,10,224,19373,64,34,79,16,0,0,0,0,0,0,0,-32286,0,0,0,0,0,2706501,0
2692106,8180,-2266,-534,1612,-207,-243,8443,294,-94,1,160,19374,62,34,79,16,0,0,0,0,0,0,0,-32286,0,0,0,0,0,2706516,0
2692111,8400,-2310,-514,1541,-228,-213,8503,258,-100,0,136,19374,62,34,79,16,0,0,0,0,0,0,0,-32286,0,0,0,0,0,2706521,0
2692116,9030,-2674,-438,1469,-334,-191,8559,242,-101,-13,120,19375,70,34,79,16,0,0,0,0,0,0,0,-32286,0,0,0,0,0,2706536,0
2692121,9296,-2820,-302,1472,-358,-169,8612,239,-90,-3,120,19375,70,34,79,16,0,0,0,0,0,0,0,-32286,0,0,0,0,0,2706541,0
2692126,9574,-3048,-224,1487,-411,-174,8661,216,-78,-3,120,19375,84,34,79,16,0,0,0,0,0,0,0,-32286,0,0,0,0,0,2706556,0
2692131,10000,-3318,-234,1551,-431,-174,8712,213,-53,-4,104,19375,84,34,79,16,0,0,0,0,0,0,0,-32286,0,0,0,0,0,2706561,0
2692136,10166,-3432,-74,1570,-449,-136,8755,185,-36,4,64,19374,81,34,79,16,0,0,0,0,0,0,0,-32286,0,0,0,0,0,2706576,0
2692141,10286,-3076,-12,1513,-459,-133,8792,152,-50,-4,64,19374,81,34,79,16,0,0,0,0,0,0,0,-32286,0,0,0,0,0,2706581,0
2692146,10504,-3024,-32,1467,-431,-119,8818,112,-80,-1,24,19374,83,34,79,16,0,0,0,0,0,0,0,-32286,0,0,0,0,0,2706596,0
2692151,10288,-2830,66,1355,-397,-96,8834,68,-110,1,24,19374,83,34,79,16,0,0,0,0,0,0,0,-32286,0,0,0,0,0,2706601,0
2692156,10338,-2396,56,1287,-415,-122,8848,57,-118,1,16,19372,82,34,79,16,0,0,0,0,0,0,0,-32286,0,0,0,0,0,2706616,0
2692161,10124,-2026,98,1237,-460,-125,8858,28,-107,4,0,19372,82,34,79,16,0,0,0,0,0,0,0,-32286,0,0,0,0,0,2706621,0
2692166,10104,-1540,144,1111,-492,-160,8857,2,-96,3,0,19372,81,34,79,16,0,0,0,0,0,0,0,-32286,0,0,0,0,0,2706636,0
2692171,10148,-1222,92,958,-488,-170,8857,3,-75,0,0,19372,81,34,79,16,0,0,0,0,0,0,0,-32286,0,0,0,0,0,2706641,0
2692176,9714,-702,178,637,-534,-251,8858,0,-65,0,0,19370,80,34,79,16,0,0,0,0,0,0,0,-32286,0,0,0,0,0,2706656,0
2692181,9808,-722,202,547,-550,-309,8857,0,-39,1,0,19370,80,34,79,16,0,0,0,0,0,0,0,-32286,0,0,0,0,0,2706661,0
2692186,9680,-750,424,466,-562,-386,8858,3,-8,1,0,19371,78,34,79,16,0,0,0,0,0,0,0,-32286,0,0,0,0,0,2706676,0
2692191,9652,-910,562,379,-561,-444,8857,4,-1,0,0,19371,78,34,79,16,0,0,0,0,0,0,0,-32286,0,0,0,0,0,2706681,0
2692196,9576,-1420,758,138,-521,-504,8857,-1,-1,0,0,19371,78,34,79,16,0,0,0,0,0,0,0,-32286,0,0,0,0,0,2706696,0
2692201,9624,-1734,814,-5,-473,-508,8857,-1,-2,1,0,19371,78,34,79,16,0,0,0,0,0,0,0,-32286,0,0,0,0,0,2706701,0
2692206,9496,-2048,908,-178,-439,-526,8858,0,1,1,0,19372,83,34,79,16,0,0,0,0,0,0,0,-32286,0,0,0,0,0,2706716,0
2692211,9674,-2536,1136,-264,-364,-558,8856,-5,3,2,0,19372,83,34,79,16,0,0,0,0,0,0,0,-32286,0,0,0,0,0,2706721,0
2692216,9378,-3764,1440,38,-449,-634,8857,0,2,2,0,19371,79,34,79,16,0,0,0,0,0,0,0,-32286,0,0,0,0,0,2706736,0
2692221,9394,-4088,1514,198,-537,-665,8856,-5,-3,3,-8,19371,79,34,79,16,0,0,0,0,0,0,0,-32286,0,0,0,0,0,2706741,0
2692226,9280,-4022,1470,167,-491,-638,8854,-11,-1,1,-8,19368,79,34,79,16,0,0,0,0,0,0,0,-32286,0,0,0,0,0,2706756,0
2692231,8954,-3924,1490,-80,-459,-581,8855,-4,-3,0,0,19368,79,34,79,16,0,0,0,0,0,0,0,-32286,0,0,0,0,0,2706763,0
2692236,8180,-4320,1590,-692,-180,-464,8855,0,1,0,0,19369,73,34,79,16,0,0,0,0,0,0,0,-32286,0,0,0,0,0,2706779,0
2692241,7442,-5064,1196,-688,-259,-443,8854,-8,4,0,0,19369,73,34,79,16,0,0,0,0,0,0,0,-32287,0,0,0,0,0,2706784,0
2692246,7390,-5584,1366,-615,-220,-382,8853,-6,5,0,-8,19373,78,34,79,16,0,0,0,0,0,0,0,-32286,0,0,0,0,0,2706799,0
2692251,6742,-5592,1702,-544,-186,-356,8853,-4,0,0,-8,19373,78,34,79,16,0,0,0,0,0,0,0,-32286,0,0,0,0,0,2706804,0
2692256,6336,-5666,1914,-390,-126,-279,8852,1,4,0,0,19377,80,34,79,16,0,0,0,0,0,0,0,-32286,0,0,0,0,0,2706819,0
2692261,7548,-4680,3006,82,50,-631,8850,-8,1,3,-16,19377,80,34,79,16,0,0,0,0,0,0,0,-32286,0,0,0,0,0,2706824,0
2692266,6308,-5544,3068,1588,-156,-1014,8836,-65,-22,7,-40,19378,87,34,79,16,0,0,0,0,0,0,0,-32286,0,0,0,0,0,2706839,0
2692271,6392,-7290,1890,2256,-544,-836,8807,-128,-74,9,-96,19378,87,34,79,16,0,0,0,0,0,0,0,-32287,0,0,0,0,0,2706844,0
2692276,5062,-4340,974,1497,-714,-910,8756,-236,-147,13,-200,19380,76,34,79,16,0,0,0,0,0,0,0,-32287,0,0,0,0,0,2706859,0
2692281,5760,-4364,-2,1218,-605,-813,8673,-389,-251,16,-504,19380,76,34,79,16,0,0,0,0,0,0,0,-32286,0,0,0,0,0,2706864,0
2692286,4464,-3572,658,704,-488,-765,8556,-535,-355,33,-904,19376,69,34,79,16,0,0,0,0,0,0,0,-32286,0,0,0,0,0,2706879,0
2692291,4638,-4580,376,427,-469,-715,8397,-713,-449,23,-1368,19376,69,34,79,16,0,0,0,0,0,0,0,-32286,0,0,0,0,0,2706883,0
2692296,4040,-5544,1114,138,-206,-424,8193,-918,-544,7,-1808,19374,68,34,79,16,0,0,0,0,0,0,0,-32286,0,0,0,0,0,2706898,0
2692301,4196,-6004,1056,104,-167,-259,7939,-1128,-623,4,-2264,19374,68,34,79,16,0,0,0,0,0,0,0,-32286,0,0,0,0,0,2706903,0
2692306,4488,-6054,1224,20,2,-29,7642,-1330,-673,0,-2704,19372,80,34,79,16,0,0,0,0,0,0,0,-32287,0,0,0,0,0,2706918,0
2692311,4572,-5628,1668,-111,136,138,7302,-1514,-701,0,-3064,19372,80,34,79,16,0,0,0,0,0,0,0,-32286,0,0,0,0,0,2706923,0
2692316,5200,-5518,1792,-321,436,521,6925,-1664,-679,-5,-3368,19371,81,34,79,16,0,0,0,0,0,0,0,-32286,0,0,0,0,0,2706938,0
2692321,5496,-5496,1670,-463,567,739,6518,-1795,-630,-1,-3632,19371,81,34,79,16,0,0,0,0,0,0,0,-32286,0,0,0,0,0,2706943,0
2692326,5798,-5320,1792,-692,779,952,6090,-1886,-551,-9,-3816,19373,82,34,79,16,0,0,0,0,0,0,0,-32286,0,0,0,0,0,2706958,0
2692331,5144,-5114,1658,-698,679,1024,5650,-1944,-438,-9,-3888,19373,82,34,79,16,0,0,0,0,0,0,0,-32286,0,0,0,0,0,2706963,0
2692336,6622,-4222,568,-50,112,1042,5203,-1979,-322,-11,-3944,19373,88,34,79,16,0,0,0,0,0,0,0,-32286,0,0,0,0,0,2706978,0
2692341,7536,-2774,300,-102,-33,993,4750,-2000,-223,-13,-3928,19373,88,34,79,16,0,0,0,0,0,0,0,-32286,0,0,0,0,0,2706983,0
2692346,8202,-1654,-20,-396,-47,945,4297,-1996,-140,-18,-3888,19371,98,34,79,16,0,0,0,0,0,0,0,-32286,0,0,0,0,0,2706998,0
2692351,8680,-924,-160,-692,-118,851,3848,-1972,-70,-15,-3800,19371,98,34,79,16,0,0,0,0,0,0,0,-32286,0,0,0,0,0,2707003,0
2692356,9880,-678,300,-696,-401,448,3409,-1928,-3,-9,-3680,19368,93,34,79,16,0,0,0,0,0,0,0,-32286,0,0,0,0,0,2707018,0
2692361,10354,-714,318,-535,-576,235,2983,-1868,71,-1,-3584,19368,93,34,79,16,0,0,0,0,0,0,0,-32286,0,0,0,0,0,2707023,0
2692366,10776,-622,316,-501,-682,59,2572,-1799,136,7,-3448,19368,93,34,79,16,0,0,0,0,0,0,0,-32286,0,0,0,0,0,2707038,0
2692371,10898,-366,660,-623,-679,-92,2177,-1733,185,7,-3336,19368,93,34,79,16,0,0,0,0,0,0,0,-32286,0,0,0,0,0,2707043,0
2692376,11014,-944,1466,-991,-487,-292,1793,-1679,213,5,-3224,19370,97,34,79,16,0,0,0,0,0,0,0,-32286,0,0,0,0,0,2707058,0
2692381,10724,-1444,1896,-1033,-345,-366,1422,-1629,217,1,-3128,19370,97,34,79,16,0,0,0,0,0,0,0,-32286,0,0,0,0,0,2707063,0
2692386,10538,-1964,2314,-987,-157,-448,1061,-1585,193,0,-3024,19370,100,34,79,16,0,0,0,0,0,0,0,-32286,0,0,0,0,0,2707078,0
2692391,10460,-2436,2680,-882,140,-452,710,-1543,179,-8,-2904,19370,100,34,79,16,0,0,0,0,0,0,0,-32286,0,0,0,0,0,2707083,0
2692396,9486,-2848,3146,-898,784,-423,367,-1502,162,-17,-2784,19369,95,34,79,16,0,0,0,0,0,0,0,-32286,0,0,0,0,0,2707098,0
2692401,9242,-3224,2722,-948,1051,-351,37,-1449,159,-13,-2624,19369,95,34,79,16,0,0,0,0,0,0,0,-32286,0,0,0,0,0,2707103,0
2692406,8308,-2886,2462,-922,1306,-356,-277,-1380,169,-8,-2480,19370,87,34,79,16,0,0,0,0,0,0,0,-32286,0,0,0,0,0,2707118,0
2692411,8336,-3754,1796,-913,1380,-253,-573,-1303,194,-4,-2304,19370,87,34,79,16,0,0,0,0,0,0,0,-32286,0,0,0,0,0,2707123,0
2692416,7072,-3286,880,-1132,1530,-117,-850,-1216,231,-5,-2104,19371,78,34,79,16,0,0,0,0,0,0,0,-32286,0,0,0,0,0,2707138,0
2692421,6420,-3216,536,-1059,1513,-112,-1104,-1105,274,-6,-1856,19371,78,34,79,16,0,0,0,0,0,0,0,-32286,0,0,0,0,0,2707143,0
2692426,6160,-3446,150,-891,1335,-125,-1338,-1015,299,-3,-1680,19372,80,34,79,16,0,0,0,0,0,0,0,-32286,0,0,0,0,0,2707158,0
2692431,6016,-3116,-208,-678,1116,-155,-1550,-925,317,3,-1480,19372,80,34,79,16,0,0,0,0,0,0,0,-32286,0,0,0,0,0,2707163,0
2692436,5914,-2466,-456,-567,749,-169,-1745,-854,324,4,-1360,19371,78,34,79,16,0,0,0,0,0,0,0,-32286,0,0,0,0,0,2707178,0
2692441,6038,-2308,-508,-697,653,-140,-1927,-790,300,3,-1216,19371,78,34,79,16,0,0,0,0,0,0,0,-32286,0,0,0,0,0,2707183,0
2692446,6022,-2338,-382,-867,611,-90,-2095,-739,264,5,-1136,19372,79,34,79,16,0,0,0,0,0,0,0,-32286,0,0,0,0,0,2707198,0
2692451,5924,-2462,-132,-1033,551,-58,-2255,-695,224,1,-1040,19372,79,34,79,16,0,0,0,0,0,0,0,-32286,0,0,0,0,0,2707203,0
2692456,6144,-2834,482,-1011,507,13,-2402,-645,194,-6,-920,19373,78,34,79,16,0,0,0,0,0,0,0,-32286,0,0,0,0,0,2707218,0
2692461,6414,-2992,960,-855,483,2,-2540,-608,179,1,-856,19373,78,34,79,16,0,0,0,0,0,0,0,-32286,0,0,0,0,0,2707223,0
2692466,6534,-3222,984,-737,459,43,-2669,-568,158,2,-760,19375,76,34,79,16,0,0,0,0,0,0,0,-32286,0,0,0,0,0,2707238,0
2692471,6670,-2762,1238,-722,514,64,-2792,-539,144,5,-688,19375,76,34,79,16,0,0,0,0,0,0,0,-32286,0,0,0,0,0,2707242,0
2692476,6976,-2198,1298,-870,689,130,-2905,-492,132,0,-568,19372,80,34,79,16,0,0,0,0,0,0,0,-32286,0,0,0,0,0,2707257,0
2692481,6934,-2184,1242,-972,752,158,-3013,-462,124,6,-504,19372,80,34,79,16,0,0,0,0,0,0,0,-32286,0,0,0,0,0,2707262,0
2692486,6908,-2180,946,-1023,771,184,-3113,-439,122,7,-464,19369,84,34,79,16,0,0,0,0,0,0,0,-32285,0,0,0,0,0,2707277,0
2692491,6822,-2068,788,-1066,775,188,-3208,-416,107,5,-424,19369,84,34,79,16,0,0,0,0,0,0,0,-32286,0,0,0,0,0,2707282,0
2692496,6750,-1956,734,-1006,753,210,-3296,-386,101,-11,-344,19366,80,34,79,16,0,0,0,0,0,0,0,-32286,0,0,0,0,0,2707297,0
2692501,6646,-1876,700,-1005,711,208,-3376,-343,100,-15,-264,19366,80,34,79,16,0,0,0,0,0,0,0,-32286,0,0,0,0,0,2707302,0
2692506,6666,-1830,650,-1025,711,219,-3451,-324,99,-4,-240,19367,77,34,79,16,0,0,0,0,0,0,0,-32286,0,0,0,0,0,2707317,0
2692511,6576,-1660,628,-1042,679,197,-3520,-303,100,-3,-192,19367,77,34,79,16,0,0,0,0,0,0,0,-32286,0,0,0,0,0,2707322,0
2692516,6502,-1786,512,-1052,642,197,-3587,-294,90,4,-200,19367,72,34,79,16,0,0,0,0,0,0,0,-32286,0,0,0,0,0,2707337,0
2692521,6464,-1768,536,-1021,608,206,-3648,-267,78,2,-136,19367,72,34,79,16,0,0,0,0,0,0,0,-32286,0,0,0,0,0,2707342,0
2692526,6314,-1616,566,-1003,587,173,-3697,-213,78,3,-96,19368,78,34,79,16,0,0,0,0,0,0,0,-32286,0,0,0,0,0,2707357,0
2692531,6356,-1574,524,-1036,598,164,-3736,-160,103,7,-48,19368,78,34,79,16,0,0,0,0,0,0,0,-32286,0,0,0,0,0,2707362,0
2692536,6202,-1610,474,-1081,604,177,-3763,-114,138,6,-48,19372,88,34,79,16,0,0,0,0,0,0,0,-32286,0,0,0,0,0,2707377,0
2692541,6180,-1532,510,-1057,582,155,-3779,-68,159,-1,-16,19372,88,34,79,16,0,0,0,0,0,0,0,-32286,0,0,0,0,0,2707382,0
2692546,6206,-1596,460,-1012,596,159,-3780,6,178,-9,8,19375,92,34,79,16,0,0,0,0,0,0,0,-32286,0,0,0,0,0,2707397,0
2692551,6042,-1588,474,-1038,592,169,-3775,20,177,-2,8,19375,92,34,79,16,0,0,0,0,0,0,0,-32286,0,0,0,0,0,2707402,0
2692556,5996,-1614,396,-1142,637,203,-3772,12,147,3,0,19377,88,34,79,16,0,0,0,0,0,0,0,-32286,0,0,0,0,0,2707417,0
2692561,5912,-1468,520,-1161,649,170,-3771,0,87,1,0,19377,88,34,79,16,0,0,0,0,0,0,0,-32286,0,0,0,0,0,2707422,0
2692566,6098,-1646,502,-1113,680,159,-3771,8,29,-2,0,19376,93,34,79,16,0,0,0,0,0,0,0,-32286,0,0,0,0,0,2707436,0
2692571,5972,-1702,526,-1074,679,134,-3772,2,-11,-1,0,19376,93,34,79,16,0,0,0,0,0,0,0,-32286,0,0,0,0,0,2707441,0
2692576,6114,-1678,420,-1063,717,105,-3772,-9,-18,0,0,19375,89,34,79,16,0,0,0,0,0,0,0,-32286,0,0,0,0,0,2707456,0
2692581,6104,-1628,486,-1103,733,79,-3771,1,-15,-1,0,19375,89,34,79,16,0,0,0,0,0,0,0,-32286,0,0,0,0,0,2707461,0
2692586,6192,-1674,478,-1108,746,54,-3771,4,4,0,0,19371,84,34,79,16,0,0,0,0,0,0,0,-32286,0,0,0,0,0,2707476,0
2692591,6184,-1762,472,-1078,753,33,-3774,-9,-2,-1,0,19371,84,34,79,16,0,0,0,0,0,0,0,-32286,0,0,0,0,0,2707481,0
2692596,6274,-1820,468,-1029,744,-22,-3771,10,0,0,0,19371,81,34,79,16,0,0,0,0,0,0,0,-32286,0,0,0,0,0,2707496,0
2692601,6208,-1788,374,-1104,736,0,-3773,1,1,0,0,19371,81,34,79,16,0,0,0,0,0,0,0,-32286,0,0,0,0,0,2707501,0
2692606,6114,-1768,318,-1305,814,56,-3771,0,5,0,0,19371,76,34,79,16,0,0,0,0,0,0,0,-32286,0,0,0,0,0,2707516,0
2692611,6014,-1620,414,-1455,830,40,-3770,6,5,-1,8,19371,76,34,79,16,0,0,0,0,0,0,0,-32286,0,0,0,0,0,2707521,0
2692616,6156,-2084,708,-1173,671,-78,-3766,17,18,0,8,19370,72,34,79,16,0,0,0,0,0,0,0,-32286,0,0,0,0,0,2707536,0
2692621,6374,-2278,506,-1056,536,-93,-3764,2,7,0,0,19370,72,34,79,16,0,0,0,0,0,0,0,-32286,0,0,0,0,0,2707541,0
2692626,6500,-1960,348,-1109,439,-124,-3763,2,7,1,0,19371,70,34,79,16,0,0,0,0,0,0,0,-32286,0,0,0,0,0,2707556,0
2692631,6826,-1900,472,-1086,431,-158,-3763,0,-1,0,0,19371,70,34,79,16,0,0,0,0,0,0,0,-32286,0,0,0,0,0,2707561,0
2692636,7040,-1892,1042,-1151,449,-223,-3760,4,-11,-1,0,19371,77,34,79,16,0,0,0,0,0,0,0,-32287,0,0,0,0,0,2707576,0
2692641,7302,-2108,1060,-1199,488,-232,-3760,2,-6,0,8,19371,77,34,79,16,0,0,0,0,0,0,0,-32286,0,0,0,0,0,2707581,0
2692646,7298,-2228,1072,-1256,467,-254,-3758,9,2,0,0,19372,85,34,79,16,0,0,0,0,0,0,0,-32286,0,0,0,0,0,2707596,0
2692651,7538,-2486,964,-1284,452,-247,-3755,20,3,0,8,19372,85,34,79,16,0,0,0,0,0,0,0,-32287,0,0,0,0,0,2707601,0
2692656,7654,-2936,1196,-1325,456,-218,-3751,19,8,0,16,19372,80,34,79,16,0,0,0,0,0,0,0,-32286,0,0,0,0,0,2707616,0
2692661,7858,-3142,1408,-1286,465,-212,-3746,18,14,0,8,19372,80,34,79,16,0,0,0,0,0,0,0,-32286,0,0,0,0,0,2707621,0
2692666,7900,-3338,1590,-1248,480,-211,-3735,40,21,-3,32,19373,78,34,79,16,0,0,0,0,0,0,0,-32286,0,0,0,0,0,2707636,0
2692671,8098,-3450,1700,-1194,490,-208,-3712,106,48,-8,64,19373,78,34,79,16,0,0,0,0,0,0,0,-32286,0,0,0,0,0,2707641,0
2692676,8594,-3602,1748,-901,410,-268,-3675,165,98,-4,88,19374,83,34,79,16,0,0,0,0,0,0,0,-32286,0,0,0,0,0,2707656,0
2692681,8718,-3446,1672,-734,304,-346,-3631,205,143,0,128,19374,83,34,79,16,0,0,0,0,0,0,0,-32286,0,0,0,0,0,2707661,0
2692686,9094,-3554,1406,-580,176,-381,-3578,232,165,0,144,19375,79,34,79,16,0,0,0,0,0,0,0,-32286,0,0,0,0,0,2707676,0
2692691,9128,-3308,1368,-522,75,-418,-3528,213,140,8,88,19375,79,34,79,16,0,0,0,0,0,0,0,-32286,0,0,0,0,0,2707681,0
2692696,9430,-3026,1332,-596,60,-451,-3481,197,72,4,80,19376,77,34,79,16,0,0,0,0,0,0,0,-32286,0,0,0,0,0,2707696,0
2692701,9236,-2908,1532,-644,87,-488,-3440,179,10,-1,80,19376,77,34,79,16,0,0,0,0,0,0,0,-32286,0,0,0,0,0,2707701,0
2692706,9218,-3356,1442,-667,122,-455,-3403,153,-45,0,56,19375,77,34,79,16,0,0,0,0,0,0,0,-32286,0,0,0,0,0,2707715,0
2692711,8836,-3232,1588,-636,147,-475,-3375,123,-75,0,48,19375,77,34,79,16,0,0,0,0,0,0,0,-32286,0,0,0,0,0,2707720,0
2692716,8524,-3264,1548,-447,211,-446,-3351,103,-80,1,24,19377,71,34,79,16,0,0,0,0,0,0,0,-32286,0,0,0,0,0,2707735,0
2692721,8390,-3050,1572,-369,220,-448,-3337,60,-96,5,16,19377,71,34,79,16,0,0,0,0,0,0,0,-32286,0,0,0,0,0,2707740,0
2692726,8370,-2736,1466,-287,239,-445,-3322,67,-97,-2,24,19374,78,34,79,16,0,0,0,0,0,0,0,-32286,0,0,0,0,0,2707755,0
2692731,8358,-2378,1458,-225,246,-447,-3305,78,-70,-1,32,19374,78,34,79,16,0,0,0,0,0,0,0,-32286,0,0,0,0,0,2707760,0
2692736,8262,-1634,1218,-232,237,-392,-3292,60,-33,4,16,19373,81,34,79,16,0,0,0,0,0,0,0,-32286,0,0,0,0,0,2707778,0
2692741,8190,-1566,1138,-427,341,-276,-3284,27,-30,4,8,19373,81,34,79,16,0,0,0,0,0,0,0,-32286,0,0,0,0,0,2707783,0
2692746,8040,-960,1192,-495,287,-284,-3280,22,-31,1,8,19372,81,34,79,16,0,0,0,0,0,0,0,-32286,0,0,0,0,0,2707795,0
2692751,8642,-806,1034,-451,334,-259,-3274,25,-45,-2,16,19372,81,34,79,16,0,0,0,0,0,0,0,-32286,0,0,0,0,0,2707800,0
2692756,8882,138,1322,-550,370,-273,-3257,76,-23,-6,40,19373,77,34,79,16,0,0,0,0,0,0,0,-32286,0,0,0,0,0,2707815,0
2692761,9280,190,1328,-637,384,-252,-3230,118,39,-7,64,19373,77,34,79,16,0,0,0,0,0,0,0,-32287,0,0,0,0,0,2707820,0
2692766,9618,202,1484,-782,395,-240,-3196,142,102,-3,80,19373,80,34,79,16,0,0,0,0,0,0,0,-32286,0,0,0,0,0,2707835,0
2692771,10236,2,1782,-919,382,-239,-3145,222,140,-8,152,19373,80,34,79,16,0,0,0,0,0,0,0,-32286,0,0,0,0,0,2707840,0
2692776,11712,-804,2276,-1259,428,-135,-3085,278,167,2,232,19375,77,34,79,16,0,0,0,0,0,0,0,-32286,0,0,0,0,0,2707855,0
2692781,12234,-1294,2572,-1507,537,-79,-3010,331,180,-3,312,19375,77,34,79,16,0,0,0,0,0,0,0,-32286,0,0,0,0,0,2707860,0
2692786,12910,-1844,2678,-1722,656,-44,-2915,431,203,-27,552,19373,78,34,79,16,0,0,0,0,0,0,0,-32286,0,0,0,0,0,2707875,0
2692791,13498,-2710,2796,-1773,791,-21,-2794,539,251,-34,896,19373,78,34,79,16,0,0,0,0,0,0,0,-32286,0,0,0,0,0,2707880,0
2692796,13922,-4026,2568,-1488,761,-169,-2646,674,306,-12,1216,19376,73,34,79,16,0,0,0,0,0,0,0,-32286,0,0,0,0,0,2707895,0
2692801,13838,-4108,2112,-1259,763,-281,-2470,788,368,0,1448,19376,73,34,79,16,0,0,0,0,0,0,0,-32286,0,0,0,0,0,2707900,0
2692806,13270,-4080,1732,-1127,737,-407,-2267,898,408,-1,1680,19374,61,34,79,16,0,0,0,0,0,0,0,-32287,0,0,0,0,0,2707915,0
2692811,12700,-4066,1456,-1042,725,-536,-2044,991,408,3,1864,19374,61,34,79,16,0,0,0,0,0,0,0,-32286,0,0,0,0,0,2707920,0
2692816,11166,-4776,1206,-1042,780,-687,-1804,1057,375,7,1968,19374,70,34,79,16,0,0,0,0,0,0,0,-32286,0,0,0,0,0,2707935,0
2692821,10480,-5352,1346,-1032,786,-739,-1554,1109,316,3,2072,19374,70,34,79,16,0,0,0,0,0,0,0,-32286,0,0,0,0,0,2707940,0
2692826,9736,-6150,1362,-940,704,-809,-1295,1138,249,3,2128,19371,77,34,79,16,0,0,0,0,0,0,0,-32286,0,0,0,0,0,2707955,0
2692831,9118,-7032,1288,-786,589,-831,-1031,1160,186,11,2128,19371,77,34,79,16,0,0,0,0,0,0,0,-32286,0,0,0,0,0,2707960,0
2692836,7970,-7982,1018,-561,360,-785,-763,1182,131,10,2160,19371,84,34,79,16,0,0,0,0,0,0,0,-32286,0,0,0,0,0,2707975,0
2692841,7372,-7998,1258,-502,407,-729,-497,1169,86,8,2112,19371,84,34,79,16,0,0,0,0,0,0,0,-32286,0,0,0,0,0,2707980,0
2692846,6396,-8636,1342,-374,282,-645,-233,1163,38,7,2064,19371,84,34,79,16,0,0,0,0,0,0,0,-32286,0,0,0,0,0,2707995,0
2692851,6230,-9170,1102,-152,169,-574,23,1131,-6,6,1984,19371,84,34,79,16,0,0,0,0,0,0,0,-32286,0,0,0,0,0,2708000,0
2692856,4926,-8216,1038,145,144,-413,272,1096,-46,3,1912,19371,85,34,79,16,0,0,0,0,0,0,0,-32286,0,0,0,0,0,2708015,0
2692861,4482,-7410,878,158,193,-329,513,1048,-89,3,1800,19371,85,34,79,16,0,0,0,0,0,0,0,-32286,0,0,0,0,0,2708020,0
2692866,4016,-6830,760,149,222,-261,742,1002,-115,6,1696,19371,85,34,79,16,0,0,0,0,0,0,0,-32286,0,0,0,0,0,2708035,0
2692871,3608,-6432,482,222,151,-238,958,946,-149,0,1560,19371,85,34,79,16,0,0,0,0,0,0,0,-32286,0,0,0,0,0,2708039,0
2692876,3168,-5540,-394,578,-116,-252,1159,882,-171,0,1424,19372,87,34,79,16,0,0,0,0,0,0,0,-32286,0,0,0,0,0,2708054,0
2692881,2906,-4816,-472,678,-257,-249,1344,810,-198,5,1288,19372,87,34,79,16,0,0,0,0,0,0,0,-32286,0,0,0,0,0,2708059,0
2692886,2808,-4318,-544,631,-304,-224,1515,743,-219,1,1160,19371,84,34,79,16,0,0,0,0,0,0,0,-32286,0,0,0,0,0,2708074,0
2692891,2628,-3900,-544,465,-302,-164,1669,662,-233,2,960,19371,84,34,79,16,0,0,0,0,0,0,0,-32286,0,0,0,0,0,2708079,0
2692896,2738,-3666,-388,361,-290,-76,1807,603,-242,-2,840,19371,83,34,79,16,0,0,0,0,0,0,0,-32286,0,0,0,0,0,2708094,0
2692901,2690,-3622,-196,368,-283,-30,1911,568,-230,1,704,19371,83,34,79,16,0,0,0,0,0,0,0,-32286,0,0,0,0,0,2708099,0
2692906,2716,-3478,-76,330,-242,17,2023,484,-234,-1,504,19374,80,34,79,16,0,0,0,0,0,0,0,-32286,0,0,0,0,0,2708114,0
2692911,2914,-3478,-126,303,-226,76,2121,423,-223,-9,384,19374,80,34,79,16,0,0,0,0,0,0,0,-32286,0,0,0,0,0,2708119,0
2692916,3064,-4108,-340,-39,-96,350,2206,372,-223,-5,312,19374,72,34,79,16,0,0,0,0,0,0,0,-32286,0,0,0,0,0,2708134,0
2692921,2838,-3640,-84,-270,-173,402,2286,352,-198,-5,304,19374,72,34,79,16,0,0,0,0,0,0,0,-32286,0,0,0,0,0,2708139,0
2692926,3726,-4406,-34,-200,-157,480,2361,324,-156,7,216,19373,69,34,79,16,0,0,0,0,0,0,0,-32286,0,0,0,0,0,2708154,0
2692931,3642,-4636,206,-75,-289,552,2425,283,-123,7,160,19373,69,34,79,16,0,0,0,0,0,0,0,-32286,0,0,0,0,0,2708159,0
2692936,4794,-4846,432,32,-465,738,2486,268,-105,-6,152,19371,64,34,79,16,0,0,0,0,0,0,0,-32286,0,0,0,0,0,2708174,0
2692941,5314,-4624,652,-5,-521,802,2540,243,-100,-5,128,19371,64,34,79,16,0,0,0,0,0,0,0,-32286,0,0,0,0,0,2708179,0
2692946,6014,-4616,750,-59,-556,848,2591,218,-88,-2,112,19373,67,34,79,16,0,0,0,0,0,0,0,-32286,0,0,0,0,0,2708194,0
2692951,6680,-4796,764,-75,-600,925,2640,210,-72,-2,120,19373,67,34,79,16,0,0,0,0,0,0,0,-32286,0,0,0,0,0,2708199,0
2692956,7530,-4678,498,-64,-677,961,2689,211,-52,3,104,19374,68,34,79,16,0,0,0,0,0,0,0,-32286,0,0,0,0,0,2708214,0
2692961,7734,-4528,274,-92,-730,975,2737,220,-34,5,104,19374,68,34,79,16,0,0,0,0,0,0,0,-32286,0,0,0,0,0,2708219,0
2692966,7930,-4350,14,-133,-723,971,2783,198,-21,2,88,19375,70,34,79,16,0,0,0,0,0,0,0,-32286,0,0,0,0,0,2708234,0
2692971,7934,-4328,-248,-176,-755,973,2820,157,-32,0,56,19375,70,34,79,16,0,0,0,0,0,0,0,-32286,0,0,0,0,0,2708239,0
2692976,8190,-3866,-390,-202,-710,837,2852,147,-55,-6,56,19376,72,34,79,16,0,0,0,0,0,0,0,-32286,0,0,0,0,0,2708254,0
2692981,8212,-3692,-370,-228,-640,738,2882,125,-70,0,56,19376,72,34,79,16,0,0,0,0,0,0,0,-32286,0,0,0,0,0,2708259,0
2692986,8256,-3562,-326,-219,-609,608,2915,147,-59,-5,64,19375,79,34,79,16,0,0,0,0,0,0,0,-32286,0,0,0,0,0,2708274,0
2692991,8320,-3694,-372,-243,-525,540,2941,116,-42,6,40,19375,79,34,79,16,0,0,0,0,0,0,0,-32287,0,0,0,0,0,2708279,0
2692996,8094,-3724,-280,-281,-499,282,2968,108,-28,0,48,19373,85,34,79,16,0,0,0,0,0,0,0,-32286,0,0,0,0,0,2708294,0
2693001,7808,-3960,-280,-276,-486,196,2995,111,-21,0,32,19373,85,34,79,16,0,0,0,0,0,0,0,-32286,0,0,0,0,0,2708299,0
2693006,7470,-3986,-258,-219,-602,73,3014,89,-39,0,40,19371,85,34,79,16,0,0,0,0,0,0,0,-32286,0,0,0,0,0,2708314,0
2693011,7368,-4302,-350,-103,-683,-32,3040,113,-41,-8,64,19371,85,34,79,16,0,0,0,0,0,0,0,-32286,0,0,0,0,0,2708319,0
2693016,6630,-4534,-302,-32,-892,-123,3070,125,-1,-1,56,19370,86,34,79,16,0,0,0,0,0,0,0,-32286,0,0,0,0,0,2708334,0
2693021,6524,-4668,-204,36,-987,-183,3105,157,34,-3,80,19370,86,34,79,16,0,0,0,0,0,0,0,-32286,0,0,0,0,0,2708339,0
2693026,6476,-4822,-122,116,-1026,-159,3144,168,58,2,96,19371,83,34,79,16,0,0,0,0,0,0,0,-32286,0,0,0,0,0,2708354,0
2693031,6220,-4556,200,224,-1151,-253,3189,204,71,-3,120,19371,83,34,79,16,0,0,0,0,0,0,0,-32286,0,0,0,0,0,2708358,0
2693036,6432,-4576,534,461,-1110,-221,3240,230,74,2,136,19370,90,34,79,16,0,0,0,0,0,0,0,-32286,0,0,0,0,0,2708373,0
2693041,6706,-4434,618,505,-1052,-219,3296,244,89,0,160,19370,90,34,79,16,0,0,0,0,0,0,0,-32286,0,0,0,0,0,2708378,0
2693046,6966,-4488,644,546,-973,-178,3355,261,78,0,168,19372,83,34,79,16,0,0,0,0,0,0,0,-32286,0,0,0,0,0,2708393,0
2693051,6868,-4342,828,598,-921,-134,3419,280,79,4,192,19372,83,34,79,16,0,0,0,0,0,0,0,-32286,0,0,0,0,0,2708398,0
2693056,7046,-4048,844,752,-821,-120,3483,287,59,4,208,19374,75,34,79,16,0,0,0,0,0,0,0,-32287,0,0,0,0,0,2708413,0
2693061,7186,-3964,764,872,-797,-89,3556,320,54,0,264,19374,75,34,79,16,0,0,0,0,0,0,0,-32286,0,0,0,0,0,2708418,0
2693066,7108,-3722,786,956,-791,-93,3636,358,63,-5,320,19374,69,34,79,16,0,0,0,0,0,0,0,-32286,0,0,0,0,0,2708433,0
2693071,7274,-3450,638,1053,-789,-96,3722,387,90,-2,352,19374,69,34,79,16,0,0,0,0,0,0,0,-32286,0,0,0,0,0,2708438,0
2693076,7184,-3072,506,1003,-798,-63,3810,387,87,0,376,19373,70,34,79,16,0,0,0,0,0,0,0,-32286,0,0,0,0,0,2708457,0
2693081,7508,-3144,220,1014,-759,-34,3899,384,80,-2,352,19373,70,34,79,16,0,0,0,0,0,0,0,-32286,0,0,0,0,0,2708462,0
2693086,7134,-2830,274,1017,-797,-28,3990,388,47,-1,376,19370,79,34,79,16,0,0,0,0,0,0,0,-32286,0,0,0,0,0,2708473,0
2693091,7216,-2824,206,1024,-857,-49,4084,416,30,-14,456,19370,79,34,79,16,0,0,0,0,0,0,0,-32286,0,0,0,0,0,2708478,0
2693096,7020,-2934,4,1020,-885,-18,4181,423,31,-5,456,19369,86,34,79,16,0,0,0,0,0,0,0,-32287,0,0,0,0,0,2708493,0
2693101,6912,-2842,28,943,-896,-2,4275,409,27,5,416,19369,86,34,79,16,0,0,0,0,0,0,0,-32286,0,0,0,0,0,2708498,0
2693106,6952,-2902,-78,906,-914,15,4366,398,19,6,400,19371,81,34,79,16,0,0,0,0,0,0,0,-32286,0,0,0,0,0,2708513,0
2693111,6786,-2836,-80,878,-928,21,4457,401,-5,0,416,19371,81,34,79,16,0,0,0,0,0,0,0,-32286,0,0,0,0,0,2708518,0
2693116,6704,-3060,-110,955,-978,50,4551,411,-16,-3,416,19374,76,34,79,16,0,0,0,0,0,0,0,-32286,0,0,0,0,0,2708533,0
2693121,6642,-3190,-120,958,-1004,112,4641,406,-7,0,408,19374,76,34,79,16,0,0,0,0,0,0,0,-32286,0,0,0,0,0,2708538,0
2693126,6586,-3178,-54,928,-1012,161,4728,381,-14,12,344,19375,80,34,79,16,0,0,0,0,0,0,0,-32286,0,0,0,0,0,2708553,0
2693131,6738,-3260,-44,920,-1014,213,4809,354,-22,7,280,19375,80,34,79,16,0,0,0,0,0,0,0,-32286,0,0,0,0,0,2708558,0
2693136,6904,-3240,80,942,-1019,282,4887,339,-46,1,272,19374,76,34,79,16,0,0,0,0,0,0,0,-32286,0,0,0,0,0,2708573,0
2693141,7006,-3218,152,970,-1013,324,4964,329,-60,3,248,19374,76,34,79,16,0,0,0,0,0,0,0,-32286,0,0,0,0,0,2708578,0
2693146,7184,-3096,212,999,-1000,339,5040,324,-53,3,232,19373,75,34,79,16,0,0,0,0,0,0,0,-32286,0,0,0,0,0,2708593,0
2693151,7330,-3086,190,1014,-949,389,5108,290,-41,14,160,19373,75,34,79,16,0,0,0,0,0,0,0,-32286,0,0,0,0,0,2708598,0
2693156,7654,-2950,202,983,-843,435,5168,254,-56,2,120,19371,78,34,79,16,0,0,0,0,0,0,0,-32286,0,0,0,0,0,2708612,0
2693161,7734,-2972,224,989,-775,472,5222,235,-83,-6,104,19371,78,34,79,16,0,0,0,0,0,0,0,-32286,0,0,0,0,0,2708617,0
2693166,7742,-2688,282,994,-713,458,5267,198,-103,-6,80,19370,80,34,79,16,0,0,0,0,0,0,0,-32286,0,0,0,0,0,2708632,0
2693171,7992,-2828,160,980,-631,502,5302,149,-116,-6,64,19370,80,34,79,16,0,0,0,0,0,0,0,-32286,0,0,0,0,0,2708637,0
2693176,8176,-2686,64,977,-500,503,5336,149,-114,-10,56,19369,87,34,79,16,0,0,0,0,0,0,0,-32286,0,0,0,0,0,2708652,0
2693181,8086,-2544,122,946,-454,505,5361,115,-102,1,40,19369,87,34,79,16,0,0,0,0,0,0,0,-32286,0,0,0,0,0,2708657,0
2693186,8216,-2456,102,924,-428,492,5386,110,-82,-4,48,19368,91,34,79,16,0,0,0,0,0,0,0,-32286,0,0,0,0,0,2708672,0
2693191,8236,-2482,34,932,-365,493,5408,86,-70,4,32,19368,91,34,79,16,0,0,0,0,0,0,0,-32286,0,0,0,0,0,2708677,0
2693196,8136,-2280,-58,866,-301,486,5420,48,-55,5,16,19370,90,34,79,16,0,0,0,0,0,0,0,-32286,0,0,0,0,0,2708692,0
2693201,8108,-2124,-80,852,-271,450,5434,56,-67,-2,32,19370,90,34,79,16,0,0,0,0,0,0,0,-32286,0,0,0,0,0,2708697,0
2693206,8120,-2082,-84,900,-251,399,5454,95,-42,-4,40,19371,83,34,79,16,0,0,0,0,0,0,0,-32287,0,0,0,0,0,2708712,0
2693211,8062,-2158,-58,919,-220,382,5474,87,-11,0,32,19371,83,34,79,16,0,0,0,0,0,0,0,-32286,0,0,0,0,0,2708717,0
2693216,7992,-2134,-108,906,-215,342,5488,63,11,0,24,19371,81,34,79,16,0,0,0,0,0,0,0,-32286,0,0,0,0,0,2708732,0
2693221,7856,-2184,-202,898,-240,314,5505,71,12,-6,32,19371,81,34,79,16,0,0,0,0,0,0,0,-32286,0,0,0,0,0,2708737,0
2693226,7796,-2246,-280,863,-262,319,5522,75,1,-2,32,19371,72,34,79,16,0,0,0,0,0,0,0,-32286,0,0,0,0,0,2708752,0
2693231,7642,-2176,-240,805,-248,344,5534,35,-18,5,0,19371,72,34,79,16,0,0,0,0,0,0,0,-32286,0,0,0,0,0,2708757,0
2693236,7528,-2062,-308,710,-275,340,5534,-8,-42,5,-8,19371,72,34,79,16,0,0,0,0,0,0,0,-32286,0,0,0,0,0,2708775,0
2693241,7424,-2122,-212,642,-276,341,5532,-3,-67,0,0,19371,72,34,79,16,0,0,0,0,0,0,0,-32286,0,0,0,0,0,2708780,0
2693246,7390,-2250,-182,630,-261,366,5532,-6,-77,-1,0,19368,69,34,79,16,0,0,0,0,0,0,0,-32286,0,0,0,0,0,2708795,0
2693251,7124,-2074,-186,682,-293,357,5532,-6,-59,1,0,19368,69,34,79,16,0,0,0,0,0,0,0,-32286,0,0,0,0,0,2708800,0
2693256,7148,-2316,86,605,-150,395,5533,5,-12,0,0,19368,77,34,79,16,0,0,0,0,0,0,0,-32286,0,0,0,0,0,2708815,0
2693261,7244,-2366,74,612,-107,428,5534,0,8,-1,0,19368,77,34,79,16,0,0,0,0,0,0,0,-32286,0,0,0,0,0,2708820,0
2693266,7212,-2312,132,614,-79,451,5535,0,3,-1,8,19370,80,34,79,16,0,0,0,0,0,0,0,-32287,0,0,0,0,0,2708835,0
2693271,7098,-2412,12,614,-51,472,5538,19,7,-3,8,19370,80,34,79,16,0,0,0,0,0,0,0,-32286,0,0,0,0,0,2708840,0
2693276,6912,-2546,-326,791,-71,452,5545,36,20,-2,24,19375,86,34,79,16,0,0,0,0,0,0,0,-32287,0,0,0,0,0,2708855,0
2693281,7090,-2322,-446,970,-132,405,5562,84,42,-7,48,19375,86,34,79,16,0,0,0,0,0,0,0,-32286,0,0,0,0,0,2708860,0
2693286,7178,-1930,-510,1144,-195,338,5601,171,96,-13,112,19374,76,34,79,16,0,0,0,0,0,0,0,-32286,0,0,0,0,0,2708875,0
2693291,7276,-1694,-634,1196,-263,277,5653,244,165,-10,208,19374,76,34,79,16,0,0,0,0,0,0,0,-32286,0,0,0,0,0,2708880,0
2693296,7584,-1370,-854,1224,-370,141,5721,293,222,3,256,19374,78,34,79,16,0,0,0,0,0,0,0,-32286,0,0,0,0,0,2708895,0
2693301,7648,-1134,-770,1206,-435,54,5800,351,232,0,336,19374,78,34,79,16,0,0,0,0,0,0,0,-32286,0,0,0,0,0,2708900,0
2693306,7928,-1134,-726,1159,-448,9,5889,394,214,-6,432,19373,74,34,79,16,0,0,0,0,0,0,0,-32286,0,0,0,0,0,2708915,0
2693311,7930,-1188,-560,1093,-459,-51,5986,424,182,-10,488,19373,74,34,79,16,0,0,0,0,0,0,0,-32286,0,0,0,0,0,2708920,0
2693316,8184,-1524,-290,979,-380,-117,6087,442,146,0,520,19376,75,34,79,16,0,0,0,0,0,0,0,-32286,0,0,0,0,0,2708935,0
2693321,8304,-1640,-106,936,-341,-146,6190,443,116,-1,520,19376,75,34,79,16,0,0,0,0,0,0,0,-32286,0,0,0,0,0,2708940,0
2693326,8222,-1850,26,894,-284,-166,6294,459,77,-5,568,19377,80,34,79,16,0,0,0,0,0,0,0,-32286,0,0,0,0,0,2708954,0
2693331,8348,-2110,46,919,-235,-202,6405,491,54,-4,672,19377,80,34,79,16,0,0,0,0,0,0,0,-32286,0,0,0,0,0,2708959,0
2693336,8156,-2352,60,985,-161,-235,6515,483,41,4,624,19378,82,34,79,16,0,0,0,0,0,0,0,-32286,0,0,0,0,0,2708974,0
2693341,8154,-2392,12,967,-128,-242,6625,484,37,6,600,19378,82,34,79,16,0,0,0,0,0,0,0,-32286,0,0,0,0,0,2708979,0
2693346,8146,-2350,-124,939,-61,-253,6735,485,27,8,608,19377,86,34,79,16,0,0,0,0,0,0,0,-32286,0,0,0,0,0,2708994,0
2693351,7980,-2472,-150,941,-47,-265,6849,502,14,-7,656,19377,86,34,79,16,0,0,0,0,0,0,0,-32286,0,0,0,0,0,2708999,0
2693356,7692,-2674,-352,996,-26,-273,6961,496,12,2,624,19375,83,34,79,16,0,0,0,0,0,0,0,-32286,0,0,0,0,0,2709014,0
2693361,7570,-2716,-464,1006,-43,-261,7073,491,8,2,600,19375,83,34,79,16,0,0,0,0,0,0,0,-32286,0,0,0,0,0,2709019,0
2693366,7628,-2618,-536,997,-27,-268,7181,483,0,-2,608,19375,83,34,79,16,0,0,0,0,0,0,0,-32286,0,0,0,0,0,2709034,0
2693371,7534,-2570,-578,1011,-48,-278,7293,489,-7,-9,632,19375,83,34,79,16,0,0,0,0,0,0,0,-32286,0,0,0,0,0,2709039,0
2693376,7528,-2572,-632,1061,-96,-264,7405,489,-9,10,576,19375,78,34,79,16,0,0,0,0,0,0,0,-32286,0,0,0,0,0,2709054,0
2693381,7496,-2468,-654,1059,-125,-260,7511,470,-7,9,544,19375,78,34,79,16,0,0,0,0,0,0,0,-32286,0,0,0,0,0,2709059,0
2693386,7640,-2448,-668,1068,-123,-243,7615,458,-16,-2,512,19375,81,34,79,16,0,0,0,0,0,0,0,-32286,0,0,0,0,0,2709074,0
2693391,7698,-2254,-602,1077,-139,-260,7722,468,-26,-5,568,19375,81,34,79,16,0,0,0,0,0,0,0,-32286,0,0,0,0,0,2709079,0
2693396,7882,-2316,-532,1112,-155,-245,7828,471,-18,1,544,19375,84,34,79,16,0,0,0,0,0,0,0,-32286,0,0,0,0,0,2709094,0
2693401,8004,-2090,-462,1114,-169,-236,7931,446,-10,4,480,19375,84,34,79,16,0,0,0,0,0,0,0,-32286,0,0,0,0,0,2709099,0
2693406,8314,-1942,-460,1132,-156,-242,8033,442,-13,-4,488,19375,90,34,79,16,0,0,0,0,0,0,0,-32286,0,0,0,0,0,2709114,0
2693411,8408,-1714,-334,1073,-138,-243,8132,435,-25,-2,488,19375,90,34,79,16,0,0,0,0,0,0,0,-32286,0,0,0,0,0,2709119,0
2693416,8726,-1816,-222,1078,-70,-235,8231,430,-34,1,472,19375,85,34,79,16,0,0,0,0,0,0,0,-32286,0,0,0,0,0,2709134,0
2693421,8808,-1860,-186,1073,-58,-232,8327,418,-25,10,416,19375,85,34,79,16,0,0,0,0,0,0,0,-32286,0,0,0,0,0,2709139,0
2693426,8986,-1694,-204,1055,-44,-246,8421,418,-23,7,416,19377,85,34,79,16,0,0,0,0,0,0,0,-32286,0,0,0,0,0,2709154,0
2693431,9230,-1750,-208,1039,10,-243,8510,396,-33,5,368,19377,85,34,79,16,0,0,0,0,0,0,0,-32286,0,0,0,0,0,2709159,0
2693436,9496,-2010,-284,998,55,-262,8599,388,-37,4,344,19377,75,34,79,16,0,0,0,0,0,0,0,-32286,0,0,0,0,0,2709174,0
2693441,9560,-2294,-310,1034,72,-273,8688,386,-38,0,352,19377,75,34,79,16,0,0,0,0,0,0,0,-32286,0,0,0,0,0,2709179,0
2693446,9604,-2634,-382,1073,53,-293,8775,381,-21,1,328,19376,74,34,79,16,0,0,0,0,0,0,0,-32286,0,0,0,0,0,2709194,0
2693451,9694,-3002,-472,1106,67,-303,8862,370,-18,2,320,19376,74,34,79,16,0,0,0,0,0,0,0,-32286,0,0,0,0,0,2709199,0
2693456,9776,-3428,-592,1170,73,-318,8945,358,-21,6,288,19372,76,34,79,16,0,0,0,0,0,0,0,-32286,0,0,0,0,0,2709214,0
2693461,9730,-3494,-568,1204,40,-358,9024,350,-28,3,280,19372,76,34,79,16,0,0,0,0,0,0,0,-32287,0,0,0,0,0,2709219,0
2693466,9854,-3644,-626,1282,29,-380,9101,339,-42,-1,264,19373,74,34,79,16,0,0,0,0,0,0,0,-32286,0,0,0,0,0,2709234,0
2693471,9678,-3516,-488,1346,-37,-417,9180,343,-35,0,272,19373,74,34,79,16,0,0,0,0,0,0,0,-32286,0,0,0,0,0,2709239,0
2693476,9580,-3310,-444,1344,-118,-410,9252,308,-35,9,192,19374,74,34,79,16,0,0,0,0,0,0,0,-32286,0,0,0,0,0,2709254,0
2693481,9480,-3030,-416,1247,-160,-402,9313,270,-44,3,144,19374,74,34,79,16,0,0,0,0,0,0,0,-32286,0,0,0,0,0,2709258,0
2693486,9372,-2854,-448,1119,-182,-338,9362,210,-89,-5,80,19375,84,34,79,16,0,0,0,0,0,0,0,-32286,0,0,0,0,0,2709273,0
2693491,9088,-2386,-234,983,-227,-316,9397,152,-137,-4,32,19375,84,34,79,16,0,0,0,0,0,0,0,-32286,0,0,0,0,0,2709278,0
2693496,8870,-1768,-106,691,-324,-262,9417,82,-187,-1,24,19376,83,34,79,16,0,0,0,0,0,0,0,-32286,0,0,0,0,0,2709293,0
2693501,9008,-1488,-50,638,-372,-273,9427,42,-202,1,24,19376,83,34,79,16,0,0,0,0,0,0,0,-32286,0,0,0,0,0,2709298,0
2693506,8962,-1218,124,600,-407,-299,9436,37,-182,0,8,19374,83,34,79,16,0,0,0,0,0,0,0,-32286,0,0,0,0,0,2709313,0
2693511,9006,-1058,280,547,-451,-319,9440,10,-138,0,0,19374,83,34,79,16,0,0,0,0,0,0,0,-32286,0,0,0,0,0,2709318,0
2693516,9322,-912,400,405,-472,-391,9441,-1,-89,1,0,19376,82,34,79,16,0,0,0,0,0,0,0,-32286,0,0,0,0,0,2709333,0
2693521,9640,-1160,418,323,-397,-415,9442,3,-59,-1,0,19376,82,34,79,16,0,0,0,0,0,0,0,-32286,0,0,0,0,0,2709338,0
2693526,9604,-1418,464,217,-369,-448,9441,0,-39,0,0,19379,89,34,79,16,0,0,0,0,0,0,0,-32286,0,0,0,0,0,2709353,0
2693531,9808,-1800,426,101,-326,-468,9441,5,-23,0,0,19379,89,34,79,16,0,0,0,0,0,0,0,-32286,0,0,0,0,0,2709368,0
2693536,9968,-2266,490,-268,-186,-462,9441,-2,-8,-1,-8,19383,95,34,79,16,0,0,0,0,0,0,0,-32286,0,0,0,0,0,2709373,0
2693541,9670,-2662,472,-511,-177,-455,9443,9,0,0,0,19383,95,34,79,16,0,0,0,0,0,0,0,-32286,0,0,0,0,0,2709378,0
2693546,9906,-3232,628,-519,-120,-505,9441,-2,0,1,0,19386,100,34,79,16,0,0,0,0,0,0,0,-32287,0,0,0,0,0,2709393,0
2693551,9616,-4090,854,-272,-160,-554,9441,2,-1,-1,0,19386,100,34,79,16,0,0,0,0,0,0,0,-32286,0,0,0,0,0,2709398,0
2693556,9162,-4366,1044,58,-212,-574,9441,0,-8,0,-8,19385,86,34,79,16,0,0,0,0,0,0,0,-32286,0,0,0,0,0,2709413,0
2693561,8744,-4300,806,-115,-124,-537,9441,-4,1,0,0,19385,86,34,79,16,0,0,0,0,0,0,0,-32286,0,0,0,0,0,2709418,0
2693566,8912,-4346,1022,-501,33,-468,9440,-7,-3,0,0,19380,78,34,79,16,0,0,0,0,0,0,0,-32286,0,0,0,0,0,2709433,0
2693571,7908,-4792,840,-810,74,-422,9440,1,0,-2,0,19380,78,34,79,16,0,0,0,0,0,0,0,-32287,0,0,0,0,0,2709438,0
2693576,7630,-6138,916,-915,13,-365,9441,2,0,-1,8,19377,83,34,79,16,0,0,0,0,0,0,0,-32286,0,0,0,0,0,2709453,0
2693581,6740,-6330,1338,-816,33,-386,9442,4,0,0,0,19377,83,34,79,16,0,0,0,0,0,0,0,-32286,0,0,0,0,0,2709458,0
2693586,6502,-6916,1622,-642,-9,-380,9440,-4,4,0,0,19373,74,34,79,16,0,0,0,0,0,0,0,-32287,0,0,0,0,0,2709473,0
2693591,7628,-6526,2276,-273,-40,-508,9437,-18,-4,3,-16,19373,74,34,79,16,0,0,0,0,0,0,0,-32286,0,0,0,0,0,2709478,0
2693596,5902,-8224,1900,2326,-532,-1079,9421,-73,-35,6,-56,19373,86,34,79,16,0,0,0,0,0,0,0,-32286,0,0,0,0,0,2709493,0
2693601,5808,-7090,2650,2265,-388,-846,9392,-138,-83,11,-96,19373,86,34,79,16,0,0,0,0,0,0,0,-32287,0,0,0,0,0,2709498,0
2693606,4422,-5368,2358,1756,-508,-896,9336,-255,-168,17,-256,19373,78,34,79,16,0,0,0,0,0,0,0,-32286,0,0,0,0,0,2709513,0
2693611,5376,-6078,212,1448,-637,-828,9245,-414,-270,28,-568,19373,78,34,79,16,0,0,0,0,0,0,0,-32286,0,0,0,0,0,2709518,0
2693616,4098,-5682,686,839,-463,-654,9115,-589,-393,38,-1096,19374,71,34,79,16,0,0,0,0,0,0,0,-32286,0,0,0,0,0,2709533,0
2693621,4528,-6272,582,797,-467,-558,8943,-772,-494,14,-1512,19374,71,34,79,16,0,0,0,0,0,0,0,-32286,0,0,0,0,0,2709538,0
2693626,4200,-6316,996,693,-355,-384,8724,-980,-589,11,-1952,19373,76,34,79,16,0,0,0,0,0,0,0,-32286,0,0,0,0,0,2709553,0
2693631,3960,-6154,1298,516,-291,-232,8457,-1193,-649,5,-2408,19373,76,34,79,16,0,0,0,0,0,0,0,-32286,0,0,0,0,0,2709558,0
2693636,4602,-5938,1316,302,-80,160,8142,-1408,-693,3,-2896,19374,74,34,79,16,0,0,0,0,0,0,0,-32286,0,0,0,0,0,2709573,0
2693641,4824,-5786,1480,132,51,369,7784,-1600,-713,0,-3256,19374,74,34,79,16,0,0,0,0,0,0,0,-32286,0,0,0,0,0,2709578,0
2693646,5088,-5184,1538,-10,202,508,7382,-1775,-714,-10,-3600,19372,81,34,79,16,0,0,0,0,0,0,0,-32287,0,0,0,0,0,2709593,0
2693651,5634,-4986,1530,-73,305,658,6948,-1922,-673,-8,-3888,19372,81,34,79,16,0,0,0,0,0,0,0,-32286,0,0,0,0,0,2709598,0
2693656,6138,-4272,1444,-366,497,972,6490,-2024,-601,-3,-4096,19371,86,34,79,16,0,0,0,0,0,0,0,-32286,0,0,0,0,0,2709613,0
2693661,6480,-3898,1442,-599,574,1136,6015,-2089,-493,-7,-4200,19371,86,34,79,16,0,0,0,0,0,0,0,-32286,0,0,0,0,0,2709618,0
2693666,5996,-3704,1460,-688,585,1201,5535,-2121,-370,-11,-4232,19371,91,34,79,16,0,0,0,0,0,0,0,-32286,0,0,0,0,0,2709633,0
2693671,6724,-4060,476,-449,184,1189,5052,-2125,-251,-12,-4200,19371,91,34,79,16,0,0,0,0,0,0,0,-32286,0,0,0,0,0,2709638,0
2693676,8086,-1584,-96,-123,-217,1036,4568,-2123,-138,-14,-4152,19368,99,34,79,16,0,0,0,0,0,0,0,-32286,0,0,0,0,0,2709653,0
2693681,8972,-502,-122,-220,-314,873,4089,-2106,-54,-19,-4096,19368,99,34,79,16,0,0,0,0,0,0,0,-32286,0,0,0,0,0,2709658,0
2693686,9544,148,-158,-365,-380,712,3619,-2060,10,-9,-3976,19369,102,34,79,16,0,0,0,0,0,0,0,-32286,0,0,0,0,0,2709673,0
2693691,10014,282,-252,-527,-507,521,3162,-2002,74,-4,-3840,19369,102,34,79,16,0,0,0,0,0,0,0,-32286,0,0,0,0,0,2709678,0
2693696,10666,30,168,-749,-595,230,2719,-1940,126,0,-3720,19369,99,34,79,16,0,0,0,0,0,0,0,-32286,0,0,0,0,0,2709693,0
2693701,10706,-166,654,-835,-633,83,2292,-1869,177,5,-3600,19369,99,34,79,16,0,0,0,0,0,0,0,-32286,0,0,0,0,0,2709698,0
2693706,10874,-518,966,-872,-587,-60,1879,-1803,214,5,-3480,19369,94,34,79,16,0,0,0,0,0,0,0,-32286,0,0,0,0,0,2709713,0
2693711,10822,-1012,1310,-909,-499,-167,1480,-1760,221,3,-3400,19369,94,34,79,16,0,0,0,0,0,0,0,-32286,0,0,0,0,0,2709718,0
2693716,10620,-1896,2694,-928,84,-213,1089,-1716,209,-4,-3288,19369,100,34,79,16,0,0,0,0,0,0,0,-32286,0,0,0,0,0,2709733,0
2693721,10212,-2174,2946,-980,371,-217,710,-1661,187,-15,-3136,19369,100,34,79,16,0,0,0,0,0,0,0,-32286,0,0,0,0,0,2709738,0
2693726,9962,-2786,2738,-1025,638,-173,341,-1611,167,-13,-3024,19370,91,34,79,16,0,0,0,0,0,0,0,-32286,0,0,0,0,0,2709752,0
2693731,9152,-2722,2462,-1001,847,-173,-13,-1557,170,-14,-2848,19370,91,34,79,16,0,0,0,0,0,0,0,-32286,0,0,0,0,0,2709757,0
2693736,8086,-2958,2190,-1024,1358,-69,-348,-1469,191,-15,-2640,19370,93,34,79,16,0,0,0,0,0,0,0,-32286,0,0,0,0,0,2709776,0
2693741,7748,-3102,1476,-1048,1390,-44,-663,-1373,232,-8,-2416,19370,93,34,79,16,0,0,0,0,0,0,0,-32287,0,0,0,0,0,2709781,0
2693746,7294,-3148,902,-1041,1427,6,-953,-1266,274,-12,-2184,19371,91,34,79,16,0,0,0,0,0,0,0,-32286,0,0,0,0,0,2709792,0
2693751,6918,-2964,518,-970,1380,-41,-1218,-1152,316,-2,-1944,19371,91,34,79,16,0,0,0,0,0,0,0,-32286,0,0,0,0,0,2709797,0
2693756,6432,-2922,10,-770,1220,-75,-1461,-1056,354,0,-1736,19371,91,34,79,16,0,0,0,0,0,0,0,-32287,0,0,0,0,0,2709812,0
2693761,6324,-2754,-348,-656,1042,-112,-1675,-943,369,0,-1512,19371,91,34,79,16,0,0,0,0,0,0,0,-32286,0,0,0,0,0,2709817,0
2693766,6408,-2584,-612,-605,883,-157,-1873,-854,367,6,-1344,19371,79,34,79,16,0,0,0,0,0,0,0,-32286,0,0,0,0,0,2709832,0
2693771,6362,-2526,-688,-623,739,-147,-2052,-782,351,3,-1200,19371,79,34,79,16,0,0,0,0,0,0,0,-32286,0,0,0,0,0,2709837,0
2693776,6414,-2482,-456,-832,544,-81,-2217,-714,304,4,-1056,19374,71,34,79,16,0,0,0,0,0,0,0,-32286,0,0,0,0,0,2709852,0
2693781,6388,-2566,-266,-878,461,-51,-2372,-672,263,-1,-960,19374,71,34,79,16,0,0,0,0,0,0,0,-32286,0,0,0,0,0,2709857,0
2693786,6444,-2696,-2,-953,419,6,-2513,-619,227,-2,-872,19376,76,34,79,16,0,0,0,0,0,0,0,-32286,0,0,0,0,0,2709872,0
2693791,6582,-2728,302,-979,410,51,-2645,-572,189,1,-736,19376,76,34,79,16,0,0,0,0,0,0,0,-32286,0,0,0,0,0,2709877,0
2693796,6792,-2340,990,-984,464,100,-2768,-538,175,-1,-648,19377,88,34,79,16,0,0,0,0,0,0,0,-32286,0,0,0,0,0,2709892,0
2693801,6952,-2514,1044,-983,509,121,-2880,-485,157,0,-520,19377,88,34,79,16,0,0,0,0,0,0,0,-32287,0,0,0,0,0,2709897,0
2693806,7184,-2520,988,-946,496,137,-2980,-446,155,9,-448,19375,86,34,79,16,0,0,0,0,0,0,0,-32287,0,0,0,0,0,2709912,0
2693811,7360,-2194,1186,-913,581,121,-3072,-403,150,11,-400,19375,86,34,79,16,0,0,0,0,0,0,0,-32286,0,0,0,0,0,2709917,0
2693816,7420,-1906,1380,-969,756,138,-3161,-393,137,0,-368,19377,93,34,79,16,0,0,0,0,0,0,0,-32286,0,0,0,0,0,2709932,0
2693821,7296,-1962,1300,-1006,793,129,-3245,-357,118,-13,-288,19377,93,34,79,16,0,0,0,0,0,0,0,-32286,0,0,0,0,0,2709937,0
2693826,7150,-1890,1056,-1005,814,132,-3318,-322,100,-11,-232,19376,97,34,79,16,0,0,0,0,0,0,0,-32286,0,0,0,0,0,2709952,0
2693831,7078,-1812,790,-1004,788,114,-3382,-275,102,-5,-152,19376,97,34,79,16,0,0,0,0,0,0,0,-32286,0,0,0,0,0,2709957,0
2693836,6728,-1812,546,-1077,794,145,-3442,-255,114,6,-144,19376,95,34,79,16,0,0,0,0,0,0,0,-32286,0,0,0,0,0,2709972,0
2693841,6480,-1774,540,-1084,768,123,-3496,-232,116,4,-112,19376,95,34,79,16,0,0,0,0,0,0,0,-32286,0,0,0,0,0,2709977,0
2693846,6438,-1774,470,-1088,770,128,-3545,-210,97,0,-104,19377,94,34,79,16,0,0,0,0,0,0,0,-32286,0,0,0,0,0,2709992,0
2693851,6342,-1972,440,-1092,737,157,-3594,-217,79,5,-112,19377,94,34,79,16,0,0,0,0,0,0,0,-32286,0,0,0,0,0,2709997,0
2693856,6238,-1944,372,-1032,696,141,-3635,-184,63,-1,-80,19377,86,34,79,16,0,0,0,0,0,0,0,-32287,0,0,0,0,0,2710012,0
2693861,5980,-1694,432,-987,648,105,-3664,-121,68,0,-40,19377,86,34,79,16,0,0,0,0,0,0,0,-32286,0,0,0,0,0,2710017,0
2693866,6008,-1854,286,-961,646,134,-3683,-66,112,1,-32,19378,77,34,79,16,0,0,0,0,0,0,0,-32286,0,0,0,0,0,2710032,0
2693871,5748,-1666,274,-978,626,156,-3696,-59,128,0,-24,19378,77,34,79,16,0,0,0,0,0,0,0,-32286,0,0,0,0,0,2710037,0
2693876,5770,-1576,232,-1006,612,154,-3702,-27,135,-3,-8,19374,77,34,79,16,0,0,0,0,0,0,0,-32287,0,0,0,0,0,2710052,0
2693881,5700,-1658,212,-1011,631,166,-3702,5,129,-4,0,19374,77,34,79,16,0,0,0,0,0,0,0,-32286,0,0,0,0,0,2710057,0
2693886,5636,-1618,234,-1012,643,188,-3701,3,91,0,0,19371,81,34,79,16,0,0,0,0,0,0,0,-32287,0,0,0,0,0,2710072,0
2693891,5656,-1584,276,-1010,627,169,-3700,2,59,0,-8,19371,81,34,79,16,0,0,0,0,0,0,0,-32286,0,0,0,0,0,2710077,0
2693896,5752,-1578,280,-961,626,157,-3700,0,36,0,0,19370,85,34,79,16,0,0,0,0,0,0,0,-32286,0,0,0,0,0,2710092,0
2693901,5834,-1554,252,-958,644,146,-3699,0,10,-1,-8,19370,85,34,79,16,0,0,0,0,0,0,0,-32286,0,0,0,0,0,2710097,0
2693906,5864,-1504,284,-964,652,117,-3700,-2,-2,0,0,19371,78,34,79,16,0,0,0,0,0,0,0,-32287,0,0,0,0,0,2710112,0
2693911,5938,-1602,274,-966,665,88,-3700,3,-1,1,0,19371,78,34,79,16,0,0,0,0,0,0,0,-32286,0,0,0,0,0,2710117,0
2693916,6060,-1654,308,-898,645,49,-3700,0,2,0,0,19372,76,34,79,16,0,0,0,0,0,0,0,-32287,0,0,0,0,0,2710132,0
2693921,6138,-1666,200,-902,619,43,-3700,0,4,0,0,19372,76,34,79,16,0,0,0,0,0,0,0,-32286,0,0,0,0,0,2710137,0
2693926,6156,-1578,108,-961,613,39,-3700,3,1,0,0,19372,77,34,79,16,0,0,0,0,0,0,0,-32286,0,0,0,0,0,2710152,0
2693931,6140,-1574,28,-1087,640,82,-3701,-3,0,-1,0,19372,77,34,79,16,0,0,0,0,0,0,0,-32286,0,0,0,0,0,2710157,0
2693936,6216,-1706,182,-1306,663,108,-3699,3,1,0,0,19372,79,34,79,16,0,0,0,0,0,0,0,-32286,0,0,0,0,0,2710172,0
2693941,6398,-1868,294,-1166,594,78,-3698,6,2,0,0,19372,79,34,79,16,0,0,0,0,0,0,0,-32286,0,0,0,0,0,2710176,0
2693946,6504,-2032,336,-996,468,48,-3697,0,1,0,0,19373,73,34,79,16,0,0,0,0,0,0,0,-32287,0,0,0,0,0,2710191,0
2693951,6738,-1784,366,-876,356,-1,-3698,-6,-5,0,0,19373,73,34,79,16,0,0,0,0,0,0,0,-32286,0,0,0,0,0,2710196,0
2693956,6860,-1338,170,-975,196,7,-3697,0,-6,0,0,19374,70,34,79,16,0,0,0,0,0,0,0,-32286,0,0,0,0,0,2710211,0
2693961,7430,-1346,222,-1113,233,25,-3696,8,-5,1,0,19374,70,34,79,16,0,0,0,0,0,0,0,-32286,0,0,0,0,0,2710216,0
2693966,7536,-1354,632,-1202,287,26,-3694,11,3,0,0,19374,72,34,79,16,0,0,0,0,0,0,0,-32286,0,0,0,0,0,2710231,0
2693971,7722,-1548,748,-1207,281,23,-3695,5,4,0,0,19374,72,34,79,16,0,0,0,0,0,0,0,-32286,0,0,0,0,0,2710236,0
2693976,8098,-1962,864,-1048,226,-25,-3693,0,7,1,0,19374,78,34,79,16,0,0,0,0,0,0,0,-32286,0,0,0,0,0,2710251,0
2693981,8200,-1888,900,-999,228,-26,-3693,-5,1,0,0,19374,78,34,79,16,0,0,0,0,0,0,0,-32286,0,0,0,0,0,2710256,0
2693986,8334,-1804,954,-1022,252,-18,-3692,-2,-2,0,0,19372,80,34,79,16,0,0,0,0,0,0,0,-32286,0,0,0,0,0,2710271,0
2693991,8372,-1842,1082,-1095,321,1,-3692,-2,-1,-1,0,19372,80,34,79,16,0,0,0,0,0,0,0,-32286,0,0,0,0,0,2710276,0
2693996,8416,-2256,1274,-1193,483,66,-3689,12,5,-1,8,19371,81,34,79,16,0,0,0,0,0,0,0,-32286,0,0,0,0,0,2710291,0
2694001,8408,-2438,1340,-1211,559,87,-3686,12,5,-1,8,19371,81,34,79,16,0,0,0,0,0,0,0,-32286,0,0,0,0,0,2710296,0
2694006,8416,-2638,1400,-1250,675,126,-3679,29,21,-1,24,19371,78,34,79,16,0,0,0,0,0,0,0,-32286,0,0,0,0,0,2710311,0
2694011,8390,-2644,1468,-1310,800,153,-3663,74,38,-3,40,19371,78,34,79,16,0,0,0,0,0,0,0,-32286,0,0,0,0,0,2710316,0
2694016,8720,-2764,1374,-993,812,40,-3631,153,80,-10,96,19372,81,34,79,16,0,0,0,0,0,0,0,-32286,0,0,0,0,0,2710331,0
2694021,8540,-2720,1084,-836,720,-5,-3587,195,139,2,128,19372,81,34,79,16,0,0,0,0,0,0,0,-32286,0,0,0,0,0,2710336,0
2694026,8860,-2604,728,-730,558,-36,-3534,230,174,9,128,19373,80,34,79,16,0,0,0,0,0,0,0,-32286,0,0,0,0,0,2710351,0
2694031,9004,-2188,636,-721,477,-79,-3480,239,165,7,136,19373,80,34,79,16,0,0,0,0,0,0,0,-32286,0,0,0,0,0,2710356,0
2694036,9342,-2026,632,-800,330,-168,-3421,264,127,1,168,19370,78,34,79,16,0,0,0,0,0,0,0,-32286,0,0,0,0,0,2710371,0
2694041,9350,-2008,748,-830,281,-214,-3358,282,80,2,184,19370,78,34,79,16,0,0,0,0,0,0,0,-32286,0,0,0,0,0,2710376,0
2694046,9570,-2060,814,-769,234,-275,-3290,298,63,-2,224,19371,74,34,79,16,0,0,0,0,0,0,0,-32286,0,0,0,0,0,2710391,0
2694051,9554,-2188,928,-741,253,-302,-3219,328,64,-4,264,19371,74,34,79,16,0,0,0,0,0,0,0,-32286,0,0,0,0,0,2710396,0
2694056,9588,-2306,1164,-667,225,-353,-3143,341,67,-1,280,19371,78,34,79,16,0,0,0,0,0,0,0,-32286,0,0,0,0,0,2710411,0
2694061,9472,-2184,1290,-648,243,-352,-3067,329,61,10,240,19371,78,34,79,16,0,0,0,0,0,0,0,-32286,0,0,0,0,0,2710416,0
2694066,9366,-1976,1408,-696,301,-349,-2997,301,33,7,200,19371,75,34,79,16,0,0,0,0,0,0,0,-32286,0,0,0,0,0,2710431,0
2694071,9272,-1928,1514,-772,387,-352,-2928,297,1,1,192,19371,75,34,79,16,0,0,0,0,0,0,0,-32286,0,0,0,0,0,2710436,0
2694076,9062,-1712,1738,-799,565,-341,-2865,275,-42,0,160,19371,72,34,79,16,0,0,0,0,0,0,0,-32286,0,0,0,0,0,2710451,0
2694081,9058,-1674,1662,-772,618,-310,-2802,274,-52,-2,168,19371,72,34,79,16,0,0,0,0,0,0,0,-32286,0,0,0,0,0,2710456,0
2694086,8806,-1488,1650,-764,661,-291,-2743,256,-50,0,144,19374,70,34,79,16,0,0,0,0,0,0,0,-32286,0,0,0,0,0,2710471,0
2694091,8734,-1108,1656,-798,705,-303,-2686,247,-37,3,136,19374,70,34,79,16,0,0,0,0,0,0,0,-32286,0,0,0,0,0,2710476,0
2694096,8802,-1306,1520,-1024,795,-187,-2633,229,-42,2,104,19373,70,34,79,16,0,0,0,0,0,0,0,-32286,0,0,0,0,0,2710491,0
2694101,9028,-1414,1642,-1180,810,-168,-2587,212,-45,0,96,19373,70,34,79,16,0,0,0,0,0,0,0,-32286,0,0,0,0,0,2710496,0
2694106,9708,-1788,1724,-1246,829,-131,-2541,193,-61,-5,104,19372,76,34,79,16,0,0,0,0,0,0,0,-32286,0,0,0,0,0,2710511,0
2694111,9998,-2006,1930,-1327,877,-97,-2495,204,-46,-3,96,19372,76,34,79,16,0,0,0,0,0,0,0,-32286,0,0,0,0,0,2710516,0
2694116,11000,-2682,1856,-1615,991,42,-2447,214,-31,1,112,19372,78,34,79,16,0,0,0,0,0,0,0,-32286,0,0,0,0,0,2710530,0
2694121,11408,-3072,1762,-1660,1031,30,-2398,224,1,-7,152,19372,78,34,79,16,0,0,0,0,0,0,0,-32286,0,0,0,0,0,2710535,0
2694126,11774,-3826,1526,-1632,1068,86,-2338,263,31,-7,192,19372,81,34,79,16,0,0,0,0,0,0,0,-32286,0,0,0,0,0,2710550,0
2694131,11854,-4624,1544,-1608,1032,134,-2266,313,76,-5,296,19372,81,34,79,16,0,0,0,0,0,0,0,-32286,0,0,0,0,0,2710555,0
2694136,12056,-5200,1772,-1374,1004,85,-2177,394,128,-13,432,19373,76,34,79,16,0,0,0,0,0,0,0,-32286,0,0,0,0,0,2710570,0
2694141,11818,-5146,1916,-1268,1004,17,-2079,440,171,-18,536,19373,76,34,79,16,0,0,0,0,0,0,0,-32286,0,0,0,0,0,2710575,0
2694146,11782,-5190,1920,-1177,1022,-65,-1973,475,191,-9,656,19373,64,34,79,16,0,0,0,0,0,0,0,-32286,0,0,0,0,0,2710590,0
2694151,11276,-5174,2024,-1170,1099,-142,-1855,520,174,-3,768,19373,64,34,79,16,0,0,0,0,0,0,0,-32286,0,0,0,0,0,2710595,0
2694156,10478,-6066,2074,-1135,1191,-266,-1726,571,165,1,872,19371,56,34,79,16,0,0,0,0,0,0,0,-32286,0,0,0,0,0,2710610,0
2694161,9784,-6548,1990,-1079,1188,-310,-1590,605,155,8,936,19371,56,34,79,16,0,0,0,0,0,0,0,-32286,0,0,0,0,0,2710615,0
2694166,9140,-7078,1708,-928,1073,-359,-1451,614,135,9,944,19372,59,34,79,16,0,0,0,0,0,0,0,-32286,0,0,0,0,0,2710630,0
2694171,8492,-7384,1420,-707,934,-416,-1301,652,124,-4,1032,19372,59,34,79,16,0,0,0,0,0,0,0,-32286,0,0,0,0,0,2710635,0
2694176,7004,-7408,904,-328,618,-441,-1147,677,103,7,1048,19371,65,34,79,16,0,0,0,0,0,0,0,-32286,0,0,0,0,0,2710650,0
2694181,6426,-7260,720,-185,505,-439,-995,674,89,10,1048,19371,65,34,79,16,0,0,0,0,0,0,0,-32286,0,0,0,0,0,2710655,0
2694186,5934,-7206,736,-7,401,-419,-836,696,66,-4,1088,19370,71,34,79,16,0,0,0,0,0,0,0,-32286,0,0,0,0,0,2710670,0
2694191,5448,-7130,682,156,286,-380,-676,698,51,7,1072,19370,71,34,79,16,0,0,0,0,0,0,0,-32285,0,0,0,0,0,2710675,0
2694196,4942,-6254,648,385,46,-331,-519,692,33,0,1056,19371,70,34,79,16,0,0,0,0,0,0,0,-32286,0,0,0,0,0,2710690,0
2694201,4588,-5954,868,449,5,-292,-360,694,18,3,1048,19371,70,34,79,16,0,0,0,0,0,0,0,-32286,0,0,0,0,0,2710695,0
2694206,4486,-5440,432,499,-161,-245,-207,669,-1,9,992,19373,70,34,79,16,0,0,0,0,0,0,0,-32286,0,0,0,0,0,2710710,0
2694211,4566,-4822,336,532,-184,-202,-54,670,-19,-4,1000,19373,70,34,79,16,0,0,0,0,0,0,0,-32287,0,0,0,0,0,2710715,0
2694216,4058,-3914,74,489,-212,-154,95,668,-26,-2,984,19374,75,34,79,16,0,0,0,0,0,0,0,-32286,0,0,0,0,0,2710730,0
2694221,3912,-3382,-68,493,-246,-151,245,650,-29,2,944,19374,75,34,79,16,0,0,0,0,0,0,0,-32286,0,0,0,0,0,2710735,0
2694226,3912,-2894,-102,476,-220,-144,391,641,-37,0,920,19374,75,34,79,16,0,0,0,0,0,0,0,-32286,0,0,0,0,0,2710750,0
2694231,3826,-2584,-44,377,-163,-108,535,646,-26,-1,944,19374,75,34,79,16,0,0,0,0,0,0,0,-32286,0,0,0,0,0,2710756,0
2694236,3700,-2290,32,89,10,7,679,635,-28,0,928,19372,80,34,79,16,0,0,0,0,0,0,0,-32286,0,0,0,0,0,2710773,0
2694241,3616,-2392,120,-17,85,33,822,626,-24,-1,912,19372,80,34,79,16,0,0,0,0,0,0,0,-32286,0,0,0,0,0,2710777,0
2694246,3570,-2532,24,-32,135,46,968,643,-10,-7,992,19371,85,34,79,16,0,0,0,0,0,0,0,-32286,0,0,0,0,0,2710792,0
2694251,3444,-2780,-62,21,105,70,1119,663,11,-5,1016,19371,85,34,79,16,0,0,0,0,0,0,0,-32286,0,0,0,0,0,2710797,0
2694256,3664,-2950,-334,49,-26,90,1270,663,22,1,1032,19371,83,34,79,16,0,0,0,0,0,0,0,-32286,0,0,0,0,0,2710812,0
2694261,3928,-3048,-358,86,-122,90,1426,687,40,-6,1088,19371,83,34,79,16,0,0,0,0,0,0,0,-32286,0,0,0,0,0,2710817,0
2694266,4220,-3292,-338,61,-217,140,1583,693,45,0,1088,19372,87,34,79,16,0,0,0,0,0,0,0,-32286,0,0,0,0,0,2710832,0
2694271,4576,-3490,-218,2,-341,171,1737,679,29,5,1064,19372,87,34,79,16,0,0,0,0,0,0,0,-32286,0,0,0,0,0,2710837,0
2694276,5524,-4192,118,-137,-522,294,1890,672,9,1,1032,19373,88,34,79,16,0,0,0,0,0,0,0,-32287,0,0,0,0,0,2710852,0
2694281,5978,-4366,398,-253,-561,368,2038,646,-10,6,960,19373,88,34,79,16,0,0,0,0,0,0,0,-32286,0,0,0,0,0,2710857,0
2694286,6476,-4772,592,-341,-548,452,2177,615,-46,3,888,19374,90,34,79,16,0,0,0,0,0,0,0,-32286,0,0,0,0,0,2710872,0
2694291,6814,-5068,772,-379,-547,523,2311,589,-76,-1,832,19374,90,34,79,16,0,0,0,0,0,0,0,-32286,0,0,0,0,0,2710877,0
2694296,7290,-5606,824,-342,-493,656,2435,542,-98,4,672,19374,84,34,79,16,0,0,0,0,0,0,0,-32287,0,0,0,0,0,2710892,0
2694301,7402,-5502,628,-311,-494,685,2553,505,-112,-6,608,19374,84,34,79,16,0,0,0,0,0,0,0,-32286,0,0,0,0,0,2710897,0
2694306,7482,-5406,422,-224,-505,682,2661,477,-118,-10,568,19374,81,34,79,16,0,0,0,0,0,0,0,-32286,0,0,0,0,0,2710912,0
2694311,7502,-5096,172,-130,-508,655,2764,447,-119,0,488,19374,81,34,79,16,0,0,0,0,0,0,0,-32286,0,0,0,0,0,2710917,0
2694316,7514,-4258,-276,-41,-544,530,2857,394,-120,3,384,19375,78,34,79,16,0,0,0,0,0,0,0,-32286,0,0,0,0,0,2710932,0
2694321,7692,-4106,-470,-50,-542,453,2944,373,-117,8,320,19375,78,34,79,16,0,0,0,0,0,0,0,-32285,0,0,0,0,0,2710937,0
2694326,7498,-3840,-580,-83,-532,352,3022,335,-118,14,256,19374,84,34,79,16,0,0,0,0,0,0,0,-32286,0,0,0,0,0,2710952,0
2694331,7440,-3774,-676,-114,-574,238,3094,317,-118,4,216,19374,84,34,79,16,0,0,0,0,0,0,0,-32286,0,0,0,0,0,2710957,0
2694336,7146,-3860,-622,-192,-620,60,3162,286,-111,3,184,19372,87,34,79,16,0,0,0,0,0,0,0,-32286,0,0,0,0,0,2710972,0
2694341,7088,-4074,-536,-216,-648,-5,3227,285,-84,-3,184,19372,87,34,79,16,0,0,0,0,0,0,0,-32286,0,0,0,0,0,2710977,0
2694346,6818,-4356,-462,-199,-684,-27,3287,262,-72,2,144,19372,88,34,79,16,0,0,0,0,0,0,0,-32286,0,0,0,0,0,2710992,0
2694351,6528,-4486,-314,-149,-776,-91,3344,251,-60,-3,128,19372,88,34,79,16,0,0,0,0,0,0,0,-32287,0,0,0,0,0,2710997,0
2694356,6500,-4762,-208,22,-879,-157,3400,239,-54,1,112,19373,83,34,79,16,0,0,0,0,0,0,0,-32286,0,0,0,0,0,2711012,0
2694361,6364,-4742,-36,145,-981,-192,3449,217,-51,-2,104,19373,83,34,79,16,0,0,0,0,0,0,0,-32286,0,0,0,0,0,2711026,0
2694366,6498,-4564,-4,252,-1020,-224,3498,214,-50,-2,112,19375,63,34,79,16,0,0,0,0,0,0,0,-32286,0,0,0,0,0,2711032,0
2694371,6692,-4570,92,350,-1058,-212,3549,218,-42,-1,128,19375,63,34,79,16,0,0,0,0,0,0,0,-32286,0,0,0,0,0,2711037,0
2694376,7042,-3998,316,471,-1024,-220,3603,238,-20,0,136,19374,64,34,79,16,0,0,0,0,0,0,0,-32286,0,0,0,0,0,2711056,0
2694381,7186,-3962,436,521,-1003,-204,3663,271,15,2,192,19374,64,34,79,16,0,0,0,0,0,0,0,-32286,0,0,0,0,0,2711061,0
2694386,7152,-3822,590,573,-963,-189,3728,286,54,11,184,19373,66,34,79,16,0,0,0,0,0,0,0,-32286,0,0,0,0,0,2711072,0
2694391,7222,-3632,652,624,-917,-193,3792,288,61,7,192,19373,66,34,79,16,0,0,0,0,0,0,0,-32286,0,0,0,0,0,2711076,0
2694396,7456,-3506,726,764,-836,-120,3859,293,49,-1,200,19371,80,34,79,16,0,0,0,0,0,0,0,-32286,0,0,0,0,0,2711092,0
2694401,7400,-3282,788,795,-803,-107,3926,296,32,8,200,19371,80,34,79,16,0,0,0,0,0,0,0,-32286,0,0,0,0,0,2711096,0
2694406,7392,-3086,802,825,-757,-110,3995,310,19,-7,240,19370,83,34,79,16,0,0,0,0,0,0,0,-32286,0,0,0,0,0,2711111,0
2694411,7446,-2956,754,859,-714,-91,4073,342,32,-6,304,19370,83,34,79,16,0,0,0,0,0,0,0,-32286,0,0,0,0,0,2711116,0
2694416,7482,-2804,608,917,-673,-36,4159,379,57,-5,352,19372,84,34,79,16,0,0,0,0,0,0,0,-32286,0,0,0,0,0,2711131,0
2694421,7332,-2702,480,918,-680,-18,4245,378,79,1,352,19372,84,34,79,16,0,0,0,0,0,0,0,-32286,0,0,0,0,0,2711136,0
2694426,7342,-2646,324,919,-697,8,4333,384,78,3,352,19374,75,34,79,16,0,0,0,0,0,0,0,-32286,0,0,0,0,0,2711151,0
2694431,7262,-2564,234,907,-691,37,4421,392,53,1,360,19374,75,34,79,16,0,0,0,0,0,0,0,-32286,0,0,0,0,0,2711156,0
2694436,7266,-2482,72,904,-744,55,4516,414,37,-10,432,19374,71,34,79,16,0,0,0,0,0,0,0,-32286,0,0,0,0,0,2711171,0
2694441,7072,-2462,56,882,-775,79,4613,434,34,-15,496,19374,71,34,79,16,0,0,0,0,0,0,0,-32286,0,0,0,0,0,2711176,0
2694446,7026,-2552,-52,841,-804,124,4709,420,43,0,456,19374,72,34,79,16,0,0,0,0,0,0,0,-32286,0,0,0,0,0,2711191,0
2694451,6894,-2504,-76,804,-844,145,4804,413,27,2,440,19374,72,34,79,16,0,0,0,0,0,0,0,-32286,0,0,0,0,0,2711196,0
2694456,6886,-2710,16,796,-889,200,4896,412,5,-3,464,19374,78,34,79,16,0,0,0,0,0,0,0,-32286,0,0,0,0,0,2711211,0
2694461,6894,-2816,-6,824,-913,222,4991,419,-7,-2,480,19374,78,34,79,16,0,0,0,0,0,0,0,-32286,0,0,0,0,0,2711216,0
2694466,6972,-2866,48,845,-925,228,5087,422,-9,4,456,19378,85,34,79,16,0,0,0,0,0,0,0,-32286,0,0,0,0,0,2711231,0
2694471,6978,-2832,50,824,-925,252,5175,389,-5,14,360,19378,85,34,79,16,0,0,0,0,0,0,0,-32286,0,0,0,0,0,2711236,0
2694476,7178,-2800,144,768,-853,299,5261,372,-26,13,328,19378,83,34,79,16,0,0,0,0,0,0,0,-32286,0,0,0,0,0,2711255,0
2694481,7244,-2768,196,735,-831,300,5341,346,-55,6,272,19378,83,34,79,16,0,0,0,0,0,0,0,-32286,0,0,0,0,0,2711260,0
2694486,7420,-2864,130,727,-774,323,5417,337,-63,1,256,19377,84,34,79,16,0,0,0,0,0,0,0,-32286,0,0,0,0,0,2711271,0
2694491,7366,-2770,158,715,-747,333,5488,315,-73,6,208,19377,84,34,79,16,0,0,0,0,0,0,0,-32286,0,0,0,0,0,2711276,0
2694496,7470,-2968,-4,629,-676,405,5551,267,-72,5,128,19376,78,34,79,16,0,0,0,0,0,0,0,-32286,0,0,0,0,0,2711291,0
2694501,7478,-2912,42,615,-654,398,5604,226,-91,-1,96,19376,78,34,79,16,0,0,0,0,0,0,0,-32286,0,0,0,0,0,2711296,0
2694506,7526,-2880,88,634,-600,394,5650,193,-111,-11,88,19374,77,34,79,16,0,0,0,0,0,0,0,-32286,0,0,0,0,0,2711311,0
2694511,7680,-3078,78,681,-592,435,5683,135,-136,0,32,19374,77,34,79,16,0,0,0,0,0,0,0,-32286,0,0,0,0,0,2711316,0
2694516,7734,-2892,178,685,-496,442,5706,102,-152,-3,40,19374,75,34,79,16,0,0,0,0,0,0,0,-32286,0,0,0,0,0,2711331,0
2694521,7712,-2806,234,667,-415,469,5722,64,-147,5,8,19374,75,34,79,16,0,0,0,0,0,0,0,-32286,0,0,0,0,0,2711336,0
2694526,7684,-2684,270,677,-352,477,5724,2,-153,10,-8,19374,75,34,79,16,0,0,0,0,0,0,0,-32286,0,0,0,0,0,2711351,0
2694531,7784,-2584,262,733,-315,441,5722,-16,-153,3,-8,19374,75,34,79,16,0,0,0,0,0,0,0,-32286,0,0,0,0,0,2711356,0
2694536,7864,-2344,186,863,-203,382,5721,-2,-119,-2,0,19373,75,34,79,16,0,0,0,0,0,0,0,-32286,0,0,0,0,0,2711370,0
2694541,7818,-2112,138,868,-158,363,5722,0,-75,-1,0,19373,75,34,79,16,0,0,0,0,0,0,0,-32286,0,0,0,0,0,2711375,0
2694546,7924,-2028,106,848,-90,367,5722,1,-30,0,-8,19372,77,34,79,16,0,0,0,0,0,0,0,-32286,0,0,0,0,0,2711390,0
2694551,7668,-2020,-14,798,-67,350,5722,7,4,0,0,19372,77,34,79,16,0,0,0,0,0,0,0,-32286,0,0,0,0,0,2711395,0
2694556,7540,-1852,-276,864,-97,294,5721,-3,11,0,0,19373,71,34,79,16,0,0,0,0,0,0,0,-32286,0,0,0,0,0,2711410,0
2694561,7566,-1892,-294,932,-124,283,5722,-2,-3,0,0,19373,71,34,79,16,0,0,0,0,0,0,0,-32286,0,0,0,0,0,2711415,0
2694566,7392,-1788,-326,873,-172,277,5722,3,2,0,-8,19372,72,34,79,16,0,0,0,0,0,0,0,-32286,0,0,0,0,0,2711430,0
2694571,7464,-1720,-454,708,-170,308,5723,10,7,0,0,19372,72,34,79,16,0,0,0,0,0,0,0,-32286,0,0,0,0,0,2711435,0
2694576,7154,-1728,-796,433,-306,381,5725,9,0,-1,0,19375,71,34,79,16,0,0,0,0,0,0,0,-32286,0,0,0,0,0,2711450,0
2694581,7200,-1838,-346,424,-133,382,5728,17,13,0,8,19375,71,34,79,16,0,0,0,0,0,0,0,-32286,0,0,0,0,0,2711455,0
2694586,7118,-1966,-112,507,-144,369,5732,15,13,0,8,19377,73,34,79,16,0,0,0,0,0,0,0,-32286,0,0,0,0,0,2711470,0
2694591,7282,-2040,-44,593,-113,364,5742,47,21,-1,24,19377,73,34,79,16,0,0,0,0,0,0,0,-32286,0,0,0,0,0,2711475,0
2694596,7532,-1454,-146,758,-69,282,5763,104,48,-9,72,19376,70,34,79,16,0,0,0,0,0,0,0,-32287,0,0,0,0,0,2711490,0
2694601,7608,-1606,-112,851,-35,233,5804,180,109,-8,112,19376,70,34,79,16,0,0,0,0,0,0,0,-32286,0,0,0,0,0,2711495,0
2694606,7514,-1488,-198,938,-68,158,5860,243,167,4,168,19372,67,34,79,16,0,0,0,0,0,0,0,-32286,0,0,0,0,0,2711510,0
2694611,7880,-1530,-418,1071,-117,113,5925,296,213,-1,264,19372,67,34,79,16,0,0,0,0,0,0,0,-32286,0,0,0,0,0,2711515,0
2694616,7798,-1208,-562,1095,-200,-4,6003,339,219,1,296,19374,66,34,79,16,0,0,0,0,0,0,0,-32286,0,0,0,0,0,2711530,0
2694621,7740,-1056,-558,991,-182,-55,6086,366,181,0,344,19374,66,34,79,16,0,0,0,0,0,0,0,-32286,0,0,0,0,0,2711535,0
2694626,7874,-1138,-552,905,-170,-110,6174,384,155,-6,392,19377,79,34,79,16,0,0,0,0,0,0,0,-32286,0,0,0,0,0,2711550,0
2694631,7826,-1334,-478,836,-138,-154,6266,400,106,-9,432,19377,79,34,79,16,0,0,0,0,0,0,0,-32286,0,0,0,0,0,2711555,0
2694636,7966,-1614,-316,829,-110,-250,6362,427,82,-12,504,19377,81,34,79,16,0,0,0,0,0,0,0,-32286,0,0,0,0,0,2711570,0
2694641,7934,-1884,-214,873,-121,-265,6467,464,76,-8,584,19377,81,34,79,16,0,0,0,0,0,0,0,-32286,0,0,0,0,0,2711575,0
2694646,7924,-2110,-122,842,-107,-272,6570,461,69,0,584,19377,83,34,79,16,0,0,0,0,0,0,0,-32286,0,0,0,0,0,2711590,0
2694651,8154,-2170,-122,848,-94,-279,6674,458,66,6,536,19377,83,34,79,16,0,0,0,0,0,0,0,-32286,0,0,0,0,0,2711595,0
2694656,8146,-2210,72,845,-54,-316,6784,480,44,1,608,19376,84,34,79,16,0,0,0,0,0,0,0,-32286,0,0,0,0,0,2711610,0
2694661,8344,-2322,60,896,-15,-343,6898,505,35,-1,672,19376,84,34,79,16,0,0,0,0,0,0,0,-32286,0,0,0,0,0,2711615,0
2694666,8186,-2364,80,905,10,-336,7010,498,39,8,640,19374,87,34,79,16,0,0,0,0,0,0,0,-32286,0,0,0,0,0,2711630,0
2694671,8204,-2442,66,887,26,-338,7122,490,32,3,608,19374,87,34,79,16,0,0,0,0,0,0,0,-32286,0,0,0,0,0,2711644,0
2694676,8186,-2344,-2,894,125,-363,7233,496,18,-9,632,19371,82,34,79,16,0,0,0,0,0,0,0,-32286,0,0,0,0,0,2711650,0
2694681,8150,-2434,-84,913,151,-369,7348,507,6,-3,648,19371,82,34,79,16,0,0,0,0,0,0,0,-32286,0,0,0,0,0,2711655,0
2694686,8052,-2350,-150,927,158,-375,7462,491,0,16,592,19372,78,34,79,16,0,0,0,0,0,0,0,-32286,0,0,0,0,0,2711670,0
2694691,8016,-2356,-280,947,163,-371,7569,477,-1,3,552,19372,78,34,79,16,0,0,0,0,0,0,0,-32286,0,0,0,0,0,2711675,0
2694696,8062,-1994,-472,971,163,-407,7680,479,-9,-4,568,19372,74,34,79,16,0,0,0,0,0,0,0,-32286,0,0,0,0,0,2711690,0
2694701,8032,-2012,-544,992,141,-409,7791,493,-16,-8,624,19372,74,34,79,16,0,0,0,0,0,0,0,-32286,0,0,0,0,0,2711695,0
2694706,8096,-1950,-616,994,116,-404,7903,487,-6,3,576,19374,75,34,79,16,0,0,0,0,0,0,0,-32286,0,0,0,0,0,2711714,0
2694711,8192,-1622,-674,989,81,-433,8013,491,0,-2,616,19374,75,34,79,16,0,0,0,0,0,0,0,-32286,0,0,0,0,0,2711719,0
2694716,8354,-1262,-576,931,58,-433,8122,488,0,-1,608,19374,77,34,79,16,0,0,0,0,0,0,0,-32286,0,0,0,0,0,2711729,0
2694721,8664,-1154,-598,920,67,-461,8235,497,0,-1,640,19374,77,34,79,16,0,0,0,0,0,0,0,-32286,0,0,0,0,0,2711734,0
2694726,8658,-1200,-556,897,80,-441,8345,490,-3,9,584,19375,77,34,79,16,0,0,0,0,0,0,0,-32286,0,0,0,0,0,2711749,0
2694731,8780,-1002,-428,853,79,-459,8456,484,6,6,568,19375,77,34,79,16,0,0,0,0,0,0,0,-32286,0,0,0,0,0,2711754,0
2694736,9078,-912,-232,740,128,-465,8565,480,-1,-4,568,19373,73,34,79,16,0,0,0,0,0,0,0,-32286,0,0,0,0,0,2711773,0
2694741,9362,-1024,-216,701,147,-498,8675,490,-4,-7,616,19373,73,34,79,16,0,0,0,0,0,0,0,-32286,0,0,0,0,0,2711779,0
2694746,9476,-1184,-156,684,184,-524,8785,482,-14,-1,600,19373,79,34,79,16,0,0,0,0,0,0,0,-32286,0,0,0,0,0,2711789,0
2694751,9542,-1656,-158,649,202,-551,8895,483,-5,3,584,19373,79,34,79,16,0,0,0,0,0,0,0,-32286,0,0,0,0,0,2711794,0
2694756,9800,-2320,-290,657,290,-580,9000,468,-6,1,560,19373,74,34,79,16,0,0,0,0,0,0,0,-32286,0,0,0,0,0,2711809,0
2694761,9676,-2800,-314,677,274,-601,9108,472,-9,-3,568,19373,74,34,79,16,0,0,0,0,0,0,0,-32287,0,0,0,0,0,2711814,0
2694766,9822,-3218,-454,783,281,-621,9216,482,-12,-5,592,19372,73,34,79,16,0,0,0,0,0,0,0,-32286,0,0,0,0,0,2711829,0
2694771,9684,-3466,-518,894,257,-606,9323,467,-8,3,544,19372,73,34,79,16,0,0,0,0,0,0,0,-32286,0,0,0,0,0,2711834,0
2694776,9512,-3496,-588,930,148,-558,9421,432,-18,-1,464,19372,76,34,79,16,0,0,0,0,0,0,0,-32286,0,0,0,0,0,2711849,0
2694781,9394,-3228,-610,886,111,-566,9516,410,-40,-1,432,19372,76,34,79,16,0,0,0,0,0,0,0,-32286,0,0,0,0,0,2711854,0
2694786,9376,-3096,-616,913,79,-551,9606,399,-64,0,416,19372,86,34,79,16,0,0,0,0,0,0,0,-32286,0,0,0,0,0,2711869,0
2694791,9114,-2822,-484,925,-13,-529,9690,365,-80,16,296,19372,86,34,79,16,0,0,0,0,0,0,0,-32286,0,0,0,0,0,2711874,0
2694796,8952,-2066,-262,729,-104,-467,9760,312,-90,24,184,19373,91,34,79,16,0,0,0,0,0,0,0,-32286,0,0,0,0,0,2711889,0
2694801,8840,-1936,-150,516,-128,-411,9817,239,-120,12,80,19373,91,34,79,16,0,0,0,0,0,0,0,-32286,0,0,0,0,0,2711894,0
2694806,8644,-1826,52,322,-170,-383,9861,179,-160,-7,56,19376,95,34,79,16,0,0,0,0,0,0,0,-32286,0,0,0,0,0,2711909,0
2694811,8676,-1668,186,216,-215,-401,9893,132,-196,-11,56,19376,95,34,79,16,0,0,0,0,0,0,0,-32286,0,0,0,0,0,2711914,0
2694816,8838,-1890,568,120,-273,-436,9920,117,-182,-4,32,19378,89,34,79,16,0,0,0,0,0,0,0,-32286,0,0,0,0,0,2711929,0
2694821,8900,-2088,712,122,-296,-472,9938,79,-161,5,24,19378,89,34,79,16,0,0,0,0,0,0,0,-32286,0,0,0,0,0,2711934,0
2694826,9152,-2272,784,166,-312,-505,9957,77,-118,-1,24,19377,88,34,79,16,0,0,0,0,0,0,0,-32287,0,0,0,0,0,2711949,0
2694831,9254,-2466,862,176,-298,-528,9969,55,-87,3,8,19377,88,34,79,16,0,0,0,0,0,0,0,-32286,0,0,0,0,0,2711954,0
2694836,9524,-2740,912,1,-238,-536,9971,4,-80,6,0,19374,87,34,79,16,0,0,0,0,0,0,0,-32286,0,0,0,0,0,2711969,0
2694841,9624,-3080,914,-164,-222,-525,9969,3,-88,1,0,19374,87,34,79,16,0,0,0,0,0,0,0,-32286,0,0,0,0,0,2711974,0
2694846,9508,-3346,910,-317,-212,-509,9969,1,-75,1,-8,19372,88,34,79,16,0,0,0,0,0,0,0,-32286,0,0,0,0,0,2711993,0
2694851,9488,-3720,868,-408,-241,-507,9970,-3,-59,1,-8,19372,88,34,79,16,0,0,0,0,0,0,0,-32286,0,0,0,0,0,2711998,0
2694856,9352,-4412,988,-265,-342,-563,9970,3,-24,0,-8,19371,84,34,79,16,0,0,0,0,0,0,0,-32286,0,0,0,0,0,2712008,0
2694861,9374,-4832,1266,-9,-338,-604,9969,-2,-2,0,-8,19371,84,34,79,16,0,0,0,0,0,0,0,-32286,0,0,0,0,0,2712023,0
2694866,9062,-4778,1422,125,-366,-607,9968,-2,-2,0,-8,19373,82,34,79,16,0,0,0,0,0,0,0,-32286,0,0,0,0,0,2712028,0
2694871,8972,-4644,1322,47,-339,-607,9967,-4,-4,0,-8,19373,82,34,79,16,0,0,0,0,0,0,0,-32286,0,0,0,0,0,2712033,0
2694876,8246,-5006,1040,-513,-98,-490,9966,-3,-1,-2,0,19374,74,34,79,16,0,0,0,0,0,0,0,-32286,0,0,0,0,0,2712052,0
2694881,7462,-5412,1078,-664,-26,-474,9966,-6,-2,-1,0,19374,74,34,79,16,0,0,0,0,0,0,0,-32286,0,0,0,0,0,2712057,0
2694886,7100,-6360,958,-709,-36,-432,9966,0,3,1,-8,19376,68,34,79,16,0,0,0,0,0,0,0,-32287,0,0,0,0,0,2712068,0
2694891,6544,-6848,1150,-601,-87,-367,9965,-5,2,0,-8,19376,68,34,79,16,0,0,0,0,0,0,0,-32286,0,0,0,0,0,2712073,0
2694896,5864,-7198,1576,-339,-187,-313,9964,-1,3,0,-8,19375,69,34,79,16,0,0,0,0,0,0,0,-32286,0,0,0,0,0,2712088,0
2694901,5528,-7168,1846,-190,-201,-294,9964,-5,-1,0,-8,19375,69,34,79,16,0,0,0,0,0,0,0,-32286,0,0,0,0,0,2712093,0
2694906,6158,-6338,2650,801,-404,-762,9959,-28,-10,5,-40,19374,79,34,79,16,0,0,0,0,0,0,0,-32286,0,0,0,0,0,2712108,0
2694911,6256,-7992,2772,2454,-434,-1066,9937,-102,-54,6,-72,19374,79,34,79,16,0,0,0,0,0,0,0,-32286,0,0,0,0,0,2712113,0
2694916,5750,-5162,2656,2531,-659,-918,9898,-175,-126,10,-144,19374,72,34,79,16,0,0,0,0,0,0,0,-32286,0,0,0,0,0,2712128,0
2694921,5652,-5486,1252,1796,-522,-799,9835,-289,-215,21,-352,19374,72,34,79,16,0,0,0,0,0,0,0,-32286,0,0,0,0,0,2712133,0
2694926,5320,-5852,962,1284,-426,-654,9734,-461,-323,46,-752,19374,71,34,79,16,0,0,0,0,0,0,0,-32287,0,0,0,0,0,2712148,0
2694931,4748,-6302,1216,1051,-359,-563,9591,-647,-435,37,-1264,19374,71,34,79,16,0,0,0,0,0,0,0,-32286,0,0,0,0,0,2712153,0
2694936,4884,-6780,1260,1246,-400,-300,9401,-855,-549,7,-1712,19374,80,34,79,16,0,0,0,0,0,0,0,-32286,0,0,0,0,0,2712168,0
2694941,4544,-6264,1388,1051,-284,-83,9162,-1083,-647,15,-2224,19374,80,34,79,16,0,0,0,0,0,0,0,-32286,0,0,0,0,0,2712172,0
2694946,4894,-5890,1266,823,-244,87,8872,-1297,-716,8,-2696,19374,86,34,79,16,0,0,0,0,0,0,0,-32286,0,0,0,0,0,2712187,0
2694951,5184,-5700,1340,555,-11,343,8528,-1534,-762,-3,-3160,19374,86,34,79,16,0,0,0,0,0,0,0,-32286,0,0,0,0,0,2712202,0
2694956,5550,-5188,1456,258,197,700,8139,-1742,-769,-8,-3576,19371,89,34,79,16,0,0,0,0,0,0,0,-32286,0,0,0,0,0,2712207,0
2694961,5762,-4880,1338,60,274,968,7706,-1920,-754,-12,-3920,19371,89,34,79,16,0,0,0,0,0,0,0,-32286,0,0,0,0,0,2712212,0
2694966,5262,-4252,1918,-328,592,1180,7243,-2045,-693,-23,-4096,19370,94,34,79,16,0,0,0,0,0,0,0,-32287,0,0,0,0,0,2712227,0
2694971,5520,-5012,1184,-317,330,1287,6765,-2112,-568,-22,-4208,19370,94,34,79,16,0,0,0,0,0,0,0,-32286,0,0,0,0,0,2712232,0
2694976,6896,-3250,818,210,-73,1325,6280,-2135,-412,-9,-4240,19368,100,34,79,16,0,0,0,0,0,0,0,-32286,0,0,0,0,0,2712247,0
2694981,7568,-1922,716,160,-164,1306,5794,-2137,-244,-3,-4248,19368,100,34,79,16,0,0,0,0,0,0,0,-32286,0,0,0,0,0,2712252,0
2694986,8338,-994,432,-56,-196,1289,5309,-2131,-115,-5,-4224,19367,107,34,79,16,0,0,0,0,0,0,0,-32286,0,0,0,0,0,2712267,0
2694991,8770,-340,348,-370,-237,1217,4825,-2123,-35,-10,-4168,19367,107,34,79,16,0,0,0,0,0,0,0,-32286,0,0,0,0,0,2712272,0
2694996,10218,166,802,-408,-332,868,4346,-2100,13,-11,-4072,19367,112,34,79,16,0,0,0,0,0,0,0,-32286,0,0,0,0,0,2712287,0
2695001,10496,224,856,-292,-445,657,3878,-2066,51,-10,-3984,19367,112,34,79,16,0,0,0,0,0,0,0,-32287,0,0,0,0,0,2712292,0
2695006,11102,228,856,-226,-508,497,3419,-2011,291,-4,-3856,19368,99,34,79,16,0,0,0,0,0,0,0,-32286,0,0,0,0,0,2712306,0
2695011,11106,534,1092,-341,-534,330,2975,-1949,329,2,-3744,19368,99,34,79,16,0,0,0,0,0,0,0,-32286,0,0,0,0,0,2712311,0
2695016,11248,96,1366,-760,-282,75,2548,-1864,272,6,-3584,19369,93,34,79,16,0,0,0,0,0,0,0,-32286,0,0,0,0,0,2712326,0
2695021,10930,-568,1714,-822,-128,-3,2137,-1805,304,13,-3480,19369,93,34,79,16,0,0,0,0,0,0,0,-32286,0,0,0,0,0,2712331,0
2695026,10732,-1278,2222,-767,48,-38,1741,-1743,125,9,-3352,19367,90,34,79,16,0,0,0,0,0,0,0,-32286,0,0,0,0,0,2712346,0
2695031,10534,-1758,2774,-708,328,-73,1356,-1687,27,1,-3232,19367,90,34,79,16,0,0,0,0,0,0,0,-32286,0,0,0,0,0,2712351,0
2695036,9758,-2440,2618,-799,879,-27,985,-1626,19,-4,-3072,19366,89,34,79,16,0,0,0,0,0,0,0,-32286,0,0,0,0,0,2712366,0
2695041,8840,-2328,2374,-815,1000,-28,626,-1567,202,-10,-2920,19366,89,34,79,16,0,0,0,0,0,0,0,-32286,0,0,0,0,0,2712371,0
2695046,8864,-3062,2170,-830,1284,34,282,-1503,198,-15,-2744,19368,97,34,79,16,0,0,0,0,0,0,0,-32286,0,0,0,0,0,2712386,0
2695051,7728,-2610,2050,-865,1386,59,-45,-1429,213,-16,-2552,19368,97,34,79,16,0,0,0,0,0,0,0,-32286,0,0,0,0,0,2712391,0
2695056,7158,-2996,1020,-957,1497,142,-346,-1321,241,-9,-2296,19371,92,34,79,16,0,0,0,0,0,0,0,-32286,0,0,0,0,0,2712406,0
2695061,6818,-2928,786,-864,1453,114,-625,-1206,286,-8,-2048,19371,92,34,79,16,0,0,0,0,0,0,0,-32286,0,0,0,0,0,2712411,0
2695066,6664,-3064,500,-726,1362,104,-877,-1099,334,-6,-1816,19373,87,34,79,16,0,0,0,0,0,0,0,-32286,0,0,0,0,0,2712425,0
2695071,6428,-2782,130,-630,1184,59,-1104,-986,361,-1,-1584,19373,87,34,79,16,0,0,0,0,0,0,0,-32286,0,0,0,0,0,2712430,0
2695076,6418,-2438,-378,-511,825,-4,-1309,-892,378,7,-1400,19373,90,34,79,16,0,0,0,0,0,0,0,-32286,0,0,0,0,0,2712445,0
2695081,6426,-2192,-512,-548,651,-32,-1495,-812,364,5,-1240,19373,90,34,79,16,0,0,0,0,0,0,0,-32286,0,0,0,0,0,2712450,0
2695086,6468,-2174,-484,-656,531,-2,-1664,-729,328,3,-1104,19373,86,34,79,16,0,0,0,0,0,0,0,-32286,0,0,0,0,0,2712465,0
2695091,6482,-2098,-248,-736,421,-2,-1825,-693,290,10,-1024,19373,86,34,79,16,0,0,0,0,0,0,0,-32287,0,0,0,0,0,2712470,0
2695096,6622,-2234,110,-889,326,71,-1971,-644,239,-4,-904,19374,83,34,79,16,0,0,0,0,0,0,0,-32286,0,0,0,0,0,2712485,0
2695101,6684,-2338,428,-965,357,137,-2105,-592,205,0,-816,19374,83,34,79,16,0,0,0,0,0,0,0,-32286,0,0,0,0,0,2712490,0
2695106,6682,-2230,818,-986,384,151,-2233,-555,178,-1,-712,19374,82,34,79,16,0,0,0,0,0,0,0,-32286,0,0,0,0,0,2712505,0
2695111,6768,-2288,1076,-976,400,173,-2352,-519,159,0,-608,19374,82,34,79,16,0,0,0,0,0,0,0,-32286,0,0,0,0,0,2712510,0
2695116,6922,-2064,1382,-874,462,213,-2458,-471,146,5,-520,19374,78,34,79,16,0,0,0,0,0,0,0,-32286,0,0,0,0,0,2712525,0
2695121,6992,-2068,1258,-868,474,222,-2557,-433,146,14,-464,19374,78,34,79,16,0,0,0,0,0,0,0,-32286,0,0,0,0,0,2712530,0
2695126,7030,-1816,1270,-880,526,238,-2649,-401,142,5,-416,19371,80,34,79,16,0,0,0,0,0,0,0,-32286,0,0,0,0,0,2712544,0
2695131,7064,-1556,1332,-973,629,261,-2735,-377,126,-4,-344,19371,80,34,79,16,0,0,0,0,0,0,0,-32286,0,0,0,0,0,2712549,0
2695136,7102,-1528,1282,-1086,744,277,-2815,-347,104,-13,-280,19372,87,34,79,16,0,0,0,0,0,0,0,-32286,0,0,0,0,0,2712564,0
2695141,6906,-1644,1180,-1055,730,267,-2888,-309,100,-12,-200,19372,87,34,79,16,0,0,0,0,0,0,0,-32286,0,0,0,0,0,2712569,0
2695146,6838,-1732,1018,-994,726,281,-2954,-286,101,-7,-168,19371,82,34,79,16,0,0,0,0,0,0,0,-32286,0,0,0,0,0,2712584,0
2695151,6632,-1476,950,-957,705,277,-3013,-260,99,-4,-128,19371,82,34,79,16,0,0,0,0,0,0,0,-32286,0,0,0,0,0,2712589,0
2695156,6548,-1102,752,-977,727,213,-3065,-225,107,6,-112,19370,82,34,79,16,0,0,0,0,0,0,0,-32287,0,0,0,0,0,2712604,0
2695161,6300,-1174,680,-1027,707,230,-3114,-214,103,7,-112,19370,82,34,79,16,0,0,0,0,0,0,0,-32286,0,0,0,0,0,2712609,0
2695166,6128,-1002,588,-1042,673,181,-3157,-188,84,0,-88,19370,83,34,79,16,0,0,0,0,0,0,0,-32287,0,0,0,0,0,2712624,0
2695171,6124,-1252,420,-1038,688,177,-3192,-153,88,1,-56,19370,83,34,79,16,0,0,0,0,0,0,0,-32286,0,0,0,0,0,2712629,0
2695176,5908,-1314,348,-933,634,125,-3212,-79,108,-4,-24,19371,74,34,79,16,0,0,0,0,0,0,0,-32286,0,0,0,0,0,2712644,0
2695181,5592,-1256,332,-947,601,129,-3223,-37,132,-3,-16,19371,74,34,79,16,0,0,0,0,0,0,0,-32286,0,0,0,0,0,2712649,0
2695186,5616,-1308,228,-963,586,125,-3231,-33,148,0,-16,19370,75,34,79,16,0,0,0,0,0,0,0,-32286,0,0,0,0,0,2712664,0
2695191,5566,-1328,158,-982,575,133,-3236,-18,131,0,-8,19370,75,34,79,16,0,0,0,0,0,0,0,-32286,0,0,0,0,0,2712669,0
2695196,5540,-1408,182,-975,536,125,-3238,-6,89,-3,0,19369,81,34,79,16,0,0,0,0,0,0,0,-32286,0,0,0,0,0,2712684,0
2695201,5478,-1468,228,-983,526,145,-3238,2,55,0,0,19369,81,34,79,16,0,0,0,0,0,0,0,-32287,0,0,0,0,0,2712689,0
2695206,5500,-1402,232,-984,514,168,-3239,0,36,0,-8,19369,89,34,79,16,0,0,0,0,0,0,0,-32286,0,0,0,0,0,2712704,0
2695211,5522,-1390,254,-995,516,178,-3237,2,25,-1,-8,19369,89,34,79,16,0,0,0,0,0,0,0,-32286,0,0,0,0,0,2712709,0
2695216,5736,-1376,284,-1046,530,203,-3237,5,13,-1,-8,19369,93,34,79,16,0,0,0,0,0,0,0,-32287,0,0,0,0,0,2712723,0
2695221,5726,-1388,316,-1099,528,207,-3237,1,3,-2,0,19369,93,34,79,16,0,0,0,0,0,0,0,-32287,0,0,0,0,0,2712728,0
2695226,5848,-1406,366,-1128,531,207,-3236,2,-1,-2,0,19371,91,34,79,16,0,0,0,0,0,0,0,-32286,0,0,0,0,0,2712743,0
2695231,5970,-1456,412,-1144,531,211,-3237,1,0,0,0,19371,91,34,79,16,0,0,0,0,0,0,0,-32286,0,0,0,0,0,2712750,0
2695236,6332,-1422,542,-1063,468,166,-3236,1,-2,0,0,19372,87,34,79,16,0,0,0,0,0,0,0,-32286,0,0,0,0,0,2712766,0
2695241,6358,-1338,406,-1058,379,148,-3237,-2,-5,1,-8,19372,87,34,79,16,0,0,0,0,0,0,0,-32286,0,0,0,0,0,2712771,0
2695246,6550,-1246,228,-1084,307,115,-3235,2,0,0,-8,19372,91,34,79,16,0,0,0,0,0,0,0,-32286,0,0,0,0,0,2712786,0
2695251,6828,-1132,362,-1025,283,81,-3235,0,-1,-1,0,19372,91,34,79,16,0,0,0,0,0,0,0,-32286,0,0,0,0,0,2712791,0
2695256,6950,-1032,338,-1142,166,56,-3235,8,3,-1,0,19371,91,34,79,16,0,0,0,0,0,0,0,-32286,0,0,0,0,0,2712806,0
2695261,7118,-1058,276,-1182,126,23,-3234,5,0,-1,0,19371,91,34,79,16,0,0,0,0,0,0,0,-32287,0,0,0,0,0,2712811,0
2695266,7452,-1260,554,-1123,186,16,-3234,4,-2,0,0,19371,92,34,79,16,0,0,0,0,0,0,0,-32286,0,0,0,0,0,2712826,0
2695271,7438,-1236,936,-1051,169,-37,-3234,5,2,-1,0,19371,92,34,79,16,0,0,0,0,0,0,0,-32286,0,0,0,0,0,2712831,0
2695276,7704,-1474,978,-968,158,-64,-3233,0,-1,-2,0,19372,90,34,79,16,0,0,0,0,0,0,0,-32287,0,0,0,0,0,2712846,0
2695281,7776,-1546,960,-960,165,-82,-3231,4,-2,0,0,19372,90,34,79,16,0,0,0,0,0,0,0,-32288,0,0,0,0,0,2712851,0
2695286,7864,-1560,976,-957,187,-94,-3231,8,4,-1,0,19374,86,34,79,16,0,0,0,0,0,0,0,-32286,0,0,0,0,0,2712866,0
2695291,8018,-1696,1056,-963,245,-78,-3229,1,4,0,0,19374,86,34,79,16,0,0,0,0,0,0,0,-32286,0,0,0,0,0,2712871,0
2695296,7980,-1860,1012,-1107,323,-25,-3225,12,4,-1,0,19374,85,34,79,16,0,0,0,0,0,0,0,-32286,0,0,0,0,0,2712886,0
2695301,8040,-2006,1002,-1196,386,14,-3220,28,15,-2,16,19374,85,34,79,16,0,0,0,0,0,0,0,-32286,0,0,0,0,0,2712891,0
2695306,8112,-2086,1044,-1268,474,47,-3210,52,29,-4,32,19378,71,34,79,16,0,0,0,0,0,0,0,-32286,0,0,0,0,0,2712906,0
2695311,8350,-1980,1188,-1185,509,-2,-3184,120,53,-13,72,19378,71,34,79,16,0,0,0,0,0,0,0,-32286,0,0,0,0,0,2712911,0
2695316,8728,-2316,1000,-832,371,-72,-3146,171,117,-4,88,19377,67,34,79,16,0,0,0,0,0,0,0,-32286,0,0,0,0,0,2712925,0
2695321,8950,-2038,800,-753,238,-120,-3098,210,156,6,112,19377,67,34,79,16,0,0,0,0,0,0,0,-32286,0,0,0,0,0,2712930,0
2695326,9444,-1888,596,-738,188,-146,-3051,206,154,3,120,19377,67,34,79,16,0,0,0,0,0,0,0,-32286,0,0,0,0,0,2712945,0
2695331,9532,-1510,694,-803,116,-184,-3001,222,117,-5,136,19377,67,34,79,16,0,0,0,0,0,0,0,-32286,0,0,0,0,0,2712950,0
2695336,10128,-1502,882,-861,61,-268,-2947,236,71,2,136,19372,81,34,79,16,0,0,0,0,0,0,0,-32286,0,0,0,0,0,2712965,0
2695341,10096,-1528,1098,-882,49,-284,-2890,244,48,2,144,19372,81,34,79,16,0,0,0,0,0,0,0,-32286,0,0,0,0,0,2712970,0
2695346,10266,-1482,1238,-855,70,-348,-2832,254,39,2,152,19372,79,34,79,16,0,0,0,0,0,0,0,-32287,0,0,0,0,0,2712985,0
2695351,10422,-1534,1412,-839,116,-374,-2772,266,41,0,176,19372,79,34,79,16,0,0,0,0,0,0,0,-32286,0,0,0,0,0,2712990,0
2695356,10278,-1262,1772,-852,233,-401,-2710,273,30,0,184,19372,75,34,79,16,0,0,0,0,0,0,0,-32286,0,0,0,0,0,2713005,0
2695361,10344,-1172,1880,-866,349,-428,-2650,270,25,0,168,19372,75,34,79,16,0,0,0,0,0,0,0,-32286,0,0,0,0,0,2713010,0
2695366,10268,-1242,1916,-916,462,-398,-2594,240,9,1,120,19374,76,34,79,16,0,0,0,0,0,0,0,-32286,0,0,0,0,0,2713025,0
2695371,9996,-1042,2028,-959,561,-393,-2541,224,-18,-8,136,19374,76,34,79,16,0,0,0,0,0,0,0,-32286,0,0,0,0,0,2713030,0
2695376,9744,-848,1874,-963,761,-393,-2486,231,-28,0,112,19374,83,34,79,16,0,0,0,0,0,0,0,-32287,0,0,0,0,0,2713045,0
2695381,9342,-654,1822,-1031,808,-360,-2436,220,-34,5,104,19374,83,34,79,16,0,0,0,0,0,0,0,-32286,0,0,0,0,0,2713050,0
2695386,9242,-518,1724,-1115,862,-375,-2387,219,-30,-7,128,19372,86,34,79,16,0,0,0,0,0,0,0,-32286,0,0,0,0,0,2713065,0
2695391,9400,-640,1632,-1166,887,-343,-2337,225,-17,-5,136,19372,86,34,79,16,0,0,0,0,0,0,0,-32287,0,0,0,0,0,2713070,0
2695396,9760,-1140,1884,-1372,910,-294,-2279,246,1,-2,168,19372,75,34,79,16,0,0,0,0,0,0,0,-32286,0,0,0,0,0,2713085,0
2695401,10400,-1624,1984,-1454,900,-236,-2211,299,39,-2,248,19372,75,34,79,16,0,0,0,0,0,0,0,-32286,0,0,0,0,0,2713090,0
2695406,10792,-2074,2110,-1557,889,-174,-2137,328,83,1,304,19373,68,34,79,16,0,0,0,0,0,0,0,-32286,0,0,0,0,0,2713105,0
2695411,11198,-2414,2088,-1673,869,-140,-2054,374,108,-7,376,19373,68,34,79,16,0,0,0,0,0,0,0,-32286,0,0,0,0,0,2713110,0
2695416,12088,-3878,1980,-1816,954,-38,-1962,412,127,-16,488,19376,78,34,79,16,0,0,0,0,0,0,0,-32286,0,0,0,0,0,2713125,0
2695421,12538,-4686,2052,-1715,902,-57,-1853,487,149,-24,704,19376,78,34,79,16,0,0,0,0,0,0,0,-32286,0,0,0,0,0,2713130,0
2695426,13308,-5058,1976,-1359,854,-140,-1729,556,174,-11,880,19376,82,34,79,16,0,0,0,0,0,0,0,-32286,0,0,0,0,0,2713145,0
2695431,13352,-5154,2032,-1102,905,-204,-1594,605,204,9,976,19376,82,34,79,16,0,0,0,0,0,0,0,-32287,0,0,0,0,0,2713149,0
2695436,12834,-4492,2010,-1104,1243,-344,-1446,639,208,13,1024,19377,81,34,79,16,0,0,0,0,0,0,0,-32286,0,0,0,0,0,2713164,0
2695441,12186,-4592,2124,-1169,1446,-403,-1288,693,196,2,1120,19377,81,34,79,16,0,0,0,0,0,0,0,-32287,0,0,0,0,0,2713169,0
2695446,11452,-5214,2130,-1201,1610,-430,-1129,701,165,13,1112,19375,72,34,79,16,0,0,0,0,0,0,0,-32287,0,0,0,0,0,2713184,0
2695451,10496,-5902,2128,-1189,1636,-438,-967,712,117,5,1128,19375,72,34,79,16,0,0,0,0,0,0,0,-32286,0,0,0,0,0,2713189,0
2695456,8980,-6952,1680,-1008,1484,-456,-802,728,83,2,1136,19376,72,34,79,16,0,0,0,0,0,0,0,-32287,0,0,0,0,0,2713204,0
2695461,8108,-7100,1628,-939,1354,-456,-638,722,50,7,1112,19376,72,34,79,16,0,0,0,0,0,0,0,-32286,0,0,0,0,0,2713209,0
2695466,7406,-7444,1556,-844,1261,-433,-477,704,20,1,1088,19376,86,34,79,16,0,0,0,0,0,0,0,-32287,0,0,0,0,0,2713224,0
2695471,6532,-7852,1210,-682,1040,-398,-316,707,3,6,1064,19376,86,34,79,16,0,0,0,0,0,0,0,-32286,0,0,0,0,0,2713229,0
2695476,5258,-7758,1070,-179,677,-350,-159,683,-18,6,1008,19376,90,34,79,16,0,0,0,0,0,0,0,-32286,0,0,0,0,0,2713244,0
2695481,4808,-7418,864,53,505,-328,-8,663,-38,-5,984,19376,90,34,79,16,0,0,0,0,0,0,0,-32286,0,0,0,0,0,2713249,0
2695486,4424,-6904,752,198,347,-296,140,650,-48,2,928,19375,91,34,79,16,0,0,0,0,0,0,0,-32286,0,0,0,0,0,2713264,0
2695491,4142,-6424,594,241,191,-271,282,617,-63,2,856,19375,91,34,79,16,0,0,0,0,0,0,0,-32286,0,0,0,0,0,2713269,0
2695496,3844,-5714,414,273,-51,-185,419,596,-70,4,808,19374,94,34,79,16,0,0,0,0,0,0,0,-32286,0,0,0,0,0,2713284,0
2695501,3712,-5510,418,292,-130,-114,551,577,-74,1,760,19374,94,34,79,16,0,0,0,0,0,0,0,-32286,0,0,0,0,0,2713289,0
2695506,3378,-5252,496,295,-217,-54,681,557,-71,0,696,19375,87,34,79,16,0,0,0,0,0,0,0,-32286,0,0,0,0,0,2713304,0
2695511,3554,-4920,298,427,-355,-19,801,531,-77,-6,672,19375,87,34,79,16,0,0,0,0,0,0,0,-32286,0,0,0,0,0,2713309,0
2695516,3750,-3954,300,422,-401,34,922,529,-66,-6,672,19375,81,34,79,16,0,0,0,0,0,0,0,-32286,0,0,0,0,0,2713324,0
2695521,3944,-3512,292,381,-367,106,1042,527,-63,-7,688,19375,81,34,79,16,0,0,0,0,0,0,0,-32286,0,0,0,0,0,2713329,0
2695526,3758,-3278,378,268,-295,151,1159,512,-41,-3,664,19374,78,34,79,16,0,0,0,0,0,0,0,-32286,0,0,0,0,0,2713344,0
2695531,3662,-3044,328,171,-253,193,1276,511,-25,-7,680,19374,78,34,79,16,0,0,0,0,0,0,0,-32286,0,0,0,0,0,2713349,0
2695536,3536,-2808,26,288,-225,233,1401,544,-6,-11,784,19374,76,34,79,16,0,0,0,0,0,0,0,-32286,0,0,0,0,0,2713364,0
2695541,3342,-2900,-234,331,-255,265,1532,573,28,-5,872,19374,76,34,79,16,0,0,0,0,0,0,0,-32286,0,0,0,0,0,2713368,0
2695546,3358,-2750,-544,318,-319,289,1669,600,63,3,928,19372,83,34,79,16,0,0,0,0,0,0,0,-32286,0,0,0,0,0,2713383,0
2695551,3394,-2744,-814,274,-411,292,1814,646,90,-3,1048,19372,83,34,79,16,0,0,0,0,0,0,0,-32286,0,0,0,0,0,2713388,0
2695556,3872,-3166,-932,339,-673,269,1966,670,110,-1,1080,19372,90,34,79,16,0,0,0,0,0,0,0,-32286,0,0,0,0,0,2713403,0
2695561,4054,-3310,-766,300,-831,290,2119,670,98,9,1072,19372,90,34,79,16,0,0,0,0,0,0,0,-32286,0,0,0,0,0,2713408,0
2695566,4574,-3520,-568,251,-924,306,2274,683,81,1,1104,19374,85,34,79,16,0,0,0,0,0,0,0,-32286,0,0,0,0,0,2713423,0
2695571,5004,-3912,-308,173,-981,368,2426,670,50,8,1032,19374,85,34,79,16,0,0,0,0,0,0,0,-32286,0,0,0,0,0,2713428,0
2695576,5930,-4700,306,-9,-992,541,2575,646,4,10,968,19375,79,34,79,16,0,0,0,0,0,0,0,-32287,0,0,0,0,0,2713443,0
2695581,6262,-5062,614,-71,-944,634,2715,624,-32,4,912,19375,79,34,79,16,0,0,0,0,0,0,0,-32286,0,0,0,0,0,2713448,0
2695586,6670,-5450,836,-106,-866,744,2851,593,-55,8,816,19376,80,34,79,16,0,0,0,0,0,0,0,-32286,0,0,0,0,0,2713463,0
2695591,6858,-5574,1016,-161,-764,835,2978,562,-85,5,736,19376,80,34,79,16,0,0,0,0,0,0,0,-32286,0,0,0,0,0,2713468,0
2695596,7424,-5718,812,32,-674,938,3096,512,-103,-3,616,19374,78,34,79,16,0,0,0,0,0,0,0,-32286,0,0,0,0,0,2713483,0
2695601,7688,-5354,582,231,-694,920,3209,489,-114,-7,568,19374,78,34,79,16,0,0,0,0,0,0,0,-32286,0,0,0,0,0,2713488,0
2695606,7960,-4910,310,369,-689,922,3310,453,-124,-6,472,19374,86,34,79,16,0,0,0,0,0,0,0,-32286,0,0,0,0,0,2713503,0
2695611,7968,-4150,114,412,-680,836,3402,402,-129,4,352,19374,86,34,79,16,0,0,0,0,0,0,0,-32286,0,0,0,0,0,2713508,0
2695616,8286,-3090,-374,261,-553,674,3481,340,-145,17,224,19377,87,34,79,16,0,0,0,0,0,0,0,-32287,0,0,0,0,0,2713523,0
2695621,8412,-2902,-574,168,-512,570,3551,305,-151,12,184,19377,87,34,79,16,0,0,0,0,0,0,0,-32286,0,0,0,0,0,2713528,0
2695626,8186,-2774,-572,94,-492,455,3612,265,-157,2,120,19379,89,34,79,16,0,0,0,0,0,0,0,-32286,0,0,0,0,0,2713543,0
2695631,8060,-2766,-658,34,-486,327,3669,245,-149,-3,112,19379,89,34,79,16,0,0,0,0,0,0,0,-32286,0,0,0,0,0,2713548,0
2695636,7482,-3234,-618,-182,-472,195,3719,212,-125,-2,72,19376,90,34,79,16,0,0,0,0,0,0,0,-32286,0,0,0,0,0,2713563,0
2695641,7162,-3316,-504,-246,-515,110,3756,167,-109,-2,72,19376,90,34,79,16,0,0,0,0,0,0,0,-32286,0,0,0,0,0,2713568,0
2695646,6962,-3746,-472,-219,-569,49,3790,140,-118,-8,56,19375,86,34,79,16,0,0,0,0,0,0,0,-32287,0,0,0,0,0,2713583,0
2695651,6640,-3994,-264,-61,-706,-90,3822,146,-110,-6,80,19375,86,34,79,16,0,0,0,0,0,0,0,-32286,0,0,0,0,0,2713588,0
2695656,6416,-4442,-186,321,-966,-166,3853,130,-80,6,40,19372,85,34,79,16,0,0,0,0,0,0,0,-32286,0,0,0,0,0,2713603,0
2695661,6490,-4168,-132,413,-1121,-239,3880,118,-54,-2,48,19372,85,34,79,16,0,0,0,0,0,0,0,-32286,0,0,0,0,0,2713608,0
2695666,6772,-4322,-244,433,-1137,-215,3908,123,-33,-1,32,19373,84,34,79,16,0,0,0,0,0,0,0,-32286,0,0,0,0,0,2713623,0
2695671,6622,-3970,10,410,-1199,-212,3932,106,-26,0,56,19373,84,34,79,16,0,0,0,0,0,0,0,-32286,0,0,0,0,0,2713628,0
2695676,7098,-4058,344,507,-1156,-192,3965,150,-20,-8,80,19373,75,34,79,16,0,0,0,0,0,0,0,-32286,0,0,0,0,0,2713643,0
2695681,7066,-3930,582,548,-1116,-177,4004,180,23,0,112,19373,75,34,79,16,0,0,0,0,0,0,0,-32286,0,0,0,0,0,2713648,0
2695686,7248,-3986,668,621,-1073,-133,4056,232,69,-2,152,19371,79,34,79,16,0,0,0,0,0,0,0,-32286,0,0,0,0,0,2713663,0
2695691,7210,-3706,806,683,-995,-128,4120,292,125,-4,248,19371,79,34,79,16,0,0,0,0,0,0,0,-32286,0,0,0,0,0,2713668,0
2695696,7340,-3588,752,882,-876,-36,4196,333,165,5,288,19371,78,34,79,16,0,0,0,0,0,0,0,-32286,0,0,0,0,0,2713683,0
2695701,7280,-3342,726,948,-842,-52,4276,361,161,1,320,19371,78,34,79,16,0,0,0,0,0,0,0,-32286,0,0,0,0,0,2713688,0
2695706,7492,-3280,474,1055,-777,-31,4365,394,152,-5,400,19372,78,34,79,16,0,0,0,0,0,0,0,-32287,0,0,0,0,0,2713703,0
2695711,7240,-2896,414,1094,-801,-39,4462,429,127,-14,496,19372,78,34,79,16,0,0,0,0,0,0,0,-32286,0,0,0,0,0,2713708,0
2695716,7438,-2606,2,1231,-840,-79,4566,470,117,-16,600,19373,76,34,79,16,0,0,0,0,0,0,0,-32286,0,0,0,0,0,2713723,0
2695721,7214,-2572,-104,1239,-878,-68,4679,493,117,-1,648,19373,76,34,79,16,0,0,0,0,0,0,0,-32286,0,0,0,0,0,2713728,0
2695726,7312,-2454,-260,1196,-908,-64,4793,507,108,6,680,19377,77,34,79,16,0,0,0,0,0,0,0,-32286,0,0,0,0,0,2713743,0
2695731,7306,-2336,-346,1169,-947,-59,4908,512,89,-2,704,19377,77,34,79,16,0,0,0,0,0,0,0,-32286,0,0,0,0,0,2713748,0
2695736,7204,-2398,-352,1154,-1027,-61,5027,526,59,1,720,19377,78,34,79,16,0,0,0,0,0,0,0,-32286,0,0,0,0,0,2713763,0
2695741,7112,-2688,-372,1135,-1037,-15,5147,520,39,13,672,19377,78,34,79,16,0,0,0,0,0,0,0,-32286,0,0,0,0,0,2713774,0
2695746,7026,-2534,-292,1095,-1064,-2,5263,504,21,4,632,19376,78,34,79,16,0,0,0,0,0,0,0,-32286,0,0,0,0,0,2713782,0
2695751,7012,-2710,-290,1054,-1050,50,5376,495,0,-1,608,19376,78,34,79,16,0,0,0,0,0,0,0,-32287,0,0,0,0,0,2713787,0
2695756,7028,-2710,-100,998,-1009,107,5485,480,-27,-6,568,19372,74,34,79,16,0,0,0,0,0,0,0,-32287,0,0,0,0,0,2713802,0
2695761,6956,-2942,-46,986,-979,173,5588,448,-52,3,488,19372,74,34,79,16,0,0,0,0,0,0,0,-32286,0,0,0,0,0,2713807,0
2695766,6960,-2850,34,995,-957,174,5683,424,-66,1,440,19373,73,34,79,16,0,0,0,0,0,0,0,-32286,0,0,0,0,0,2713822,0
2695771,7144,-2968,28,986,-910,214,5770,375,-85,8,336,19373,73,34,79,16,0,0,0,0,0,0,0,-32286,0,0,0,0,0,2713827,0
2695776,7244,-2856,82,955,-833,283,5850,347,-109,15,264,19374,75,34,79,16,0,0,0,0,0,0,0,-32286,0,0,0,0,0,2713842,0
2695781,7202,-2804,120,915,-779,305,5923,317,-113,13,216,19374,75,34,79,16,0,0,0,0,0,0,0,-32286,0,0,0,0,0,2713847,0
2695786,7316,-2928,84,828,-714,373,5990,285,-112,6,152,19374,76,34,79,16,0,0,0,0,0,0,0,-32286,0,0,0,0,0,2713862,0
2695791,7186,-2930,70,737,-658,439,6046,239,-116,2,104,19374,76,34,79,16,0,0,0,0,0,0,0,-32286,0,0,0,0,0,2713867,0
2695796,7290,-2854,-44,811,-651,427,6089,196,-126,-12,80,19374,81,34,79,16,0,0,0,0,0,0,0,-32286,0,0,0,0,0,2713882,0
2695801,7408,-3020,-90,868,-653,474,6125,147,-142,-2,32,19374,81,34,79,16,0,0,0,0,0,0,0,-32286,0,0,0,0,0,2713887,0
2695806,7324,-2770,-46,829,-644,494,6145,83,-168,-2,24,19375,81,34,79,16,0,0,0,0,0,0,0,-32286,0,0,0,0,0,2713902,0
2695811,7558,-2532,-104,760,-600,521,6159,66,-165,0,24,19375,81,34,79,16,0,0,0,0,0,0,0,-32286,0,0,0,0,0,2713907,0
2695816,7782,-2400,32,712,-469,532,6167,32,-154,0,8,19374,72,34,79,16,0,0,0,0,0,0,0,-32286,0,0,0,0,0,2713922,0
2695821,8032,-2334,178,746,-364,529,6167,0,-139,1,-8,19374,72,34,79,16,0,0,0,0,0,0,0,-32286,0,0,0,0,0,2713927,0
2695826,7918,-2268,228,817,-339,497,6166,-7,-102,-1,-8,19373,76,34,79,16,0,0,0,0,0,0,0,-32286,0,0,0,0,0,2713942,0
2695831,8018,-2366,6,875,-329,485,6168,6,-65,0,-8,19373,76,34,79,16,0,0,0,0,0,0,0,-32286,0,0,0,0,0,2713947,0
2695836,8034,-2062,-160,824,-236,479,6167,0,-46,0,0,19376,78,34,79,16,0,0,0,0,0,0,0,-32286,0,0,0,0,0,2713962,0
2695841,7886,-1806,-184,797,-212,448,6167,2,-8,0,-8,19376,78,34,79,16,0,0,0,0,0,0,0,-32286,0,0,0,0,0,2713967,0
2695846,8014,-1990,-284,828,-197,421,6167,3,-2,0,0,19374,77,34,79,16,0,0,0,0,0,0,0,-32286,0,0,0,0,0,2713982,0
2695851,7784,-2074,-296,758,-170,436,6167,2,4,-1,0,19374,77,34,79,16,0,0,0,0,0,0,0,-32286,0,0,0,0,0,2713987,0
2695856,7738,-1968,-348,465,-19,498,6171,18,3,-1,8,19374,77,34,79,16,0,0,0,0,0,0,0,-32287,0,0,0,0,0,2714002,0
2695861,7574,-2148,-276,432,13,506,6175,18,13,-3,8,19374,77,34,79,16,0,0,0,0,0,0,0,-32286,0,0,0,0,0,2714007,0
2695866,7490,-2416,-270,493,-6,508,6184,38,26,-1,16,19372,78,34,79,16,0,0,0,0,0,0,0,-32286,0,0,0,0,0,2714022,0
2695871,7504,-2418,-210,607,-37,500,6197,67,40,-4,32,19372,78,34,79,16,0,0,0,0,0,0,0,-32286,0,0,0,0,0,2714027,0
2695876,7748,-1902,-162,852,-64,396,6229,138,73,-13,80,19373,73,34,79,16,0,0,0,0,0,0,0,-32286,0,0,0,0,0,2714042,0
2695881,7858,-1948,-226,953,-61,356,6279,222,134,-6,152,19373,73,34,79,16,0,0,0,0,0,0,0,-32286,0,0,0,0,0,2714047,0
2695886,7826,-1670,-226,1038,-118,289,6346,304,203,-3,272,19373,62,34,79,16,0,0,0,0,0,0,0,-32286,0,0,0,0,0,2714062,0
2695891,8086,-1492,-322,1155,-127,191,6434,390,258,-8,416,19373,62,34,79,16,0,0,0,0,0,0,0,-32286,0,0,0,0,0,2714067,0
2695896,7970,-1488,-360,1191,-140,75,6529,426,268,-7,496,19373,61,34,79,16,0,0,0,0,0,0,0,-32286,0,0,0,0,0,2714082,0
2695901,8130,-1548,-474,1182,-98,35,6636,469,241,-6,592,19373,61,34,79,16,0,0,0,0,0,0,0,-32286,0,0,0,0,0,2714087,0
2695906,8052,-1502,-430,1171,-35,1,6724,487,186,4,656,19372,66,34,79,16,0,0,0,0,0,0,0,-32286,0,0,0,0,0,2714102,0
2695911,7842,-1518,-340,1163,-56,-40,6844,533,155,-4,784,19372,66,34,79,16,0,0,0,0,0,0,0,-32286,0,0,0,0,0,2714107,0
2695916,7790,-1920,-354,1240,5,-59,6970,551,120,6,784,19372,80,34,79,16,0,0,0,0,0,0,0,-32286,0,0,0,0,0,2714122,0
2695921,7760,-2158,-342,1289,-30,-69,7096,558,103,11,768,19372,80,34,79,16,0,0,0,0,0,0,0,-32286,0,0,0,0,0,2714127,0
2695926,7862,-2114,-818,1218,-70,-31,7224,573,74,1,808,19371,78,34,79,16,0,0,0,0,0,0,0,-32286,0,0,0,0,0,2714142,0
2695931,7840,-1678,-394,1138,37,-38,7353,578,40,1,824,19371,78,34,79,16,0,0,0,0,0,0,0,-32286,0,0,0,0,0,2714147,0
2695936,7754,-1982,-184,972,131,-5,7477,544,13,9,696,19370,83,34,79,16,0,0,0,0,0,0,0,-32286,0,0,0,0,0,2714162,0
2695941,7710,-2296,-196,976,152,-15,7595,520,-13,0,640,19370,83,34,79,16,0,0,0,0,0,0,0,-32286,0,0,0,0,0,2714167,0
2695946,7670,-2306,-122,1023,155,-31,7713,513,-42,-1,632,19369,78,34,79,16,0,0,0,0,0,0,0,-32286,0,0,0,0,0,2714182,0
2695951,7790,-2414,-78,1063,175,-26,7828,503,-53,0,600,19369,78,34,79,16,0,0,0,0,0,0,0,-32286,0,0,0,0,0,2714187,0
2695956,7812,-2380,10,963,187,-14,7936,475,-61,-2,536,19369,80,34,79,16,0,0,0,0,0,0,0,-32286,0,0,0,0,0,2714202,0
2695961,7944,-2486,82,942,223,-7,8041,460,-53,-9,496,19369,80,34,79,16,0,0,0,0,0,0,0,-32286,0,0,0,0,0,2714207,0
2695966,7938,-2566,164,946,235,-31,8145,450,-54,-4,496,19368,80,34,79,16,0,0,0,0,0,0,0,-32286,0,0,0,0,0,2714222,0
2695971,8018,-2656,186,1015,240,-69,8246,447,-54,-4,504,19368,80,34,79,16,0,0,0,0,0,0,0,-32287,0,0,0,0,0,2714227,0
2695976,8076,-2574,126,1119,257,-91,8348,441,-35,5,464,19368,77,34,79,16,0,0,0,0,0,0,0,-32286,0,0,0,0,0,2714242,0
2695981,8162,-2516,42,1150,272,-113,8447,434,-23,1,456,19368,77,34,79,16,0,0,0,0,0,0,0,-32286,0,0,0,0,0,2714247,0
2695986,8140,-2414,-76,1143,286,-125,8541,420,-29,-2,448,19368,74,34,79,16,0,0,0,0,0,0,0,-32286,0,0,0,0,0,2714262,0
2695991,8210,-2192,-248,1159,276,-162,8636,406,-29,-7,448,19368,74,34,79,16,0,0,0,0,0,0,0,-32286,0,0,0,0,0,2714267,0
2695996,8236,-1972,-472,1266,224,-210,8734,426,-17,-1,464,19369,78,34,79,16,0,0,0,0,0,0,0,-32286,0,0,0,0,0,2714282,0
2696001,8236,-1888,-568,1293,189,-225,8831,422,-5,2,456,19369,78,34,79,16,0,0,0,0,0,0,0,-32286,0,0,0,0,0,2714287,0
2696006,8314,-1734,-660,1296,149,-233,8924,412,-41,0,448,19371,82,34,79,16,0,0,0,0,0,0,0,-32286,0,0,0,0,0,2714301,0
2696011,8346,-1544,-690,1277,125,-246,9018,397,-47,0,424,19371,82,34,79,16,0,0,0,0,0,0,0,-32286,0,0,0,0,0,2714306,0
2696016,8582,-1172,-738,1269,67,-326,9116,423,-29,-3,472,19372,79,34,79,16,0,0,0,0,0,0,0,-32287,0,0,0,0,0,2714321,0
2696021,8656,-1122,-662,1312,30,-328,9214,431,-19,0,480,19372,79,34,79,16,0,0,0,0,0,0,0,-32286,0,0,0,0,0,2714326,0
2696026,8594,-1156,-544,1300,-8,-340,9312,419,33,-1,480,19373,73,34,79,16,0,0,0,0,0,0,0,-32286,0,0,0,0,0,2714341,0
2696031,8726,-1088,-490,1250,-18,-347,9408,414,53,5,432,19373,73,34,79,16,0,0,0,0,0,0,0,-32286,0,0,0,0,0,2714346,0
2696036,8884,-1088,-268,1145,-11,-400,9502,411,35,1,440,19374,70,34,79,16,0,0,0,0,0,0,0,-32286,0,0,0,0,0,2714361,0
2696041,9164,-1524,-254,1162,1,-427,9599,424,-8,-11,488,19374,70,34,79,16,0,0,0,0,0,0,0,-32286,0,0,0,0,0,2714366,0
2696046,9084,-2068,-220,1208,-5,-416,9694,419,-9,2,464,19375,68,34,79,16,0,0,0,0,0,0,0,-32286,0,0,0,0,0,2714381,0
2696051,9094,-2560,-204,1214,-25,-434,9785,399,-7,14,400,19375,68,34,79,16,0,0,0,0,0,0,0,-32286,0,0,0,0,0,2714386,0
2696056,9324,-3402,-342,1285,37,-446,9872,378,-19,8,352,19373,75,34,79,16,0,0,0,0,0,0,0,-32286,0,0,0,0,0,2714401,0
2696061,9360,-3600,-356,1386,1,-473,9957,371,-37,1,352,19373,75,34,79,16,0,0,0,0,0,0,0,-32286,0,0,0,0,0,2714406,0
2696066,9470,-3796,-340,1519,-43,-481,10041,370,-43,0,336,19374,70,34,79,16,0,0,0,0,0,0,0,-32286,0,0,0,0,0,2714421,0
2696071,9396,-3780,-290,1624,-139,-491,10120,342,-40,10,248,19374,70,34,79,16,0,0,0,0,0,0,0,-32286,0,0,0,0,0,2714426,0
2696076,9454,-3440,-370,1519,-232,-464,10188,289,-54,16,160,19372,75,34,79,16,0,0,0,0,0,0,0,-32286,0,0,0,0,0,2714441,0
2696081,9410,-3236,-408,1383,-263,-398,10246,251,-81,0,112,19372,75,34,79,16,0,0,0,0,0,0,0,-32286,0,0,0,0,0,2714446,0
2696086,9196,-2850,-332,1205,-326,-396,10291,192,-131,-7,72,19377,78,34,79,16,0,0,0,0,0,0,0,-32286,0,0,0,0,0,2714461,0
2696091,9176,-2890,-432,1029,-393,-347,10321,127,-173,-10,48,19377,78,34,79,16,0,0,0,0,0,0,0,-32286,0,0,0,0,0,2714466,0
2696096,9146,-2504,-160,887,-495,-343,10345,101,-179,-5,40,19382,81,34,79,16,0,0,0,0,0,0,0,-32286,0,0,0,0,0,2714481,0
2696101,8958,-2190,238,833,-496,-329,10361,56,-166,7,16,19382,81,34,79,16,0,0,0,0,0,0,0,-32286,0,0,0,0,0,2714486,0
2696106,8994,-1992,444,779,-558,-350,10364,7,-155,7,-8,19387,78,34,79,16,0,0,0,0,0,0,0,-32287,0,0,0,0,0,2714501,0
2696111,9170,-1622,612,743,-589,-415,10363,-1,-136,1,-8,19387,78,34,79,16,0,0,0,0,0,0,0,-32286,0,0,0,0,0,2714506,0
2696116,9420,-1638,922,516,-582,-480,10364,0,-110,0,0,19384,81,34,79,16,0,0,0,0,0,0,0,-32286,0,0,0,0,0,2714521,0
2696121,9556,-1894,946,412,-586,-516,10364,1,-74,0,0,19384,81,34,79,16,0,0,0,0,0,0,0,-32286,0,0,0,0,0,2714526,0
2696126,9826,-2202,952,361,-576,-528,10363,-3,-29,0,0,19379,79,34,79,16,0,0,0,0,0,0,0,-32286,0,0,0,0,0,2714541,0
2696131,9866,-2498,1222,379,-577,-624,10364,0,-4,0,-8,19379,79,34,79,16,0,0,0,0,0,0,0,-32286,0,0,0,0,0,2714546,0
2696136,10398,-3582,1316,707,-599,-753,10364,-4,0,1,0,19373,82,34,79,16,0,0,0,0,0,0,0,-32286,0,0,0,0,0,2714561,0
2696141,10076,-3542,1462,649,-573,-769,10362,-4,1,0,-8,19373,82,34,79,16,0,0,0,0,0,0,0,-32286,0,0,0,0,0,2714566,0
2696146,10042,-3682,1446,375,-490,-752,10362,-9,-1,-1,-8,19371,74,34,79,16,0,0,0,0,0,0,0,-32287,0,0,0,0,0,2714581,0
2696151,9684,-4038,1314,41,-364,-685,10362,-9,-7,0,-8,19371,74,34,79,16,0,0,0,0,0,0,0,-32286,0,0,0,0,0,2714586,0
2696156,8724,-5194,1452,-331,-269,-586,10359,-11,-4,0,-8,19374,69,34,79,16,0,0,0,0,0,0,0,-32286,0,0,0,0,0,2714601,0
2696161,8178,-5616,1222,-289,-292,-566,10359,-6,3,0,-8,19374,69,34,79,16,0,0,0,0,0,0,0,-32286,0,0,0,0,0,2714606,0
2696166,7708,-5984,1208,-305,-305,-502,10357,-5,1,0,-8,19376,69,34,79,16,0,0,0,0,0,0,0,-32286,0,0,0,0,0,2714621,0
2696171,7036,-6266,1346,-348,-310,-455,10358,-1,6,0,-8,19376,69,34,79,16,0,0,0,0,0,0,0,-32287,0,0,0,0,0,2714626,0
2696176,6042,-6934,1622,-288,-290,-361,10357,-4,3,0,-8,19377,76,34,79,16,0,0,0,0,0,0,0,-32287,0,0,0,0,0,2714643,0
2696181,7232,-6288,1916,387,-658,-772,10355,-9,1,4,-24,19377,76,34,79,16,0,0,0,0,0,0,0,-32286,0,0,0,0,0,2714648,0
2696186,7218,-7146,2474,1974,-591,-1080,10336,-91,-31,13,-72,19371,79,34,79,16,0,0,0,0,0,0,0,-32286,0,0,0,0,0,2714661,0
2696191,5396,-7868,1834,2958,-1038,-1057,10300,-166,-92,10,-128,19371,79,34,79,16,0,0,0,0,0,0,0,-32286,0,0,0,0,0,2714666,0
2696196,5722,-4778,1748,1746,-889,-901,10240,-287,-190,17,-328,19368,81,34,79,16,0,0,0,0,0,0,0,-32287,0,0,0,0,0,2714681,0
2696201,5312,-5386,824,1128,-838,-745,10138,-455,-299,35,-696,19368,81,34,79,16,0,0,0,0,0,0,0,-32286,0,0,0,0,0,2714686,0
2696206,4860,-5980,1086,780,-722,-600,9997,-647,-425,37,-1248,19366,75,34,79,16,0,0,0,0,0,0,0,-32286,0,0,0,0,0,2714700,0
2696211,4424,-6568,1356,830,-752,-534,9812,-829,-532,8,-1656,19366,75,34,79,16,0,0,0,0,0,0,0,-32286,0,0,0,0,0,2714706,0
2696216,4438,-6834,1704,924,-593,-174,9578,-1051,-615,15,-2160,19367,73,34,79,16,0,0,0,0,0,0,0,-32286,0,0,0,0,0,2714720,0
2696221,4482,-6486,1722,778,-524,30,9293,-1271,-676,8,-2640,19367,73,34,79,16,0,0,0,0,0,0,0,-32286,0,0,0,0,0,2714725,0
2696226,4798,-6502,1736,540,-352,287,8960,-1499,-731,2,-3136,19367,77,34,79,16,0,0,0,0,0,0,0,-32286,0,0,0,0,0,2714740,0
2696231,4810,-6172,1788,389,-269,493,8574,-1713,-755,-9,-3552,19367,77,34,79,16,0,0,0,0,0,0,0,-32286,0,0,0,0,0,2714758,0
2696236,5754,-5388,1770,350,-114,821,8141,-1921,-767,-16,-3952,19366,84,34,79,16,0,0,0,0,0,0,0,-32286,0,0,0,0,0,2714763,0
2696241,5980,-4816,1478,148,6,1021,7670,-2093,-743,-19,-4280,19366,84,34,79,16,0,0,0,0,0,0,0,-32286,0,0,0,0,0,2714768,0
2696246,6208,-4114,1424,-200,231,1213,7171,-2201,-682,-22,-4432,19365,91,34,79,16,0,0,0,0,0,0,0,-32286,0,0,0,0,0,2714783,0
2696251,5644,-4106,1234,-447,276,1341,6657,-2264,-561,-20,-4536,19365,91,34,79,16,0,0,0,0,0,0,0,-32286,0,0,0,0,0,2714788,0
2696256,6688,-3574,188,-110,-168,1382,6138,-2279,-418,-13,-4560,19365,93,34,79,16,0,0,0,0,0,0,0,-32286,0,0,0,0,0,2714803,0
2696261,7238,-2500,118,11,-352,1347,5617,-2290,-252,-6,-4552,19365,93,34,79,16,0,0,0,0,0,0,0,-32286,0,0,0,0,0,2714808,0
2696266,7886,-1552,-62,-173,-513,1341,5099,-2283,-121,-6,-4520,19366,93,34,79,16,0,0,0,0,0,0,0,-32286,0,0,0,0,0,2714823,0
2696271,8542,-570,-376,-452,-656,1250,4584,-2270,-43,-13,-4464,19366,93,34,79,16,0,0,0,0,0,0,0,-32286,0,0,0,0,0,2714828,0
2696276,9878,-4,150,-472,-932,893,4071,-2250,12,-13,-4368,19365,93,34,79,16,0,0,0,0,0,0,0,-32286,0,0,0,0,0,2714843,0
2696281,10292,166,244,-371,-1116,705,3571,-2200,48,-11,-4256,19365,93,34,79,16,0,0,0,0,0,0,0,-32288,0,0,0,0,0,2714848,0
2696286,10660,486,384,-379,-1258,550,3082,-2137,86,-3,-4136,19368,94,34,79,16,0,0,0,0,0,0,0,-32286,0,0,0,0,0,2714863,0
2696291,11094,682,588,-555,-1224,412,2607,-2071,144,8,-4040,19368,94,34,79,16,0,0,0,0,0,0,0,-32286,0,0,0,0,0,2714868,0
2696296,11480,146,1714,-930,-830,218,2151,-2009,184,11,-3928,19368,97,34,79,16,0,0,0,0,0,0,0,-32287,0,0,0,0,0,2714883,0
2696301,11126,-362,2878,-1010,-461,171,1708,-1951,213,5,-3808,19368,97,34,79,16,0,0,0,0,0,0,0,-32287,0,0,0,0,0,2714888,0
2696306,10864,-1124,3438,-997,-198,113,1276,-1893,226,-1,-3672,19371,91,34,79,16,0,0,0,0,0,0,0,-32287,0,0,0,0,0,2714903,0
2696311,10608,-1754,3566,-939,152,97,858,-1831,215,-11,-3504,19371,91,34,79,16,0,0,0,0,0,0,0,-32286,0,0,0,0,0,2714908,0
2696316,9858,-2094,3254,-789,854,107,454,-1767,203,-15,-3336,19372,85,34,79,16,0,0,0,0,0,0,0,-32286,0,0,0,0,0,2714923,0
2696321,9180,-2022,3308,-788,1220,155,65,-1703,205,-13,-3160,19372,85,34,79,16,0,0,0,0,0,0,0,-32286,0,0,0,0,0,2714928,0
2696326,8422,-2324,2832,-1030,1536,257,-303,-1607,227,-17,-2928,19373,84,34,79,16,0,0,0,0,0,0,0,-32286,0,0,0,0,0,2714943,0
2696331,7862,-2462,2038,-1215,1698,327,-646,-1497,263,-13,-2664,19373,84,34,79,16,0,0,0,0,0,0,0,-32286,0,0,0,0,0,2714948,0
2696336,6936,-3004,952,-924,1705,293,-959,-1364,315,-9,-2384,19372,79,34,79,16,0,0,0,0,0,0,0,-32286,0,0,0,0,0,2714963,0
2696341,6670,-3014,362,-710,1530,274,-1243,-1232,375,1,-2104,19372,79,34,79,16,0,0,0,0,0,0,0,-32286,0,0,0,0,0,2714968,0
2696346,6436,-2560,-178,-590,1372,224,-1498,-1107,417,0,-1832,19369,89,34,79,16,0,0,0,0,0,0,0,-32286,0,0,0,0,0,2714983,0
2696351,6438,-2178,-432,-566,1217,188,-1726,-999,441,0,-1616,19369,89,34,79,16,0,0,0,0,0,0,0,-32286,0,0,0,0,0,2714988,0
2696356,6248,-1914,-952,-744,894,145,-1932,-891,422,3,-1392,19370,92,34,79,16,0,0,0,0,0,0,0,-32286,0,0,0,0,0,2715003,0
2696361,6348,-2028,-886,-837,781,136,-2117,-803,397,5,-1240,19370,92,34,79,16,0,0,0,0,0,0,0,-32286,0,0,0,0,0,2715008,0
2696366,6478,-2166,-608,-831,654,98,-2287,-734,352,3,-1088,19370,102,34,79,16,0,0,0,0,0,0,0,-32286,0,0,0,0,0,2715023,0
2696371,6594,-2454,-368,-789,560,102,-2439,-665,312,0,-944,19370,102,34,79,16,0,0,0,0,0,0,0,-32286,0,0,0,0,0,2715028,0
2696376,6854,-2436,96,-853,476,143,-2579,-607,273,3,-832,19374,93,34,79,16,0,0,0,0,0,0,0,-32286,0,0,0,0,0,2715043,0
2696381,6978,-2452,436,-890,521,176,-2708,-562,236,0,-720,19374,93,34,79,16,0,0,0,0,0,0,0,-32286,0,0,0,0,0,2715047,0
2696386,7164,-2210,798,-929,560,171,-2826,-510,203,8,-592,19374,93,34,79,16,0,0,0,0,0,0,0,-32286,0,0,0,0,0,2715062,0
2696391,7158,-2272,746,-1002,600,196,-2933,-464,181,9,-488,19374,93,34,79,16,0,0,0,0,0,0,0,-32286,0,0,0,0,0,2715067,0
2696396,7380,-2268,968,-963,623,221,-3029,-422,169,12,-416,19374,83,34,79,16,0,0,0,0,0,0,0,-32286,0,0,0,0,0,2715082,0
2696401,7552,-2226,1136,-901,681,238,-3119,-395,160,1,-360,19374,83,34,79,16,0,0,0,0,0,0,0,-32286,0,0,0,0,0,2715087,0
2696406,7434,-1854,1234,-914,698,229,-3205,-372,139,-6,-320,19373,76,34,79,16,0,0,0,0,0,0,0,-32286,0,0,0,0,0,2715102,0
2696411,7424,-1786,836,-1038,693,267,-3282,-341,112,-10,-248,19373,76,34,79,16,0,0,0,0,0,0,0,-32286,0,0,0,0,0,2715107,0
2696416,7150,-1522,588,-1327,737,307,-3351,-296,105,-9,-176,19374,83,34,79,16,0,0,0,0,0,0,0,-32287,0,0,0,0,0,2715122,0
2696421,7064,-1664,656,-1376,751,313,-3412,-269,112,-3,-144,19374,83,34,79,16,0,0,0,0,0,0,0,-32286,0,0,0,0,0,2715127,0
2696426,6908,-1836,718,-1354,728,332,-3470,-249,110,6,-120,19375,83,34,79,16,0,0,0,0,0,0,0,-32286,0,0,0,0,0,2715142,0
2696431,6712,-1882,764,-1262,677,322,-3522,-230,108,1,-120,19375,83,34,79,16,0,0,0,0,0,0,0,-32287,0,0,0,0,0,2715147,0
2696436,6622,-1696,750,-1194,667,316,-3572,-221,84,6,-128,19375,89,34,79,16,0,0,0,0,0,0,0,-32286,0,0,0,0,0,2715162,0
2696441,6474,-1360,790,-1191,668,291,-3617,-193,65,0,-88,19375,89,34,79,16,0,0,0,0,0,0,0,-32286,0,0,0,0,0,2715167,0
2696446,6516,-1352,700,-1224,714,288,-3657,-167,64,-1,-48,19374,84,34,79,16,0,0,0,0,0,0,0,-32286,0,0,0,0,0,2715182,0
2696451,6382,-1258,722,-1221,725,263,-3680,-96,87,2,-40,19374,84,34,79,16,0,0,0,0,0,0,0,-32286,0,0,0,0,0,2715187,0
2696456,6056,-1346,574,-1260,772,263,-3698,-77,115,3,-32,19373,84,34,79,16,0,0,0,0,0,0,0,-32286,0,0,0,0,0,2715202,0
2696461,6132,-1424,468,-1196,767,241,-3708,-35,139,-3,-8,19373,84,34,79,16,0,0,0,0,0,0,0,-32286,0,0,0,0,0,2715207,0
2696466,6044,-1350,470,-1145,754,220,-3707,16,141,-6,8,19374,76,34,79,16,0,0,0,0,0,0,0,-32286,0,0,0,0,0,2715222,0
2696471,6034,-1330,424,-1157,763,220,-3705,10,131,1,0,19374,76,34,79,16,0,0,0,0,0,0,0,-32286,0,0,0,0,0,2715227,0
2696476,6094,-1248,362,-1202,809,192,-3705,0,89,3,0,19377,93,34,79,16,0,0,0,0,0,0,0,-32286,0,0,0,0,0,2715242,0
2696481,6120,-1400,330,-1212,860,197,-3704,2,48,0,-8,19377,93,34,79,16,0,0,0,0,0,0,0,-32286,0,0,0,0,0,2715247,0
2696486,6150,-1402,346,-1221,886,187,-3704,4,10,0,0,19376,95,34,79,16,0,0,0,0,0,0,0,-32286,0,0,0,0,0,2715262,0
2696491,6232,-1466,314,-1205,911,177,-3704,-1,-12,0,0,19376,95,34,79,16,0,0,0,0,0,0,0,-32286,0,0,0,0,0,2715267,0
2696496,6366,-1448,198,-1184,900,143,-3704,4,-3,0,0,19375,98,34,79,16,0,0,0,0,0,0,0,-32286,0,0,0,0,0,2715282,0
2696501,6452,-1466,134,-1184,896,141,-3704,5,-4,-1,0,19375,98,34,79,16,0,0,0,0,0,0,0,-32286,0,0,0,0,0,2715287,0
2696506,6488,-1514,146,-1199,882,129,-3705,0,-3,0,0,19373,87,34,79,16,0,0,0,0,0,0,0,-32286,0,0,0,0,0,2715302,0
2696511,6556,-1538,134,-1205,858,134,-3705,-3,1,0,0,19373,87,34,79,16,0,0,0,0,0,0,0,-32286,0,0,0,0,0,2715307,0
2696516,6632,-1494,224,-1222,793,125,-3704,1,2,2,-8,19374,73,34,79,16,0,0,0,0,0,0,0,-32287,0,0,0,0,0,2715322,0
2696521,6766,-1452,246,-1228,762,126,-3704,1,1,0,0,19374,73,34,79,16,0,0,0,0,0,0,0,-32286,0,0,0,0,0,2715327,0
2696526,6794,-1372,306,-1246,734,108,-3703,8,0,0,0,19373,81,34,79,16,0,0,0,0,0,0,0,-32286,0,0,0,0,0,2715342,0
2696531,6848,-1376,282,-1247,710,108,-3704,6,-1,0,0,19373,81,34,79,16,0,0,0,0,0,0,0,-32286,0,0,0,0,0,2715347,0
2696536,6886,-1284,308,-1258,657,84,-3704,0,1,1,-8,19373,81,34,79,16,0,0,0,0,0,0,0,-32286,0,0,0,0,0,2715362,0
2696541,6952,-1254,340,-1288,628,80,-3705,-1,-1,0,-8,19373,81,34,79,16,0,0,0,0,0,0,0,-32286,0,0,0,0,0,2715367,0
2696546,6928,-1216,386,-1340,622,87,-3705,1,1,0,0,19373,81,34,79,16,0,0,0,0,0,0,0,-32286,0,0,0,0,0,2715382,0
2696551,6840,-1332,280,-1496,641,152,-3703,0,-1,0,0,19373,81,34,79,16,0,0,0,0,0,0,0,-32287,0,0,0,0,0,2715387,0
2696556,6962,-1426,708,-1704,767,180,-3702,7,5,0,0,19374,74,34,79,16,0,0,0,0,0,0,0,-32286,0,0,0,0,0,2715402,0
2696561,7104,-1850,830,-1588,738,161,-3700,6,11,0,0,19374,74,34,79,16,0,0,0,0,0,0,0,-32287,0,0,0,0,0,2715407,0
2696566,7098,-1954,806,-1446,642,114,-3699,3,5,1,0,19374,69,34,79,16,0,0,0,0,0,0,0,-32286,0,0,0,0,0,2715422,0
2696571,7278,-1860,696,-1378,596,97,-3699,8,-1,1,0,19374,69,34,79,16,0,0,0,0,0,0,0,-32286,0,0,0,0,0,2715427,0
2696576,7400,-1560,586,-1711,641,87,-3699,4,-2,1,0,19374,76,34,79,16,0,0,0,0,0,0,0,-32286,0,0,0,0,0,2715442,0
2696581,7546,-1848,792,-1815,675,66,-3697,1,-7,0,0,19374,76,34,79,16,0,0,0,0,0,0,0,-32286,0,0,0,0,0,2715447,0
2696586,7650,-2426,1198,-1701,683,8,-3696,12,-2,0,0,19377,83,34,79,16,0,0,0,0,0,0,0,-32286,0,0,0,0,0,2715462,0
2696591,7770,-2988,1452,-1440,649,-63,-3695,7,6,-1,0,19377,83,34,79,16,0,0,0,0,0,0,0,-32286,0,0,0,0,0,2715467,0
2696596,8092,-3056,1518,-1101,637,-143,-3694,0,-2,0,0,19375,84,34,79,16,0,0,0,0,0,0,0,-32286,0,0,0,0,0,2715482,0
2696601,8236,-2906,1428,-1167,704,-133,-3695,5,-4,-1,0,19375,84,34,79,16,0,0,0,0,0,0,0,-32286,0,0,0,0,0,2715487,0
2696606,8286,-2884,1406,-1295,784,-122,-3694,2,-3,0,0,19375,83,34,79,16,0,0,0,0,0,0,0,-32286,0,0,0,0,0,2715502,0
2696611,8342,-3176,1380,-1355,836,-106,-3693,4,-7,0,0,19375,83,34,79,16,0,0,0,0,0,0,0,-32286,0,0,0,0,0,2715507,0
2696616,8344,-3628,1306,-1223,785,-84,-3691,5,5,0,0,19373,84,34,79,16,0,0,0,0,0,0,0,-32286,0,0,0,0,0,2715521,0
2696621,8452,-3628,1264,-1123,708,-85,-3688,9,8,0,0,19373,84,34,79,16,0,0,0,0,0,0,0,-32286,0,0,0,0,0,2715526,0
2696626,8492,-3400,1168,-1072,629,-74,-3686,11,11,2,0,19373,77,34,79,16,0,0,0,0,0,0,0,-32286,0,0,0,0,0,2715541,0
2696631,8584,-3276,1110,-1070,567,-66,-3683,14,3,1,0,19373,77,34,79,16,0,0,0,0,0,0,0,-32286,0,0,0,0,0,2715546,0
2696636,8672,-3064,1114,-1070,459,-72,-3682,12,2,0,0,19371,77,34,79,16,0,0,0,0,0,0,0,-32286,0,0,0,0,0,2715561,0
2696641,8592,-3022,1178,-1016,403,-89,-3679,12,-1,-2,0,19371,77,34,79,16,0,0,0,0,0,0,0,-32286,0,0,0,0,0,2715566,0
2696646,8598,-2936,1270,-937,350,-107,-3676,21,2,-1,8,19370,77,34,79,16,0,0,0,0,0,0,0,-32286,0,0,0,0,0,2715581,0
2696651,8666,-2674,1366,-837,331,-124,-3672,17,4,-1,8,19370,77,34,79,16,0,0,0,0,0,0,0,-32286,0,0,0,0,0,2715586,0
2696656,8654,-2228,1600,-756,352,-188,-3663,36,14,-3,24,19370,84,34,79,16,0,0,0,0,0,0,0,-32286,0,0,0,0,0,2715601,0
2696661,8670,-2124,1626,-702,369,-217,-3643,88,36,-4,40,19370,84,34,79,16,0,0,0,0,0,0,0,-32286,0,0,0,0,0,2715606,0
2696666,8620,-2114,1604,-654,395,-201,-3622,103,73,-1,32,19371,79,34,79,16,0,0,0,0,0,0,0,-32286,0,0,0,0,0,2715621,0
2696671,8304,-1976,1630,-686,446,-179,-3603,83,70,7,24,19371,79,34,79,16,0,0,0,0,0,0,0,-32286,0,0,0,0,0,2715626,0
2696676,8260,-1772,1520,-744,521,-154,-3588,72,41,1,24,19373,77,34,79,16,0,0,0,0,0,0,0,-32286,0,0,0,0,0,2715641,0
2696681,8342,-1718,1534,-757,566,-123,-3573,66,4,0,16,19373,77,34,79,16,0,0,0,0,0,0,0,-32286,0,0,0,0,0,2715646,0
2696686,8478,-1866,1562,-845,591,-84,-3565,29,-34,8,0,19376,69,34,79,16,0,0,0,0,0,0,0,-32286,0,0,0,0,0,2715661,0
2696691,8806,-2354,1630,-1017,635,-27,-3566,-9,-63,9,-8,19376,69,34,79,16,0,0,0,0,0,0,0,-32286,0,0,0,0,0,2715666,0
2696696,10348,-3432,1826,-1208,608,39,-3567,-1,-74,0,-8,19376,66,34,79,16,0,0,0,0,0,0,0,-32286,0,0,0,0,0,2715681,0
2696701,10986,-4036,2126,-1271,627,110,-3568,0,-69,0,0,19376,66,34,79,16,0,0,0,0,0,0,0,-32287,0,0,0,0,0,2715686,0
2696706,11510,-4528,2258,-1421,644,192,-3567,2,-43,0,0,19374,59,34,79,16,0,0,0,0,0,0,0,-32286,0,0,0,0,0,2715701,0
2696711,12198,-5124,2190,-1538,708,278,-3567,0,-7,0,0,19374,59,34,79,16,0,0,0,0,0,0,0,-32286,0,0,0,0,0,2715706,0
2696716,12908,-6290,2200,-1554,809,368,-3565,8,6,0,0,19374,62,34,79,16,0,0,0,0,0,0,0,-32286,0,0,0,0,0,2715721,0
2696721,12788,-6636,2170,-1457,855,399,-3565,4,1,1,0,19374,62,34,79,16,0,0,0,0,0,0,0,-32286,0,0,0,0,0,2715726,0
2696726,12440,-6740,2068,-1309,926,391,-3565,-1,4,2,0,19375,68,34,79,16,0,0,0,0,0,0,0,-32286,0,0,0,0,0,2715741,0
2696731,11790,-6508,1970,-1158,981,353,-3565,0,0,0,0,19375,68,34,79,16,0,0,0,0,0,0,0,-32286,0,0,0,0,0,2715746,0
2696736,9956,-5882,1650,-948,1250,271,-3562,8,3,0,8,19377,78,34,79,16,0,0,0,0,0,0,0,-32286,0,0,0,0,0,2715761,0
2696741,9182,-5788,1456,-842,1296,173,-3560,8,6,0,8,19377,78,34,79,16,0,0,0,0,0,0,0,-32286,0,0,0,0,0,2715773,0
2696746,8460,-5960,1186,-743,1333,111,-3557,7,10,0,8,19376,83,34,79,16,0,0,0,0,0,0,0,-32286,0,0,0,0,0,2715781,0
2696751,7572,-6274,996,-699,1267,64,-3554,11,12,0,8,19376,83,34,79,16,0,0,0,0,0,0,0,-32286,0,0,0,0,0,2715786,0
2696756,6590,-7262,606,-516,898,-28,-3547,26,10,-1,8,19375,86,34,79,16,0,0,0,0,0,0,0,-32286,0,0,0,0,0,2715801,0
2696761,6130,-7562,426,-331,637,-53,-3539,35,21,-1,24,19375,86,34,79,16,0,0,0,0,0,0,0,-32286,0,0,0,0,0,2715806,0
2696766,5812,-7712,358,-111,350,-88,-3519,96,43,-5,48,19373,81,34,79,16,0,0,0,0,0,0,0,-32286,0,0,0,0,0,2715821,0
2696771,5612,-7578,260,161,53,-128,-3484,161,92,-9,96,19373,81,34,79,16,0,0,0,0,0,0,0,-32287,0,0,0,0,0,2715826,0
2696776,4918,-6714,32,505,-464,-146,-3437,217,141,-4,152,19373,84,34,79,16,0,0,0,0,0,0,0,-32286,0,0,0,0,0,2715841,0
2696781,4954,-6506,-270,647,-677,-120,-3379,261,179,0,192,19373,84,34,79,16,0,0,0,0,0,0,0,-32286,0,0,0,0,0,2715846,0
2696786,4604,-5754,-248,727,-908,-130,-3310,308,194,2,272,19371,87,34,79,16,0,0,0,0,0,0,0,-32286,0,0,0,0,0,2715861,0
2696791,4716,-5152,-302,816,-1078,-132,-3228,362,182,-3,336,19371,87,34,79,16,0,0,0,0,0,0,0,-32287,0,0,0,0,0,2715866,0
2696796,4910,-4078,102,778,-1208,-80,-3138,405,175,-11,440,19373,82,34,79,16,0,0,0,0,0,0,0,-32286,0,0,0,0,0,2715881,0
2696801,5038,-3764,418,676,-1161,-29,-3043,415,155,-7,456,19373,82,34,79,16,0,0,0,0,0,0,0,-32286,0,0,0,0,0,2715886,0
2696806,5288,-3330,674,593,-1046,-9,-2944,443,124,-6,528,19372,78,34,79,16,0,0,0,0,0,0,0,-32286,0,0,0,0,0,2715901,0
2696811,5518,-3136,964,576,-926,8,-2841,456,96,-9,584,19372,78,34,79,16,0,0,0,0,0,0,0,-32286,0,0,0,0,0,2715906,0
2696816,5686,-2924,1226,542,-525,137,-2725,511,89,-3,744,19374,66,34,79,16,0,0,0,0,0,0,0,-32286,0,0,0,0,0,2715921,0
2696821,5016,-2740,1670,478,-262,201,-2593,585,110,-3,960,19374,66,34,79,16,0,0,0,0,0,0,0,-32286,0,0,0,0,0,2715926,0
2696826,5314,-2970,868,647,-402,139,-2446,655,166,2,1096,19374,70,34,79,16,0,0,0,0,0,0,0,-32286,0,0,0,0,0,2715941,0
2696831,5660,-2810,368,916,-365,113,-2280,729,209,-1,1272,19374,70,34,79,16,0,0,0,0,0,0,0,-32286,0,0,0,0,0,2715946,0
2696836,5774,-1878,-328,890,-351,53,-2097,815,250,-6,1456,19373,72,34,79,16,0,0,0,0,0,0,0,-32286,0,0,0,0,0,2715961,0
2696841,5694,-1740,-546,683,-343,31,-1900,875,262,2,1576,19373,72,34,79,16,0,0,0,0,0,0,0,-32286,0,0,0,0,0,2715966,0
2696846,5752,-2044,-828,535,-401,-5,-1685,942,256,3,1696,19372,74,34,79,16,0,0,0,0,0,0,0,-32286,0,0,0,0,0,2715981,0
2696851,5914,-2560,-1010,531,-554,-42,-1462,980,236,6,1768,19372,74,34,79,16,0,0,0,0,0,0,0,-32286,0,0,0,0,0,2715986,0
2696856,6334,-3396,-1134,462,-820,-17,-1233,1010,202,7,1808,19373,80,34,79,16,0,0,0,0,0,0,0,-32286,0,0,0,0,0,2716001,0
2696861,6422,-3542,-704,236,-833,58,-1003,1015,150,13,1808,19373,80,34,79,16,0,0,0,0,0,0,0,-32286,0,0,0,0,0,2716005,0
2696866,6710,-3914,-250,-20,-810,129,-769,1027,99,3,1808,19373,81,34,79,16,0,0,0,0,0,0,0,-32286,0,0,0,0,0,2716021,0
2696871,6952,-4476,190,-159,-679,232,-539,1005,47,9,1752,19373,81,34,79,16,0,0,0,0,0,0,0,-32286,0,0,0,0,0,2716025,0
2696876,7086,-5690,340,-104,-645,422,-312,999,16,8,1720,19372,83,34,79,16,0,0,0,0,0,0,0,-32286,0,0,0,0,0,2716040,0
2696881,6986,-5606,478,-20,-647,491,-91,968,-27,11,1640,19372,83,34,79,16,0,0,0,0,0,0,0,-32286,0,0,0,0,0,2716045,0
2696886,7090,-5512,660,55,-648,543,123,945,-57,2,1568,19372,83,34,79,16,0,0,0,0,0,0,0,-32286,0,0,0,0,0,2716060,0
2696891,7122,-5298,514,97,-630,579,328,903,-87,6,1480,19372,83,34,79,16,0,0,0,0,0,0,0,-32286,0,0,0,0,0,2716065,0
2696896,7252,-4704,196,215,-626,553,525,861,-104,0,1384,19372,91,34,79,16,0,0,0,0,0,0,0,-32286,0,0,0,0,0,2716080,0
2696901,7244,-4314,266,276,-583,494,711,814,-124,2,1296,19372,91,34,79,16,0,0,0,0,0,0,0,-32286,0,0,0,0,0,2716085,0
2696906,7268,-3956,228,289,-539,410,850,759,-144,1,1160,19373,91,34,79,16,0,0,0,0,0,0,0,-32286,0,0,0,0,0,2716100,0
2696911,7342,-3640,58,308,-448,313,1017,734,-156,1,1096,19373,91,34,79,16,0,0,0,0,0,0,0,-32286,0,0,0,0,0,2716105,0
2696916,7120,-3426,-60,225,-319,149,1168,669,-173,6,944,19374,89,34,79,16,0,0,0,0,0,0,0,-32286,0,0,0,0,0,2716120,0
2696921,6962,-3464,-10,116,-230,92,1306,601,-182,0,816,19374,89,34,79,16,0,0,0,0,0,0,0,-32286,0,0,0,0,0,2716125,0
2696926,6812,-3486,10,59,-184,21,1438,575,-176,-6,752,19373,86,34,79,16,0,0,0,0,0,0,0,-32286,0,0,0,0,0,2716140,0
2696931,6568,-3848,-20,24,-130,-6,1559,520,-169,-2,616,19373,86,34,79,16,0,0,0,0,0,0,0,-32286,0,0,0,0,0,2716145,0
2696936,6048,-4022,-182,55,-229,-92,1672,488,-160,-10,552,19372,85,34,79,16,0,0,0,0,0,0,0,-32286,0,0,0,0,0,2716160,0
2696941,5942,-3944,-220,147,-319,-139,1782,478,-130,-17,584,19372,85,34,79,16,0,0,0,0,0,0,0,-32286,0,0,0,0,0,2716165,0
2696946,5776,-3956,-274,254,-418,-176,1892,488,-95,-11,616,19371,91,34,79,16,0,0,0,0,0,0,0,-32286,0,0,0,0,0,2716180,0
2696951,5708,-3922,-356,277,-519,-182,1997,458,-70,2,544,19371,91,34,79,16,0,0,0,0,0,0,0,-32286,0,0,0,0,0,2716185,0
2696956,5700,-3676,-464,235,-699,-188,2101,451,-37,-5,528,19371,82,34,79,16,0,0,0,0,0,0,0,-32286,0,0,0,0,0,2716200,0
2696961,5738,-3632,-416,267,-790,-216,2202,457,-35,-8,568,19371,82,34,79,16,0,0,0,0,0,0,0,-32286,0,0,0,0,0,2716205,0
2696966,5956,-3572,-408,330,-855,-208,2309,461,-23,-1,584,19371,75,34,79,16,0,0,0,0,0,0,0,-32286,0,0,0,0,0,2716220,0
2696971,5832,-3542,-302,335,-945,-186,2415,467,1,0,576,19371,75,34,79,16,0,0,0,0,0,0,0,-32286,0,0,0,0,0,2716225,0
2696976,6292,-3496,-106,350,-999,-178,2522,475,13,-5,632,19371,73,34,79,16,0,0,0,0,0,0,0,-32286,0,0,0,0,0,2716240,0
2696981,6178,-3370,218,374,-1051,-173,2631,478,19,-1,640,19371,73,34,79,16,0,0,0,0,0,0,0,-32286,0,0,0,0,0,2716245,0
2696986,6510,-3602,262,414,-1053,-167,2745,508,29,0,712,19372,68,34,79,16,0,0,0,0,0,0,0,-32286,0,0,0,0,0,2716260,0
2696991,6568,-3646,378,469,-1035,-139,2865,524,44,9,720,19372,68,34,79,16,0,0,0,0,0,0,0,-32286,0,0,0,0,0,2716265,0
2696996,6936,-3696,528,598,-994,-110,2989,554,63,7,800,19372,74,34,79,16,0,0,0,0,0,0,0,-32286,0,0,0,0,0,2716280,0
2697001,6926,-3658,644,674,-973,-104,3117,560,67,2,832,19372,74,34,79,16,0,0,0,0,0,0,0,-32286,0,0,0,0,0,2716285,0
2697006,7146,-3610,656,745,-928,-102,3252,600,77,4,920,19371,79,34,79,16,0,0,0,0,0,0,0,-32286,0,0,0,0,0,2716300,0
2697011,7230,-3606,640,828,-896,-87,3393,608,75,13,920,19371,79,34,79,16,0,0,0,0,0,0,0,-32286,0,0,0,0,0,2716305,0
2697016,7350,-3470,482,986,-860,-84,3533,623,15,13,928,19371,81,34,79,16,0,0,0,0,0,0,0,-32286,0,0,0,0,0,2716320,0
2697021,7476,-3328,352,1096,-855,-96,3678,637,25,6,960,19371,81,34,79,16,0,0,0,0,0,0,0,-32286,0,0,0,0,0,2716325,0
2697026,7506,-3426,212,1160,-842,-73,3823,632,75,1,928,19373,77,34,79,16,0,0,0,0,0,0,0,-32286,0,0,0,0,0,2716340,0
2697031,7380,-3422,88,1150,-827,-33,3964,616,52,5,872,19373,77,34,79,16,0,0,0,0,0,0,0,-32286,0,0,0,0,0,2716345,0
2697036,7408,-3288,-82,1039,-750,25,4101,609,55,-2,872,19373,73,34,79,16,0,0,0,0,0,0,0,-32286,0,0,0,0,0,2716360,0
2697041,7270,-3452,-254,995,-725,64,4235,583,-28,1,792,19373,73,34,79,16,0,0,0,0,0,0,0,-32286,0,0,0,0,0,2716365,0
2697046,7122,-3524,-352,1000,-756,88,4363,548,-56,7,672,19372,76,34,79,16,0,0,0,0,0,0,0,-32286,0,0,0,0,0,2716380,0
2697051,7118,-3460,-474,1024,-758,90,4482,519,-71,-6,624,19372,76,34,79,16,0,0,0,0,0,0,0,-32286,0,0,0,0,0,2716385,0
2697056,6944,-3450,-498,994,-777,163,4595,494,-84,-8,568,19372,82,34,79,16,0,0,0,0,0,0,0,-32285,0,0,0,0,0,2716400,0
2697061,6874,-3424,-484,870,-725,230,4701,452,-108,1,440,19372,82,34,79,16,0,0,0,0,0,0,0,-32286,0,0,0,0,0,2716405,0
2697066,6850,-3516,-438,822,-720,275,4795,418,-118,-3,408,19374,79,34,79,16,0,0,0,0,0,0,0,-32286,0,0,0,0,0,2716420,0
2697071,6788,-3572,-300,850,-697,288,4882,378,-121,1,336,19374,79,34,79,16,0,0,0,0,0,0,0,-32286,0,0,0,0,0,2716425,0
2697076,6928,-3554,-214,989,-717,311,4964,358,-127,4,288,19374,81,34,79,16,0,0,0,0,0,0,0,-32286,0,0,0,0,0,2716440,0
2697081,6962,-3348,-98,1001,-723,314,5043,344,-112,7,256,19374,81,34,79,16,0,0,0,0,0,0,0,-32286,0,0,0,0,0,2716445,0
2697086,7042,-3258,-70,959,-694,342,5112,290,-91,18,160,19373,80,34,79,16,0,0,0,0,0,0,0,-32286,0,0,0,0,0,2716460,0
2697091,7086,-2976,54,921,-678,318,5171,252,-99,3,120,19373,80,34,79,16,0,0,0,0,0,0,0,-32286,0,0,0,0,0,2716465,0
2697096,7408,-2974,52,920,-588,318,5221,220,-114,-7,80,19372,81,34,79,16,0,0,0,0,0,0,0,-32286,0,0,0,0,0,2716480,0
2697101,7396,-2660,192,928,-584,279,5262,180,-136,-3,72,19372,81,34,79,16,0,0,0,0,0,0,0,-32285,0,0,0,0,0,2716485,0
2697106,7594,-2776,132,889,-513,300,5291,121,-148,-6,32,19372,80,33,79,16,0,0,0,0,0,0,0,-32286,0,0,0,0,0,2716500,0
2697111,7450,-2458,150,827,-492,285,5313,99,-145,-7,40,19372,80,33,79,16,0,0,0,0,0,0,0,-32285,0,0,0,0,0,2716505,0
2697116,7616,-2440,186,807,-388,251,5335,97,-120,-1,32,19372,81,33,79,16,0,0,0,0,0,0,0,-32286,0,0,0,0,0,2716520,0
2697121,7592,-2410,190,809,-360,238,5352,62,-102,3,16,19372,81,33,79,16,0,0,0,0,0,0,0,-32286,0,0,0,0,0,2716525,0
2697126,7598,-2288,134,841,-322,193,5363,52,-78,-3,24,19373,74,34,79,16,0,0,0,0,0,0,0,-32286,0,0,0,0,0,2716540,0
2697131,7612,-2158,74,900,-306,146,5376,60,-52,-4,32,19373,74,34,79,16,0,0,0,0,0,0,0,-32285,0,0,0,0,0,2716545,0
2697136,7544,-2064,-18,915,-240,116,5394,83,-31,-2,24,19371,76,34,79,16,0,0,0,0,0,0,0,-32286,0,0,0,0,0,2716560,0
2697141,7466,-2118,-98,847,-218,121,5407,54,-12,3,8,19371,76,34,79,16,0,0,0,0,0,0,0,-32286,0,0,0,0,0,2716565,0
2697146,7424,-2136,-234,823,-211,105,5416,40,-1,3,8,19371,75,34,79,16,0,0,0,0,0,0,0,-32286,0,0,0,0,0,2716580,0
2697151,7368,-2220,-330,923,-263,58,5419,15,-26,0,8,19371,75,34,79,16,0,0,0,0,0,0,0,-32286,0,0,0,0,0,2716585,0
2697156,7342,-1896,-168,907,-241,59,5423,24,-46,-1,16,19373,75,34,79,16,0,0,0,0,0,0,0,-32286,0,0,0,0,0,2716600,0
2697161,7348,-2084,-256,825,-237,40,5435,50,-45,-5,32,19373,75,34,79,16,0,0,0,0,0,0,0,-32285,0,0,0,0,0,2716605,0
2697166,7388,-2230,-342,792,-211,65,5455,102,19,-8,48,19373,79,34,79,16,0,0,0,0,0,0,0,-32286,0,0,0,0,0,2716620,0
2697171,7236,-2368,-268,784,-181,107,5482,118,73,-3,56,19373,79,34,79,16,0,0,0,0,0,0,0,-32286,0,0,0,0,0,2716624,0
2697176,7348,-2416,-316,839,-152,95,5514,141,102,-6,72,19373,83,34,79,16,0,0,0,0,0,0,0,-32286,0,0,0,0,0,2716639,0
2697181,7140,-2450,-278,851,-93,130,5548,150,101,2,64,19373,83,34,79,16,0,0,0,0,0,0,0,-32286,0,0,0,0,0,2716645,0
2697186,7178,-2358,-252,823,-87,113,5586,169,74,-2,96,19373,87,34,79,16,0,0,0,0,0,0,0,-32286,0,0,0,0,0,2716659,0
2697191,7328,-2544,-396,837,-26,130,5633,205,66,0,144,19373,87,34,79,16,0,0,0,0,0,0,0,-32286,0,0,0,0,0,2716664,0
2697196,7408,-2560,-362,987,-20,90,5692,254,88,0,176,19372,86,34,79,16,0,0,0,0,0,0,0,-32286,0,0,0,0,0,2716679,0
2697201,7400,-2576,-356,1040,-58,77,5756,287,108,7,232,19372,86,34,79,16,0,0,0,0,0,0,0,-32286,0,0,0,0,0,2716684,0
2697206,7580,-2590,-476,1134,-71,52,5832,331,131,-3,304,19373,86,34,79,16,0,0,0,0,0,0,0,-32286,0,0,0,0,0,2716699,0
2697211,7648,-2460,-350,1154,-55,35,5918,390,140,-9,416,19373,86,34,79,16,0,0,0,0,0,0,0,-32286,0,0,0,0,0,2716704,0
2697216,8170,-2532,-418,1160,-80,-37,6015,428,153,-12,504,19374,87,34,79,16,0,0,0,0,0,0,0,-32286,0,0,0,0,0,2716719,0
2697221,8128,-2340,-252,1199,-107,-97,6119,468,152,-9,616,19374,87,34,79,16,0,0,0,0,0,0,0,-32286,0,0,0,0,0,2716724,0
2697226,8426,-2538,-312,1259,-99,-120,6228,490,144,-5,680,19374,87,34,79,16,0,0,0,0,0,0,0,-32286,0,0,0,0,0,2716739,0
2697231,8362,-2378,-182,1306,-92,-175,6347,525,125,0,776,19374,87,34,79,16,0,0,0,0,0,0,0,-32286,0,0,0,0,0,2716746,0
2697236,8576,-2550,-202,1364,-68,-248,6474,564,113,0,856,19373,83,34,79,16,0,0,0,0,0,0,0,-32285,0,0,0,0,0,2716762,0
2697241,8484,-2462,-206,1375,-82,-283,6608,583,122,15,872,19373,83,34,79,16,0,0,0,0,0,0,0,-32286,0,0,0,0,0,2716767,0
2697246,8704,-2590,-220,1438,-58,-315,6745,603,110,12,888,19371,79,34,79,16,0,0,0,0,0,0,0,-32286,0,0,0,0,0,2716782,0
2697251,8602,-2514,-82,1498,-55,-377,6890,639,98,1,968,19371,79,34,79,16,0,0,0,0,0,0,0,-32285,0,0,0,0,0,2716787,0
2697256,8474,-2562,-10,1517,11,-397,7034,636,81,5,936,19372,79,34,79,16,0,0,0,0,0,0,0,-32286,0,0,0,0,0,2716802,0
2697261,8638,-2552,-78,1537,58,-420,7178,637,58,7,944,19372,79,34,79,16,0,0,0,0,0,0,0,-32286,0,0,0,0,0,2716807,0
2697266,8520,-2556,-68,1568,115,-441,7324,643,40,-1,960,19372,74,34,79,16,0,0,0,0,0,0,0,-32286,0,0,0,0,0,2716822,0
2697271,8368,-2606,-130,1553,160,-431,7468,621,19,9,888,19372,74,34,79,16,0,0,0,0,0,0,0,-32286,0,0,0,0,0,2716827,0
2697276,8304,-2372,-250,1570,238,-454,7608,608,-5,5,848,19371,74,34,79,16,0,0,0,0,0,0,0,-32286,0,0,0,0,0,2716842,0
2697281,8310,-2326,-312,1602,251,-461,7748,610,-22,-4,864,19371,74,34,79,16,0,0,0,0,0,0,0,-32287,0,0,0,0,0,2716847,0
2697286,8248,-2296,-396,1609,247,-437,7882,590,-34,1,800,19371,81,34,79,16,0,0,0,0,0,0,0,-32286,0,0,0,0,0,2716862,0
2697291,8142,-2054,-520,1600,235,-440,8011,565,-46,1,720,19371,81,34,79,16,0,0,0,0,0,0,0,-32285,0,0,0,0,0,2716867,0
2697296,8196,-1704,-664,1566,176,-416,8138,551,-52,-7,696,19371,76,34,79,16,0,0,0,0,0,0,0,-32285,0,0,0,0,0,2716882,0
2697301,8358,-1686,-700,1538,150,-404,8257,531,-61,-5,656,19371,76,34,79,16,0,0,0,0,0,0,0,-32286,0,0,0,0,0,2716887,0
2697306,8406,-1520,-662,1453,123,-371,8373,497,-67,3,568,19371,82,34,79,16,0,0,0,0,0,0,0,-32286,0,0,0,0,0,2716902,0
2697311,8450,-1328,-608,1378,81,-351,8483,469,-75,2,496,19371,82,34,79,16,0,0,0,0,0,0,0,-32286,0,0,0,0,0,2716907,0
2697316,8602,-1262,-454,1235,47,-325,8586,448,-80,-8,464,19373,89,34,79,16,0,0,0,0,0,0,0,-32286,0,0,0,0,0,2716922,0
2697321,9028,-1472,-466,1201,59,-321,8684,432,-83,-10,448,19373,89,34,79,16,0,0,0,0,0,0,0,-32286,0,0,0,0,0,2716927,0
2697326,9010,-1670,-376,1187,38,-303,8780,410,-84,-2,408,19373,85,34,79,16,0,0,0,0,0,0,0,-32286,0,0,0,0,0,2716942,0
2697331,9168,-1948,-356,1145,34,-298,8868,387,-73,7,352,19373,85,34,79,16,0,0,0,0,0,0,0,-32286,0,0,0,0,0,2716947,0
2697336,9456,-2518,-448,1079,66,-297,8950,348,-74,15,264,19372,81,34,79,16,0,0,0,0,0,0,0,-32286,0,0,0,0,0,2716962,0
2697341,9412,-2692,-454,1068,61,-313,9029,340,-80,9,248,19372,81,34,79,16,0,0,0,0,0,0,0,-32286,0,0,0,0,0,2716967,0
2697346,9500,-2974,-502,1108,66,-317,9104,330,-81,2,240,19371,73,34,79,16,0,0,0,0,0,0,0,-32286,0,0,0,0,0,2716982,0
2697351,9422,-3002,-416,1171,9,-347,9176,324,-66,1,224,19371,73,34,79,16,0,0,0,0,0,0,0,-32286,0,0,0,0,0,2716987,0
2697356,9298,-2982,-374,1185,-97,-349,9240,269,-63,8,120,19371,68,34,79,16,0,0,0,0,0,0,0,-32286,0,0,0,0,0,2717002,0
2697361,9356,-2854,-412,1072,-147,-325,9293,227,-74,-3,96,19371,68,34,79,16,0,0,0,0,0,0,0,-32286,0,0,0,0,0,2717007,0
2697366,9224,-2576,-362,961,-165,-297,9334,177,-112,-9,48,19376,72,34,79,16,0,0,0,0,0,0,0,-32286,0,0,0,0,0,2717022,0
2697371,8976,-2412,-240,825,-191,-259,9356,94,-164,-3,24,19376,72,34,79,16,0,0,0,0,0,0,0,-32285,0,0,0,0,0,2717027,0
2697376,8848,-1956,-100,643,-355,-246,9368,56,-201,-3,16,19378,77,34,79,16,0,0,0,0,0,0,0,-32286,0,0,0,0,0,2717042,0
2697381,8798,-1734,32,587,-428,-245,9371,3,-199,3,0,19378,77,34,79,16,0,0,0,0,0,0,0,-32286,0,0,0,0,0,2717047,0
2697386,8804,-1300,196,519,-488,-280,9371,0,-176,0,-8,19377,80,34,79,16,0,0,0,0,0,0,0,-32285,0,0,0,0,0,2717062,0
2697391,8964,-1244,232,436,-525,-299,9370,-2,-120,0,0,19377,80,34,79,16,0,0,0,0,0,0,0,-32285,0,0,0,0,0,2717067,0
2697396,9120,-1374,354,256,-607,-380,9372,0,-63,0,0,19375,78,34,79,16,0,0,0,0,0,0,0,-32286,0,0,0,0,0,2717082,0
2697401,9312,-1564,444,198,-599,-403,9371,0,-32,-1,0,19375,78,34,79,16,0,0,0,0,0,0,0,-32286,0,0,0,0,0,2717087,0
2697406,9514,-1776,568,146,-569,-422,9371,0,-1,0,-8,19372,74,34,79,16,0,0,0,0,0,0,0,-32286,0,0,0,0,0,2717102,0
2697411,9564,-2026,660,45,-527,-470,9369,-8,-3,0,0,19372,74,34,79,16,0,0,0,0,0,0,0,-32286,0,0,0,0,0,2717107,0
2697416,9922,-2784,542,-239,-369,-451,9371,0,0,-1,0,19373,77,34,79,16,0,0,0,0,0,0,0,-32286,0,0,0,0,0,2717122,0
2697421,9908,-3148,968,-287,-269,-498,9372,6,1,0,0,19373,77,34,79,16,0,0,0,0,0,0,0,-32286,0,0,0,0,0,2717127,0
2697426,10042,-3926,1026,-83,-265,-575,9371,-1,2,-1,0,19373,85,34,79,16,0,0,0,0,0,0,0,-32286,0,0,0,0,0,2717142,0
2697431,9838,-4504,1300,196,-198,-613,9372,-2,0,-1,-8,19373,85,34,79,16,0,0,0,0,0,0,0,-32286,0,0,0,0,0,2717146,0
2697436,9628,-4434,1428,91,-106,-540,9370,-3,-3,0,-8,19372,85,34,79,16,0,0,0,0,0,0,0,-32286,0,0,0,0,0,2717161,0
2697441,9186,-4408,1160,-240,-45,-503,9372,7,0,0,0,19372,85,34,79,16,0,0,0,0,0,0,0,-32286,0,0,0,0,0,2717166,0
2697446,8604,-4634,1048,-478,14,-461,9371,3,-4,0,0,19372,83,34,79,16,0,0,0,0,0,0,0,-32286,0,0,0,0,0,2717181,0
2697451,8160,-5236,998,-627,-21,-437,9371,-4,1,0,-8,19372,83,34,79,16,0,0,0,0,0,0,0,-32286,0,0,0,0,0,2717186,0
2697456,7166,-6058,1616,-676,46,-460,9368,-1,0,0,-8,19372,82,34,79,16,0,0,0,0,0,0,0,-32285,0,0,0,0,0,2717201,0
2697461,6620,-6692,1804,-492,-14,-452,9369,-2,0,0,-8,19372,82,34,79,16,0,0,0,0,0,0,0,-32286,0,0,0,0,0,2717206,0
2697466,7886,-6222,2520,-92,-103,-601,9366,-11,-8,0,-24,19372,81,34,79,16,0,0,0,0,0,0,0,-32286,0,0,0,0,0,2717222,0
2697471,6586,-5750,3546,1008,58,-1019,9350,-79,-24,7,-56,19372,81,34,79,16,0,0,0,0,0,0,0,-32286,0,0,0,0,0,2717226,0
2697476,5810,-7028,2964,2097,-534,-832,9313,-180,-92,13,-144,19370,75,34,79,16,0,0,0,0,0,0,0,-32286,0,0,0,0,0,2717241,0
2697481,4748,-5334,2868,1655,-669,-903,9254,-270,-185,10,-264,19370,75,34,79,16,0,0,0,0,0,0,0,-32285,0,0,0,0,0,2717246,0
2697486,5644,-6006,826,1445,-762,-829,9162,-413,-285,28,-576,19369,73,34,79,16,0,0,0,0,0,0,0,-32286,0,0,0,0,0,2717261,0
2697491,5022,-5362,1334,1122,-602,-709,9036,-572,-383,40,-1016,19369,73,34,79,16,0,0,0,0,0,0,0,-32286,0,0,0,0,0,2717266,0
2697496,4912,-6322,1254,829,-508,-520,8870,-755,-459,15,-1456,19366,79,34,79,16,0,0,0,0,0,0,0,-32286,0,0,0,0,0,2717281,0
2697501,4726,-6110,1782,721,-423,-352,8656,-956,-541,13,-1904,19366,79,34,79,16,0,0,0,0,0,0,0,-32286,0,0,0,0,0,2717286,0
2697506,4778,-6070,1922,599,-336,-207,8396,-1157,-617,5,-2344,19365,88,34,79,16,0,0,0,0,0,0,0,-32286,0,0,0,0,0,2717301,0
2697511,5060,-6126,1814,516,-216,-1,8087,-1378,-679,9,-2800,19365,88,34,79,16,0,0,0,0,0,0,0,-32286,0,0,0,0,0,2717306,0
2697516,5314,-5448,1916,267,141,379,7736,-1572,-708,-4,-3200,19367,85,34,79,16,0,0,0,0,0,0,0,-32286,0,0,0,0,0,2717321,0
2697521,5592,-4776,1898,208,294,484,7345,-1738,-699,-7,-3520,19367,85,34,79,16,0,0,0,0,0,0,0,-32286,0,0,0,0,0,2717326,0
2697526,6090,-4496,1886,152,527,614,6921,-1876,-654,-9,-3800,19368,83,34,79,16,0,0,0,0,0,0,0,-32286,0,0,0,0,0,2717341,0
2697531,6046,-4294,1688,16,665,775,6474,-1972,-584,-6,-3984,19368,83,34,79,16,0,0,0,0,0,0,0,-32286,0,0,0,0,0,2717346,0
2697536,6076,-3896,1690,-402,1023,1073,6014,-2024,-476,-9,-4040,19369,93,34,79,16,0,0,0,0,0,0,0,-32286,0,0,0,0,0,2717361,0
2697541,6010,-4080,746,-212,613,1045,5550,-2048,-340,-10,-4080,19369,93,34,79,16,0,0,0,0,0,0,0,-32286,0,0,0,0,0,2717366,0
2697546,6992,-3742,-78,124,339,1046,5085,-2051,-217,-10,-4032,19370,89,34,79,16,0,0,0,0,0,0,0,-32286,0,0,0,0,0,2717381,0
2697551,7284,-2226,-360,267,31,962,4621,-2040,-110,-15,-3976,19370,89,34,79,16,0,0,0,0,0,0,0,-32286,0,0,0,0,0,2717386,0
2697556,8748,-164,-566,-63,-306,729,4162,-2016,-28,-12,-3888,19368,94,34,79,16,0,0,0,0,0,0,0,-32286,0,0,0,0,0,2717401,0
2697561,9094,190,-676,-248,-536,575,3711,-1977,21,-11,-3800,19368,94,34,79,16,0,0,0,0,0,0,0,-32286,0,0,0,0,0,2717406,0
2697566,9626,348,-846,-364,-718,424,3272,-1921,79,0,-3672,19370,93,34,79,16,0,0,0,0,0,0,0,-32286,0,0,0,0,0,2717420,0
2697571,10066,472,-620,-481,-814,296,2847,-1860,127,7,-3560,19370,93,34,79,16,0,0,0,0,0,0,0,-32286,0,0,0,0,0,2717425,0
2697576,10302,288,502,-744,-923,108,2437,-1800,168,8,-3464,19371,96,34,79,16,0,0,0,0,0,0,0,-32286,0,0,0,0,0,2717440,0
2697581,10446,72,860,-893,-889,17,2041,-1738,203,8,-3352,19371,96,34,79,16,0,0,0,0,0,0,0,-32286,0,0,0,0,0,2717445,0
2697586,10618,-384,1204,-1000,-799,-22,1656,-1693,209,6,-3264,19372,96,34,79,16,0,0,0,0,0,0,0,-32286,0,0,0,0,0,2717460,0
2697591,10734,-754,1888,-1026,-574,-54,1285,-1636,208,1,-3144,19372,96,34,79,16,0,0,0,0,0,0,0,-32286,0,0,0,0,0,2717465,0
2697596,10336,-1294,3330,-1134,91,-70,923,-1587,186,-4,-3000,19371,97,34,79,16,0,0,0,0,0,0,0,-32286,0,0,0,0,0,2717480,0
2697601,10070,-1752,3320,-1181,400,-59,571,-1532,182,-14,-2848,19371,97,34,79,16,0,0,0,0,0,0,0,-32286,0,0,0,0,0,2717485,0
2697606,9780,-1720,3234,-1210,760,-35,234,-1476,173,-11,-2720,19371,95,34,79,16,0,0,0,0,0,0,0,-32286,0,0,0,0,0,2717501,0
2697611,9526,-1928,2888,-1229,983,-33,-89,-1420,179,-9,-2560,19371,95,34,79,16,0,0,0,0,0,0,0,-32286,0,0,0,0,0,2717506,0
2697616,8490,-2040,2492,-1284,1545,1,-396,-1338,201,-11,-2368,19372,92,34,79,16,0,0,0,0,0,0,0,-32286,0,0,0,0,0,2717520,0
2697621,8156,-2384,2086,-1241,1724,5,-687,-1267,223,-8,-2216,19372,92,34,79,16,0,0,0,0,0,0,0,-32286,0,0,0,0,0,2717525,0
2697626,7346,-2500,1442,-1273,1754,70,-956,-1175,242,-1,-2040,19375,89,34,79,16,0,0,0,0,0,0,0,-32286,0,0,0,0,0,2717540,0
2697631,7246,-2318,728,-1388,1744,82,-1206,-1087,270,0,-1832,19375,89,34,79,16,0,0,0,0,0,0,0,-32286,0,0,0,0,0,2717545,0
2697636,6670,-2280,380,-1346,1665,31,-1435,-1007,292,-1,-1664,19374,86,34,79,16,0,0,0,0,0,0,0,-32286,0,0,0,0,0,2717560,0
2697641,6586,-2428,-16,-1251,1473,-1,-1645,-922,302,-3,-1488,19374,86,34,79,16,0,0,0,0,0,0,0,-32286,0,0,0,0,0,2717565,0
2697646,6452,-2230,-208,-1178,1284,-50,-1841,-856,294,4,-1368,19372,87,34,79,16,0,0,0,0,0,0,0,-32286,0,0,0,0,0,2717580,0
2697651,6532,-2086,-330,-1184,1149,-97,-2023,-795,274,3,-1248,19372,87,34,79,16,0,0,0,0,0,0,0,-32286,0,0,0,0,0,2717585,0
2697656,6398,-2044,-168,-1506,1023,-60,-2193,-749,237,0,-1144,19371,78,34,79,16,0,0,0,0,0,0,0,-32286,0,0,0,0,0,2717600,0
2697661,6558,-2192,166,-1589,1000,-88,-2354,-695,211,-2,-1024,19371,78,34,79,16,0,0,0,0,0,0,0,-32286,0,0,0,0,0,2717613,0
2697666,6538,-2710,342,-1609,978,-70,-2503,-649,191,-3,-936,19372,78,34,79,16,0,0,0,0,0,0,0,-32286,0,0,0,0,0,2717619,0
2697671,6518,-2836,576,-1559,911,-82,-2640,-606,176,-2,-848,19372,78,34,79,16,0,0,0,0,0,0,0,-32286,0,0,0,0,0,2717624,0
2697676,6756,-2832,922,-1313,813,-134,-2771,-568,163,-5,-736,19372,85,34,79,16,0,0,0,0,0,0,0,-32285,0,0,0,0,0,2717639,0
2697681,6888,-2804,854,-1280,765,-128,-2891,-526,158,0,-640,19372,85,34,79,16,0,0,0,0,0,0,0,-32286,0,0,0,0,0,2717644,0
2697686,6748,-2710,842,-1366,724,-81,-3004,-494,141,5,-560,19373,79,34,79,16,0,0,0,0,0,0,0,-32286,0,0,0,0,0,2717659,0
2697691,6752,-2430,964,-1418,752,-79,-3106,-452,134,4,-464,19373,79,34,79,16,0,0,0,0,0,0,0,-32286,0,0,0,0,0,2717664,0
2697696,6726,-2348,1216,-1439,797,-109,-3205,-426,130,6,-424,19373,81,34,79,16,0,0,0,0,0,0,0,-32286,0,0,0,0,0,2717679,0
2697701,6934,-2536,1132,-1341,826,-110,-3291,-381,130,-5,-328,19373,81,34,79,16,0,0,0,0,0,0,0,-32286,0,0,0,0,0,2717684,0
2697706,6634,-2376,1164,-1266,787,-133,-3367,-334,129,-9,-248,19374,81,34,79,16,0,0,0,0,0,0,0,-32286,0,0,0,0,0,2717699,0
2697711,6782,-2530,944,-1225,788,-119,-3436,-300,136,-8,-200,19374,81,34,79,16,0,0,0,0,0,0,0,-32286,0,0,0,0,0,2717704,0
2697716,6428,-2318,784,-1266,783,-81,-3500,-274,136,-1,-144,19372,84,34,79,16,0,0,0,0,0,0,0,-32286,0,0,0,0,0,2717718,0
2697721,6288,-2164,704,-1290,783,-85,-3559,-255,118,3,-136,19372,84,34,79,16,0,0,0,0,0,0,0,-32286,0,0,0,0,0,2717723,0
2697726,6236,-2080,582,-1303,770,-78,-3613,-238,89,6,-112,19372,85,34,79,16,0,0,0,0,0,0,0,-32285,0,0,0,0,0,2717738,0
2697731,6198,-2194,512,-1266,741,-48,-3659,-197,84,-4,-64,19372,85,34,79,16,0,0,0,0,0,0,0,-32286,0,0,0,0,0,2717743,0
2697736,6088,-1994,506,-1189,705,-58,-3690,-133,106,7,-56,19375,84,34,79,16,0,0,0,0,0,0,0,-32286,0,0,0,0,0,2717759,0
2697741,5878,-1686,528,-1189,675,-53,-3713,-93,132,7,-32,19375,84,34,79,16,0,0,0,0,0,0,0,-32286,0,0,0,0,0,2717771,0
2697746,6030,-1664,486,-1179,659,-64,-3718,-20,167,-10,8,19376,85,34,79,16,0,0,0,0,0,0,0,-32285,0,0,0,0,0,2717778,0
2697751,5972,-1714,506,-1171,664,-62,-3713,28,191,-4,16,19376,85,34,79,16,0,0,0,0,0,0,0,-32286,0,0,0,0,0,2717783,0
2697756,5912,-1616,534,-1211,668,-29,-3708,21,175,1,8,19375,85,34,79,16,0,0,0,0,0,0,0,-32286,0,0,0,0,0,2717798,0
2697761,5978,-1580,630,-1233,689,-37,-3708,-1,119,4,-8,19375,85,34,79,16,0,0,0,0,0,0,0,-32286,0,0,0,0,0,2717803,0
2697766,6050,-1510,714,-1227,739,-53,-3707,5,52,0,0,19372,77,34,79,16,0,0,0,0,0,0,0,-32286,0,0,0,0,0,2717818,0
2697771,5990,-1528,796,-1262,802,-49,-3708,-3,0,1,0,19372,77,34,79,16,0,0,0,0,0,0,0,-32286,0,0,0,0,0,2717823,0
2697776,5928,-1600,752,-1369,916,-3,-3707,1,-22,1,0,19371,69,34,79,16,0,0,0,0,0,0,0,-32286,0,0,0,0,0,2717838,0
2697781,5992,-1664,760,-1379,965,-6,-3707,1,-12,0,-8,19371,69,34,79,16,0,0,0,0,0,0,0,-32286,0,0,0,0,0,2717843,0
2697786,6034,-1744,788,-1315,986,0,-3706,4,3,0,0,19372,67,34,79,16,0,0,0,0,0,0,0,-32285,0,0,0,0,0,2717859,0
2697791,6038,-1848,858,-1215,957,-32,-3706,3,2,0,0,19372,67,34,79,16,0,0,0,0,0,0,0,-32286,0,0,0,0,0,2717864,0
2697796,6234,-1930,742,-1000,830,-65,-3704,4,2,0,0,19372,77,34,79,16,0,0,0,0,0,0,0,-32286,0,0,0,0,0,2717878,0
2697801,6512,-1494,692,-1003,810,-68,-3705,5,-2,0,0,19372,77,34,79,16,0,0,0,0,0,0,0,-32285,0,0,0,0,0,2717883,0
2697806,6644,-1102,982,-1114,908,-61,-3704,-2,1,2,0,19372,84,34,79,16,0,0,0,0,0,0,0,-32286,0,0,0,0,0,2717898,0
2697811,6536,-1258,820,-1400,947,-12,-3703,5,-5,0,0,19372,84,34,79,16,0,0,0,0,0,0,0,-32286,0,0,0,0,0,2717903,0
2697816,6660,-1676,854,-1508,990,-8,-3700,9,1,0,8,19372,88,34,79,16,0,0,0,0,0,0,0,-32286,0,0,0,0,0,2717918,0
2697821,6668,-1878,892,-1374,900,-42,-3697,14,7,1,0,19372,88,34,79,16,0,0,0,0,0,0,0,-32286,0,0,0,0,0,2717923,0
2697826,6802,-1828,788,-1263,820,-63,-3696,4,8,2,-8,19373,77,34,79,16,0,0,0,0,0,0,0,-32285,0,0,0,0,0,2717938,0
2697831,7004,-1718,818,-1224,769,-85,-3695,5,1,1,0,19373,77,34,79,16,0,0,0,0,0,0,0,-32286,0,0,0,0,0,2717943,0
2697836,7254,-1682,924,-1274,721,-95,-3696,-3,-14,0,-8,19374,70,34,79,16,0,0,0,0,0,0,0,-32286,0,0,0,0,0,2717958,0
2697841,7366,-1776,1000,-1323,699,-90,-3695,8,-10,0,0,19374,70,34,79,16,0,0,0,0,0,0,0,-32286,0,0,0,0,0,2717963,0
2697846,7420,-1996,1076,-1331,688,-92,-3694,8,-5,0,8,19374,67,34,79,16,0,0,0,0,0,0,0,-32286,0,0,0,0,0,2717978,0
2697851,7474,-2138,1210,-1300,673,-88,-3693,-2,5,0,0,19374,67,34,79,16,0,0,0,0,0,0,0,-32286,0,0,0,0,0,2717983,0
2697856,7540,-2442,1344,-1258,653,-66,-3691,3,2,0,8,19372,64,34,79,16,0,0,0,0,0,0,0,-32286,0,0,0,0,0,2717998,0
2697861,7504,-2562,1430,-1306,685,-32,-3687,13,7,-1,8,19372,64,34,79,16,0,0,0,0,0,0,0,-32285,0,0,0,0,0,2718002,0
2697866,7450,-2876,1524,-1438,773,61,-3681,27,7,-1,16,19371,80,34,79,16,0,0,0,0,0,0,0,-32286,0,0,0,0,0,2718017,0
2697871,7290,-2902,1802,-1569,886,120,-3667,73,34,-2,32,19371,80,34,79,16,0,0,0,0,0,0,0,-32286,0,0,0,0,0,2718022,0
2697876,7724,-3296,1902,-1093,824,-25,-3638,141,77,-9,72,19373,74,34,79,16,0,0,0,0,0,0,0,-32286,0,0,0,0,0,2718037,0
2697881,7770,-3454,1638,-816,665,-64,-3592,203,135,-3,120,19373,74,34,79,16,0,0,0,0,0,0,0,-32286,0,0,0,0,0,2718042,0
2697886,7848,-3000,1380,-650,481,-125,-3540,233,179,6,136,19374,79,34,79,16,0,0,0,0,0,0,0,-32286,0,0,0,0,0,2718057,0
2697891,8130,-2842,1120,-655,388,-150,-3483,245,173,5,136,19374,79,34,79,16,0,0,0,0,0,0,0,-32286,0,0,0,0,0,2718062,0
2697896,8410,-2464,1144,-750,214,-251,-3426,262,131,0,160,19373,76,34,79,16,0,0,0,0,0,0,0,-32286,0,0,0,0,0,2718077,0
2697901,8554,-2524,1200,-740,154,-302,-3368,262,74,1,160,19373,76,34,79,16,0,0,0,0,0,0,0,-32286,0,0,0,0,0,2718082,0
2697906,8652,-2744,1226,-710,120,-328,-3321,258,34,-2,168,19371,76,34,79,16,0,0,0,0,0,0,0,-32285,0,0,0,0,0,2718097,0
2697911,8592,-2800,1354,-674,86,-364,-3258,264,29,-1,176,19371,76,34,79,16,0,0,0,0,0,0,0,-32285,0,0,0,0,0,2718102,0
2697916,8614,-2782,1364,-616,51,-400,-3194,280,29,4,192,19371,78,34,79,16,0,0,0,0,0,0,0,-32286,0,0,0,0,0,2718117,0
2697921,8630,-3006,1310,-618,49,-363,-3131,278,15,2,168,19371,78,34,79,16,0,0,0,0,0,0,0,-32286,0,0,0,0,0,2718127,0
2697926,8444,-3042,1372,-631,54,-314,-3071,256,9,6,128,19372,85,34,79,16,0,0,0,0,0,0,0,-32286,0,0,0,0,0,2718137,0
2697931,8318,-2780,1496,-634,75,-314,-3021,221,-30,-7,112,19372,85,34,79,16,0,0,0,0,0,0,0,-32286,0,0,0,0,0,2718142,0
2697936,8232,-2874,1398,-582,76,-243,-2973,208,-56,-6,104,19374,86,34,79,16,0,0,0,0,0,0,0,-32285,0,0,0,0,0,2718157,0
2697941,8172,-2510,1440,-543,90,-235,-2931,180,-79,0,80,19374,86,34,79,16,0,0,0,0,0,0,0,-32286,0,0,0,0,0,2718162,0
2697946,8276,-2384,1462,-533,115,-198,-2895,152,-81,-2,56,19374,92,34,79,16,0,0,0,0,0,0,0,-32286,0,0,0,0,0,2718177,0
2697951,8118,-2080,1576,-568,144,-183,-2864,127,-83,-5,56,19374,92,34,79,16,0,0,0,0,0,0,0,-32286,0,0,0,0,0,2718182,0
2697956,8128,-2050,1396,-588,97,-108,-2834,126,-74,0,48,19374,78,34,79,16,0,0,0,0,0,0,0,-32286,0,0,0,0,0,2718197,0
2697961,8218,-1686,1516,-595,70,-127,-2811,97,-74,4,40,19374,78,34,79,16,0,0,0,0,0,0,0,-32285,0,0,0,0,0,2718202,0
2697966,8494,-1656,1514,-628,64,-101,-2786,105,-54,1,40,19375,76,34,79,16,0,0,0,0,0,0,0,-32286,0,0,0,0,0,2718217,0
2697971,8706,-1866,1644,-753,52,-60,-2768,73,-51,8,24,19375,76,34,79,16,0,0,0,0,0,0,0,-32286,0,0,0,0,0,2718227,0
2697976,9918,-2720,1986,-1030,51,26,-2759,33,-67,5,8,19374,69,34,79,16,0,0,0,0,0,0,0,-32286,0,0,0,0,0,2718236,0
2697981,10550,-3254,2284,-1091,85,63,-2753,17,-78,0,8,19374,69,34,79,16,0,0,0,0,0,0,0,-32286,0,0,0,0,0,2718241,0
2697986,11270,-3760,2488,-1102,113,118,-2751,14,-84,0,8,19375,72,34,79,16,0,0,0,0,0,0,0,-32286,0,0,0,0,0,2718256,0
2697991,11972,-4174,2600,-1112,159,157,-2743,30,-58,0,24,19375,72,34,79,16,0,0,0,0,0,0,0,-32286,0,0,0,0,0,2718261,0
2697996,13130,-4960,2360,-1085,257,183,-2729,67,1,-1,32,19375,73,34,79,16,0,0,0,0,0,0,0,-32286,0,0,0,0,0,2718276,0
2698001,13154,-5392,2226,-1107,311,218,-2711,83,45,1,24,19375,73,34,79,16,0,0,0,0,0,0,0,-32286,0,0,0,0,0,2718281,0
2698006,12838,-5536,2076,-1155,404,238,-2696,66,53,4,32,19375,73,34,79,16,0,0,0,0,0,0,0,-32286,0,0,0,0,0,2718296,0
2698011,12396,-5636,1962,-1139,525,219,-2682,60,31,0,32,19375,73,34,79,16,0,0,0,0,0,0,0,-32286,0,0,0,0,0,2718301,0
2698016,10712,-5878,1692,-894,734,93,-2662,90,7,-3,40,19375,77,34,79,16,0,0,0,0,0,0,0,-32286,0,0,0,0,0,2718316,0
2698021,9738,-6084,1418,-768,807,57,-2642,89,5,2,32,19375,77,34,79,16,0,0,0,0,0,0,0,-32286,0,0,0,0,0,2718321,0
2698026,8920,-6056,1202,-673,819,-7,-2626,61,19,4,24,19374,80,34,79,16,0,0,0,0,0,0,0,-32286,0,0,0,0,0,2718336,0
2698031,8358,-6064,958,-581,781,-64,-2609,77,8,-3,40,19374,80,34,79,16,0,0,0,0,0,0,0,-32286,0,0,0,0,0,2718341,0
2698036,7280,-6414,602,-323,526,-156,-2583,120,20,-4,48,19371,85,34,79,16,0,0,0,0,0,0,0,-32286,0,0,0,0,0,2718356,0
2698041,6840,-6364,454,-191,329,-189,-2555,127,20,-1,72,19371,85,34,79,16,0,0,0,0,0,0,0,-32286,0,0,0,0,0,2718361,0
2698046,6494,-6080,296,7,66,-257,-2516,178,63,-3,88,19374,76,34,79,16,0,0,0,0,0,0,0,-32286,0,0,0,0,0,2718376,0
2698051,6220,-5964,150,153,-104,-234,-2473,192,95,8,96,19374,76,34,79,16,0,0,0,0,0,0,0,-32286,0,0,0,0,0,2718381,0
2698056,5724,-4954,82,183,-370,-214,-2431,194,90,-2,96,19373,77,34,79,16,0,0,0,0,0,0,0,-32286,0,0,0,0,0,2718400,0
2698061,5348,-4370,216,157,-494,-220,-2383,210,68,-2,120,19373,77,34,79,16,0,0,0,0,0,0,0,-32286,0,0,0,0,0,2718405,0
2698066,5500,-4232,236,136,-543,-166,-2333,219,53,-1,128,19375,81,34,79,16,0,0,0,0,0,0,0,-32286,0,0,0,0,0,2718416,0
2698071,5328,-4042,524,76,-616,-117,-2277,243,47,-5,168,19375,81,34,79,16,0,0,0,0,0,0,0,-32286,0,0,0,0,0,2718421,0
2698076,5372,-3682,1004,39,-568,-25,-2215,276,61,-2,200,19371,80,34,79,16,0,0,0,0,0,0,0,-32286,0,0,0,0,0,2718436,0
2698081,5098,-3466,1272,8,-441,45,-2143,311,81,3,264,19371,80,34,79,16,0,0,0,0,0,0,0,-32286,0,0,0,0,0,2718441,0
2698086,5022,-3362,1340,61,-395,48,-2065,347,101,-6,320,19370,79,34,79,16,0,0,0,0,0,0,0,-32286,0,0,0,0,0,2718456,0
2698091,5146,-3206,1040,218,-358,60,-1978,386,123,-10,408,19370,79,34,79,16,0,0,0,0,0,0,0,-32286,0,0,0,0,0,2718461,0
2698096,5312,-2330,722,327,-208,73,-1880,430,123,-18,536,19371,78,34,79,16,0,0,0,0,0,0,0,-32286,0,0,0,0,0,2718476,0
2698101,5222,-2328,744,252,-125,86,-1768,494,145,-18,720,19371,78,34,79,16,0,0,0,0,0,0,0,-32285,0,0,0,0,0,2718486,0
2698106,5350,-2566,604,157,4,132,-1640,562,178,1,896,19371,78,34,79,16,0,0,0,0,0,0,0,-32286,0,0,0,0,0,2718496,0
2698111,5106,-2956,426,122,28,156,-1496,639,205,5,1072,19371,78,34,79,16,0,0,0,0,0,0,0,-32286,0,0,0,0,0,2718500,0
2698116,5570,-3228,-182,395,-36,84,-1333,722,231,-2,1264,19372,75,34,79,16,0,0,0,0,0,0,0,-32286,0,0,0,0,0,2718515,0
2698121,5744,-3388,-436,470,-81,81,-1154,795,252,3,1384,19372,75,34,79,16,0,0,0,0,0,0,0,-32286,0,0,0,0,0,2718520,0
2698126,6002,-3374,-580,438,-189,79,-961,852,258,5,1512,19373,87,34,79,16,0,0,0,0,0,0,0,-32285,0,0,0,0,0,2718536,0
2698131,6394,-3530,-704,415,-305,74,-754,915,247,6,1616,19373,87,34,79,16,0,0,0,0,0,0,0,-32286,0,0,0,0,0,2718540,0
2698136,6824,-3984,-700,228,-544,186,-542,938,220,13,1632,19373,84,34,79,16,0,0,0,0,0,0,0,-32285,0,0,0,0,0,2718555,0
2698141,7172,-4152,-576,46,-577,276,-328,943,159,9,1624,19373,84,34,79,16,0,0,0,0,0,0,0,-32286,0,0,0,0,0,2718560,0
2698146,7364,-4078,-270,-121,-537,348,-118,934,101,12,1592,19373,87,34,79,16,0,0,0,0,0,0,0,-32286,0,0,0,0,0,2718575,0
2698151,7706,-4418,98,-200,-502,406,91,921,40,6,1536,19373,87,34,79,16,0,0,0,0,0,0,0,-32286,0,0,0,0,0,2718580,0
2698156,7728,-4794,358,-300,-419,530,295,895,-14,9,1472,19372,78,34,79,16,0,0,0,0,0,0,0,-32286,0,0,0,0,0,2718595,0
2698161,7782,-4696,372,-273,-376,531,491,860,-52,2,1392,19372,78,34,79,16,0,0,0,0,0,0,0,-32286,0,0,0,0,0,2718600,0
2698166,7698,-4624,316,-231,-342,528,683,836,-75,4,1344,19372,76,34,79,16,0,0,0,0,0,0,0,-32286,0,0,0,0,0,2718615,0
2698171,7564,-4566,272,-181,-355,493,861,785,-97,0,1224,19372,76,34,79,16,0,0,0,0,0,0,0,-32286,0,0,0,0,0,2718620,0
2698176,7496,-4330,130,-25,-342,357,1033,750,-115,0,1144,19374,78,34,79,16,0,0,0,0,0,0,0,-32286,0,0,0,0,0,2718635,0
2698181,7256,-4028,170,-21,-326,270,1192,693,-137,6,1008,19374,78,34,79,16,0,0,0,0,0,0,0,-32286,0,0,0,0,0,2718640,0
2698186,7258,-3888,8,-34,-266,180,1341,645,-152,4,920,19375,78,34,79,16,0,0,0,0,0,0,0,-32286,0,0,0,0,0,2718655,0
2698191,6980,-3738,-54,-52,-232,95,1481,608,-158,0,848,19375,78,34,79,16,0,0,0,0,0,0,0,-32286,0,0,0,0,0,2718660,0
2698196,6292,-3988,-130,-146,-222,21,1608,559,-159,3,720,19374,79,34,79,16,0,0,0,0,0,0,0,-32286,0,0,0,0,0,2718675,0
2698201,6164,-3888,-108,-174,-232,-31,1727,520,-162,-6,632,19374,79,34,79,16,0,0,0,0,0,0,0,-32286,0,0,0,0,0,2718680,0
2698206,5972,-4104,-78,-140,-253,-49,1841,502,-150,-17,624,19373,75,34,79,16,0,0,0,0,0,0,0,-32286,0,0,0,0,0,2718695,0
2698211,5752,-4086,16,-84,-315,-74,1948,467,-126,-3,528,19373,75,34,79,16,0,0,0,0,0,0,0,-32286,0,0,0,0,0,2718700,0
2698216,5608,-4028,-56,24,-477,-95,2051,445,-107,1,488,19372,72,34,79,16,0,0,0,0,0,0,0,-32286,0,0,0,0,0,2718715,0
2698221,5632,-3746,-26,89,-551,-124,2148,436,-92,-6,496,19372,72,34,79,16,0,0,0,0,0,0,0,-32286,0,0,0,0,0,2718720,0
2698226,5764,-3626,-52,133,-632,-147,2246,438,-73,-6,504,19373,70,34,79,16,0,0,0,0,0,0,0,-32286,0,0,0,0,0,2718735,0
2698231,5800,-3552,-54,150,-695,-130,2344,436,-61,-8,496,19373,70,34,79,16,0,0,0,0,0,0,0,-32286,0,0,0,0,0,2718741,0
2698236,6056,-3282,82,149,-769,-117,2438,418,-28,3,472,19371,78,34,79,16,0,0,0,0,0,0,0,-32286,0,0,0,0,0,2718758,0
2698241,6376,-3210,80,177,-760,-108,2534,424,-12,-1,480,19371,78,34,79,16,0,0,0,0,0,0,0,-32286,0,0,0,0,0,2718763,0
2698246,6370,-2950,240,224,-761,-113,2629,419,-14,-2,488,19370,87,34,79,16,0,0,0,0,0,0,0,-32286,0,0,0,0,0,2718778,0
2698251,6542,-3094,220,224,-752,-64,2729,436,-4,-5,520,19370,87,34,79,16,0,0,0,0,0,0,0,-32286,0,0,0,0,0,2718783,0
2698256,6726,-3032,236,177,-721,-3,2832,449,16,3,536,19369,84,34,79,16,0,0,0,0,0,0,0,-32286,0,0,0,0,0,2718798,0
2698261,6572,-2730,412,217,-763,7,2936,459,31,-3,584,19369,84,34,79,16,0,0,0,0,0,0,0,-32285,0,0,0,0,0,2718803,0
2698266,6722,-2876,344,253,-776,27,3042,465,39,-2,592,19370,79,34,79,16,0,0,0,0,0,0,0,-32286,0,0,0,0,0,2718818,0
2698271,6716,-2834,380,280,-778,32,3154,496,43,-1,680,19370,79,34,79,16,0,0,0,0,0,0,0,-32286,0,0,0,0,0,2718823,0
2698276,6970,-2902,366,348,-801,83,3273,522,57,4,728,19372,74,34,79,16,0,0,0,0,0,0,0,-32286,0,0,0,0,0,2718838,0
2698281,7062,-2718,418,359,-786,94,3395,539,71,9,760,19372,74,34,79,16,0,0,0,0,0,0,0,-32286,0,0,0,0,0,2718843,0
2698286,7236,-2894,394,354,-758,122,3520,549,72,13,768,19371,79,34,79,16,0,0,0,0,0,0,0,-32287,0,0,0,0,0,2718858,0
2698291,7352,-2836,446,392,-740,138,3653,581,76,4,872,19371,79,34,79,16,0,0,0,0,0,0,0,-32286,0,0,0,0,0,2718863,0
2698296,7498,-3002,448,557,-706,144,3790,602,72,11,880,19371,76,34,79,16,0,0,0,0,0,0,0,-32286,0,0,0,0,0,2718878,0
2698301,7580,-2964,462,597,-675,168,3929,606,69,12,888,19371,76,34,79,16,0,0,0,0,0,0,0,-32286,0,0,0,0,0,2718883,0
2698306,7616,-2996,454,645,-650,172,4070,623,61,1,936,19371,81,34,79,16,0,0,0,0,0,0,0,-32286,0,0,0,0,0,2718898,0
2698311,7686,-3106,396,733,-642,179,4214,638,55,0,944,19371,81,34,79,16,0,0,0,0,0,0,0,-32286,0,0,0,0,0,2718903,0
2698316,7638,-3244,152,755,-611,245,4355,621,32,8,904,19371,83,34,79,16,0,0,0,0,0,0,0,-32286,0,0,0,0,0,2718918,0
2698321,7484,-3174,214,754,-587,255,4495,606,9,0,872,19371,83,34,79,16,0,0,0,0,0,0,0,-32286,0,0,0,0,0,2718923,0
2698326,7480,-3196,144,729,-544,274,4633,609,-3,-4,864,19373,81,34,79,16,0,0,0,0,0,0,0,-32286,0,0,0,0,0,2718938,0
2698331,7378,-3188,18,686,-507,317,4763,570,-30,3,744,19373,81,34,79,16,0,0,0,0,0,0,0,-32286,0,0,0,0,0,2718942,0
2698336,7238,-3342,-84,705,-485,340,4890,555,-54,-9,728,19373,83,34,79,16,0,0,0,0,0,0,0,-32286,0,0,0,0,0,2718957,0
2698341,7182,-3430,-122,731,-479,364,5009,529,-71,-10,680,19373,83,34,79,16,0,0,0,0,0,0,0,-32286,0,0,0,0,0,2718962,0
2698346,7056,-3380,-72,734,-482,394,5123,496,-76,0,576,19373,79,34,79,16,0,0,0,0,0,0,0,-32286,0,0,0,0,0,2718977,0
2698351,7006,-3394,-60,712,-464,405,5226,448,-104,0,456,19373,79,34,79,16,0,0,0,0,0,0,0,-32286,0,0,0,0,0,2718982,0
2698356,7016,-3150,8,678,-428,437,5321,411,-109,-5,400,19374,76,34,79,16,0,0,0,0,0,0,0,-32286,0,0,0,0,0,2718997,0
2698361,7124,-3264,-12,671,-424,448,5409,388,-126,3,344,19374,76,34,79,16,0,0,0,0,0,0,0,-32286,0,0,0,0,0,2719002,0
2698366,7078,-3130,74,629,-384,486,5489,359,-127,8,280,19375,78,34,79,16,0,0,0,0,0,0,0,-32286,0,0,0,0,0,2719017,0
2698371,7132,-3104,88,595,-394,498,5562,316,-117,8,200,19375,78,34,79,16,0,0,0,0,0,0,0,-32285,0,0,0,0,0,2719022,0
2698376,7248,-3040,174,725,-407,474,5625,275,-121,8,144,19376,80,34,79,16,0,0,0,0,0,0,0,-32286,0,0,0,0,0,2719037,0
2698381,7294,-2988,210,796,-417,485,5679,238,-122,-9,104,19376,80,34,79,16,0,0,0,0,0,0,0,-32286,0,0,0,0,0,2719042,0
2698386,7274,-2462,302,777,-412,465,5722,189,-138,-1,72,19376,77,34,79,16,0,0,0,0,0,0,0,-32286,0,0,0,0,0,2719057,0
2698391,7450,-2484,228,669,-345,501,5752,135,-154,-7,48,19376,77,34,79,16,0,0,0,0,0,0,0,-32286,0,0,0,0,0,2719062,0
2698396,7562,-2432,312,602,-243,445,5780,119,-154,-9,48,19375,78,34,79,16,0,0,0,0,0,0,0,-32286,0,0,0,0,0,2719077,0
2698401,7326,-2456,384,683,-223,428,5802,90,-134,3,32,19375,78,34,79,16,0,0,0,0,0,0,0,-32286,0,0,0,0,0,2719082,0
2698406,7408,-2382,372,779,-239,379,5820,72,-107,1,32,19377,78,34,79,16,0,0,0,0,0,0,0,-32285,0,0,0,0,0,2719097,0
2698411,7520,-2278,346,842,-213,358,5840,87,-68,0,40,19377,78,34,79,16,0,0,0,0,0,0,0,-32285,0,0,0,0,0,2719102,0
2698416,7374,-2024,280,748,-145,360,5858,74,-41,3,16,19377,77,34,79,16,0,0,0,0,0,0,0,-32286,0,0,0,0,0,2719117,0
2698421,7406,-2046,96,736,-147,337,5869,49,-40,5,8,19377,77,34,79,16,0,0,0,0,0,0,0,-32286,0,0,0,0,0,2719122,0
2698426,7486,-2206,32,837,-199,304,5870,14,-49,4,0,19376,86,34,79,16,0,0,0,0,0,0,0,-32285,0,0,0,0,0,2719137,0
2698431,7384,-2080,172,866,-212,263,5871,6,-68,2,0,19376,86,34,79,16,0,0,0,0,0,0,0,-32286,0,0,0,0,0,2719142,0
2698436,7414,-1894,20,658,-139,315,5871,-2,-73,0,0,19373,85,34,79,16,0,0,0,0,0,0,0,-32286,0,0,0,0,0,2719157,0
2698441,7388,-1920,62,527,-89,336,5872,7,-43,0,8,19373,85,34,79,16,0,0,0,0,0,0,0,-32286,0,0,0,0,0,2719162,0
2698446,7406,-2132,44,481,-17,350,5881,33,-10,-2,16,19370,79,34,79,16,0,0,0,0,0,0,0,-32286,0,0,0,0,0,2719177,0
2698451,7444,-2184,94,532,3,357,5901,97,43,-7,56,19370,79,34,79,16,0,0,0,0,0,0,0,-32286,0,0,0,0,0,2719182,0
2698456,7184,-2558,54,694,25,380,5934,137,99,-7,72,19368,80,34,79,16,0,0,0,0,0,0,0,-32286,0,0,0,0,0,2719197,0
2698461,7296,-2388,-120,838,-21,353,5978,199,147,1,112,19368,80,34,79,16,0,0,0,0,0,0,0,-32285,0,0,0,0,0,2719202,0
2698466,7304,-2308,-244,947,-36,360,6029,223,165,4,152,19373,80,34,79,16,0,0,0,0,0,0,0,-32286,0,0,0,0,0,2719217,0
2698471,7214,-2008,-320,935,-105,330,6088,267,165,-2,192,19373,80,34,79,16,0,0,0,0,0,0,0,-32286,0,0,0,0,0,2719222,0
2698476,7528,-1800,-474,959,-116,252,6160,310,143,2,264,19376,82,34,79,16,0,0,0,0,0,0,0,-32286,0,0,0,0,0,2719237,0
2698481,7666,-1732,-454,953,-164,193,6237,348,134,-2,312,19376,82,34,79,16,0,0,0,0,0,0,0,-32286,0,0,0,0,0,2719242,0
2698486,7942,-1842,-458,1014,-169,139,6324,394,135,-10,424,19378,76,34,79,16,0,0,0,0,0,0,0,-32286,0,0,0,0,0,2719257,0
2698491,7890,-1786,-328,1057,-174,71,6425,456,147,-23,592,19378,76,34,79,16,0,0,0,0,0,0,0,-32285,0,0,0,0,0,2719262,0
2698496,7888,-2170,-198,1099,-179,16,6535,481,154,-7,648,19376,76,34,79,16,0,0,0,0,0,0,0,-32286,0,0,0,0,0,2719277,0
2698501,8098,-2242,-192,1131,-184,-14,6651,514,159,1,728,19376,76,34,79,16,0,0,0,0,0,0,0,-32285,0,0,0,0,0,2719282,0
2698506,7932,-2310,-24,1166,-176,-46,6775,550,142,5,816,19373,72,34,79,16,0,0,0,0,0,0,0,-32285,0,0,0,0,0,2719297,0
2698511,8148,-2270,30,1255,-196,-103,6911,599,129,6,928,19373,72,34,79,16,0,0,0,0,0,0,0,-32285,0,0,0,0,0,2719302,0
2698516,8044,-2454,178,1290,-193,-136,7051,617,120,16,936,19373,75,34,79,16,0,0,0,0,0,0,0,-32286,0,0,0,0,0,2719317,0
2698521,8220,-2340,208,1315,-172,-180,7193,630,116,9,960,19373,75,34,79,16,0,0,0,0,0,0,0,-32285,0,0,0,0,0,2719322,0
2698526,8174,-2432,252,1333,-133,-210,7338,644,88,0,976,19374,72,34,79,16,0,0,0,0,0,0,0,-32286,0,0,0,0,0,2719337,0
2698531,8086,-2634,254,1293,-110,-215,7484,637,58,12,920,19374,72,34,79,16,0,0,0,0,0,0,0,-32286,0,0,0,0,0,2719342,0
2698536,8052,-2626,206,1338,-69,-262,7629,635,29,4,920,19372,76,34,79,16,0,0,0,0,0,0,0,-32285,0,0,0,0,0,2719357,0
2698541,7942,-2700,190,1419,-69,-299,7772,632,9,-4,920,19372,76,34,79,16,0,0,0,0,0,0,0,-32286,0,0,0,0,0,2719362,0
2698546,7928,-2916,112,1457,-47,-288,7911,617,-7,4,856,19371,81,34,79,16,0,0,0,0,0,0,0,-32285,0,0,0,0,0,2719377,0
2698551,7820,-2640,44,1466,-53,-298,8048,595,-27,2,816,19371,81,34,79,16,0,0,0,0,0,0,0,-32285,0,0,0,0,0,2719382,0
2698556,7784,-2552,-162,1489,-11,-318,8181,583,-33,-2,784,19371,85,34,79,16,0,0,0,0,0,0,0,-32286,0,0,0,0,0,2719397,0
2698561,7860,-2572,-246,1502,-10,-308,8311,565,-43,0,712,19371,85,34,79,16,0,0,0,0,0,0,0,-32286,0,0,0,0,0,2719402,0
2698566,7718,-2394,-258,1494,-27,-321,8435,549,-57,-3,688,19371,89,34,79,16,0,0,0,0,0,0,0,-32285,0,0,0,0,0,2719417,0
2698571,7980,-2366,-438,1501,-44,-315,8551,517,-65,-9,608,19371,89,34,79,16,0,0,0,0,0,0,0,-32286,0,0,0,0,0,2719422,0
2698576,8066,-2060,-506,1491,-72,-322,8664,489,-74,-11,584,19376,75,34,79,16,0,0,0,0,0,0,0,-32286,0,0,0,0,0,2719437,0
2698581,8034,-2008,-498,1493,-103,-313,8774,483,-75,-7,560,19376,75,34,79,16,0,0,0,0,0,0,0,-32286,0,0,0,0,0,2719442,0
2698586,8244,-1868,-522,1465,-136,-307,8877,457,-73,-1,496,19376,79,34,79,16,0,0,0,0,0,0,0,-32286,0,0,0,0,0,2719457,0
2698591,8366,-1742,-540,1427,-130,-287,8973,421,-77,0,432,19376,79,34,79,16,0,0,0,0,0,0,0,-32285,0,0,0,0,0,2719462,0
2698596,8820,-1830,-574,1379,-195,-315,9069,417,-77,-1,432,19375,74,34,79,16,0,0,0,0,0,0,0,-32286,0,0,0,0,0,2719476,0
2698601,8940,-1858,-496,1408,-199,-335,9162,414,-70,-1,432,19375,74,34,79,16,0,0,0,0,0,0,0,-32285,0,0,0,0,0,2719481,0
2698606,9224,-2220,-488,1391,-237,-340,9254,397,-47,3,384,19371,77,34,79,16,0,0,0,0,0,0,0,-32286,0,0,0,0,0,2719496,0
2698611,9424,-2356,-486,1343,-248,-360,9340,381,-42,9,336,19371,77,34,79,16,0,0,0,0,0,0,0,-32286,0,0,0,0,0,2719501,0
2698616,9738,-2694,-436,1221,-220,-336,9419,339,-45,10,256,19370,79,34,79,16,0,0,0,0,0,0,0,-32286,0,0,0,0,0,2719516,0
2698621,9764,-2922,-338,1171,-274,-354,9494,325,-65,1,232,19370,79,34,79,16,0,0,0,0,0,0,0,-32286,0,0,0,0,0,2719521,0
2698626,9854,-3246,-358,1216,-266,-344,9567,316,-76,0,240,19372,80,34,79,16,0,0,0,0,0,0,0,-32286,0,0,0,0,0,2719536,0
2698631,9820,-3140,-144,1348,-373,-394,9638,312,-62,3,200,19372,80,34,79,16,0,0,0,0,0,0,0,-32286,0,0,0,0,0,2719541,0
2698636,10056,-2382,-64,1360,-397,-406,9695,250,-65,14,112,19375,84,34,79,16,0,0,0,0,0,0,0,-32286,0,0,0,0,0,2719556,0
2698641,10104,-2222,-146,1146,-373,-355,9739,183,-92,-5,56,19375,84,34,79,16,0,0,0,0,0,0,0,-32286,0,0,0,0,0,2719561,0
2698646,9930,-1958,-62,942,-352,-351,9775,145,-136,-4,40,19376,83,34,79,16,0,0,0,0,0,0,0,-32286,0,0,0,0,0,2719576,0
2698651,9786,-2066,-82,796,-364,-300,9791,65,-173,4,0,19376,83,34,79,16,0,0,0,0,0,0,0,-32286,0,0,0,0,0,2719581,0
2698656,9584,-1426,-6,617,-482,-313,9791,-5,-214,6,-8,19381,80,34,79,16,0,0,0,0,0,0,0,-32286,0,0,0,0,0,2719596,0
2698661,9582,-1256,80,554,-489,-316,9789,5,-205,-2,-8,19381,80,34,79,16,0,0,0,0,0,0,0,-32286,0,0,0,0,0,2719601,0
2698666,9412,-1162,224,467,-542,-344,9789,-5,-157,0,-8,19385,75,34,79,16,0,0,0,0,0,0,0,-32286,0,0,0,0,0,2719616,0
2698671,9464,-1248,216,371,-611,-368,9790,-5,-92,1,-8,19385,75,34,79,16,0,0,0,0,0,0,0,-32286,0,0,0,0,0,2719621,0
2698676,9576,-1548,354,187,-695,-442,9790,1,-23,0,-8,19384,79,34,79,16,0,0,0,0,0,0,0,-32286,0,0,0,0,0,2719636,0
2698681,9424,-1806,534,101,-707,-481,9791,6,6,0,-8,19384,79,34,79,16,0,0,0,0,0,0,0,-32286,0,0,0,0,0,2719641,0
2698686,9536,-2164,592,0,-711,-507,9791,4,-5,1,0,19380,76,34,79,16,0,0,0,0,0,0,0,-32286,0,0,0,0,0,2719656,0
2698691,9640,-2508,672,-108,-680,-512,9789,0,4,1,0,19380,76,34,79,16,0,0,0,0,0,0,0,-32286,0,0,0,0,0,2719661,0
2698696,9520,-3390,812,-426,-570,-495,9790,4,-4,0,0,19374,78,34,79,16,0,0,0,0,0,0,0,-32286,0,0,0,0,0,2719676,0
2698701,9636,-3896,944,-331,-495,-523,9789,-3,1,0,-8,19374,78,34,79,16,0,0,0,0,0,0,0,-32286,0,0,0,0,0,2719681,0
2698706,9768,-4350,1482,-104,-439,-579,9789,-6,-4,2,-8,19372,78,34,79,16,0,0,0,0,0,0,0,-32286,0,0,0,0,0,2719696,0
2698711,9254,-4932,1504,158,-465,-598,9783,-19,-15,2,-16,19372,78,34,79,16,0,0,0,0,0,0,0,-32286,0,0,0,0,0,2719701,0
2698716,8936,-4904,1272,14,-358,-500,9775,-34,-23,1,-24,19370,74,34,79,16,0,0,0,0,0,0,0,-32286,0,0,0,0,0,2719716,0
2698721,8600,-4896,1126,-309,-236,-439,9771,-16,-32,0,-8,19370,74,34,79,16,0,0,0,0,0,0,0,-32286,0,0,0,0,0,2719721,0
2698726,8154,-5072,1150,-583,-128,-387,9769,-4,-8,-1,0,19370,79,34,79,16,0,0,0,0,0,0,0,-32286,0,0,0,0,0,2719736,0
2698731,7706,-5806,990,-613,-195,-373,9771,4,15,0,-8,19370,79,34,79,16,0,0,0,0,0,0,0,-32286,0,0,0,0,0,2719741,0
2698736,6770,-6286,1542,-527,-74,-322,9769,0,21,0,0,19370,87,34,79,16,0,0,0,0,0,0,0,-32286,0,0,0,0,0,2719756,0
2698741,6360,-6774,1556,-392,-76,-285,9771,9,25,0,-8,19370,87,34,79,16,0,0,0,0,0,0,0,-32285,0,0,0,0,0,2719770,0
2698746,7286,-6404,2132,-109,-119,-356,9769,-3,3,2,-16,19368,83,34,79,16,0,0,0,0,0,0,0,-32286,0,0,0,0,0,2719776,0
2698751,6284,-5922,3106,1014,-32,-809,9756,-58,-20,10,-48,19368,83,34,79,16,0,0,0,0,0,0,0,-32286,0,0,0,0,0,2719781,0
2698756,5886,-6910,3134,2567,-557,-757,9728,-120,-78,7,-80,19368,83,34,79,16,0,0,0,0,0,0,0,-32286,0,0,0,0,0,2719796,0
2698761,4914,-5106,2676,2132,-723,-842,9678,-233,-149,17,-216,19368,83,34,79,16,0,0,0,0,0,0,0,-32286,0,0,0,0,0,2719801,0
2698766,5974,-5992,388,1806,-870,-742,9596,-380,-250,20,-488,19369,81,34,79,16,0,0,0,0,0,0,0,-32286,0,0,0,0,0,2719816,0
2698771,5112,-4704,958,1418,-686,-690,9476,-541,-357,36,-928,19369,81,34,79,16,0,0,0,0,0,0,0,-32286,0,0,0,0,0,2719821,0
2698776,4918,-5990,836,968,-498,-512,9320,-713,-450,23,-1392,19371,73,34,79,16,0,0,0,0,0,0,0,-32286,0,0,0,0,0,2719836,0
2698781,4364,-6084,1372,756,-344,-349,9110,-944,-561,21,-1912,19371,73,34,79,16,0,0,0,0,0,0,0,-32286,0,0,0,0,0,2719841,0
2698786,4304,-6406,1510,651,-265,-201,8850,-1162,-643,10,-2384,19371,73,34,79,16,0,0,0,0,0,0,0,-32286,0,0,0,0,0,2719856,0
2698791,4640,-6648,1512,622,-171,22,8540,-1392,-714,1,-2864,19371,73,34,79,16,0,0,0,0,0,0,0,-32286,0,0,0,0,0,2719860,0
2698796,4990,-6052,1652,418,123,461,8180,-1600,-757,-4,-3288,19371,75,34,79,16,0,0,0,0,0,0,0,-32286,0,0,0,0,0,2719876,0
2698801,5276,-5710,1750,245,269,672,7777,-1789,-758,-8,-3656,19371,75,34,79,16,0,0,0,0,0,0,0,-32286,0,0,0,0,0,2719881,0
2698806,5610,-5060,1808,100,382,826,7334,-1962,-728,-14,-3992,19372,81,34,79,16,0,0,0,0,0,0,0,-32286,0,0,0,0,0,2719895,0
2698811,6114,-5194,1544,-14,484,1075,6868,-2062,-652,-19,-4144,19372,81,34,79,16,0,0,0,0,0,0,0,-32286,0,0,0,0,0,2719900,0
2698816,5458,-5412,1338,-315,480,1380,6389,-2106,-531,-18,-4184,19371,90,34,79,16,0,0,0,0,0,0,0,-32286,0,0,0,0,0,2719915,0
2698821,6430,-5018,656,155,203,1382,5911,-2109,-370,-11,-4192,19371,90,34,79,16,0,0,0,0,0,0,0,-32286,0,0,0,0,0,2719920,0
2698826,6830,-3444,440,597,-81,1315,5430,-2107,-216,0,-4168,19372,97,34,79,16,0,0,0,0,0,0,0,-32286,0,0,0,0,0,2719935,0
2698831,7760,-1862,-10,537,-246,1278,4952,-2100,-84,-10,-4128,19372,97,34,79,16,0,0,0,0,0,0,0,-32286,0,0,0,0,0,2719940,0
2698836,9228,242,-382,-191,-399,1069,4478,-2078,-14,-18,-4056,19371,100,34,79,16,0,0,0,0,0,0,0,-32286,0,0,0,0,0,2719955,0
2698841,9766,328,-298,-321,-508,910,4010,-2057,31,-12,-3968,19371,100,34,79,16,0,0,0,0,0,0,0,-32286,0,0,0,0,0,2719960,0
2698846,10154,432,-114,-292,-698,706,3552,-2014,62,-9,-3864,19371,101,34,79,16,0,0,0,0,0,0,0,-32286,0,0,0,0,0,2719975,0
2698851,10694,560,214,-253,-823,525,3109,-1940,102,0,-3712,19371,101,34,79,16,0,0,0,0,0,0,0,-32286,0,0,0,0,0,2719980,0
2698856,11074,662,692,-520,-887,253,2679,-1879,152,3,-3648,19369,100,34,79,16,0,0,0,0,0,0,0,-32286,0,0,0,0,0,2719995,0
2698861,11346,394,872,-732,-796,150,2264,-1818,192,6,-3512,19369,100,34,79,16,0,0,0,0,0,0,0,-32286,0,0,0,0,0,2720000,0
2698866,11090,98,1502,-893,-684,48,1867,-1750,213,3,-3392,19369,96,34,79,16,0,0,0,0,0,0,0,-32286,0,0,0,0,0,2720015,0
2698871,11214,-572,2158,-940,-479,-18,1479,-1698,223,0,-3280,19369,96,34,79,16,0,0,0,0,0,0,0,-32286,0,0,0,0,0,2720020,0
2698876,10522,-1610,3214,-951,179,-55,1103,-1646,214,-8,-3160,19368,100,34,79,16,0,0,0,0,0,0,0,-32286,0,0,0,0,0,2720035,0
2698881,10272,-2054,3150,-946,490,-61,738,-1604,189,-14,-3032,19368,100,34,79,16,0,0,0,0,0,0,0,-32286,0,0,0,0,0,2720040,0
2698886,9726,-2246,3046,-958,811,-33,387,-1538,181,-14,-2856,19369,99,34,79,16,0,0,0,0,0,0,0,-32286,0,0,0,0,0,2720055,0
2698891,9514,-2654,2774,-923,991,-9,49,-1480,184,-11,-2728,19369,99,34,79,16,0,0,0,0,0,0,0,-32286,0,0,0,0,0,2720060,0
2698896,8288,-2726,2164,-969,1519,40,-273,-1404,203,-10,-2544,19370,94,34,79,16,0,0,0,0,0,0,0,-32286,0,0,0,0,0,2720075,0
2698901,7544,-3014,1568,-914,1675,77,-573,-1323,224,-4,-2360,19370,94,34,79,16,0,0,0,0,0,0,0,-32285,0,0,0,0,0,2720080,0
2698906,7062,-3072,786,-974,1585,118,-798,-1221,258,-6,-2152,19371,90,34,79,16,0,0,0,0,0,0,0,-32286,0,0,0,0,0,2720095,0
2698911,6776,-2956,594,-982,1617,134,-1063,-1151,289,-2,-1960,19371,90,34,79,16,0,0,0,0,0,0,0,-32286,0,0,0,0,0,2720100,0
2698916,6126,-2928,-30,-850,1397,97,-1305,-1058,311,2,-1768,19370,86,34,79,16,0,0,0,0,0,0,0,-32286,0,0,0,0,0,2720115,0
2698921,6124,-2962,-420,-738,1169,69,-1526,-966,319,1,-1568,19370,86,34,79,16,0,0,0,0,0,0,0,-32286,0,0,0,0,0,2720120,0
2698926,6034,-2778,-592,-681,987,50,-1730,-888,317,4,-1440,19369,80,34,79,16,0,0,0,0,0,0,0,-32286,0,0,0,0,0,2720135,0
2698931,5976,-2592,-674,-696,798,46,-1920,-827,288,5,-1304,19369,80,34,79,16,0,0,0,0,0,0,0,-32286,0,0,0,0,0,2720140,0
2698936,5940,-2642,-422,-908,612,126,-2097,-777,257,3,-1216,19371,70,34,79,16,0,0,0,0,0,0,0,-32286,0,0,0,0,0,2720155,0
2698941,6098,-2732,-84,-1027,584,163,-2264,-732,223,0,-1120,19371,70,34,79,16,0,0,0,0,0,0,0,-32286,0,0,0,0,0,2720160,0
2698946,6118,-2970,174,-1048,572,223,-2421,-690,185,-3,-1016,19372,73,34,79,16,0,0,0,0,0,0,0,-32285,0,0,0,0,0,2720175,0
2698951,6048,-2886,442,-1037,548,257,-2566,-635,171,0,-912,19372,73,34,79,16,0,0,0,0,0,0,0,-32286,0,0,0,0,0,2720180,0
2698956,6402,-2962,850,-857,494,294,-2705,-602,156,3,-832,19372,79,34,79,16,0,0,0,0,0,0,0,-32286,0,0,0,0,0,2720195,0
2698961,6596,-2650,1036,-785,489,300,-2835,-570,144,0,-736,19372,79,34,79,16,0,0,0,0,0,0,0,-32286,0,0,0,0,0,2720200,0
2698966,6852,-2224,1126,-818,578,340,-2956,-533,134,6,-664,19372,76,34,79,16,0,0,0,0,0,0,0,-32286,0,0,0,0,0,2720215,0
2698971,6880,-1982,1302,-915,672,343,-3068,-490,129,9,-568,19372,76,34,79,16,0,0,0,0,0,0,0,-32286,0,0,0,0,0,2720220,0
2698976,6876,-1850,1122,-1098,736,381,-3177,-476,118,11,-544,19373,70,34,79,16,0,0,0,0,0,0,0,-32286,0,0,0,0,0,2720235,0
2698981,6890,-2054,992,-1066,727,387,-3278,-443,112,-1,-448,19373,70,34,79,16,0,0,0,0,0,0,0,-32286,0,0,0,0,0,2720240,0
2698986,6856,-1872,966,-1000,714,376,-3367,-384,110,-2,-352,19374,70,34,79,16,0,0,0,0,0,0,0,-32286,0,0,0,0,0,2720255,0
2698991,6864,-1780,862,-994,702,378,-3451,-372,117,-5,-312,19374,70,34,79,16,0,0,0,0,0,0,0,-32286,0,0,0,0,0,2720260,0
2698996,6768,-1598,730,-1070,705,365,-3529,-350,113,-6,-272,19374,72,34,79,16,0,0,0,0,0,0,0,-32286,0,0,0,0,0,2720275,0
2699001,6650,-1524,672,-1070,687,343,-3605,-339,95,-5,-248,19374,72,34,79,16,0,0,0,0,0,0,0,-32286,0,0,0,0,0,2720280,0
2699006,6534,-1544,648,-1048,647,301,-3674,-297,80,-12,-160,19375,72,34,79,16,0,0,0,0,0,0,0,-32286,0,0,0,0,0,2720295,0
2699011,6416,-1586,624,-1002,627,302,-3731,-248,90,0,-104,19375,72,34,79,16,0,0,0,0,0,0,0,-32285,0,0,0,0,0,2720300,0
2699016,6268,-1430,570,-972,591,234,-3775,-191,141,10,-72,19374,72,34,79,16,0,0,0,0,0,0,0,-32286,0,0,0,0,0,2720315,0
2699021,6154,-1430,482,-981,565,220,-3804,-122,163,8,-48,19374,72,34,79,16,0,0,0,0,0,0,0,-32286,0,0,0,0,0,2720320,0
2699026,6040,-1542,410,-1015,575,236,-3827,-101,166,5,-48,19375,75,34,79,16,0,0,0,0,0,0,0,-32286,0,0,0,0,0,2720335,0
2699031,5836,-1488,436,-1036,546,195,-3848,-86,148,-5,-24,19375,75,34,79,16,0,0,0,0,0,0,0,-32286,0,0,0,0,0,2720340,0
2699036,5760,-1634,360,-963,538,181,-3858,-42,103,-8,-8,19372,82,34,79,16,0,0,0,0,0,0,0,-32286,0,0,0,0,0,2720355,0
2699041,5710,-1662,364,-934,518,202,-3857,0,94,-5,0,19372,82,34,79,16,0,0,0,0,0,0,0,-32286,0,0,0,0,0,2720360,0
2699046,5688,-1656,354,-952,531,199,-3857,-2,108,0,0,19371,88,34,79,16,0,0,0,0,0,0,0,-32286,0,0,0,0,0,2720375,0
2699051,5674,-1626,348,-942,518,217,-3856,2,91,0,0,19371,88,34,79,16,0,0,0,0,0,0,0,-32285,0,0,0,0,0,2720380,0
2699056,5712,-1562,380,-930,533,224,-3857,-2,54,0,0,19370,86,34,79,16,0,0,0,0,0,0,0,-32286,0,0,0,0,0,2720395,0
2699061,5864,-1534,366,-938,552,238,-3856,8,17,0,0,19370,86,34,79,16,0,0,0,0,0,0,0,-32286,0,0,0,0,0,2720400,0
2699066,5910,-1482,426,-956,572,233,-3857,1,-1,0,0,19371,82,34,79,16,0,0,0,0,0,0,0,-32286,0,0,0,0,0,2720415,0
2699071,6050,-1472,458,-970,593,220,-3858,-1,4,0,0,19371,82,34,79,16,0,0,0,0,0,0,0,-32286,0,0,0,0,0,2720420,0
2699076,6242,-1500,546,-969,633,207,-3856,2,-3,-1,0,19371,75,34,79,16,0,0,0,0,0,0,0,-32286,0,0,0,0,0,2720434,0
2699081,6338,-1486,574,-956,641,183,-3855,5,2,-1,0,19371,75,34,79,16,0,0,0,0,0,0,0,-32286,0,0,0,0,0,2720439,0
2699086,6486,-1488,578,-937,663,161,-3858,1,1,-1,0,19370,77,34,79,16,0,0,0,0,0,0,0,-32286,0,0,0,0,0,2720454,0
2699091,6492,-1396,632,-934,660,143,-3857,-8,-2,-1,0,19370,77,34,79,16,0,0,0,0,0,0,0,-32286,0,0,0,0,0,2720459,0
2699096,6590,-1318,364,-1092,697,170,-3857,-7,-4,-1,0,19370,81,34,79,16,0,0,0,0,0,0,0,-32286,0,0,0,0,0,2720474,0
2699101,6476,-1226,380,-1325,776,204,-3855,2,3,-3,8,19370,81,34,79,16,0,0,0,0,0,0,0,-32286,0,0,0,0,0,2720479,0
2699106,6612,-1228,478,-1370,782,164,-3851,21,12,-1,8,19373,79,34,79,16,0,0,0,0,0,0,0,-32286,0,0,0,0,0,2720494,0
2699111,6712,-1720,572,-1272,748,135,-3845,19,15,0,8,19373,79,34,79,16,0,0,0,0,0,0,0,-32286,0,0,0,0,0,2720499,0
2699116,6988,-1822,434,-1031,489,37,-3841,15,21,0,8,19374,76,34,79,16,0,0,0,0,0,0,0,-32286,0,0,0,0,0,2720514,0
2699121,6920,-1420,232,-1120,350,4,-3841,9,7,0,0,19374,76,34,79,16,0,0,0,0,0,0,0,-32286,0,0,0,0,0,2720519,0
2699126,7248,-1316,166,-1226,338,7,-3841,-1,-6,0,0,19374,87,34,79,16,0,0,0,0,0,0,0,-32286,0,0,0,0,0,2720534,0
2699131,7310,-1338,628,-1339,360,-9,-3840,0,-21,-1,0,19374,87,34,79,16,0,0,0,0,0,0,0,-32286,0,0,0,0,0,2720539,0
2699136,7680,-1982,810,-1345,217,-65,-3840,0,-15,0,0,19372,77,34,79,16,0,0,0,0,0,0,0,-32286,0,0,0,0,0,2720554,0
2699141,7834,-2250,864,-1247,126,-94,-3838,4,-6,-1,0,19372,77,34,79,16,0,0,0,0,0,0,0,-32286,0,0,0,0,0,2720566,0
2699146,8000,-2490,1124,-1133,78,-126,-3838,2,0,0,0,19371,76,34,79,16,0,0,0,0,0,0,0,-32286,0,0,0,0,0,2720574,0
2699151,8362,-2558,1292,-1078,96,-119,-3837,3,3,-1,8,19371,76,34,79,16,0,0,0,0,0,0,0,-32286,0,0,0,0,0,2720579,0
2699156,8622,-2570,1822,-1262,301,-74,-3834,10,4,-1,8,19372,70,34,79,16,0,0,0,0,0,0,0,-32286,0,0,0,0,0,2720594,0
2699161,8892,-2788,1908,-1325,414,-35,-3832,7,3,-2,8,19372,70,34,79,16,0,0,0,0,0,0,0,-32286,0,0,0,0,0,2720599,0
2699166,8926,-3020,2022,-1305,486,-38,-3828,11,2,0,8,19371,72,34,79,16,0,0,0,0,0,0,0,-32285,0,0,0,0,0,2720614,0
2699171,8984,-3232,2000,-1227,522,-36,-3828,11,1,0,0,19371,72,34,79,16,0,0,0,0,0,0,0,-32286,0,0,0,0,0,2720619,0
2699176,9214,-3170,1930,-1058,583,-65,-3827,2,0,0,0,19371,80,34,79,16,0,0,0,0,0,0,0,-32286,0,0,0,0,0,2720634,0
2699181,9382,-3014,1798,-1030,628,-73,-3829,-7,-6,0,0,19371,80,34,79,16,0,0,0,0,0,0,0,-32286,0,0,0,0,0,2720639,0
2699186,9332,-2870,1698,-1025,627,-104,-3826,6,-7,-1,0,19372,83,34,79,16,0,0,0,0,0,0,0,-32286,0,0,0,0,0,2720654,0
2699191,9300,-2806,1514,-997,626,-114,-3827,0,-7,-1,0,19372,83,34,79,16,0,0,0,0,0,0,0,-32286,0,0,0,0,0,2720659,0
2699196,9164,-2700,1260,-903,541,-175,-3828,-3,-6,-1,0,19372,76,34,79,16,0,0,0,0,0,0,0,-32286,0,0,0,0,0,2720674,0
2699201,9136,-2588,1190,-869,517,-190,-3827,0,-3,0,0,19372,76,34,79,16,0,0,0,0,0,0,0,-32286,0,0,0,0,0,2720679,0
2699206,9008,-2442,1234,-857,493,-208,-3829,-8,0,0,0,19371,77,34,79,16,0,0,0,0,0,0,0,-32286,0,0,0,0,0,2720693,0
2699211,8886,-2320,1254,-849,489,-226,-3827,3,-3,1,0,19371,77,34,79,16,0,0,0,0,0,0,0,-32286,0,0,0,0,0,2720698,0
2699216,8832,-2002,1396,-829,535,-242,-3827,1,-4,0,0,19374,80,34,79,16,0,0,0,0,0,0,0,-32286,0,0,0,0,0,2720713,0
2699221,8752,-1792,1432,-836,585,-241,-3827,-1,0,-1,-8,19374,80,34,79,16,0,0,0,0,0,0,0,-32286,0,0,0,0,0,2720718,0
2699226,8594,-1640,1430,-866,662,-214,-3828,-7,0,0,0,19376,81,34,79,16,0,0,0,0,0,0,0,-32286,0,0,0,0,0,2720733,0
2699231,8500,-1398,1430,-875,687,-205,-3827,-3,-1,-1,0,19376,81,34,79,16,0,0,0,0,0,0,0,-32286,0,0,0,0,0,2720740,0
2699236,8510,-938,1324,-884,740,-228,-3826,4,-1,-1,-8,19376,81,34,79,16,0,0,0,0,0,0,0,-32286,0,0,0,0,0,2720756,0
2699241,8652,-846,1406,-951,759,-222,-3826,7,2,-2,8,19376,81,34,79,16,0,0,0,0,0,0,0,-32286,0,0,0,0,0,2720761,0
2699246,8982,-988,1472,-1081,758,-214,-3823,13,6,-4,16,19374,90,34,79,16,0,0,0,0,0,0,0,-32286,0,0,0,0,0,2720776,0
2699251,9686,-1392,1588,-1251,753,-171,-3817,27,15,-1,16,19374,90,34,79,16,0,0,0,0,0,0,0,-32286,0,0,0,0,0,2720781,0
2699256,11090,-2648,2368,-1696,769,-45,-3807,44,33,-2,32,19372,92,34,79,16,0,0,0,0,0,0,0,-32286,0,0,0,0,0,2720796,0
2699261,11980,-3172,2432,-1763,718,-36,-3784,110,55,-10,80,19372,92,34,79,16,0,0,0,0,0,0,0,-32286,0,0,0,0,0,2720801,0
2699266,12874,-3716,2440,-1726,676,-30,-3734,222,126,-11,168,19372,87,34,79,16,0,0,0,0,0,0,0,-32286,0,0,0,0,0,2720816,0
2699271,13442,-4262,2306,-1719,632,-47,-3663,327,215,-5,344,19372,87,34,79,16,0,0,0,0,0,0,0,-32286,0,0,0,0,0,2720821,0
2699276,14690,-5458,2198,-1475,546,-130,-3564,438,307,-19,568,19372,74,34,79,16,0,0,0,0,0,0,0,-32286,0,0,0,0,0,2720836,0
2699281,14634,-5860,2330,-1369,618,-167,-3447,515,349,-12,784,19372,74,34,79,16,0,0,0,0,0,0,0,-32286,0,0,0,0,0,2720841,0
2699286,14318,-5854,2368,-1250,690,-259,-3315,596,343,5,992,19373,74,34,79,16,0,0,0,0,0,0,0,-32287,0,0,0,0,0,2720856,0
2699291,13674,-5666,2296,-1120,857,-374,-3163,680,311,6,1160,19373,74,34,79,16,0,0,0,0,0,0,0,-32286,0,0,0,0,0,2720861,0
2699296,11334,-5702,1902,-983,1215,-510,-2999,727,278,10,1224,19374,72,34,79,16,0,0,0,0,0,0,0,-32286,0,0,0,0,0,2720876,0
2699301,10126,-5890,1632,-939,1318,-567,-2825,770,239,5,1304,19374,72,34,79,16,0,0,0,0,0,0,0,-32286,0,0,0,0,0,2720881,0
2699306,8888,-6254,1296,-832,1307,-631,-2643,810,204,6,1368,19372,75,34,79,16,0,0,0,0,0,0,0,-32286,0,0,0,0,0,2720896,0
2699311,7792,-6750,858,-691,1195,-681,-2458,825,156,4,1392,19372,75,34,79,16,0,0,0,0,0,0,0,-32286,0,0,0,0,0,2720901,0
2699316,6072,-7508,346,-353,764,-736,-2271,829,105,-1,1400,19372,73,34,79,16,0,0,0,0,0,0,0,-32286,0,0,0,0,0,2720916,0
2699321,5410,-7938,228,-244,527,-693,-2083,827,71,0,1400,19372,73,34,79,16,0,0,0,0,0,0,0,-32286,0,0,0,0,0,2720921,0
2699326,4860,-8144,304,-170,317,-632,-1892,831,40,3,1392,19375,75,34,79,16,0,0,0,0,0,0,0,-32286,0,0,0,0,0,2720936,0
2699331,4534,-8204,486,-86,143,-570,-1706,826,17,4,1384,19375,75,34,79,16,0,0,0,0,0,0,0,-32286,0,0,0,0,0,2720941,0
2699336,3556,-8246,1110,226,-114,-398,-1519,816,3,1,1344,19376,78,34,79,16,0,0,0,0,0,0,0,-32286,0,0,0,0,0,2720956,0
2699341,3900,-8130,650,452,-312,-327,-1335,814,-17,0,1352,19376,78,34,79,16,0,0,0,0,0,0,0,-32286,0,0,0,0,0,2720961,0
2699346,3922,-7302,742,634,-328,-226,-1152,801,-18,6,1288,19375,82,34,79,16,0,0,0,0,0,0,0,-32286,0,0,0,0,0,2720976,0
2699351,3746,-6178,662,635,-398,-170,-977,768,-38,8,1216,19375,82,34,79,16,0,0,0,0,0,0,0,-32286,0,0,0,0,0,2720981,0
2699356,3888,-4972,388,485,-332,-51,-804,763,-51,-1,1200,19371,80,34,79,16,0,0,0,0,0,0,0,-32286,0,0,0,0,0,2720996,0
2699361,3694,-4476,334,490,-384,-31,-640,714,-62,6,1080,19371,80,34,79,16,0,0,0,0,0,0,0,-32286,0,0,0,0,0,2721001,0
2699366,3870,-4204,194,568,-407,-23,-478,700,-78,1,1056,19372,77,34,79,16,0,0,0,0,0,0,0,-32286,0,0,0,0,0,2721016,0
2699371,3842,-3782,142,629,-465,-22,-325,676,-81,9,984,19372,77,34,79,16,0,0,0,0,0,0,0,-32286,0,0,0,0,0,2721021,0
2699376,4034,-2876,-12,446,-384,32,-175,649,-86,3,928,19372,83,34,79,16,0,0,0,0,0,0,0,-32286,0,0,0,0,0,2721036,0
2699381,4190,-2568,-40,291,-242,53,-33,625,-95,-2,880,19372,83,34,79,16,0,0,0,0,0,0,0,-32286,0,0,0,0,0,2721041,0
2699386,4208,-2430,-38,133,-113,82,108,623,-76,-2,864,19373,81,34,79,16,0,0,0,0,0,0,0,-32286,0,0,0,0,0,2721056,0
2699391,4198,-2638,-114,46,4,122,245,605,-72,-3,848,19373,81,34,79,16,0,0,0,0,0,0,0,-32286,0,0,0,0,0,2721061,0
2699396,3982,-2908,-384,-5,55,196,382,598,-51,-7,840,19372,90,34,79,16,0,0,0,0,0,0,0,-32286,0,0,0,0,0,2721076,0
2699401,4004,-3090,-486,13,15,229,522,620,-27,-8,904,19372,90,34,79,16,0,0,0,0,0,0,0,-32286,0,0,0,0,0,2721081,0
2699406,4004,-3278,-644,5,-93,273,667,631,0,-4,928,19373,82,34,79,16,0,0,0,0,0,0,0,-32286,0,0,0,0,0,2721096,0
2699411,4214,-3404,-754,-57,-239,335,812,636,28,0,944,19373,82,34,79,16,0,0,0,0,0,0,0,-32286,0,0,0,0,0,2721101,0
2699416,5058,-3572,-514,-205,-483,393,963,659,42,-5,1024,19374,75,34,79,16,0,0,0,0,0,0,0,-32286,0,0,0,0,0,2721116,0
2699421,5562,-3856,-228,-173,-580,433,1115,669,50,0,1048,19374,75,34,79,16,0,0,0,0,0,0,0,-32286,0,0,0,0,0,2721121,0
2699426,6004,-4140,138,-155,-661,473,1268,666,39,1,1032,19374,77,34,79,16,0,0,0,0,0,0,0,-32286,0,0,0,0,0,2721136,0
2699431,6532,-4228,396,-114,-726,475,1420,672,27,-1,1048,19374,77,34,79,16,0,0,0,0,0,0,0,-32286,0,0,0,0,0,2721141,0
2699436,7514,-4564,820,-105,-724,537,1570,659,14,0,1000,19372,81,34,79,16,0,0,0,0,0,0,0,-32286,0,0,0,0,0,2721156,0
2699441,7860,-4636,926,-198,-682,578,1714,627,-15,4,928,19372,81,34,79,16,0,0,0,0,0,0,0,-32286,0,0,0,0,0,2721161,0
2699446,8086,-4638,1000,-264,-607,600,1855,614,-36,0,912,19370,81,34,79,16,0,0,0,0,0,0,0,-32286,0,0,0,0,0,2721176,0
2699451,7992,-4796,948,-293,-550,601,1989,586,-53,10,808,19370,81,34,79,16,0,0,0,0,0,0,0,-32286,0,0,0,0,0,2721181,0
2699456,7850,-4900,696,-178,-464,529,2114,539,-79,10,680,19372,83,34,79,16,0,0,0,0,0,0,0,-32286,0,0,0,0,0,2721196,0
2699461,7694,-4926,598,-75,-418,469,2234,529,-91,-8,672,19372,83,34,79,16,0,0,0,0,0,0,0,-32286,0,0,0,0,0,2721201,0
2699466,7484,-4644,456,-5,-386,389,2348,499,-101,-7,600,19372,83,34,79,16,0,0,0,0,0,0,0,-32286,0,0,0,0,0,2721216,0
2699471,7310,-4694,230,-9,-336,327,2450,449,-111,0,472,19372,83,34,79,16,0,0,0,0,0,0,0,-32286,0,0,0,0,0,2721221,0
2699476,6772,-4426,-90,-47,-326,183,2547,420,-113,-11,440,19374,83,34,79,16,0,0,0,0,0,0,0,-32286,0,0,0,0,0,2721236,0
2699481,6398,-4406,-156,-62,-372,110,2634,388,-119,-1,400,19374,83,34,79,16,0,0,0,0,0,0,0,-32286,0,0,0,0,0,2721241,0
2699486,6086,-4624,-280,-47,-430,43,2720,374,-117,7,336,19375,87,34,79,16,0,0,0,0,0,0,0,-32286,0,0,0,0,0,2721256,0
2699491,5782,-4766,-308,17,-527,-20,2803,364,-92,15,304,19375,87,34,79,16,0,0,0,0,0,0,0,-32286,0,0,0,0,0,2721261,0
2699496,5250,-4994,-332,78,-758,-96,2879,329,-75,13,232,19374,78,34,79,16,0,0,0,0,0,0,0,-32286,0,0,0,0,0,2721276,0
2699501,5260,-5096,-356,133,-856,-114,2951,321,-67,1,224,19374,78,34,79,16,0,0,0,0,0,0,0,-32286,0,0,0,0,0,2721280,0
2699506,5066,-5126,-250,168,-952,-137,3017,287,-69,5,168,19374,79,34,79,16,0,0,0,0,0,0,0,-32286,0,0,0,0,0,2721295,0
2699511,5096,-5290,-204,237,-1051,-165,3081,277,-71,-8,168,19374,79,34,79,16,0,0,0,0,0,0,0,-32286,0,0,0,0,0,2721300,0
2699516,5368,-5586,-12,496,-1218,-137,3145,274,-63,1,160,19374,81,34,79,16,0,0,0,0,0,0,0,-32286,0,0,0,0,0,2721315,0
2699521,5518,-5340,134,665,-1317,-132,3209,285,-40,-2,200,19374,81,34,79,16,0,0,0,0,0,0,0,-32286,0,0,0,0,0,2721320,0
2699526,5964,-5096,164,801,-1346,-121,3271,275,-22,4,152,19377,75,34,79,16,0,0,0,0,0,0,0,-32287,0,0,0,0,0,2721335,0
2699531,6198,-4756,204,848,-1344,-92,3331,263,-12,0,144,19377,75,34,79,16,0,0,0,0,0,0,0,-32286,0,0,0,0,0,2721340,0
2699536,6734,-4294,348,828,-1291,11,3389,254,-21,0,144,19376,78,34,79,16,0,0,0,0,0,0,0,-32286,0,0,0,0,0,2721355,0
2699541,6964,-3940,404,872,-1257,32,3441,227,-34,-3,128,19376,78,34,79,16,0,0,0,0,0,0,0,-32286,0,0,0,0,0,2721360,0
2699546,7080,-3940,434,902,-1223,37,3489,205,-52,-2,104,19376,82,34,79,16,0,0,0,0,0,0,0,-32286,0,0,0,0,0,2721375,0
2699551,7412,-3760,440,1009,-1175,69,3541,220,-45,-2,120,19376,82,34,79,16,0,0,0,0,0,0,0,-32286,0,0,0,0,0,2721380,0
2699556,7658,-3178,488,1101,-1083,77,3596,236,-26,0,128,19376,82,34,79,16,0,0,0,0,0,0,0,-32286,0,0,0,0,0,2721395,0
2699561,7858,-2870,432,1136,-1026,53,3654,265,9,0,184,19376,82,34,79,16,0,0,0,0,0,0,0,-32286,0,0,0,0,0,2721400,0
2699566,8014,-2568,326,1139,-963,40,3721,285,45,6,192,19373,75,34,79,16,0,0,0,0,0,0,0,-32286,0,0,0,0,0,2721415,0
2699571,8012,-2480,230,1104,-900,26,3785,290,62,5,192,19373,75,34,79,16,0,0,0,0,0,0,0,-32286,0,0,0,0,0,2721420,0
2699576,7982,-2374,16,1054,-816,37,3853,294,58,-4,208,19374,80,34,79,16,0,0,0,0,0,0,0,-32286,0,0,0,0,0,2721435,0
2699581,7846,-2208,-10,1031,-794,16,3919,297,38,2,192,19374,80,34,79,16,0,0,0,0,0,0,0,-32286,0,0,0,0,0,2721440,0
2699586,7932,-2194,-146,1019,-778,-10,3990,308,23,-7,240,19374,72,34,79,16,0,0,0,0,0,0,0,-32286,0,0,0,0,0,2721455,0
2699591,7930,-2308,-246,1017,-767,-7,4068,343,33,-7,312,19374,72,34,79,16,0,0,0,0,0,0,0,-32286,0,0,0,0,0,2721460,0
2699596,7656,-2526,-304,1024,-811,10,4158,386,62,-8,376,19371,76,34,79,16,0,0,0,0,0,0,0,-32286,0,0,0,0,0,2721475,0
2699601,7442,-2472,-320,1004,-831,27,4246,395,87,1,384,19371,76,34,79,16,0,0,0,0,0,0,0,-32286,0,0,0,0,0,2721480,0
2699606,7380,-2476,-304,997,-871,47,4337,403,89,-3,400,19370,72,34,79,16,0,0,0,0,0,0,0,-32286,0,0,0,0,0,2721495,0
2699611,7310,-2584,-324,974,-887,62,4430,407,58,-5,432,19370,72,34,79,16,0,0,0,0,0,0,0,-32286,0,0,0,0,0,2721500,0
2699616,7310,-2672,-242,1020,-919,54,4527,431,47,-8,480,19371,68,34,79,16,0,0,0,0,0,0,0,-32286,0,0,0,0,0,2721515,0
2699621,7246,-2592,-122,1032,-945,44,4631,454,50,-10,552,19371,68,34,79,16,0,0,0,0,0,0,0,-32286,0,0,0,0,0,2721520,0
2699626,7290,-2560,-94,1015,-931,55,4731,442,44,1,504,19373,66,34,79,16,0,0,0,0,0,0,0,-32286,0,0,0,0,0,2721535,0
2699631,7232,-2504,-60,971,-915,65,4829,434,32,0,488,19373,66,34,79,16,0,0,0,0,0,0,0,-32286,0,0,0,0,0,2721540,0
2699636,7336,-2536,46,946,-851,50,4928,431,9,-5,504,19377,59,34,79,16,0,0,0,0,0,0,0,-32286,0,0,0,0,0,2721555,0
2699641,7374,-2508,50,950,-831,41,5028,441,-9,0,504,19377,59,34,79,16,0,0,0,0,0,0,0,-32286,0,0,0,0,0,2721560,0
2699646,7408,-2592,40,916,-801,69,5124,421,-8,11,440,19376,65,34,79,16,0,0,0,0,0,0,0,-32286,0,0,0,0,0,2721575,0
2699651,7304,-2600,80,879,-768,77,5218,407,-23,9,408,19376,65,34,79,16,0,0,0,0,0,0,0,-32285,0,0,0,0,0,2721580,0
2699656,7326,-2680,166,816,-710,85,5302,374,-41,9,320,19377,69,34,79,16,0,0,0,0,0,0,0,-32286,0,0,0,0,0,2721595,0
2699661,7454,-2798,136,819,-689,83,5385,362,-53,10,312,19377,69,34,79,16,0,0,0,0,0,0,0,-32286,0,0,0,0,0,2721600,0
2699666,7484,-2868,138,853,-646,91,5464,348,-75,2,272,19376,78,34,79,16,0,0,0,0,0,0,0,-32286,0,0,0,0,0,2721615,0
2699671,7418,-2788,240,892,-640,81,5539,328,-62,3,240,19376,78,34,79,16,0,0,0,0,0,0,0,-32286,0,0,0,0,0,2721620,0
2699676,7492,-2718,262,882,-512,97,5606,294,-67,7,176,19375,79,34,79,16,0,0,0,0,0,0,0,-32286,0,0,0,0,0,2721635,0
2699681,7656,-2650,194,864,-453,99,5670,275,-75,-2,160,19375,79,34,79,16,0,0,0,0,0,0,0,-32286,0,0,0,0,0,2721640,0
2699686,7660,-2740,164,852,-382,112,5722,237,-89,-3,120,19374,86,34,79,16,0,0,0,0,0,0,0,-32286,0,0,0,0,0,2721655,0
2699691,7610,-2840,144,818,-324,148,5771,206,-100,-6,96,19374,86,34,79,16,0,0,0,0,0,0,0,-32286,0,0,0,0,0,2721659,0
2699696,7632,-2788,-58,863,-220,140,5814,192,-102,-1,80,19372,82,34,79,16,0,0,0,0,0,0,0,-32286,0,0,0,0,0,2721674,0
2699701,7546,-2590,-56,884,-226,137,5858,192,-79,1,72,19372,82,34,79,16,0,0,0,0,0,0,0,-32286,0,0,0,0,0,2721679,0
2699706,7542,-2770,-326,965,-357,124,5899,180,-62,0,96,19372,80,34,79,16,0,0,0,0,0,0,0,-32286,0,0,0,0,0,2721694,0
2699711,7836,-2728,-504,919,-304,146,5942,186,-31,-2,88,19372,80,34,79,16,0,0,0,0,0,0,0,-32286,0,0,0,0,0,2721699,0
2699716,7456,-2348,-208,836,-214,163,5985,187,-8,4,88,19373,75,34,79,16,0,0,0,0,0,0,0,-32286,0,0,0,0,0,2721714,0
2699721,7360,-2144,-362,780,-216,128,6026,171,-6,2,80,19373,75,34,79,16,0,0,0,0,0,0,0,-32286,0,0,0,0,0,2721719,0
2699726,7646,-2508,-414,874,-235,129,6065,173,-11,-4,80,19373,73,34,79,16,0,0,0,0,0,0,0,-32286,0,0,0,0,0,2721734,0
2699731,7376,-2354,-272,890,-176,103,6104,180,-13,-1,96,19373,73,34,79,16,0,0,0,0,0,0,0,-32286,0,0,0,0,0,2721739,0
2699736,7394,-2346,-388,861,-78,138,6144,166,-14,2,72,19372,78,34,79,16,0,0,0,0,0,0,0,-32286,0,0,0,0,0,2721754,0
2699741,7148,-2368,-294,835,-114,147,6185,175,-1,-4,88,19372,78,34,79,16,0,0,0,0,0,0,0,-32286,0,0,0,0,0,2721759,0
2699746,7330,-2518,-448,837,-51,141,6231,202,16,-3,128,19374,77,34,79,16,0,0,0,0,0,0,0,-32286,0,0,0,0,0,2721774,0
2699751,7272,-2494,-386,928,-72,132,6285,243,35,-5,176,19374,77,34,79,16,0,0,0,0,0,0,0,-32286,0,0,0,0,0,2721779,0
2699756,7436,-2448,-488,1128,-105,78,6347,281,66,-3,232,19375,82,34,79,16,0,0,0,0,0,0,0,-32285,0,0,0,0,0,2721794,0
2699761,7554,-2228,-476,1228,-127,63,6425,340,118,0,312,19375,82,34,79,16,0,0,0,0,0,0,0,-32286,0,0,0,0,0,2721799,0
2699766,7598,-2196,-466,1222,-133,54,6506,363,139,4,328,19375,87,34,79,16,0,0,0,0,0,0,0,-32286,0,0,0,0,0,2721814,0
2699771,7684,-1946,-482,1160,-143,23,6592,383,140,0,368,19375,87,34,79,16,0,0,0,0,0,0,0,-32286,0,0,0,0,0,2721819,0
2699776,7906,-1786,-318,1086,-103,-5,6679,385,106,1,376,19373,79,34,79,16,0,0,0,0,0,0,0,-32286,0,0,0,0,0,2721834,0
2699781,8130,-1748,-300,1079,-101,-71,6774,412,76,-9,448,19373,79,34,79,16,0,0,0,0,0,0,0,-32286,0,0,0,0,0,2721839,0
2699786,8292,-1696,-222,1111,-67,-104,6877,450,69,-11,544,19373,80,34,79,16,0,0,0,0,0,0,0,-32286,0,0,0,0,0,2721854,0
2699791,8192,-1790,-114,1088,-44,-107,6980,452,76,0,528,19373,80,34,79,16,0,0,0,0,0,0,0,-32286,0,0,0,0,0,2721859,0
2699796,8388,-1788,-144,996,39,-161,7083,459,70,0,544,19372,74,34,79,16,0,0,0,0,0,0,0,-32286,0,0,0,0,0,2721874,0
2699801,8292,-1728,-50,941,72,-192,7190,469,51,-1,600,19372,74,34,79,16,0,0,0,0,0,0,0,-32286,0,0,0,0,0,2721879,0
2699806,8294,-1988,-106,948,93,-212,7301,491,35,-3,648,19373,70,34,79,16,0,0,0,0,0,0,0,-32286,0,0,0,0,0,2721894,0
2699811,8254,-2188,-90,965,108,-238,7413,494,38,11,600,19373,70,34,79,16,0,0,0,0,0,0,0,-32286,0,0,0,0,0,2721899,0
2699816,8122,-2316,-116,975,113,-253,7527,495,37,11,608,19373,71,34,79,16,0,0,0,0,0,0,0,-32286,0,0,0,0,0,2721914,0
2699821,8134,-2264,-140,953,124,-280,7639,497,27,0,632,19373,71,34,79,16,0,0,0,0,0,0,0,-32286,0,0,0,0,0,2721919,0
2699826,8126,-2290,-154,981,113,-292,7754,510,19,-6,680,19374,70,34,79,16,0,0,0,0,0,0,0,-32286,0,0,0,0,0,2721934,0
2699831,8108,-2452,-148,1022,106,-312,7868,507,9,1,632,19374,70,34,79,16,0,0,0,0,0,0,0,-32286,0,0,0,0,0,2721939,0
2699836,8092,-2382,-164,1051,78,-318,7982,493,5,7,584,19373,73,34,79,16,0,0,0,0,0,0,0,-32286,0,0,0,0,0,2721954,0
2699841,8154,-2316,-180,1044,98,-326,8095,494,0,0,584,19373,73,34,79,16,0,0,0,0,0,0,0,-32286,0,0,0,0,0,2721959,0
2699846,8182,-2114,-210,1043,85,-348,8204,481,-8,1,552,19376,75,34,79,16,0,0,0,0,0,0,0,-32285,0,0,0,0,0,2721974,0
2699851,8128,-2182,-228,1067,98,-341,8312,479,-19,0,552,19376,75,34,79,16,0,0,0,0,0,0,0,-32286,0,0,0,0,0,2721979,0
2699856,8134,-1882,-300,1022,60,-345,8417,464,-32,-1,528,19375,72,34,79,16,0,0,0,0,0,0,0,-32286,0,0,0,0,0,2721994,0
2699861,8228,-1860,-354,988,82,-329,8517,438,-34,-3,472,19375,72,34,79,16,0,0,0,0,0,0,0,-32285,0,0,0,0,0,2721999,0
2699866,8192,-1712,-364,960,78,-325,8612,423,-51,-6,432,19374,70,34,79,16,0,0,0,0,0,0,0,-32286,0,0,0,0,0,2722014,0
2699871,8236,-1692,-384,945,78,-343,8707,418,-56,0,424,19374,70,34,79,16,0,0,0,0,0,0,0,-32286,0,0,0,0,0,2722019,0
2699876,8424,-1604,-444,950,90,-335,8799,395,-53,3,408,19372,77,34,79,16,0,0,0,0,0,0,0,-32285,0,0,0,0,0,2722034,0
2699881,8398,-1408,-402,902,65,-330,8886,388,-46,7,344,19372,77,34,79,16,0,0,0,0,0,0,0,-32286,0,0,0,0,0,2722039,0
2699886,8586,-1454,-394,853,81,-315,8968,356,-47,10,288,19371,84,34,79,16,0,0,0,0,0,0,0,-32286,0,0,0,0,0,2722054,0
2699891,8578,-1434,-364,818,93,-318,9050,357,-54,8,288,19371,84,34,79,16,0,0,0,0,0,0,0,-32286,0,0,0,0,0,2722059,0
2699896,8772,-1606,-272,892,85,-330,9132,364,-51,-4,304,19370,81,34,79,16,0,0,0,0,0,0,0,-32286,0,0,0,0,0,2722074,0
2699901,8854,-1794,-260,955,73,-348,9215,366,-23,-3,312,19370,81,34,79,16,0,0,0,0,0,0,0,-32286,0,0,0,0,0,2722078,0
2699906,8920,-2022,-306,958,88,-346,9296,350,-6,6,288,19370,84,34,79,16,0,0,0,0,0,0,0,-32286,0,0,0,0,0,2722093,0
2699911,9002,-2200,-390,947,86,-359,9360,352,-2,0,280,19370,84,34,79,16,0,0,0,0,0,0,0,-32286,0,0,0,0,0,2722098,0
2699916,9132,-2886,-514,949,118,-378,9434,326,-19,3,248,19372,81,34,79,16,0,0,0,0,0,0,0,-32285,0,0,0,0,0,2722113,0
2699921,9320,-3286,-612,1069,124,-406,9510,336,-28,-5,264,19372,81,34,79,16,0,0,0,0,0,0,0,-32286,0,0,0,0,0,2722118,0
2699926,9190,-3588,-576,1207,95,-441,9587,348,-22,-5,296,19377,85,34,79,16,0,0,0,0,0,0,0,-32286,0,0,0,0,0,2722133,0
2699931,9170,-3728,-632,1358,39,-474,9666,342,1,4,256,19377,85,34,79,16,0,0,0,0,0,0,0,-32286,0,0,0,0,0,2722138,0
2699936,9094,-3524,-650,1428,-67,-485,9737,310,-6,10,200,19379,87,34,79,16,0,0,0,0,0,0,0,-32286,0,0,0,0,0,2722153,0
2699941,9174,-3414,-656,1372,-97,-470,9800,276,-35,10,136,19379,87,34,79,16,0,0,0,0,0,0,0,-32286,0,0,0,0,0,2722158,0
2699946,9046,-3126,-546,1272,-134,-455,9853,235,-83,0,96,19379,82,34,79,16,0,0,0,0,0,0,0,-32286,0,0,0,0,0,2722173,0
2699951,9024,-2988,-476,1179,-196,-453,9897,192,-122,-6,88,19379,82,34,79,16,0,0,0,0,0,0,0,-32286,0,0,0,0,0,2722178,0
2699956,8960,-2550,-226,1062,-305,-436,9935,160,-131,-4,64,19379,80,34,79,16,0,0,0,0,0,0,0,-32286,0,0,0,0,0,2722193,0
2699961,8896,-2346,-180,938,-389,-405,9969,145,-117,-2,48,19379,80,34,79,16,0,0,0,0,0,0,0,-32286,0,0,0,0,0,2722198,0
2699966,8776,-2114,-114,776,-432,-375,9991,90,-116,3,24,19375,75,34,79,16,0,0,0,0,0,0,0,-32286,0,0,0,0,0,2722213,0
2699971,8790,-1754,14,653,-500,-396,10003,50,-118,1,24,19375,75,34,79,16,0,0,0,0,0,0,0,-32286,0,0,0,0,0,2722218,0
2699976,8982,-1424,302,505,-525,-414,10016,55,-108,0,16,19375,79,34,79,16,0,0,0,0,0,0,0,-32286,0,0,0,0,0,2722233,0
2699981,8926,-1438,526,439,-548,-427,10023,23,-99,1,0,19375,79,34,79,16,0,0,0,0,0,0,0,-32286,0,0,0,0,0,2722238,0
2699986,9118,-1520,606,393,-543,-440,10025,1,-77,1,-8,19372,80,34,79,16,0,0,0,0,0,0,0,-32286,0,0,0,0,0,2722253,0
2699991,9372,-1562,618,324,-525,-455,10025,0,-62,0,0,19372,80,34,79,16,0,0,0,0,0,0,0,-32286,0,0,0,0,0,2722258,0
2699996,9440,-1804,738,-53,-413,-466,10025,-2,-49,0,-8,19372,82,34,79,16,0,0,0,0,0,0,0,-32286,0,0,0,0,0,2722273,0
2700001,9566,-2328,622,-173,-387,-467,10026,1,-27,0,-8,19372,82,34,79,16,0,0,0,0,0,0,0,-32286,0,0,0,0,0,2722278,0
2700006,9740,-2668,980,-111,-345,-550,10026,-1,-11,0,-8,19372,80,34,79,16,0,0,0,0,0,0,0,-32286,0,0,0,0,0,2722293,0
2700011,9648,-3354,1104,109,-371,-614,10026,2,3,0,0,19372,80,34,79,16,0,0,0,0,0,0,0,-32286,0,0,0,0,0,2722298,0
2700016,9508,-3912,1104,263,-453,-623,10026,-1,-7,-1,0,19371,79,34,79,16,0,0,0,0,0,0,0,-32286,0,0,0,0,0,2722313,0
2700021,9326,-3832,1028,-39,-337,-577,10025,0,-4,-2,-8,19371,79,34,79,16,0,0,0,0,0,0,0,-32286,0,0,0,0,0,2722318,0
2700026,8840,-3970,1004,-354,-247,-535,10026,6,1,-2,0,19372,72,34,79,16,0,0,0,0,0,0,0,-32286,0,0,0,0,0,2722333,0
2700031,8668,-4366,1092,-614,-113,-495,10026,4,-1,0,0,19372,72,34,79,16,0,0,0,0,0,0,0,-32285,0,0,0,0,0,2722338,0
2700036,7830,-5886,866,-706,-181,-452,10025,-4,-4,0,-8,19373,73,34,79,16,0,0,0,0,0,0,0,-32286,0,0,0,0,0,2722353,0
2700041,7118,-6150,1120,-683,-121,-444,10024,-1,-1,0,-8,19373,73,34,79,16,0,0,0,0,0,0,0,-32286,0,0,0,0,0,2722358,0
2700046,6508,-6682,1300,-581,-108,-427,10024,-3,-2,0,-8,19374,73,34,79,16,0,0,0,0,0,0,0,-32286,0,0,0,0,0,2722373,0
2700051,6292,-7150,1600,-400,-53,-375,10023,-6,-3,-1,-16,19374,73,34,79,16,0,0,0,0,0,0,0,-32286,0,0,0,0,0,2722378,0
2700056,7236,-7100,2728,2049,-398,-1184,10015,-43,-12,6,-40,19375,82,34,79,16,0,0,0,0,0,0,0,-32286,0,0,0,0,0,2722393,0
2700061,6584,-8460,2280,2737,-627,-959,9993,-108,-54,7,-64,19375,82,34,79,16,0,0,0,0,0,0,0,-32286,0,0,0,0,0,2722398,0
2700066,5148,-5556,3176,2166,-623,-948,9955,-180,-111,14,-160,19373,85,34,79,16,0,0,0,0,0,0,0,-32286,0,0,0,0,0,2722413,0
2700071,5492,-5788,1434,1656,-650,-901,9888,-308,-194,15,-344,19373,85,34,79,16,0,0,0,0,0,0,0,-32286,0,0,0,0,0,2722418,0
2700076,4292,-6200,952,1161,-542,-652,9789,-452,-295,36,-696,19373,83,34,79,16,0,0,0,0,0,0,0,-32286,0,0,0,0,0,2722433,0
2700081,4158,-6910,634,1154,-592,-542,9645,-652,-410,46,-1272,19373,83,34,79,16,0,0,0,0,0,0,0,-32286,0,0,0,0,0,2722438,0
2700086,4370,-6700,732,1118,-508,-375,9449,-883,-528,14,-1784,19373,80,34,79,16,0,0,0,0,0,0,0,-32286,0,0,0,0,0,2722453,0
2700091,4168,-6470,1026,904,-365,-150,9203,-1110,-647,13,-2312,19373,80,34,79,16,0,0,0,0,0,0,0,-32286,0,0,0,0,0,2722458,0
2700096,4448,-6310,1184,393,-173,283,8901,-1356,-743,11,-2816,19371,78,34,79,16,0,0,0,0,0,0,0,-32286,0,0,0,0,0,2722473,0
2700101,4486,-6154,1344,244,-10,520,8542,-1597,-797,-3,-3328,19371,78,34,79,16,0,0,0,0,0,0,0,-32285,0,0,0,0,0,2722478,0
2700106,4782,-5922,1498,175,74,712,8132,-1830,-828,-6,-3776,19370,78,34,79,16,0,0,0,0,0,0,0,-32286,0,0,0,0,0,2722493,0
2700111,5102,-5592,1534,32,220,908,7678,-2022,-819,-15,-4176,19370,78,34,79,16,0,0,0,0,0,0,0,-32286,0,0,0,0,0,2722498,0
2700116,6134,-4536,1514,-219,416,1202,7184,-2181,-767,-14,-4456,19368,78,34,79,16,0,0,0,0,0,0,0,-32286,0,0,0,0,0,2722513,0
2700121,6530,-4714,1802,-734,866,1525,6666,-2286,-670,-24,-4616,19368,78,34,79,16,0,0,0,0,0,0,0,-32286,0,0,0,0,0,2722518,0
2700126,5028,-4472,1818,-918,608,1590,6139,-2323,-539,-22,-4672,19367,84,34,79,16,0,0,0,0,0,0,0,-32286,0,0,0,0,0,2722533,0
2700131,6530,-5212,666,-512,266,1606,5610,-2331,-361,-8,-4672,19367,84,34,79,16,0,0,0,0,0,0,0,-32286,0,0,0,0,0,2722538,0
2700136,7556,-2612,194,95,-356,1476,5083,-2326,-201,-8,-4632,19367,92,34,79,16,0,0,0,0,0,0,0,-32286,0,0,0,0,0,2722553,0
2700141,8736,-934,18,-100,-474,1368,4557,-2313,-74,-15,-4560,19367,92,34,79,16,0,0,0,0,0,0,0,-32285,0,0,0,0,0,2722558,0
2700146,9530,44,-72,-374,-516,1210,4036,-2280,-4,-19,-4448,19366,96,34,79,16,0,0,0,0,0,0,0,-32286,0,0,0,0,0,2722573,0
2700151,10072,384,-58,-531,-671,1037,3524,-2245,41,-12,-4360,19366,96,34,79,16,0,0,0,0,0,0,0,-32286,0,0,0,0,0,2722577,0
2700156,11152,366,282,-605,-935,635,3028,-2179,92,-3,-4232,19365,96,34,79,16,0,0,0,0,0,0,0,-32286,0,0,0,0,0,2722592,0
2700161,11332,406,458,-659,-1005,462,2548,-2105,153,7,-4088,19365,96,34,79,16,0,0,0,0,0,0,0,-32286,0,0,0,0,0,2722597,0
2700166,11482,306,852,-787,-1007,285,2086,-2028,205,10,-3968,19365,85,34,79,16,0,0,0,0,0,0,0,-32286,0,0,0,0,0,2722612,0
2700171,11546,-56,1384,-910,-906,155,1636,-1975,231,12,-3864,19365,85,34,79,16,0,0,0,0,0,0,0,-32286,0,0,0,0,0,2722617,0
2700176,11188,-1034,3182,-1013,-248,9,1199,-1924,235,-4,-3744,19367,89,34,79,16,0,0,0,0,0,0,0,-32286,0,0,0,0,0,2722632,0
2700181,10980,-1770,3262,-1003,50,-2,773,-1870,209,-12,-3584,19367,89,34,79,16,0,0,0,0,0,0,0,-32285,0,0,0,0,0,2722637,0
2700186,10256,-1924,3100,-949,364,-9,359,-1811,194,-16,-3432,19367,88,34,79,16,0,0,0,0,0,0,0,-32286,0,0,0,0,0,2722652,0
2700191,10180,-2564,2926,-931,655,2,-41,-1751,187,-16,-3264,19367,88,34,79,16,0,0,0,0,0,0,0,-32285,0,0,0,0,0,2722657,0
2700196,8816,-2886,2598,-970,1192,74,-420,-1661,202,-15,-3056,19366,91,34,79,16,0,0,0,0,0,0,0,-32286,0,0,0,0,0,2722672,0
2700201,7920,-2776,2076,-1120,1306,147,-779,-1562,236,-11,-2824,19366,91,34,79,16,0,0,0,0,0,0,0,-32285,0,0,0,0,0,2722677,0
2700206,7728,-2694,1434,-1166,1447,158,-1109,-1435,289,-7,-2544,19366,91,34,79,16,0,0,0,0,0,0,0,-32286,0,0,0,0,0,2722692,0
2700211,7250,-2972,1090,-1060,1514,169,-1412,-1317,338,-1,-2280,19366,91,34,79,16,0,0,0,0,0,0,0,-32286,0,0,0,0,0,2722697,0
2700216,6668,-3030,222,-736,1279,124,-1684,-1181,393,-2,-2008,19369,90,34,79,16,0,0,0,0,0,0,0,-32286,0,0,0,0,0,2722712,0
2700221,6440,-2440,-204,-611,1115,45,-1930,-1070,419,1,-1760,19369,90,34,79,16,0,0,0,0,0,0,0,-32286,0,0,0,0,0,2722717,0
2700226,6524,-2410,-602,-575,991,51,-2149,-956,428,3,-1544,19371,84,34,79,16,0,0,0,0,0,0,0,-32286,0,0,0,0,0,2722732,0
2700231,6204,-2138,-744,-682,829,58,-2350,-867,403,-1,-1352,19371,84,34,79,16,0,0,0,0,0,0,0,-32286,0,0,0,0,0,2722738,0
2700236,6358,-2180,-644,-885,631,93,-2529,-785,373,1,-1192,19371,83,34,79,16,0,0,0,0,0,0,0,-32286,0,0,0,0,0,2722755,0
2700241,6380,-2404,-436,-869,494,119,-2692,-710,331,2,-1024,19371,83,34,79,16,0,0,0,0,0,0,0,-32286,0,0,0,0,0,2722760,0
2700246,6486,-2470,-238,-845,386,145,-2841,-651,292,3,-896,19370,77,34,79,16,0,0,0,0,0,0,0,-32286,0,0,0,0,0,2722775,0
2700251,6694,-2496,36,-837,339,189,-2975,-583,262,-1,-760,19370,77,34,79,16,0,0,0,0,0,0,0,-32286,0,0,0,0,0,2722780,0
2700256,7200,-2104,758,-912,425,260,-3098,-524,230,2,-600,19370,76,34,79,16,0,0,0,0,0,0,0,-32285,0,0,0,0,0,2722795,0
2700261,7242,-1926,926,-999,464,280,-3212,-494,205,8,-528,19370,76,34,79,16,0,0,0,0,0,0,0,-32285,0,0,0,0,0,2722800,0
2700266,7438,-1810,968,-1122,565,308,-3313,-445,187,8,-424,19371,80,34,79,16,0,0,0,0,0,0,0,-32285,0,0,0,0,0,2722815,0
2700271,7450,-1768,1030,-1159,618,318,-3400,-379,180,-1,-312,19371,80,34,79,16,0,0,0,0,0,0,0,-32286,0,0,0,0,0,2722820,0
2700276,7794,-1634,1262,-1066,720,287,-3481,-351,169,-1,-272,19373,81,34,79,16,0,0,0,0,0,0,0,-32286,0,0,0,0,0,2722835,0
2700281,7766,-1594,1146,-1119,780,309,-3558,-334,154,-2,-256,19373,81,34,79,16,0,0,0,0,0,0,0,-32286,0,0,0,0,0,2722840,0
2700286,7692,-1452,1108,-1183,831,304,-3632,-322,118,0,-224,19372,79,34,79,16,0,0,0,0,0,0,0,-32287,0,0,0,0,0,2722855,0
2700291,7726,-1462,1010,-1218,872,294,-3697,-272,95,-8,-144,19372,79,34,79,16,0,0,0,0,0,0,0,-32287,0,0,0,0,0,2722860,0
2700296,7320,-1514,916,-1244,959,285,-3749,-219,91,5,-88,19373,79,34,79,16,0,0,0,0,0,0,0,-32286,0,0,0,0,0,2722875,0
2700301,7140,-1456,888,-1217,982,245,-3791,-181,121,6,-56,19373,79,34,79,16,0,0,0,0,0,0,0,-32286,0,0,0,0,0,2722880,0
2700306,7018,-1600,746,-1185,980,258,-3820,-128,158,7,-56,19374,75,34,79,16,0,0,0,0,0,0,0,-32286,0,0,0,0,0,2722895,0
2700311,6726,-1548,664,-1194,957,239,-3846,-120,165,4,-40,19374,75,34,79,16,0,0,0,0,0,0,0,-32286,0,0,0,0,0,2722900,0
2700316,6548,-1504,402,-1115,922,197,-3863,-70,146,-6,-32,19373,73,34,79,16,0,0,0,0,0,0,0,-32285,0,0,0,0,0,2722915,0
2700321,6204,-1418,426,-1130,879,179,-3875,-48,120,-1,-24,19373,73,34,79,16,0,0,0,0,0,0,0,-32286,0,0,0,0,0,2722920,0
2700326,6140,-1418,370,-1177,870,166,-3890,-64,84,1,-32,19371,83,34,79,16,0,0,0,0,0,0,0,-32285,0,0,0,0,0,2722935,0
2700331,6010,-1414,290,-1190,857,160,-3904,-62,48,-3,-16,19371,83,34,79,16,0,0,0,0,0,0,0,-32286,0,0,0,0,0,2722940,0
2700336,5850,-1458,220,-1122,816,114,-3910,-17,39,-10,0,19372,84,34,79,16,0,0,0,0,0,0,0,-32286,0,0,0,0,0,2722955,0
2700341,5736,-1506,192,-1120,829,144,-3906,14,46,-4,0,19372,84,34,79,16,0,0,0,0,0,0,0,-32286,0,0,0,0,0,2722960,0
2700346,5594,-1474,252,-1136,815,139,-3906,9,62,1,-8,19373,85,34,79,16,0,0,0,0,0,0,0,-32286,0,0,0,0,0,2722975,0
2700351,5600,-1430,236,-1133,806,122,-3907,-2,68,1,-8,19373,85,34,79,16,0,0,0,0,0,0,0,-32286,0,0,0,0,0,2722980,0
2700356,5632,-1394,222,-1092,816,105,-3907,0,32,0,0,19374,87,34,79,16,0,0,0,0,0,0,0,-32285,0,0,0,0,0,2722995,0
2700361,5656,-1374,258,-1104,822,85,-3906,1,-1,0,-8,19374,87,34,79,16,0,0,0,0,0,0,0,-32286,0,0,0,0,0,2723000,0
2700366,5790,-1358,248,-1105,849,85,-3906,0,-5,-1,-8,19375,83,34,79,16,0,0,0,0,0,0,0,-32286,0,0,0,0,0,2723015,0
2700371,5768,-1308,280,-1109,854,65,-3907,-2,1,-1,-8,19375,83,34,79,16,0,0,0,0,0,0,0,-32286,0,0,0,0,0,2723019,0
2700376,6032,-1426,298,-1067,845,39,-3907,0,-1,0,0,19374,81,34,79,16,0,0,0,0,0,0,0,-32286,0,0,0,0,0,2723034,0
2700381,6086,-1382,304,-1039,825,14,-3906,1,-1,-1,0,19374,81,34,79,16,0,0,0,0,0,0,0,-32285,0,0,0,0,0,2723039,0
2700386,6212,-1394,360,-1016,809,-7,-3906,0,1,-1,0,19374,75,34,79,16,0,0,0,0,0,0,0,-32286,0,0,0,0,0,2723054,0
2700391,6292,-1346,198,-1061,791,6,-3905,2,0,-2,0,19374,75,34,79,16,0,0,0,0,0,0,0,-32286,0,0,0,0,0,2723059,0
2700396,6292,-1256,106,-1392,817,63,-3905,9,4,-1,0,19372,80,34,79,16,0,0,0,0,0,0,0,-32286,0,0,0,0,0,2723074,0
2700401,6432,-1306,234,-1421,805,49,-3903,11,3,0,0,19372,80,34,79,16,0,0,0,0,0,0,0,-32286,0,0,0,0,0,2723079,0
2700406,6480,-1606,216,-1384,689,24,-3903,9,8,1,0,19372,82,34,79,16,0,0,0,0,0,0,0,-32285,0,0,0,0,0,2723094,0
2700411,6712,-1668,286,-1280,578,-5,-3902,0,3,1,0,19372,82,34,79,16,0,0,0,0,0,0,0,-32285,0,0,0,0,0,2723099,0
2700416,6924,-1444,-10,-1382,335,-2,-3902,0,-1,0,0,19371,75,34,79,16,0,0,0,0,0,0,0,-32286,0,0,0,0,0,2723114,0
2700421,7054,-1424,166,-1482,313,-1,-3902,1,-1,-1,0,19371,75,34,79,16,0,0,0,0,0,0,0,-32286,0,0,0,0,0,2723119,0
2700426,7348,-1762,564,-1499,318,-6,-3901,6,-5,-2,0,19372,69,34,79,16,0,0,0,0,0,0,0,-32286,0,0,0,0,0,2723134,0
2700431,7398,-2004,1028,-1404,312,-34,-3899,5,0,-1,0,19372,69,34,79,16,0,0,0,0,0,0,0,-32286,0,0,0,0,0,2723139,0
2700436,7652,-2452,1188,-1154,253,-63,-3899,12,6,0,0,19374,70,34,79,16,0,0,0,0,0,0,0,-32286,0,0,0,0,0,2723154,0
2700441,7758,-2474,1264,-1099,262,-74,-3899,-1,3,0,0,19374,70,34,79,16,0,0,0,0,0,0,0,-32286,0,0,0,0,0,2723159,0
2700446,7870,-2420,1386,-1111,362,-69,-3897,1,-3,-1,0,19377,70,34,79,16,0,0,0,0,0,0,0,-32286,0,0,0,0,0,2723174,0
2700451,7924,-2390,1514,-1186,489,-34,-3896,5,0,-1,0,19377,70,34,79,16,0,0,0,0,0,0,0,-32286,0,0,0,0,0,2723179,0
2700456,7956,-2944,1598,-1326,704,29,-3892,12,6,-1,8,19376,69,34,79,16,0,0,0,0,0,0,0,-32286,0,0,0,0,0,2723194,0
2700461,7912,-3156,1630,-1320,815,47,-3889,11,3,-1,8,19376,69,34,79,16,0,0,0,0,0,0,0,-32286,0,0,0,0,0,2723199,0
2700466,8026,-3132,1618,-1243,889,54,-3887,7,16,-1,8,19375,75,34,79,16,0,0,0,0,0,0,0,-32286,0,0,0,0,0,2723214,0
2700471,8136,-3100,1542,-1121,917,34,-3882,10,11,-1,8,19375,75,34,79,16,0,0,0,0,0,0,0,-32286,0,0,0,0,0,2723219,0
2700476,8320,-2896,1118,-1004,851,-4,-3880,10,4,-1,8,19376,77,34,79,16,0,0,0,0,0,0,0,-32285,0,0,0,0,0,2723234,0
2700481,8520,-2632,930,-972,784,-19,-3875,14,5,-2,8,19376,77,34,79,16,0,0,0,0,0,0,0,-32286,0,0,0,0,0,2723239,0
2700486,8680,-2504,766,-970,700,-63,-3870,25,0,-2,8,19375,89,34,79,16,0,0,0,0,0,0,0,-32285,0,0,0,0,0,2723254,0
2700491,8832,-2382,668,-959,587,-109,-3859,51,22,-5,32,19375,89,34,79,16,0,0,0,0,0,0,0,-32285,0,0,0,0,0,2723259,0
2700496,9146,-2208,640,-847,359,-238,-3837,104,51,-11,56,19374,88,34,79,16,0,0,0,0,0,0,0,-32285,0,0,0,0,0,2723274,0
2700501,9268,-2308,676,-802,249,-256,-3805,135,93,-5,64,19374,88,34,79,16,0,0,0,0,0,0,0,-32286,0,0,0,0,0,2723279,0
2700506,9222,-1956,868,-816,140,-339,-3766,179,121,-5,120,19370,83,34,79,16,0,0,0,0,0,0,0,-32286,0,0,0,0,0,2723294,0
2700511,9682,-2078,946,-742,79,-388,-3712,237,147,-2,168,19370,83,34,79,16,0,0,0,0,0,0,0,-32286,0,0,0,0,0,2723299,0
2700516,9636,-1904,1386,-636,-1,-478,-3650,276,158,1,208,19372,78,34,79,16,0,0,0,0,0,0,0,-32286,0,0,0,0,0,2723314,0
2700521,9702,-1870,1628,-588,17,-502,-3578,313,156,9,256,19372,78,34,79,16,0,0,0,0,0,0,0,-32286,0,0,0,0,0,2723319,0
2700526,9600,-1910,1896,-591,93,-492,-3505,323,143,12,232,19374,76,34,79,16,0,0,0,0,0,0,0,-32286,0,0,0,0,0,2723334,0
2700531,9506,-1704,2210,-620,221,-505,-3431,321,104,7,232,19374,76,34,79,16,0,0,0,0,0,0,0,-32286,0,0,0,0,0,2723339,0
2700536,9538,-1392,2526,-620,485,-528,-3360,313,53,0,224,19374,80,34,79,16,0,0,0,0,0,0,0,-32285,0,0,0,0,0,2723354,0
2700541,9536,-1102,2500,-621,613,-533,-3286,324,19,-6,256,19374,80,34,79,16,0,0,0,0,0,0,0,-32286,0,0,0,0,0,2723359,0
2700546,9514,-970,2344,-643,728,-535,-3209,346,10,-5,272,19372,82,34,79,16,0,0,0,0,0,0,0,-32286,0,0,0,0,0,2723374,0
2700551,9376,-946,2254,-704,809,-526,-3129,357,22,-7,320,19372,82,34,79,16,0,0,0,0,0,0,0,-32286,0,0,0,0,0,2723379,0
2700556,9600,-1424,1986,-914,877,-453,-3047,357,33,1,312,19371,78,34,79,16,0,0,0,0,0,0,0,-32286,0,0,0,0,0,2723394,0
2700561,10118,-1664,2000,-1011,865,-442,-2966,358,33,-2,320,19371,78,34,79,16,0,0,0,0,0,0,0,-32286,0,0,0,0,0,2723399,0
2700566,10678,-2080,2088,-1095,899,-398,-2880,379,30,-6,360,19371,71,34,79,16,0,0,0,0,0,0,0,-32286,0,0,0,0,0,2723414,0
2700571,11170,-2392,2076,-1208,905,-366,-2791,401,32,-5,424,19371,71,34,79,16,0,0,0,0,0,0,0,-32286,0,0,0,0,0,2723419,0
2700576,12142,-3346,1960,-1417,955,-298,-2690,439,48,-16,520,19374,79,34,79,16,0,0,0,0,0,0,0,-32286,0,0,0,0,0,2723434,0
2700581,12700,-4254,1864,-1472,989,-251,-2582,481,85,-9,632,19374,79,34,79,16,0,0,0,0,0,0,0,-32286,0,0,0,0,0,2723439,0
2700586,12856,-4866,1972,-1456,999,-253,-2462,533,123,-2,800,19375,81,34,79,16,0,0,0,0,0,0,0,-32286,0,0,0,0,0,2723454,0
2700591,13060,-5794,1954,-1329,992,-247,-2330,587,143,-2,952,19375,81,34,79,16,0,0,0,0,0,0,0,-32286,0,0,0,0,0,2723459,0
2700596,12596,-6018,1822,-846,955,-381,-2183,653,174,1,1080,19373,80,34,79,16,0,0,0,0,0,0,0,-32286,0,0,0,0,0,2723474,0
2700601,11882,-5804,1730,-754,1041,-436,-2024,700,190,2,1176,19373,80,34,79,16,0,0,0,0,0,0,0,-32286,0,0,0,0,0,2723478,0
2700606,11100,-5672,1654,-733,1150,-489,-1859,731,189,6,1216,19372,77,34,79,16,0,0,0,0,0,0,0,-32286,0,0,0,0,0,2723493,0
2700611,10284,-5796,1532,-717,1249,-544,-1685,768,170,3,1288,19372,77,34,79,16,0,0,0,0,0,0,0,-32286,0,0,0,0,0,2723498,0
2700616,8496,-6790,1404,-520,1227,-618,-1508,773,135,6,1280,19372,69,34,79,16,0,0,0,0,0,0,0,-32286,0,0,0,0,0,2723513,0
2700621,7884,-7358,1198,-367,1072,-653,-1325,806,107,1,1360,19372,69,34,79,16,0,0,0,0,0,0,0,-32286,0,0,0,0,0,2723517,0
2700626,7340,-7850,974,-220,921,-634,-1140,815,81,6,1352,19371,73,34,79,16,0,0,0,0,0,0,0,-32285,0,0,0,0,0,2723532,0
2700631,6580,-8028,938,-136,736,-615,-956,813,57,5,1352,19371,73,34,79,16,0,0,0,0,0,0,0,-32285,0,0,0,0,0,2723537,0
2700636,5630,-8354,806,125,439,-513,-770,824,33,1,1344,19373,77,34,79,16,0,0,0,0,0,0,0,-32286,0,0,0,0,0,2723552,0
2700641,4830,-8312,974,348,289,-470,-585,815,26,5,1336,19373,77,34,79,16,0,0,0,0,0,0,0,-32286,0,0,0,0,0,2723557,0
2700646,4464,-8240,598,613,50,-412,-402,813,3,-2,1320,19373,77,34,79,16,0,0,0,0,0,0,0,-32286,0,0,0,0,0,2723572,0
2700651,4172,-7836,412,838,-116,-344,-223,783,-10,8,1232,19373,77,34,79,16,0,0,0,0,0,0,0,-32286,0,0,0,0,0,2723577,0
2700656,3874,-6340,104,1010,-335,-273,-49,763,-37,3,1208,19373,83,34,79,16,0,0,0,0,0,0,0,-32286,0,0,0,0,0,2723592,0
2700661,3698,-5676,80,1011,-395,-240,120,748,-55,-2,1144,19373,83,34,79,16,0,0,0,0,0,0,0,-32286,0,0,0,0,0,2723597,0
2700666,3602,-5196,44,1015,-433,-226,283,716,-64,5,1072,19373,83,34,79,16,0,0,0,0,0,0,0,-32286,0,0,0,0,0,2723612,0
2700671,3504,-4914,-14,1032,-465,-205,439,683,-87,4,1008,19373,83,34,79,16,0,0,0,0,0,0,0,-32286,0,0,0,0,0,2723617,0
2700676,3304,-4406,-206,1103,-591,-154,591,675,-85,-4,1000,19369,83,34,79,16,0,0,0,0,0,0,0,-32286,0,0,0,0,0,2723633,0
2700681,3314,-3878,-242,1097,-615,-145,736,635,-85,2,904,19369,83,34,79,16,0,0,0,0,0,0,0,-32286,0,0,0,0,0,2723638,0
2700686,3490,-3412,-288,1044,-563,-104,874,613,-92,-5,864,19370,79,34,79,16,0,0,0,0,0,0,0,-32285,0,0,0,0,0,2723652,0
2700691,3368,-3002,-144,911,-519,-81,1012,601,-83,-8,864,19370,79,34,79,16,0,0,0,0,0,0,0,-32286,0,0,0,0,0,2723656,0
2700696,3432,-2910,-48,722,-388,17,1145,581,-76,-4,824,19368,83,34,79,16,0,0,0,0,0,0,0,-32286,0,0,0,0,0,2723671,0
2700701,3350,-3056,-102,687,-381,40,1275,576,-62,-4,808,19368,83,34,79,16,0,0,0,0,0,0,0,-32286,0,0,0,0,0,2723676,0
2700706,3522,-3096,-218,723,-412,73,1408,586,-43,-13,872,19368,83,34,79,16,0,0,0,0,0,0,0,-32286,0,0,0,0,0,2723691,0
2700711,3638,-3264,-268,766,-479,110,1543,591,-22,-4,872,19368,83,34,79,16,0,0,0,0,0,0,0,-32286,0,0,0,0,0,2723696,0
2700716,4186,-3506,-284,713,-649,213,1679,598,8,2,880,19365,90,34,79,16,0,0,0,0,0,0,0,-32286,0,0,0,0,0,2723711,0
2700721,4586,-3530,-168,709,-751,248,1818,611,25,-5,936,19365,90,34,79,16,0,0,0,0,0,0,0,-32286,0,0,0,0,0,2723716,0
2700726,5056,-3934,-42,731,-869,288,1962,623,37,0,936,19367,80,34,79,16,0,0,0,0,0,0,0,-32286,0,0,0,0,0,2723731,0
2700731,5462,-4076,164,746,-970,337,2102,612,25,8,904,19367,80,34,79,16,0,0,0,0,0,0,0,-32286,0,0,0,0,0,2723736,0
2700736,6596,-4252,522,762,-1065,438,2241,611,24,1,912,19369,71,34,79,16,0,0,0,0,0,0,0,-32286,0,0,0,0,0,2723751,0
2700741,7072,-4454,638,741,-1067,486,2378,598,0,5,856,19369,71,34,79,16,0,0,0,0,0,0,0,-32286,0,0,0,0,0,2723756,0
2700746,7362,-4478,654,638,-1059,540,2510,570,-30,11,784,19371,65,34,79,16,0,0,0,0,0,0,0,-32285,0,0,0,0,0,2723772,0
2700751,7762,-4538,540,541,-1028,610,2634,545,-49,-2,712,19371,65,34,79,16,0,0,0,0,0,0,0,-32286,0,0,0,0,0,2723777,0
2700756,8042,-4464,352,492,-1006,636,2752,527,-65,-3,672,19369,67,34,79,16,0,0,0,0,0,0,0,-32286,0,0,0,0,0,2723791,0
2700761,8128,-4448,138,527,-979,628,2865,490,-85,3,568,19369,67,34,79,16,0,0,0,0,0,0,0,-32286,0,0,0,0,0,2723796,0
2700766,8172,-4010,82,568,-968,576,2969,458,-96,-2,488,19370,74,34,79,16,0,0,0,0,0,0,0,-32286,0,0,0,0,0,2723811,0
2700771,8156,-3804,-106,520,-901,552,3066,423,-101,-13,440,19370,74,34,79,16,0,0,0,0,0,0,0,-32285,0,0,0,0,0,2723816,0
2700776,8098,-3308,-364,494,-829,363,3156,395,-111,-3,384,19373,72,34,79,16,0,0,0,0,0,0,0,-32286,0,0,0,0,0,2723831,0
2700781,7954,-3214,-500,508,-839,256,3244,386,-101,3,368,19373,72,34,79,16,0,0,0,0,0,0,0,-32286,0,0,0,0,0,2723836,0
2700786,7788,-3196,-616,483,-834,171,3326,356,-90,8,304,19375,76,34,79,16,0,0,0,0,0,0,0,-32286,0,0,0,0,0,2723851,0
2700791,7512,-3122,-576,411,-846,89,3402,335,-74,9,248,19375,76,34,79,16,0,0,0,0,0,0,0,-32286,0,0,0,0,0,2723855,0
2700796,7048,-3358,-400,264,-823,-16,3474,307,-76,7,208,19374,77,34,79,16,0,0,0,0,0,0,0,-32286,0,0,0,0,0,2723870,0
2700801,6786,-3654,-314,278,-866,-77,3542,302,-75,4,200,19374,77,34,79,16,0,0,0,0,0,0,0,-32286,0,0,0,0,0,2723875,0
2700806,6640,-3892,-214,375,-899,-127,3610,300,-61,-4,216,19373,83,34,79,16,0,0,0,0,0,0,0,-32286,0,0,0,0,0,2723890,0
2700811,6474,-3890,-130,507,-991,-190,3684,324,-34,-5,256,19373,83,34,79,16,0,0,0,0,0,0,0,-32286,0,0,0,0,0,2723895,0
2700816,6564,-3914,-2,701,-1101,-226,3758,313,0,4,224,19373,75,34,79,16,0,0,0,0,0,0,0,-32286,0,0,0,0,0,2723910,0
2700821,6806,-3790,60,737,-1122,-236,3829,308,15,2,224,19373,75,34,79,16,0,0,0,0,0,0,0,-32286,0,0,0,0,0,2723915,0
2700826,6978,-3674,202,757,-1101,-220,3900,310,9,0,208,19371,82,34,79,16,0,0,0,0,0,0,0,-32286,0,0,0,0,0,2723930,0
2700831,7058,-3502,352,778,-1090,-215,3971,310,-7,-5,232,19371,82,34,79,16,0,0,0,0,0,0,0,-32286,0,0,0,0,0,2723935,0
2700836,7334,-3216,510,870,-1001,-238,4044,329,-3,-11,264,19372,79,34,79,16,0,0,0,0,0,0,0,-32285,0,0,0,0,0,2723950,0
2700841,7432,-3052,572,932,-968,-238,4125,357,21,-7,312,19372,79,34,79,16,0,0,0,0,0,0,0,-32286,0,0,0,0,0,2723955,0
2700846,7526,-3030,588,978,-922,-204,4208,358,38,3,312,19372,81,34,79,16,0,0,0,0,0,0,0,-32286,0,0,0,0,0,2723970,0
2700851,7552,-2828,640,972,-887,-193,4289,356,49,2,304,19372,81,34,79,16,0,0,0,0,0,0,0,-32286,0,0,0,0,0,2723975,0
2700856,7712,-2520,642,954,-774,-139,4372,355,39,1,304,19373,73,34,79,16,0,0,0,0,0,0,0,-32285,0,0,0,0,0,2723990,0
2700861,7746,-2398,612,967,-748,-139,4457,386,20,-6,360,19373,73,34,79,16,0,0,0,0,0,0,0,-32286,0,0,0,0,0,2723995,0
2700866,7806,-2422,546,1001,-700,-117,4549,407,19,-11,408,19374,63,34,79,16,0,0,0,0,0,0,0,-32286,0,0,0,0,0,2724010,0
2700871,7714,-2286,500,1027,-696,-106,4643,417,40,-13,432,19374,63,34,79,16,0,0,0,0,0,0,0,-32286,0,0,0,0,0,2724015,0
2700876,7650,-1990,282,967,-678,-62,4738,416,49,0,432,19375,63,34,79,16,0,0,0,0,0,0,0,-32286,0,0,0,0,0,2724030,0
2700881,7622,-1904,106,927,-656,-51,4831,411,43,-4,456,19375,63,34,79,16,0,0,0,0,0,0,0,-32286,0,0,0,0,0,2724035,0
2700886,7526,-1802,38,910,-667,-44,4929,434,25,-7,496,19375,73,34,79,16,0,0,0,0,0,0,0,-32286,0,0,0,0,0,2724050,0
2700891,7428,-1870,-18,925,-681,-30,5032,449,18,-5,536,19375,73,34,79,16,0,0,0,0,0,0,0,-32286,0,0,0,0,0,2724055,0
2700896,7322,-2018,-58,879,-693,-3,5133,448,34,3,544,19376,82,34,79,16,0,0,0,0,0,0,0,-32286,0,0,0,0,0,2724070,0
2700901,7146,-1882,12,815,-709,13,5234,441,29,8,520,19376,82,34,79,16,0,0,0,0,0,0,0,-32286,0,0,0,0,0,2724075,0
2700906,7218,-2190,-54,802,-693,46,5334,436,15,0,496,19375,87,34,79,16,0,0,0,0,0,0,0,-32286,0,0,0,0,0,2724089,0
2700911,7036,-2280,12,801,-703,66,5414,441,-3,-3,512,19375,87,34,79,16,0,0,0,0,0,0,0,-32286,0,0,0,0,0,2724094,0
2700916,7170,-2418,96,840,-720,99,5513,439,-9,-3,496,19375,81,34,79,16,0,0,0,0,0,0,0,-32286,0,0,0,0,0,2724109,0
2700921,7170,-2476,86,809,-695,137,5605,412,-25,5,440,19375,81,34,79,16,0,0,0,0,0,0,0,-32286,0,0,0,0,0,2724114,0
2700926,7250,-2524,136,789,-671,174,5695,388,-35,5,376,19371,75,34,79,16,0,0,0,0,0,0,0,-32286,0,0,0,0,0,2724129,0
2700931,7218,-2570,220,775,-635,210,5779,364,-54,15,312,19371,75,34,79,16,0,0,0,0,0,0,0,-32286,0,0,0,0,0,2724134,0
2700936,7400,-2634,224,784,-561,252,5859,344,-69,10,264,19371,78,34,79,16,0,0,0,0,0,0,0,-32286,0,0,0,0,0,2724149,0
2700941,7392,-2490,286,791,-528,260,5935,333,-71,7,232,19371,78,34,79,16,0,0,0,0,0,0,0,-32286,0,0,0,0,0,2724154,0
2700946,7506,-2508,270,810,-484,282,6004,307,-76,6,192,19371,76,34,79,16,0,0,0,0,0,0,0,-32286,0,0,0,0,0,2724169,0
2700951,7562,-2422,244,763,-440,292,6065,264,-80,1,136,19371,76,34,79,16,0,0,0,0,0,0,0,-32286,0,0,0,0,0,2724174,0
2700956,7692,-2442,146,704,-353,343,6120,241,-90,-3,96,19369,81,34,79,16,0,0,0,0,0,0,0,-32286,0,0,0,0,0,2724189,0
2700961,7530,-2248,182,662,-326,334,6165,196,-111,-4,80,19369,81,34,79,16,0,0,0,0,0,0,0,-32286,0,0,0,0,0,2724194,0
2700966,7698,-2338,80,623,-271,366,6201,156,-125,-5,56,19371,85,34,79,16,0,0,0,0,0,0,0,-32286,0,0,0,0,0,2724209,0
2700971,7656,-2084,168,626,-257,324,6232,138,-121,-11,56,19371,85,34,79,16,0,0,0,0,0,0,0,-32286,0,0,0,0,0,2724214,0
2700976,7820,-2006,206,703,-198,282,6260,119,-100,0,48,19372,81,34,79,16,0,0,0,0,0,0,0,-32286,0,0,0,0,0,2724229,0
2700981,8018,-1862,162,740,-183,244,6287,117,-77,-3,56,19372,81,34,79,16,0,0,0,0,0,0,0,-32286,0,0,0,0,0,2724234,0
2700986,7988,-1884,110,721,-125,260,6315,125,-43,0,48,19372,80,34,79,16,0,0,0,0,0,0,0,-32286,0,0,0,0,0,2724249,0
2700991,7844,-1682,90,654,-99,227,6343,116,-14,-1,56,19372,80,34,79,16,0,0,0,0,0,0,0,-32286,0,0,0,0,0,2724254,0
2700996,7968,-1766,-76,680,-26,195,6376,160,9,-4,80,19374,83,34,79,16,0,0,0,0,0,0,0,-32286,0,0,0,0,0,2724269,0
2701001,7722,-1588,66,678,-31,152,6413,168,31,0,88,19374,83,34,79,16,0,0,0,0,0,0,0,-32286,0,0,0,0,0,2724274,0
2701006,7816,-1886,-126,652,-22,175,6450,161,41,2,56,19373,84,34,79,16,0,0,0,0,0,0,0,-32286,0,0,0,0,0,2724292,0
2701011,7544,-1622,-76,601,-3,174,6481,141,28,-1,64,19373,84,34,79,16,0,0,0,0,0,0,0,-32285,0,0,0,0,0,2724297,0
2701016,7522,-1640,-74,529,44,182,6515,140,3,0,56,19372,81,34,79,16,0,0,0,0,0,0,0,-32286,0,0,0,0,0,2724308,0
2701021,7518,-1568,-54,534,20,159,6550,155,-27,-1,88,19372,81,34,79,16,0,0,0,0,0,0,0,-32286,0,0,0,0,0,2724313,0
2701026,7542,-1806,-64,531,76,168,6588,165,-2,8,64,19373,81,34,79,16,0,0,0,0,0,0,0,-32286,0,0,0,0,0,2724328,0
2701031,7336,-1632,46,524,93,162,6628,185,32,3,88,19373,81,34,79,16,0,0,0,0,0,0,0,-32286,0,0,0,0,0,2724333,0
2701036,7114,-1810,-44,529,82,167,6668,181,45,-1,120,19371,71,34,79,16,0,0,0,0,0,0,0,-32286,0,0,0,0,0,2724348,0
2701041,7466,-2100,-236,651,113,166,6721,231,64,-3,152,19371,71,34,79,16,0,0,0,0,0,0,0,-32286,0,0,0,0,0,2724353,0
2701046,7220,-1814,-20,744,92,146,6785,284,77,3,224,19371,71,34,79,16,0,0,0,0,0,0,0,-32286,0,0,0,0,0,2724368,0
2701051,7834,-1388,-300,835,50,91,6862,339,129,0,304,19371,71,34,79,16,0,0,0,0,0,0,0,-32286,0,0,0,0,0,2724373,0
2701056,7256,-1898,-204,805,154,132,6945,364,157,3,344,19370,73,34,79,16,0,0,0,0,0,0,0,-32286,0,0,0,0,0,2724388,0
2701061,7450,-1888,-258,866,126,110,7034,391,152,-1,384,19370,73,34,79,16,0,0,0,0,0,0,0,-32286,0,0,0,0,0,2724393,0
2701066,7484,-1830,-292,880,126,112,7125,401,120,-5,416,19371,77,34,79,16,0,0,0,0,0,0,0,-32286,0,0,0,0,0,2724408,0
2701071,7520,-1712,-332,894,98,67,7223,430,95,-16,504,19371,77,34,79,16,0,0,0,0,0,0,0,-32286,0,0,0,0,0,2724413,0
2701076,7514,-1666,-344,931,97,-5,7328,467,79,-7,584,19371,78,34,79,16,0,0,0,0,0,0,0,-32286,0,0,0,0,0,2724428,0
2701081,7606,-1738,-472,914,100,-23,7435,466,80,11,552,19371,78,34,79,16,0,0,0,0,0,0,0,-32286,0,0,0,0,0,2724433,0
2701086,7540,-1750,-458,900,91,-46,7543,470,69,5,568,19372,75,34,79,16,0,0,0,0,0,0,0,-32286,0,0,0,0,0,2724448,0
2701091,7694,-1808,-438,870,103,-90,7655,497,58,-1,648,19372,75,34,79,16,0,0,0,0,0,0,0,-32286,0,0,0,0,0,2724452,0
2701096,7846,-2100,-256,887,78,-177,7772,522,51,-2,704,19373,73,34,79,16,0,0,0,0,0,0,0,-32286,0,0,0,0,0,2724467,0
2701101,7874,-2192,-186,912,64,-195,7893,531,48,3,704,19373,73,34,79,16,0,0,0,0,0,0,0,-32286,0,0,0,0,0,2724472,0
2701106,7828,-2262,-82,932,34,-227,8015,536,59,3,712,19374,77,34,79,16,0,0,0,0,0,0,0,-32286,0,0,0,0,0,2724487,0
2701111,8070,-2346,-40,920,61,-251,8141,551,57,1,752,19374,77,34,79,16,0,0,0,0,0,0,0,-32286,0,0,0,0,0,2724492,0
2701116,8166,-2490,138,1007,83,-301,8268,567,42,1,792,19372,81,34,79,16,0,0,0,0,0,0,0,-32286,0,0,0,0,0,2724507,0
2701121,8124,-2576,254,1033,97,-321,8394,552,28,7,728,19372,81,34,79,16,0,0,0,0,0,0,0,-32286,0,0,0,0,0,2724512,0
2701126,8242,-2582,222,1061,133,-349,8519,550,20,0,720,19371,85,34,79,16,0,0,0,0,0,0,0,-32286,0,0,0,0,0,2724527,0
2701131,8134,-2624,226,1076,160,-360,8641,537,-5,0,696,19371,85,34,79,16,0,0,0,0,0,0,0,-32286,0,0,0,0,0,2724532,0
2701136,8080,-2760,82,1169,203,-376,8762,536,-15,0,688,19370,88,34,79,16,0,0,0,0,0,0,0,-32286,0,0,0,0,0,2724547,0
2701141,8044,-2598,0,1200,206,-393,8879,506,-36,3,608,19370,88,34,79,16,0,0,0,0,0,0,0,-32286,0,0,0,0,0,2724552,0
2701146,8086,-2664,-180,1234,197,-382,8988,480,-44,0,544,19372,83,34,79,16,0,0,0,0,0,0,0,-32286,0,0,0,0,0,2724567,0
2701151,8066,-2510,-254,1263,176,-389,9094,467,-64,-3,528,19372,83,34,79,16,0,0,0,0,0,0,0,-32286,0,0,0,0,0,2724572,0
2701156,8204,-2264,-474,1366,126,-393,9201,470,-63,-9,552,19372,85,34,79,16,0,0,0,0,0,0,0,-32286,0,0,0,0,0,2724587,0
2701161,8214,-2178,-550,1383,83,-390,9301,445,-56,-1,496,19372,85,34,79,16,0,0,0,0,0,0,0,-32286,0,0,0,0,0,2724592,0
2701166,8456,-1942,-684,1375,52,-386,9398,419,-48,-1,432,19373,81,34,79,16,0,0,0,0,0,0,0,-32286,0,0,0,0,0,2724607,0
2701171,8632,-1728,-744,1351,37,-387,9489,405,-60,1,424,19373,81,34,79,16,0,0,0,0,0,0,0,-32286,0,0,0,0,0,2724612,0
2701176,8976,-1460,-672,1418,18,-398,9584,415,-52,-7,464,19371,75,34,79,16,0,0,0,0,0,0,0,-32286,0,0,0,0,0,2724627,0
2701181,8952,-1480,-608,1449,-37,-380,9677,415,-38,-1,448,19371,75,34,79,16,0,0,0,0,0,0,0,-32286,0,0,0,0,0,2724632,0
2701186,9184,-1410,-656,1472,-54,-387,9767,394,-18,10,392,19370,70,34,79,16,0,0,0,0,0,0,0,-32286,0,0,0,0,0,2724647,0
2701191,9486,-1376,-654,1472,-45,-358,9854,373,-21,12,336,19370,70,34,79,16,0,0,0,0,0,0,0,-32285,0,0,0,0,0,2724652,0
2701196,9812,-1212,-460,1382,-48,-393,9940,379,-26,1,360,19369,70,34,79,16,0,0,0,0,0,0,0,-32286,0,0,0,0,0,2724667,0
2701201,10128,-1480,-504,1425,-4,-400,10030,397,-32,-3,392,19369,70,34,79,16,0,0,0,0,0,0,0,-32286,0,0,0,0,0,2724672,0
2701206,10078,-1720,-426,1459,-14,-399,10118,397,-12,-2,368,19372,75,34,79,16,0,0,0,0,0,0,0,-32286,0,0,0,0,0,2724687,0
2701211,10250,-1948,-452,1474,5,-391,10199,361,-3,10,312,19372,75,34,79,16,0,0,0,0,0,0,0,-32286,0,0,0,0,0,2724692,0
2701216,10318,-2222,-410,1432,20,-410,10277,335,-23,3,264,19377,82,34,79,16,0,0,0,0,0,0,0,-32286,0,0,0,0,0,2724707,0
2701221,10320,-2260,-402,1433,-2,-414,10352,332,-50,4,256,19377,82,34,79,16,0,0,0,0,0,0,0,-32286,0,0,0,0,0,2724711,0
2701226,10258,-2306,-306,1444,-65,-440,10423,315,-59,0,232,19384,79,34,79,16,0,0,0,0,0,0,0,-32286,0,0,0,0,0,2724726,0
2701231,10208,-2254,-324,1411,-128,-456,10490,294,-61,1,200,19384,79,34,79,16,0,0,0,0,0,0,0,-32286,0,0,0,0,0,2724733,0
2701236,9900,-1978,-334,1228,-229,-416,10552,262,-57,9,112,19383,80,34,79,16,0,0,0,0,0,0,0,-32286,0,0,0,0,0,2724749,0
2701241,9876,-1694,-248,1035,-262,-428,10598,194,-81,0,72,19383,80,34,79,16,0,0,0,0,0,0,0,-32286,0,0,0,0,0,2724754,0
2701246,9908,-1798,-262,866,-285,-404,10632,136,-123,-10,32,19376,76,34,79,16,0,0,0,0,0,0,0,-32286,0,0,0,0,0,2724769,0
2701251,9710,-1530,-14,761,-320,-424,10656,110,-159,-4,40,19376,76,34,79,16,0,0,0,0,0,0,0,-32286,0,0,0,0,0,2724774,0
2701256,9446,-1560,466,646,-314,-427,10676,82,-167,3,8,19371,76,34,79,16,0,0,0,0,0,0,0,-32286,0,0,0,0,0,2724789,0
2701261,9266,-1496,714,581,-338,-437,10678,5,-164,9,-8,19371,76,34,79,16,0,0,0,0,0,0,0,-32286,0,0,0,0,0,2724794,0
2701266,9330,-1284,920,522,-360,-474,10677,3,-151,0,0,19371,80,34,79,16,0,0,0,0,0,0,0,-32286,0,0,0,0,0,2724809,0
2701271,9336,-1248,1056,433,-331,-477,10675,-1,-120,0,0,19371,80,34,79,16,0,0,0,0,0,0,0,-32286,0,0,0,0,0,2724814,0
2701276,9256,-1474,1246,145,-286,-526,10676,-7,-88,0,-8,19374,76,34,79,16,0,0,0,0,0,0,0,-32286,0,0,0,0,0,2724829,0
2701281,9426,-1706,1166,79,-247,-518,10676,3,-37,0,0,19374,76,34,79,16,0,0,0,0,0,0,0,-32285,0,0,0,0,0,2724834,0
2701286,9300,-1856,1268,-5,-263,-559,10674,-5,0,0,0,19375,78,34,79,16,0,0,0,0,0,0,0,-32286,0,0,0,0,0,2724849,0
2701291,9602,-2266,1270,40,-268,-633,10675,-1,-5,0,-8,19375,78,34,79,16,0,0,0,0,0,0,0,-32287,0,0,0,0,0,2724854,0
2701296,9500,-3108,1546,340,-222,-735,10675,-6,-1,1,-8,19376,80,34,79,16,0,0,0,0,0,0,0,-32286,0,0,0,0,0,2724869,0
2701301,9590,-3092,1504,244,-177,-727,10672,-13,-2,1,-16,19376,80,34,79,16,0,0,0,0,0,0,0,-32286,0,0,0,0,0,2724874,0
2701306,9418,-3196,1438,-49,-39,-687,10670,-9,-7,0,-8,19378,79,34,79,16,0,0,0,0,0,0,0,-32286,0,0,0,0,0,2724888,0
2701311,8962,-3594,1392,-387,81,-627,10671,4,-7,0,0,19378,79,34,79,16,0,0,0,0,0,0,0,-32286,0,0,0,0,0,2724893,0
2701316,7660,-4690,1368,-674,168,-543,10670,-8,1,0,-8,19376,74,34,79,16,0,0,0,0,0,0,0,-32286,0,0,0,0,0,2724908,0
2701321,7426,-5398,1326,-669,106,-495,10669,-9,8,0,-8,19376,74,34,79,16,0,0,0,0,0,0,0,-32286,0,0,0,0,0,2724913,0
2701326,6970,-5800,1502,-663,55,-432,10669,0,2,0,-8,19376,81,34,79,16,0,0,0,0,0,0,0,-32286,0,0,0,0,0,2724928,0
2701331,6588,-6090,1594,-623,10,-383,10668,-7,2,1,-8,19376,81,34,79,16,0,0,0,0,0,0,0,-32285,0,0,0,0,0,2724933,0
2701336,7090,-6070,2230,-270,-128,-539,10669,0,1,0,-16,19371,83,34,79,16,0,0,0,0,0,0,0,-32286,0,0,0,0,0,2724948,0
2701341,6884,-6318,2990,1240,-145,-985,10659,-56,-12,7,-48,19371,83,34,79,16,0,0,0,0,0,0,0,-32286,0,0,0,0,0,2724953,0
2701346,5746,-7600,2662,2526,-531,-1106,10633,-119,-62,9,-80,19370,80,34,79,16,0,0,0,0,0,0,0,-32286,0,0,0,0,0,2724968,0
2701351,5976,-6222,3070,2466,-644,-1003,10585,-221,-139,19,-200,19370,80,34,79,16,0,0,0,0,0,0,0,-32286,0,0,0,0,0,2724973,0
2701356,5468,-5180,1500,1071,-303,-822,10505,-375,-239,24,-504,19368,83,34,79,16,0,0,0,0,0,0,0,-32285,0,0,0,0,0,2724988,0
2701361,4954,-5678,1504,726,-168,-714,10389,-529,-356,43,-928,19368,83,34,79,16,0,0,0,0,0,0,0,-32286,0,0,0,0,0,2724993,0
2701366,4434,-6586,1650,680,-108,-619,10235,-692,-449,16,-1352,19372,75,34,79,16,0,0,0,0,0,0,0,-32286,0,0,0,0,0,2725007,0
2701371,4364,-7232,1686,851,-120,-482,10032,-913,-548,11,-1848,19372,75,34,79,16,0,0,0,0,0,0,0,-32286,0,0,0,0,0,2725012,0
2701376,4228,-6846,1924,876,-10,-144,9786,-1100,-619,7,-2264,19373,76,34,79,16,0,0,0,0,0,0,0,-32286,0,0,0,0,0,2725027,0
2701381,4496,-6654,1738,682,135,100,9492,-1318,-665,8,-2736,19373,76,34,79,16,0,0,0,0,0,0,0,-32286,0,0,0,0,0,2725032,0
2701386,4704,-6324,1836,499,232,330,9149,-1523,-703,2,-3160,19372,76,34,79,16,0,0,0,0,0,0,0,-32286,0,0,0,0,0,2725047,0
2701391,4998,-5958,1630,269,357,596,8759,-1728,-725,-4,-3544,19372,76,34,79,16,0,0,0,0,0,0,0,-32286,0,0,0,0,0,2725052,0
2701396,4316,-6440,1370,46,365,1015,8332,-1889,-710,-20,-3848,19371,77,34,79,16,0,0,0,0,0,0,0,-32285,0,0,0,0,0,2725067,0
2701401,5106,-6164,868,392,186,1153,7877,-2016,-661,-23,-4056,19371,77,34,79,16,0,0,0,0,0,0,0,-32286,0,0,0,0,0,2725072,0
2701406,5458,-4752,742,508,-16,1235,7396,-2122,-572,-20,-4232,19369,86,34,79,16,0,0,0,0,0,0,0,-32286,0,0,0,0,0,2725087,0
2701411,6424,-3360,356,389,-96,1283,6903,-2179,-465,-12,-4328,19369,86,34,79,16,0,0,0,0,0,0,0,-32285,0,0,0,0,0,2725092,0
2701416,7386,-1742,-36,-315,-283,1358,6404,-2199,-348,-1,-4368,19371,101,34,79,16,0,0,0,0,0,0,0,-32286,0,0,0,0,0,2725107,0
2701421,8112,-1420,124,-482,-401,1324,5901,-2203,-225,4,-4384,19371,101,34,79,16,0,0,0,0,0,0,0,-32286,0,0,0,0,0,2725112,0
2701426,8694,-1084,476,-551,-539,1252,5398,-2216,-126,0,-4408,19370,101,34,79,16,0,0,0,0,0,0,0,-32285,0,0,0,0,0,2725127,0
2701431,9330,-742,488,-613,-673,1193,4896,-2212,-63,-11,-4376,19370,101,34,79,16,0,0,0,0,0,0,0,-32286,0,0,0,0,0,2725132,0
2701436,10696,294,1016,-770,-848,909,4395,-2194,-16,-17,-4296,19369,101,34,79,16,0,0,0,0,0,0,0,-32286,0,0,0,0,0,2725147,0
2701441,11206,380,1316,-728,-882,727,3901,-2170,12,-17,-4192,19369,101,34,79,16,0,0,0,0,0,0,0,-32286,0,0,0,0,0,2725152,0
2701446,11398,408,1430,-674,-965,536,3421,-2115,50,-9,-4080,19367,88,34,79,16,0,0,0,0,0,0,0,-32286,0,0,0,0,0,2725167,0
2701451,11702,482,1522,-678,-987,387,2953,-2049,111,0,-3952,19367,88,34,79,16,0,0,0,0,0,0,0,-32286,0,0,0,0,0,2725171,0
2701456,11764,614,2240,-973,-681,146,2504,-1975,166,9,-3808,19367,86,34,79,16,0,0,0,0,0,0,0,-32286,0,0,0,0,0,2725186,0
2701461,11604,94,2742,-1091,-387,73,2070,-1906,209,14,-3712,19367,86,34,79,16,0,0,0,0,0,0,0,-32286,0,0,0,0,0,2725191,0
2701466,11284,-596,3072,-1129,-73,34,1652,-1837,233,6,-3560,19368,88,34,79,16,0,0,0,0,0,0,0,-32286,0,0,0,0,0,2725206,0
2701471,10792,-1052,3426,-1085,231,4,1245,-1781,238,-3,-3416,19368,88,34,79,16,0,0,0,0,0,0,0,-32286,0,0,0,0,0,2725211,0
2701476,9878,-1558,3354,-1027,810,-28,853,-1717,225,-10,-3248,19368,84,34,79,16,0,0,0,0,0,0,0,-32286,0,0,0,0,0,2725226,0
2701481,9570,-1904,2838,-1057,1175,-6,475,-1656,211,-15,-3096,19368,84,34,79,16,0,0,0,0,0,0,0,-32285,0,0,0,0,0,2725231,0
2701486,8696,-2078,2618,-1082,1363,18,114,-1576,213,-14,-2904,19368,89,34,79,16,0,0,0,0,0,0,0,-32286,0,0,0,0,0,2725246,0
2701491,8012,-2488,2072,-1066,1531,76,-228,-1491,232,-13,-2672,19368,89,34,79,16,0,0,0,0,0,0,0,-32286,0,0,0,0,0,2725251,0
2701496,7118,-2328,1252,-1192,1706,166,-545,-1383,266,-11,-2432,19367,89,34,79,16,0,0,0,0,0,0,0,-32286,0,0,0,0,0,2725266,0
2701501,6808,-2640,920,-1111,1746,196,-834,-1257,315,-7,-2152,19367,89,34,79,16,0,0,0,0,0,0,0,-32286,0,0,0,0,0,2725270,0
2701506,6222,-2540,374,-1018,1585,182,-1093,-1129,359,-5,-1872,19368,93,34,79,16,0,0,0,0,0,0,0,-32286,0,0,0,0,0,2725285,0
2701511,6356,-2612,-130,-890,1421,173,-1329,-1019,404,0,-1648,19368,93,34,79,16,0,0,0,0,0,0,0,-32286,0,0,0,0,0,2725290,0
2701516,6218,-1988,-648,-733,1034,128,-1540,-920,406,2,-1448,19368,91,34,79,16,0,0,0,0,0,0,0,-32286,0,0,0,0,0,2725305,0
2701521,6240,-1774,-762,-842,864,148,-1730,-834,391,3,-1296,19368,91,34,79,16,0,0,0,0,0,0,0,-32286,0,0,0,0,0,2725310,0
2701526,6366,-1618,-644,-977,716,165,-1902,-750,357,4,-1112,19370,88,34,79,16,0,0,0,0,0,0,0,-32286,0,0,0,0,0,2725325,0
2701531,6546,-1750,-440,-1051,621,194,-2059,-683,315,1,-984,19370,88,34,79,16,0,0,0,0,0,0,0,-32286,0,0,0,0,0,2725330,0
2701536,6794,-1904,148,-1093,440,245,-2205,-635,272,6,-888,19372,75,34,79,16,0,0,0,0,0,0,0,-32286,0,0,0,0,0,2725345,0
2701541,6934,-1616,530,-1163,462,268,-2340,-591,228,0,-784,19372,75,34,79,16,0,0,0,0,0,0,0,-32286,0,0,0,0,0,2725350,0
2701546,7232,-1626,960,-1257,561,316,-2464,-536,200,0,-648,19371,81,34,79,16,0,0,0,0,0,0,0,-32286,0,0,0,0,0,2725365,0
2701551,7422,-1584,1370,-1311,674,333,-2578,-500,175,12,-576,19371,81,34,79,16,0,0,0,0,0,0,0,-32286,0,0,0,0,0,2725370,0
2701556,7660,-1606,1514,-1376,862,343,-2681,-462,165,9,-512,19371,82,34,79,16,0,0,0,0,0,0,0,-32286,0,0,0,0,0,2725385,0
2701561,7686,-1436,1452,-1290,843,309,-2775,-409,157,7,-400,19371,82,34,79,16,0,0,0,0,0,0,0,-32285,0,0,0,0,0,2725389,0
2701566,7792,-1330,1292,-1197,859,299,-2861,-372,151,-6,-312,19372,80,34,79,16,0,0,0,0,0,0,0,-32286,0,0,0,0,0,2725404,0
2701571,7790,-1036,1324,-1221,910,278,-2938,-339,142,-10,-256,19372,80,34,79,16,0,0,0,0,0,0,0,-32285,0,0,0,0,0,2725409,0
2701576,7648,-790,1100,-1410,1010,275,-3010,-313,129,-2,-208,19374,78,34,79,16,0,0,0,0,0,0,0,-32286,0,0,0,0,0,2725424,0
2701581,7486,-1004,878,-1499,1013,277,-3076,-289,122,-2,-176,19374,78,34,79,16,0,0,0,0,0,0,0,-32286,0,0,0,0,0,2725429,0
2701586,7158,-1154,716,-1564,980,291,-3141,-286,94,-1,-176,19375,78,34,79,16,0,0,0,0,0,0,0,-32286,0,0,0,0,0,2725444,0
2701591,6886,-1152,726,-1564,961,249,-3201,-265,70,0,-136,19375,78,34,79,16,0,0,0,0,0,0,0,-32285,0,0,0,0,0,2725449,0
2701596,6454,-1306,592,-1537,931,228,-3250,-218,73,6,-104,19375,76,34,79,16,0,0,0,0,0,0,0,-32286,0,0,0,0,0,2725464,0
2701601,6206,-1376,526,-1550,890,225,-3290,-170,90,3,-56,19375,76,34,79,16,0,0,0,0,0,0,0,-32286,0,0,0,0,0,2725469,0
2701606,5894,-1458,446,-1569,896,237,-3322,-137,119,5,-48,19374,78,34,79,16,0,0,0,0,0,0,0,-32286,0,0,0,0,0,2725484,0
2701611,5710,-1446,438,-1521,842,225,-3340,-66,145,-4,-16,19374,78,34,79,16,0,0,0,0,0,0,0,-32286,0,0,0,0,0,2725489,0
2701616,5238,-1646,332,-1440,753,240,-3347,-21,165,-3,-8,19373,77,34,79,16,0,0,0,0,0,0,0,-32286,0,0,0,0,0,2725504,0
2701621,5180,-1738,286,-1410,718,251,-3350,-11,163,-3,-8,19373,77,34,79,16,0,0,0,0,0,0,0,-32286,0,0,0,0,0,2725509,0
2701626,5076,-1674,282,-1376,669,262,-3350,-3,136,-1,0,19378,82,33,79,16,0,0,0,0,0,0,0,-32286,0,0,0,0,0,2725523,0
2701631,5096,-1538,362,-1376,646,253,-3351,2,88,0,-8,19378,82,33,79,16,0,0,0,0,0,0,0,-32286,0,0,0,0,0,2725528,0
2701636,5146,-1614,500,-1421,673,239,-3351,-1,48,0,-8,19377,84,33,79,16,0,0,0,0,0,0,0,-32286,0,0,0,0,0,2725543,0
2701641,5110,-1692,500,-1433,690,255,-3351,-10,13,0,-8,19377,84,33,79,16,0,0,0,0,0,0,0,-32285,0,0,0,0,0,2725548,0
2701646,5142,-1764,568,-1458,713,286,-3351,0,10,0,-8,19377,79,34,79,16,0,0,0,0,0,0,0,-32286,0,0,0,0,0,2725563,0
2701651,5210,-1864,652,-1485,752,287,-3350,3,3,0,0,19377,79,34,79,16,0,0,0,0,0,0,0,-32286,0,0,0,0,0,2725568,0
2701656,5376,-2092,740,-1447,789,313,-3350,4,-2,0,-8,19373,78,34,79,16,0,0,0,0,0,0,0,-32286,0,0,0,0,0,2725583,0
2701661,5484,-2106,748,-1381,758,287,-3350,0,3,-1,0,19373,78,34,79,16,0,0,0,0,0,0,0,-32286,0,0,0,0,0,2725588,0
2701666,5722,-2124,708,-1262,719,258,-3349,0,2,0,0,19373,78,34,79,16,0,0,0,0,0,0,0,-32286,0,0,0,0,0,2725603,0
2701671,5876,-2044,652,-1155,653,237,-3350,-10,0,0,-8,19373,78,34,79,16,0,0,0,0,0,0,0,-32286,0,0,0,0,0,2725608,0
2701676,6266,-1830,616,-1116,560,215,-3350,-3,1,0,-8,19373,74,34,79,16,0,0,0,0,0,0,0,-32286,0,0,0,0,0,2725623,0
2701681,6462,-1840,634,-1105,522,205,-3349,-5,0,0,-8,19373,74,34,79,16,0,0,0,0,0,0,0,-32286,0,0,0,0,0,2725628,0
2701686,6634,-1868,656,-1108,466,199,-3349,0,-2,0,0,19372,73,34,79,16,0,0,0,0,0,0,0,-32286,0,0,0,0,0,2725643,0
2701691,6550,-1778,568,-1103,355,169,-3347,10,7,0,0,19372,73,34,79,16,0,0,0,0,0,0,0,-32286,0,0,0,0,0,2725648,0
2701696,6910,-1380,974,-1215,477,172,-3346,12,8,0,0,19372,75,34,79,16,0,0,0,0,0,0,0,-32286,0,0,0,0,0,2725662,0
2701701,7248,-1584,950,-1325,485,163,-3342,17,11,-1,16,19372,75,34,79,16,0,0,0,0,0,0,0,-32286,0,0,0,0,0,2725667,0
2701706,7286,-1794,1038,-1341,480,134,-3334,38,21,-1,16,19374,72,34,79,16,0,0,0,0,0,0,0,-32286,0,0,0,0,0,2725682,0
2701711,7426,-2056,1006,-1272,426,93,-3317,74,44,-3,40,19374,72,34,79,16,0,0,0,0,0,0,0,-32285,0,0,0,0,0,2725687,0
2701716,7530,-2146,1064,-1099,326,41,-3295,100,70,-2,40,19376,75,34,79,16,0,0,0,0,0,0,0,-32286,0,0,0,0,0,2725702,0
2701721,7486,-2032,1092,-1105,296,8,-3274,83,76,0,32,19376,75,34,79,16,0,0,0,0,0,0,0,-32285,0,0,0,0,0,2725707,0
2701726,7588,-2042,1036,-1098,267,-31,-3252,101,59,-3,48,19377,84,34,79,16,0,0,0,0,0,0,0,-32286,0,0,0,0,0,2725722,0
2701731,7642,-2178,966,-1087,253,-31,-3227,114,44,-1,40,19377,84,34,79,16,0,0,0,0,0,0,0,-32286,0,0,0,0,0,2725727,0
2701736,7630,-2344,1092,-1041,196,-77,-3203,103,17,1,40,19376,86,34,79,16,0,0,0,0,0,0,0,-32286,0,0,0,0,0,2725742,0
2701741,7778,-2556,1120,-950,164,-96,-3174,132,16,-8,64,19376,86,34,79,16,0,0,0,0,0,0,0,-32285,0,0,0,0,0,2725747,0
2701746,7744,-2664,1256,-931,138,-80,-3144,131,33,0,48,19376,88,34,79,16,0,0,0,0,0,0,0,-32286,0,0,0,0,0,2725764,0
2701751,7942,-2546,1318,-933,126,-82,-3112,145,29,-1,64,19376,88,34,79,16,0,0,0,0,0,0,0,-32286,0,0,0,0,0,2725769,0
2701756,8026,-2704,1586,-959,182,-32,-3086,114,19,6,32,19374,78,34,79,16,0,0,0,0,0,0,0,-32286,0,0,0,0,0,2725782,0
2701761,8298,-2694,1600,-935,193,-41,-3070,73,-15,1,32,19374,78,34,79,16,0,0,0,0,0,0,0,-32286,0,0,0,0,0,2725787,0
2701766,8438,-2714,1648,-875,213,-48,-3051,81,-53,-4,32,19372,76,34,79,16,0,0,0,0,0,0,0,-32286,0,0,0,0,0,2725802,0
2701771,8532,-2706,1720,-830,233,-35,-3034,73,-56,-1,24,19372,76,34,79,16,0,0,0,0,0,0,0,-32286,0,0,0,0,0,2725806,0
2701776,8716,-2564,1794,-854,285,-3,-3021,52,-53,2,16,19371,84,34,79,16,0,0,0,0,0,0,0,-32286,0,0,0,0,0,2725821,0
2701781,8794,-2526,1754,-846,309,-10,-3011,44,-36,-1,16,19371,84,34,79,16,0,0,0,0,0,0,0,-32286,0,0,0,0,0,2725826,0
2701786,8884,-2466,1756,-776,294,-31,-2996,71,-24,-4,40,19370,83,34,79,16,0,0,0,0,0,0,0,-32286,0,0,0,0,0,2725841,0
2701791,8966,-2396,1706,-656,240,-79,-2973,107,3,-2,32,19370,83,34,79,16,0,0,0,0,0,0,0,-32285,0,0,0,0,0,2725846,0
2701796,8840,-2176,1670,-629,237,-43,-2958,67,22,4,16,19369,87,34,79,16,0,0,0,0,0,0,0,-32286,0,0,0,0,0,2725861,0
2701801,8846,-1918,1764,-720,295,-36,-2951,28,13,1,8,19369,87,34,79,16,0,0,0,0,0,0,0,-32286,0,0,0,0,0,2725866,0
2701806,8842,-1878,1912,-770,405,-24,-2946,17,-32,0,8,19370,90,34,79,16,0,0,0,0,0,0,0,-32286,0,0,0,0,0,2725881,0
2701811,8734,-1928,2002,-758,463,-21,-2943,14,-64,0,8,19370,90,34,79,16,0,0,0,0,0,0,0,-32286,0,0,0,0,0,2725886,0
2701816,8834,-1718,1996,-580,505,-67,-2935,29,-54,-2,16,19372,87,34,79,16,0,0,0,0,0,0,0,-32286,0,0,0,0,0,2725901,0
2701821,8810,-1460,1950,-531,545,-83,-2923,60,-4,-2,24,19372,87,34,79,16,0,0,0,0,0,0,0,-32286,0,0,0,0,0,2725906,0
2701826,8824,-1184,1860,-552,576,-80,-2907,68,35,2,24,19371,85,34,79,16,0,0,0,0,0,0,0,-32286,0,0,0,0,0,2725921,0
2701831,8806,-954,1782,-640,648,-69,-2899,34,36,4,8,19371,85,34,79,16,0,0,0,0,0,0,0,-32286,0,0,0,0,0,2725926,0
2701836,8890,-558,1696,-749,738,-109,-2893,17,6,3,0,19372,82,34,79,16,0,0,0,0,0,0,0,-32286,0,0,0,0,0,2725940,0
2701841,8952,-394,1624,-735,747,-138,-2889,22,-29,1,8,19372,82,34,79,16,0,0,0,0,0,0,0,-32285,0,0,0,0,0,2725945,0
2701846,9072,-106,1694,-651,745,-212,-2884,24,-42,-1,16,19372,80,34,79,16,0,0,0,0,0,0,0,-32286,0,0,0,0,0,2725960,0
2701851,9158,68,1492,-700,753,-237,-2870,70,-15,-4,40,19372,80,34,79,16,0,0,0,0,0,0,0,-32286,0,0,0,0,0,2725965,0
2701856,9082,390,1366,-1129,805,-220,-2841,135,53,-8,72,19372,80,34,79,16,0,0,0,0,0,0,0,-32286,0,0,0,0,0,2725980,0
2701861,8960,316,1272,-1293,772,-231,-2803,176,115,-5,104,19372,80,34,79,16,0,0,0,0,0,0,0,-32285,0,0,0,0,0,2725985,0
2701866,9236,-2,1268,-1355,727,-231,-2747,245,165,-2,168,19371,77,34,79,16,0,0,0,0,0,0,0,-32285,0,0,0,0,0,2726000,0
2701871,9294,-44,1478,-1411,683,-249,-2674,332,206,0,320,19371,77,34,79,16,0,0,0,0,0,0,0,-32286,0,0,0,0,0,2726005,0
2701876,10528,-962,1978,-1556,578,-241,-2582,405,234,-11,456,19372,76,34,79,16,0,0,0,0,0,0,0,-32286,0,0,0,0,0,2726020,0
2701881,11154,-1544,2180,-1674,494,-228,-2471,503,257,-26,704,19372,76,34,79,16,0,0,0,0,0,0,0,-32286,0,0,0,0,0,2726025,0
2701886,11848,-2040,2274,-1728,433,-237,-2339,594,285,-18,960,19372,75,34,79,16,0,0,0,0,0,0,0,-32286,0,0,0,0,0,2726040,0
2701891,12502,-2554,2146,-1712,323,-274,-2179,711,314,-4,1248,19372,75,34,79,16,0,0,0,0,0,0,0,-32286,0,0,0,0,0,2726045,0
2701896,13184,-3622,1828,-1680,201,-345,-1996,822,343,-1,1488,19372,74,34,79,16,0,0,0,0,0,0,0,-32286,0,0,0,0,0,2726060,0
2701901,13384,-4220,1720,-1611,164,-395,-1791,905,363,6,1656,19372,74,34,79,16,0,0,0,0,0,0,0,-32286,0,0,0,0,0,2726065,0
2701906,13272,-4556,1770,-1482,152,-480,-1566,999,359,0,1832,19372,74,34,79,16,0,0,0,0,0,0,0,-32286,0,0,0,0,0,2726080,0
2701911,12920,-4908,1896,-1352,161,-571,-1376,1041,327,8,1944,19372,74,34,79,16,0,0,0,0,0,0,0,-32286,0,0,0,0,0,2726085,0
2701916,11882,-5406,1758,-1197,319,-687,-1128,1092,284,9,2024,19372,71,34,79,16,0,0,0,0,0,0,0,-32286,0,0,0,0,0,2726100,0
2701921,11148,-5670,1786,-1229,451,-717,-874,1123,221,12,2048,19372,71,34,79,16,0,0,0,0,0,0,0,-32286,0,0,0,0,0,2726105,0
2701926,10400,-6248,1862,-1291,618,-711,-619,1122,156,10,2024,19372,74,34,79,16,0,0,0,0,0,0,0,-32286,0,0,0,0,0,2726120,0
2701931,9698,-6970,2006,-1313,721,-715,-362,1118,94,11,1992,19372,74,34,79,16,0,0,0,0,0,0,0,-32286,0,0,0,0,0,2726125,0
2701936,8182,-8410,1964,-1060,782,-676,-114,1094,25,9,1928,19375,78,34,79,16,0,0,0,0,0,0,0,-32286,0,0,0,0,0,2726140,0
2701941,7526,-8934,1808,-831,742,-619,133,1081,-24,5,1864,19375,78,34,79,16,0,0,0,0,0,0,0,-32286,0,0,0,0,0,2726144,0
2701946,6728,-9092,1754,-583,647,-571,368,1037,-67,9,1768,19374,84,34,79,16,0,0,0,0,0,0,0,-32286,0,0,0,0,0,2726159,0
2701951,6114,-9060,1604,-348,544,-518,599,1000,-92,4,1672,19374,84,34,79,16,0,0,0,0,0,0,0,-32286,0,0,0,0,0,2726164,0
2701956,4596,-8318,1280,7,385,-373,814,949,-127,2,1568,19375,83,34,79,16,0,0,0,0,0,0,0,-32286,0,0,0,0,0,2726179,0
2701961,4118,-7944,782,188,233,-342,1019,893,-153,0,1448,19375,83,34,79,16,0,0,0,0,0,0,0,-32286,0,0,0,0,0,2726184,0
2701966,3602,-7144,620,326,155,-304,1208,824,-172,4,1296,19371,82,34,79,16,0,0,0,0,0,0,0,-32286,0,0,0,0,0,2726199,0
2701971,3200,-6376,364,394,48,-295,1384,772,-198,1,1176,19371,82,34,79,16,0,0,0,0,0,0,0,-32286,0,0,0,0,0,2726204,0
2701976,2616,-5370,-358,431,-111,-254,1545,707,-214,3,1024,19372,81,34,79,16,0,0,0,0,0,0,0,-32286,0,0,0,0,0,2726219,0
2701981,2438,-5018,-432,409,-187,-229,1688,620,-219,2,840,19372,81,34,79,16,0,0,0,0,0,0,0,-32286,0,0,0,0,0,2726224,0
2701986,2340,-4784,-312,447,-234,-216,1819,568,-230,-8,728,19372,79,34,79,16,0,0,0,0,0,0,0,-32286,0,0,0,0,0,2726239,0
2701991,2256,-4992,-284,423,-255,-113,1938,524,-223,-1,600,19372,79,34,79,16,0,0,0,0,0,0,0,-32286,0,0,0,0,0,2726244,0
2701996,2564,-4224,-332,222,-228,16,2045,467,-210,-6,480,19371,82,34,79,16,0,0,0,0,0,0,0,-32286,0,0,0,0,0,2726259,0
2702001,2496,-3830,-152,139,-115,88,2138,407,-194,-13,408,19371,82,34,79,16,0,0,0,0,0,0,0,-32285,0,0,0,0,0,2726264,0
2702006,2682,-3712,-110,69,-70,126,2227,383,-166,-8,360,19372,80,34,79,16,0,0,0,0,0,0,0,-32286,0,0,0,0,0,2726279,0
2702011,2868,-3814,-236,104,-7,194,2314,379,-141,0,368,19372,80,34,79,16,0,0,0,0,0,0,0,-32286,0,0,0,0,0,2726284,0
2702016,2978,-4182,-174,233,-102,332,2399,372,-94,4,344,19372,74,34,79,16,0,0,0,0,0,0,0,-32286,0,0,0,0,0,2726299,0
2702021,3438,-4264,-368,332,-241,405,2483,369,-84,-4,352,19372,74,34,79,16,0,0,0,0,0,0,0,-32286,0,0,0,0,0,2726304,0
2702026,3798,-4124,-388,319,-364,485,2569,379,-57,-5,376,19372,76,34,79,16,0,0,0,0,0,0,0,-32286,0,0,0,0,0,2726319,0
2702031,4322,-3998,-354,234,-470,547,2660,401,-16,-8,440,19372,76,34,79,16,0,0,0,0,0,0,0,-32286,0,0,0,0,0,2726324,0
2702036,5454,-4098,6,86,-656,668,2753,420,63,-8,472,19374,74,34,79,16,0,0,0,0,0,0,0,-32286,0,0,0,0,0,2726339,0
2702041,6184,-4230,238,144,-745,707,2851,419,83,1,464,19374,74,34,79,16,0,0,0,0,0,0,0,-32286,0,0,0,0,0,2726344,0
2702046,6820,-4118,482,223,-828,721,2946,423,47,1,472,19372,77,34,79,16,0,0,0,0,0,0,0,-32286,0,0,0,0,0,2726359,0
2702051,7424,-4186,638,258,-867,764,3044,423,33,-1,472,19372,77,34,79,16,0,0,0,0,0,0,0,-32286,0,0,0,0,0,2726371,0
2702056,8420,-3882,914,134,-867,804,3139,423,12,0,472,19371,79,34,79,16,0,0,0,0,0,0,0,-32286,0,0,0,0,0,2726379,0
2702061,8606,-3834,886,61,-847,787,3235,421,0,4,464,19371,79,34,79,16,0,0,0,0,0,0,0,-32286,0,0,0,0,0,2726384,0
2702066,8684,-3838,732,-7,-806,793,3325,393,-7,9,392,19368,73,34,79,16,0,0,0,0,0,0,0,-32286,0,0,0,0,0,2726399,0
2702071,8546,-3760,618,-58,-777,772,3412,377,-25,13,352,19368,73,34,79,16,0,0,0,0,0,0,0,-32286,0,0,0,0,0,2726404,0
2702076,8210,-3624,424,-101,-653,659,3494,353,-46,17,280,19371,69,34,79,16,0,0,0,0,0,0,0,-32286,0,0,0,0,0,2726419,0
2702081,8208,-3600,214,-70,-591,579,3572,338,-65,2,264,19371,69,34,79,16,0,0,0,0,0,0,0,-32286,0,0,0,0,0,2726423,0
2702086,7914,-3410,132,-41,-551,478,3651,343,-62,0,272,19372,70,34,79,16,0,0,0,0,0,0,0,-32286,0,0,0,0,0,2726438,0
2702091,7796,-3444,-138,7,-546,375,3729,344,-37,2,256,19372,70,34,79,16,0,0,0,0,0,0,0,-32286,0,0,0,0,0,2726443,0
2702096,7138,-3510,-422,-106,-555,205,3803,333,-23,6,248,19374,70,34,79,16,0,0,0,0,0,0,0,-32286,0,0,0,0,0,2726458,0
2702101,6790,-3780,-506,-134,-583,150,3874,310,-26,1,208,19374,70,34,79,16,0,0,0,0,0,0,0,-32286,0,0,0,0,0,2726463,0
2702106,6448,-4066,-420,-121,-672,86,3943,301,-33,3,216,19374,73,34,79,16,0,0,0,0,0,0,0,-32286,0,0,0,0,0,2726478,0
2702111,6278,-4354,-298,-54,-776,9,4014,315,-35,-5,232,19374,73,34,79,16,0,0,0,0,0,0,0,-32286,0,0,0,0,0,2726483,0
2702116,6066,-4886,-64,184,-987,-84,4090,336,-7,-7,288,19373,69,34,79,16,0,0,0,0,0,0,0,-32286,0,0,0,0,0,2726498,0
2702121,5978,-4988,106,303,-1094,-98,4171,356,21,-1,296,19373,69,34,79,16,0,0,0,0,0,0,0,-32285,0,0,0,0,0,2726503,0
2702126,6058,-4976,240,382,-1168,-118,4249,346,38,6,272,19374,68,34,79,16,0,0,0,0,0,0,0,-32286,0,0,0,0,0,2726518,0
2702131,6232,-4902,320,477,-1170,-122,4327,343,37,4,264,19374,68,34,79,16,0,0,0,0,0,0,0,-32286,0,0,0,0,0,2726523,0
2702136,6586,-4540,514,683,-1193,-124,4400,326,5,5,240,19373,70,34,79,16,0,0,0,0,0,0,0,-32286,0,0,0,0,0,2726538,0
2702141,6888,-4308,576,811,-1176,-122,4478,335,-9,-3,272,19373,70,34,79,16,0,0,0,0,0,0,0,-32286,0,0,0,0,0,2726543,0
2702146,6968,-4162,606,868,-1140,-108,4558,349,-11,-2,288,19374,78,34,79,16,0,0,0,0,0,0,0,-32286,0,0,0,0,0,2726558,0
2702151,7132,-4024,516,906,-1108,-70,4636,345,11,0,256,19374,78,34,79,16,0,0,0,0,0,0,0,-32286,0,0,0,0,0,2726563,0
2702156,7110,-3772,484,878,-1025,44,4707,316,2,9,216,19374,82,34,79,16,0,0,0,0,0,0,0,-32286,0,0,0,0,0,2726578,0
2702161,7168,-3684,452,892,-971,106,4776,293,-26,0,176,19374,82,34,79,16,0,0,0,0,0,0,0,-32286,0,0,0,0,0,2726583,0
2702166,7066,-3410,508,920,-933,151,4838,276,-51,4,152,19375,84,34,79,16,0,0,0,0,0,0,0,-32286,0,0,0,0,0,2726598,0
2702171,7112,-3194,472,924,-926,149,4903,278,-61,-8,184,19375,84,34,79,16,0,0,0,0,0,0,0,-32286,0,0,0,0,0,2726603,0
2702176,7214,-2884,350,1029,-858,228,4966,288,-44,1,192,19373,79,34,79,16,0,0,0,0,0,0,0,-32286,0,0,0,0,0,2726618,0
2702181,7228,-2698,286,1040,-884,228,5032,285,-17,0,200,19373,79,34,79,16,0,0,0,0,0,0,0,-32286,0,0,0,0,0,2726623,0
2702186,7272,-2562,204,1020,-853,248,5098,287,2,9,168,19372,76,34,79,16,0,0,0,0,0,0,0,-32286,0,0,0,0,0,2726638,0
2702191,7182,-2352,126,945,-839,259,5158,267,2,2,152,19372,76,34,79,16,0,0,0,0,0,0,0,-32286,0,0,0,0,0,2726643,0
2702196,7274,-2540,-50,911,-849,306,5218,272,-12,-6,168,19371,74,34,79,16,0,0,0,0,0,0,0,-32286,0,0,0,0,0,2726658,0
2702201,7072,-2476,-28,943,-903,283,5278,265,-24,-3,160,19371,74,34,79,16,0,0,0,0,0,0,0,-32286,0,0,0,0,0,2726663,0
2702206,7156,-2470,-142,980,-944,265,5340,273,-19,-1,184,19368,75,34,79,16,0,0,0,0,0,0,0,-32286,0,0,0,0,0,2726678,0
2702211,7206,-2538,-214,993,-971,302,5403,277,-2,-5,192,19368,75,34,79,16,0,0,0,0,0,0,0,-32285,0,0,0,0,0,2726683,0
2702216,7112,-2492,-164,970,-1019,339,5469,294,14,-1,208,19368,78,34,79,16,0,0,0,0,0,0,0,-32286,0,0,0,0,0,2726698,0
2702221,7166,-2476,-180,955,-1010,364,5535,295,20,0,192,19368,78,34,79,16,0,0,0,0,0,0,0,-32286,0,0,0,0,0,2726703,0
2702226,7232,-2394,-146,944,-1016,384,5597,278,18,0,168,19369,81,34,79,16,0,0,0,0,0,0,0,-32286,0,0,0,0,0,2726718,0
2702231,7434,-2490,-114,947,-998,410,5657,272,-7,-9,184,19369,81,34,79,16,0,0,0,0,0,0,0,-32286,0,0,0,0,0,2726724,0
2702236,7390,-2406,78,889,-927,461,5713,245,-23,0,120,19371,80,34,79,16,0,0,0,0,0,0,0,-32286,0,0,0,0,0,2726741,0
2702241,7530,-2422,50,844,-854,491,5761,216,-52,-5,112,19371,80,34,79,16,0,0,0,0,0,0,0,-32286,0,0,0,0,0,2726746,0
2702246,7628,-2510,70,836,-815,506,5807,204,-65,0,88,19368,83,34,79,16,0,0,0,0,0,0,0,-32286,0,0,0,0,0,2726761,0
2702251,7580,-2350,130,838,-744,507,5850,189,-69,3,88,19368,83,34,79,16,0,0,0,0,0,0,0,-32286,0,0,0,0,0,2726766,0
2702256,7606,-2250,64,817,-656,539,5887,160,-65,1,72,19368,88,34,79,16,0,0,0,0,0,0,0,-32286,0,0,0,0,0,2726781,0
2702261,7804,-2302,-30,804,-610,553,5925,166,-59,-7,64,19368,88,34,79,16,0,0,0,0,0,0,0,-32286,0,0,0,0,0,2726786,0
2702266,7682,-2146,-24,802,-574,547,5959,142,-51,2,64,19369,87,34,79,16,0,0,0,0,0,0,0,-32286,0,0,0,0,0,2726801,0
2702271,7788,-2154,-146,776,-541,554,5986,128,-45,0,32,19369,87,34,79,16,0,0,0,0,0,0,0,-32286,0,0,0,0,0,2726806,0
2702276,7694,-1964,-142,614,-492,566,6004,68,-68,8,16,19370,91,34,79,16,0,0,0,0,0,0,0,-32286,0,0,0,0,0,2726820,0
2702281,7966,-1852,-146,632,-448,522,6009,27,-98,0,8,19370,91,34,79,16,0,0,0,0,0,0,0,-32286,0,0,0,0,0,2726825,0
2702286,7922,-1766,-114,663,-432,495,6015,21,-118,0,8,19371,85,34,79,16,0,0,0,0,0,0,0,-32286,0,0,0,0,0,2726840,0
2702291,7978,-1784,-128,653,-442,463,6019,21,-103,0,8,19371,85,34,79,16,0,0,0,0,0,0,0,-32287,0,0,0,0,0,2726845,0
2702296,8094,-1812,54,645,-363,402,6025,23,-63,-1,8,19372,88,34,79,16,0,0,0,0,0,0,0,-32286,0,0,0,0,0,2726860,0
2702301,8120,-1852,186,677,-306,379,6031,24,-17,0,8,19372,88,34,79,16,0,0,0,0,0,0,0,-32286,0,0,0,0,0,2726865,0
2702306,8034,-1854,266,696,-256,350,6037,24,5,1,8,19372,79,34,79,16,0,0,0,0,0,0,0,-32286,0,0,0,0,0,2726880,0
2702311,8034,-1922,208,690,-211,333,6039,9,-1,2,0,19372,79,34,79,16,0,0,0,0,0,0,0,-32286,0,0,0,0,0,2726885,0
2702316,7884,-1894,48,544,-63,347,6040,6,-18,1,0,19372,72,34,79,16,0,0,0,0,0,0,0,-32286,0,0,0,0,0,2726900,0
2702321,7794,-2000,-44,444,5,382,6039,1,-25,-1,0,19372,72,34,79,16,0,0,0,0,0,0,0,-32286,0,0,0,0,0,2726905,0
2702326,7586,-2118,-114,348,47,414,6041,11,-18,-3,8,19371,69,34,79,16,0,0,0,0,0,0,0,-32286,0,0,0,0,0,2726920,0
2702331,7492,-2158,-174,329,73,424,6045,20,-1,-2,16,19371,69,34,79,16,0,0,0,0,0,0,0,-32285,0,0,0,0,0,2726925,0
2702336,7156,-2246,-354,500,-20,407,6054,36,22,-1,16,19370,77,34,79,16,0,0,0,0,0,0,0,-32286,0,0,0,0,0,2726940,0
2702341,7422,-2148,-542,488,-58,377,6068,65,39,-3,32,19370,77,34,79,16,0,0,0,0,0,0,0,-32286,0,0,0,0,0,2726945,0
2702346,7608,-1682,-376,613,-12,319,6094,124,71,-9,72,19371,86,34,79,16,0,0,0,0,0,0,0,-32286,0,0,0,0,0,2726960,0
2702351,7506,-1646,-270,696,9,271,6133,171,116,-1,88,19371,86,34,79,16,0,0,0,0,0,0,0,-32286,0,0,0,0,0,2726965,0
2702356,7898,-1464,-440,669,2,176,6183,220,149,2,144,19370,95,34,79,16,0,0,0,0,0,0,0,-32286,0,0,0,0,0,2726980,0
2702361,7784,-1398,-372,730,33,104,6241,255,164,0,192,19370,95,34,79,16,0,0,0,0,0,0,0,-32286,0,0,0,0,0,2726985,0
2702366,7912,-1516,-454,813,9,35,6311,319,171,-5,280,19371,88,34,79,16,0,0,0,0,0,0,0,-32285,0,0,0,0,0,2727000,0
2702371,8036,-1426,-490,894,-12,-23,6391,369,161,-4,360,19371,88,34,79,16,0,0,0,0,0,0,0,-32286,0,0,0,0,0,2727005,0
2702376,8126,-1218,-380,908,-17,-103,6485,407,166,-8,424,19371,76,34,79,16,0,0,0,0,0,0,0,-32286,0,0,0,0,0,2727020,0
2702381,8246,-1102,-400,796,-1,-134,6579,423,151,-3,472,19371,76,34,79,16,0,0,0,0,0,0,0,-32285,0,0,0,0,0,2727025,0
2702386,8308,-1242,-374,734,62,-149,6675,418,124,0,464,19372,78,34,79,16,0,0,0,0,0,0,0,-32286,0,0,0,0,0,2727040,0
2702391,8170,-1294,-228,666,74,-185,6775,452,77,-4,544,19372,78,34,79,16,0,0,0,0,0,0,0,-32286,0,0,0,0,0,2727045,0
2702396,8370,-1568,-34,675,142,-255,6883,478,58,-2,616,19371,77,34,79,16,0,0,0,0,0,0,0,-32286,0,0,0,0,0,2727060,0
2702401,8310,-1834,22,641,163,-268,6993,483,58,3,632,19371,77,34,79,16,0,0,0,0,0,0,0,-32286,0,0,0,0,0,2727065,0
2702406,8320,-1930,8,595,206,-273,7103,486,58,1,616,19371,79,34,79,16,0,0,0,0,0,0,0,-32286,0,0,0,0,0,2727080,0
2702411,8324,-1968,82,568,246,-281,7215,501,51,-5,680,19371,79,34,79,16,0,0,0,0,0,0,0,-32286,0,0,0,0,0,2727085,0
2702416,8250,-2476,204,627,280,-297,7335,524,40,-1,744,19372,80,34,79,16,0,0,0,0,0,0,0,-32286,0,0,0,0,0,2727100,0
2702421,8142,-2644,250,671,272,-305,7455,529,41,14,712,19372,80,34,79,16,0,0,0,0,0,0,0,-32285,0,0,0,0,0,2727105,0
2702426,8238,-2730,184,714,280,-304,7575,525,43,7,696,19373,78,34,79,16,0,0,0,0,0,0,0,-32286,0,0,0,0,0,2727120,0
2702431,8180,-2630,200,770,285,-310,7698,546,37,2,760,19373,78,34,79,16,0,0,0,0,0,0,0,-32286,0,0,0,0,0,2727125,0
2702436,8138,-2744,166,886,256,-334,7826,561,31,5,768,19374,82,34,79,16,0,0,0,0,0,0,0,-32286,0,0,0,0,0,2727140,0
2702441,8072,-2548,92,931,246,-344,7952,562,30,6,768,19374,82,34,79,16,0,0,0,0,0,0,0,-32285,0,0,0,0,0,2727145,0
2702446,8148,-2540,-34,973,238,-349,8079,557,31,3,736,19373,82,34,79,16,0,0,0,0,0,0,0,-32286,0,0,0,0,0,2727160,0
2702451,8144,-2254,-122,1001,228,-357,8206,557,15,2,752,19373,82,34,79,16,0,0,0,0,0,0,0,-32286,0,0,0,0,0,2727165,0
2702456,8166,-2058,-288,1027,188,-373,8331,542,5,5,688,19375,78,33,79,16,0,0,0,0,0,0,0,-32286,0,0,0,0,0,2727180,0
2702461,8118,-2004,-394,1010,159,-362,8455,533,-8,6,672,19375,78,33,79,16,0,0,0,0,0,0,0,-32286,0,0,0,0,0,2727185,0
2702466,8214,-1772,-422,987,144,-357,8573,513,-27,-1,632,19375,75,33,79,16,0,0,0,0,0,0,0,-32286,0,0,0,0,0,2727200,0
2702471,8220,-1638,-436,964,119,-356,8687,498,-37,-6,592,19375,75,33,79,16,0,0,0,0,0,0,0,-32286,0,0,0,0,0,2727205,0
2702476,8416,-1468,-418,938,86,-357,8799,487,-52,-3,560,19374,84,34,79,16,0,0,0,0,0,0,0,-32286,0,0,0,0,0,2727220,0
2702481,8360,-1446,-394,890,80,-329,8905,462,-58,-2,512,19374,84,34,79,16,0,0,0,0,0,0,0,-32286,0,0,0,0,0,2727225,0
2702486,8436,-1332,-334,831,78,-317,9003,429,-62,-1,440,19373,82,34,79,16,0,0,0,0,0,0,0,-32286,0,0,0,0,0,2727240,0
2702491,8598,-1222,-320,797,68,-317,9100,417,-72,-5,432,19373,82,34,79,16,0,0,0,0,0,0,0,-32286,0,0,0,0,0,2727245,0
2702496,8740,-1404,-208,766,72,-325,9194,418,-71,-3,440,19372,83,34,79,16,0,0,0,0,0,0,0,-32285,0,0,0,0,0,2727260,0
2702501,8696,-1668,-150,743,78,-303,9283,387,-59,4,368,19372,83,34,79,16,0,0,0,0,0,0,0,-32285,0,0,0,0,0,2727265,0
2702506,8822,-1918,-206,707,55,-296,9369,369,-51,10,320,19370,74,34,79,16,0,0,0,0,0,0,0,-32286,0,0,0,0,0,2727280,0
2702511,8928,-2208,-212,665,90,-281,9450,351,-55,11,296,19370,74,34,79,16,0,0,0,0,0,0,0,-32286,0,0,0,0,0,2727284,0
2702516,9112,-3038,-330,734,121,-329,9530,359,-47,-1,296,19368,78,34,79,16,0,0,0,0,0,0,0,-32285,0,0,0,0,0,2727299,0
2702521,9132,-3304,-306,883,114,-336,9611,355,-45,-5,312,19368,78,34,79,16,0,0,0,0,0,0,0,-32285,0,0,0,0,0,2727304,0
2702526,9124,-3568,-298,992,56,-342,9689,338,-26,8,256,19365,77,34,79,16,0,0,0,0,0,0,0,-32286,0,0,0,0,0,2727319,0
2702531,9162,-3528,-302,1002,2,-364,9759,305,-31,11,200,19365,77,34,79,16,0,0,0,0,0,0,0,-32286,0,0,0,0,0,2727324,0
2702536,9256,-3252,-256,960,-37,-356,9821,270,-45,11,128,19368,77,34,79,16,0,0,0,0,0,0,0,-32286,0,0,0,0,0,2727339,0
2702541,9250,-3248,-254,867,-107,-334,9874,217,-95,-3,88,19368,77,34,79,16,0,0,0,0,0,0,0,-32286,0,0,0,0,0,2727344,0
2702546,9284,-3120,-248,811,-169,-342,9921,208,-114,-6,96,19369,73,34,79,16,0,0,0,0,0,0,0,-32286,0,0,0,0,0,2727359,0
2702551,9078,-2874,-108,734,-210,-334,9963,179,-113,0,80,19369,73,34,79,16,0,0,0,0,0,0,0,-32286,0,0,0,0,0,2727364,0
2702556,8902,-2542,24,480,-418,-284,9997,143,-109,1,40,19375,70,34,79,16,0,0,0,0,0,0,0,-32286,0,0,0,0,0,2727379,0
2702561,9008,-2374,214,386,-468,-277,10026,130,-104,-4,48,19375,70,34,79,16,0,0,0,0,0,0,0,-32285,0,0,0,0,0,2727384,0
2702566,9046,-2224,602,268,-393,-221,10045,83,-92,7,16,19376,73,34,79,16,0,0,0,0,0,0,0,-32286,0,0,0,0,0,2727399,0
2702571,8838,-2154,840,194,-472,-235,10052,19,-116,6,-8,19376,73,34,79,16,0,0,0,0,0,0,0,-32285,0,0,0,0,0,2727418,0
2702576,9164,-2112,1090,203,-500,-297,10053,3,-137,0,0,19376,74,34,79,16,0,0,0,0,0,0,0,-32286,0,0,0,0,0,2727421,0
2702581,9238,-2126,1166,115,-453,-340,10051,-6,-125,-2,-8,19376,74,34,79,16,0,0,0,0,0,0,0,-32286,0,0,0,0,0,2727426,0
2702586,9350,-2372,1070,34,-436,-369,10051,-4,-102,-1,-8,19371,86,34,79,16,0,0,0,0,0,0,0,-32285,0,0,0,0,0,2727439,0
2702591,9512,-2802,1006,94,-470,-426,10052,-1,-50,0,-8,19371,86,34,79,16,0,0,0,0,0,0,0,-32286,0,0,0,0,0,2727444,0
2702596,9670,-3414,1070,292,-480,-556,10052,3,-5,0,-8,19370,84,34,79,16,0,0,0,0,0,0,0,-32286,0,0,0,0,0,2727459,0
2702601,9624,-3444,1132,234,-371,-563,10051,5,3,-1,0,19370,84,34,79,16,0,0,0,0,0,0,0,-32286,0,0,0,0,0,2727464,0
2702606,9384,-3644,1146,56,-266,-545,10052,5,-2,0,-8,19369,84,34,79,16,0,0,0,0,0,0,0,-32285,0,0,0,0,0,2727479,0
2702611,9230,-4056,1024,-166,-209,-525,10050,-7,-3,1,-8,19369,84,34,79,16,0,0,0,0,0,0,0,-32286,0,0,0,0,0,2727484,0
2702616,8638,-4778,950,-466,-78,-440,10048,-11,-3,0,-8,19370,86,34,79,16,0,0,0,0,0,0,0,-32286,0,0,0,0,0,2727499,0
2702621,8120,-4986,788,-455,-86,-429,10048,-10,-7,-1,-8,19370,86,34,79,16,0,0,0,0,0,0,0,-32285,0,0,0,0,0,2727504,0
2702626,7866,-5308,866,-537,-112,-373,10046,-7,-6,-1,-8,19370,83,34,79,16,0,0,0,0,0,0,0,-32286,0,0,0,0,0,2727519,0
2702631,7342,-5588,920,-639,-146,-331,10045,0,-1,-1,-8,19370,83,34,79,16,0,0,0,0,0,0,0,-32286,0,0,0,0,0,2727524,0
2702636,6452,-6440,1090,-650,-145,-239,10044,-7,-4,-1,-8,19370,91,34,79,16,0,0,0,0,0,0,0,-32286,0,0,0,0,0,2727539,0
2702641,6198,-6498,1368,-504,-237,-262,10043,-3,-1,0,-16,19370,91,34,79,16,0,0,0,0,0,0,0,-32286,0,0,0,0,0,2727544,0
2702646,6856,-5796,2422,714,-435,-851,10031,-57,-12,7,-56,19370,89,34,79,16,0,0,0,0,0,0,0,-32286,0,0,0,0,0,2727559,0
2702651,6190,-8318,1962,2087,-518,-985,10001,-142,-70,11,-88,19370,89,34,79,16,0,0,0,0,0,0,0,-32286,0,0,0,0,0,2727564,0
2702656,6748,-4422,2608,1827,-555,-937,9952,-222,-150,12,-208,19373,89,34,79,16,0,0,0,0,0,0,0,-32286,0,0,0,0,0,2727578,0
2702661,6478,-4598,1638,919,-368,-811,9875,-346,-243,17,-400,19373,89,34,79,16,0,0,0,0,0,0,0,-32286,0,0,0,0,0,2727583,0
2702666,6104,-5432,1446,353,-206,-699,9761,-515,-338,41,-864,19373,86,34,79,16,0,0,0,0,0,0,0,-32286,0,0,0,0,0,2727598,0
2702671,5424,-6554,1664,179,-130,-572,9607,-691,-428,36,-1336,19373,86,34,79,16,0,0,0,0,0,0,0,-32286,0,0,0,0,0,2727603,0
2702676,5366,-7404,1776,649,-118,-358,9410,-882,-528,10,-1744,19374,71,34,79,16,0,0,0,0,0,0,0,-32286,0,0,0,0,0,2727618,0
2702681,4954,-6928,1812,616,-24,-189,9164,-1101,-609,11,-2240,19374,71,34,79,16,0,0,0,0,0,0,0,-32285,0,0,0,0,0,2727623,0
2702686,5234,-6338,1692,389,98,-2,8870,-1313,-668,9,-2688,19373,71,34,79,16,0,0,0,0,0,0,0,-32286,0,0,0,0,0,2727638,0
2702691,5486,-6684,1676,-134,519,388,8534,-1502,-698,-6,-3040,19373,71,34,79,16,0,0,0,0,0,0,0,-32286,0,0,0,0,0,2727643,0
2702696,4948,-7484,888,-44,374,702,8162,-1652,-688,-12,-3344,19371,72,34,79,16,0,0,0,0,0,0,0,-32286,0,0,0,0,0,2727658,0
2702701,5000,-6672,834,284,220,827,7759,-1790,-644,-15,-3576,19371,72,34,79,16,0,0,0,0,0,0,0,-32286,0,0,0,0,0,2727663,0
2702706,5370,-5298,568,315,124,909,7332,-1892,-560,-18,-3768,19368,87,34,79,16,0,0,0,0,0,0,0,-32285,0,0,0,0,0,2727678,0
2702711,5994,-4318,210,173,96,1001,6887,-1962,-464,-10,-3904,19368,87,34,79,16,0,0,0,0,0,0,0,-32285,0,0,0,0,0,2727683,0
2702716,6834,-3210,-72,-327,-47,1106,6432,-2007,-368,-4,-3992,19366,93,34,79,16,0,0,0,0,0,0,0,-32286,0,0,0,0,0,2727698,0
2702721,7296,-2768,-66,-452,-156,1114,5970,-2039,-275,3,-4056,19366,93,34,79,16,0,0,0,0,0,0,0,-32286,0,0,0,0,0,2727703,0
2702726,7766,-2254,78,-518,-275,1086,5504,-2057,-181,4,-4096,19368,93,34,79,16,0,0,0,0,0,0,0,-32285,0,0,0,0,0,2727718,0
2702731,8262,-2070,250,-636,-384,1098,5033,-2065,-121,-7,-4088,19368,93,34,79,16,0,0,0,0,0,0,0,-32285,0,0,0,0,0,2727723,0
2702736,9326,-1402,818,-906,-549,975,4561,-2075,-82,-17,-4048,19369,92,34,79,16,0,0,0,0,0,0,0,-32286,0,0,0,0,0,2727738,0
2702741,9848,-1218,1086,-855,-597,843,4094,-2052,-44,-19,-3992,19369,92,34,79,16,0,0,0,0,0,0,0,-32286,0,0,0,0,0,2727743,0
2702746,10166,-1030,1356,-686,-670,674,3637,-2011,5,-9,-3864,19369,96,34,79,16,0,0,0,0,0,0,0,-32286,0,0,0,0,0,2727761,0
2702751,10520,-898,1424,-551,-790,497,3192,-1949,68,-6,-3744,19369,96,34,79,16,0,0,0,0,0,0,0,-32286,0,0,0,0,0,2727766,0
2702756,11114,-246,2000,-684,-627,302,2761,-1889,128,5,-3616,19370,98,34,79,16,0,0,0,0,0,0,0,-32286,0,0,0,0,0,2727778,0
2702761,11216,-304,2662,-906,-325,215,2346,-1822,178,8,-3496,19370,98,34,79,16,0,0,0,0,0,0,0,-32286,0,0,0,0,0,2727783,0
2702766,10978,-750,2894,-1016,-14,139,1946,-1755,213,7,-3360,19370,97,34,79,16,0,0,0,0,0,0,0,-32286,0,0,0,0,0,2727798,0
2702771,10868,-1542,2988,-987,219,88,1561,-1688,228,7,-3224,19370,97,34,79,16,0,0,0,0,0,0,0,-32286,0,0,0,0,0,2727803,0
2702776,10066,-1944,3244,-819,774,-17,1188,-1631,223,-1,-3088,19371,96,34,79,16,0,0,0,0,0,0,0,-32286,0,0,0,0,0,2727818,0
2702781,9720,-2114,3004,-862,1069,-13,826,-1585,214,-7,-2976,19371,96,34,79,16,0,0,0,0,0,0,0,-32286,0,0,0,0,0,2727823,0
2702786,8928,-2152,2490,-892,1260,-30,478,-1526,199,-14,-2824,19372,95,34,79,16,0,0,0,0,0,0,0,-32285,0,0,0,0,0,2727838,0
2702791,8742,-2624,2224,-955,1493,16,144,-1456,203,-10,-2640,19372,95,34,79,16,0,0,0,0,0,0,0,-32286,0,0,0,0,0,2727843,0
2702796,7548,-3038,1250,-975,1664,46,-173,-1396,204,-11,-2512,19369,97,34,79,16,0,0,0,0,0,0,0,-32285,0,0,0,0,0,2727858,0
2702801,7008,-3134,752,-915,1649,75,-470,-1308,231,-5,-2312,19369,97,34,79,16,0,0,0,0,0,0,0,-32285,0,0,0,0,0,2727863,0
2702806,6496,-3048,456,-871,1579,73,-747,-1202,258,-2,-2064,19369,92,34,79,16,0,0,0,0,0,0,0,-32285,0,0,0,0,0,2727878,0
2702811,6316,-2914,-12,-902,1539,111,-1005,-1126,286,-2,-1896,19369,92,34,79,16,0,0,0,0,0,0,0,-32286,0,0,0,0,0,2727883,0
2702816,6022,-2832,-394,-910,1347,82,-1239,-1024,304,-2,-1696,19371,86,34,79,16,0,0,0,0,0,0,0,-32286,0,0,0,0,0,2727898,0
2702821,5760,-2698,-518,-814,1148,27,-1455,-945,314,4,-1528,19371,86,34,79,16,0,0,0,0,0,0,0,-32286,0,0,0,0,0,2727903,0
2702826,5916,-2914,-618,-722,941,26,-1652,-857,316,2,-1360,19372,72,34,79,16,0,0,0,0,0,0,0,-32285,0,0,0,0,0,2727918,0
2702831,5898,-2644,-506,-703,805,11,-1839,-812,286,7,-1272,19372,72,34,79,16,0,0,0,0,0,0,0,-32286,0,0,0,0,0,2727923,0
2702836,6006,-2622,-322,-937,635,111,-2011,-753,257,1,-1168,19371,78,34,79,16,0,0,0,0,0,0,0,-32286,0,0,0,0,0,2727938,0
2702841,6034,-2516,42,-1087,596,146,-2174,-712,214,3,-1072,19371,78,34,79,16,0,0,0,0,0,0,0,-32286,0,0,0,0,0,2727943,0
2702846,6178,-2770,284,-1156,601,201,-2327,-667,190,-3,-968,19369,75,34,79,16,0,0,0,0,0,0,0,-32286,0,0,0,0,0,2727958,0
2702851,6290,-2888,638,-1107,551,227,-2471,-622,168,0,-872,19369,75,34,79,16,0,0,0,0,0,0,0,-32285,0,0,0,0,0,2727963,0
2702856,6474,-2774,944,-1003,474,266,-2604,-581,156,2,-792,19368,77,34,79,16,0,0,0,0,0,0,0,-32286,0,0,0,0,0,2727978,0
2702861,6686,-2476,1062,-978,510,289,-2729,-546,144,0,-720,19368,77,34,79,16,0,0,0,0,0,0,0,-32285,0,0,0,0,0,2727983,0
2702866,6734,-2288,1146,-1009,493,286,-2846,-509,144,7,-592,19370,77,34,79,16,0,0,0,0,0,0,0,-32286,0,0,0,0,0,2727998,0
2702871,6962,-2026,1126,-1042,531,282,-2954,-464,137,8,-528,19370,77,34,79,16,0,0,0,0,0,0,0,-32286,0,0,0,0,0,2728003,0
2702876,6968,-1970,1222,-1110,602,293,-3054,-439,130,11,-464,19372,76,34,79,16,0,0,0,0,0,0,0,-32286,0,0,0,0,0,2728018,0
2702881,6926,-2082,1206,-1126,635,289,-3148,-412,128,4,-416,19372,76,34,79,16,0,0,0,0,0,0,0,-32286,0,0,0,0,0,2728023,0
2702886,6896,-2008,1162,-1065,620,250,-3235,-377,113,-5,-344,19372,78,34,79,16,0,0,0,0,0,0,0,-32286,0,0,0,0,0,2728037,0
2702891,6868,-1984,1058,-995,648,243,-3314,-343,113,-16,-272,19372,78,34,79,16,0,0,0,0,0,0,0,-32286,0,0,0,0,0,2728042,0
2702896,6604,-1788,880,-965,661,217,-3381,-292,112,-11,-176,19373,73,34,79,16,0,0,0,0,0,0,0,-32286,0,0,0,0,0,2728057,0
2702901,6258,-1650,900,-1004,655,200,-3444,-272,121,2,-168,19373,73,34,79,16,0,0,0,0,0,0,0,-32286,0,0,0,0,0,2728062,0
2702906,6250,-1546,774,-1011,669,169,-3501,-249,126,4,-120,19371,74,34,79,16,0,0,0,0,0,0,0,-32286,0,0,0,0,0,2728077,0
2702911,6124,-1762,612,-1020,680,184,-3540,-213,110,2,-112,19371,74,34,79,16,0,0,0,0,0,0,0,-32286,0,0,0,0,0,2728082,0
2702916,5708,-1636,526,-959,633,156,-3589,-216,92,5,-104,19371,76,34,79,16,0,0,0,0,0,0,0,-32286,0,0,0,0,0,2728097,0
2702921,5592,-1754,436,-902,607,165,-3630,-178,82,-2,-72,19371,76,34,79,16,0,0,0,0,0,0,0,-32285,0,0,0,0,0,2728102,0
2702926,5446,-1534,442,-834,566,124,-3659,-124,96,3,-32,19372,81,34,79,16,0,0,0,0,0,0,0,-32286,0,0,0,0,0,2728117,0
2702931,5418,-1532,330,-814,548,126,-3670,-40,138,-2,-16,19372,81,34,79,16,0,0,0,0,0,0,0,-32286,0,0,0,0,0,2728122,0
2702936,5288,-1508,250,-936,574,172,-3671,0,170,-3,0,19370,79,34,79,16,0,0,0,0,0,0,0,-32286,0,0,0,0,0,2728137,0
2702941,5248,-1572,226,-975,570,187,-3670,5,178,0,0,19370,79,34,79,16,0,0,0,0,0,0,0,-32286,0,0,0,0,0,2728142,0
2702946,5332,-1660,228,-964,565,182,-3669,1,128,1,0,19369,68,34,79,16,0,0,0,0,0,0,0,-32286,0,0,0,0,0,2728157,0
2702951,5356,-1694,282,-912,545,170,-3668,2,59,0,0,19369,68,34,79,16,0,0,0,0,0,0,0,-32286,0,0,0,0,0,2728162,0
2702956,5518,-1676,326,-832,533,148,-3669,0,8,0,0,19370,74,34,79,16,0,0,0,0,0,0,0,-32286,0,0,0,0,0,2728177,0
2702961,5602,-1668,334,-848,527,135,-3669,-4,-6,0,-8,19370,74,34,79,16,0,0,0,0,0,0,0,-32286,0,0,0,0,0,2728182,0
2702966,5760,-1676,316,-861,547,147,-3669,-2,-4,0,0,19371,69,34,79,16,0,0,0,0,0,0,0,-32286,0,0,0,0,0,2728197,0
2702971,5824,-1704,370,-889,551,151,-3667,3,0,0,0,19371,69,34,79,16,0,0,0,0,0,0,0,-32286,0,0,0,0,0,2728202,0
2702976,5990,-1816,450,-999,580,165,-3667,10,1,-1,0,19374,83,34,79,16,0,0,0,0,0,0,0,-32286,0,0,0,0,0,2728217,0
2702981,6144,-1844,478,-1020,599,177,-3667,4,4,-1,8,19374,83,34,79,16,0,0,0,0,0,0,0,-32286,0,0,0,0,0,2728222,0
2702986,6174,-1840,544,-997,582,156,-3661,25,17,0,8,19374,78,34,79,16,0,0,0,0,0,0,0,-32286,0,0,0,0,0,2728237,0
2702991,6350,-1860,548,-922,536,114,-3652,40,24,0,16,19374,78,34,79,16,0,0,0,0,0,0,0,-32286,0,0,0,0,0,2728242,0
2702996,6680,-1756,468,-795,380,70,-3639,56,46,0,16,19374,86,34,79,16,0,0,0,0,0,0,0,-32285,0,0,0,0,0,2728257,0
2703001,6818,-1772,410,-804,308,59,-3629,46,38,3,8,19374,86,34,79,16,0,0,0,0,0,0,0,-32286,0,0,0,0,0,2728262,0
2703006,7014,-1674,370,-854,239,48,-3630,-7,-4,4,-8,19372,81,34,79,16,0,0,0,0,0,0,0,-32286,0,0,0,0,0,2728277,0
2703011,7284,-1642,560,-822,179,14,-3630,-9,-34,0,0,19372,81,34,79,16,0,0,0,0,0,0,0,-32286,0,0,0,0,0,2728282,0
2703016,7414,-1794,360,-893,-29,-19,-3630,1,-51,0,-8,19371,78,34,79,16,0,0,0,0,0,0,0,-32286,0,0,0,0,0,2728297,0
2703021,7656,-1762,566,-904,3,-6,-3630,6,-43,1,0,19371,78,34,79,16,0,0,0,0,0,0,0,-32286,0,0,0,0,0,2728302,0
2703026,7718,-1744,1002,-938,72,-7,-3630,-2,-8,1,0,19369,66,34,79,16,0,0,0,0,0,0,0,-32286,0,0,0,0,0,2728317,0
2703031,7836,-1834,1258,-939,96,-25,-3630,0,7,1,0,19369,66,34,79,16,0,0,0,0,0,0,0,-32285,0,0,0,0,0,2728322,0
2703036,8034,-2168,1448,-787,130,-56,-3630,-3,3,2,0,19371,67,34,79,16,0,0,0,0,0,0,0,-32285,0,0,0,0,0,2728337,0
2703041,8150,-2328,1432,-710,130,-60,-3630,0,2,0,0,19371,67,34,79,16,0,0,0,0,0,0,0,-32286,0,0,0,0,0,2728342,0
2703046,8246,-2264,1470,-668,185,-59,-3629,3,-1,0,0,19371,64,34,79,16,0,0,0,0,0,0,0,-32286,0,0,0,0,0,2728357,0
2703051,8316,-2300,1618,-694,250,-40,-3628,4,0,0,0,19371,64,34,79,16,0,0,0,0,0,0,0,-32285,0,0,0,0,0,2728362,0
2703056,8534,-2372,1662,-787,387,-12,-3628,6,3,1,0,19371,71,34,79,16,0,0,0,0,0,0,0,-32286,0,0,0,0,0,2728377,0
2703061,8570,-2462,1742,-799,437,-8,-3629,2,1,0,0,19371,71,34,79,16,0,0,0,0,0,0,0,-32286,0,0,0,0,0,2728382,0
2703066,8718,-2498,1720,-770,483,1,-3628,-7,1,0,0,19371,66,34,79,16,0,0,0,0,0,0,0,-32286,0,0,0,0,0,2728397,0
2703071,8796,-2556,1680,-746,499,-4,-3627,-1,0,0,0,19371,66,34,79,16,0,0,0,0,0,0,0,-32286,0,0,0,0,0,2728402,0
2703076,8986,-2514,1674,-713,517,-6,-3623,7,1,2,0,19374,69,34,79,16,0,0,0,0,0,0,0,-32286,0,0,0,0,0,2728417,0
2703081,9094,-2414,1618,-720,507,-7,-3622,14,6,0,8,19374,69,34,79,16,0,0,0,0,0,0,0,-32286,0,0,0,0,0,2728422,0
2703086,9316,-2360,1578,-727,515,-18,-3617,17,8,1,8,19374,74,34,79,16,0,0,0,0,0,0,0,-32286,0,0,0,0,0,2728437,0
2703091,9340,-2254,1610,-734,522,-30,-3614,14,12,0,8,19374,74,34,79,16,0,0,0,0,0,0,0,-32286,0,0,0,0,0,2728442,0
2703096,9526,-2028,1696,-739,552,-85,-3605,34,19,-1,16,19374,77,34,79,16,0,0,0,0,0,0,0,-32286,0,0,0,0,0,2728457,0
2703101,9612,-1918,1708,-711,557,-125,-3589,79,32,-4,40,19374,77,34,79,16,0,0,0,0,0,0,0,-32285,0,0,0,0,0,2728462,0
2703106,9656,-1848,1678,-660,538,-160,-3562,126,64,-4,48,19374,80,34,79,16,0,0,0,0,0,0,0,-32286,0,0,0,0,0,2728477,0
2703111,9470,-1842,1700,-669,549,-148,-3536,110,89,2,48,19374,80,34,79,16,0,0,0,0,0,0,0,-32285,0,0,0,0,0,2728482,0
2703116,9470,-1334,1676,-717,580,-216,-3506,141,90,-4,72,19374,77,34,79,16,0,0,0,0,0,0,0,-32285,0,0,0,0,0,2728497,0
2703121,9288,-1276,1772,-705,632,-210,-3469,166,79,0,96,19374,77,34,79,16,0,0,0,0,0,0,0,-32286,0,0,0,0,0,2728502,0
2703126,9058,-974,1846,-700,588,-264,-3421,216,74,0,128,19374,71,34,79,16,0,0,0,0,0,0,0,-32286,0,0,0,0,0,2728517,0
2703131,9178,-1172,1716,-715,628,-251,-3364,253,90,0,184,19374,71,34,79,16,0,0,0,0,0,0,0,-32286,0,0,0,0,0,2728522,0
2703136,9362,-1138,1870,-718,488,-323,-3296,305,136,-6,272,19372,75,34,79,16,0,0,0,0,0,0,0,-32286,0,0,0,0,0,2728537,0
2703141,9876,-1382,2020,-736,432,-351,-3214,370,158,-5,376,19372,75,34,79,16,0,0,0,0,0,0,0,-32286,0,0,0,0,0,2728542,0
2703146,10356,-1692,2200,-821,391,-356,-3119,429,183,-16,496,19370,81,34,79,16,0,0,0,0,0,0,0,-32286,0,0,0,0,0,2728557,0
2703151,11036,-2206,2332,-971,396,-333,-3016,447,184,-7,552,19370,81,34,79,16,0,0,0,0,0,0,0,-32286,0,0,0,0,0,2728561,0
2703156,12504,-3148,2556,-1235,432,-331,-2905,484,167,-9,672,19369,79,34,79,16,0,0,0,0,0,0,0,-32286,0,0,0,0,0,2728576,0
2703161,12916,-3828,2556,-1322,486,-328,-2784,537,153,-3,800,19369,79,34,79,16,0,0,0,0,0,0,0,-32286,0,0,0,0,0,2728581,0
2703166,13554,-4612,2546,-1322,533,-333,-2652,587,142,5,920,19369,77,34,79,16,0,0,0,0,0,0,0,-32286,0,0,0,0,0,2728596,0
2703171,13884,-5512,2472,-1268,608,-344,-2512,624,143,11,976,19369,77,34,79,16,0,0,0,0,0,0,0,-32285,0,0,0,0,0,2728601,0
2703176,13610,-6124,2354,-1059,822,-380,-2364,654,148,4,1032,19371,80,34,79,16,0,0,0,0,0,0,0,-32286,0,0,0,0,0,2728616,0
2703181,13078,-6140,2276,-967,990,-406,-2211,675,133,0,1064,19371,80,34,79,16,0,0,0,0,0,0,0,-32286,0,0,0,0,0,2728621,0
2703186,12204,-6160,2190,-903,1182,-419,-2055,681,108,-1,1080,19373,75,34,79,16,0,0,0,0,0,0,0,-32286,0,0,0,0,0,2728636,0
2703191,11254,-6248,2034,-886,1343,-427,-1903,671,74,8,1040,19373,75,34,79,16,0,0,0,0,0,0,0,-32285,0,0,0,0,0,2728641,0
2703196,9418,-6548,1820,-886,1529,-407,-1746,681,37,4,1048,19373,78,34,79,16,0,0,0,0,0,0,0,-32286,0,0,0,0,0,2728656,0
2703201,8548,-6938,1548,-838,1462,-407,-1592,675,9,1,1040,19373,78,34,79,16,0,0,0,0,0,0,0,-32286,0,0,0,0,0,2728661,0
2703206,7800,-7226,1282,-736,1335,-407,-1442,661,-5,3,992,19371,65,34,79,16,0,0,0,0,0,0,0,-32286,0,0,0,0,0,2728676,0
2703211,6962,-7284,998,-591,1165,-391,-1291,664,-17,-2,1008,19371,65,34,79,16,0,0,0,0,0,0,0,-32286,0,0,0,0,0,2728681,0
2703216,5284,-7350,502,-335,749,-307,-1143,651,-22,7,968,19371,67,34,79,16,0,0,0,0,0,0,0,-32286,0,0,0,0,0,2728696,0
2703221,4722,-7076,342,-207,543,-281,-998,636,-29,5,944,19371,67,34,79,16,0,0,0,0,0,0,0,-32286,0,0,0,0,0,2728701,0
2703226,4282,-6840,240,-67,328,-246,-852,642,-25,-6,960,19371,73,34,79,16,0,0,0,0,0,0,0,-32286,0,0,0,0,0,2728716,0
2703231,3958,-6654,166,47,125,-168,-707,632,-22,5,912,19371,73,34,79,16,0,0,0,0,0,0,0,-32286,0,0,0,0,0,2728722,0
2703236,3666,-6000,300,168,-206,-88,-567,619,-27,0,896,19372,76,34,79,16,0,0,0,0,0,0,0,-32286,0,0,0,0,0,2728739,0
2703241,3744,-5626,400,258,-287,-47,-426,625,-15,-4,904,19372,76,34,79,16,0,0,0,0,0,0,0,-32286,0,0,0,0,0,2728744,0
2703246,3712,-5306,560,293,-311,18,-286,608,-20,7,848,19371,77,34,79,16,0,0,0,0,0,0,0,-32286,0,0,0,0,0,2728759,0
2703251,3640,-4932,732,248,-256,53,-145,616,-19,-2,888,19371,77,34,79,16,0,0,0,0,0,0,0,-32286,0,0,0,0,0,2728764,0
2703256,3680,-4404,680,410,-251,71,-4,636,-1,-10,944,19372,86,34,79,16,0,0,0,0,0,0,0,-32286,0,0,0,0,0,2728779,0
2703261,3806,-4062,474,541,-274,72,141,642,10,0,944,19372,86,34,79,16,0,0,0,0,0,0,0,-32286,0,0,0,0,0,2728784,0
2703266,3866,-3374,264,545,-244,70,288,645,15,-1,968,19373,78,34,79,16,0,0,0,0,0,0,0,-32286,0,0,0,0,0,2728799,0
2703271,3882,-2970,42,445,-189,77,439,666,39,0,1016,19373,78,34,79,16,0,0,0,0,0,0,0,-32286,0,0,0,0,0,2728804,0
2703276,3872,-2740,-252,266,-90,105,593,683,41,0,1056,19372,77,34,79,16,0,0,0,0,0,0,0,-32286,0,0,0,0,0,2728819,0
2703281,3714,-2714,-286,226,-94,119,747,685,40,-3,1064,19372,77,34,79,16,0,0,0,0,0,0,0,-32286,0,0,0,0,0,2728824,0
2703286,3728,-2820,-404,223,-96,110,905,699,37,-5,1096,19372,78,34,79,16,0,0,0,0,0,0,0,-32286,0,0,0,0,0,2728839,0
2703291,3766,-2980,-518,223,-127,126,1067,709,42,-6,1120,19372,78,34,79,16,0,0,0,0,0,0,0,-32286,0,0,0,0,0,2728844,0
2703296,3926,-3398,-670,132,-239,198,1231,716,42,5,1128,19373,79,34,79,16,0,0,0,0,0,0,0,-32287,0,0,0,0,0,2728859,0
2703301,4114,-3614,-636,137,-372,186,1397,734,37,-2,1192,19373,79,34,79,16,0,0,0,0,0,0,0,-32286,0,0,0,0,0,2728864,0
2703306,4582,-4156,-688,160,-519,220,1564,735,38,-3,1184,19374,85,34,79,16,0,0,0,0,0,0,0,-32286,0,0,0,0,0,2728879,0
2703311,4792,-4440,-508,149,-681,263,1726,712,15,4,1136,19374,85,34,79,16,0,0,0,0,0,0,0,-32286,0,0,0,0,0,2728884,0
2703316,5742,-5054,-156,29,-841,392,1890,716,0,1,1128,19373,77,34,79,16,0,0,0,0,0,0,0,-32286,0,0,0,0,0,2728899,0
2703321,6108,-5352,74,-33,-894,473,2045,681,-18,9,1032,19373,77,34,79,16,0,0,0,0,0,0,0,-32286,0,0,0,0,0,2728904,0
2703326,6534,-5682,304,-80,-907,559,2192,644,-53,4,952,19371,67,34,79,16,0,0,0,0,0,0,0,-32285,0,0,0,0,0,2728919,0
2703331,6854,-5880,430,-87,-895,650,2334,623,-84,0,888,19371,67,34,79,16,0,0,0,0,0,0,0,-32285,0,0,0,0,0,2728924,0
2703336,7156,-5964,678,-110,-797,759,2465,578,-100,2,792,19371,68,34,79,16,0,0,0,0,0,0,0,-32286,0,0,0,0,0,2728939,0
2703341,7494,-5926,542,-15,-741,777,2587,536,-121,-5,672,19371,68,34,79,16,0,0,0,0,0,0,0,-32286,0,0,0,0,0,2728944,0
2703346,7526,-5658,460,155,-722,733,2700,497,-130,-8,600,19372,71,34,79,16,0,0,0,0,0,0,0,-32286,0,0,0,0,0,2728959,0
2703351,7746,-5164,254,319,-696,670,2805,456,-132,-4,480,19372,71,34,79,16,0,0,0,0,0,0,0,-32286,0,0,0,0,0,2728964,0
2703356,7808,-4290,-164,447,-642,468,2900,403,-138,0,384,19371,75,34,79,16,0,0,0,0,0,0,0,-32286,0,0,0,0,0,2728979,0
2703361,7820,-3946,-474,420,-602,375,2985,362,-143,7,288,19371,75,34,79,16,0,0,0,0,0,0,0,-32286,0,0,0,0,0,2728984,0
2703366,7628,-3716,-674,372,-611,259,3058,324,-146,14,216,19371,83,34,79,16,0,0,0,0,0,0,0,-32286,0,0,0,0,0,2728999,0
2703371,7492,-3732,-842,341,-637,164,3123,285,-159,2,152,19371,83,34,79,16,0,0,0,0,0,0,0,-32286,0,0,0,0,0,2729004,0
2703376,6988,-3734,-804,248,-749,15,3180,250,-150,-10,136,19374,80,34,79,16,0,0,0,0,0,0,0,-32286,0,0,0,0,0,2729019,0
2703381,6824,-3864,-756,195,-791,-38,3230,214,-135,-12,96,19374,80,34,79,16,0,0,0,0,0,0,0,-32286,0,0,0,0,0,2729024,0
2703386,6648,-4134,-650,163,-830,-35,3271,171,-122,-2,56,19375,77,34,79,16,0,0,0,0,0,0,0,-32286,0,0,0,0,0,2729039,0
2703391,6326,-4190,-462,145,-907,-71,3303,139,-127,-11,56,19375,77,34,79,16,0,0,0,0,0,0,0,-32286,0,0,0,0,0,2729044,0
2703396,6268,-4390,-210,367,-1046,-117,3331,119,-125,-1,40,19379,77,34,79,16,0,0,0,0,0,0,0,-32286,0,0,0,0,0,2729059,0
2703401,6494,-4300,-106,534,-1129,-167,3354,106,-109,0,48,19379,77,34,79,16,0,0,0,0,0,0,0,-32286,0,0,0,0,0,2729064,0
2703406,6662,-4224,-66,646,-1176,-149,3378,106,-75,2,32,19378,73,34,79,16,0,0,0,0,0,0,0,-32286,0,0,0,0,0,2729079,0
2703411,6714,-3856,58,645,-1218,-137,3393,55,-62,6,8,19378,73,34,79,16,0,0,0,0,0,0,0,-32285,0,0,0,0,0,2729084,0
2703416,7232,-3296,114,667,-1203,-133,3400,24,-72,3,8,19377,75,34,79,16,0,0,0,0,0,0,0,-32286,0,0,0,0,0,2729098,0
2703421,7302,-3154,224,664,-1201,-135,3402,12,-87,2,8,19377,75,34,79,16,0,0,0,0,0,0,0,-32286,0,0,0,0,0,2729103,0
2703426,7524,-3178,372,672,-1130,-99,3404,9,-90,2,8,19373,76,34,79,16,0,0,0,0,0,0,0,-32285,0,0,0,0,0,2729118,0
2703431,7522,-3086,636,651,-1035,-53,3410,29,-68,-1,8,19373,76,34,79,16,0,0,0,0,0,0,0,-32286,0,0,0,0,0,2729123,0
2703436,7598,-3050,846,549,-833,57,3421,59,-2,-2,32,19372,82,34,79,16,0,0,0,0,0,0,0,-32285,0,0,0,0,0,2729138,0
2703441,7672,-2920,1018,489,-690,136,3441,90,48,-1,40,19372,82,34,79,16,0,0,0,0,0,0,0,-32286,0,0,0,0,0,2729143,0
2703446,7584,-2770,1200,425,-540,190,3461,90,67,0,40,19372,85,34,79,16,0,0,0,0,0,0,0,-32286,0,0,0,0,0,2729158,0
2703451,7720,-2602,1230,455,-419,184,3492,144,82,-7,88,19372,85,34,79,16,0,0,0,0,0,0,0,-32286,0,0,0,0,0,2729163,0
2703456,7808,-2484,1066,700,-256,178,3537,203,103,-3,128,19371,82,34,79,16,0,0,0,0,0,0,0,-32286,0,0,0,0,0,2729178,0
2703461,7702,-2396,822,744,-276,181,3598,276,141,-1,232,19371,82,34,79,16,0,0,0,0,0,0,0,-32286,0,0,0,0,0,2729183,0
2703466,7814,-2202,552,813,-321,158,3679,363,194,-4,384,19371,79,34,79,16,0,0,0,0,0,0,0,-32286,0,0,0,0,0,2729198,0
2703471,7698,-2252,282,842,-341,179,3773,423,241,-13,488,19371,79,34,79,16,0,0,0,0,0,0,0,-32286,0,0,0,0,0,2729203,0
2703476,7374,-2272,-414,937,-616,111,3878,470,242,-17,640,19371,79,34,79,16,0,0,0,0,0,0,0,-32286,0,0,0,0,0,2729218,0
2703481,7332,-1914,-552,999,-711,70,3995,515,223,-4,744,19371,79,34,79,16,0,0,0,0,0,0,0,-32285,0,0,0,0,0,2729223,0
2703486,7214,-1822,-594,988,-823,22,4128,586,199,0,936,19371,70,34,79,16,0,0,0,0,0,0,0,-32286,0,0,0,0,0,2729238,0
2703491,7250,-1756,-646,944,-882,19,4270,624,190,20,960,19371,70,34,79,16,0,0,0,0,0,0,0,-32286,0,0,0,0,0,2729243,0
2703496,7068,-2138,-550,785,-1019,4,4413,630,164,15,952,19371,74,34,79,16,0,0,0,0,0,0,0,-32286,0,0,0,0,0,2729258,0
2703501,7126,-2266,-382,737,-1041,20,4561,651,132,3,984,19371,74,34,79,16,0,0,0,0,0,0,0,-32285,0,0,0,0,0,2729263,0
2703506,7068,-2534,-226,661,-1027,83,4707,645,84,9,952,19371,81,34,79,16,0,0,0,0,0,0,0,-32286,0,0,0,0,0,2729278,0
2703511,6984,-2588,2,557,-1022,102,4850,623,31,10,904,19371,81,34,79,16,0,0,0,0,0,0,0,-32286,0,0,0,0,0,2729283,0
2703516,7112,-2924,298,479,-878,160,4991,617,-3,1,888,19373,77,34,79,16,0,0,0,0,0,0,0,-32286,0,0,0,0,0,2729298,0
2703521,7090,-3028,424,464,-822,206,5127,596,-29,10,832,19373,77,34,79,16,0,0,0,0,0,0,0,-32286,0,0,0,0,0,2729303,0
2703526,7078,-3154,476,445,-759,215,5255,564,-58,3,736,19374,75,34,79,16,0,0,0,0,0,0,0,-32286,0,0,0,0,0,2729318,0
2703531,7232,-3294,410,425,-677,259,5375,530,-82,-7,664,19374,75,34,79,16,0,0,0,0,0,0,0,-32285,0,0,0,0,0,2729323,0
2703536,7264,-3240,534,482,-577,288,5487,495,-98,-8,568,19371,80,34,79,16,0,0,0,0,0,0,0,-32286,0,0,0,0,0,2729338,0
2703541,7222,-3468,506,517,-519,309,5591,453,-114,-1,456,19371,80,34,79,16,0,0,0,0,0,0,0,-32286,0,0,0,0,0,2729343,0
2703546,7368,-3342,550,596,-476,308,5684,401,-129,-2,376,19371,76,34,79,16,0,0,0,0,0,0,0,-32286,0,0,0,0,0,2729358,0
2703551,7390,-3374,512,646,-404,311,5763,346,-145,12,264,19371,76,34,79,16,0,0,0,0,0,0,0,-32286,0,0,0,0,0,2729363,0
2703556,7526,-3220,500,731,-288,313,5833,301,-158,11,176,19371,80,34,79,16,0,0,0,0,0,0,0,-32286,0,0,0,0,0,2729378,0
2703561,7468,-3158,516,728,-237,340,5893,254,-175,9,112,19371,80,34,79,16,0,0,0,0,0,0,0,-32286,0,0,0,0,0,2729383,0
2703566,7470,-3016,520,741,-197,330,5944,220,-161,-4,80,19373,81,34,79,16,0,0,0,0,0,0,0,-32286,0,0,0,0,0,2729398,0
2703571,7564,-2904,456,761,-123,305,5985,179,-149,0,56,19373,81,34,79,16,0,0,0,0,0,0,0,-32286,0,0,0,0,0,2729403,0
2703576,7362,-2770,210,669,-72,369,6007,87,-159,0,16,19374,81,34,79,16,0,0,0,0,0,0,0,-32286,0,0,0,0,0,2729418,0
2703581,7486,-2666,82,603,-30,363,6017,40,-186,-2,16,19374,81,34,79,16,0,0,0,0,0,0,0,-32286,0,0,0,0,0,2729423,0
2703586,7426,-2576,80,620,16,346,6026,29,-184,0,8,19373,79,34,79,16,0,0,0,0,0,0,0,-32286,0,0,0,0,0,2729438,0
2703591,7340,-2566,48,710,-1,326,6031,24,-146,0,0,19373,79,34,79,16,0,0,0,0,0,0,0,-32286,0,0,0,0,0,2729443,0
2703596,7246,-2534,-154,846,-86,317,6035,3,-99,3,-8,19374,79,34,79,16,0,0,0,0,0,0,0,-32286,0,0,0,0,0,2729458,0
2703601,7250,-2258,-226,816,-104,321,6034,1,-55,3,-8,19374,79,34,79,16,0,0,0,0,0,0,0,-32286,0,0,0,0,0,2729463,0
2703606,7252,-2028,-284,730,-104,330,6034,-5,-36,0,-8,19373,82,34,79,16,0,0,0,0,0,0,0,-32286,0,0,0,0,0,2729478,0
2703611,7228,-1932,-264,701,-135,321,6035,6,-26,0,-8,19373,82,34,79,16,0,0,0,0,0,0,0,-32286,0,0,0,0,0,2729483,0
2703616,7194,-2010,-264,757,-186,290,6033,-1,-18,0,-8,19372,81,34,79,16,0,0,0,0,0,0,0,-32286,0,0,0,0,0,2729498,0
2703621,7192,-1928,-244,800,-200,273,6034,-5,1,0,-8,19372,81,34,79,16,0,0,0,0,0,0,0,-32286,0,0,0,0,0,2729503,0
2703626,7170,-1874,-238,806,-221,262,6034,-3,-4,0,-8,19373,80,34,79,16,0,0,0,0,0,0,0,-32286,0,0,0,0,0,2729518,0
2703631,7126,-1924,-252,757,-201,241,6033,0,2,0,0,19373,80,34,79,16,0,0,0,0,0,0,0,-32286,0,0,0,0,0,2729523,0
2703636,7004,-1906,-200,634,-127,273,6034,2,0,0,0,19373,74,34,79,16,0,0,0,0,0,0,0,-32286,0,0,0,0,0,2729538,0
2703641,7148,-2060,-250,564,-92,299,6034,-1,-3,0,0,19373,74,34,79,16,0,0,0,0,0,0,0,-32286,0,0,0,0,0,2729543,0
2703646,7098,-2246,-282,545,-55,328,6035,5,6,-1,0,19373,73,34,79,16,0,0,0,0,0,0,0,-32286,0,0,0,0,0,2729558,0
2703651,7020,-2338,-258,563,-60,359,6038,12,7,-1,8,19373,73,34,79,16,0,0,0,0,0,0,0,-32286,0,0,0,0,0,2729563,0
2703656,7232,-2334,-268,589,-58,410,6041,10,11,0,8,19369,75,34,79,16,0,0,0,0,0,0,0,-32286,0,0,0,0,0,2729577,0
2703661,7286,-2328,-192,563,-60,422,6045,15,10,0,8,19369,75,34,79,16,0,0,0,0,0,0,0,-32286,0,0,0,0,0,2729582,0
2703666,7346,-2256,-220,536,-48,446,6049,20,11,0,8,19367,81,34,79,16,0,0,0,0,0,0,0,-32286,0,0,0,0,0,2729597,0
2703671,7336,-2120,-196,514,-47,450,6056,26,10,0,16,19367,81,34,79,16,0,0,0,0,0,0,0,-32286,0,0,0,0,0,2729602,0
2703676,7522,-2090,-200,500,-70,394,6066,47,17,-5,24,19368,84,34,79,16,0,0,0,0,0,0,0,-32285,0,0,0,0,0,2729617,0
2703681,7636,-2054,-154,572,-95,332,6092,122,52,-9,64,19368,84,34,79,16,0,0,0,0,0,0,0,-32286,0,0,0,0,0,2729622,0
2703686,7780,-2178,-128,686,-133,278,6130,174,107,-5,104,19369,77,34,79,16,0,0,0,0,0,0,0,-32286,0,0,0,0,0,2729637,0
2703691,7834,-2210,-100,735,-170,220,6180,225,150,-2,168,19369,77,34,79,16,0,0,0,0,0,0,0,-32286,0,0,0,0,0,2729642,0
2703696,8190,-1990,-24,828,-213,68,6240,275,181,-5,232,19370,74,34,79,16,0,0,0,0,0,0,0,-32286,0,0,0,0,0,2729657,0
2703701,8326,-2020,24,894,-231,-27,6318,344,196,-7,344,19370,74,34,79,16,0,0,0,0,0,0,0,-32286,0,0,0,0,0,2729662,0
2703706,8430,-2070,10,1001,-256,-113,6414,427,203,-16,520,19372,72,34,79,16,0,0,0,0,0,0,0,-32286,0,0,0,0,0,2729677,0
2703711,8506,-2162,34,1106,-284,-159,6518,464,223,-14,616,19372,72,34,79,16,0,0,0,0,0,0,0,-32286,0,0,0,0,0,2729682,0
2703716,8608,-2072,22,1123,-278,-287,6632,499,211,0,704,19373,72,34,79,16,0,0,0,0,0,0,0,-32286,0,0,0,0,0,2729697,0
2703721,8542,-1982,-12,1113,-251,-335,6751,526,175,7,768,19373,72,34,79,16,0,0,0,0,0,0,0,-32286,0,0,0,0,0,2729702,0
2703726,8552,-1950,-28,1153,-262,-415,6882,578,149,6,896,19373,77,34,79,16,0,0,0,0,0,0,0,-32285,0,0,0,0,0,2729717,0
2703731,8540,-2060,-64,1223,-239,-429,7015,589,123,16,864,19373,77,34,79,16,0,0,0,0,0,0,0,-32286,0,0,0,0,0,2729722,0
2703736,8566,-1898,-234,1181,-225,-494,7148,588,96,12,840,19373,80,34,79,16,0,0,0,0,0,0,0,-32286,0,0,0,0,0,2729737,0
2703741,8694,-1710,-270,1157,-192,-502,7284,599,69,1,864,19373,80,34,79,16,0,0,0,0,0,0,0,-32285,0,0,0,0,0,2729742,0
2703746,8618,-1694,-300,1096,-173,-487,7417,584,40,9,800,19372,83,34,79,16,0,0,0,0,0,0,0,-32286,0,0,0,0,0,2729761,0
2703751,8662,-1676,-304,1054,-166,-503,7548,566,2,10,720,19372,83,34,79,16,0,0,0,0,0,0,0,-32286,0,0,0,0,0,2729766,0
2703756,8794,-1596,-376,1016,-125,-491,7673,549,-23,0,696,19371,74,34,79,16,0,0,0,0,0,0,0,-32286,0,0,0,0,0,2729777,0
2703761,8816,-1464,-370,994,-112,-489,7796,535,-41,-6,664,19371,74,34,79,16,0,0,0,0,0,0,0,-32286,0,0,0,0,0,2729782,0
2703766,8952,-1604,-390,949,-88,-444,7914,514,-61,3,600,19375,78,34,79,16,0,0,0,0,0,0,0,-32286,0,0,0,0,0,2729797,0
2703771,8938,-1346,-290,886,-86,-435,8025,488,-66,-7,560,19375,78,34,79,16,0,0,0,0,0,0,0,-32286,0,0,0,0,0,2729802,0
2703776,9074,-1630,-270,776,-37,-409,8132,470,-67,-6,528,19379,78,34,79,16,0,0,0,0,0,0,0,-32286,0,0,0,0,0,2729817,0
2703781,9222,-1762,-238,764,-32,-407,8234,449,-77,-3,480,19379,78,34,79,16,0,0,0,0,0,0,0,-32286,0,0,0,0,0,2729822,0
2703786,9286,-2182,-262,733,-22,-371,8332,430,-72,3,432,19382,84,34,79,16,0,0,0,0,0,0,0,-32286,0,0,0,0,0,2729837,0
2703791,9268,-2552,-278,712,-15,-373,8425,408,-73,3,400,19382,84,34,79,16,0,0,0,0,0,0,0,-32286,0,0,0,0,0,2729842,0
2703796,9480,-3532,-404,746,41,-350,8510,370,-72,7,312,19381,78,34,79,16,0,0,0,0,0,0,0,-32286,0,0,0,0,0,2729857,0
2703801,9576,-3868,-490,807,36,-349,8591,350,-80,5,272,19381,78,34,79,16,0,0,0,0,0,0,0,-32286,0,0,0,0,0,2729862,0
2703806,9572,-4148,-540,888,21,-328,8669,339,-83,4,256,19375,80,34,79,16,0,0,0,0,0,0,0,-32286,0,0,0,0,0,2729877,0
2703811,9512,-4186,-522,938,-34,-319,8741,321,-79,4,208,19375,80,34,79,16,0,0,0,0,0,0,0,-32285,0,0,0,0,0,2729882,0
2703816,9400,-3888,-586,869,-84,-282,8802,271,-83,6,144,19371,74,34,79,16,0,0,0,0,0,0,0,-32286,0,0,0,0,0,2729897,0
2703821,9480,-3880,-704,807,-116,-261,8851,210,-101,-8,88,19371,74,34,79,16,0,0,0,0,0,0,0,-32286,0,0,0,0,0,2729902,0
2703826,9408,-3882,-702,768,-145,-182,8889,158,-133,-5,24,19376,73,34,79,16,0,0,0,0,0,0,0,-32286,0,0,0,0,0,2729917,0
2703831,9044,-3404,-454,686,-217,-173,8911,89,-173,-4,32,19376,73,34,79,16,0,0,0,0,0,0,0,-32286,0,0,0,0,0,2729921,0
2703836,9114,-2928,-164,547,-275,-126,8925,51,-182,3,8,19377,72,34,79,16,0,0,0,0,0,0,0,-32286,0,0,0,0,0,2729936,0
2703841,8998,-2540,108,482,-314,-144,8925,-5,-191,8,-8,19377,72,34,79,16,0,0,0,0,0,0,0,-32286,0,0,0,0,0,2729941,0
2703846,9164,-2154,298,446,-360,-166,8925,3,-167,0,0,19378,77,34,79,16,0,0,0,0,0,0,0,-32286,0,0,0,0,0,2729956,0
2703851,9166,-1896,500,399,-373,-201,8926,1,-121,0,0,19378,77,34,79,16,0,0,0,0,0,0,0,-32286,0,0,0,0,0,2729961,0
2703856,9362,-1726,792,265,-402,-296,8924,-5,-59,0,-8,19374,80,34,79,16,0,0,0,0,0,0,0,-32286,0,0,0,0,0,2729976,0
2703861,9390,-1832,896,180,-413,-341,8926,4,-23,0,0,19374,80,34,79,16,0,0,0,0,0,0,0,-32286,0,0,0,0,0,2729981,0
2703866,9548,-1912,968,79,-386,-390,8927,3,1,0,-8,19373,83,34,79,16,0,0,0,0,0,0,0,-32286,0,0,0,0,0,2729996,0
2703871,9584,-2186,966,4,-333,-424,8926,-1,-3,1,0,19373,83,34,79,16,0,0,0,0,0,0,0,-32286,0,0,0,0,0,2730001,0
2703876,9572,-3048,918,-159,-325,-500,8925,0,1,2,-8,19371,81,34,79,16,0,0,0,0,0,0,0,-32286,0,0,0,0,0,2730016,0
2703881,9790,-3514,998,-110,-250,-555,8927,4,-4,1,0,19371,81,34,79,16,0,0,0,0,0,0,0,-32285,0,0,0,0,0,2730021,0
2703886,9644,-4168,1172,40,-243,-608,8925,-1,-7,3,-8,19371,86,34,79,16,0,0,0,0,0,0,0,-32285,0,0,0,0,0,2730036,0
2703891,9428,-4646,1146,189,-306,-630,8923,-7,-5,1,-8,19371,86,34,79,16,0,0,0,0,0,0,0,-32286,0,0,0,0,0,2730041,0
2703896,9040,-4884,1086,-61,-287,-545,8921,-4,-11,0,-8,19371,90,34,79,16,0,0,0,0,0,0,0,-32286,0,0,0,0,0,2730056,0
2703901,8748,-5020,954,-338,-130,-458,8920,-1,-7,0,0,19371,90,34,79,16,0,0,0,0,0,0,0,-32286,0,0,0,0,0,2730061,0
2703906,7870,-5262,1080,-537,-84,-404,8920,-1,3,0,-8,19370,79,34,79,16,0,0,0,0,0,0,0,-32286,0,0,0,0,0,2730076,0
2703911,7382,-5944,764,-506,-250,-389,8919,-1,5,0,-8,19370,79,34,79,16,0,0,0,0,0,0,0,-32286,0,0,0,0,0,2730081,0
2703916,6642,-6388,1080,-480,-252,-284,8919,-1,7,-1,-8,19369,78,34,79,16,0,0,0,0,0,0,0,-32286,0,0,0,0,0,2730096,0
2703921,6448,-6700,1302,-451,-155,-267,8920,7,2,0,0,19369,78,34,79,16,0,0,0,0,0,0,0,-32286,0,0,0,0,0,2730101,0
2703926,5950,-6960,1784,-322,-69,-217,8918,4,0,2,-8,19372,80,34,79,16,0,0,0,0,0,0,0,-32286,0,0,0,0,0,2730116,0
2703931,6786,-6992,2090,128,-309,-460,8914,-21,-1,5,-32,19372,80,34,79,16,0,0,0,0,0,0,0,-32286,0,0,0,0,0,2730121,0
2703936,6732,-8434,2320,2944,-546,-869,8890,-108,-58,14,-80,19373,82,34,79,16,0,0,0,0,0,0,0,-32286,0,0,0,0,0,2730136,0
2703941,5610,-5506,2912,2423,-550,-830,8843,-223,-148,12,-192,19373,82,34,79,16,0,0,0,0,0,0,0,-32286,0,0,0,0,0,2730141,0
2703946,6022,-4816,1764,1686,-468,-793,8768,-349,-260,14,-424,19372,81,34,79,16,0,0,0,0,0,0,0,-32286,0,0,0,0,0,2730156,0
2703951,6136,-5616,546,1154,-316,-640,8654,-520,-383,38,-856,19372,81,34,79,16,0,0,0,0,0,0,0,-32286,0,0,0,0,0,2730161,0
2703956,5040,-6586,810,880,-263,-490,8503,-683,-473,21,-1280,19371,78,34,79,16,0,0,0,0,0,0,0,-32286,0,0,0,0,0,2730176,0
2703961,5038,-6876,828,949,-180,-331,8305,-891,-558,11,-1744,19371,78,34,79,16,0,0,0,0,0,0,0,-32286,0,0,0,0,0,2730181,0
2703966,4566,-6522,1132,879,-71,-189,8061,-1096,-620,9,-2200,19371,78,34,79,16,0,0,0,0,0,0,0,-32286,0,0,0,0,0,2730196,0
2703971,4716,-6616,1016,749,42,22,7769,-1309,-674,4,-2656,19371,78,34,79,16,0,0,0,0,0,0,0,-32286,0,0,0,0,0,2730201,0
2703976,4840,-6206,1346,331,425,447,7432,-1496,-706,-2,-3032,19371,74,34,79,16,0,0,0,0,0,0,0,-32286,0,0,0,0,0,2730216,0
2703981,5392,-6392,1244,100,731,787,7058,-1658,-693,-4,-3352,19371,74,34,79,16,0,0,0,0,0,0,0,-32286,0,0,0,0,0,2730221,0
2703986,4096,-6238,2036,-155,959,1002,6659,-1762,-621,-13,-3536,19370,78,34,79,16,0,0,0,0,0,0,0,-32285,0,0,0,0,0,2730236,0
2703991,4622,-7268,1078,115,635,1133,6244,-1824,-509,-10,-3664,19370,78,34,79,16,0,0,0,0,0,0,0,-32286,0,0,0,0,0,2730241,0
2703996,5764,-5082,650,911,224,1185,5816,-1877,-381,-9,-3744,19368,80,34,79,16,0,0,0,0,0,0,0,-32286,0,0,0,0,0,2730256,0
2704001,6594,-3758,216,795,157,1222,5382,-1909,-257,-13,-3800,19368,80,34,79,16,0,0,0,0,0,0,0,-32286,0,0,0,0,0,2730261,0
2704006,7146,-2464,20,402,115,1230,4941,-1939,-176,-10,-3832,19368,88,34,79,16,0,0,0,0,0,0,0,-32286,0,0,0,0,0,2730276,0
2704011,7766,-1802,-140,81,73,1196,4499,-1948,-119,-11,-3816,19368,88,34,79,16,0,0,0,0,0,0,0,-32286,0,0,0,0,0,2730287,0
2704016,8910,-1404,-4,-115,-190,1019,4057,-1941,-75,-12,-3768,19366,83,34,79,16,0,0,0,0,0,0,0,-32286,0,0,0,0,0,2730296,0
2704021,9438,-1162,346,-117,-339,883,3621,-1911,171,-14,-3656,19366,83,34,79,16,0,0,0,0,0,0,0,-32286,0,0,0,0,0,2730301,0
2704026,10072,-688,600,-73,-406,713,3196,-1857,220,-8,-3536,19366,87,34,79,16,0,0,0,0,0,0,0,-32285,0,0,0,0,0,2730316,0
2704031,10390,-286,900,-76,-467,533,2786,-1800,191,-1,-3416,19366,87,34,79,16,0,0,0,0,0,0,0,-32286,0,0,0,0,0,2730321,0
2704036,11018,-318,1252,-299,-504,262,2391,-1727,57,6,-3288,19369,89,34,79,16,0,0,0,0,0,0,0,-32286,0,0,0,0,0,2730336,0
2704041,10928,-262,1506,-461,-445,158,2010,-1665,96,8,-3184,19369,89,34,79,16,0,0,0,0,0,0,0,-32286,0,0,0,0,0,2730340,0
2704046,10898,-542,1886,-614,-337,67,1642,-1615,217,6,-3080,19371,86,34,79,16,0,0,0,0,0,0,0,-32286,0,0,0,0,0,2730355,0
2704051,10892,-1004,2312,-665,-158,-2,1285,-1570,208,-1,-2976,19371,86,34,79,16,0,0,0,0,0,0,0,-32286,0,0,0,0,0,2730360,0
2704056,10368,-1760,3036,-627,335,-141,939,-1514,199,-4,-2856,19371,84,34,79,16,0,0,0,0,0,0,0,-32286,0,0,0,0,0,2730375,0
2704061,10094,-2106,2990,-601,570,-143,604,-1468,174,-10,-2720,19371,84,34,79,16,0,0,0,0,0,0,0,-32286,0,0,0,0,0,2730380,0
2704066,9646,-2208,2904,-643,834,-154,277,-1426,164,-10,-2608,19369,88,34,79,16,0,0,0,0,0,0,0,-32286,0,0,0,0,0,2730395,0
2704071,9246,-2384,2732,-708,1116,-136,-35,-1378,163,-10,-2488,19369,88,34,79,16,0,0,0,0,0,0,0,-32286,0,0,0,0,0,2730400,0
2704076,8170,-3018,2136,-753,1450,-120,-334,-1304,166,-6,-2312,19368,84,34,79,16,0,0,0,0,0,0,0,-32286,0,0,0,0,0,2730415,0
2704081,7616,-3112,1646,-676,1510,-101,-621,-1242,188,-1,-2184,19368,84,34,79,16,0,0,0,0,0,0,0,-32286,0,0,0,0,0,2730420,0
2704086,7016,-3188,972,-635,1478,-94,-890,-1175,201,-1,-2048,19368,83,34,79,16,0,0,0,0,0,0,0,-32286,0,0,0,0,0,2730435,0
2704091,6646,-3158,594,-635,1428,-73,-1146,-1110,213,0,-1904,19368,83,34,79,16,0,0,0,0,0,0,0,-32286,0,0,0,0,0,2730440,0
2704096,5782,-2980,88,-745,1345,26,-1387,-1058,224,1,-1808,19368,84,34,79,16,0,0,0,0,0,0,0,-32285,0,0,0,0,0,2730455,0
2704101,5640,-3132,-260,-770,1233,69,-1613,-987,227,-4,-1656,19368,84,34,79,16,0,0,0,0,0,0,0,-32286,0,0,0,0,0,2730460,0
2704106,5392,-3062,-492,-755,1063,79,-1826,-940,219,1,-1560,19369,86,34,79,16,0,0,0,0,0,0,0,-32286,0,0,0,0,0,2730475,0
2704111,5414,-3170,-572,-706,907,101,-2025,-870,217,0,-1416,19369,86,34,79,16,0,0,0,0,0,0,0,-32286,0,0,0,0,0,2730480,0
2704116,5332,-2904,-356,-822,678,191,-2215,-831,201,4,-1336,19369,91,34,79,16,0,0,0,0,0,0,0,-32286,0,0,0,0,0,2730495,0
2704121,5448,-2990,-250,-875,607,244,-2392,-776,191,-1,-1224,19369,91,34,79,16,0,0,0,0,0,0,0,-32286,0,0,0,0,0,2730500,0
2704126,5394,-2872,-74,-945,520,285,-2559,-728,175,0,-1112,19370,77,34,79,16,0,0,0,0,0,0,0,-32286,0,0,0,0,0,2730515,0
2704131,5730,-2676,278,-823,412,246,-2718,-701,171,1,-1056,19370,77,34,79,16,0,0,0,0,0,0,0,-32286,0,0,0,0,0,2730520,0
2704136,6118,-2498,420,-765,256,282,-2869,-662,148,0,-968,19374,80,34,79,16,0,0,0,0,0,0,0,-32286,0,0,0,0,0,2730535,0
2704141,6390,-2272,556,-926,328,344,-3013,-627,134,-3,-896,19374,80,34,79,16,0,0,0,0,0,0,0,-32286,0,0,0,0,0,2730540,0
2704146,6488,-2082,868,-1112,413,393,-3151,-595,121,-3,-832,19373,82,34,79,16,0,0,0,0,0,0,0,-32286,0,0,0,0,0,2730555,0
2704151,6610,-2116,1126,-1207,470,387,-3282,-563,106,-6,-720,19373,82,34,79,16,0,0,0,0,0,0,0,-32286,0,0,0,0,0,2730560,0
2704156,6860,-2402,1306,-1072,494,380,-3403,-522,117,-4,-608,19371,88,34,79,16,0,0,0,0,0,0,0,-32286,0,0,0,0,0,2730575,0
2704161,6932,-2176,1360,-983,473,349,-3515,-496,117,9,-576,19371,88,34,79,16,0,0,0,0,0,0,0,-32286,0,0,0,0,0,2730580,0
2704166,7058,-2096,1306,-957,513,341,-3619,-459,123,10,-488,19371,91,34,79,16,0,0,0,0,0,0,0,-32286,0,0,0,0,0,2730595,0
2704171,7064,-1730,1312,-975,524,283,-3714,-412,129,3,-392,19371,91,34,79,16,0,0,0,0,0,0,0,-32286,0,0,0,0,0,2730600,0
2704176,6884,-1990,1112,-982,494,246,-3798,-351,138,-15,-248,19370,77,34,79,16,0,0,0,0,0,0,0,-32286,0,0,0,0,0,2730615,0
2704181,7084,-1866,1266,-841,601,189,-3868,-308,150,-11,-200,19370,77,34,79,16,0,0,0,0,0,0,0,-32286,0,0,0,0,0,2730620,0
2704186,6758,-1644,1118,-862,617,177,-3933,-282,154,-9,-152,19372,73,34,79,16,0,0,0,0,0,0,0,-32286,0,0,0,0,0,2730635,0
2704191,6670,-1750,960,-903,618,153,-3991,-248,155,3,-120,19372,73,34,79,16,0,0,0,0,0,0,0,-32286,0,0,0,0,0,2730640,0
2704196,6182,-1804,702,-875,638,96,-4039,-216,133,7,-104,19372,75,34,79,16,0,0,0,0,0,0,0,-32286,0,0,0,0,0,2730655,0
2704201,5982,-1780,442,-847,561,88,-4080,-166,116,0,-72,19372,75,34,79,16,0,0,0,0,0,0,0,-32286,0,0,0,0,0,2730660,0
2704206,5796,-1596,318,-866,540,64,-4108,-112,133,8,-32,19370,76,33,79,16,0,0,0,0,0,0,0,-32286,0,0,0,0,0,2730675,0
2704211,5650,-1504,252,-870,483,58,-4116,-16,164,-5,8,19370,76,33,79,16,0,0,0,0,0,0,0,-32286,0,0,0,0,0,2730680,0
2704216,5260,-1676,230,-925,422,101,-4109,28,201,-3,16,19370,80,34,79,16,0,0,0,0,0,0,0,-32286,0,0,0,0,0,2730695,0
2704221,5300,-1852,174,-923,386,134,-4099,40,212,2,8,19370,80,34,79,16,0,0,0,0,0,0,0,-32286,0,0,0,0,0,2730700,0
2704226,5154,-1848,272,-910,352,133,-4097,9,155,3,-8,19370,77,34,79,16,0,0,0,0,0,0,0,-32285,0,0,0,0,0,2730715,0
2704231,5298,-1738,360,-843,338,116,-4096,1,65,0,0,19370,77,34,79,16,0,0,0,0,0,0,0,-32286,0,0,0,0,0,2730721,0
2704236,5396,-1658,532,-787,357,108,-4097,7,-14,-1,-8,19370,70,34,79,16,0,0,0,0,0,0,0,-32286,0,0,0,0,0,2730738,0
2704241,5560,-1652,522,-817,401,123,-4096,6,-29,0,0,19370,70,34,79,16,0,0,0,0,0,0,0,-32286,0,0,0,0,0,2730743,0
2704246,5608,-1644,518,-870,425,132,-4098,0,-26,0,-8,19371,70,34,79,16,0,0,0,0,0,0,0,-32286,0,0,0,0,0,2730758,0
2704251,5644,-1752,480,-906,445,145,-4097,5,-4,0,0,19371,70,34,79,16,0,0,0,0,0,0,0,-32286,0,0,0,0,0,2730763,0
2704256,5682,-1910,440,-985,525,209,-4098,0,-1,0,-8,19373,73,34,79,16,0,0,0,0,0,0,0,-32286,0,0,0,0,0,2730777,0
2704261,5698,-1894,506,-1037,562,220,-4097,1,-2,1,-8,19373,73,34,79,16,0,0,0,0,0,0,0,-32286,0,0,0,0,0,2730782,0
2704266,5862,-1980,518,-1044,578,215,-4097,6,-2,0,0,19374,77,34,79,16,0,0,0,0,0,0,0,-32286,0,0,0,0,0,2730797,0
2704271,6076,-2020,564,-957,562,193,-4096,6,1,-1,0,19374,77,34,79,16,0,0,0,0,0,0,0,-32286,0,0,0,0,0,2730802,0
2704276,6352,-2004,484,-757,406,122,-4097,1,-2,-1,0,19374,82,34,79,16,0,0,0,0,0,0,0,-32286,0,0,0,0,0,2730817,0
2704281,6596,-1796,430,-736,360,95,-4097,-1,0,0,0,19374,82,34,79,16,0,0,0,0,0,0,0,-32285,0,0,0,0,0,2730822,0
2704286,6784,-1724,426,-771,319,75,-4094,9,-2,0,0,19371,90,34,79,16,0,0,0,0,0,0,0,-32286,0,0,0,0,0,2730837,0
2704291,6916,-1758,380,-839,261,67,-4094,4,-1,0,0,19371,90,34,79,16,0,0,0,0,0,0,0,-32286,0,0,0,0,0,2730842,0
2704296,7216,-1910,314,-892,145,21,-4095,2,4,0,0,19369,89,34,79,16,0,0,0,0,0,0,0,-32287,0,0,0,0,0,2730857,0
2704301,7342,-1970,568,-899,125,-4,-4093,7,2,0,0,19369,89,34,79,16,0,0,0,0,0,0,0,-32286,0,0,0,0,0,2730862,0
2704306,7526,-2168,694,-870,105,-31,-4091,12,5,0,0,19368,94,34,79,16,0,0,0,0,0,0,0,-32285,0,0,0,0,0,2730877,0
2704311,7564,-2342,746,-827,32,-68,-4089,8,5,0,0,19368,94,34,79,16,0,0,0,0,0,0,0,-32286,0,0,0,0,0,2730882,0
2704316,7772,-2412,726,-722,-56,-110,-4090,3,1,0,0,19368,88,34,79,16,0,0,0,0,0,0,0,-32286,0,0,0,0,0,2730897,0
2704321,7852,-2364,674,-751,-86,-122,-4090,0,-3,0,-8,19368,88,34,79,16,0,0,0,0,0,0,0,-32286,0,0,0,0,0,2730902,0
2704326,8036,-2484,750,-794,-48,-99,-4089,0,-10,-1,0,19371,87,34,79,16,0,0,0,0,0,0,0,-32286,0,0,0,0,0,2730917,0
2704331,7980,-2620,982,-853,-5,-97,-4088,3,-2,-2,8,19371,87,34,79,16,0,0,0,0,0,0,0,-32286,0,0,0,0,0,2730922,0
2704336,8296,-3160,1458,-798,152,-43,-4086,2,6,-2,8,19371,81,34,79,16,0,0,0,0,0,0,0,-32286,0,0,0,0,0,2730937,0
2704341,8318,-3250,1616,-729,210,-38,-4082,19,5,0,8,19371,81,34,79,16,0,0,0,0,0,0,0,-32286,0,0,0,0,0,2730942,0
2704346,8444,-3252,1640,-678,272,-26,-4078,25,15,0,8,19375,66,34,79,16,0,0,0,0,0,0,0,-32286,0,0,0,0,0,2730957,0
2704351,8568,-3172,1580,-653,327,-9,-4073,19,14,0,8,19375,66,34,79,16,0,0,0,0,0,0,0,-32286,0,0,0,0,0,2730962,0
2704356,8710,-2904,1402,-613,369,-32,-4066,34,15,0,16,19375,61,34,79,16,0,0,0,0,0,0,0,-32286,0,0,0,0,0,2730977,0
2704361,8822,-2790,1234,-548,336,-50,-4054,53,23,0,24,19375,61,34,79,16,0,0,0,0,0,0,0,-32286,0,0,0,0,0,2730982,0
2704366,8880,-2670,1120,-452,235,-119,-4033,106,48,-3,40,19376,64,34,79,16,0,0,0,0,0,0,0,-32286,0,0,0,0,0,2730997,0
2704371,9062,-2724,990,-378,151,-128,-4013,85,63,2,16,19376,64,34,79,16,0,0,0,0,0,0,0,-32286,0,0,0,0,0,2731002,0
2704376,9142,-2364,1114,-551,138,-98,-4003,41,41,3,8,19374,81,34,79,16,0,0,0,0,0,0,0,-32286,0,0,0,0,0,2731017,0
2704381,9232,-2288,1364,-625,202,-105,-3999,13,-13,1,-8,19374,81,34,79,16,0,0,0,0,0,0,0,-32286,0,0,0,0,0,2731022,0
2704386,9284,-2354,1636,-628,259,-132,-4001,4,-65,-1,-8,19372,85,34,79,16,0,0,0,0,0,0,0,-32286,0,0,0,0,0,2731037,0
2704391,9316,-2500,1808,-553,306,-134,-4001,-1,-90,-2,0,19372,85,34,79,16,0,0,0,0,0,0,0,-32286,0,0,0,0,0,2731042,0
2704396,9356,-2296,2016,-436,395,-170,-4002,-5,-60,-1,-8,19372,87,34,79,16,0,0,0,0,0,0,0,-32286,0,0,0,0,0,2731057,0
2704401,9396,-2000,2060,-417,482,-179,-4001,0,-24,-1,0,19372,87,34,79,16,0,0,0,0,0,0,0,-32285,0,0,0,0,0,2731062,0
2704406,9480,-1732,2048,-433,585,-167,-4001,2,0,-1,-8,19372,88,34,79,16,0,0,0,0,0,0,0,-32286,0,0,0,0,0,2731077,0
2704411,9264,-1568,2062,-498,716,-160,-4002,5,1,0,0,19372,88,34,79,16,0,0,0,0,0,0,0,-32286,0,0,0,0,0,2731082,0
2704416,8934,-1286,1696,-533,838,-161,-4001,0,4,-1,0,19372,88,34,79,16,0,0,0,0,0,0,0,-32286,0,0,0,0,0,2731097,0
2704421,8942,-980,1522,-512,860,-169,-3999,7,2,-1,0,19372,88,34,79,16,0,0,0,0,0,0,0,-32285,0,0,0,0,0,2731102,0
2704426,8920,-646,1454,-535,872,-186,-3999,2,6,-2,8,19371,94,34,79,16,0,0,0,0,0,0,0,-32286,0,0,0,0,0,2731117,0
2704431,8958,-474,1342,-669,911,-184,-3992,37,17,-3,24,19371,94,34,79,16,0,0,0,0,0,0,0,-32286,0,0,0,0,0,2731122,0
2704436,9716,-666,1434,-904,865,-231,-3974,83,35,-6,48,19371,79,34,79,16,0,0,0,0,0,0,0,-32285,0,0,0,0,0,2731137,0
2704441,10292,-1200,1640,-974,822,-238,-3944,133,92,-8,64,19371,79,34,79,16,0,0,0,0,0,0,0,-32286,0,0,0,0,0,2731142,0
2704446,10932,-1560,1922,-1104,771,-264,-3903,189,134,-7,128,19373,80,34,79,16,0,0,0,0,0,0,0,-32286,0,0,0,0,0,2731157,0
2704451,11830,-1972,2016,-1221,725,-254,-3848,242,169,-1,176,19373,80,34,79,16,0,0,0,0,0,0,0,-32285,0,0,0,0,0,2731162,0
2704456,12804,-3266,2086,-1645,786,-226,-3780,304,181,-1,288,19373,80,34,79,16,0,0,0,0,0,0,0,-32286,0,0,0,0,0,2731177,0
2704461,13278,-4220,2086,-1666,770,-240,-3687,419,213,-18,520,19373,80,34,79,16,0,0,0,0,0,0,0,-32286,0,0,0,0,0,2731182,0
2704466,13594,-5010,1980,-1475,665,-307,-3574,512,258,-28,784,19373,81,34,79,16,0,0,0,0,0,0,0,-32286,0,0,0,0,0,2731197,0
2704471,13718,-5688,2024,-1290,679,-338,-3445,574,288,2,928,19373,81,34,79,16,0,0,0,0,0,0,0,-32286,0,0,0,0,0,2731202,0
2704476,13290,-5738,1978,-1114,808,-465,-3299,643,290,10,1064,19373,76,34,79,16,0,0,0,0,0,0,0,-32286,0,0,0,0,0,2731217,0
2704481,12440,-5658,1988,-1067,947,-513,-3139,715,274,2,1208,19373,76,34,79,16,0,0,0,0,0,0,0,-32286,0,0,0,0,0,2731222,0
2704486,11260,-5898,1924,-1101,1100,-534,-2970,748,240,8,1248,19372,76,34,79,16,0,0,0,0,0,0,0,-32286,0,0,0,0,0,2731237,0
2704491,10214,-6166,1648,-1021,1136,-579,-2794,778,194,3,1304,19372,76,34,79,16,0,0,0,0,0,0,0,-32286,0,0,0,0,0,2731242,0
2704496,8122,-7118,1304,-714,1042,-640,-2614,800,159,8,1336,19372,78,34,79,16,0,0,0,0,0,0,0,-32286,0,0,0,0,0,2731257,0
2704501,7346,-7566,1370,-561,944,-638,-2430,806,114,3,1344,19372,78,34,79,16,0,0,0,0,0,0,0,-32286,0,0,0,0,0,2731262,0
2704506,6698,-7826,1368,-427,799,-639,-2247,807,66,0,1344,19371,81,34,79,16,0,0,0,0,0,0,0,-32286,0,0,0,0,0,2731277,0
2704511,6184,-8152,1356,-282,607,-604,-2062,805,42,1,1328,19371,81,34,79,16,0,0,0,0,0,0,0,-32286,0,0,0,0,0,2731282,0
2704516,5454,-8196,1402,6,266,-495,-1880,795,14,2,1312,19370,77,34,79,16,0,0,0,0,0,0,0,-32286,0,0,0,0,0,2731297,0
2704521,5194,-8046,1386,138,126,-434,-1698,798,-1,2,1304,19370,77,34,79,16,0,0,0,0,0,0,0,-32286,0,0,0,0,0,2731302,0
2704526,4952,-7680,1376,268,84,-350,-1519,784,-10,4,1264,19371,73,34,79,16,0,0,0,0,0,0,0,-32286,0,0,0,0,0,2731317,0
2704531,4434,-7450,1498,436,-50,-300,-1343,771,-27,0,1256,19371,73,34,79,16,0,0,0,0,0,0,0,-32286,0,0,0,0,0,2731322,0
2704536,4364,-5852,806,706,-159,-208,-1169,764,-28,2,1208,19371,78,34,79,16,0,0,0,0,0,0,0,-32286,0,0,0,0,0,2731337,0
2704541,4190,-5136,574,696,-163,-182,-1001,735,-40,10,1144,19371,78,34,79,16,0,0,0,0,0,0,0,-32286,0,0,0,0,0,2731342,0
2704546,4008,-4584,304,698,-163,-156,-834,736,-48,0,1144,19372,81,34,79,16,0,0,0,0,0,0,0,-32286,0,0,0,0,0,2731357,0
2704551,3774,-4252,42,686,-148,-114,-670,712,-45,3,1080,19372,81,34,79,16,0,0,0,0,0,0,0,-32286,0,0,0,0,0,2731362,0
2704556,3436,-3396,-154,616,-153,-109,-509,708,-46,-6,1088,19373,95,34,79,16,0,0,0,0,0,0,0,-32286,0,0,0,0,0,2731377,0
2704561,3580,-3120,-318,640,-144,-106,-347,713,-36,2,1080,19373,95,34,79,16,0,0,0,0,0,0,0,-32286,0,0,0,0,0,2731382,0
2704566,3446,-2706,-348,539,-87,-62,-188,696,-30,8,1056,19374,91,34,79,16,0,0,0,0,0,0,0,-32286,0,0,0,0,0,2731396,0
2704571,3430,-2368,-328,365,-28,-52,-30,698,-25,-3,1064,19374,91,34,79,16,0,0,0,0,0,0,0,-32286,0,0,0,0,0,2731401,0
2704576,3242,-2488,-438,192,70,-10,131,705,-10,-3,1080,19375,85,34,79,16,0,0,0,0,0,0,0,-32286,0,0,0,0,0,2731416,0
2704581,3110,-2538,-494,145,51,16,295,722,1,-4,1120,19375,85,34,79,16,0,0,0,0,0,0,0,-32286,0,0,0,0,0,2731421,0
2704586,3108,-2660,-572,142,-10,29,462,738,22,-3,1184,19372,81,34,79,16,0,0,0,0,0,0,0,-32286,0,0,0,0,0,2731436,0
2704591,3298,-2740,-608,152,-89,45,635,756,46,-1,1208,19372,81,34,79,16,0,0,0,0,0,0,0,-32286,0,0,0,0,0,2731441,0
2704596,3902,-3092,-528,44,-265,147,807,757,46,-1,1216,19372,91,34,79,16,0,0,0,0,0,0,0,-32286,0,0,0,0,0,2731456,0
2704601,4470,-3416,-334,26,-374,156,982,768,39,-2,1256,19372,91,34,79,16,0,0,0,0,0,0,0,-32286,0,0,0,0,0,2731461,0
2704606,5070,-3930,-116,56,-497,209,1152,751,29,4,1184,19372,87,34,79,16,0,0,0,0,0,0,0,-32286,0,0,0,0,0,2731476,0
2704611,5482,-4280,202,23,-593,273,1318,726,-2,6,1128,19372,87,34,79,16,0,0,0,0,0,0,0,-32286,0,0,0,0,0,2731481,0
2704616,6646,-4988,644,-145,-629,471,1480,707,-38,0,1088,19372,86,34,79,16,0,0,0,0,0,0,0,-32286,0,0,0,0,0,2731496,0
2704621,6880,-5220,798,-270,-627,558,1632,662,-64,7,976,19372,86,34,79,16,0,0,0,0,0,0,0,-32286,0,0,0,0,0,2731501,0
2704626,7376,-5612,804,-312,-616,636,1773,626,-97,0,920,19372,80,34,79,16,0,0,0,0,0,0,0,-32286,0,0,0,0,0,2731516,0
2704631,7530,-5910,814,-298,-613,712,1909,591,-115,-4,824,19372,80,34,79,16,0,0,0,0,0,0,0,-32286,0,0,0,0,0,2731521,0
2704636,7660,-5806,668,-258,-578,832,2034,545,-128,7,688,19371,70,34,79,16,0,0,0,0,0,0,0,-32286,0,0,0,0,0,2731536,0
2704641,7734,-5646,402,-166,-541,820,2149,506,-140,-1,608,19371,70,34,79,16,0,0,0,0,0,0,0,-32286,0,0,0,0,0,2731541,0
2704646,7800,-5348,168,-41,-550,768,2252,457,-137,-12,504,19371,67,34,79,16,0,0,0,0,0,0,0,-32286,0,0,0,0,0,2731556,0
2704651,7714,-4898,-30,33,-543,708,2352,433,-149,-9,440,19371,67,34,79,16,0,0,0,0,0,0,0,-32286,0,0,0,0,0,2731561,0
2704656,7538,-4398,-336,73,-520,546,2437,366,-150,11,304,19374,59,34,79,16,0,0,0,0,0,0,0,-32286,0,0,0,0,0,2731576,0
2704661,7344,-4288,-564,64,-555,451,2513,335,-140,10,256,19374,59,34,79,16,0,0,0,0,0,0,0,-32286,0,0,0,0,0,2731581,0
2704666,7120,-4140,-636,31,-568,358,2580,289,-154,10,168,19376,68,34,79,16,0,0,0,0,0,0,0,-32286,0,0,0,0,0,2731596,0
2704671,6886,-3940,-614,-11,-600,257,2642,269,-146,6,144,19376,68,34,79,16,0,0,0,0,0,0,0,-32286,0,0,0,0,0,2731601,0
2704676,6424,-4238,-608,-87,-660,107,2699,247,-129,0,120,19378,77,34,79,16,0,0,0,0,0,0,0,-32286,0,0,0,0,0,2731616,0
2704681,6108,-4418,-478,-68,-735,52,2752,235,-94,0,112,19378,77,34,79,16,0,0,0,0,0,0,0,-32286,0,0,0,0,0,2731621,0
2704686,5906,-4670,-368,5,-803,5,2805,219,-80,0,104,19377,79,34,79,16,0,0,0,0,0,0,0,-32286,0,0,0,0,0,2731636,0
2704691,5752,-4910,-348,92,-895,-12,2848,194,-69,0,96,19377,79,34,79,16,0,0,0,0,0,0,0,-32286,0,0,0,0,0,2731641,0
2704696,5924,-4766,-128,386,-1079,-86,2888,181,-57,-4,88,19376,83,34,79,16,0,0,0,0,0,0,0,-32286,0,0,0,0,0,2731656,0
2704701,6106,-4616,-4,531,-1181,-87,2936,198,-54,-1,96,19376,83,34,79,16,0,0,0,0,0,0,0,-32286,0,0,0,0,0,2731661,0
2704706,6348,-4222,132,631,-1209,-112,2979,193,-27,6,88,19375,88,34,79,16,0,0,0,0,0,0,0,-32286,0,0,0,0,0,2731676,0
2704711,6768,-4060,216,700,-1214,-89,3027,199,1,0,104,19375,88,34,79,16,0,0,0,0,0,0,0,-32286,0,0,0,0,0,2731681,0
2704716,7288,-3678,484,741,-1109,-96,3073,213,7,-3,120,19374,88,34,79,16,0,0,0,0,0,0,0,-32286,0,0,0,0,0,2731696,0
2704721,7230,-3396,746,780,-1088,-103,3129,247,31,2,144,19374,88,34,79,16,0,0,0,0,0,0,0,-32286,0,0,0,0,0,2731701,0
2704726,7416,-3292,768,833,-1030,-122,3189,268,43,-3,200,19371,93,34,79,16,0,0,0,0,0,0,0,-32286,0,0,0,0,0,2731716,0
2704731,7644,-3334,778,908,-1000,-93,3255,291,73,-1,208,19371,93,34,79,16,0,0,0,0,0,0,0,-32286,0,0,0,0,0,2731721,0
2704736,7644,-2904,946,930,-920,-68,3322,300,79,4,224,19371,92,34,79,16,0,0,0,0,0,0,0,-32286,0,0,0,0,0,2731736,0
2704741,7830,-2730,886,904,-837,-53,3393,314,68,3,232,19371,92,34,79,16,0,0,0,0,0,0,0,-32286,0,0,0,0,0,2731741,0
2704746,7850,-2594,850,868,-766,-42,3465,320,49,3,232,19372,91,34,79,16,0,0,0,0,0,0,0,-32286,0,0,0,0,0,2731756,0
2704751,7892,-2548,766,857,-723,-32,3538,330,42,0,264,19372,91,34,79,16,0,0,0,0,0,0,0,-32286,0,0,0,0,0,2731766,0
2704756,7788,-2434,556,853,-669,-5,3617,354,34,-7,296,19372,96,34,79,16,0,0,0,0,0,0,0,-32286,0,0,0,0,0,2731776,0
2704761,7808,-2380,368,852,-666,4,3703,379,47,-6,360,19372,96,34,79,16,0,0,0,0,0,0,0,-32286,0,0,0,0,0,2731781,0
2704766,7618,-2250,246,803,-642,27,3791,388,64,-1,352,19372,90,33,79,16,0,0,0,0,0,0,0,-32286,0,0,0,0,0,2731796,0
2704771,7502,-2120,162,743,-673,34,3882,398,67,-4,392,19372,90,33,79,16,0,0,0,0,0,0,0,-32286,0,0,0,0,0,2731801,0
2704776,7192,-2182,-78,647,-727,55,3972,403,56,-6,416,19371,82,33,79,16,0,0,0,0,0,0,0,-32286,0,0,0,0,0,2731816,0
2704781,7100,-2298,-140,656,-766,63,4070,431,43,-15,488,19371,82,33,79,16,0,0,0,0,0,0,0,-32286,0,0,0,0,0,2731821,0
2704786,6960,-2432,-158,670,-823,61,4172,450,43,-10,536,19373,76,34,79,16,0,0,0,0,0,0,0,-32286,0,0,0,0,0,2731836,0
2704791,6994,-2576,-154,652,-859,84,4275,452,52,3,536,19373,76,34,79,16,0,0,0,0,0,0,0,-32286,0,0,0,0,0,2731841,0
2704796,6966,-2604,-106,591,-920,128,4377,443,46,6,504,19372,73,34,79,16,0,0,0,0,0,0,0,-32286,0,0,0,0,0,2731856,0
2704801,6860,-2586,-8,573,-943,116,4479,453,30,0,528,19372,73,34,79,16,0,0,0,0,0,0,0,-32286,0,0,0,0,0,2731860,0
2704806,7066,-2712,0,619,-929,128,4586,463,15,-2,560,19370,79,34,79,16,0,0,0,0,0,0,0,-32286,0,0,0,0,0,2731875,0
2704811,6982,-2732,144,630,-920,162,4689,450,12,6,488,19370,79,34,79,16,0,0,0,0,0,0,0,-32286,0,0,0,0,0,2731880,0
2704816,7150,-2956,224,574,-839,213,4787,432,0,6,448,19369,86,34,79,16,0,0,0,0,0,0,0,-32286,0,0,0,0,0,2731895,0
2704821,7138,-2838,346,556,-777,218,4881,411,-25,-4,440,19369,86,34,79,16,0,0,0,0,0,0,0,-32286,0,0,0,0,0,2731900,0
2704826,7314,-2854,438,554,-714,224,4970,394,-51,3,400,19371,81,34,79,16,0,0,0,0,0,0,0,-32286,0,0,0,0,0,2731915,0
2704831,7382,-2836,450,569,-642,230,5061,390,-55,5,376,19371,81,34,79,16,0,0,0,0,0,0,0,-32286,0,0,0,0,0,2731920,0
2704836,7432,-2918,490,597,-509,270,5140,347,-61,22,264,19372,74,34,79,16,0,0,0,0,0,0,0,-32286,0,0,0,0,0,2731935,0
2704841,7556,-2844,488,608,-457,264,5214,320,-70,14,216,19372,74,34,79,16,0,0,0,0,0,0,0,-32286,0,0,0,0,0,2731940,0
2704846,7642,-2912,384,614,-380,296,5278,283,-95,2,152,19373,74,34,79,16,0,0,0,0,0,0,0,-32286,0,0,0,0,0,2731955,0
2704851,7676,-2890,376,599,-336,311,5334,245,-107,-4,120,19373,74,34,79,16,0,0,0,0,0,0,0,-32286,0,0,0,0,0,2731960,0
2704856,7654,-2670,288,610,-257,289,5386,222,-122,-9,112,19372,77,34,79,16,0,0,0,0,0,0,0,-32286,0,0,0,0,0,2731975,0
2704861,7746,-2780,156,612,-215,332,5430,192,-113,-1,64,19372,77,34,79,16,0,0,0,0,0,0,0,-32286,0,0,0,0,0,2731980,0
2704866,7612,-2478,182,572,-215,303,5471,183,-100,-2,80,19375,85,34,79,16,0,0,0,0,0,0,0,-32286,0,0,0,0,0,2731995,0
2704871,7798,-2654,52,543,-158,322,5505,151,-90,0,64,19375,85,34,79,16,0,0,0,0,0,0,0,-32286,0,0,0,0,0,2732000,0
2704876,7600,-2588,-68,512,-118,348,5535,121,-80,-4,40,19375,87,34,79,16,0,0,0,0,0,0,0,-32286,0,0,0,0,0,2732015,0
2704881,7374,-2326,-58,473,-109,347,5551,58,-98,6,16,19375,87,34,79,16,0,0,0,0,0,0,0,-32286,0,0,0,0,0,2732020,0
2704886,7480,-2282,-132,468,-88,322,5560,39,-118,0,8,19374,88,34,79,16,0,0,0,0,0,0,0,-32286,0,0,0,0,0,2732035,0
2704891,7440,-2238,-152,473,-74,320,5568,46,-118,-2,24,19374,88,34,79,16,0,0,0,0,0,0,0,-32286,0,0,0,0,0,2732040,0
2704896,7374,-2222,-110,469,-78,319,5583,65,-78,-2,32,19371,85,34,79,16,0,0,0,0,0,0,0,-32286,0,0,0,0,0,2732055,0
2704901,7268,-2224,-116,481,-78,333,5597,60,-26,0,24,19371,85,34,79,16,0,0,0,0,0,0,0,-32286,0,0,0,0,0,2732060,0
2704906,7190,-2116,-112,481,-86,336,5610,49,16,0,16,19371,84,34,79,16,0,0,0,0,0,0,0,-32286,0,0,0,0,0,2732075,0
2704911,7154,-2124,-172,491,-118,325,5624,66,17,-2,32,19371,84,34,79,16,0,0,0,0,0,0,0,-32286,0,0,0,0,0,2732080,0
2704916,7096,-2094,-6,653,-153,283,5643,100,23,-7,48,19371,79,34,79,16,0,0,0,0,0,0,0,-32286,0,0,0,0,0,2732095,0
2704921,7434,-1856,-428,569,-176,300,5667,110,33,0,40,19371,79,34,79,16,0,0,0,0,0,0,0,-32286,0,0,0,0,0,2732100,0
2704926,7186,-1888,-212,607,-94,281,5692,98,51,5,48,19371,82,34,79,16,0,0,0,0,0,0,0,-32286,0,0,0,0,0,2732115,0
2704931,7130,-2204,-102,589,-45,309,5721,126,52,-3,56,19371,82,34,79,16,0,0,0,0,0,0,0,-32286,0,0,0,0,0,2732120,0
2704936,7076,-2070,-186,507,-21,350,5747,124,30,1,56,19371,74,34,79,16,0,0,0,0,0,0,0,-32286,0,0,0,0,0,2732135,0
2704941,7226,-2076,-308,590,5,338,5781,150,24,-7,80,19371,74,34,79,16,0,0,0,0,0,0,0,-32286,0,0,0,0,0,2732140,0
2704946,7154,-2172,-286,672,20,333,5822,177,51,2,104,19372,75,34,79,16,0,0,0,0,0,0,0,-32286,0,0,0,0,0,2732155,0
2704951,7200,-2110,-250,753,-38,297,5871,213,84,4,120,19372,75,34,79,16,0,0,0,0,0,0,0,-32286,0,0,0,0,0,2732160,0
2704956,7368,-1880,-266,775,-67,264,5928,250,98,-1,168,19370,75,34,79,16,0,0,0,0,0,0,0,-32286,0,0,0,0,0,2732175,0
2704961,7512,-1740,-320,757,-75,224,5994,290,119,4,216,19370,75,34,79,16,0,0,0,0,0,0,0,-32286,0,0,0,0,0,2732180,0
2704966,7574,-1538,-258,701,-79,167,6063,307,112,5,232,19370,74,34,79,16,0,0,0,0,0,0,0,-32286,0,0,0,0,0,2732195,0
2704971,7780,-1578,-294,660,-78,108,6138,328,104,1,264,19370,74,34,79,16,0,0,0,0,0,0,0,-32286,0,0,0,0,0,2732200,0
2704976,7886,-1798,-168,606,-75,12,6214,345,81,-3,296,19372,71,34,79,16,0,0,0,0,0,0,0,-32286,0,0,0,0,0,2732215,0
2704981,7980,-1972,-156,630,-84,-51,6299,375,72,-6,352,19372,71,34,79,16,0,0,0,0,0,0,0,-32286,0,0,0,0,0,2732220,0
2704986,8014,-1998,-54,667,-108,-124,6390,410,81,-20,464,19373,72,34,79,16,0,0,0,0,0,0,0,-32286,0,0,0,0,0,2732235,0
2704991,8072,-2270,-54,717,-113,-141,6490,441,99,-15,520,19373,72,34,79,16,0,0,0,0,0,0,0,-32286,0,0,0,0,0,2732240,0
2704996,8098,-2442,-18,737,-133,-219,6595,463,102,-1,584,19374,72,34,79,16,0,0,0,0,0,0,0,-32286,0,0,0,0,0,2732255,0
2705001,8082,-2278,46,749,-132,-267,6703,475,100,4,616,19374,72,34,79,16,0,0,0,0,0,0,0,-32286,0,0,0,0,0,2732260,0
2705006,8158,-2344,0,806,-143,-315,6819,516,94,-3,728,19373,72,34,79,16,0,0,0,0,0,0,0,-32286,0,0,0,0,0,2732275,0
2705011,8192,-2344,-2,898,-153,-367,6942,544,86,5,776,19373,72,34,79,16,0,0,0,0,0,0,0,-32286,0,0,0,0,0,2732280,0
2705016,8176,-2240,-72,922,-176,-425,7068,551,90,15,760,19374,77,34,79,16,0,0,0,0,0,0,0,-32286,0,0,0,0,0,2732295,0
2705021,8218,-2124,-112,903,-143,-450,7194,554,18,4,800,19374,77,34,79,16,0,0,0,0,0,0,0,-32286,0,0,0,0,0,2732300,0
2705026,8270,-2070,-172,913,-152,-479,7325,576,0,-1,832,19372,80,34,79,16,0,0,0,0,0,0,0,-32286,0,0,0,0,0,2732315,0
2705031,8170,-2238,-208,902,-163,-480,7455,571,4,14,776,19372,80,34,79,16,0,0,0,0,0,0,0,-32286,0,0,0,0,0,2732320,0
2705036,8376,-2118,-226,917,-154,-532,7583,561,-3,7,760,19371,74,34,79,16,0,0,0,0,0,0,0,-32286,0,0,0,0,0,2732335,0
2705041,8456,-2010,-192,934,-165,-544,7713,565,33,-3,776,19371,74,34,79,16,0,0,0,0,0,0,0,-32286,0,0,0,0,0,2732340,0
2705046,8626,-2024,-214,971,-161,-550,7843,572,2,-3,776,19374,73,34,79,16,0,0,0,0,0,0,0,-32286,0,0,0,0,0,2732354,0
2705051,8650,-1934,-214,938,-167,-554,7967,550,-12,5,720,19374,73,34,79,16,0,0,0,0,0,0,0,-32285,0,0,0,0,0,2732359,0
2705056,8988,-1958,-182,908,-132,-551,8090,541,-14,-5,712,19379,75,34,79,16,0,0,0,0,0,0,0,-32286,0,0,0,0,0,2732374,0
2705061,9086,-1970,-142,894,-127,-579,8212,535,-32,-1,688,19379,75,34,79,16,0,0,0,0,0,0,0,-32286,0,0,0,0,0,2732379,0
2705066,9280,-2282,-168,888,-109,-551,8332,526,-29,7,648,19381,78,34,79,16,0,0,0,0,0,0,0,-32286,0,0,0,0,0,2732394,0
2705071,9404,-2484,-188,865,-102,-566,8447,510,-37,3,616,19381,78,34,79,16,0,0,0,0,0,0,0,-32286,0,0,0,0,0,2732399,0
2705076,9714,-3346,-316,830,-40,-551,8557,477,-42,-6,552,19382,76,34,79,16,0,0,0,0,0,0,0,-32286,0,0,0,0,0,2732414,0
2705081,9988,-3804,-456,878,-7,-555,8664,463,-60,-10,520,19382,76,34,79,16,0,0,0,0,0,0,0,-32286,0,0,0,0,0,2732419,0
2705086,9990,-4122,-496,957,-7,-530,8766,452,-61,-2,488,19379,81,34,79,16,0,0,0,0,0,0,0,-32286,0,0,0,0,0,2732434,0
2705091,9900,-4348,-468,1013,-38,-500,8862,412,-71,4,400,19379,81,34,79,16,0,0,0,0,0,0,0,-32286,0,0,0,0,0,2732439,0
2705096,9926,-4330,-532,1027,-130,-422,8948,372,-83,12,304,19377,82,34,79,16,0,0,0,0,0,0,0,-32286,0,0,0,0,0,2732454,0
2705101,9872,-4174,-552,984,-170,-408,9024,333,-101,16,232,19377,82,34,79,16,0,0,0,0,0,0,0,-32286,0,0,0,0,0,2732459,0
2705106,9816,-3932,-592,940,-186,-371,9094,303,-121,8,176,19371,86,34,79,16,0,0,0,0,0,0,0,-32286,0,0,0,0,0,2732474,0
2705111,9734,-3534,-562,909,-220,-359,9157,275,-126,5,144,19371,86,34,79,16,0,0,0,0,0,0,0,-32286,0,0,0,0,0,2732479,0
2705116,9488,-2942,-444,756,-315,-279,9211,232,-117,-2,80,19370,83,34,79,16,0,0,0,0,0,0,0,-32286,0,0,0,0,0,2732494,0
2705121,9382,-2422,-284,664,-388,-298,9249,161,-127,-3,48,19370,83,34,79,16,0,0,0,0,0,0,0,-32286,0,0,0,0,0,2732499,0
2705126,9352,-2266,-288,562,-441,-269,9274,95,-160,-8,24,19370,83,34,79,16,0,0,0,0,0,0,0,-32286,0,0,0,0,0,2732514,0
2705131,9186,-1728,42,443,-480,-311,9281,22,-199,0,0,19370,83,34,79,16,0,0,0,0,0,0,0,-32286,0,0,0,0,0,2732519,0
2705136,9184,-1548,446,258,-507,-403,9282,-3,-217,0,-8,19371,76,34,79,16,0,0,0,0,0,0,0,-32286,0,0,0,0,0,2732534,0
2705141,9276,-1836,568,225,-517,-455,9282,3,-186,-2,0,19371,76,34,79,16,0,0,0,0,0,0,0,-32286,0,0,0,0,0,2732539,0
2705146,9340,-2210,660,234,-520,-504,9283,2,-119,-1,-8,19371,77,34,79,16,0,0,0,0,0,0,0,-32286,0,0,0,0,0,2732554,0
2705151,9380,-2446,768,247,-531,-553,9281,3,-51,0,-8,19371,77,34,79,16,0,0,0,0,0,0,0,-32286,0,0,0,0,0,2732559,0
2705156,9506,-2962,760,198,-495,-600,9282,1,-11,0,0,19371,73,34,79,16,0,0,0,0,0,0,0,-32286,0,0,0,0,0,2732574,0
2705161,9414,-3274,750,101,-480,-620,9283,8,-3,0,-8,19371,73,34,79,16,0,0,0,0,0,0,0,-32286,0,0,0,0,0,2732579,0
2705166,9470,-3670,626,-12,-446,-601,9282,-1,-1,0,0,19370,68,34,79,16,0,0,0,0,0,0,0,-32286,0,0,0,0,0,2732594,0
2705171,9360,-3874,664,-205,-364,-558,9281,-5,-2,-1,-8,19370,68,34,79,16,0,0,0,0,0,0,0,-32286,0,0,0,0,0,2732599,0
2705176,9432,-4670,830,-234,-329,-615,9283,1,-8,-2,0,19372,81,34,79,16,0,0,0,0,0,0,0,-32286,0,0,0,0,0,2732614,0
2705181,9120,-5220,1292,40,-264,-649,9281,-1,-3,-2,-8,19372,81,34,79,16,0,0,0,0,0,0,0,-32286,0,0,0,0,0,2732619,0
2705186,8506,-5744,1202,240,-377,-623,9281,0,-3,-1,-8,19374,85,34,79,16,0,0,0,0,0,0,0,-32286,0,0,0,0,0,2732634,0
2705191,8342,-5668,1170,210,-372,-549,9279,-4,0,0,-8,19374,85,34,79,16,0,0,0,0,0,0,0,-32286,0,0,0,0,0,2732639,0
2705196,7608,-5220,842,-245,-278,-465,9280,-9,-5,0,-8,19374,94,34,79,16,0,0,0,0,0,0,0,-32286,0,0,0,0,0,2732654,0
2705201,7254,-5776,726,-376,-278,-427,9275,-13,-10,0,-16,19374,94,34,79,16,0,0,0,0,0,0,0,-32286,0,0,0,0,0,2732659,0
2705206,6732,-5966,908,-464,-221,-357,9273,-11,-10,0,-16,19373,93,34,79,16,0,0,0,0,0,0,0,-32286,0,0,0,0,0,2732674,0
2705211,6262,-6322,1196,-446,-153,-340,9269,-18,-16,0,-16,19373,93,34,79,16,0,0,0,0,0,0,0,-32286,0,0,0,0,0,2732679,0
2705216,5198,-7094,1588,3,-97,-325,9262,-27,-14,0,-16,19372,92,34,79,16,0,0,0,0,0,0,0,-32286,0,0,0,0,0,2732694,0
2705221,5998,-5496,2600,1116,-286,-895,9247,-60,-25,3,-56,19372,92,34,79,16,0,0,0,0,0,0,0,-32286,0,0,0,0,0,2732699,0
2705226,6364,-8862,2394,2906,-480,-1006,9214,-169,-78,12,-120,19373,88,34,79,16,0,0,0,0,0,0,0,-32286,0,0,0,0,0,2732714,0
2705231,4704,-6650,2168,2764,-689,-846,9155,-277,-162,14,-288,19373,88,34,79,16,0,0,0,0,0,0,0,-32286,0,0,0,0,0,2732734,0
2705236,5758,-5150,608,1549,-468,-753,9068,-399,-259,19,-528,19371,87,34,79,16,0,0,0,0,0,0,0,-32286,0,0,0,0,0,2732737,0
2705241,5050,-4946,910,1110,-443,-656,8946,-554,-363,40,-992,19371,87,34,79,16,0,0,0,0,0,0,0,-32286,0,0,0,0,0,2732742,0
2705246,4624,-5798,794,874,-379,-541,8782,-740,-454,21,-1424,19370,82,34,79,16,0,0,0,0,0,0,0,-32286,0,0,0,0,0,2732757,0
2705251,4658,-6320,672,887,-424,-432,8568,-960,-546,3,-1896,19370,82,34,79,16,0,0,0,0,0,0,0,-32286,0,0,0,0,0,2732762,0
2705256,4186,-6158,1022,716,-242,-82,8308,-1168,-624,4,-2360,19370,82,34,79,16,0,0,0,0,0,0,0,-32286,0,0,0,0,0,2732777,0
2705261,4492,-6090,918,575,-146,130,8000,-1381,-695,7,-2808,19370,82,34,79,16,0,0,0,0,0,0,0,-32286,0,0,0,0,0,2732782,0
2705266,4512,-5748,950,333,28,387,7647,-1576,-721,0,-3232,19370,83,34,79,16,0,0,0,0,0,0,0,-32286,0,0,0,0,0,2732797,0
2705271,4688,-5298,1080,181,136,552,7252,-1750,-711,-8,-3568,19370,83,34,79,16,0,0,0,0,0,0,0,-32286,0,0,0,0,0,2732802,0
2705276,5600,-5148,1144,-141,497,1022,6826,-1895,-667,-6,-3848,19371,80,34,79,16,0,0,0,0,0,0,0,-32286,0,0,0,0,0,2732817,0
2705281,4522,-4668,1300,-386,595,1182,6380,-1971,-590,-14,-3968,19371,80,34,79,16,0,0,0,0,0,0,0,-32286,0,0,0,0,0,2732821,0
2705286,5478,-5198,610,-219,375,1264,5920,-2025,-467,-12,-4056,19372,89,34,79,16,0,0,0,0,0,0,0,-32286,0,0,0,0,0,2732836,0
2705291,5926,-4354,762,168,212,1264,5453,-2057,-341,-12,-4112,19372,89,34,79,16,0,0,0,0,0,0,0,-32286,0,0,0,0,0,2732841,0
2705296,7408,-2112,326,161,-64,1262,4982,-2073,-228,-9,-4104,19369,93,34,79,16,0,0,0,0,0,0,0,-32287,0,0,0,0,0,2732856,0
2705301,8168,-1256,118,-187,-62,1229,4504,-2088,-140,-21,-4104,19369,93,34,79,16,0,0,0,0,0,0,0,-32287,0,0,0,0,0,2732861,0
2705306,8588,-752,62,-441,-122,1138,4031,-2073,-81,-20,-4032,19368,96,34,79,16,0,0,0,0,0,0,0,-32286,0,0,0,0,0,2732876,0
2705311,9312,-594,180,-487,-248,983,3565,-2046,-34,-12,-3928,19368,96,34,79,16,0,0,0,0,0,0,0,-32286,0,0,0,0,0,2732881,0
2705316,10664,-534,826,-187,-430,612,3110,-1993,36,-6,-3840,19365,94,34,79,16,0,0,0,0,0,0,0,-32285,0,0,0,0,0,2732896,0
2705321,10922,-406,1180,-198,-481,455,2672,-1924,105,1,-3704,19365,94,34,79,16,0,0,0,0,0,0,0,-32286,0,0,0,0,0,2732901,0
2705326,11248,-182,1246,-352,-442,322,2246,-1858,166,8,-3592,19369,91,34,79,16,0,0,0,0,0,0,0,-32286,0,0,0,0,0,2732916,0
2705331,11434,-152,1408,-590,-283,223,1834,-1807,201,8,-3504,19369,91,34,79,16,0,0,0,0,0,0,0,-32286,0,0,0,0,0,2732921,0
2705336,11362,-1586,2382,-762,151,37,1434,-1761,205,1,-3416,19370,91,34,79,16,0,0,0,0,0,0,0,-32286,0,0,0,0,0,2732936,0
2705341,10828,-2024,2830,-673,408,-12,1043,-1714,201,-3,-3288,19370,91,34,79,16,0,0,0,0,0,0,0,-32286,0,0,0,0,0,2732941,0
2705346,10568,-2310,2840,-593,631,-52,664,-1669,175,-12,-3168,19372,91,34,79,16,0,0,0,0,0,0,0,-32286,0,0,0,0,0,2732956,0
2705351,10222,-2504,2582,-592,893,-41,292,-1626,157,-12,-3024,19372,91,34,79,16,0,0,0,0,0,0,0,-32286,0,0,0,0,0,2732961,0
2705356,9262,-2568,1942,-767,1333,-22,-65,-1573,155,-10,-2896,19370,86,34,79,16,0,0,0,0,0,0,0,-32286,0,0,0,0,0,2732976,0
2705361,8616,-2808,1450,-796,1341,-35,-407,-1501,169,-7,-2736,19370,86,34,79,16,0,0,0,0,0,0,0,-32286,0,0,0,0,0,2732981,0
2705366,8188,-2984,1210,-764,1501,-11,-732,-1413,200,-5,-2528,19369,89,34,79,16,0,0,0,0,0,0,0,-32286,0,0,0,0,0,2732996,0
2705371,7446,-3026,722,-728,1433,-4,-1039,-1340,229,0,-2376,19369,89,34,79,16,0,0,0,0,0,0,0,-32286,0,0,0,0,0,2733001,0
2705376,6746,-2894,-120,-916,1421,86,-1325,-1245,261,1,-2192,19371,88,34,79,16,0,0,0,0,0,0,0,-32286,0,0,0,0,0,2733016,0
2705381,6352,-2844,102,-955,1355,81,-1591,-1157,284,-1,-1992,19371,88,34,79,16,0,0,0,0,0,0,0,-32286,0,0,0,0,0,2733021,0
2705386,6234,-3134,-236,-922,1258,87,-1835,-1071,307,0,-1808,19373,90,33,79,16,0,0,0,0,0,0,0,-32286,0,0,0,0,0,2733036,0
2705391,6098,-3182,-366,-765,1048,53,-2059,-977,313,4,-1624,19373,90,33,79,16,0,0,0,0,0,0,0,-32286,0,0,0,0,0,2733041,0
2705396,6072,-2930,-458,-590,689,71,-2266,-908,308,4,-1480,19373,95,33,79,16,0,0,0,0,0,0,0,-32286,0,0,0,0,0,2733056,0
2705401,6350,-2692,-342,-660,594,95,-2461,-837,287,-2,-1336,19373,95,33,79,16,0,0,0,0,0,0,0,-32286,0,0,0,0,0,2733061,0
2705406,6264,-2584,-124,-792,555,147,-2641,-790,259,1,-1240,19372,89,34,79,16,0,0,0,0,0,0,0,-32286,0,0,0,0,0,2733076,0
2705411,6380,-2698,54,-949,535,219,-2814,-751,218,-3,-1152,19372,89,34,79,16,0,0,0,0,0,0,0,-32286,0,0,0,0,0,2733081,0
2705416,6606,-2792,622,-995,554,306,-2974,-700,189,-2,-1032,19371,86,34,79,16,0,0,0,0,0,0,0,-32286,0,0,0,0,0,2733096,0
2705421,6798,-2774,850,-976,553,328,-3125,-652,170,0,-928,19371,86,34,79,16,0,0,0,0,0,0,0,-32286,0,0,0,0,0,2733101,0
2705426,6858,-2450,932,-928,566,320,-3267,-620,152,-3,-856,19372,77,34,79,16,0,0,0,0,0,0,0,-32286,0,0,0,0,0,2733116,0
2705431,7044,-2520,854,-913,539,348,-3396,-565,154,-6,-704,19372,77,34,79,16,0,0,0,0,0,0,0,-32286,0,0,0,0,0,2733121,0
2705436,7140,-2050,952,-1000,608,374,-3519,-533,155,2,-640,19372,81,34,79,16,0,0,0,0,0,0,0,-32285,0,0,0,0,0,2733136,0
2705441,7332,-1800,1014,-1060,668,366,-3633,-503,148,9,-576,19372,81,34,79,16,0,0,0,0,0,0,0,-32286,0,0,0,0,0,2733141,0
2705446,7304,-1784,1122,-1081,708,352,-3736,-445,134,0,-408,19371,75,34,79,16,0,0,0,0,0,0,0,-32286,0,0,0,0,0,2733156,0
2705451,7360,-1876,1118,-1092,767,343,-3829,-396,142,0,-344,19371,75,34,79,16,0,0,0,0,0,0,0,-32286,0,0,0,0,0,2733161,0
2705456,7152,-1960,1034,-1056,795,307,-3913,-365,149,-3,-280,19371,77,34,79,16,0,0,0,0,0,0,0,-32286,0,0,0,0,0,2733176,0
2705461,7134,-1906,912,-1018,822,281,-3990,-337,142,-4,-240,19371,77,34,79,16,0,0,0,0,0,0,0,-32286,0,0,0,0,0,2733181,0
2705466,6974,-1810,876,-1032,860,275,-4062,-317,133,-3,-200,19372,70,34,79,16,0,0,0,0,0,0,0,-32286,0,0,0,0,0,2733196,0
2705471,6830,-1678,838,-1062,869,232,-4123,-265,114,-2,-120,19372,70,34,79,16,0,0,0,0,0,0,0,-32286,0,0,0,0,0,2733201,0
2705476,6550,-1708,652,-1055,903,190,-4169,-197,126,5,-80,19374,78,34,79,16,0,0,0,0,0,0,0,-32286,0,0,0,0,0,2733216,0
2705481,6404,-1814,540,-1015,861,178,-4202,-136,156,10,-32,19374,78,34,79,16,0,0,0,0,0,0,0,-32286,0,0,0,0,0,2733220,0
2705486,6226,-1880,456,-1001,861,191,-4222,-89,190,7,-32,19376,84,34,79,16,0,0,0,0,0,0,0,-32286,0,0,0,0,0,2733235,0
2705491,5976,-1700,410,-978,799,163,-4234,-41,194,-4,-16,19376,84,34,79,16,0,0,0,0,0,0,0,-32286,0,0,0,0,0,2733240,0
2705496,5744,-1780,280,-944,755,193,-4231,13,187,-4,0,19377,79,34,79,16,0,0,0,0,0,0,0,-32286,0,0,0,0,0,2733255,0
2705501,5580,-1710,270,-1000,730,209,-4230,13,158,1,-8,19377,79,34,79,16,0,0,0,0,0,0,0,-32286,0,0,0,0,0,2733260,0
2705506,5544,-1712,212,-1061,736,235,-4230,3,110,1,-8,19377,79,34,79,16,0,0,0,0,0,0,0,-32286,0,0,0,0,0,2733275,0
2705511,5458,-1738,246,-1116,745,251,-4231,2,55,-1,-8,19377,79,34,79,16,0,0,0,0,0,0,0,-32286,0,0,0,0,0,2733280,0
2705516,5424,-1888,346,-1040,740,251,-4231,-3,11,0,0,19375,83,34,79,16,0,0,0,0,0,0,0,-32286,0,0,0,0,0,2733295,0
2705521,5434,-1910,366,-990,711,241,-4230,0,-6,1,0,19375,83,34,79,16,0,0,0,0,0,0,0,-32286,0,0,0,0,0,2733300,0
2705526,5510,-1852,328,-972,699,245,-4230,2,-5,0,0,19373,81,34,79,16,0,0,0,0,0,0,0,-32286,0,0,0,0,0,2733315,0
2705531,5600,-1738,334,-978,712,258,-4231,-3,0,1,0,19373,81,34,79,16,0,0,0,0,0,0,0,-32286,0,0,0,0,0,2733320,0
2705536,5666,-1722,334,-1036,727,234,-4232,-7,-4,2,-8,19371,79,34,79,16,0,0,0,0,0,0,0,-32286,0,0,0,0,0,2733335,0
2705541,5696,-1836,302,-1012,722,219,-4231,0,-3,2,-8,19371,79,34,79,16,0,0,0,0,0,0,0,-32286,0,0,0,0,0,2733340,0
2705546,5772,-1880,304,-973,698,218,-4231,0,3,0,-8,19371,84,34,79,16,0,0,0,0,0,0,0,-32286,0,0,0,0,0,2733355,0
2705551,5780,-1918,348,-943,670,206,-4230,5,2,0,0,19371,84,34,79,16,0,0,0,0,0,0,0,-32286,0,0,0,0,0,2733360,0
2705556,5810,-1780,248,-1152,697,270,-4230,4,1,-1,-8,19372,88,34,79,16,0,0,0,0,0,0,0,-32286,0,0,0,0,0,2733379,0
2705561,5796,-1682,332,-1264,721,269,-4229,5,5,0,0,19372,88,34,79,16,0,0,0,0,0,0,0,-32286,0,0,0,0,0,2733384,0
2705566,5954,-1906,378,-1220,665,232,-4227,15,5,0,0,19372,93,34,79,16,0,0,0,0,0,0,0,-32286,0,0,0,0,0,2733395,0
2705571,6080,-2050,318,-1080,557,207,-4226,3,4,1,0,19372,93,34,79,16,0,0,0,0,0,0,0,-32286,0,0,0,0,0,2733400,0
2705576,6370,-1940,234,-912,353,132,-4227,-1,-3,2,-8,19372,84,34,79,16,0,0,0,0,0,0,0,-32286,0,0,0,0,0,2733415,0
2705581,6598,-1814,184,-927,294,139,-4227,0,-7,0,-8,19372,84,34,79,16,0,0,0,0,0,0,0,-32286,0,0,0,0,0,2733420,0
2705586,6618,-1756,80,-1083,187,141,-4226,3,-6,0,0,19373,76,34,79,16,0,0,0,0,0,0,0,-32286,0,0,0,0,0,2733435,0
2705591,6816,-1982,44,-1175,100,133,-4225,5,-5,1,-8,19373,76,34,79,16,0,0,0,0,0,0,0,-32287,0,0,0,0,0,2733440,0
2705596,7164,-2334,652,-1125,77,125,-4226,3,3,0,0,19374,83,34,79,16,0,0,0,0,0,0,0,-32286,0,0,0,0,0,2733455,0
2705601,7422,-2494,902,-1047,77,112,-4224,6,5,0,0,19374,83,34,79,16,0,0,0,0,0,0,0,-32286,0,0,0,0,0,2733460,0
2705606,7620,-2546,1066,-960,73,92,-4223,7,2,0,0,19374,86,34,79,16,0,0,0,0,0,0,0,-32286,0,0,0,0,0,2733475,0
2705611,7716,-2612,1104,-892,80,72,-4224,-5,6,0,0,19374,86,34,79,16,0,0,0,0,0,0,0,-32286,0,0,0,0,0,2733480,0
2705616,8004,-2704,1104,-809,110,77,-4223,-6,-5,1,0,19372,89,34,79,16,0,0,0,0,0,0,0,-32286,0,0,0,0,0,2733495,0
2705621,8164,-2684,1246,-817,192,86,-4222,1,-4,0,0,19372,89,34,79,16,0,0,0,0,0,0,0,-32286,0,0,0,0,0,2733500,0
2705626,8264,-2666,1316,-844,279,79,-4223,-1,-2,0,0,19371,81,34,79,16,0,0,0,0,0,0,0,-32286,0,0,0,0,0,2733515,0
2705631,8402,-2648,1346,-825,379,100,-4220,8,0,0,0,19371,81,34,79,16,0,0,0,0,0,0,0,-32286,0,0,0,0,0,2733520,0
2705636,8508,-2740,1290,-755,485,80,-4220,2,0,0,0,19372,78,34,79,16,0,0,0,0,0,0,0,-32286,0,0,0,0,0,2733535,0
2705641,8596,-2536,1210,-702,519,70,-4217,2,5,1,0,19372,78,34,79,16,0,0,0,0,0,0,0,-32286,0,0,0,0,0,2733540,0
2705646,8738,-2390,1170,-656,571,49,-4217,5,2,0,-8,19374,77,34,79,16,0,0,0,0,0,0,0,-32286,0,0,0,0,0,2733555,0
2705651,8858,-2232,1108,-652,571,14,-4217,5,1,1,0,19374,77,34,79,16,0,0,0,0,0,0,0,-32286,0,0,0,0,0,2733560,0
2705656,9154,-2130,984,-666,590,-44,-4214,7,-2,1,0,19373,76,34,79,16,0,0,0,0,0,0,0,-32286,0,0,0,0,0,2733575,0
2705661,9340,-2028,970,-690,596,-67,-4214,4,-2,0,0,19373,76,34,79,16,0,0,0,0,0,0,0,-32286,0,0,0,0,0,2733580,0
2705666,9404,-1970,974,-742,597,-110,-4212,7,2,0,0,19372,75,34,79,16,0,0,0,0,0,0,0,-32286,0,0,0,0,0,2733595,0
2705671,9584,-1970,934,-777,599,-148,-4210,12,-3,0,8,19372,75,34,79,16,0,0,0,0,0,0,0,-32286,0,0,0,0,0,2733600,0
2705676,9700,-1848,1008,-845,599,-209,-4209,9,4,0,8,19368,72,34,79,16,0,0,0,0,0,0,0,-32286,0,0,0,0,0,2733615,0
2705681,9724,-1696,1136,-882,608,-261,-4202,24,13,-2,8,19368,72,34,79,16,0,0,0,0,0,0,0,-32286,0,0,0,0,0,2733620,0
2705686,9784,-1580,1230,-894,623,-317,-4191,53,24,-2,24,19368,81,34,79,16,0,0,0,0,0,0,0,-32286,0,0,0,0,0,2733635,0
2705691,9802,-1456,1366,-884,650,-383,-4167,111,59,-8,64,19368,81,34,79,16,0,0,0,0,0,0,0,-32286,0,0,0,0,0,2733640,0
2705696,9894,-1372,1624,-795,657,-461,-4130,166,101,-5,88,19369,78,34,79,16,0,0,0,0,0,0,0,-32286,0,0,0,0,0,2733655,0
2705701,9862,-1058,1718,-798,643,-530,-4081,221,154,-3,160,19369,78,34,79,16,0,0,0,0,0,0,0,-32286,0,0,0,0,0,2733660,0
2705706,10032,-910,1692,-763,670,-549,-4018,278,185,0,216,19371,84,34,79,16,0,0,0,0,0,0,0,-32286,0,0,0,0,0,2733675,0
2705711,9690,-792,1804,-823,692,-544,-3951,301,188,5,240,19371,84,34,79,16,0,0,0,0,0,0,0,-32286,0,0,0,0,0,2733680,0
2705716,9824,-368,1856,-989,751,-604,-3874,341,164,-4,288,19373,82,34,79,16,0,0,0,0,0,0,0,-32286,0,0,0,0,0,2733695,0
2705721,9884,-402,2026,-1089,797,-615,-3790,376,140,-9,360,19373,82,34,79,16,0,0,0,0,0,0,0,-32286,0,0,0,0,0,2733700,0
2705726,10212,-526,2108,-1196,800,-657,-3689,442,136,-26,560,19373,79,34,79,16,0,0,0,0,0,0,0,-32286,0,0,0,0,0,2733715,0
2705731,10898,-886,2098,-1277,805,-688,-3574,522,164,-23,792,19373,79,34,79,16,0,0,0,0,0,0,0,-32286,0,0,0,0,0,2733719,0
2705736,11548,-1790,2136,-1606,861,-627,-3445,575,200,3,920,19372,81,34,79,16,0,0,0,0,0,0,0,-32286,0,0,0,0,0,2733734,0
2705741,11908,-2318,2242,-1757,880,-617,-3299,656,219,5,1104,19372,81,34,79,16,0,0,0,0,0,0,0,-32286,0,0,0,0,0,2733739,0
2705746,12368,-3348,2234,-1772,877,-612,-3129,755,249,-7,1336,19371,80,34,79,16,0,0,0,0,0,0,0,-32286,0,0,0,0,0,2733754,0
2705751,12722,-4496,2380,-1692,809,-639,-2939,846,285,-7,1536,19371,80,34,79,16,0,0,0,0,0,0,0,-32286,0,0,0,0,0,2733766,0
2705756,13178,-5910,2748,-1321,709,-783,-2727,934,304,-6,1728,19370,81,34,79,16,0,0,0,0,0,0,0,-32286,0,0,0,0,0,2733774,0
2705761,13070,-6208,2618,-1168,729,-845,-2500,1006,321,0,1864,19370,81,34,79,16,0,0,0,0,0,0,0,-32286,0,0,0,0,0,2733779,0
2705766,12584,-6338,2626,-1075,802,-898,-2258,1059,295,8,1960,19370,74,34,79,16,0,0,0,0,0,0,0,-32286,0,0,0,0,0,2733794,0
2705771,11942,-6568,2812,-1021,977,-932,-2011,1091,245,6,2024,19370,74,34,79,16,0,0,0,0,0,0,0,-32286,0,0,0,0,0,2733799,0
2705776,9946,-7566,2362,-938,1178,-918,-1762,1101,187,6,2024,19372,77,34,79,16,0,0,0,0,0,0,0,-32286,0,0,0,0,0,2733814,0
2705781,8984,-8102,2016,-853,1175,-878,-1511,1097,116,8,1976,19372,77,34,79,16,0,0,0,0,0,0,0,-32286,0,0,0,0,0,2733819,0
2705786,8086,-8456,2016,-741,1187,-860,-1259,1105,58,4,1992,19371,77,34,79,16,0,0,0,0,0,0,0,-32286,0,0,0,0,0,2733834,0
2705791,6794,-8960,1516,-596,1009,-801,-1013,1081,20,8,1912,19371,77,34,79,16,0,0,0,0,0,0,0,-32286,0,0,0,0,0,2733839,0
2705796,5760,-9114,1256,-120,785,-684,-771,1072,-11,5,1872,19373,83,33,79,16,0,0,0,0,0,0,0,-32286,0,0,0,0,0,2733854,0
2705801,5292,-8530,980,-16,610,-645,-535,1031,-46,5,1784,19373,83,33,79,16,0,0,0,0,0,0,0,-32286,0,0,0,0,0,2733859,0
2705806,5114,-8080,786,44,596,-583,-306,1001,-65,7,1688,19374,76,33,79,16,0,0,0,0,0,0,0,-32286,0,0,0,0,0,2733874,0
2705811,4506,-7646,780,135,503,-541,-90,944,-98,14,1544,19374,76,33,79,16,0,0,0,0,0,0,0,-32286,0,0,0,0,0,2733879,0
2705816,3976,-7010,74,512,106,-435,115,897,-131,4,1432,19374,76,34,79,16,0,0,0,0,0,0,0,-32286,0,0,0,0,0,2733894,0
2705821,3826,-6244,-356,523,-112,-383,304,831,-169,5,1288,19374,76,34,79,16,0,0,0,0,0,0,0,-32286,0,0,0,0,0,2733899,0
2705826,3840,-5360,-542,485,-243,-362,478,763,-190,4,1136,19374,80,34,79,16,0,0,0,0,0,0,0,-32286,0,0,0,0,0,2733914,0
2705831,3894,-4940,-474,502,-355,-336,636,687,-216,7,952,19374,80,34,79,16,0,0,0,0,0,0,0,-32286,0,0,0,0,0,2733919,0
2705836,3780,-4392,-370,518,-506,-260,777,607,-232,2,784,19372,76,34,79,16,0,0,0,0,0,0,0,-32286,0,0,0,0,0,2733936,0
2705841,3610,-3724,-248,387,-476,-230,903,551,-243,-5,656,19372,76,34,79,16,0,0,0,0,0,0,0,-32286,0,0,0,0,0,2733941,0
2705846,3898,-3436,-162,363,-430,-218,1018,497,-238,-15,552,19371,76,34,79,16,0,0,0,0,0,0,0,-32286,0,0,0,0,0,2733954,0
2705851,3992,-3120,-8,395,-346,-214,1117,428,-228,-4,400,19371,76,34,79,16,0,0,0,0,0,0,0,-32286,0,0,0,0,0,2733959,0
2705856,3740,-3050,-264,60,-134,2,1202,367,-218,-1,280,19372,70,34,79,16,0,0,0,0,0,0,0,-32286,0,0,0,0,0,2733974,0
2705861,3566,-2288,56,-342,-2,44,1280,342,-203,2,272,19372,70,34,79,16,0,0,0,0,0,0,0,-32286,0,0,0,0,0,2733979,0
2705866,4056,-2522,-68,-444,203,66,1358,345,-168,-5,288,19372,73,34,79,16,0,0,0,0,0,0,0,-32286,0,0,0,0,0,2733994,0
2705871,3800,-2698,108,-337,265,52,1437,348,-109,-4,288,19372,73,34,79,16,0,0,0,0,0,0,0,-32286,0,0,0,0,0,2733999,0
2705876,3820,-3102,-26,-38,208,86,1513,331,-44,2,280,19374,80,34,79,16,0,0,0,0,0,0,0,-32287,0,0,0,0,0,2734014,0
2705881,4006,-3336,-270,-6,87,134,1588,321,-16,1,248,19374,80,34,79,16,0,0,0,0,0,0,0,-32286,0,0,0,0,0,2734019,0
2705886,4090,-3498,-434,-127,-27,236,1661,318,-15,0,248,19374,82,34,79,16,0,0,0,0,0,0,0,-32286,0,0,0,0,0,2734034,0
2705891,4496,-3618,-384,-327,-166,313,1735,332,-21,-6,272,19374,82,34,79,16,0,0,0,0,0,0,0,-32286,0,0,0,0,0,2734039,0
2705896,5296,-4458,88,-489,-346,477,1814,344,-9,-7,312,19374,88,34,79,16,0,0,0,0,0,0,0,-32286,0,0,0,0,0,2734054,0
2705901,5858,-4944,370,-450,-426,541,1897,363,19,-2,336,19374,88,34,79,16,0,0,0,0,0,0,0,-32286,0,0,0,0,0,2734059,0
2705906,6290,-5328,580,-411,-454,629,1979,363,39,7,304,19376,92,34,79,16,0,0,0,0,0,0,0,-32286,0,0,0,0,0,2734074,0
2705911,6720,-5520,704,-387,-501,692,2058,352,28,2,296,19376,92,34,79,16,0,0,0,0,0,0,0,-32286,0,0,0,0,0,2734079,0
2705916,7224,-5662,600,-367,-538,825,2119,340,2,2,288,19373,91,34,79,16,0,0,0,0,0,0,0,-32286,0,0,0,0,0,2734094,0
2705921,7372,-5576,410,-300,-581,824,2198,342,-13,-1,288,19373,91,34,79,16,0,0,0,0,0,0,0,-32286,0,0,0,0,0,2734099,0
2705926,7498,-5514,110,-168,-631,816,2277,347,-16,-1,296,19371,85,34,79,16,0,0,0,0,0,0,0,-32286,0,0,0,0,0,2734114,0
2705931,7454,-5196,-134,-67,-692,787,2356,340,-8,1,256,19371,85,34,79,16,0,0,0,0,0,0,0,-32286,0,0,0,0,0,2734119,0
2705936,7482,-4294,-538,-75,-691,690,2426,310,-19,8,216,19369,88,34,79,16,0,0,0,0,0,0,0,-32286,0,0,0,0,0,2734134,0
2705941,7526,-4044,-686,-128,-660,594,2493,297,-40,0,192,19369,88,34,79,16,0,0,0,0,0,0,0,-32286,0,0,0,0,0,2734138,0
2705946,7248,-3792,-680,-176,-617,494,2554,273,-66,0,168,19372,82,34,79,16,0,0,0,0,0,0,0,-32286,0,0,0,0,0,2734153,0
2705951,7208,-3780,-714,-211,-618,382,2613,258,-66,-3,152,19372,82,34,79,16,0,0,0,0,0,0,0,-32286,0,0,0,0,0,2734158,0
2705956,6904,-4170,-626,-154,-688,205,2671,253,-57,-7,152,19371,81,34,79,16,0,0,0,0,0,0,0,-32286,0,0,0,0,0,2734173,0
2705961,6680,-4158,-440,-126,-733,101,2730,257,-31,0,160,19371,81,34,79,16,0,0,0,0,0,0,0,-32286,0,0,0,0,0,2734178,0
2705966,6616,-4398,-388,-76,-772,43,2791,259,-13,5,144,19370,73,34,79,16,0,0,0,0,0,0,0,-32286,0,0,0,0,0,2734193,0
2705971,6416,-4722,-282,-35,-841,28,2847,236,-3,-1,136,19370,73,34,79,16,0,0,0,0,0,0,0,-32286,0,0,0,0,0,2734198,0
2705976,6214,-4944,-116,205,-1027,-74,2903,242,-11,-10,152,19371,73,34,79,16,0,0,0,0,0,0,0,-32286,0,0,0,0,0,2734213,0
2705981,6160,-4998,10,333,-1092,-79,2960,251,-16,0,144,19371,73,34,79,16,0,0,0,0,0,0,0,-32286,0,0,0,0,0,2734218,0
2705986,6308,-5016,134,425,-1162,-74,3017,251,-12,3,152,19372,70,34,79,16,0,0,0,0,0,0,0,-32286,0,0,0,0,0,2734233,0
2705991,6392,-4736,374,517,-1171,-116,3075,256,2,-5,168,19372,70,34,79,16,0,0,0,0,0,0,0,-32286,0,0,0,0,0,2734238,0
2705996,7010,-4578,642,709,-1124,-105,3140,279,24,3,208,19373,77,34,79,16,0,0,0,0,0,0,0,-32286,0,0,0,0,0,2734253,0
2706001,7096,-4428,850,837,-1090,-108,3207,304,37,0,240,19373,77,34,79,16,0,0,0,0,0,0,0,-32286,0,0,0,0,0,2734258,0
2706006,7194,-4278,1014,938,-1015,-87,3277,315,51,6,248,19373,78,34,79,16,0,0,0,0,0,0,0,-32286,0,0,0,0,0,2734273,0
2706011,7256,-3986,1068,989,-935,-72,3349,309,53,3,232,19373,78,34,79,16,0,0,0,0,0,0,0,-32286,0,0,0,0,0,2734278,0
2706016,7524,-3614,1090,1062,-753,-4,3422,316,42,6,232,19372,81,34,79,16,0,0,0,0,0,0,0,-32286,0,0,0,0,0,2734293,0
2706021,7698,-3404,950,1101,-702,55,3492,312,-16,3,224,19372,81,34,79,16,0,0,0,0,0,0,0,-32286,0,0,0,0,0,2734298,0
2706026,7678,-3284,960,1136,-662,65,3562,314,-28,-4,248,19371,75,34,79,16,0,0,0,0,0,0,0,-32286,0,0,0,0,0,2734313,0
2706031,7756,-3098,808,1150,-621,96,3640,332,-3,-4,272,19371,75,34,79,16,0,0,0,0,0,0,0,-32286,0,0,0,0,0,2734318,0
2706036,7678,-2676,580,1173,-610,141,3721,361,11,-1,288,19370,76,34,79,16,0,0,0,0,0,0,0,-32286,0,0,0,0,0,2734333,0
2706041,7562,-2416,458,1056,-606,146,3799,340,52,4,280,19370,76,34,79,16,0,0,0,0,0,0,0,-32286,0,0,0,0,0,2734338,0
2706046,7652,-2366,220,999,-607,159,3876,339,60,-3,272,19371,86,34,79,16,0,0,0,0,0,0,0,-32286,0,0,0,0,0,2734353,0
2706051,7456,-2232,144,941,-604,172,3954,341,37,1,280,19371,86,34,79,16,0,0,0,0,0,0,0,-32286,0,0,0,0,0,2734358,0
2706056,7344,-2226,-104,903,-653,144,4036,354,0,-6,312,19372,86,34,79,16,0,0,0,0,0,0,0,-32286,0,0,0,0,0,2734373,0
2706061,7126,-2274,-150,897,-695,151,4123,392,16,-9,384,19372,86,34,79,16,0,0,0,0,0,0,0,-32287,0,0,0,0,0,2734378,0
2706066,7038,-2416,-212,869,-738,188,4211,387,44,2,368,19373,85,34,79,16,0,0,0,0,0,0,0,-32286,0,0,0,0,0,2734393,0
2706071,6882,-2340,-222,801,-797,201,4301,398,47,5,368,19373,85,34,79,16,0,0,0,0,0,0,0,-32286,0,0,0,0,0,2734398,0
2706076,6890,-2400,-240,753,-867,248,4388,379,37,4,344,19374,78,34,79,16,0,0,0,0,0,0,0,-32286,0,0,0,0,0,2734413,0
2706081,6954,-2426,-168,781,-919,247,4480,402,21,-10,416,19374,78,34,79,16,0,0,0,0,0,0,0,-32286,0,0,0,0,0,2734418,0
2706086,6992,-2522,-110,805,-940,258,4574,412,14,-10,440,19373,74,34,79,16,0,0,0,0,0,0,0,-32286,0,0,0,0,0,2734433,0
2706091,6974,-2628,-16,809,-963,308,4669,413,27,1,416,19373,74,34,79,16,0,0,0,0,0,0,0,-32286,0,0,0,0,0,2734438,0
2706096,7024,-2758,164,729,-961,370,4759,396,15,7,392,19371,81,34,79,16,0,0,0,0,0,0,0,-32286,0,0,0,0,0,2734453,0
2706101,7164,-2812,260,721,-916,388,4846,385,0,4,360,19371,81,34,79,16,0,0,0,0,0,0,0,-32286,0,0,0,0,0,2734458,0
2706106,7246,-2842,358,742,-872,407,4933,384,-29,2,352,19370,77,34,79,16,0,0,0,0,0,0,0,-32286,0,0,0,0,0,2734473,0
2706111,7318,-2862,422,739,-825,422,5019,380,-31,0,344,19370,77,34,79,16,0,0,0,0,0,0,0,-32286,0,0,0,0,0,2734478,0
2706116,7434,-2930,410,742,-702,470,5100,357,-28,7,272,19371,79,34,79,16,0,0,0,0,0,0,0,-32286,0,0,0,0,0,2734493,0
2706121,7464,-2818,394,738,-669,466,5173,313,-43,12,208,19371,79,34,79,16,0,0,0,0,0,0,0,-32286,0,0,0,0,0,2734498,0
2706126,7532,-2904,316,742,-613,488,5241,293,-65,9,168,19372,79,34,79,16,0,0,0,0,0,0,0,-32286,0,0,0,0,0,2734513,0
2706131,7400,-2702,348,729,-565,472,5298,246,-94,-1,112,19372,79,34,79,16,0,0,0,0,0,0,0,-32286,0,0,0,0,0,2734518,0
2706136,7660,-2828,152,717,-464,497,5350,227,-110,-10,96,19375,80,34,79,16,0,0,0,0,0,0,0,-32286,0,0,0,0,0,2734533,0
2706141,7498,-2750,172,736,-451,474,5395,201,-113,-4,88,19375,80,34,79,16,0,0,0,0,0,0,0,-32286,0,0,0,0,0,2734538,0
2706146,7594,-2822,94,741,-401,482,5433,156,-106,-3,64,19374,75,34,79,16,0,0,0,0,0,0,0,-32286,0,0,0,0,0,2734553,0
2706151,7600,-2648,64,760,-403,472,5468,155,-100,-5,56,19374,75,34,79,16,0,0,0,0,0,0,0,-32286,0,0,0,0,0,2734558,0
2706156,7496,-2538,16,705,-346,468,5496,116,-87,1,40,19374,72,34,79,16,0,0,0,0,0,0,0,-32286,0,0,0,0,0,2734573,0
2706161,7638,-2682,-130,671,-297,483,5519,104,-83,0,32,19374,72,34,79,16,0,0,0,0,0,0,0,-32286,0,0,0,0,0,2734578,0
2706166,7398,-2572,-60,651,-264,503,5533,41,-90,6,8,19372,70,34,79,16,0,0,0,0,0,0,0,-32286,0,0,0,0,0,2734593,0
2706171,7358,-2496,-80,651,-269,497,5533,-11,-110,5,-16,19372,70,34,79,16,0,0,0,0,0,0,0,-32286,0,0,0,0,0,2734598,0
2706176,7374,-2406,-164,710,-244,433,5528,-18,-134,0,-8,19370,74,34,79,16,0,0,0,0,0,0,0,-32286,0,0,0,0,0,2734613,0
2706181,7348,-2416,-170,732,-209,427,5528,5,-118,-4,0,19370,74,34,79,16,0,0,0,0,0,0,0,-32286,0,0,0,0,0,2734618,0
2706186,7252,-2436,-162,703,-198,451,5527,5,-78,-2,0,19369,77,34,79,16,0,0,0,0,0,0,0,-32286,0,0,0,0,0,2734632,0
2706191,7234,-2428,-140,695,-236,451,5527,3,-13,0,0,19369,77,34,79,16,0,0,0,0,0,0,0,-32286,0,0,0,0,0,2734637,0
2706196,7196,-2390,-360,796,-331,437,5527,1,13,0,0,19369,80,34,79,16,0,0,0,0,0,0,0,-32286,0,0,0,0,0,2734652,0
2706201,7108,-2364,74,791,-249,450,5527,-3,6,-1,0,19369,80,34,79,16,0,0,0,0,0,0,0,-32286,0,0,0,0,0,2734657,0
2706206,6994,-2450,-38,712,-247,480,5528,7,1,-1,0,19369,87,34,79,16,0,0,0,0,0,0,0,-32286,0,0,0,0,0,2734672,0
2706211,7106,-2308,-80,638,-228,483,5529,6,1,0,8,19369,87,34,79,16,0,0,0,0,0,0,0,-32286,0,0,0,0,0,2734677,0
2706216,7106,-2594,78,654,-74,465,5530,5,1,0,0,19371,86,34,79,16,0,0,0,0,0,0,0,-32286,0,0,0,0,0,2734692,0
2706221,6874,-2718,54,775,-102,457,5530,-1,-1,0,0,19371,86,34,79,16,0,0,0,0,0,0,0,-32286,0,0,0,0,0,2734697,0
2706226,6922,-2862,-176,886,-136,449,5530,1,-1,-1,0,19371,82,34,79,16,0,0,0,0,0,0,0,-32286,0,0,0,0,0,2734712,0
2706231,6862,-2704,-328,937,-118,474,5531,3,-3,0,0,19371,82,34,79,16,0,0,0,0,0,0,0,-32286,0,0,0,0,0,2734732,0
2706236,7018,-2386,-582,847,-111,508,5531,1,-2,0,0,19373,81,34,79,16,0,0,0,0,0,0,0,-32286,0,0,0,0,0,2734735,0
2706241,6792,-2440,-378,752,-51,544,5534,7,4,-2,8,19373,81,34,79,16,0,0,0,0,0,0,0,-32286,0,0,0,0,0,2734740,0
2706246,6892,-2672,-538,758,-137,558,5538,14,12,-1,16,19372,75,34,79,16,0,0,0,0,0,0,0,-32286,0,0,0,0,0,2734755,0
2706251,6996,-2668,-500,873,-182,529,5549,45,27,-4,32,19372,75,34,79,16,0,0,0,0,0,0,0,-32286,0,0,0,0,0,2734760,0
2706256,7424,-2196,-418,1102,-286,406,5573,112,58,-10,72,19368,77,34,79,16,0,0,0,0,0,0,0,-32286,0,0,0,0,0,2734775,0
2706261,7526,-2166,-348,1190,-347,347,5617,195,121,-10,144,19368,77,34,79,16,0,0,0,0,0,0,0,-32286,0,0,0,0,0,2734780,0
2706266,7622,-1962,-300,1269,-439,241,5679,284,194,-1,240,19368,80,34,79,16,0,0,0,0,0,0,0,-32286,0,0,0,0,0,2734795,0
2706271,8058,-1988,-346,1335,-462,157,5756,337,245,7,336,19368,80,34,79,16,0,0,0,0,0,0,0,-32286,0,0,0,0,0,2734800,0
2706276,8342,-1876,-188,1348,-509,-9,5848,412,262,-10,480,19371,71,34,79,16,0,0,0,0,0,0,0,-32286,0,0,0,0,0,2734815,0
2706281,8286,-1910,0,1348,-506,-75,5952,465,241,-15,616,19371,71,34,79,16,0,0,0,0,0,0,0,-32286,0,0,0,0,0,2734820,0
2706286,8412,-2162,44,1362,-492,-138,6064,498,213,-3,696,19373,66,34,79,16,0,0,0,0,0,0,0,-32286,0,0,0,0,0,2734835,0
2706291,8390,-2134,152,1384,-474,-199,6182,520,172,1,744,19373,66,34,79,16,0,0,0,0,0,0,0,-32286,0,0,0,0,0,2734840,0
2706296,8458,-2218,194,1443,-403,-306,6304,535,132,0,784,19374,72,34,79,16,0,0,0,0,0,0,0,-32286,0,0,0,0,0,2734855,0
2706301,8498,-2286,130,1504,-365,-352,6431,564,100,-1,840,19374,72,34,79,16,0,0,0,0,0,0,0,-32287,0,0,0,0,0,2734860,0
2706306,8438,-2278,72,1512,-334,-377,6560,565,75,9,808,19375,76,34,79,16,0,0,0,0,0,0,0,-32286,0,0,0,0,0,2734875,0
2706311,8454,-2260,-48,1500,-317,-402,6689,565,56,10,784,19375,76,34,79,16,0,0,0,0,0,0,0,-32286,0,0,0,0,0,2734880,0
2706316,8544,-2060,-232,1480,-247,-451,6819,573,34,0,832,19373,79,34,79,16,0,0,0,0,0,0,0,-32285,0,0,0,0,0,2734895,0
2706321,8498,-2268,-288,1484,-221,-444,6948,570,22,1,792,19373,79,34,79,16,0,0,0,0,0,0,0,-32285,0,0,0,0,0,2734900,0
2706326,8368,-2040,-316,1443,-240,-446,7073,549,0,5,720,19375,87,34,79,16,0,0,0,0,0,0,0,-32286,0,0,0,0,0,2734915,0
2706331,8614,-1994,-448,1431,-198,-455,7198,542,-15,0,720,19375,87,34,79,16,0,0,0,0,0,0,0,-32286,0,0,0,0,0,2734920,0
2706336,8618,-1868,-460,1396,-164,-466,7324,557,-22,-5,768,19380,91,34,79,16,0,0,0,0,0,0,0,-32286,0,0,0,0,0,2734935,0
2706341,8652,-1706,-480,1363,-153,-457,7445,538,-19,11,672,19380,91,34,79,16,0,0,0,0,0,0,0,-32286,0,0,0,0,0,2734940,0
2706346,8794,-1744,-548,1365,-142,-448,7563,518,-23,6,624,19386,97,34,79,16,0,0,0,0,0,0,0,-32285,0,0,0,0,0,2734955,0
2706351,8882,-1532,-556,1383,-118,-450,7682,520,-31,-6,656,19386,97,34,79,16,0,0,0,0,0,0,0,-32286,0,0,0,0,0,2734960,0
2706356,9102,-1452,-460,1401,-110,-436,7800,519,-26,-6,664,19385,95,34,79,16,0,0,0,0,0,0,0,-32286,0,0,0,0,0,2734975,0
2706361,9144,-1438,-474,1368,-98,-419,7917,510,-23,5,632,19385,95,34,79,16,0,0,0,0,0,0,0,-32286,0,0,0,0,0,2734980,0
2706366,9424,-1468,-502,1335,-91,-407,8031,505,-18,0,616,19379,90,34,79,16,0,0,0,0,0,0,0,-32286,0,0,0,0,0,2734995,0
2706371,9492,-1534,-490,1296,-61,-392,8143,491,-18,-5,600,19379,90,34,79,16,0,0,0,0,0,0,0,-32286,0,0,0,0,0,2735000,0
2706376,9912,-2076,-504,1266,-54,-383,8254,489,-24,-1,584,19372,82,34,79,16,0,0,0,0,0,0,0,-32286,0,0,0,0,0,2735015,0
2706381,9976,-2374,-566,1237,-43,-381,8364,468,-26,5,528,19372,82,34,79,16,0,0,0,0,0,0,0,-32286,0,0,0,0,0,2735020,0
2706386,10132,-2928,-650,1221,-32,-371,8466,451,-35,1,472,19372,73,34,79,16,0,0,0,0,0,0,0,-32286,0,0,0,0,0,2735035,0
2706391,10292,-3336,-688,1221,27,-363,8565,428,-50,-4,448,19372,73,34,79,16,0,0,0,0,0,0,0,-32285,0,0,0,0,0,2735040,0
2706396,10300,-3668,-660,1314,-21,-387,8657,412,-65,-3,424,19372,78,34,79,16,0,0,0,0,0,0,0,-32286,0,0,0,0,0,2735054,0
2706401,10226,-3728,-612,1339,-95,-403,8749,399,-65,2,376,19372,78,34,79,16,0,0,0,0,0,0,0,-32286,0,0,0,0,0,2735059,0
2706406,10244,-3700,-576,1325,-136,-409,8832,363,-69,13,280,19370,86,34,79,16,0,0,0,0,0,0,0,-32286,0,0,0,0,0,2735074,0
2706411,10062,-3522,-504,1261,-189,-414,8906,326,-76,12,208,19370,86,34,79,16,0,0,0,0,0,0,0,-32286,0,0,0,0,0,2735079,0
2706416,9690,-3090,-336,1026,-248,-354,8969,268,-103,4,128,19369,80,34,79,16,0,0,0,0,0,0,0,-32286,0,0,0,0,0,2735094,0
2706421,9478,-3000,-182,925,-296,-321,9022,236,-132,-4,104,19369,80,34,79,16,0,0,0,0,0,0,0,-32286,0,0,0,0,0,2735099,0
2706426,9282,-2624,72,866,-325,-330,9067,201,-146,-5,80,19371,89,34,79,16,0,0,0,0,0,0,0,-32286,0,0,0,0,0,2735114,0
2706431,9122,-2510,258,804,-352,-306,9103,149,-149,-3,64,19371,89,34,79,16,0,0,0,0,0,0,0,-32286,0,0,0,0,0,2735119,0
2706436,8980,-2112,658,674,-405,-310,9138,157,-126,-4,48,19373,92,34,79,16,0,0,0,0,0,0,0,-32286,0,0,0,0,0,2735134,0
2706441,8846,-1840,980,594,-415,-320,9162,112,-108,1,32,19373,92,34,79,16,0,0,0,0,0,0,0,-32286,0,0,0,0,0,2735139,0
2706446,8980,-1950,1042,546,-430,-354,9182,87,-99,0,16,19374,93,34,79,16,0,0,0,0,0,0,0,-32286,0,0,0,0,0,2735154,0
2706451,8984,-2092,1146,476,-405,-337,9190,29,-109,8,-8,19374,93,34,79,16,0,0,0,0,0,0,0,-32286,0,0,0,0,0,2735159,0
2706456,9510,-2358,1078,379,-371,-399,9186,-9,-119,2,0,19371,79,34,79,16,0,0,0,0,0,0,0,-32286,0,0,0,0,0,2735174,0
2706461,9578,-2444,1112,273,-308,-407,9188,0,-121,-1,0,19371,79,34,79,16,0,0,0,0,0,0,0,-32286,0,0,0,0,0,2735179,0
2706466,9674,-2640,1020,90,-226,-410,9188,2,-89,0,0,19372,75,34,79,16,0,0,0,0,0,0,0,-32286,0,0,0,0,0,2735194,0
2706471,9690,-3122,810,-83,-164,-393,9187,-2,-44,0,-8,19372,75,34,79,16,0,0,0,0,0,0,0,-32286,0,0,0,0,0,2735199,0
2706476,9540,-3874,802,-120,-130,-473,9188,0,-11,0,-8,19372,66,34,79,16,0,0,0,0,0,0,0,-32286,0,0,0,0,0,2735214,0
2706481,9370,-4592,724,147,-212,-530,9187,-1,-3,0,-8,19372,66,34,79,16,0,0,0,0,0,0,0,-32286,0,0,0,0,0,2735219,0
2706486,9152,-4672,806,273,-195,-517,9185,-4,-4,0,-8,19374,72,34,79,16,0,0,0,0,0,0,0,-32286,0,0,0,0,0,2735234,0
2706491,8768,-4274,968,101,-218,-500,9184,-1,-7,-1,-8,19374,72,34,79,16,0,0,0,0,0,0,0,-32286,0,0,0,0,0,2735239,0
2706496,8364,-4540,878,-646,39,-402,9182,-9,-7,0,-8,19375,74,34,79,16,0,0,0,0,0,0,0,-32286,0,0,0,0,0,2735254,0
2706501,7572,-5274,984,-851,123,-350,9183,5,5,0,-8,19375,74,34,79,16,0,0,0,0,0,0,0,-32286,0,0,0,0,0,2735259,0
2706506,7064,-6150,942,-808,57,-340,9183,-1,-1,0,0,19375,78,34,79,16,0,0,0,0,0,0,0,-32286,0,0,0,0,0,2735274,0
2706511,7114,-6536,1054,-696,-98,-323,9182,0,5,0,-8,19375,78,34,79,16,0,0,0,0,0,0,0,-32286,0,0,0,0,0,2735279,0
2706516,6342,-6564,1766,-605,85,-304,9183,2,-1,0,0,19374,79,34,79,16,0,0,0,0,0,0,0,-32286,0,0,0,0,0,2735294,0
2706521,5536,-6978,2018,-494,35,-312,9182,3,-1,0,-8,19374,79,34,79,16,0,0,0,0,0,0,0,-32286,0,0,0,0,0,2735299,0
2706526,6114,-6318,2498,473,-121,-800,9174,-36,-10,5,-32,19374,80,34,79,16,0,0,0,0,0,0,0,-32286,0,0,0,0,0,2735314,0
2706531,5976,-8414,2502,2051,-233,-1001,9152,-104,-51,7,-64,19374,80,34,79,16,0,0,0,0,0,0,0,-32286,0,0,0,0,0,2735319,0
2706536,5368,-5026,2432,2115,-459,-902,9110,-197,-121,12,-152,19377,78,34,79,16,0,0,0,0,0,0,0,-32286,0,0,0,0,0,2735334,0
2706541,5476,-5350,1312,1308,-243,-798,9044,-306,-202,15,-344,19377,78,34,79,16,0,0,0,0,0,0,0,-32286,0,0,0,0,0,2735339,0
2706546,5046,-6038,900,867,-178,-690,8943,-465,-306,35,-704,19376,75,34,79,16,0,0,0,0,0,0,0,-32286,0,0,0,0,0,2735354,0
2706551,4342,-6652,1344,701,-35,-579,8804,-635,-400,42,-1208,19376,75,34,79,16,0,0,0,0,0,0,0,-32285,0,0,0,0,0,2735359,0
2706556,4408,-7398,1374,987,-7,-338,8616,-844,-506,10,-1640,19375,74,34,79,16,0,0,0,0,0,0,0,-32286,0,0,0,0,0,2735374,0
2706561,4002,-6902,1600,979,82,-190,8383,-1050,-601,7,-2104,19375,74,34,79,16,0,0,0,0,0,0,0,-32286,0,0,0,0,0,2735379,0
2706566,4362,-6722,1526,790,197,14,8100,-1265,-673,8,-2568,19371,79,34,79,16,0,0,0,0,0,0,0,-32286,0,0,0,0,0,2735394,0
2706571,4526,-6402,1526,529,413,230,7770,-1473,-717,3,-3000,19371,79,34,79,16,0,0,0,0,0,0,0,-32286,0,0,0,0,0,2735399,0
2706576,3802,-6466,1826,-120,873,773,7398,-1650,-722,-9,-3328,19372,83,34,79,16,0,0,0,0,0,0,0,-32286,0,0,0,0,0,2735414,0
2706581,4120,-7314,1176,50,589,914,6995,-1778,-685,-11,-3576,19372,83,34,79,16,0,0,0,0,0,0,0,-32286,0,0,0,0,0,2735419,0
2706586,4796,-6784,874,450,360,1025,6568,-1887,-600,-4,-3800,19371,81,34,79,16,0,0,0,0,0,0,0,-32286,0,0,0,0,0,2735434,0
2706591,5216,-5522,558,624,174,1125,6125,-1955,-493,-5,-3936,19371,81,34,79,16,0,0,0,0,0,0,0,-32286,0,0,0,0,0,2735439,0
2706596,6488,-3156,148,182,55,1219,5668,-2019,-377,0,-4064,19369,85,34,79,16,0,0,0,0,0,0,0,-32286,0,0,0,0,0,2735454,0
2706601,6954,-2762,-152,-132,-29,1258,5197,-2075,-291,0,-4168,19369,85,34,79,16,0,0,0,0,0,0,0,-32286,0,0,0,0,0,2735459,0
2706606,7514,-2308,-66,-300,-152,1242,4715,-2126,-234,-8,-4232,19368,81,34,79,16,0,0,0,0,0,0,0,-32286,0,0,0,0,0,2735474,0
2706611,8026,-2098,160,-410,-224,1231,4226,-2150,-195,-18,-4248,19368,81,34,79,16,0,0,0,0,0,0,0,-32286,0,0,0,0,0,2735479,0
2706616,8854,-1438,578,-544,-468,1090,3739,-2147,-151,-15,-4200,19366,88,34,79,16,0,0,0,0,0,0,0,-32286,0,0,0,0,0,2735494,0
2706621,9506,-1076,884,-553,-524,942,3261,-2101,-75,-13,-4064,19366,88,34,79,16,0,0,0,0,0,0,0,-32286,0,0,0,0,0,2735499,0
2706626,10088,-958,1176,-439,-559,787,2798,-2029,20,-5,-3920,19365,94,34,79,16,0,0,0,0,0,0,0,-32286,0,0,0,0,0,2735514,0
2706631,10110,-834,1496,-337,-648,606,2350,-1960,117,12,-3784,19365,94,34,79,16,0,0,0,0,0,0,0,-32286,0,0,0,0,0,2735519,0
2706636,10652,-614,1626,-431,-620,364,1917,-1897,188,9,-3696,19368,97,34,79,16,0,0,0,0,0,0,0,-32286,0,0,0,0,0,2735534,0
2706641,10698,-596,1954,-596,-476,242,1495,-1846,218,3,-3584,19368,97,34,79,16,0,0,0,0,0,0,0,-32286,0,0,0,0,0,2735539,0
2706646,10756,-1058,2620,-694,-212,151,1085,-1801,214,-3,-3464,19372,95,34,79,16,0,0,0,0,0,0,0,-32285,0,0,0,0,0,2735553,0
2706651,10392,-1568,3026,-688,31,102,684,-1767,190,-7,-3376,19372,95,34,79,16,0,0,0,0,0,0,0,-32285,0,0,0,0,0,2735558,0
2706656,9772,-2206,2852,-590,509,37,293,-1714,172,-12,-3224,19374,85,34,79,16,0,0,0,0,0,0,0,-32286,0,0,0,0,0,2735573,0
2706661,9404,-2438,2686,-622,776,27,-86,-1663,161,-12,-3088,19374,85,34,79,16,0,0,0,0,0,0,0,-32286,0,0,0,0,0,2735578,0
2706666,8872,-2472,2568,-642,1064,37,-451,-1601,163,-13,-2952,19373,86,34,79,16,0,0,0,0,0,0,0,-32286,0,0,0,0,0,2735593,0
2706671,8442,-2984,2296,-694,1154,20,-797,-1523,189,-4,-2784,19373,86,34,79,16,0,0,0,0,0,0,0,-32286,0,0,0,0,0,2735598,0
2706676,7118,-3146,1324,-602,1347,73,-1128,-1446,221,-2,-2616,19371,84,34,79,16,0,0,0,0,0,0,0,-32286,0,0,0,0,0,2735613,0
2706681,6676,-3040,914,-559,1356,100,-1438,-1365,251,1,-2448,19371,84,34,79,16,0,0,0,0,0,0,0,-32286,0,0,0,0,0,2735618,0
2706686,6290,-3026,416,-584,1309,158,-1727,-1273,271,-2,-2264,19371,92,34,79,16,0,0,0,0,0,0,0,-32286,0,0,0,0,0,2735633,0
2706691,6050,-2750,96,-707,1294,205,-1997,-1178,295,-1,-2064,19371,92,34,79,16,0,0,0,0,0,0,0,-32286,0,0,0,0,0,2735638,0
2706696,5800,-2896,-164,-770,1123,231,-2247,-1099,308,-3,-1880,19374,89,34,79,16,0,0,0,0,0,0,0,-32286,0,0,0,0,0,2735653,0
2706701,5816,-2880,-296,-643,893,189,-2475,-1001,305,-7,-1664,19374,89,34,79,16,0,0,0,0,0,0,0,-32286,0,0,0,0,0,2735658,0
2706706,5932,-2778,-360,-498,696,167,-2689,-931,304,0,-1528,19374,97,34,79,16,0,0,0,0,0,0,0,-32286,0,0,0,0,0,2735673,0
2706711,6046,-2394,-334,-472,534,154,-2887,-865,295,-1,-1392,19374,97,34,79,16,0,0,0,0,0,0,0,-32286,0,0,0,0,0,2735678,0
2706716,6380,-1960,16,-722,397,204,-3070,-806,258,0,-1256,19371,96,34,79,16,0,0,0,0,0,0,0,-32286,0,0,0,0,0,2735693,0
2706721,6518,-1956,334,-883,414,224,-3243,-765,230,0,-1160,19371,96,34,79,16,0,0,0,0,0,0,0,-32286,0,0,0,0,0,2735698,0
2706726,6802,-2092,726,-957,446,236,-3403,-694,206,-3,-1008,19370,86,34,79,16,0,0,0,0,0,0,0,-32286,0,0,0,0,0,2735713,0
2706731,6900,-2334,922,-966,485,279,-3552,-651,188,-4,-904,19370,86,34,79,16,0,0,0,0,0,0,0,-32286,0,0,0,0,0,2735718,0
2706736,7106,-2334,1158,-952,522,259,-3690,-600,182,-3,-792,19369,74,34,79,16,0,0,0,0,0,0,0,-32286,0,0,0,0,0,2735733,0
2706741,7188,-2192,1304,-890,561,257,-3813,-529,180,-7,-576,19369,74,34,79,16,0,0,0,0,0,0,0,-32286,0,0,0,0,0,2735738,0
2706746,7286,-1896,1424,-919,626,236,-3922,-473,194,5,-464,19371,72,34,79,16,0,0,0,0,0,0,0,-32286,0,0,0,0,0,2735753,0
2706751,7344,-1834,1380,-942,644,211,-4021,-425,195,12,-408,19371,72,34,79,16,0,0,0,0,0,0,0,-32285,0,0,0,0,0,2735765,0
2706756,7354,-1668,1186,-926,672,145,-4110,-387,196,3,-320,19371,75,34,79,16,0,0,0,0,0,0,0,-32286,0,0,0,0,0,2735773,0
2706761,7304,-1712,1082,-893,698,115,-4183,-326,185,-16,-192,19371,75,34,79,16,0,0,0,0,0,0,0,-32285,0,0,0,0,0,2735778,0
2706766,7076,-1648,1030,-887,691,79,-4243,-252,185,-2,-112,19372,81,34,79,16,0,0,0,0,0,0,0,-32286,0,0,0,0,0,2735793,0
2706771,6880,-1464,864,-872,645,15,-4290,-205,196,16,-88,19372,81,34,79,16,0,0,0,0,0,0,0,-32286,0,0,0,0,0,2735798,0
2706776,6502,-1462,510,-978,588,0,-4330,-169,189,8,-72,19371,81,34,79,16,0,0,0,0,0,0,0,-32286,0,0,0,0,0,2735813,0
2706781,6274,-1514,444,-1054,591,-4,-4367,-155,167,5,-64,19371,81,34,79,16,0,0,0,0,0,0,0,-32286,0,0,0,0,0,2735818,0
2706786,6074,-1508,438,-1063,547,-29,-4393,-107,135,0,-32,19373,79,34,79,16,0,0,0,0,0,0,0,-32286,0,0,0,0,0,2735833,0
2706791,5910,-1744,404,-1045,541,-18,-4408,-59,118,0,-24,19373,79,34,79,16,0,0,0,0,0,0,0,-32286,0,0,0,0,0,2735838,0
2706796,5546,-1792,482,-1030,474,-2,-4422,-53,116,-2,-16,19373,78,34,79,16,0,0,0,0,0,0,0,-32286,0,0,0,0,0,2735853,0
2706801,5502,-1678,498,-1009,467,-1,-4426,-16,111,-5,-8,19373,78,34,79,16,0,0,0,0,0,0,0,-32286,0,0,0,0,0,2735858,0
2706806,5486,-1712,534,-1011,489,23,-4427,7,105,-3,0,19372,76,34,79,16,0,0,0,0,0,0,0,-32286,0,0,0,0,0,2735873,0
2706811,5338,-1630,630,-1051,511,35,-4427,-1,86,0,0,19372,76,34,79,16,0,0,0,0,0,0,0,-32286,0,0,0,0,0,2735878,0
2706816,5450,-1726,620,-1083,599,72,-4428,-4,54,0,0,19372,76,34,79,16,0,0,0,0,0,0,0,-32286,0,0,0,0,0,2735893,0
2706821,5416,-1746,662,-1089,626,75,-4427,-4,31,0,0,19372,76,34,79,16,0,0,0,0,0,0,0,-32286,0,0,0,0,0,2735898,0
2706826,5520,-1754,634,-1092,682,100,-4426,1,10,0,0,19373,72,34,79,16,0,0,0,0,0,0,0,-32286,0,0,0,0,0,2735913,0
2706831,5498,-1738,700,-1108,720,101,-4426,2,-1,0,0,19373,72,34,79,16,0,0,0,0,0,0,0,-32286,0,0,0,0,0,2735918,0
2706836,5748,-1748,618,-1080,753,98,-4426,3,1,1,0,19373,76,34,79,16,0,0,0,0,0,0,0,-32286,0,0,0,0,0,2735933,0
2706841,5884,-1798,594,-1029,742,89,-4426,-7,2,2,-8,19373,76,34,79,16,0,0,0,0,0,0,0,-32286,0,0,0,0,0,2735938,0
2706846,5936,-1718,524,-998,698,60,-4426,-2,5,1,0,19372,78,34,79,16,0,0,0,0,0,0,0,-32286,0,0,0,0,0,2735953,0
2706851,6168,-1724,478,-978,668,52,-4425,1,-4,0,0,19372,78,34,79,16,0,0,0,0,0,0,0,-32286,0,0,0,0,0,2735958,0
2706856,6472,-1630,546,-979,608,29,-4425,0,2,0,-8,19374,81,34,79,16,0,0,0,0,0,0,0,-32286,0,0,0,0,0,2735973,0
2706861,6636,-1704,548,-980,578,15,-4425,5,-3,0,0,19374,81,34,79,16,0,0,0,0,0,0,0,-32286,0,0,0,0,0,2735978,0
2706866,6846,-1756,588,-964,532,-8,-4426,-4,3,0,-8,19375,78,34,79,16,0,0,0,0,0,0,0,-32286,0,0,0,0,0,2735993,0
2706871,6970,-1722,550,-1001,517,4,-4423,10,0,0,0,19375,78,34,79,16,0,0,0,0,0,0,0,-32286,0,0,0,0,0,2735998,0
2706876,7276,-1756,548,-1068,479,-30,-4423,5,3,2,0,19374,70,34,79,16,0,0,0,0,0,0,0,-32286,0,0,0,0,0,2736013,0
2706881,7238,-1622,768,-1129,493,-39,-4423,3,3,0,0,19374,70,34,79,16,0,0,0,0,0,0,0,-32286,0,0,0,0,0,2736017,0
2706886,7480,-1782,814,-1138,509,-52,-4423,4,0,0,0,19371,73,34,79,16,0,0,0,0,0,0,0,-32286,0,0,0,0,0,2736032,0
2706891,7490,-1916,890,-1121,484,-89,-4421,1,-1,1,-8,19371,73,34,79,16,0,0,0,0,0,0,0,-32286,0,0,0,0,0,2736037,0
2706896,7590,-2138,834,-1062,438,-133,-4420,13,2,0,0,19371,73,34,79,16,0,0,0,0,0,0,0,-32286,0,0,0,0,0,2736052,0
2706901,7600,-2120,770,-1070,413,-131,-4421,-3,-2,0,0,19371,73,34,79,16,0,0,0,0,0,0,0,-32286,0,0,0,0,0,2736057,0
2706906,7570,-2136,752,-1123,396,-147,-4420,4,1,0,0,19371,74,34,79,16,0,0,0,0,0,0,0,-32286,0,0,0,0,0,2736072,0
2706911,7566,-2242,788,-1169,358,-161,-4420,-4,-2,0,0,19371,74,34,79,16,0,0,0,0,0,0,0,-32285,0,0,0,0,0,2736077,0
2706916,7588,-2592,986,-1171,336,-154,-4420,0,1,0,0,19370,72,34,79,16,0,0,0,0,0,0,0,-32286,0,0,0,0,0,2736092,0
2706921,7642,-2756,1140,-1135,355,-138,-4418,5,-2,0,0,19370,72,34,79,16,0,0,0,0,0,0,0,-32286,0,0,0,0,0,2736097,0
2706926,7656,-2888,1382,-1124,393,-128,-4416,11,6,1,0,19369,77,34,79,16,0,0,0,0,0,0,0,-32286,0,0,0,0,0,2736112,0
2706931,7756,-2980,1474,-1116,442,-116,-4414,11,6,2,0,19369,77,34,79,16,0,0,0,0,0,0,0,-32285,0,0,0,0,0,2736117,0
2706936,7870,-3008,1518,-1081,559,-63,-4411,10,11,1,8,19369,80,34,79,16,0,0,0,0,0,0,0,-32286,0,0,0,0,0,2736132,0
2706941,7894,-3004,1506,-1051,587,-68,-4408,13,8,0,8,19369,80,34,79,16,0,0,0,0,0,0,0,-32285,0,0,0,0,0,2736137,0
2706946,8030,-3038,1426,-997,615,-67,-4405,14,6,0,8,19370,74,34,79,16,0,0,0,0,0,0,0,-32286,0,0,0,0,0,2736152,0
2706951,8100,-2924,1378,-930,612,-70,-4401,18,7,0,8,19370,74,34,79,16,0,0,0,0,0,0,0,-32286,0,0,0,0,0,2736157,0
2706956,8278,-2616,1266,-838,559,-93,-4390,48,21,-1,24,19372,69,34,79,16,0,0,0,0,0,0,0,-32286,0,0,0,0,0,2736172,0
2706961,8436,-2450,1216,-776,481,-134,-4373,88,42,-6,48,19372,69,34,79,16,0,0,0,0,0,0,0,-32286,0,0,0,0,0,2736177,0
2706966,8644,-2438,1188,-700,386,-166,-4344,126,88,-5,56,19374,82,33,79,16,0,0,0,0,0,0,0,-32286,0,0,0,0,0,2736192,0
2706971,8612,-2500,1170,-717,342,-133,-4314,128,101,2,64,19374,82,33,79,16,0,0,0,0,0,0,0,-32286,0,0,0,0,0,2736197,0
2706976,8936,-2130,1376,-758,270,-178,-4279,162,101,0,72,19374,85,34,79,16,0,0,0,0,0,0,0,-32286,0,0,0,0,0,2736212,0
2706981,8846,-2006,1642,-785,276,-213,-4245,154,67,1,88,19374,85,34,79,16,0,0,0,0,0,0,0,-32286,0,0,0,0,0,2736217,0
2706986,8998,-1802,1802,-727,258,-274,-4201,203,58,-2,112,19372,85,34,79,16,0,0,0,0,0,0,0,-32285,0,0,0,0,0,2736232,0
2706991,9158,-1922,1858,-700,340,-293,-4148,236,73,5,144,19372,85,34,79,16,0,0,0,0,0,0,0,-32286,0,0,0,0,0,2736237,0
2706996,9122,-1450,1948,-582,363,-387,-4087,272,104,-6,208,19370,82,34,79,16,0,0,0,0,0,0,0,-32286,0,0,0,0,0,2736252,0
2707001,9212,-1370,1924,-559,416,-411,-4019,303,119,6,208,19370,82,34,79,16,0,0,0,0,0,0,0,-32286,0,0,0,0,0,2736257,0
2707006,9036,-1260,1888,-620,490,-414,-3950,293,108,5,200,19370,87,34,79,16,0,0,0,0,0,0,0,-32286,0,0,0,0,0,2736272,0
2707011,9056,-1050,1886,-682,560,-420,-3882,306,72,1,216,19370,87,34,79,16,0,0,0,0,0,0,0,-32286,0,0,0,0,0,2736277,0
2707016,8636,-900,1876,-824,702,-418,-3818,288,22,-1,184,19372,90,34,79,16,0,0,0,0,0,0,0,-32286,0,0,0,0,0,2736292,0
2707021,8812,-796,1730,-832,722,-468,-3751,293,-34,-7,216,19372,90,34,79,16,0,0,0,0,0,0,0,-32286,0,0,0,0,0,2736297,0
2707026,8972,-888,1712,-842,727,-485,-3679,321,5,-7,256,19371,81,34,79,16,0,0,0,0,0,0,0,-32286,0,0,0,0,0,2736312,0
2707031,9250,-1124,1742,-921,680,-496,-3601,347,9,0,280,19371,81,34,79,16,0,0,0,0,0,0,0,-32286,0,0,0,0,0,2736317,0
2707036,10538,-2270,2056,-1238,630,-437,-3522,348,32,3,280,19370,67,34,79,16,0,0,0,0,0,0,0,-32286,0,0,0,0,0,2736332,0
2707041,11336,-2704,2284,-1389,586,-422,-3446,338,66,6,272,19370,67,34,79,16,0,0,0,0,0,0,0,-32286,0,0,0,0,0,2736337,0
2707046,12286,-3294,2288,-1544,626,-370,-3366,341,41,-1,280,19368,68,34,79,16,0,0,0,0,0,0,0,-32286,0,0,0,0,0,2736352,0
2707051,12826,-3678,2348,-1747,664,-326,-3284,366,47,-8,344,19368,68,34,79,16,0,0,0,0,0,0,0,-32286,0,0,0,0,0,2736357,0
2707056,13900,-5368,2100,-1945,824,-237,-3193,406,32,-17,464,19367,72,34,79,16,0,0,0,0,0,0,0,-32286,0,0,0,0,0,2736372,0
2707061,14008,-6234,2082,-1814,826,-224,-3090,457,70,-16,560,19367,72,34,79,16,0,0,0,0,0,0,0,-32286,0,0,0,0,0,2736377,0
2707066,13836,-6774,2034,-1586,886,-216,-2982,475,106,-5,640,19368,73,34,79,16,0,0,0,0,0,0,0,-32286,0,0,0,0,0,2736392,0
2707071,13358,-6898,2086,-1382,960,-248,-2863,526,132,-8,784,19368,73,34,79,16,0,0,0,0,0,0,0,-32286,0,0,0,0,0,2736397,0
2707076,11878,-6756,1982,-1144,1154,-325,-2734,577,133,3,912,19371,73,34,79,16,0,0,0,0,0,0,0,-32286,0,0,0,0,0,2736412,0
2707081,11066,-6868,1822,-1065,1199,-351,-2597,610,142,15,944,19371,73,34,79,16,0,0,0,0,0,0,0,-32286,0,0,0,0,0,2736417,0
2707086,10262,-7024,1736,-998,1217,-381,-2452,633,141,10,984,19374,63,34,79,16,0,0,0,0,0,0,0,-32286,0,0,0,0,0,2736432,0
2707091,9440,-7422,1582,-922,1163,-427,-2302,654,129,2,1024,19374,63,34,79,16,0,0,0,0,0,0,0,-32286,0,0,0,0,0,2736436,0
2707096,7794,-7936,1126,-651,957,-490,-2147,682,112,-2,1096,19376,74,34,79,16,0,0,0,0,0,0,0,-32286,0,0,0,0,0,2736451,0
2707101,6908,-7986,960,-511,837,-500,-1989,697,83,2,1104,19376,74,34,79,16,0,0,0,0,0,0,0,-32286,0,0,0,0,0,2736456,0
2707106,6156,-7950,802,-369,715,-491,-1830,705,70,1,1136,19373,81,34,79,16,0,0,0,0,0,0,0,-32286,0,0,0,0,0,2736471,0
2707111,5500,-7748,714,-216,570,-469,-1666,725,56,-4,1176,19373,81,34,79,16,0,0,0,0,0,0,0,-32286,0,0,0,0,0,2736476,0
2707116,4434,-7442,644,63,227,-381,-1503,712,48,7,1128,19372,79,34,79,16,0,0,0,0,0,0,0,-32286,0,0,0,0,0,2736491,0
2707121,4186,-7030,704,190,68,-344,-1337,728,32,-4,1184,19372,79,34,79,16,0,0,0,0,0,0,0,-32286,0,0,0,0,0,2736496,0
2707126,3980,-6598,770,301,12,-281,-1169,733,24,4,1160,19371,78,34,79,16,0,0,0,0,0,0,0,-32286,0,0,0,0,0,2736511,0
2707131,3334,-6168,780,418,-158,-254,-1002,742,21,6,1184,19371,78,34,79,16,0,0,0,0,0,0,0,-32286,0,0,0,0,0,2736516,0
2707136,3436,-4944,448,603,-280,-203,-832,752,18,0,1208,19371,81,34,79,16,0,0,0,0,0,0,0,-32286,0,0,0,0,0,2736531,0
2707141,3246,-4320,420,543,-272,-179,-663,737,26,2,1152,19371,81,34,79,16,0,0,0,0,0,0,0,-32286,0,0,0,0,0,2736536,0
2707146,3158,-3988,312,468,-257,-148,-493,746,12,-2,1192,19372,86,34,79,16,0,0,0,0,0,0,0,-32286,0,0,0,0,0,2736551,0
2707151,3148,-3674,146,479,-304,-127,-325,743,8,2,1176,19372,86,34,79,16,0,0,0,0,0,0,0,-32286,0,0,0,0,0,2736556,0
2707156,3194,-2764,52,443,-305,-91,-157,734,0,4,1144,19369,85,34,79,16,0,0,0,0,0,0,0,-32286,0,0,0,0,0,2736571,0
2707161,3254,-2402,-76,335,-240,-85,11,735,-14,0,1144,19369,85,34,79,16,0,0,0,0,0,0,0,-32286,0,0,0,0,0,2736576,0
2707166,3206,-2204,-100,219,-182,-51,178,736,-4,0,1160,19371,82,34,79,16,0,0,0,0,0,0,0,-32286,0,0,0,0,0,2736591,0
2707171,3076,-2344,-192,57,-105,1,345,740,-8,0,1160,19371,82,34,79,16,0,0,0,0,0,0,0,-32286,0,0,0,0,0,2736596,0
2707176,3174,-2876,-390,65,-148,34,514,742,-1,-2,1176,19372,73,34,79,16,0,0,0,0,0,0,0,-32286,0,0,0,0,0,2736611,0
2707181,3254,-3002,-430,102,-203,74,686,753,11,-2,1208,19372,73,34,79,16,0,0,0,0,0,0,0,-32286,0,0,0,0,0,2736616,0
2707186,3528,-3172,-476,80,-261,116,857,753,22,-2,1208,19372,84,34,79,16,0,0,0,0,0,0,0,-32286,0,0,0,0,0,2736631,0
2707191,3970,-3228,-492,61,-354,139,1030,761,19,-2,1224,19372,84,34,79,16,0,0,0,0,0,0,0,-32286,0,0,0,0,0,2736636,0
2707196,4882,-3964,-226,-36,-543,264,1198,739,8,6,1168,19373,82,34,79,16,0,0,0,0,0,0,0,-32286,0,0,0,0,0,2736651,0
2707201,5376,-4248,-30,-157,-605,332,1363,724,-11,3,1136,19373,82,34,79,16,0,0,0,0,0,0,0,-32286,0,0,0,0,0,2736656,0
2707206,5914,-4614,228,-228,-605,433,1525,707,-33,-1,1096,19369,79,34,79,16,0,0,0,0,0,0,0,-32286,0,0,0,0,0,2736671,0
2707211,6352,-4846,534,-231,-609,499,1678,663,-56,5,992,19369,79,34,79,16,0,0,0,0,0,0,0,-32286,0,0,0,0,0,2736676,0
2707216,7362,-5606,928,-224,-588,655,1824,645,-83,-2,960,19369,74,34,79,16,0,0,0,0,0,0,0,-32286,0,0,0,0,0,2736691,0
2707221,7480,-5650,1032,-289,-536,738,1963,603,-93,5,856,19369,74,34,79,16,0,0,0,0,0,0,0,-32286,0,0,0,0,0,2736696,0
2707226,7704,-5562,960,-291,-517,771,2093,564,-113,12,720,19369,74,34,79,16,0,0,0,0,0,0,0,-32286,0,0,0,0,0,2736711,0
2707231,7956,-5586,778,-225,-484,776,2213,529,-122,-2,656,19369,74,34,79,16,0,0,0,0,0,0,0,-32286,0,0,0,0,0,2736731,0
2707236,8002,-5160,362,-23,-481,678,2327,493,-124,-11,584,19370,75,34,79,16,0,0,0,0,0,0,0,-32286,0,0,0,0,0,2736734,0
2707241,7934,-4612,134,44,-472,601,2428,446,-136,-5,464,19370,75,34,79,16,0,0,0,0,0,0,0,-32285,0,0,0,0,0,2736739,0
2707246,7872,-4244,-96,102,-477,503,2520,394,-141,-6,392,19370,73,34,79,16,0,0,0,0,0,0,0,-32286,0,0,0,0,0,2736754,0
2707251,7696,-3944,-358,86,-465,403,2601,357,-148,8,296,19370,73,34,79,16,0,0,0,0,0,0,0,-32286,0,0,0,0,0,2736758,0
2707256,7262,-3684,-712,-2,-497,185,2677,328,-148,9,248,19370,69,34,79,16,0,0,0,0,0,0,0,-32286,0,0,0,0,0,2736773,0
2707261,6876,-3636,-690,-65,-554,87,2746,303,-131,8,192,19370,69,34,79,16,0,0,0,0,0,0,0,-32286,0,0,0,0,0,2736778,0
2707266,6680,-3900,-742,-146,-573,18,2807,269,-118,5,120,19370,75,34,79,16,0,0,0,0,0,0,0,-32286,0,0,0,0,0,2736793,0
2707271,6370,-4166,-650,-209,-620,-21,2859,228,-111,-5,104,19370,75,34,79,16,0,0,0,0,0,0,0,-32286,0,0,0,0,0,2736798,0
2707276,5868,-4608,-454,-95,-783,-137,2907,207,-112,-14,104,19371,88,34,79,16,0,0,0,0,0,0,0,-32287,0,0,0,0,0,2736813,0
2707281,5804,-5028,-428,48,-874,-143,2951,196,-102,-5,88,19371,88,34,79,16,0,0,0,0,0,0,0,-32286,0,0,0,0,0,2736818,0
2707286,5688,-4946,-294,212,-1018,-181,2992,177,-85,0,80,19374,87,34,79,16,0,0,0,0,0,0,0,-32286,0,0,0,0,0,2736833,0
2707291,5824,-5034,-316,324,-1090,-180,3031,164,-68,-5,88,19374,87,34,79,16,0,0,0,0,0,0,0,-32286,0,0,0,0,0,2736838,0
2707296,6334,-4670,-160,466,-1211,-167,3071,175,-41,-4,80,19374,86,34,79,16,0,0,0,0,0,0,0,-32287,0,0,0,0,0,2736853,0
2707301,6420,-4206,102,529,-1279,-187,3114,192,-16,0,96,19374,86,34,79,16,0,0,0,0,0,0,0,-32287,0,0,0,0,0,2736858,0
2707306,6844,-4198,128,593,-1246,-163,3161,202,5,-1,128,19377,80,34,79,16,0,0,0,0,0,0,0,-32286,0,0,0,0,0,2736873,0
2707311,6964,-3846,350,700,-1287,-169,3213,228,40,0,128,19377,80,34,79,16,0,0,0,0,0,0,0,-32286,0,0,0,0,0,2736878,0
2707316,7298,-3754,528,785,-1203,-116,3269,239,57,9,128,19373,81,34,79,16,0,0,0,0,0,0,0,-32286,0,0,0,0,0,2736893,0
2707321,7350,-3426,674,808,-1170,-92,3324,246,55,0,144,19373,81,34,79,16,0,0,0,0,0,0,0,-32286,0,0,0,0,0,2736898,0
2707326,7560,-3236,738,830,-1083,-97,3380,256,44,2,152,19373,83,34,79,16,0,0,0,0,0,0,0,-32286,0,0,0,0,0,2736913,0
2707331,7644,-3318,832,834,-989,-34,3436,250,21,-1,160,19373,83,34,79,16,0,0,0,0,0,0,0,-32286,0,0,0,0,0,2736918,0
2707336,7706,-2958,902,880,-844,-14,3493,251,4,0,168,19372,78,34,79,16,0,0,0,0,0,0,0,-32286,0,0,0,0,0,2736933,0
2707341,7872,-2918,818,882,-748,19,3553,268,13,-2,184,19372,78,34,79,16,0,0,0,0,0,0,0,-32286,0,0,0,0,0,2736938,0
2707346,7734,-2754,830,869,-689,40,3620,302,29,0,232,19373,82,34,79,16,0,0,0,0,0,0,0,-32286,0,0,0,0,0,2736953,0
2707351,7732,-2630,742,873,-642,43,3696,335,53,-2,296,19373,82,34,79,16,0,0,0,0,0,0,0,-32286,0,0,0,0,0,2736958,0
2707356,7496,-2554,488,876,-616,72,3774,342,82,2,288,19372,83,34,79,16,0,0,0,0,0,0,0,-32286,0,0,0,0,0,2736973,0
2707361,7480,-2698,270,869,-626,86,3856,362,88,-3,320,19372,83,34,79,16,0,0,0,0,0,0,0,-32286,0,0,0,0,0,2736978,0
2707366,7256,-2650,118,855,-656,93,3938,362,69,0,328,19372,85,34,79,16,0,0,0,0,0,0,0,-32286,0,0,0,0,0,2736992,0
2707371,7152,-2632,-16,850,-696,101,4027,392,52,-10,392,19372,85,34,79,16,0,0,0,0,0,0,0,-32286,0,0,0,0,0,2736997,0
2707376,6780,-2920,-142,868,-796,102,4122,423,54,-16,480,19372,81,34,79,16,0,0,0,0,0,0,0,-32286,0,0,0,0,0,2737012,0
2707381,6706,-3182,-264,914,-865,140,4221,437,72,-3,496,19372,81,34,79,16,0,0,0,0,0,0,0,-32286,0,0,0,0,0,2737017,0
2707386,6558,-3052,-240,928,-952,128,4318,433,63,7,488,19375,85,34,79,16,0,0,0,0,0,0,0,-32286,0,0,0,0,0,2737032,0
2707391,6654,-3108,-332,944,-1001,155,4417,424,48,5,456,19375,85,34,79,16,0,0,0,0,0,0,0,-32286,0,0,0,0,0,2737037,0
2707396,6666,-3066,-218,928,-1060,180,4515,440,21,-3,504,19375,78,34,79,16,0,0,0,0,0,0,0,-32286,0,0,0,0,0,2737052,0
2707401,6678,-3102,-104,922,-1082,192,4616,442,10,-4,496,19375,78,34,79,16,0,0,0,0,0,0,0,-32286,0,0,0,0,0,2737057,0
2707406,6778,-3160,-80,882,-1066,217,4712,411,-2,7,416,19372,82,34,79,16,0,0,0,0,0,0,0,-32286,0,0,0,0,0,2737072,0
2707411,6884,-3074,48,858,-1055,239,4800,386,-19,8,360,19372,82,34,79,16,0,0,0,0,0,0,0,-32286,0,0,0,0,0,2737077,0
2707416,7016,-3082,230,878,-966,250,4886,370,-47,7,336,19369,78,34,79,16,0,0,0,0,0,0,0,-32286,0,0,0,0,0,2737092,0
2707421,7106,-3216,234,912,-925,263,4968,364,-64,5,304,19369,78,34,79,16,0,0,0,0,0,0,0,-32286,0,0,0,0,0,2737097,0
2707426,7142,-3104,264,950,-904,266,5047,350,-67,5,272,19371,75,34,79,16,0,0,0,0,0,0,0,-32286,0,0,0,0,0,2737112,0
2707431,7308,-3164,258,937,-834,290,5116,301,-67,18,168,19371,75,34,79,16,0,0,0,0,0,0,0,-32286,0,0,0,0,0,2737117,0
2707436,7418,-3030,314,785,-668,335,5175,251,-86,6,120,19372,75,34,79,16,0,0,0,0,0,0,0,-32286,0,0,0,0,0,2737132,0
2707441,7566,-3214,276,845,-602,369,5227,228,-110,-6,88,19372,75,34,79,16,0,0,0,0,0,0,0,-32286,0,0,0,0,0,2737137,0
2707446,7460,-3030,346,973,-603,308,5269,185,-132,-4,72,19374,70,34,79,16,0,0,0,0,0,0,0,-32286,0,0,0,0,0,2737152,0
2707451,7738,-3200,206,1074,-564,328,5301,130,-142,-4,48,19374,70,34,79,16,0,0,0,0,0,0,0,-32286,0,0,0,0,0,2737157,0
2707456,7916,-2592,70,1012,-445,339,5331,130,-136,-8,48,19373,77,34,79,16,0,0,0,0,0,0,0,-32286,0,0,0,0,0,2737172,0
2707461,7826,-2394,74,948,-358,355,5354,98,-111,4,32,19373,77,34,79,16,0,0,0,0,0,0,0,-32286,0,0,0,0,0,2737177,0
2707466,7832,-2304,28,928,-341,325,5374,82,-93,-2,40,19374,77,34,79,16,0,0,0,0,0,0,0,-32286,0,0,0,0,0,2737192,0
2707471,7976,-2406,-122,994,-280,315,5398,99,-63,-2,32,19374,77,34,79,16,0,0,0,0,0,0,0,-32286,0,0,0,0,0,2737196,0
2707476,7746,-2264,-186,1023,-246,323,5412,65,-41,3,16,19372,77,33,79,16,0,0,0,0,0,0,0,-32286,0,0,0,0,0,2737211,0
2707481,7840,-2102,-346,1016,-234,332,5420,29,-50,1,16,19372,77,33,79,16,0,0,0,0,0,0,0,-32286,0,0,0,0,0,2737216,0
2707486,7780,-1890,-376,981,-237,325,5430,38,-59,-3,16,19373,77,33,79,16,0,0,0,0,0,0,0,-32286,0,0,0,0,0,2737231,0
2707491,7762,-1772,-438,952,-245,312,5447,77,-34,-6,48,19373,77,33,79,16,0,0,0,0,0,0,0,-32286,0,0,0,0,0,2737236,0
2707496,7652,-1862,-488,981,-269,281,5471,105,8,-3,32,19372,83,33,79,16,0,0,0,0,0,0,0,-32286,0,0,0,0,0,2737251,0
2707501,7670,-1902,-534,1011,-263,279,5489,82,46,0,40,19372,83,33,79,16,0,0,0,0,0,0,0,-32286,0,0,0,0,0,2737256,0
2707506,7470,-1684,-528,920,-314,267,5513,103,52,-5,48,19370,84,34,79,16,0,0,0,0,0,0,0,-32286,0,0,0,0,0,2737271,0
2707511,7640,-1812,-680,797,-237,301,5536,94,33,1,32,19370,84,34,79,16,0,0,0,0,0,0,0,-32286,0,0,0,0,0,2737276,0
2707516,7430,-2090,-954,685,-268,344,5551,67,-1,4,16,19368,85,34,79,16,0,0,0,0,0,0,0,-32286,0,0,0,0,0,2737291,0
2707521,7248,-1780,-506,642,-206,321,5568,77,-23,-2,40,19368,85,34,79,16,0,0,0,0,0,0,0,-32286,0,0,0,0,0,2737296,0
2707526,7398,-1954,-396,640,-110,337,5596,130,0,-7,64,19367,80,34,79,16,0,0,0,0,0,0,0,-32286,0,0,0,0,0,2737311,0
2707531,7268,-1924,-224,631,-75,331,5630,148,23,-4,96,19367,80,34,79,16,0,0,0,0,0,0,0,-32286,0,0,0,0,0,2737316,0
2707536,7572,-2158,-272,788,8,275,5676,209,86,-1,120,19368,76,34,79,16,0,0,0,0,0,0,0,-32286,0,0,0,0,0,2737331,0
2707541,7306,-1956,-186,877,-41,229,5728,231,121,7,152,19368,76,34,79,16,0,0,0,0,0,0,0,-32286,0,0,0,0,0,2737336,0
2707546,7606,-2024,-414,925,-55,192,5789,273,135,-4,224,19368,72,34,79,16,0,0,0,0,0,0,0,-32286,0,0,0,0,0,2737351,0
2707551,7750,-1898,-486,956,-75,155,5864,341,137,-2,312,19368,72,34,79,16,0,0,0,0,0,0,0,-32286,0,0,0,0,0,2737356,0
2707556,7916,-1684,-420,933,-125,60,5948,383,150,-5,392,19368,78,34,79,16,0,0,0,0,0,0,0,-32286,0,0,0,0,0,2737371,0
2707561,8120,-1794,-450,936,-130,29,6042,411,159,-12,480,19368,78,34,79,16,0,0,0,0,0,0,0,-32286,0,0,0,0,0,2737376,0
2707566,8164,-1650,-336,908,-147,-27,6143,443,153,-10,544,19369,75,34,79,16,0,0,0,0,0,0,0,-32286,0,0,0,0,0,2737391,0
2707571,8416,-1682,-308,899,-122,-57,6251,466,137,-5,600,19369,75,34,79,16,0,0,0,0,0,0,0,-32286,0,0,0,0,0,2737403,0
2707576,8610,-1778,-130,910,-79,-170,6366,511,116,1,744,19369,80,34,79,16,0,0,0,0,0,0,0,-32286,0,0,0,0,0,2737410,0
2707581,8598,-1932,-70,963,-58,-191,6490,547,115,4,800,19369,80,34,79,16,0,0,0,0,0,0,0,-32286,0,0,0,0,0,2737415,0
2707586,8546,-1946,8,961,-54,-234,6620,571,110,15,832,19372,85,34,79,16,0,0,0,0,0,0,0,-32286,0,0,0,0,0,2737430,0
2707591,8640,-2036,-20,963,-20,-266,6753,589,103,9,896,19372,85,34,79,16,0,0,0,0,0,0,0,-32286,0,0,0,0,0,2737435,0
2707596,8638,-2116,4,968,55,-327,6894,621,99,5,936,19374,83,34,79,16,0,0,0,0,0,0,0,-32287,0,0,0,0,0,2737450,0
2707601,8512,-2288,-24,965,78,-337,7036,619,81,11,904,19374,83,34,79,16,0,0,0,0,0,0,0,-32286,0,0,0,0,0,2737455,0
2707606,8506,-2250,-94,955,81,-345,7179,630,58,7,936,19377,79,34,79,16,0,0,0,0,0,0,0,-32286,0,0,0,0,0,2737470,0
2707611,8532,-2306,-130,969,117,-352,7322,634,44,1,944,19377,79,34,79,16,0,0,0,0,0,0,0,-32286,0,0,0,0,0,2737475,0
2707616,8382,-2322,-206,965,122,-357,7467,630,23,10,904,19381,72,34,79,16,0,0,0,0,0,0,0,-32286,0,0,0,0,0,2737490,0
2707621,8466,-2226,-310,964,126,-360,7606,608,0,8,856,19381,72,34,79,16,0,0,0,0,0,0,0,-32286,0,0,0,0,0,2737503,0
2707626,8400,-2184,-324,980,122,-379,7745,605,-6,-148,-24,19379,73,34,79,16,0,0,0,0,0,0,0,-32286,0,0,0,0,0,2737510,0
2707631,8304,-3126,-576,845,194,-126,7820,288,-120,-1120,-472,19379,73,34,79,16,0,0,0,0,0,0,0,-32285,0,0,0,0,0,2737515,0
2707636,7196,-2390,-772,-698,310,357,7799,-127,-423,-1487,-1040,19377,79,34,79,16,0,0,0,0,0,0,0,-32285,0,0,0,0,0,2737530,0
2707641,7966,-2842,-790,-1092,691,570,7730,-313,-741,-1501,-1520,19377,79,34,79,16,0,0,0,0,0,0,0,-32285,0,0,0,0,0,2737535,0
2707646,6954,-3390,20,-1306,910,776,7628,-462,-909,-1693,-1872,19365,110,34,79,16,0,0,0,0,0,0,0,-32286,0,0,0,0,0,2737550,0
2707651,6692,-4328,302,-1250,937,920,7500,-575,-857,-1850,-2160,19365,110,34,79,16,0,0,0,0,0,0,0,-32286,0,0,0,0,0,2737555,0
2707656,6356,-4824,436,-804,1140,1268,7345,-685,-633,-2033,-2360,19350,168,34,79,16,0,0,0,0,0,0,0,-32287,0,0,0,0,0,2737569,0
2707661,6614,-4476,254,-633,1247,1370,7177,-753,-437,-2120,-2472,19350,168,34,79,16,0,0,0,0,0,0,0,-32286,0,0,0,0,0,2737574,0
2707666,6748,-4398,210,-585,1306,1500,7001,-773,-339,-2229,-2512,19328,248,34,79,16,0,0,0,0,0,0,0,-32285,0,0,0,0,0,2737589,0
2707671,6896,-4138,48,-529,1308,1543,6823,-782,-234,-2334,-2664,19328,248,34,79,16,0,0,0,0,0,0,0,-32285,0,0,0,0,0,2737594,0
2707676,8084,-4116,-366,-192,1223,1503,6648,-774,-136,-2434,-2528,19310,322,34,79,16,0,0,0,0,0,0,0,-32287,0,0,0,0,0,2737609,0
2707681,8444,-3924,-386,-47,1197,1413,6478,-743,-43,-2539,-2472,19298,373,34,79,16,0,0,0,0,0,0,0,-32287,0,0,0,0,0,2737614,0
2707686,9154,-3900,-568,96,1137,1319,6318,-689,28,-2611,-2464,19298,373,34,79,16,0,0,0,0,0,0,0,-32285,0,0,0,0,0,2737629,0
2707691,9364,-3692,-556,212,1096,1193,6171,-637,89,-2749,-2344,19298,373,34,79,16,0,0,0,0,0,0,0,-32285,0,0,0,0,0,2737634,0
2707696,10058,-3604,-698,479,920,890,6040,-569,150,-2820,-2288,19292,417,34,79,16,0,0,0,0,0,0,0,-32286,0,0,0,0,0,2737649,0
2707701,10092,-3704,-748,592,778,759,5921,-524,187,-2883,-2224,19292,417,34,79,16,0,0,0,0,0,0,0,-32287,0,0,0,0,0,2737654,0
2707706,10072,-3394,-772,622,603,593,5814,-467,201,-2997,-2024,19287,425,34,79,16,0,0,0,0,0,0,0,-32287,0,0,0,0,0,2737669,0
2707711,10218,-3354,-738,671,444,473,5721,-400,198,-3068,-1912,19287,425,34,79,16,0,0,0,0,0,0,0,-32287,0,0,0,0,0,2737674,0
2707716,9612,-3400,-510,733,-35,365,5636,-375,189,-3120,-2024,19289,427,34,79,16,0,0,0,0,0,0,0,-32286,0,0,0,0,0,2737689,0
2707721,9688,-3418,-486,728,-275,330,5554,-359,161,-3196,-2000,19289,427,34,79,16,0,0,0,0,0,0,0,-32285,0,0,0,0,0,2737694,0
2707726,9606,-3190,-406,701,-460,309,5468,-379,118,-3291,-1984,19288,406,34,79,16,0,0,0,0,0,0,0,-32285,0,0,0,0,0,2737709,0
2707731,9518,-2700,-138,662,-569,251,5387,-357,65,-3376,-2024,19288,406,34,79,16,0,0,0,0,0,0,0,-32285,0,0,0,0,0,2737714,0
2707736,9492,-2196,596,655,-654,168,5307,-348,26,-3410,-2024,19288,405,34,79,16,0,0,0,0,0,0,0,-32285,0,0,0,0,0,2737729,0
2707741,9568,-1968,790,640,-654,128,5226,-360,17,-3433,-2152,19288,405,34,79,16,0,0,0,0,0,0,0,-32286,0,0,0,0,0,2737733,0
2707746,9520,-1892,1044,506,-539,91,5134,-406,-12,-3493,-2280,19284,423,34,79,16,0,0,0,0,0,0,0,-32287,0,0,0,0,0,2737748,0
2707751,9614,-1706,1270,407,-405,49,5028,-465,-53,-3560,-2344,19284,423,34,79,16,0,0,0,0,0,0,0,-32288,0,0,0,0,0,2737762,0
2707756,9520,-2238,1812,242,-73,-58,4921,-482,-104,-3614,-2400,19280,449,34,79,16,0,0,0,0,0,0,0,-32287,0,0,0,0,0,2737768,0
2707761,9488,-2862,1796,264,74,-92,4805,-523,-126,-3618,-2560,19280,449,34,79,16,0,0,0,0,0,0,0,-32286,0,0,0,0,0,2737773,0
2707766,9294,-3474,1752,202,191,-89,4668,-612,-139,-3666,-2720,19270,481,34,79,16,0,0,0,0,0,0,0,-32284,0,0,0,0,0,2737788,0
2707771,9088,-3788,1720,143,294,-97,4512,-701,-180,-3717,-2976,19270,481,34,79,16,0,0,0,0,0,0,0,-32285,0,0,0,0,0,2737793,0
2707776,8694,-4854,1474,27,573,-37,4338,-783,-232,-3658,-3240,19258,536,34,79,16,0,0,0,0,0,0,0,-32287,0,0,0,0,0,2737808,0
2707781,8324,-5244,1454,-42,646,-1,4139,-892,-287,-3714,-3360,19244,595,34,79,16,0,0,0,0,0,0,0,-32287,0,0,0,0,0,2737813,0
2707786,8176,-5604,1432,-55,720,60,3917,-980,-321,-3663,-3576,19244,595,34,79,16,0,0,0,0,0,0,0,-32285,0,0,0,0,0,2737828,0
2707791,7516,-6150,1354,-109,791,133,3672,-1083,-334,-3699,-3880,19244,595,34,79,16,0,0,0,0,0,0,0,-32285,0,0,0,0,0,2737833,0
2707796,6694,-6864,1076,-134,798,209,3407,-1178,-349,-3689,-4008,19229,681,34,79,16,0,0,0,0,0,0,0,-32288,0,0,0,0,0,2737848,0
2707801,6036,-7164,942,-163,735,300,3118,-1277,-346,-3670,-4168,19213,763,34,79,16,0,0,0,0,0,0,0,-32285,0,0,0,0,0,2737853,0
2707806,5380,-7262,1072,-261,728,322,2808,-1369,-339,-3665,-4504,19213,763,34,79,16,0,0,0,0,0,0,0,-32286,0,0,0,0,0,2737868,0
2707811,5120,-7866,710,-252,793,450,2477,-1460,-340,-3616,-4632,19213,763,34,79,16,0,0,0,0,0,0,0,-32287,0,0,0,0,0,2737873,0
2707816,3812,-8520,912,-169,574,493,2132,-1526,-324,-3617,-4800,19198,839,34,79,16,0,0,0,0,0,0,0,-32285,0,0,0,0,0,2737887,0
2707821,3428,-9172,884,2,511,621,1773,-1587,-294,-3605,-4936,19198,839,34,79,16,0,0,0,0,0,0,0,-32287,0,0,0,0,0,2737892,0
2707826,2508,-8802,1114,178,384,659,1400,-1644,-252,-3597,-5008,19184,903,34,79,16,0,0,0,0,0,0,0,-32284,0,0,0,0,0,2737907,0
2707831,2530,-8848,912,324,320,665,1014,-1696,-224,-3570,-5072,19175,943,34,79,16,0,0,0,0,0,0,0,-32287,0,0,0,0,0,2737912,0
2707836,2370,-9018,616,753,23,747,621,-1742,-201,-3531,-5120,19175,943,34,79,16,0,0,0,0,0,0,0,-32284,0,0,0,0,0,2737927,0
2707841,2446,-8768,560,931,-123,820,218,-1782,-182,-3487,-5168,19175,943,34,79,16,0,0,0,0,0,0,0,-32288,0,0,0,0,0,2737932,0
2707846,2504,-8172,684,1052,-294,843,-191,-1805,-151,-3450,-5160,19170,970,34,79,16,0,0,0,0,0,0,0,-32285,0,0,0,0,0,2737947,0
2707851,2924,-7914,354,1186,-439,857,-603,-1813,-121,-3402,-5136,19170,983,34,79,16,0,0,0,0,0,0,0,-32287,0,0,0,0,0,2737952,0
2707856,4202,-7488,146,1473,-807,907,-1011,-1805,-86,-3324,-5080,19170,983,34,79,16,0,0,0,0,0,0,0,-32285,0,0,0,0,0,2737967,0
2707861,4848,-6972,274,1613,-1000,940,-1416,-1789,-35,-3251,-5024,19170,983,34,79,16,0,0,0,0,0,0,0,-32287,0,0,0,0,0,2737972,0
2707866,5170,-6142,114,1667,-1204,944,-1816,-1761,17,-3185,-4944,19174,964,34,79,16,0,0,0,0,0,0,0,-32285,0,0,0,0,0,2737987,0
2707871,5940,-5330,206,1699,-1400,907,-2211,-1732,53,-3127,-4888,19182,925,34,79,16,0,0,0,0,0,0,0,-32287,0,0,0,0,0,2737992,0
2707876,7622,-3918,244,1563,-1701,817,-2600,-1708,69,-3065,-4792,19182,925,34,79,16,0,0,0,0,0,0,0,-32285,0,0,0,0,0,2738007,0
2707881,8524,-3582,448,1469,-1785,789,-2986,-1695,77,-3015,-4752,19182,925,34,79,16,0,0,0,0,0,0,0,-32287,0,0,0,0,0,2738012,0
2707886,8756,-2950,786,1358,-1919,746,-3365,-1665,76,-2963,-4648,19194,880,34,79,16,0,0,0,0,0,0,0,-32285,0,0,0,0,0,2738027,0
2707891,9348,-2238,900,1240,-1978,671,-3739,-1640,79,-2909,-4536,19209,830,34,79,16,0,0,0,0,0,0,0,-32287,0,0,0,0,0,2738032,0
2707896,10518,-1550,1242,971,-1902,515,-4099,-1591,97,-2863,-4416,19209,830,34,79,16,0,0,0,0,0,0,0,-32285,0,0,0,0,0,2738047,0
2707901,10672,-1012,1710,850,-1887,424,-4446,-1528,125,-2799,-4184,19209,830,34,79,16,0,0,0,0,0,0,0,-32287,0,0,0,0,0,2738052,0
2707906,10972,-604,1978,713,-1769,305,-4777,-1461,169,-2734,-4008,19224,769,34,79,16,0,0,0,0,0,0,0,-32285,0,0,0,0,0,2738067,0
2707911,11234,-328,2126,541,-1623,198,-5090,-1372,209,-2646,-3760,19224,769,34,79,16,0,0,0,0,0,0,0,-32286,0,0,0,0,0,2738072,0
2707916,11046,-488,2834,278,-1280,26,-5383,-1279,241,-2580,-3680,19239,703,34,79,16,0,0,0,0,0,0,0,-32286,0,0,0,0,0,2738087,0
2707921,11180,-784,3012,206,-1018,-76,-5608,-1234,265,-2504,-3544,19239,703,34,79,16,0,0,0,0,0,0,0,-32285,0,0,0,0,0,2738092,0
2707926,11086,-1078,3178,183,-812,-144,-5872,-1152,272,-2422,-3312,19256,631,34,79,16,0,0,0,0,0,0,0,-32287,0,0,0,0,0,2738107,0
2707931,10808,-908,3066,116,-573,-235,-6121,-1088,264,-2347,-3176,19256,631,34,79,16,0,0,0,0,0,0,0,-32286,0,0,0,0,0,2738112,0
2707936,10366,-1454,3060,-19,-103,-350,-6354,-1027,254,-2268,-2976,19274,558,34,79,16,0,0,0,0,0,0,0,-32285,0,0,0,0,0,2738126,0
2707941,10272,-1946,2894,-85,65,-375,-6577,-971,229,-2164,-2808,19274,558,34,79,16,0,0,0,0,0,0,0,-32287,0,0,0,0,0,2738131,0
2707946,9900,-2118,2708,-136,275,-400,-6795,-949,189,-2112,-2816,19290,490,34,79,16,0,0,0,0,0,0,0,-32287,0,0,0,0,0,2738146,0
2707951,9524,-2478,2616,-190,426,-413,-7001,-909,166,-2066,-2640,19290,490,34,79,16,0,0,0,0,0,0,0,-32285,0,0,0,0,0,2738151,0
2707956,8702,-3160,2384,-194,690,-418,-7205,-888,126,-1945,-2600,19303,429,34,79,16,0,0,0,0,0,0,0,-32286,0,0,0,0,0,2738166,0
2707961,8408,-3292,2122,-174,807,-400,-7404,-868,101,-1908,-2496,19303,429,34,79,16,0,0,0,0,0,0,0,-32286,0,0,0,0,0,2738171,0
2707966,8050,-3322,1866,-152,882,-399,-7598,-849,85,-1806,-2432,19313,382,34,79,16,0,0,0,0,0,0,0,-32286,0,0,0,0,0,2738186,0
2707971,7728,-3416,1634,-168,991,-373,-7789,-840,72,-1738,-2344,19313,382,34,79,16,0,0,0,0,0,0,0,-32285,0,0,0,0,0,2738191,0
2707976,7120,-3468,1086,-254,1084,-346,-7977,-814,59,-1646,-2344,19322,346,34,79,16,0,0,0,0,0,0,0,-32286,0,0,0,0,0,2738206,0
2707981,6654,-3522,746,-291,1085,-298,-8164,-827,44,-1577,-2200,19322,346,34,79,16,0,0,0,0,0,0,0,-32286,0,0,0,0,0,2738211,0
2707986,6378,-3322,576,-322,1049,-308,-8343,-787,56,-1507,-2192,19330,311,34,79,16,0,0,0,0,0,0,0,-32286,0,0,0,0,0,2738226,0
2707991,6388,-3494,374,-273,995,-271,-8520,-770,48,-1406,-2056,19330,311,34,79,16,0,0,0,0,0,0,0,-32285,0,0,0,0,0,2738231,0
2707996,5820,-3318,196,-329,794,-229,-8693,-758,58,-1344,-1976,19335,281,34,79,16,0,0,0,0,0,0,0,-32286,0,0,0,0,0,2738246,0
2708001,5884,-3368,66,-307,717,-201,-8857,-721,71,-1256,-1928,19335,281,34,79,16,0,0,0,0,0,0,0,-32286,0,0,0,0,0,2738251,0
2708006,5582,-3320,122,-358,631,-161,-9017,-697,82,-1193,-1880,19345,251,34,79,16,0,0,0,0,0,0,0,-32286,0,0,0,0,0,2738266,0
2708011,5602,-3186,214,-401,531,-158,-9172,-677,84,-1110,-1760,19345,251,34,79,16,0,0,0,0,0,0,0,-32286,0,0,0,0,0,2738271,0
2708016,5742,-3174,352,-418,428,-134,-9315,-630,102,-1018,-1600,19352,223,34,79,16,0,0,0,0,0,0,0,-32286,0,0,0,0,0,2738286,0
2708021,5820,-3038,430,-432,382,-125,-9453,-594,105,-949,-1488,19352,223,34,79,16,0,0,0,0,0,0,0,-32285,0,0,0,0,0,2738291,0
2708026,5940,-3046,608,-446,340,-123,-9579,-558,121,-856,-1400,19358,190,34,79,16,0,0,0,0,0,0,0,-32286,0,0,0,0,0,2738306,0
2708031,6124,-2828,734,-433,315,-112,-9693,-495,163,-797,-1224,19358,190,34,79,16,0,0,0,0,0,0,0,-32286,0,0,0,0,0,2738311,0
2708036,6322,-2682,778,-471,258,-110,-9796,-448,198,-731,-1096,19362,160,34,79,16,0,0,0,0,0,0,0,-32286,0,0,0,0,0,2738326,0
2708041,6424,-2528,864,-528,258,-93,-9889,-410,128,-665,-976,19362,160,34,79,16,0,0,0,0,0,0,0,-32286,0,0,0,0,0,2738331,0
2708046,6478,-2544,976,-565,286,-53,-9976,-381,126,-616,-880,19366,140,34,79,16,0,0,0,0,0,0,0,-32286,0,0,0,0,0,2738345,0
2708051,6440,-2342,1130,-610,323,-62,-10052,-328,93,-565,-712,19366,140,34,79,16,0,0,0,0,0,0,0,-32286,0,0,0,0,0,2738351,0
2708056,6738,-2146,1160,-599,356,-75,-10113,-267,145,-505,-520,19371,125,34,79,16,0,0,0,0,0,0,0,-32286,0,0,0,0,0,2738365,0
2708061,6642,-2056,1230,-632,359,-78,-10162,-208,166,-444,-344,19371,125,34,79,16,0,0,0,0,0,0,0,-32286,0,0,0,0,0,2738370,0
2708066,6798,-1918,1178,-651,375,-104,-10195,-139,189,-394,-184,19374,106,34,79,16,0,0,0,0,0,0,0,-32286,0,0,0,0,0,2738385,0
2708071,6786,-1972,1190,-684,428,-96,-10221,-107,201,-314,-120,19374,106,34,79,16,0,0,0,0,0,0,0,-32286,0,0,0,0,0,2738390,0
2708076,6890,-1776,1196,-787,491,-143,-10232,-40,194,-261,-40,19376,95,34,79,16,0,0,0,0,0,0,0,-32286,0,0,0,0,0,2738405,0
2708081,6822,-1896,1234,-784,540,-143,-10229,26,194,-196,-8,19376,95,34,79,16,0,0,0,0,0,0,0,-32286,0,0,0,0,0,2738410,0
2708086,6574,-1954,1186,-813,591,-121,-10220,40,191,-133,-8,19379,86,34,79,16,0,0,0,0,0,0,0,-32286,0,0,0,0,0,2738425,0
2708091,6498,-1950,1152,-884,679,-94,-10213,21,145,-81,-8,19379,86,34,79,16,0,0,0,0,0,0,0,-32286,0,0,0,0,0,2738430,0
2708096,6262,-1962,1250,-1008,983,-17,-10212,7,92,-39,-8,19380,79,34,79,16,0,0,0,0,0,0,0,-32286,0,0,0,0,0,2738445,0
2708101,6056,-1924,1338,-1043,1118,8,-10210,7,12,-2,16,19380,79,34,79,16,0,0,0,0,0,0,0,-32286,0,0,0,0,0,2738450,0
2708106,6026,-1942,1256,-1038,1234,33,-10207,19,-30,38,24,19380,77,34,79,16,0,0,0,0,0,0,0,-32286,0,0,0,0,0,2738465,0
2708111,5948,-1922,1114,-1024,1306,37,-10198,41,-8,81,56,19380,77,34,79,16,0,0,0,0,0,0,0,-32286,0,0,0,0,0,2738470,0
2708116,6018,-1662,896,-985,1391,-4,-10180,90,36,115,120,19379,70,34,79,16,0,0,0,0,0,0,0,-32286,0,0,0,0,0,2738485,0
2708121,6106,-1550,744,-899,1336,-61,-10140,179,101,134,272,19379,70,34,79,16,0,0,0,0,0,0,0,-32286,0,0,0,0,0,2738490,0
2708126,6112,-1584,522,-875,1276,-90,-10082,265,176,160,536,19378,74,34,79,16,0,0,0,0,0,0,0,-32286,0,0,0,0,0,2738505,0
2708131,6134,-1378,260,-857,1156,-146,-10005,354,243,189,808,19378,74,34,79,16,0,0,0,0,0,0,0,-32286,0,0,0,0,0,2738510,0
2708136,6236,-1170,-38,-870,945,-248,-9905,447,291,245,1048,19377,79,34,79,16,0,0,0,0,0,0,0,-32286,0,0,0,0,0,2738525,0
2708141,6186,-986,-94,-939,825,-281,-9788,528,301,324,1272,19377,79,34,79,16,0,0,0,0,0,0,0,-32286,0,0,0,0,0,2738530,0
2708146,6192,-1128,-136,-981,731,-338,-9652,610,305,380,1496,19377,88,34,79,16,0,0,0,0,0,0,0,-32286,0,0,0,0,0,2738545,0
2708151,6258,-1086,-114,-958,607,-401,-9487,733,313,421,1792,19377,88,34,79,16,0,0,0,0,0,0,0,-32286,0,0,0,0,0,2738550,0
2708156,6172,-1350,-30,-926,352,-462,-9301,832,326,465,2040,19375,108,34,79,16,0,0,0,0,0,0,0,-32286,0,0,0,0,0,2738565,0
2708161,6198,-1498,24,-969,255,-472,-9087,946,352,505,2328,19375,108,34,79,16,0,0,0,0,0,0,0,-32286,0,0,0,0,0,2738570,0
2708166,6256,-1496,96,-1048,223,-480,-8849,1065,379,549,2576,19372,125,34,79,16,0,0,0,0,0,0,0,-32286,0,0,0,0,0,2738585,0
2708171,6328,-1274,312,-1173,198,-485,-8582,1188,391,582,2856,19372,125,34,79,16,0,0,0,0,0,0,0,-32286,0,0,0,0,0,2738590,0
2708176,6414,-1334,576,-1497,234,-489,-8282,1331,410,643,3232,19366,140,34,79,16,0,0,0,0,0,0,0,-32286,0,0,0,0,0,2738605,0
2708181,6378,-1720,440,-1514,209,-495,-7952,1469,440,669,3520,19366,140,34,79,16,0,0,0,0,0,0,0,-32286,0,0,0,0,0,2738610,0
2708186,6282,-1950,450,-1410,78,-548,-7589,1606,467,717,3840,19360,163,34,79,16,0,0,0,0,0,0,0,-32286,0,0,0,0,0,2738625,0
2708191,6464,-2382,394,-1176,-52,-583,-7196,1738,474,753,4144,19360,163,34,79,16,0,0,0,0,0,0,0,-32285,0,0,0,0,0,2738630,0
2708196,6694,-1674,1004,-837,-70,-700,-6775,1874,470,797,4536,19352,201,34,79,16,0,0,0,0,0,0,0,-32286,0,0,0,0,0,2738645,0
2708201,7026,-1654,628,-881,-32,-716,-6327,1985,460,844,4792,19352,201,34,79,16,0,0,0,0,0,0,0,-32286,0,0,0,0,0,2738650,0
2708206,6840,-1526,426,-1101,-1,-686,-5850,2110,442,870,5120,19342,244,34,79,16,0,0,0,0,0,0,0,-32286,0,0,0,0,0,2738665,0
2708211,6936,-1694,678,-1361,99,-661,-5336,2270,449,928,5496,19342,244,34,79,16,0,0,0,0,0,0,0,-32286,0,0,0,0,0,2738670,0
2708216,10202,3530,1870,1216,-1881,-2596,-4789,2417,473,1028,5608,19333,290,34,79,16,0,0,0,0,0,0,0,-32286,0,0,0,0,0,2738685,0
2708221,11600,-6856,-3056,2021,-922,-1276,-4239,2431,445,1093,5576,19322,339,34,79,16,0,0,0,0,0,0,0,-32286,0,0,0,0,0,2738690,0
2708226,3732,1984,1316,1404,-2690,-2158,-3681,2454,369,1076,5544,19322,339,34,79,16,0,0,0,0,0,0,0,-32286,0,0,0,0,0,2738705,0
2708231,13246,-2330,-1924,1474,-2439,-2085,-3144,2351,201,1163,5184,19322,339,34,79,16,0,0,0,0,0,0,0,-32286,0,0,0,0,0,2738722,0
2708236,10308,1452,1262,-289,-1615,-2097,-2647,2169,-35,1171,4792,19312,384,34,79,16,0,0,0,0,0,0,0,-32286,0,0,0,0,0,2738728,0
2708241,11250,-550,1584,-920,-918,-2025,-2198,1950,-287,1204,4416,19312,384,34,79,16,0,0,0,0,0,0,0,-32286,0,0,0,0,0,2738733,0
2708246,10206,-2308,2508,-1196,-327,-1866,-1798,1735,-509,1238,3952,19308,410,34,79,16,0,0,0,0,0,0,0,-32286,0,0,0,0,0,2738748,0
2708251,9376,-3690,3122,-1139,69,-1783,-1448,1519,-668,1286,3480,19308,410,34,79,16,0,0,0,0,0,0,0,-32286,0,0,0,0,0,2738752,0
2708256,8412,-4560,2644,-894,643,-1438,-1143,1320,-726,1336,3072,19309,392,34,79,16,0,0,0,0,0,0,0,-32286,0,0,0,0,0,2738767,0
2708261,7892,-4226,2438,-1081,932,-1254,-883,1123,-735,1353,2720,19309,392,34,79,16,0,0,0,0,0,0,0,-32286,0,0,0,0,0,2738772,0
2708266,7692,-4536,2108,-1248,1147,-1068,-664,939,-705,1380,2280,19317,352,34,79,16,0,0,0,0,0,0,0,-32287,0,0,0,0,0,2738787,0
2708271,7122,-4704,1900,-1308,1238,-905,-482,781,-667,1422,2048,19317,352,34,79,16,0,0,0,0,0,0,0,-32286,0,0,0,0,0,2738792,0
2708276,6692,-4948,1144,-1125,1187,-610,-334,632,-624,1484,1704,19329,297,34,79,16,0,0,0,0,0,0,0,-32286,0,0,0,0,0,2738807,0
2708281,6464,-4318,956,-1158,1125,-504,-223,479,-581,1493,1392,19329,297,34,79,16,0,0,0,0,0,0,0,-32286,0,0,0,0,0,2738812,0
2708286,6604,-4286,744,-1211,1116,-365,-142,341,-544,1510,1152,19341,247,34,79,16,0,0,0,0,0,0,0,-32286,0,0,0,0,0,2738827,0
2708291,6514,-3766,736,-1231,1027,-326,-83,253,-500,1604,1016,19341,247,34,79,16,0,0,0,0,0,0,0,-32287,0,0,0,0,0,2738832,0
2708296,6748,-3690,530,-1176,871,-213,-41,172,-440,1626,872,19350,209,34,79,16,0,0,0,0,0,0,0,-32287,0,0,0,0,0,2738847,0
2708301,6882,-3426,540,-1164,789,-197,-14,111,-361,1691,792,19350,209,34,79,16,0,0,0,0,0,0,0,-32286,0,0,0,0,0,2738852,0
2708306,7188,-3246,694,-1085,689,-205,7,89,-272,1701,752,19359,180,34,79,16,0,0,0,0,0,0,0,-32288,0,0,0,0,0,2738867,0
2708311,7286,-3072,830,-1038,655,-162,22,58,-201,1749,680,19359,180,34,79,16,0,0,0,0,0,0,0,-32287,0,0,0,0,0,2738872,0
2708316,7634,-2646,1108,-1115,607,-92,28,18,-148,1780,632,19365,169,34,79,16,0,0,0,0,0,0,0,-32287,0,0,0,0,0,2738887,0
2708321,7704,-2422,1248,-1131,638,-69,29,1,-115,1796,632,19365,169,34,79,16,0,0,0,0,0,0,0,-32287,0,0,0,0,0,2738892,0
2708326,7774,-2234,1334,-1092,652,-48,29,8,-92,1813,680,19370,155,34,79,16,0,0,0,0,0,0,0,-32287,0,0,0,0,0,2738907,0
2708331,8006,-2032,1360,-1048,650,-46,34,20,-59,1831,736,19369,162,34,79,16,0,0,0,0,0,0,0,-32287,0,0,0,0,0,2738912,0
2708336,9034,-1802,1358,-997,625,-84,49,71,1,1826,920,19369,162,34,79,16,0,0,0,0,0,0,0,-32287,0,0,0,0,0,2738927,0
2708341,9718,-2160,1552,-1087,604,-83,81,153,79,1826,1104,19369,162,34,79,16,0,0,0,0,0,0,0,-32287,0,0,0,0,0,2738932,0
2708346,10484,-2946,1678,-1220,565,-34,126,203,145,1894,1248,19366,168,34,79,16,0,0,0,0,0,0,0,-32287,0,0,0,0,0,2738947,0
2708351,11218,-3398,1868,-1234,434,-56,194,306,211,1896,1560,19366,168,34,79,16,0,0,0,0,0,0,0,-32286,0,0,0,0,0,2738952,0
2708356,13154,-4174,1700,-1035,85,-105,286,416,269,1953,1736,19359,188,34,79,16,0,0,0,0,0,0,0,-32286,0,0,0,0,0,2738967,0
2708361,14052,-4456,1614,-1072,37,-119,404,523,318,2011,1984,19359,188,34,79,16,0,0,0,0,0,0,0,-32285,0,0,0,0,0,2738972,0
2708366,14942,-4602,1744,-1050,16,-204,548,645,354,2073,2288,19349,211,34,79,16,0,0,0,0,0,0,0,-32285,0,0,0,0,0,2738987,0
2708371,15662,-5092,1878,-917,105,-299,718,758,391,2086,2568,19349,211,34,79,16,0,0,0,0,0,0,0,-32286,0,0,0,0,0,2738992,0
2708376,16062,-5604,3096,-544,419,-594,909,850,389,2103,2656,19336,265,34,79,16,0,0,0,0,0,0,0,-32286,0,0,0,0,0,2739007,0
2708381,16162,-5670,3138,-395,683,-729,1112,900,356,2101,2840,19336,265,34,79,16,0,0,0,0,0,0,0,-32285,0,0,0,0,0,2739012,0
2708386,14980,-5466,3152,-479,973,-855,1324,935,298,2158,2856,19325,323,34,79,16,0,0,0,0,0,0,0,-32284,0,0,0,0,0,2739027,0
2708391,14060,-5878,2584,-527,1157,-979,1539,948,216,2136,2824,19325,323,34,79,16,0,0,0,0,0,0,0,-32286,0,0,0,0,0,2739032,0
2708396,11222,-6894,1674,-387,1164,-1149,1754,942,131,2177,2904,19316,361,34,79,16,0,0,0,0,0,0,0,-32286,0,0,0,0,0,2739047,0
2708401,9998,-7282,1132,-235,1057,-1201,1968,944,63,2208,2840,19316,361,34,79,16,0,0,0,0,0,0,0,-32285,0,0,0,0,0,2739052,0
2708406,8520,-7398,836,-178,947,-1256,2176,913,11,2201,2760,19311,383,34,79,16,0,0,0,0,0,0,0,-32285,0,0,0,0,0,2739067,0
2708411,7374,-7478,716,-90,829,-1272,2380,897,-24,2230,2768,19311,383,34,79,16,0,0,0,0,0,0,0,-32287,0,0,0,0,0,2739072,0
2708416,5044,-8046,856,112,671,-1102,2576,860,-57,2247,2640,19308,392,34,79,16,0,0,0,0,0,0,0,-32286,0,0,0,0,0,2739087,0
2708421,3912,-7870,838,294,507,-1045,2769,844,-73,2244,2696,19308,392,34,79,16,0,0,0,0,0,0,0,-32285,0,0,0,0,0,2739092,0
2708426,3738,-8016,564,555,350,-947,2958,834,-82,2271,2592,19307,390,34,79,16,0,0,0,0,0,0,0,-32285,0,0,0,0,0,2739107,0
2708431,3220,-7352,656,759,186,-848,3146,829,-65,2268,2664,19307,390,34,79,16,0,0,0,0,0,0,0,-32286,0,0,0,0,0,2739112,0
2708436,3132,-5996,638,874,-20,-640,3336,839,-43,2293,2608,19308,389,34,79,16,0,0,0,0,0,0,0,-32286,0,0,0,0,0,2739127,0
2708441,3238,-5192,426,834,-78,-562,3524,827,-17,2300,2648,19308,389,34,79,16,0,0,0,0,0,0,0,-32285,0,0,0,0,0,2739132,0
2708446,3266,-4432,196,806,-115,-501,3716,842,2,2289,2624,19309,384,34,79,16,0,0,0,0,0,0,0,-32285,0,0,0,0,0,2739147,0
2708451,3336,-3602,40,784,-137,-442,3907,848,10,2312,2664,19309,384,34,79,16,0,0,0,0,0,0,0,-32286,0,0,0,0,0,2739152,0
2708456,3576,-2316,88,652,-118,-365,4104,866,19,2289,2736,19312,391,34,79,16,0,0,0,0,0,0,0,-32286,0,0,0,0,0,2739167,0
2708461,3854,-2068,106,599,-87,-314,4308,900,40,2318,2832,19312,391,34,79,16,0,0,0,0,0,0,0,-32285,0,0,0,0,0,2739172,0
2708466,3944,-1338,16,517,-81,-343,4519,931,70,2298,2880,19310,395,34,79,16,0,0,0,0,0,0,0,-32285,0,0,0,0,0,2739187,0
2708471,4206,-914,34,445,-49,-354,4741,977,97,2307,3000,19310,395,34,79,16,0,0,0,0,0,0,0,-32286,0,0,0,0,0,2739192,0
2708476,4314,-436,-326,130,75,-397,4968,999,114,2335,3128,19306,410,34,79,16,0,0,0,0,0,0,0,-32286,0,0,0,0,0,2739207,0
2708481,4280,-568,-460,-6,102,-424,5204,1041,125,2308,3136,19306,410,34,79,16,0,0,0,0,0,0,0,-32284,0,0,0,0,0,2739212,0
2708486,4184,-936,-378,-88,71,-466,5449,1081,124,2286,3192,19302,418,34,79,16,0,0,0,0,0,0,0,-32286,0,0,0,0,0,2739227,0
2708491,4294,-1106,-464,-114,-32,-505,5699,1105,124,2289,3240,19302,418,34,79,16,0,0,0,0,0,0,0,-32286,0,0,0,0,0,2739231,0
2708496,4462,-2002,-574,-330,-135,-510,5954,1120,110,2283,3216,19299,442,34,79,16,0,0,0,0,0,0,0,-32284,0,0,0,0,0,2739246,0
2708501,4644,-2652,-260,-450,-161,-487,6202,1098,82,2281,3112,19299,442,34,79,16,0,0,0,0,0,0,0,-32286,0,0,0,0,0,2739251,0
2708506,4736,-3518,186,-520,-212,-427,6446,1066,26,2272,3048,19297,461,33,79,16,0,0,0,0,0,0,0,-32287,0,0,0,0,0,2739266,0
2708511,4916,-4296,478,-552,-255,-371,6675,1001,-46,2268,2912,19297,461,33,79,16,0,0,0,0,0,0,0,-32284,0,0,0,0,0,2739271,0
2708516,5452,-5436,1632,-552,-282,-171,6887,933,-111,2241,2680,19296,462,34,79,16,0,0,0,0,0,0,0,-32285,0,0,0,0,0,2739286,0
2708521,5788,-5938,1974,-535,-237,-33,7082,843,-183,2212,2456,19296,462,34,79,16,0,0,0,0,0,0,0,-32286,0,0,0,0,0,2739291,0
2708526,5864,-6274,1954,-548,-221,94,7252,733,-247,2195,2176,19300,437,34,79,16,0,0,0,0,0,0,0,-32286,0,0,0,0,0,2739306,0
2708531,6090,-6560,1752,-516,-207,226,7395,616,-305,2170,1824,19300,437,34,79,16,0,0,0,0,0,0,0,-32285,0,0,0,0,0,2739311,0
2708536,5920,-6738,1148,-605,-201,507,7503,462,-366,2145,1520,19310,380,34,79,16,0,0,0,0,0,0,0,-32285,0,0,0,0,0,2739326,0
2708541,5790,-6552,734,-674,-234,607,7576,308,-436,2092,1320,19310,380,34,79,16,0,0,0,0,0,0,0,-32285,0,0,0,0,0,2739331,0
2708546,5894,-6150,342,-672,-272,640,7626,211,-465,2083,1096,19324,321,34,79,16,0,0,0,0,0,0,0,-32286,0,0,0,0,0,2739346,0
2708551,6002,-6092,-50,-663,-295,705,7656,124,-454,2100,904,19324,321,34,79,16,0,0,0,0,0,0,0,-32286,0,0,0,0,0,2739351,0
2708556,6114,-5494,-462,-640,-333,683,7672,59,-394,2075,736,19337,259,34,79,16,0,0,0,0,0,0,0,-32286,0,0,0,0,0,2739366,0
2708561,5934,-5026,-568,-678,-389,647,7670,-8,-317,2043,632,19337,259,34,79,16,0,0,0,0,0,0,0,-32286,0,0,0,0,0,2739371,0
2708566,6202,-4854,-742,-614,-443,564,7669,-3,-242,1959,640,19350,208,34,79,16,0,0,0,0,0,0,0,-32286,0,0,0,0,0,2739386,0
2708571,6266,-4640,-766,-517,-517,480,7667,1,-163,1914,624,19350,208,34,79,16,0,0,0,0,0,0,0,-32286,0,0,0,0,0,2739391,0
2708576,6488,-4254,-904,-405,-769,313,7669,2,-79,1883,632,19359,174,34,79,16,0,0,0,0,0,0,0,-32286,0,0,0,0,0,2739406,0
2708581,6676,-3932,-884,-414,-870,232,7669,4,-24,1842,616,19359,174,34,79,16,0,0,0,0,0,0,0,-32286,0,0,0,0,0,2739411,0
2708586,6774,-3696,-756,-474,-937,169,7669,1,12,1812,584,19365,156,34,79,16,0,0,0,0,0,0,0,-32286,0,0,0,0,0,2739426,0
2708591,6914,-3756,-556,-530,-994,103,7668,-4,2,1773,584,19365,156,34,79,16,0,0,0,0,0,0,0,-32286,0,0,0,0,0,2739431,0
2708596,7112,-3894,-18,-509,-1059,16,7668,3,0,1727,576,19368,150,34,79,16,0,0,0,0,0,0,0,-32286,0,0,0,0,0,2739446,0
2708601,7170,-3840,296,-471,-1069,-19,7670,2,0,1688,552,19368,150,34,79,16,0,0,0,0,0,0,0,-32286,0,0,0,0,0,2739451,0
2708606,7384,-3812,512,-431,-1046,-40,7670,7,2,1649,544,19369,151,34,79,16,0,0,0,0,0,0,0,-32286,0,0,0,0,0,2739466,0
2708611,7518,-3700,752,-407,-986,-48,7672,5,4,1601,528,19369,151,34,79,16,0,0,0,0,0,0,0,-32286,0,0,0,0,0,2739471,0
2708616,7714,-3462,1016,-366,-822,-38,7672,4,1,1559,520,19369,142,34,79,16,0,0,0,0,0,0,0,-32286,0,0,0,0,0,2739486,0
2708621,7714,-3274,1098,-329,-730,-35,7673,4,-1,1514,512,19369,142,34,79,16,0,0,0,0,0,0,0,-32286,0,0,0,0,0,2739491,0
2708626,7700,-3178,1136,-285,-637,-27,7677,10,3,1465,496,19369,131,34,79,16,0,0,0,0,0,0,0,-32286,0,0,0,0,0,2739506,0
2708631,7620,-3138,1050,-229,-545,-14,7680,14,11,1418,496,19369,131,34,79,16,0,0,0,0,0,0,0,-32286,0,0,0,0,0,2739511,0
2708636,7414,-2890,958,-152,-372,37,7685,31,17,1371,504,19369,133,34,79,16,0,0,0,0,0,0,0,-32286,0,0,0,0,0,2739526,0
2708641,7402,-2856,856,-102,-292,61,7695,37,19,1312,552,19369,133,34,79,16,0,0,0,0,0,0,0,-32286,0,0,0,0,0,2739531,0
2708646,7382,-2694,840,-30,-232,105,7717,93,42,1228,704,19371,135,34,79,16,0,0,0,0,0,0,0,-32286,0,0,0,0,0,2739546,0
2708651,7230,-2602,950,89,-220,62,7756,177,101,1164,832,19371,135,34,79,16,0,0,0,0,0,0,0,-32287,0,0,0,0,0,2739551,0
2708656,7160,-2556,548,433,-290,54,7808,236,163,1159,888,19371,138,34,79,16,0,0,0,0,0,0,0,-32286,0,0,0,0,0,2739566,0
2708661,7156,-2290,328,480,-377,45,7863,247,181,1110,976,19371,138,34,79,16,0,0,0,0,0,0,0,-32286,0,0,0,0,0,2739571,0
2708666,7282,-1946,136,417,-415,15,7930,292,176,1059,1024,19369,133,34,79,16,0,0,0,0,0,0,0,-32286,0,0,0,0,0,2739586,0
2708671,7328,-1862,-66,413,-431,-9,8007,338,150,1020,1104,19369,133,34,79,16,0,0,0,0,0,0,0,-32286,0,0,0,0,0,2739591,0
2708676,7056,-1908,-172,327,-519,-54,8090,369,139,976,1088,19367,130,34,79,16,0,0,0,0,0,0,0,-32286,0,0,0,0,0,2739606,0
2708681,7124,-2248,-350,346,-565,-52,8180,398,127,929,1112,19367,130,34,79,16,0,0,0,0,0,0,0,-32285,0,0,0,0,0,2739611,0
2708686,6906,-2272,-276,339,-645,-59,8273,410,114,885,1120,19367,124,34,79,16,0,0,0,0,0,0,0,-32286,0,0,0,0,0,2739626,0
2708691,6872,-2574,-392,273,-671,-20,8362,399,78,837,1040,19367,124,34,79,16,0,0,0,0,0,0,0,-32286,0,0,0,0,0,2739631,0
2708696,6890,-2766,-302,204,-712,38,8448,383,30,783,976,19368,123,34,79,16,0,0,0,0,0,0,0,-32286,0,0,0,0,0,2739646,0
2708701,6744,-2754,-128,140,-724,80,8524,335,-24,744,896,19368,123,34,79,16,0,0,0,0,0,0,0,-32286,0,0,0,0,0,2739651,0
2708706,6824,-2924,-60,117,-714,126,8594,299,-66,688,744,19370,121,34,79,16,0,0,0,0,0,0,0,-32286,0,0,0,0,0,2739666,0
2708711,6804,-3080,-14,113,-680,186,8654,260,-104,644,640,19370,121,34,79,16,0,0,0,0,0,0,0,-32286,0,0,0,0,0,2739671,0
2708716,6928,-3188,58,70,-607,292,8702,207,-123,582,488,19373,118,34,79,16,0,0,0,0,0,0,0,-32286,0,0,0,0,0,2739685,0
2708721,6868,-3194,154,37,-574,362,8739,153,-147,561,288,19373,118,34,79,16,0,0,0,0,0,0,0,-32286,0,0,0,0,0,2739690,0
2708726,6782,-3400,134,-59,-510,472,8752,49,-178,304,-712,19378,112,34,79,16,0,0,0,0,0,0,0,-32286,0,0,0,0,0,2739705,0
2708731,6632,-4462,-120,-415,-367,858,8681,-351,-334,-844,-1712,19378,112,34,79,16,0,0,0,0,0,0,0,-32285,0,0,0,0,0,2739710,0
2708736,6460,-4240,60,-1305,-92,1238,8527,-719,-614,-1357,-2712,19377,115,34,79,16,0,0,0,0,0,0,0,-32285,0,0,0,0,0,2739725,0
2708741,6788,-3866,624,-1070,55,1214,8279,-1136,-957,-1621,-3720,19377,115,34,79,16,0,0,0,0,0,0,0,-32286,0,0,0,0,0,2739730,0
2708746,7448,-3690,1158,-476,111,1097,7927,-1594,-1254,-1707,-4744,19365,174,34,79,16,0,0,0,0,0,0,0,-32287,0,0,0,0,0,2739745,0
2708751,7880,-3944,1326,220,105,1004,7462,-2089,-1459,-1841,-5840,19365,174,34,79,16,0,0,0,0,0,0,0,-32285,0,0,0,0,0,2739750,0
2708756,6252,-2426,-170,434,571,1150,6885,-2586,-1567,-1981,-6976,19334,317,34,79,16,0,0,0,0,0,0,0,-32286,0,0,0,0,0,2739765,0
2708761,5320,-3010,-688,-950,389,1788,6204,-3041,-1652,-2091,-7880,19334,317,34,79,16,0,0,0,0,0,0,0,-32287,0,0,0,0,0,2739770,0
2708766,3838,-5244,-4104,-8014,2070,4280,5470,-3240,-1583,-2308,-8128,19281,552,34,79,16,0,0,0,0,0,0,0,-32287,0,0,0,0,0,2739785,0
2708771,6706,-3042,304,-7290,2020,4151,4699,-3397,-1351,-2404,-8128,19281,552,34,79,16,0,0,0,0,0,0,0,-32286,0,0,0,0,0,2739790,0
2708776,-1394,-15772,5796,-6605,4370,5424,3946,-3294,-931,-2639,-7624,19215,821,34,79,16,0,0,0,0,0,0,0,-32287,0,0,0,0,0,2739805,0
2708781,2058,-18046,4672,-2063,3828,5194,3257,-3004,-373,-2656,-7040,19215,821,34,79,16,0,0,0,0,0,0,0,-32286,0,0,0,0,0,2739810,0
2708786,3886,-14238,4338,1432,3506,4947,2652,-2614,243,-2739,-6072,19162,1022,34,79,16,0,0,0,0,0,0,0,-32286,0,0,0,0,0,2739825,0
2708791,5394,-5568,2522,2035,3191,4492,2144,-2193,769,-2776,-5368,19162,1022,34,79,16,0,0,0,0,0,0,0,-32285,0,0,0,0,0,2739830,0
2708796,7616,692,-2440,170,2939,3727,1724,-1810,1161,-2846,-4544,19148,1083,34,79,16,0,0,0,0,0,0,0,-32287,0,0,0,0,0,2739845,0
2708801,9042,-340,-3240,16,1836,3177,1380,-1483,1312,-2948,-3984,19148,1083,34,79,16,0,0,0,0,0,0,0,-32285,0,0,0,0,0,2739850,0
2708806,9718,-938,-3348,597,857,2608,1107,-1171,1304,-3049,-3256,19172,989,34,79,16,0,0,0,0,0,0,0,-32287,0,0,0,0,0,2739865,0
2708811,9892,-278,-3506,1069,150,2088,903,-859,1213,-3137,-2600,19172,989,34,79,16,0,0,0,0,0,0,0,-32285,0,0,0,0,0,2739870,0
2708816,9976,1400,-2708,957,-519,1312,769,-565,1122,-3208,-1944,19212,817,34,79,16,0,0,0,0,0,0,0,-32285,0,0,0,0,0,2739885,0
2708821,10228,696,-2382,969,-894,980,701,-273,1070,-3263,-1520,19212,817,34,79,16,0,0,0,0,0,0,0,-32284,0,0,0,0,0,2739890,0
2708826,9914,28,-2166,1172,-1299,718,684,-55,1026,-3371,-1232,19255,619,34,79,16,0,0,0,0,0,0,0,-32285,0,0,0,0,0,2739905,0
2708831,10096,-228,-2192,1257,-1569,536,694,53,916,-3458,-1176,19255,619,34,79,16,0,0,0,0,0,0,0,-32285,0,0,0,0,0,2739910,0
2708836,9700,590,-650,634,-1617,360,707,61,700,-3476,-1176,19292,459,34,79,16,0,0,0,0,0,0,0,-32285,0,0,0,0,0,2739925,0
2708841,9904,-604,6,342,-1258,330,721,60,436,-3524,-1216,19292,459,34,79,16,0,0,0,0,0,0,0,-32285,0,0,0,0,0,2739930,0
2708846,9608,-2124,866,299,-954,356,726,26,184,-3544,-1320,19320,344,34,79,16,0,0,0,0,0,0,0,-32285,0,0,0,0,0,2739945,0
2708851,9126,-3188,1890,439,-762,353,726,-4,19,-3586,-1352,19320,344,34,79,16,0,0,0,0,0,0,0,-32284,0,0,0,0,0,2739950,0
2708856,9076,-4008,2712,734,-89,437,727,5,-53,-3646,-1352,19330,311,34,79,16,0,0,0,0,0,0,0,-32285,0,0,0,0,0,2739965,0
2708861,8734,-4228,2814,762,166,500,725,-1,-53,-3669,-1352,19330,311,34,79,16,0,0,0,0,0,0,0,-32285,0,0,0,0,0,2739970,0
2708866,8636,-4286,2692,843,384,581,725,-1,-32,-3688,-1352,19330,318,34,79,16,0,0,0,0,0,0,0,-32285,0,0,0,0,0,2739985,0
2708871,8442,-4282,2424,946,563,657,728,3,-14,-3697,-1368,19330,318,34,79,16,0,0,0,0,0,0,0,-32284,0,0,0,0,0,2739990,0
2708876,8064,-3958,1632,986,828,742,726,1,6,-3702,-1360,19327,335,34,79,16,0,0,0,0,0,0,0,-32285,0,0,0,0,0,2740005,0
2708881,7718,-3884,1234,972,935,786,726,0,2,-3705,-1352,19327,335,34,79,16,0,0,0,0,0,0,0,-32285,0,0,0,0,0,2740010,0
2708886,7576,-3798,866,974,979,816,731,14,-1,-3696,-1344,19327,337,34,79,16,0,0,0,0,0,0,0,-32285,0,0,0,0,0,2740025,0
2708891,7404,-3744,560,990,983,831,731,8,5,-3685,-1328,19327,337,34,79,16,0,0,0,0,0,0,0,-32284,0,0,0,0,0,2740030,0
2708896,7298,-3642,142,1010,897,849,735,19,17,-3674,-1312,19333,337,34,79,16,0,0,0,0,0,0,0,-32284,0,0,0,0,0,2740045,0
2708901,7286,-3492,-6,1028,818,843,740,20,4,-3652,-1296,19333,337,34,79,16,0,0,0,0,0,0,0,-32284,0,0,0,0,0,2740050,0
2708906,7286,-3370,-82,1026,726,821,747,29,15,-3629,-1264,19338,334,34,79,16,0,0,0,0,0,0,0,-32284,0,0,0,0,0,2740065,0
2708911,7306,-3324,-66,1020,619,781,757,53,20,-3621,-1176,19338,334,34,79,16,0,0,0,0,0,0,0,-32284,0,0,0,0,0,2740070,0
2708916,7500,-3050,-168,1166,366,604,782,117,50,-3629,-912,19339,318,34,79,16,0,0,0,0,0,0,0,-32284,0,0,0,0,0,2740085,0
2708921,7562,-3086,-320,1291,197,525,816,188,110,-3604,-776,19339,318,34,79,16,0,0,0,0,0,0,0,-32284,0,0,0,0,0,2740090,0
2708926,7374,-2846,-376,1348,-18,394,879,282,194,-3508,-592,19340,294,34,79,16,0,0,0,0,0,0,0,-32284,0,0,0,0,0,2740105,0
2708931,7698,-2946,-580,1350,-159,299,960,366,261,-3475,-392,19340,294,34,79,16,0,0,0,0,0,0,0,-32285,0,0,0,0,0,2740110,0
2708936,7622,-3162,-712,1481,-548,138,1056,429,283,-3428,-224,19344,247,34,79,16,0,0,0,0,0,0,0,-32286,0,0,0,0,0,2740125,0
2708941,7754,-3184,-738,1587,-781,34,1169,503,276,-3338,-104,19344,247,34,79,16,0,0,0,0,0,0,0,-32286,0,0,0,0,0,2740129,0
2708946,7756,-2892,-700,1702,-949,-78,1303,603,270,-3216,-64,19357,192,34,79,16,0,0,0,0,0,0,0,-32287,0,0,0,0,0,2740144,0
2708951,7976,-2794,-758,1846,-1162,-200,1465,721,296,-3134,-40,19357,192,34,79,16,0,0,0,0,0,0,0,-32286,0,0,0,0,0,2740149,0
2708956,8194,-2626,-846,2030,-1636,-402,1649,811,326,-3097,48,19374,115,34,79,16,0,0,0,0,0,0,0,-32284,0,0,0,0,0,2740164,0
2708961,8254,-2324,-992,2101,-1837,-511,1849,890,338,-3063,120,19374,115,34,79,16,0,0,0,0,0,0,0,-32286,0,0,0,0,0,2740169,0
2708966,8342,-2206,-806,2083,-1999,-569,2062,937,309,-3018,112,19389,44,34,79,16,0,0,0,0,0,0,0,-32287,0,0,0,0,0,2740184,0
2708971,8482,-2016,-564,2013,-2090,-604,2276,944,233,-2985,120,19389,44,34,79,16,0,0,0,0,0,0,0,-32286,0,0,0,0,0,2740189,0
2708976,8816,-2174,106,1921,-2103,-699,2488,928,136,-2930,160,19401,-14,34,79,16,0,0,0,0,0,0,0,-32284,0,0,0,0,0,2740204,0
2708981,9036,-2138,572,1966,-2023,-714,2698,925,51,-2875,128,19401,-14,34,79,16,0,0,0,0,0,0,0,-32286,0,0,0,0,0,2740209,0
2708986,8984,-2142,1016,2045,-1959,-763,2908,924,-5,-2789,160,19408,-51,34,79,16,0,0,0,0,0,0,0,-32287,0,0,0,0,0,2740224,0
2708991,9226,-2058,1268,2103,-1821,-782,3115,918,-24,-2712,136,19408,-51,34,79,16,0,0,0,0,0,0,0,-32285,0,0,0,0,0,2740229,0
2708996,9456,-2142,1592,2065,-1521,-815,3322,901,-19,-2655,136,19408,-57,34,79,16,0,0,0,0,0,0,0,-32285,0,0,0,0,0,2740244,0
2709001,9530,-2232,1776,1978,-1315,-811,3518,856,-36,-2582,96,19408,-57,34,79,16,0,0,0,0,0,0,0,-32287,0,0,0,0,0,2740249,0
2709006,9768,-2306,1792,1967,-1113,-869,3703,810,-78,-2533,64,19405,-42,33,79,16,0,0,0,0,0,0,0,-32286,0,0,0,0,0,2740264,0
2709011,9968,-2736,1726,1980,-846,-890,3880,777,-113,-2438,72,19405,-42,33,79,16,0,0,0,0,0,0,0,-32285,0,0,0,0,0,2740269,0
2709016,10062,-3202,1424,2084,-471,-989,4055,764,-119,-2365,88,19403,-27,33,79,16,0,0,0,0,0,0,0,-32285,0,0,0,0,0,2740284,0
2709021,9944,-3552,1062,2173,-378,-1009,4232,777,-88,-2258,120,19403,-27,33,79,16,0,0,0,0,0,0,0,-32286,0,0,0,0,0,2740289,0
2709026,9480,-3634,776,2184,-405,-1035,4409,782,-37,-2169,96,19399,-14,34,79,16,0,0,0,0,0,0,0,-32287,0,0,0,0,0,2740304,0
2709031,9476,-3676,218,2193,-496,-1068,4588,787,-42,-2096,136,19399,-14,34,79,16,0,0,0,0,0,0,0,-32285,0,0,0,0,0,2740309,0
2709036,8764,-3562,-424,2093,-782,-988,4764,768,-66,-2018,120,19399,-7,34,79,16,0,0,0,0,0,0,0,-32285,0,0,0,0,0,2740324,0
2709041,8718,-3298,-742,2007,-972,-980,4935,748,34,-1949,104,19399,-7,34,79,16,0,0,0,0,0,0,0,-32286,0,0,0,0,0,2740329,0
2709046,8662,-3046,-888,1962,-1133,-970,5102,733,4,-1864,112,19398,-7,34,79,16,0,0,0,0,0,0,0,-32286,0,0,0,0,0,2740344,0
2709051,8538,-2748,-924,1894,-1301,-940,5265,718,26,-1778,112,19398,-7,34,79,16,0,0,0,0,0,0,0,-32286,0,0,0,0,0,2740349,0
2709056,8814,-2088,-546,1801,-1568,-927,5421,695,12,-1698,120,19398,-5,34,79,16,0,0,0,0,0,0,0,-32285,0,0,0,0,0,2740364,0
2709061,8810,-1654,-176,1764,-1614,-927,5579,686,-63,-1611,104,19398,-5,34,79,16,0,0,0,0,0,0,0,-32285,0,0,0,0,0,2740369,0
2709066,8964,-1326,222,1666,-1591,-946,5727,656,-61,-1534,88,19398,-4,34,79,16,0,0,0,0,0,0,0,-32286,0,0,0,0,0,2740384,0
2709071,9252,-1024,618,1508,-1503,-985,5866,606,-73,-1459,80,19398,-4,34,79,16,0,0,0,0,0,0,0,-32286,0,0,0,0,0,2740389,0
2709076,9652,-1302,1452,1156,-1143,-1085,5998,570,-99,-1375,72,19396,-1,34,79,16,0,0,0,0,0,0,0,-32286,0,0,0,0,0,2740404,0
2709081,9832,-1714,1738,993,-915,-1123,6112,495,-130,-1333,32,19396,-1,34,79,16,0,0,0,0,0,0,0,-32285,0,0,0,0,0,2740409,0
2709086,9814,-2144,2060,817,-765,-1150,6208,411,-177,-1279,0,19395,13,34,79,16,0,0,0,0,0,0,0,-32285,0,0,0,0,0,2740424,0
2709091,9846,-2676,2214,668,-568,-1205,6287,342,-226,-1165,-32,19395,13,34,79,16,0,0,0,0,0,0,0,-32286,0,0,0,0,0,2740429,0
2709096,9606,-3948,2486,587,-333,-1262,6356,292,-236,-1056,-32,19390,32,34,79,16,0,0,0,0,0,0,0,-32286,0,0,0,0,0,2740444,0
2709101,9726,-4784,2174,633,-347,-1274,6416,256,-227,-975,-64,19390,32,34,79,16,0,0,0,0,0,0,0,-32286,0,0,0,0,0,2740449,0
2709106,9190,-5336,1988,634,-339,-1231,6455,161,-207,-887,-120,19386,50,34,79,16,0,0,0,0,0,0,0,-32286,0,0,0,0,0,2740464,0
2709111,8580,-5362,1966,488,-359,-1215,6474,68,-221,-808,-168,19386,50,34,79,16,0,0,0,0,0,0,0,-32286,0,0,0,0,0,2740469,0
2709116,8210,-5924,1904,304,-301,-1260,6475,4,-252,-720,-200,19383,64,33,79,16,0,0,0,0,0,0,0,-32286,0,0,0,0,0,2740484,0
2709121,7732,-6218,1874,310,-296,-1289,6472,-20,-254,-660,-192,19383,64,33,79,16,0,0,0,0,0,0,0,-32286,0,0,0,0,0,2740489,0
2709126,7224,-6612,1772,353,-325,-1297,6468,-22,-213,-591,-176,19383,71,33,79,16,0,0,0,0,0,0,0,-32286,0,0,0,0,0,2740504,0
2709131,6748,-6960,1568,369,-384,-1294,6460,-35,-130,-520,-184,19383,71,33,79,16,0,0,0,0,0,0,0,-32286,0,0,0,0,0,2740509,0
2709136,5416,-7500,1310,-309,-346,-1013,6444,-72,-79,-445,-208,19382,76,34,79,16,0,0,0,0,0,0,0,-32286,0,0,0,0,0,2740524,0
2709141,4400,-8020,1296,-665,-455,-935,6419,-120,-80,-378,-224,19382,76,34,79,16,0,0,0,0,0,0,0,-32286,0,0,0,0,0,2740529,0
2709146,3938,-9074,1056,-663,-427,-806,6392,-113,-89,-343,-160,19382,77,34,79,16,0,0,0,0,0,0,0,-32286,0,0,0,0,0,2740544,0
2709151,3258,-9830,1080,30,-730,-865,6368,-105,-71,-290,-144,19382,77,34,79,16,0,0,0,0,0,0,0,-32286,0,0,0,0,0,2740549,0
2709156,2836,-9544,1820,1316,-801,-761,6345,-99,-45,-224,-80,19380,84,34,79,16,0,0,0,0,0,0,0,-32286,0,0,0,0,0,2740564,0
2709161,2954,-9028,1634,1229,-768,-544,6334,-44,13,-176,-40,19380,84,34,79,16,0,0,0,0,0,0,0,-32286,0,0,0,0,0,2740569,0
2709166,2706,-8486,1498,899,-631,-352,6330,-7,68,-112,-16,19380,89,34,79,16,0,0,0,0,0,0,0,-32286,0,0,0,0,0,2740584,0
2709171,2516,-8598,938,731,-590,-159,6330,-4,97,-60,-8,19380,89,34,79,16,0,0,0,0,0,0,0,-32286,0,0,0,0,0,2740589,0
2709176,2808,-8772,1314,768,-399,183,6331,4,91,-15,8,19382,86,34,79,16,0,0,0,0,0,0,0,-32286,0,0,0,0,0,2740604,0
2709181,3512,-8744,1274,1135,-488,277,6331,6,69,29,8,19382,86,34,79,16,0,0,0,0,0,0,0,-32286,0,0,0,0,0,2740609,0
2709186,5350,-6126,2386,3142,-1057,-566,6323,-37,21,84,-32,19380,80,34,79,16,0,0,0,0,0,0,0,-32286,0,0,0,0,0,2740623,0
2709191,7500,-8278,1358,5452,-1685,-822,6282,-196,-82,136,-88,19380,80,34,79,16,0,0,0,0,0,0,0,-32285,0,0,0,0,0,2740628,0
2709196,8360,962,1956,3604,-1996,-649,6210,-330,-207,153,-240,19380,76,34,79,16,0,0,0,0,0,0,0,-32286,0,0,0,0,0,2740643,0
2709201,9768,-342,-744,1604,-1228,-350,6095,-537,-373,214,-664,19380,76,34,79,16,0,0,0,0,0,0,0,-32286,0,0,0,0,0,2740648,0
2709206,9122,-1422,-138,591,-1092,-243,5930,-752,-523,232,-1080,19379,72,34,79,16,0,0,0,0,0,0,0,-32285,0,0,0,0,0,2740663,0
2709211,8440,-3274,454,516,-995,-223,5714,-963,-640,267,-1480,19379,72,34,79,16,0,0,0,0,0,0,0,-32285,0,0,0,0,0,2740668,0
2709216,9156,-2566,368,880,-1304,-108,5448,-1195,-714,325,-1928,19381,68,34,79,16,0,0,0,0,0,0,0,-32286,0,0,0,0,0,2740683,0
2709221,9380,-1416,892,116,-953,79,5132,-1412,-765,362,-2296,19381,68,34,79,16,0,0,0,0,0,0,0,-32286,0,0,0,0,0,2740688,0
2709226,9610,-1356,1240,-771,-533,267,4773,-1595,-762,402,-2640,19383,60,34,79,16,0,0,0,0,0,0,0,-32286,0,0,0,0,0,2740703,0
2709231,9038,-2434,1658,-1180,-301,432,4377,-1754,-721,433,-2864,19383,60,34,79,16,0,0,0,0,0,0,0,-32286,0,0,0,0,0,2740721,0
2709236,8822,-3226,2438,-929,-284,573,3958,-1858,-646,469,-2976,19389,39,34,79,16,0,0,0,0,0,0,0,-32286,0,0,0,0,0,2740726,0
2709241,9128,-2244,2546,-865,-182,588,3527,-1898,-519,527,-2984,19389,39,34,79,16,0,0,0,0,0,0,0,-32286,0,0,0,0,0,2740731,0
2709246,9364,-1646,2608,-1004,28,619,3096,-1893,-365,582,-2944,19394,18,34,79,16,0,0,0,0,0,0,0,-32286,0,0,0,0,0,2740746,0
2709251,9112,-1442,2914,-1305,291,632,2679,-1831,-184,635,-2768,19394,18,34,79,16,0,0,0,0,0,0,0,-32286,0,0,0,0,0,2740751,0
2709256,8942,-1964,2594,-1210,484,489,2284,-1730,4,682,-2504,19399,-4,34,79,16,0,0,0,0,0,0,0,-32286,0,0,0,0,0,2740766,0
2709261,8734,-1962,2366,-965,448,368,1917,-1600,176,729,-2192,19399,-4,34,79,16,0,0,0,0,0,0,0,-32286,0,0,0,0,0,2740771,0
2709266,8748,-1800,2106,-795,435,253,1580,-1464,303,773,-1816,19402,-18,34,79,16,0,0,0,0,0,0,0,-32286,0,0,0,0,0,2740786,0
2709271,8876,-1520,1724,-690,430,117,1276,-1318,397,812,-1456,19402,-18,34,79,16,0,0,0,0,0,0,0,-32286,0,0,0,0,0,2740791,0
2709276,8740,-1256,1028,-636,354,-173,1005,-1175,459,867,-1144,19404,-18,34,79,16,0,0,0,0,0,0,0,-32286,0,0,0,0,0,2740806,0
2709281,8580,-1400,762,-603,295,-284,769,-1019,487,914,-784,19404,-18,34,79,16,0,0,0,0,0,0,0,-32286,0,0,0,0,0,2740811,0
2709286,8268,-1924,806,-567,216,-344,564,-881,503,972,-432,19402,-14,34,79,16,0,0,0,0,0,0,0,-32286,0,0,0,0,0,2740826,0
2709291,7952,-2202,650,-522,129,-405,392,-738,506,1007,-168,19402,-14,34,79,16,0,0,0,0,0,0,0,-32286,0,0,0,0,0,2740831,0
2709296,7910,-2598,432,-145,-155,-557,253,-593,501,1129,-80,19399,2,34,79,16,0,0,0,0,0,0,0,-32286,0,0,0,0,0,2740846,0
2709301,7886,-2302,618,0,-286,-679,152,-429,511,1233,24,19399,2,34,79,16,0,0,0,0,0,0,0,-32286,0,0,0,0,0,2740851,0
2709306,8186,-2420,554,129,-388,-760,83,-283,519,1255,88,19394,24,34,79,16,0,0,0,0,0,0,0,-32288,0,0,0,0,0,2740866,0
2709311,7998,-2406,442,101,-394,-779,36,-198,508,1231,168,19394,24,34,79,16,0,0,0,0,0,0,0,-32287,0,0,0,0,0,2740871,0
2709316,8502,-2366,552,160,-377,-994,7,-135,454,1253,200,19388,47,34,79,16,0,0,0,0,0,0,0,-32287,0,0,0,0,0,2740886,0
2709321,8280,-1812,1090,206,-347,-1116,-13,-88,365,1263,272,19388,47,34,79,16,0,0,0,0,0,0,0,-32287,0,0,0,0,0,2740891,0
2709326,8770,-1938,1212,194,-192,-1188,-25,-51,262,1292,352,19382,67,34,79,16,0,0,0,0,0,0,0,-32287,0,0,0,0,0,2740906,0
2709331,8484,-2062,1244,28,63,-1178,-42,-77,161,1369,288,19382,67,34,79,16,0,0,0,0,0,0,0,-32286,0,0,0,0,0,2740911,0
2709336,7802,-2874,1274,-270,447,-1070,-67,-116,64,1426,232,19377,83,34,79,16,0,0,0,0,0,0,0,-32287,0,0,0,0,0,2740926,0
2709341,7754,-3402,1188,-182,558,-1016,-96,-122,-11,1452,200,19377,83,34,79,16,0,0,0,0,0,0,0,-32286,0,0,0,0,0,2740931,0
2709346,7338,-3688,1070,-139,689,-890,-136,-179,-74,1500,152,19377,95,34,79,16,0,0,0,0,0,0,0,-32287,0,0,0,0,0,2740946,0
2709351,6642,-3214,1096,-207,668,-823,-186,-219,-115,1516,120,19377,95,34,79,16,0,0,0,0,0,0,0,-32286,0,0,0,0,0,2740951,0
2709356,6378,-3450,718,-404,706,-581,-246,-263,-135,1566,72,19378,103,34,79,16,0,0,0,0,0,0,0,-32286,0,0,0,0,0,2740966,0
2709361,6132,-3320,554,-474,743,-508,-321,-323,-153,1591,56,19378,103,34,79,16,0,0,0,0,0,0,0,-32286,0,0,0,0,0,2740971,0
2709366,5786,-3332,396,-515,725,-409,-409,-396,-180,1639,-8,19378,101,34,79,16,0,0,0,0,0,0,0,-32286,0,0,0,0,0,2740986,0
2709371,5538,-3196,328,-633,756,-302,-511,-459,-200,1657,-40,19378,101,34,79,16,0,0,0,0,0,0,0,-32285,0,0,0,0,0,2740991,0
2709376,5476,-3052,396,-791,784,-184,-622,-489,-204,1677,-24,19382,87,34,79,16,0,0,0,0,0,0,0,-32286,0,0,0,0,0,2741006,0
2709381,5280,-3280,496,-840,786,-101,-738,-509,-185,1735,-32,19382,87,34,79,16,0,0,0,0,0,0,0,-32287,0,0,0,0,0,2741011,0
2709386,5086,-3326,392,-870,748,-47,-863,-550,-153,1761,-32,19386,63,34,79,16,0,0,0,0,0,0,0,-32287,0,0,0,0,0,2741026,0
2709391,4980,-3224,370,-920,747,13,-993,-575,-118,1781,-8,19386,63,34,79,16,0,0,0,0,0,0,0,-32286,0,0,0,0,0,2741031,0
2709396,5198,-3040,462,-726,651,21,-1117,-532,-81,1851,0,19389,47,34,79,16,0,0,0,0,0,0,0,-32286,0,0,0,0,0,2741046,0
2709401,5162,-2932,496,-734,621,54,-1233,-513,-30,1906,24,19389,47,34,79,16,0,0,0,0,0,0,0,-32285,0,0,0,0,0,2741051,0
2709406,5190,-2794,542,-770,593,75,-1344,-490,28,1913,40,19390,32,34,79,16,0,0,0,0,0,0,0,-32286,0,0,0,0,0,2741066,0
2709411,5346,-2702,490,-715,560,57,-1441,-410,93,1962,104,19390,32,34,79,16,0,0,0,0,0,0,0,-32286,0,0,0,0,0,2741071,0
2709416,5834,-2476,500,-375,364,-6,-1515,-318,155,2008,184,19389,38,34,79,16,0,0,0,0,0,0,0,-32287,0,0,0,0,0,2741086,0
2709421,6162,-2378,492,-352,300,13,-1574,-255,203,2021,216,19389,38,34,79,16,0,0,0,0,0,0,0,-32287,0,0,0,0,0,2741091,0
2709426,6262,-1942,536,-426,316,12,-1626,-221,237,2026,288,19386,61,33,79,16,0,0,0,0,0,0,0,-32287,0,0,0,0,0,2741106,0
2709431,6518,-1812,492,-508,360,6,-1665,-165,230,2019,416,19386,61,33,79,16,0,0,0,0,0,0,0,-32286,0,0,0,0,0,2741111,0
2709436,6632,-1860,624,-442,392,36,-1695,-123,185,2048,488,19381,86,33,79,16,0,0,0,0,0,0,0,-32286,0,0,0,0,0,2741125,0
2709441,6832,-1866,612,-386,397,23,-1713,-71,166,2044,680,19381,86,33,79,16,0,0,0,0,0,0,0,-32286,0,0,0,0,0,2741130,0
2709446,6846,-1740,590,-338,423,22,-1714,0,176,2057,792,19373,121,33,79,16,0,0,0,0,0,0,0,-32286,0,0,0,0,0,2741145,0
2709451,6870,-1680,526,-386,464,53,-1710,16,189,2121,800,19373,121,33,79,16,0,0,0,0,0,0,0,-32286,0,0,0,0,0,2741150,0
2709456,6714,-1708,390,-679,611,170,-1705,15,156,2166,792,19367,147,33,79,16,0,0,0,0,0,0,0,-32286,0,0,0,0,0,2741165,0
2709461,6594,-1846,414,-768,669,244,-1704,7,98,2187,784,19367,147,33,79,16,0,0,0,0,0,0,0,-32286,0,0,0,0,0,2741170,0
2709466,6428,-1916,590,-814,731,285,-1704,1,35,2200,800,19362,172,34,79,16,0,0,0,0,0,0,0,-32287,0,0,0,0,0,2741185,0
2709471,6344,-2006,520,-813,745,335,-1699,14,-1,2215,832,19362,172,34,79,16,0,0,0,0,0,0,0,-32286,0,0,0,0,0,2741190,0
2709476,6290,-1774,476,-819,754,382,-1695,20,-1,2223,840,19361,181,34,79,16,0,0,0,0,0,0,0,-32286,0,0,0,0,0,2741205,0
2709481,6292,-1620,298,-877,798,410,-1688,33,24,2246,840,19361,181,34,79,16,0,0,0,0,0,0,0,-32287,0,0,0,0,0,2741210,0
2709486,6140,-1544,230,-971,837,441,-1681,28,17,2257,840,19362,189,34,79,16,0,0,0,0,0,0,0,-32286,0,0,0,0,0,2741225,0
2709491,5982,-1486,192,-1061,857,452,-1675,30,22,2270,864,19362,189,34,79,16,0,0,0,0,0,0,0,-32287,0,0,0,0,0,2741230,0
2709496,5940,-1474,120,-1070,830,475,-1668,31,14,2269,912,19361,189,34,79,16,0,0,0,0,0,0,0,-32287,0,0,0,0,0,2741245,0
2709501,5950,-1268,206,-1069,813,441,-1651,70,21,2251,1072,19361,189,34,79,16,0,0,0,0,0,0,0,-32287,0,0,0,0,0,2741250,0
2709506,6122,-1188,228,-1017,785,387,-1618,154,62,2215,1280,19359,194,34,79,16,0,0,0,0,0,0,0,-32287,0,0,0,0,0,2741265,0
2709511,6062,-1350,192,-977,772,395,-1570,211,134,2269,1344,19359,194,34,79,16,0,0,0,0,0,0,0,-32287,0,0,0,0,0,2741270,0
2709516,6206,-1320,68,-934,613,324,-1507,283,187,2271,1600,19353,203,34,79,16,0,0,0,0,0,0,0,-32287,0,0,0,0,0,2741285,0
2709521,6296,-1186,156,-807,461,224,-1422,384,238,2266,1800,19353,203,34,79,16,0,0,0,0,0,0,0,-32287,0,0,0,0,0,2741290,0
2709526,6622,-1190,86,-666,353,169,-1310,503,280,2283,2056,19347,233,34,79,16,0,0,0,0,0,0,0,-32287,0,0,0,0,0,2741305,0
2709531,6716,-974,226,-565,190,84,-1176,599,317,2344,2224,19347,233,34,79,16,0,0,0,0,0,0,0,-32285,0,0,0,0,0,2741310,0
2709536,7310,-674,282,-600,31,-40,-1025,675,343,2342,2400,19340,274,34,79,16,0,0,0,0,0,0,0,-32285,0,0,0,0,0,2741325,0
2709541,7616,-754,384,-579,-27,-125,-853,768,337,2309,2624,19340,274,34,79,16,0,0,0,0,0,0,0,-32287,0,0,0,0,0,2741330,0
2709546,7776,-938,506,-541,-55,-166,-670,806,300,2318,2592,19331,311,34,79,16,0,0,0,0,0,0,0,-32287,0,0,0,0,0,2741345,0
2709551,7824,-890,640,-583,-85,-223,-478,845,252,2292,2736,19331,311,34,79,16,0,0,0,0,0,0,0,-32286,0,0,0,0,0,2741350,0
2709556,8230,-1270,900,-633,-5,-287,-283,859,195,2297,2616,19323,346,33,79,16,0,0,0,0,0,0,0,-32285,0,0,0,0,0,2741365,0
2709561,8236,-1132,1016,-716,39,-334,-92,834,119,2283,2616,19323,346,33,79,16,0,0,0,0,0,0,0,-32286,0,0,0,0,0,2741370,0
2709566,8496,-1398,1076,-769,148,-348,94,812,42,2258,2464,19318,368,33,79,16,0,0,0,0,0,0,0,-32287,0,0,0,0,0,2741385,0
2709571,8364,-1728,1288,-860,262,-327,265,754,-35,2248,2304,19318,368,33,79,16,0,0,0,0,0,0,0,-32286,0,0,0,0,0,2741390,0
2709576,8208,-2148,1370,-978,442,-295,425,694,-105,2217,2192,19317,377,34,79,16,0,0,0,0,0,0,0,-32285,0,0,0,0,0,2741405,0
2709581,8066,-2416,1446,-1005,505,-267,568,620,-165,2221,2040,19317,377,34,79,16,0,0,0,0,0,0,0,-32285,0,0,0,0,0,2741410,0
2709586,7916,-2664,1514,-1075,577,-213,696,550,-198,2183,1848,19320,368,34,79,16,0,0,0,0,0,0,0,-32286,0,0,0,0,0,2741425,0
2709591,7784,-2876,1438,-1119,607,-165,803,462,-230,2139,1624,19320,368,34,79,16,0,0,0,0,0,0,0,-32287,0,0,0,0,0,2741430,0
2709596,7448,-3010,1180,-1182,696,-101,891,381,-260,2105,1472,19328,342,34,79,16,0,0,0,0,0,0,0,-32287,0,0,0,0,0,2741445,0
2709601,7424,-3070,1148,-1123,653,-111,968,328,-270,2086,1416,19328,342,34,79,16,0,0,0,0,0,0,0,-32287,0,0,0,0,0,2741450,0
2709606,7324,-3060,992,-1129,674,-68,1029,258,-253,2079,1176,19337,305,34,79,16,0,0,0,0,0,0,0,-32286,0,0,0,0,0,2741465,0
2709611,7220,-3036,868,-1206,649,-49,1075,191,-234,2065,1016,19337,305,34,79,16,0,0,0,0,0,0,0,-32286,0,0,0,0,0,2741470,0
2709616,7248,-3082,670,-1206,547,-29,1104,115,-235,2006,936,19346,258,34,79,16,0,0,0,0,0,0,0,-32286,0,0,0,0,0,2741485,0
2709621,7432,-3288,658,-1158,495,-18,1122,78,-224,1967,816,19346,258,34,79,16,0,0,0,0,0,0,0,-32285,0,0,0,0,0,2741490,0
2709626,7312,-3326,776,-1192,451,26,1126,2,-224,1970,664,19352,214,34,79,16,0,0,0,0,0,0,0,-32285,0,0,0,0,0,2741505,0
2709631,7364,-3280,838,-1219,368,3,1120,-31,-204,1904,632,19352,214,34,79,16,0,0,0,0,0,0,0,-32285,0,0,0,0,0,2741510,0
2709636,7732,-3372,1098,-898,170,-66,1121,-1,-161,1826,664,19360,176,34,79,16,0,0,0,0,0,0,0,-32285,0,0,0,0,0,2741525,0
2709641,7918,-3196,1242,-769,50,-107,1120,3,-93,1791,624,19360,176,34,79,16,0,0,0,0,0,0,0,-32285,0,0,0,0,0,2741530,0
2709646,8260,-2998,1328,-681,-9,-133,1120,-3,-35,1760,608,19365,157,34,79,16,0,0,0,0,0,0,0,-32286,0,0,0,0,0,2741545,0
2709651,8390,-2710,1462,-661,-24,-160,1117,-10,2,1712,584,19365,157,34,79,16,0,0,0,0,0,0,0,-32285,0,0,0,0,0,2741549,0
2709656,8566,-2346,1750,-642,9,-200,1115,-5,1,1665,560,19368,142,34,79,16,0,0,0,0,0,0,0,-32285,0,0,0,0,0,2741564,0
2709661,8648,-2220,1768,-522,4,-233,1112,-6,-12,1620,544,19368,142,34,79,16,0,0,0,0,0,0,0,-32286,0,0,0,0,0,2741579,0
2709666,8700,-1880,1736,-466,54,-235,1110,-10,-12,1573,528,19369,137,34,79,16,0,0,0,0,0,0,0,-32286,0,0,0,0,0,2741584,0
2709671,8656,-1536,1652,-482,123,-232,1107,-6,0,1523,504,19369,137,34,79,16,0,0,0,0,0,0,0,-32285,0,0,0,0,0,2741589,0
2709676,8510,-1050,1358,-568,274,-191,1106,1,7,1478,504,19369,122,34,79,16,0,0,0,0,0,0,0,-32286,0,0,0,0,0,2741604,0
2709681,8488,-824,1208,-567,262,-190,1105,-3,1,1429,472,19369,122,34,79,16,0,0,0,0,0,0,0,-32286,0,0,0,0,0,2741609,0
2709686,8772,-752,1120,-637,306,-159,1105,-1,5,1382,464,19372,113,34,79,16,0,0,0,0,0,0,0,-32286,0,0,0,0,0,2741624,0
2709691,9134,-864,1170,-782,374,-136,1104,0,7,1330,456,19372,113,34,79,16,0,0,0,0,0,0,0,-32286,0,0,0,0,0,2741629,0
2709696,10244,-2076,1766,-1112,535,-19,1104,2,6,1281,416,19377,113,34,79,16,0,0,0,0,0,0,0,-32286,0,0,0,0,0,2741644,0
2709701,11050,-2706,1888,-1190,537,51,1104,-3,0,1236,400,19377,113,34,79,16,0,0,0,0,0,0,0,-32286,0,0,0,0,0,2741649,0
2709706,11832,-3110,1936,-1304,518,125,1103,0,2,1177,360,19378,106,34,79,16,0,0,0,0,0,0,0,-32285,0,0,0,0,0,2741664,0
2709711,12740,-3568,1762,-1462,509,203,1104,4,0,1134,344,19378,106,34,79,16,0,0,0,0,0,0,0,-32286,0,0,0,0,0,2741669,0
2709716,14000,-4536,1762,-1861,614,366,1104,-4,1,1072,312,19379,98,34,79,16,0,0,0,0,0,0,0,-32286,0,0,0,0,0,2741684,0
2709721,14738,-5008,1786,-1843,673,361,1104,1,0,1024,296,19379,98,34,79,16,0,0,0,0,0,0,0,-32286,0,0,0,0,0,2741689,0
2709726,14842,-5150,2094,-1814,827,363,1103,-6,0,962,272,19377,89,34,79,16,0,0,0,0,0,0,0,-32286,0,0,0,0,0,2741703,0
2709731,14788,-5376,2296,-1879,988,354,1105,5,-1,909,272,19377,89,34,79,16,0,0,0,0,0,0,0,-32286,0,0,0,0,0,2741708,0
2709736,13812,-5884,2442,-2018,1398,300,1105,0,-2,859,248,19379,86,34,79,16,0,0,0,0,0,0,0,-32286,0,0,0,0,0,2741723,0
2709741,13040,-6310,2184,-1993,1488,260,1107,4,11,804,248,19379,86,34,79,16,0,0,0,0,0,0,0,-32286,0,0,0,0,0,2741728,0
2709746,12208,-6694,1836,-1941,1514,211,1110,9,4,746,216,19379,88,34,79,16,0,0,0,0,0,0,0,-32286,0,0,0,0,0,2741743,0
2709751,11366,-7054,1524,-1832,1473,151,1113,11,11,699,200,19379,88,34,79,16,0,0,0,0,0,0,0,-32286,0,0,0,0,0,2741748,0
2709756,9454,-7698,1136,-1524,1320,54,1116,17,12,642,176,19380,91,34,79,16,0,0,0,0,0,0,0,-32286,0,0,0,0,0,2741763,0
2709761,8566,-7792,1070,-1271,1219,11,1118,9,4,589,144,19380,91,34,79,16,0,0,0,0,0,0,0,-32286,0,0,0,0,0,2741768,0
2709766,7698,-7940,1100,-930,1085,-61,1119,4,-5,536,136,19380,85,34,79,16,0,0,0,0,0,0,0,-32286,0,0,0,0,0,2741783,0
2709771,6970,-8180,1124,-302,926,-154,1119,7,-7,481,112,19380,85,34,79,16,0,0,0,0,0,0,0,-32286,0,0,0,0,0,2741788,0
2709776,5706,-6394,1378,162,880,-196,1118,-1,-11,427,88,19381,77,33,79,16,0,0,0,0,0,0,0,-32286,0,0,0,0,0,2741803,0
2709781,4640,-5816,1102,297,923,-182,1119,-1,-11,377,72,19381,77,33,79,16,0,0,0,0,0,0,0,-32286,0,0,0,0,0,2741808,0
2709786,4222,-5362,90,223,628,-160,1119,0,-7,325,56,19381,80,33,79,16,0,0,0,0,0,0,0,-32286,0,0,0,0,0,2741823,0
2709791,4058,-4530,-256,8,674,-85,1118,-4,0,268,40,19381,80,33,79,16,0,0,0,0,0,0,0,-32286,0,0,0,0,0,2741828,0
2709796,3380,-3762,-694,-89,401,-119,1117,-7,-4,216,32,19382,82,34,79,16,0,0,0,0,0,0,0,-32286,0,0,0,0,0,2741843,0
2709801,3024,-3518,-756,193,150,-154,1118,-2,-4,163,24,19382,82,34,79,16,0,0,0,0,0,0,0,-32286,0,0,0,0,0,2741848,0
2709806,3076,-3086,-812,420,-107,-183,1117,1,2,112,8,19380,82,34,79,16,0,0,0,0,0,0,0,-32286,0,0,0,0,0,2741863,0
2709811,3256,-2318,-748,454,-231,-184,1115,-6,-1,63,0,19380,82,34,79,16,0,0,0,0,0,0,0,-32286,0,0,0,0,0,2741868,0
2709816,2560,-812,-208,-527,150,111,1117,6,-2,14,-8,19379,76,34,79,16,0,0,0,0,0,0,0,-32286,0,0,0,0,0,2741887,0
2709821,3166,-1234,-258,-1075,233,206,1117,3,-2,-33,-16,19379,76,34,79,16,0,0,0,0,0,0,0,-32286,0,0,0,0,0,2741892,0
2709826,2760,-1672,-42,-1352,511,317,1116,0,6,-85,-32,19377,75,34,79,16,0,0,0,0,0,0,0,-32286,0,0,0,0,0,2741902,0
2709831,2406,-1924,30,-1221,474,285,1117,3,2,-131,-48,19377,75,34,79,16,0,0,0,0,0,0,0,-32286,0,0,0,0,0,2741907,0
2709836,2698,-2414,-296,-364,262,179,1118,1,3,-181,-64,19377,76,34,79,16,0,0,0,0,0,0,0,-32286,0,0,0,0,0,2741922,0
2709841,2812,-2386,-526,-284,149,215,1116,-5,-1,-234,-80,19377,76,34,79,16,0,0,0,0,0,0,0,-32286,0,0,0,0,0,2741927,0
2709846,2866,-2588,-748,-667,104,396,1118,0,-2,-288,-88,19378,80,34,79,16,0,0,0,0,0,0,0,-32286,0,0,0,0,0,2741942,0
2709851,2988,-3464,-578,-1483,178,733,1121,14,3,-343,-96,19378,80,34,79,16,0,0,0,0,0,0,0,-32286,0,0,0,0,0,2741947,0
2709856,4122,-4718,772,-1800,388,869,1124,12,10,-397,-128,19379,76,34,79,16,0,0,0,0,0,0,0,-32286,0,0,0,0,0,2741962,0
2709861,4602,-5476,1058,-1345,446,926,1124,5,7,-450,-144,19379,76,34,79,16,0,0,0,0,0,0,0,-32286,0,0,0,0,0,2741967,0
2709866,4684,-5668,1370,-1133,381,1005,1125,3,-1,-510,-168,19379,77,34,79,16,0,0,0,0,0,0,0,-32286,0,0,0,0,0,2741986,0
2709871,5300,-5922,1170,-1096,325,1067,1124,-3,-8,-565,-200,19379,77,34,79,16,0,0,0,0,0,0,0,-32286,0,0,0,0,0,2741991,0
2709876,6148,-6234,788,-993,190,1157,1124,-1,-11,-624,-216,19381,70,34,79,16,0,0,0,0,0,0,0,-32286,0,0,0,0,0,2742002,0
2709881,6586,-6280,382,-924,19,1160,1123,-1,-12,-682,-232,19381,70,34,79,16,0,0,0,0,0,0,0,-32286,0,0,0,0,0,2742007,0
2709886,6766,-6106,-38,-835,-175,1122,1123,0,-1,-737,-248,19380,70,34,79,16,0,0,0,0,0,0,0,-32286,0,0,0,0,0,2742022,0
2709891,7058,-6006,-570,-753,-365,1085,1123,-2,-2,-797,-288,19380,70,34,79,16,0,0,0,0,0,0,0,-32286,0,0,0,0,0,2742027,0
2709896,7434,-5482,-920,-743,-575,1011,1122,-9,1,-857,-320,19380,77,34,79,16,0,0,0,0,0,0,0,-32286,0,0,0,0,0,2742042,0
2709901,7314,-5332,-398,-861,-454,1009,1122,-3,-2,-916,-320,19380,77,34,79,16,0,0,0,0,0,0,0,-32286,0,0,0,0,0,2742047,0
2709906,7232,-5542,-702,-846,-585,923,1121,0,-1,-983,-352,19379,83,34,79,16,0,0,0,0,0,0,0,-32286,0,0,0,0,0,2742062,0
2709911,7418,-5608,-812,-636,-632,832,1121,-1,-1,-1034,-400,19379,83,34,79,16,0,0,0,0,0,0,0,-32286,0,0,0,0,0,2742067,0
2709916,7376,-4556,-598,-344,-651,608,1120,0,0,-1097,-432,19378,97,34,79,16,0,0,0,0,0,0,0,-32286,0,0,0,0,0,2742082,0
2709921,7368,-4230,-476,-446,-600,512,1117,-9,4,-1161,-456,19378,97,34,79,16,0,0,0,0,0,0,0,-32286,0,0,0,0,0,2742087,0
2709926,7268,-4254,-398,-543,-556,421,1118,2,-2,-1224,-488,19377,104,34,79,16,0,0,0,0,0,0,0,-32287,0,0,0,0,0,2742102,0
2709931,7166,-4534,-196,-545,-560,344,1117,-2,-2,-1291,-512,19377,104,34,79,16,0,0,0,0,0,0,0,-32286,0,0,0,0,0,2742107,0
2709936,6868,-5012,178,-381,-579,184,1116,2,4,-1349,-504,19377,105,34,79,16,0,0,0,0,0,0,0,-32286,0,0,0,0,0,2742122,0
2709941,6738,-5050,332,-294,-575,162,1116,4,1,-1386,-512,19377,105,34,79,16,0,0,0,0,0,0,0,-32286,0,0,0,0,0,2742127,0
2709946,6528,-5100,464,-250,-573,125,1115,0,0,-1386,-504,19376,110,34,79,16,0,0,0,0,0,0,0,-32287,0,0,0,0,0,2742141,0
2709951,6558,-5040,478,-195,-579,135,1117,3,10,-1385,-496,19376,110,34,79,16,0,0,0,0,0,0,0,-32287,0,0,0,0,0,2742146,0
2709956,6504,-5040,622,-63,-549,158,1118,3,7,-1389,-512,19374,110,33,79,16,0,0,0,0,0,0,0,-32286,0,0,0,0,0,2742161,0
2709961,6624,-5040,574,23,-502,200,1118,2,5,-1386,-504,19374,110,33,79,16,0,0,0,0,0,0,0,-32287,0,0,0,0,0,2742166,0
2709966,6550,-4872,652,87,-487,245,1119,1,-3,-1391,-504,19372,107,34,79,16,0,0,0,0,0,0,0,-32287,0,0,0,0,0,2742181,0
2709971,6618,-4672,604,151,-456,290,1122,7,5,-1387,-496,19372,107,34,79,16,0,0,0,0,0,0,0,-32286,0,0,0,0,0,2742186,0
2709976,6608,-4168,682,223,-390,359,1123,7,2,-1392,-480,19373,104,34,79,16,0,0,0,0,0,0,0,-32286,0,0,0,0,0,2742205,0
2709981,6690,-4038,686,219,-355,387,1126,5,3,-1390,-480,19373,104,34,79,16,0,0,0,0,0,0,0,-32286,0,0,0,0,0,2742210,0
2709986,6730,-3890,728,223,-320,425,1129,22,8,-1388,-456,19375,99,34,79,16,0,0,0,0,0,0,0,-32287,0,0,0,0,0,2742221,0
2709991,6788,-3790,732,280,-283,433,1135,29,12,-1389,-432,19375,99,34,79,16,0,0,0,0,0,0,0,-32287,0,0,0,0,0,2742226,0
2709996,6978,-3334,590,370,-224,480,1143,39,22,-1405,-360,19376,106,34,79,16,0,0,0,0,0,0,0,-32287,0,0,0,0,0,2742241,0
2710001,6932,-3178,658,356,-278,437,1156,69,36,-1423,-248,19376,106,34,79,16,0,0,0,0,0,0,0,-32286,0,0,0,0,0,2742246,0
2710006,7400,-3118,334,468,-314,389,1187,146,88,-1438,-152,19376,105,34,79,16,0,0,0,0,0,0,0,-32287,0,0,0,0,0,2742261,0
2710011,7276,-2970,98,604,-397,371,1231,201,137,-1399,-96,19376,105,34,79,16,0,0,0,0,0,0,0,-32286,0,0,0,0,0,2742266,0
2710016,7766,-2326,-362,730,-715,154,1296,293,202,-1373,-64,19376,106,34,79,16,0,0,0,0,0,0,0,-32286,0,0,0,0,0,2742281,0
2710021,7460,-1924,-410,766,-899,47,1384,397,259,-1346,-32,19376,106,34,79,16,0,0,0,0,0,0,0,-32286,0,0,0,0,0,2742286,0
2710026,7472,-1950,-592,784,-1063,-33,1491,485,296,-1326,8,19378,86,34,79,16,0,0,0,0,0,0,0,-32286,0,0,0,0,0,2742300,0
2710031,7404,-1936,-676,757,-1214,-121,1610,531,238,-1319,56,19378,86,34,79,16,0,0,0,0,0,0,0,-32285,0,0,0,0,0,2742310,0
2710036,7198,-2092,-606,669,-1404,-250,1742,576,212,-1328,104,19380,64,34,79,16,0,0,0,0,0,0,0,-32286,0,0,0,0,0,2742320,0
2710041,7124,-2538,-542,631,-1468,-266,1885,630,236,-1346,96,19380,64,34,79,16,0,0,0,0,0,0,0,-32286,0,0,0,0,0,2742325,0
2710046,6940,-3000,-492,606,-1523,-242,2027,629,185,-1366,72,19387,35,34,79,16,0,0,0,0,0,0,0,-32287,0,0,0,0,0,2742340,0
2710051,6864,-3154,-334,574,-1550,-209,2161,588,146,-1399,64,19387,35,34,79,16,0,0,0,0,0,0,0,-32286,0,0,0,0,0,2742345,0
2710056,6754,-3436,108,477,-1467,-102,2287,542,62,-1437,64,19390,28,34,79,16,0,0,0,0,0,0,0,-32286,0,0,0,0,0,2742360,0
2710061,6766,-3652,258,420,-1377,-22,2400,491,-67,-1449,16,19390,28,34,79,16,0,0,0,0,0,0,0,-32285,0,0,0,0,0,2742365,0
2710066,6774,-3728,544,344,-1271,42,2497,425,-141,-1457,-16,19392,25,33,79,16,0,0,0,0,0,0,0,-32286,0,0,0,0,0,2742380,0
2710071,6896,-3972,622,310,-1162,123,2581,361,-188,-1432,-16,19392,25,33,79,16,0,0,0,0,0,0,0,-32286,0,0,0,0,0,2742385,0
2710076,6938,-4064,916,367,-924,234,2655,324,-199,-1410,-56,19389,34,34,79,16,0,0,0,0,0,0,0,-32287,0,0,0,0,0,2742400,0
2710081,6958,-4162,894,431,-824,270,2724,292,-186,-1401,-80,19389,34,34,79,16,0,0,0,0,0,0,0,-32287,0,0,0,0,0,2742405,0
2710086,7102,-4166,836,530,-754,317,2786,280,-152,-1399,-120,19385,56,34,79,16,0,0,0,0,0,0,0,-32287,0,0,0,0,0,2742420,0
2710091,7004,-4172,796,551,-671,393,2835,210,-130,-1399,-144,19385,56,34,79,16,0,0,0,0,0,0,0,-32287,0,0,0,0,0,2742425,0
2710096,7310,-3924,652,495,-431,472,2876,180,-125,-1389,-200,19383,74,34,79,16,0,0,0,0,0,0,0,-32287,0,0,0,0,0,2742440,0
2710101,7044,-3586,784,495,-386,472,2912,160,-130,-1382,-208,19383,74,34,79,16,0,0,0,0,0,0,0,-32286,0,0,0,0,0,2742445,0
2710106,7254,-4036,578,499,-274,547,2941,122,-120,-1377,-264,19382,89,34,79,16,0,0,0,0,0,0,0,-32286,0,0,0,0,0,2742460,0
2710111,7116,-3616,598,479,-259,549,2964,102,-120,-1390,-232,19382,89,34,79,16,0,0,0,0,0,0,0,-32286,0,0,0,0,0,2742465,0
2710116,7396,-3598,556,527,-106,578,2989,109,-84,-1390,-264,19381,98,34,79,16,0,0,0,0,0,0,0,-32285,0,0,0,0,0,2742480,0
2710121,7612,-3584,-316,581,-362,579,3010,89,-61,-1373,-288,19381,98,34,79,16,0,0,0,0,0,0,0,-32286,0,0,0,0,0,2742484,0
2710126,7300,-3046,10,522,-148,538,3037,124,-36,-1400,-208,19380,103,34,79,16,0,0,0,0,0,0,0,-32286,0,0,0,0,0,2742503,0
2710131,6978,-3624,148,705,-127,537,3072,153,15,-1404,-160,19380,103,34,79,16,0,0,0,0,0,0,0,-32286,0,0,0,0,0,2742508,0
2710136,7370,-3016,-52,900,-324,444,3116,201,55,-1403,-120,19378,96,34,79,16,0,0,0,0,0,0,0,-32285,0,0,0,0,0,2742519,0
2710141,7508,-2688,-228,903,-313,389,3169,238,101,-1389,-88,19378,96,34,79,16,0,0,0,0,0,0,0,-32285,0,0,0,0,0,2742524,0
2710146,7562,-2752,-256,952,-358,332,3236,288,137,-1377,-64,19377,95,34,79,16,0,0,0,0,0,0,0,-32286,0,0,0,0,0,2742539,0
2710151,7438,-2724,-298,950,-413,294,3305,311,142,-1376,-64,19377,95,34,79,16,0,0,0,0,0,0,0,-32285,0,0,0,0,0,2742544,0
2710156,7354,-2672,-328,883,-519,228,3376,314,124,-1389,-64,19378,83,34,79,16,0,0,0,0,0,0,0,-32286,0,0,0,0,0,2742559,0
2710161,7308,-2660,-210,834,-530,212,3448,312,82,-1385,-64,19378,83,34,79,16,0,0,0,0,0,0,0,-32286,0,0,0,0,0,2742564,0
2710166,7306,-2594,-96,791,-549,175,3521,325,45,-1390,-56,19384,71,34,79,16,0,0,0,0,0,0,0,-32287,0,0,0,0,0,2742579,0
2710171,7492,-2758,12,830,-550,138,3603,365,38,-1376,-24,19384,71,34,79,16,0,0,0,0,0,0,0,-32286,0,0,0,0,0,2742584,0
2710176,7508,-2932,118,1027,-612,74,3696,421,59,-1369,-24,19391,66,34,79,16,0,0,0,0,0,0,0,-32287,0,0,0,0,0,2742599,0
2710181,7384,-2806,144,1068,-614,70,3793,433,95,-1369,0,19391,66,34,79,16,0,0,0,0,0,0,0,-32286,0,0,0,0,0,2742604,0
2710186,7510,-2674,142,1114,-627,50,3896,454,113,-1376,-16,19391,51,34,79,16,0,0,0,0,0,0,0,-32285,0,0,0,0,0,2742619,0
2710191,7388,-2490,220,1097,-593,1,4006,486,108,-1366,48,19391,51,34,79,16,0,0,0,0,0,0,0,-32286,0,0,0,0,0,2742624,0
2710196,7348,-2640,170,1166,-506,24,4122,507,100,-1479,16,19390,48,34,79,16,0,0,0,0,0,0,0,-32286,0,0,0,0,0,2742639,0
2710201,7298,-2718,210,1041,-463,84,4230,471,66,-1647,-32,19390,48,34,79,16,0,0,0,0,0,0,0,-32286,0,0,0,0,0,2742644,0
2710206,7492,-2806,152,877,-294,167,4317,375,-4,-1804,-136,19388,35,34,79,16,0,0,0,0,0,0,0,-32286,0,0,0,0,0,2742659,0
2710211,7338,-2898,258,667,-84,293,4378,258,-121,-1875,-296,19388,35,34,79,16,0,0,0,0,0,0,0,-32287,0,0,0,0,0,2742664,0
2710216,7172,-3504,596,402,277,489,4418,166,-247,-1967,-472,19385,48,34,79,16,0,0,0,0,0,0,0,-32287,0,0,0,0,0,2742679,0
2710221,6992,-3950,680,385,480,618,4440,84,-319,-2012,-744,19385,48,34,79,16,0,0,0,0,0,0,0,-32287,0,0,0,0,0,2742684,0
2710226,6802,-3978,750,404,540,696,4443,6,-334,-2121,-888,19380,84,34,79,16,0,0,0,0,0,0,0,-32287,0,0,0,0,0,2742699,0
2710231,6956,-4024,660,441,674,771,4433,-37,-303,-2260,-984,19380,84,34,79,16,0,0,0,0,0,0,0,-32286,0,0,0,0,0,2742719,0
2710236,6974,-3794,448,585,821,844,4421,-51,-239,-2394,-1016,19370,132,34,79,16,0,0,0,0,0,0,0,-32287,0,0,0,0,0,2742722,0
2710241,7134,-3690,302,697,833,821,4413,-24,-157,-2516,-992,19370,132,34,79,16,0,0,0,0,0,0,0,-32286,0,0,0,0,0,2742727,0
2710246,7200,-3566,140,804,798,802,4410,-7,-61,-2627,-968,19359,177,34,79,16,0,0,0,0,0,0,0,-32287,0,0,0,0,0,2742746,0
2710251,7172,-3512,-86,850,802,799,4412,0,12,-2689,-1016,19359,177,34,79,16,0,0,0,0,0,0,0,-32286,0,0,0,0,0,2742751,0
2710256,7546,-3366,-370,842,758,745,4413,-1,45,-2776,-1056,19349,207,33,79,16,0,0,0,0,0,0,0,-32286,0,0,0,0,0,2742762,0
2710261,7602,-3316,-284,834,721,698,4411,-3,41,-2880,-1088,19349,207,33,79,16,0,0,0,0,0,0,0,-32287,0,0,0,0,0,2742767,0
2710266,7708,-3452,-196,825,655,674,4412,0,12,-2966,-1104,19345,231,33,79,16,0,0,0,0,0,0,0,-32287,0,0,0,0,0,2742782,0
2710271,7782,-3550,-146,845,611,656,4409,-7,-7,-3052,-1128,19345,231,33,79,16,0,0,0,0,0,0,0,-32287,0,0,0,0,0,2742787,0
2710276,8046,-3706,-20,1029,499,594,4411,5,-1,-3124,-1168,19343,244,34,79,16,0,0,0,0,0,0,0,-32287,0,0,0,0,0,2742802,0
2710281,8152,-3532,14,1077,473,568,4409,5,2,-3202,-1184,19343,244,34,79,16,0,0,0,0,0,0,0,-32287,0,0,0,0,0,2742807,0
2710286,8244,-3440,12,1085,457,547,4409,-4,2,-3273,-1216,19341,263,34,79,16,0,0,0,0,0,0,0,-32287,0,0,0,0,0,2742822,0
2710291,8370,-3402,-52,1108,463,532,4410,0,-3,-3339,-1224,19341,263,34,79,16,0,0,0,0,0,0,0,-32287,0,0,0,0,0,2742827,0
2710296,8254,-3276,-12,1162,388,479,4409,-2,2,-3395,-1264,19338,272,34,79,16,0,0,0,0,0,0,0,-32287,0,0,0,0,0,2742842,0
2710301,8318,-3168,-56,1207,390,471,4408,-1,-2,-3446,-1296,19338,272,34,79,16,0,0,0,0,0,0,0,-32287,0,0,0,0,0,2742847,0
2710306,8208,-2990,-34,1204,340,457,4407,-6,-4,-3505,-1312,19331,295,34,79,16,0,0,0,0,0,0,0,-32287,0,0,0,0,0,2742861,0
2710311,8352,-2908,-180,1214,350,452,4408,1,-1,-3553,-1304,19331,295,34,79,16,0,0,0,0,0,0,0,-32288,0,0,0,0,0,2742866,0
2710316,8242,-2630,-92,1233,286,424,4408,0,1,-3593,-1328,19328,309,34,79,16,0,0,0,0,0,0,0,-32287,0,0,0,0,0,2742881,0
2710321,8354,-2428,-66,1250,279,410,4408,8,2,-3627,-1320,19328,309,34,79,16,0,0,0,0,0,0,0,-32287,0,0,0,0,0,2742886,0
2710326,8348,-2320,-32,1235,255,400,4410,7,0,-3649,-1344,19328,324,34,79,16,0,0,0,0,0,0,0,-32287,0,0,0,0,0,2742901,0
2710331,8406,-2310,-8,1212,213,400,4409,5,-2,-3676,-1352,19328,324,34,79,16,0,0,0,0,0,0,0,-32287,0,0,0,0,0,2742906,0
2710336,8522,-1982,-8,1242,234,376,4409,0,-2,-3691,-1344,19327,332,34,79,16,0,0,0,0,0,0,0,-32287,0,0,0,0,0,2742921,0
2710341,8504,-1974,-90,1201,203,367,4409,10,-4,-3700,-1344,19327,332,34,79,16,0,0,0,0,0,0,0,-32287,0,0,0,0,0,2742926,0
2710346,8688,-2074,90,1172,144,339,4410,3,-4,-3701,-1352,19327,342,34,79,16,0,0,0,0,0,0,0,-32287,0,0,0,0,0,2742941,0
2710351,8906,-2200,362,1185,176,310,4410,2,2,-3699,-1344,19327,342,34,79,16,0,0,0,0,0,0,0,-32287,0,0,0,0,0,2742946,0
2710356,9476,-2756,524,1266,262,230,4411,7,1,-3691,-1352,19325,342,34,79,16,0,0,0,0,0,0,0,-32287,0,0,0,0,0,2742961,0
2710361,9554,-2928,508,1312,339,174,4414,3,1,-3681,-1336,19325,342,34,79,16,0,0,0,0,0,0,0,-32287,0,0,0,0,0,2742966,0
2710366,9764,-3302,440,1363,415,122,4415,13,3,-3666,-1312,19324,329,34,79,16,0,0,0,0,0,0,0,-32287,0,0,0,0,0,2742981,0
2710371,9684,-3622,366,1380,464,68,4417,11,4,-3652,-1304,19324,329,34,79,16,0,0,0,0,0,0,0,-32287,0,0,0,0,0,2742986,0
2710376,9528,-4410,72,1430,402,-7,4417,4,2,-3628,-1272,19324,318,33,79,16,0,0,0,0,0,0,0,-32287,0,0,0,0,0,2743001,0
2710381,9286,-4624,-102,1435,266,-59,4421,15,-3,-3605,-1264,19324,318,33,79,16,0,0,0,0,0,0,0,-32286,0,0,0,0,0,2743006,0
2710386,9206,-4834,-388,1439,87,-87,4423,12,7,-3568,-1256,19327,314,34,79,16,0,0,0,0,0,0,0,-32287,0,0,0,0,0,2743021,0
2710391,8912,-4786,-568,1429,-103,-92,4425,11,2,-3533,-1256,19327,314,34,79,16,0,0,0,0,0,0,0,-32287,0,0,0,0,0,2743026,0
2710396,8614,-4504,-760,1316,-618,-99,4428,15,0,-3504,-1232,19330,319,34,79,16,0,0,0,0,0,0,0,-32287,0,0,0,0,0,2743041,0
2710401,8544,-4108,-836,1252,-893,-103,4430,11,0,-3469,-1224,19330,319,34,79,16,0,0,0,0,0,0,0,-32287,0,0,0,0,0,2743046,0
2710406,8362,-3588,-676,1198,-1176,-131,4432,16,-2,-3418,-1216,19332,313,34,79,16,0,0,0,0,0,0,0,-32287,0,0,0,0,0,2743061,0
2710411,8366,-3054,-524,1136,-1420,-159,4436,14,-1,-3377,-1208,19332,313,34,79,16,0,0,0,0,0,0,0,-32287,0,0,0,0,0,2743066,0
2710416,8486,-2030,36,1016,-1727,-274,4441,17,5,-3339,-1184,19333,304,34,79,16,0,0,0,0,0,0,0,-32287,0,0,0,0,0,2743081,0
2710421,8584,-1628,362,993,-1765,-361,4446,22,8,-3291,-1136,19333,304,34,79,16,0,0,0,0,0,0,0,-32286,0,0,0,0,0,2743086,0
2710426,8664,-1344,706,999,-1743,-467,4454,36,14,-3235,-1104,19333,294,34,79,16,0,0,0,0,0,0,0,-32287,0,0,0,0,0,2743101,0
2710431,8876,-1208,938,1012,-1679,-582,4467,52,21,-3185,-1080,19333,294,34,79,16,0,0,0,0,0,0,0,-32286,0,0,0,0,0,2743106,0
2710436,9238,-1598,1304,928,-1386,-757,4474,37,25,-3111,-1128,19338,278,34,79,16,0,0,0,0,0,0,0,-32286,0,0,0,0,0,2743121,0
2710441,9300,-1922,1470,846,-1215,-829,4475,-3,6,-3036,-1184,19338,278,34,79,16,0,0,0,0,0,0,0,-32286,0,0,0,0,0,2743126,0
2710446,9492,-2316,1518,827,-1061,-924,4472,-14,-39,-2992,-1144,19341,264,34,79,16,0,0,0,0,0,0,0,-32286,0,0,0,0,0,2743145,0
2710451,9610,-3056,1458,878,-911,-1001,4470,-5,-55,-2954,-1096,19341,264,34,79,16,0,0,0,0,0,0,0,-32286,0,0,0,0,0,2743150,0
2710456,9406,-4238,1066,993,-889,-1119,4469,-3,-44,-2885,-1096,19342,260,34,79,16,0,0,0,0,0,0,0,-32286,0,0,0,0,0,2743161,0
2710461,8974,-4496,972,1007,-964,-1172,4464,-15,-22,-2805,-1080,19342,260,34,79,16,0,0,0,0,0,0,0,-32286,0,0,0,0,0,2743166,0
2710466,8746,-4856,808,986,-1046,-1225,4459,-30,-7,-2738,-1072,19341,248,34,79,16,0,0,0,0,0,0,0,-32286,0,0,0,0,0,2743181,0
2710471,8434,-5316,666,997,-1135,-1245,4448,-52,-24,-2659,-1120,19341,248,34,79,16,0,0,0,0,0,0,0,-32286,0,0,0,0,0,2743186,0
2710476,7622,-6212,686,947,-1319,-1207,4426,-104,-51,-2567,-1232,19343,239,34,79,16,0,0,0,0,0,0,0,-32286,0,0,0,0,0,2743201,0
2710481,7232,-6252,822,840,-1342,-1176,4382,-196,-115,-2478,-1408,19343,239,34,79,16,0,0,0,0,0,0,0,-32286,0,0,0,0,0,2743206,0
2710486,6812,-6770,894,717,-1311,-1085,4320,-299,-183,-2389,-1672,19346,230,34,79,16,0,0,0,0,0,0,0,-32287,0,0,0,0,0,2743221,0
2710491,5886,-7026,1216,504,-1245,-992,4223,-441,-277,-2342,-1968,19346,230,34,79,16,0,0,0,0,0,0,0,-32287,0,0,0,0,0,2743226,0
2710496,5080,-7794,1640,317,-1005,-800,4097,-573,-359,-2282,-2304,19344,244,34,79,16,0,0,0,0,0,0,0,-32286,0,0,0,0,0,2743241,0
2710501,4132,-8064,2160,294,-913,-698,3938,-713,-430,-2232,-2504,19344,244,34,79,16,0,0,0,0,0,0,0,-32285,0,0,0,0,0,2743246,0
2710506,3782,-8502,2378,316,-771,-584,3749,-847,-469,-2177,-2712,19337,279,34,79,16,0,0,0,0,0,0,0,-32285,0,0,0,0,0,2743261,0
2710511,3528,-8804,2420,447,-577,-455,3531,-962,-475,-2064,-2904,19337,279,34,79,16,0,0,0,0,0,0,0,-32286,0,0,0,0,0,2743266,0
2710516,2974,-9062,2430,883,-399,-226,3289,-1067,-455,-2012,-3192,19327,319,34,79,16,0,0,0,0,0,0,0,-32287,0,0,0,0,0,2743281,0
2710521,2752,-9010,2300,1040,-317,-81,3025,-1169,-425,-1940,-3304,19327,319,34,79,16,0,0,0,0,0,0,0,-32285,0,0,0,0,0,2743286,0
2710526,2950,-8524,2046,1214,-306,3,2745,-1242,-374,-1854,-3392,19318,359,34,79,16,0,0,0,0,0,0,0,-32286,0,0,0,0,0,2743301,0
2710531,3148,-8300,1602,1352,-246,126,2450,-1296,-323,-1774,-3544,19318,359,34,79,16,0,0,0,0,0,0,0,-32287,0,0,0,0,0,2743306,0
2710536,3772,-7240,1034,1653,-432,257,2143,-1357,-276,-1698,-3664,19315,388,33,79,16,0,0,0,0,0,0,0,-32286,0,0,0,0,0,2743321,0
2710541,4362,-7042,638,1814,-557,349,1824,-1412,-235,-1599,-3696,19315,388,33,79,16,0,0,0,0,0,0,0,-32287,0,0,0,0,0,2743326,0
2710546,4636,-5930,348,1806,-677,380,1497,-1449,-198,-1550,-3752,19314,390,34,79,16,0,0,0,0,0,0,0,-32285,0,0,0,0,0,2743341,0
2710551,5524,-5296,118,1753,-750,417,1159,-1493,-174,-1465,-3792,19314,390,34,79,16,0,0,0,0,0,0,0,-32286,0,0,0,0,0,2743345,0
2710556,6658,-3954,-6,1587,-950,427,811,-1535,-160,-1400,-3752,19316,389,34,79,16,0,0,0,0,0,0,0,-32286,0,0,0,0,0,2743360,0
2710561,7444,-3652,-96,1496,-1053,421,459,-1560,-149,-1311,-3808,19316,389,34,79,16,0,0,0,0,0,0,0,-32286,0,0,0,0,0,2743365,0
2710566,7882,-2896,-34,1321,-1110,416,101,-1577,-129,-1231,-3808,19319,371,34,79,16,0,0,0,0,0,0,0,-32287,0,0,0,0,0,2743380,0
2710571,8678,-2352,66,1126,-1174,397,-257,-1573,-93,-1157,-3704,19319,371,34,79,16,0,0,0,0,0,0,0,-32286,0,0,0,0,0,2743386,0
2710576,9610,-1368,546,735,-1261,291,-611,-1551,-55,-1075,-3616,19325,348,34,79,16,0,0,0,0,0,0,0,-32286,0,0,0,0,0,2743401,0
2710581,10080,-1168,670,543,-1286,253,-958,-1525,0,-1006,-3544,19325,348,34,79,16,0,0,0,0,0,0,0,-32286,0,0,0,0,0,2743405,0
2710586,10324,-634,922,400,-1289,164,-1290,-1463,58,-934,-3336,19332,314,34,79,16,0,0,0,0,0,0,0,-32286,0,0,0,0,0,2743420,0
2710591,10736,-382,1150,244,-1191,60,-1608,-1389,127,-872,-3184,19332,314,34,79,16,0,0,0,0,0,0,0,-32286,0,0,0,0,0,2743425,0
2710596,10962,-50,1706,-3,-1023,-155,-1909,-1318,183,-793,-2944,19338,283,34,79,16,0,0,0,0,0,0,0,-32287,0,0,0,0,0,2743440,0
2710601,10942,-92,1954,-119,-883,-249,-2188,-1224,230,-717,-2728,19338,283,34,79,16,0,0,0,0,0,0,0,-32286,0,0,0,0,0,2743445,0
2710606,10838,40,1938,-242,-744,-376,-2449,-1134,263,-663,-2464,19345,245,34,79,16,0,0,0,0,0,0,0,-32285,0,0,0,0,0,2743460,0
2710611,10960,-228,2142,-339,-595,-490,-2690,-1049,294,-595,-2256,19345,245,34,79,16,0,0,0,0,0,0,0,-32286,0,0,0,0,0,2743465,0
2710616,9972,-754,2204,-425,-261,-685,-2912,-962,293,-545,-2072,19353,212,34,79,16,0,0,0,0,0,0,0,-32287,0,0,0,0,0,2743480,0
2710621,11016,-1610,2386,-444,-119,-758,-3114,-881,297,-460,-1832,19353,212,34,79,16,0,0,0,0,0,0,0,-32286,0,0,0,0,0,2743485,0
2710626,9982,-1072,2734,-475,164,-841,-3302,-810,291,-404,-1648,19362,172,34,79,16,0,0,0,0,0,0,0,-32286,0,0,0,0,0,2743500,0
2710631,9924,-1864,1860,-624,152,-873,-3473,-746,278,-350,-1464,19362,172,34,79,16,0,0,0,0,0,0,0,-32286,0,0,0,0,0,2743505,0
2710636,9464,-2304,2218,-963,643,-876,-3627,-674,262,-289,-1280,19368,138,34,79,16,0,0,0,0,0,0,0,-32286,0,0,0,0,0,2743520,0
2710641,9118,-3766,2190,-791,855,-828,-3766,-606,245,-231,-1048,19368,138,34,79,16,0,0,0,0,0,0,0,-32286,0,0,0,0,0,2743525,0
2710646,8240,-4094,2076,-693,852,-772,-3886,-521,251,-185,-800,19376,117,34,79,16,0,0,0,0,0,0,0,-32286,0,0,0,0,0,2743540,0
2710651,8262,-4026,1938,-713,953,-693,-3991,-455,249,-130,-584,19376,117,34,79,16,0,0,0,0,0,0,0,-32286,0,0,0,0,0,2743545,0
2710656,7430,-3800,1434,-915,1285,-559,-4080,-387,256,-88,-408,19380,94,34,79,16,0,0,0,0,0,0,0,-32286,0,0,0,0,0,2743560,0
2710661,7170,-4108,1022,-699,1243,-573,-4150,-300,254,-72,-168,19380,94,34,79,16,0,0,0,0,0,0,0,-32286,0,0,0,0,0,2743565,0
2710666,7084,-4198,666,-363,1148,-588,-4204,-228,261,-17,-48,19381,83,34,79,16,0,0,0,0,0,0,0,-32286,0,0,0,0,0,2743580,0
2710671,6868,-4072,432,-283,1140,-495,-4241,-153,260,63,-16,19381,83,34,79,16,0,0,0,0,0,0,0,-32286,0,0,0,0,0,2743585,0
2710676,6290,-3308,48,-799,1248,-319,-4254,-49,273,97,24,19379,82,34,79,16,0,0,0,0,0,0,0,-32286,0,0,0,0,0,2743600,0
2710681,5852,-3490,-332,-1004,1110,-241,-4249,21,291,131,56,19379,82,34,79,16,0,0,0,0,0,0,0,-32286,0,0,0,0,0,2743605,0
2710686,6070,-3830,-210,-1047,1106,-178,-4236,56,280,171,96,19381,75,34,79,16,0,0,0,0,0,0,0,-32286,0,0,0,0,0,2743620,0
2710691,5732,-3826,112,-1001,1152,-131,-4220,76,233,214,112,19381,75,34,79,16,0,0,0,0,0,0,0,-32286,0,0,0,0,0,2743625,0
2710696,6002,-4172,524,-692,1006,-92,-4209,51,145,265,96,19382,68,34,79,16,0,0,0,0,0,0,0,-32286,0,0,0,0,0,2743640,0
2710701,6710,-1824,1160,102,652,-636,-4209,1,40,317,64,19382,68,34,79,16,0,0,0,0,0,0,0,-32286,0,0,0,0,0,2743645,0
2710706,7818,-5296,-1362,1005,-240,-572,-4222,-67,-63,359,64,19382,68,34,79,16,0,0,0,0,0,0,0,-32286,0,0,0,0,0,2743660,0
2710711,5442,-2178,-256,349,-75,-447,-4229,-30,-106,383,104,19382,68,34,79,16,0,0,0,0,0,0,0,-32286,0,0,0,0,0,2743665,0
2710716,7632,-2040,-1866,-325,-645,-600,-4232,-16,-86,428,120,19381,75,34,79,16,0,0,0,0,0,0,0,-32286,0,0,0,0,0,2743680,0
2710721,6640,-1646,-604,-607,-819,-618,-4236,-5,-29,471,144,19381,75,34,79,16,0,0,0,0,0,0,0,-32286,0,0,0,0,0,2743685,0
2710726,7054,-2338,-400,-682,-837,-657,-4236,-8,20,514,144,19379,83,34,79,16,0,0,0,0,0,0,0,-32286,0,0,0,0,0,2743700,0
2710731,7404,-2522,22,-614,-856,-698,-4243,-16,29,564,144,19379,83,34,79,16,0,0,0,0,0,0,0,-32285,0,0,0,0,0,2743705,0
2710736,7392,-2066,1548,-588,-514,-732,-4248,-33,6,611,144,19379,82,34,79,16,0,0,0,0,0,0,0,-32286,0,0,0,0,0,2743720,0
2710741,7696,-2168,1708,-771,-197,-666,-4260,-54,-25,661,112,19379,82,34,79,16,0,0,0,0,0,0,0,-32285,0,0,0,0,0,2743725,0
2710746,7152,-2362,2064,-1027,110,-567,-4286,-119,-58,704,48,19381,79,34,79,16,0,0,0,0,0,0,0,-32285,0,0,0,0,0,2743740,0
2710751,6800,-2800,2048,-1252,395,-458,-4332,-199,-121,737,32,19381,79,34,79,16,0,0,0,0,0,0,0,-32286,0,0,0,0,0,2743745,0
2710756,6250,-3304,1958,-1215,787,-278,-4390,-257,-183,759,0,19385,86,34,79,16,0,0,0,0,0,0,0,-32286,0,0,0,0,0,2743761,0
2710761,6128,-3442,1732,-1139,887,-199,-4456,-295,-210,802,8,19385,86,34,79,16,0,0,0,0,0,0,0,-32286,0,0,0,0,0,2743766,0
2710766,5898,-3130,1584,-1094,1014,-130,-4526,-306,-193,851,8,19386,77,34,79,16,0,0,0,0,0,0,0,-32286,0,0,0,0,0,2743780,0
2710771,5800,-2788,1418,-1050,1098,-116,-4586,-260,-111,906,56,19386,77,34,79,16,0,0,0,0,0,0,0,-32286,0,0,0,0,0,2743785,0
2710776,5914,-2488,802,-860,1145,-92,-4631,-193,-12,961,104,19387,66,34,79,16,0,0,0,0,0,0,0,-32286,0,0,0,0,0,2743800,0
2710781,5906,-2110,564,-809,1070,-111,-4665,-138,87,996,152,19387,66,34,79,16,0,0,0,0,0,0,0,-32287,0,0,0,0,0,2743805,0
2710786,5938,-2044,284,-835,1094,-64,-4691,-110,151,1034,176,19384,63,34,79,16,0,0,0,0,0,0,0,-32287,0,0,0,0,0,2743820,0
2710791,5896,-1628,236,-878,1027,-93,-4700,-37,182,1039,304,19384,63,34,79,16,0,0,0,0,0,0,0,-32287,0,0,0,0,0,2743825,0
2710796,5964,-1844,38,-921,1002,-61,-4697,14,188,1082,376,19385,72,34,79,16,0,0,0,0,0,0,0,-32286,0,0,0,0,0,2743840,0
2710801,5780,-1724,80,-1055,1005,-24,-4695,10,166,1137,408,19385,72,34,79,16,0,0,0,0,0,0,0,-32287,0,0,0,0,0,2743845,0
2710806,5862,-1842,18,-1148,1035,19,-4694,0,119,1190,424,19383,86,34,79,16,0,0,0,0,0,0,0,-32287,0,0,0,0,0,2743859,0
2710811,5702,-1910,152,-1215,1084,55,-4692,7,65,1227,440,19383,86,34,79,16,0,0,0,0,0,0,0,-32286,0,0,0,0,0,2743864,0
2710816,5688,-2072,192,-1275,1128,131,-4688,20,22,1263,456,19379,99,34,79,16,0,0,0,0,0,0,0,-32287,0,0,0,0,0,2743879,0
2710821,5662,-2040,288,-1290,1149,165,-4682,27,7,1305,488,19379,99,34,79,16,0,0,0,0,0,0,0,-32286,0,0,0,0,0,2743884,0
2710826,5590,-1904,302,-1366,1189,211,-4674,33,22,1339,536,19376,108,34,79,16,0,0,0,0,0,0,0,-32287,0,0,0,0,0,2743899,0
2710831,5678,-1838,232,-1450,1213,238,-4663,43,29,1376,592,19376,108,34,79,16,0,0,0,0,0,0,0,-32287,0,0,0,0,0,2743904,0
2710836,5674,-1734,204,-1487,1225,243,-4646,80,36,1396,744,19374,110,34,79,16,0,0,0,0,0,0,0,-32287,0,0,0,0,0,2743919,0
2710841,5724,-1658,178,-1400,1172,197,-4611,159,73,1382,1016,19374,110,34,79,16,0,0,0,0,0,0,0,-32287,0,0,0,0,0,2743924,0
2710846,5694,-1586,90,-1341,1116,183,-4553,269,147,1434,1256,19372,124,34,79,16,0,0,0,0,0,0,0,-32286,0,0,0,0,0,2743939,0
2710851,5658,-1342,106,-1263,975,109,-4466,395,248,1476,1568,19372,124,34,79,16,0,0,0,0,0,0,0,-32287,0,0,0,0,0,2743944,0
2710856,5800,-1286,-78,-1071,664,-6,-4351,513,340,1537,1880,19368,147,34,79,16,0,0,0,0,0,0,0,-32286,0,0,0,0,0,2743959,0
2710861,6116,-1130,-222,-986,517,-78,-4207,650,399,1610,2192,19368,147,34,79,16,0,0,0,0,0,0,0,-32285,0,0,0,0,0,2743964,0
2710866,6256,-918,-194,-895,354,-180,-4030,794,439,1643,2456,19361,183,34,79,16,0,0,0,0,0,0,0,-32285,0,0,0,0,0,2743979,0
2710871,6464,-900,-112,-759,196,-248,-3821,932,458,1687,2736,19361,183,34,79,16,0,0,0,0,0,0,0,-32287,0,0,0,0,0,2743984,0
2710876,6712,-592,66,-642,-119,-451,-3586,1045,468,1732,3032,19350,237,34,79,16,0,0,0,0,0,0,0,-32286,0,0,0,0,0,2743999,0
2710881,7180,-528,-12,-572,-210,-528,-3326,1155,457,1746,3256,19350,237,34,79,16,0,0,0,0,0,0,0,-32285,0,0,0,0,0,2744004,0
2710886,7202,-390,90,-560,-315,-620,-3043,1245,422,1789,3432,19338,296,34,79,16,0,0,0,0,0,0,0,-32286,0,0,0,0,0,2744019,0
2710891,7686,-438,180,-555,-328,-673,-2745,1314,373,1805,3568,19338,296,34,79,16,0,0,0,0,0,0,0,-32286,0,0,0,0,0,2744024,0
2710896,8036,-510,686,-624,-300,-845,-2435,1365,317,1849,3696,19323,355,34,79,16,0,0,0,0,0,0,0,-32286,0,0,0,0,0,2744039,0
2710901,8352,-632,894,-564,-286,-936,-2118,1398,252,1889,3776,19323,355,34,79,16,0,0,0,0,0,0,0,-32286,0,0,0,0,0,2744044,0
2710906,8638,-800,1086,-538,-243,-974,-1799,1402,176,1897,3736,19311,396,34,79,16,0,0,0,0,0,0,0,-32285,0,0,0,0,0,2744059,0
2710911,8776,-544,1334,-616,-134,-1020,-1481,1393,113,1972,3712,19311,396,34,79,16,0,0,0,0,0,0,0,-32286,0,0,0,0,0,2744064,0
2710916,9164,-1112,1788,-849,270,-1054,-1167,1374,44,1961,3600,19302,433,34,79,16,0,0,0,0,0,0,0,-32286,0,0,0,0,0,2744079,0
2710921,9160,-1570,1874,-921,407,-1063,-864,1333,-20,1996,3600,19302,433,34,79,16,0,0,0,0,0,0,0,-32285,0,0,0,0,0,2744084,0
2710926,9092,-2044,1964,-907,523,-1061,-628,1294,-74,2020,3488,19298,447,34,79,16,0,0,0,0,0,0,0,-32287,0,0,0,0,0,2744099,0
2710931,8940,-2362,1850,-924,644,-1048,-345,1242,-124,2037,3296,19298,447,34,79,16,0,0,0,0,0,0,0,-32285,0,0,0,0,0,2744104,0
2710936,8562,-2808,1666,-940,817,-989,-78,1165,-164,2066,3168,19297,444,34,79,16,0,0,0,0,0,0,0,-32286,0,0,0,0,0,2744119,0
2710941,8406,-3096,1466,-959,890,-949,174,1100,-198,2087,3032,19297,444,34,79,16,0,0,0,0,0,0,0,-32286,0,0,0,0,0,2744124,0
2710946,8200,-3140,1216,-987,920,-914,408,1027,-228,2117,2896,19299,436,34,79,16,0,0,0,0,0,0,0,-32285,0,0,0,0,0,2744139,0
2710951,8066,-3230,1074,-955,916,-899,627,957,-239,2114,2712,19299,436,34,79,16,0,0,0,0,0,0,0,-32285,0,0,0,0,0,2744144,0
2710956,7784,-3580,1156,-960,849,-801,828,878,-253,2130,2632,19303,418,34,79,16,0,0,0,0,0,0,0,-32287,0,0,0,0,0,2744159,0
2710961,7758,-3650,1010,-917,797,-776,1012,808,-253,2177,2408,19303,418,34,79,16,0,0,0,0,0,0,0,-32287,0,0,0,0,0,2744164,0
2710966,7830,-3818,830,-893,722,-745,1180,726,-254,2193,2256,19309,394,34,79,16,0,0,0,0,0,0,0,-32285,0,0,0,0,0,2744179,0
2710971,7884,-3818,932,-884,650,-695,1328,643,-261,2210,2160,19309,394,34,79,16,0,0,0,0,0,0,0,-32285,0,0,0,0,0,2744184,0
2710976,8010,-3750,1034,-953,544,-625,1461,574,-265,2225,2000,19316,374,34,79,16,0,0,0,0,0,0,0,-32286,0,0,0,0,0,2744199,0
2710981,7846,-3982,1012,-1005,492,-575,1576,500,-268,2236,1776,19316,374,34,79,16,0,0,0,0,0,0,0,-32287,0,0,0,0,0,2744204,0
2710986,7826,-4122,1060,-994,413,-510,1671,416,-274,2229,1640,19324,349,34,79,16,0,0,0,0,0,0,0,-32287,0,0,0,0,0,2744219,0
2710991,7666,-3826,1300,-903,317,-511,1756,376,-254,2236,1640,19324,349,34,79,16,0,0,0,0,0,0,0,-32286,0,0,0,0,0,2744224,0
2710996,7724,-3416,1502,-632,196,-477,1833,343,-224,2280,1512,19329,304,34,79,16,0,0,0,0,0,0,0,-32286,0,0,0,0,0,2744239,0
2711001,7888,-3186,1446,-632,228,-420,1903,301,-176,2294,1408,19329,304,34,79,16,0,0,0,0,0,0,0,-32286,0,0,0,0,0,2744244,0
2711006,7670,-2786,1402,-706,253,-373,1958,239,-156,2330,1224,19335,271,34,79,16,0,0,0,0,0,0,0,-32285,0,0,0,0,0,2744259,0
2711011,7702,-2636,1334,-734,278,-292,2000,177,-156,2288,1248,19335,271,34,79,16,0,0,0,0,0,0,0,-32285,0,0,0,0,0,2744264,0
2711016,8058,-2468,1316,-704,317,-219,2037,156,-165,2293,1168,19341,244,34,79,16,0,0,0,0,0,0,0,-32285,0,0,0,0,0,2744279,0
2711021,8234,-2336,1458,-794,336,-142,2070,136,-152,2323,1176,19341,244,34,79,16,0,0,0,0,0,0,0,-32285,0,0,0,0,0,2744284,0
2711026,8868,-2886,1614,-895,443,-68,2107,158,-96,2303,1208,19344,233,34,79,16,0,0,0,0,0,0,0,-32285,0,0,0,0,0,2744299,0
2711031,9392,-3222,1734,-703,344,-83,2147,185,-49,2278,1336,19344,233,34,79,16,0,0,0,0,0,0,0,-32285,0,0,0,0,0,2744304,0
2711036,11346,-2680,1540,-604,286,-52,2196,220,13,2307,1336,19346,227,34,79,16,0,0,0,0,0,0,0,-32286,0,0,0,0,0,2744319,0
2711041,12280,-2896,1228,-953,344,64,2252,253,79,2299,1464,19346,227,34,79,16,0,0,0,0,0,0,0,-32286,0,0,0,0,0,2744324,0
2711046,12766,-3228,1080,-1178,308,93,2315,280,108,2293,1448,19346,229,34,79,16,0,0,0,0,0,0,0,-32287,0,0,0,0,0,2744339,0
2711051,13496,-3968,1110,-1147,221,100,2381,287,123,2318,1520,19346,229,34,79,16,0,0,0,0,0,0,0,-32287,0,0,0,0,0,2744353,0
2711056,14546,-4326,1886,-1075,263,29,2452,312,107,2272,1560,19345,240,34,79,16,0,0,0,0,0,0,0,-32287,0,0,0,0,0,2744359,0
2711061,14928,-4420,2414,-1070,475,-25,2532,347,87,2262,1688,19345,240,34,79,16,0,0,0,0,0,0,0,-32286,0,0,0,0,0,2744373,0
2711066,14704,-4248,2896,-1083,657,-166,2623,402,97,2270,1792,19343,255,34,79,16,0,0,0,0,0,0,0,-32286,0,0,0,0,0,2744378,0
2711071,14612,-4718,2930,-1048,854,-256,2723,442,118,2269,1760,19343,255,34,79,16,0,0,0,0,0,0,0,-32285,0,0,0,0,0,2744383,0
2711076,12968,-5348,2254,-1040,1046,-430,2830,468,140,2268,1832,19339,267,34,79,16,0,0,0,0,0,0,0,-32285,0,0,0,0,0,2744398,0
2711081,11908,-5522,1842,-962,972,-535,2943,498,128,2231,1928,19339,267,34,79,16,0,0,0,0,0,0,0,-32285,0,0,0,0,0,2744403,0
2711086,11010,-5990,1398,-798,865,-621,3063,533,124,2216,1984,19335,276,34,79,16,0,0,0,0,0,0,0,-32287,0,0,0,0,0,2744418,0
2711091,9950,-6118,1128,-559,696,-732,3191,561,106,2197,2032,19335,276,34,79,16,0,0,0,0,0,0,0,-32287,0,0,0,0,0,2744423,0
2711096,8016,-5926,936,-418,636,-779,3324,586,104,2171,2040,19331,299,34,79,16,0,0,0,0,0,0,0,-32287,0,0,0,0,0,2744438,0
2711101,7006,-6034,974,-418,657,-745,3458,591,94,2154,2000,19331,299,34,79,16,0,0,0,0,0,0,0,-32286,0,0,0,0,0,2744443,0
2711106,5962,-6040,962,-347,614,-731,3591,592,63,2114,2032,19330,308,34,79,16,0,0,0,0,0,0,0,-32285,0,0,0,0,0,2744458,0
2711111,5262,-6202,828,-203,538,-693,3729,607,38,2085,2032,19330,308,34,79,16,0,0,0,0,0,0,0,-32286,0,0,0,0,0,2744463,0
2711116,3962,-5716,760,158,334,-580,3871,630,36,2078,2040,19329,314,34,79,16,0,0,0,0,0,0,0,-32286,0,0,0,0,0,2744478,0
2711121,3710,-5124,616,243,257,-518,4016,641,40,2046,2144,19329,314,34,79,16,0,0,0,0,0,0,0,-32286,0,0,0,0,0,2744483,0
2711126,3584,-4276,494,311,177,-505,4173,686,65,2016,2264,19328,305,34,79,16,0,0,0,0,0,0,0,-32286,0,0,0,0,0,2744498,0
2711131,3596,-3848,308,314,149,-465,4339,730,90,1992,2328,19328,305,34,79,16,0,0,0,0,0,0,0,-32285,0,0,0,0,0,2744503,0
2711136,3424,-2584,68,296,114,-466,4511,765,119,1933,2360,19330,301,34,79,16,0,0,0,0,0,0,0,-32285,0,0,0,0,0,2744518,0
2711141,3320,-2100,-28,296,123,-449,4696,820,134,1911,2488,19330,301,34,79,16,0,0,0,0,0,0,0,-32287,0,0,0,0,0,2744523,0
2711146,3462,-1712,-90,222,145,-432,4886,838,138,1869,2512,19329,309,34,79,16,0,0,0,0,0,0,0,-32287,0,0,0,0,0,2744538,0
2711151,3426,-1318,-62,98,151,-455,5085,880,136,1837,2584,19329,309,34,79,16,0,0,0,0,0,0,0,-32286,0,0,0,0,0,2744543,0
2711156,3546,-1036,-202,-113,237,-439,5289,903,122,1803,2552,19327,314,34,79,16,0,0,0,0,0,0,0,-32285,0,0,0,0,0,2744558,0
2711161,3532,-1118,-392,-249,242,-476,5493,914,103,1762,2624,19327,314,34,79,16,0,0,0,0,0,0,0,-32286,0,0,0,0,0,2744563,0
2711166,3512,-1484,-704,-374,272,-435,5701,912,74,1740,2552,19324,317,34,79,16,0,0,0,0,0,0,0,-32286,0,0,0,0,0,2744578,0
2711171,3286,-1764,-676,-462,201,-399,5907,909,47,1670,2544,19324,317,34,79,16,0,0,0,0,0,0,0,-32285,0,0,0,0,0,2744583,0
2711176,3608,-3016,-856,-561,94,-300,6110,888,16,1660,2424,19326,302,34,79,16,0,0,0,0,0,0,0,-32286,0,0,0,0,0,2744598,0
2711181,3770,-3540,-682,-618,16,-224,6302,843,-27,1594,2296,19326,302,34,79,16,0,0,0,0,0,0,0,-32287,0,0,0,0,0,2744603,0
2711186,4088,-4064,-256,-671,-76,-134,6483,785,-83,1566,2120,19331,287,34,79,16,0,0,0,0,0,0,0,-32287,0,0,0,0,0,2744618,0
2711191,4510,-4780,244,-710,-96,-19,6645,706,-135,1527,1936,19331,287,34,79,16,0,0,0,0,0,0,0,-32285,0,0,0,0,0,2744623,0
2711196,5334,-5756,1152,-679,-146,217,6790,630,-194,1482,1776,19339,266,34,79,16,0,0,0,0,0,0,0,-32286,0,0,0,0,0,2744638,0
2711201,5900,-6206,1476,-625,-113,366,6916,548,-243,1434,1496,19339,266,34,79,16,0,0,0,0,0,0,0,-32287,0,0,0,0,0,2744643,0
2711206,6118,-6662,1656,-679,-69,531,7012,411,-289,1364,1128,19345,246,34,79,16,0,0,0,0,0,0,0,-32286,0,0,0,0,0,2744658,0
2711211,6158,-6826,1552,-729,-82,690,7077,270,-346,1329,880,19345,246,34,79,16,0,0,0,0,0,0,0,-32287,0,0,0,0,0,2744663,0
2711216,6296,-6944,706,-832,-139,930,7113,143,-396,1300,584,19354,205,34,79,16,0,0,0,0,0,0,0,-32286,0,0,0,0,0,2744678,0
2711221,6308,-6712,344,-736,-215,975,7130,70,-426,1269,456,19354,205,34,79,16,0,0,0,0,0,0,0,-32287,0,0,0,0,0,2744683,0
2711226,6380,-6434,108,-615,-275,1000,7132,7,-397,1220,328,19363,166,34,79,16,0,0,0,0,0,0,0,-32286,0,0,0,0,0,2744698,0
2711231,6460,-5790,-112,-510,-352,958,7130,-7,-304,1141,320,19363,166,34,79,16,0,0,0,0,0,0,0,-32286,0,0,0,0,0,2744714,0
2711236,6946,-4902,-492,-312,-437,816,7130,-7,-199,1071,304,19369,134,34,79,16,0,0,0,0,0,0,0,-32287,0,0,0,0,0,2744720,0
2711241,7136,-4438,-640,-283,-483,715,7132,3,-97,1021,288,19369,134,34,79,16,0,0,0,0,0,0,0,-32286,0,0,0,0,0,2744725,0
2711246,7300,-4014,-812,-254,-534,616,7131,4,-34,977,264,19371,114,34,79,16,0,0,0,0,0,0,0,-32286,0,0,0,0,0,2744740,0
2711251,7406,-3682,-956,-281,-581,505,7129,-7,3,923,248,19371,114,34,79,16,0,0,0,0,0,0,0,-32286,0,0,0,0,0,2744745,0
2711256,7360,-3300,-1052,-411,-670,274,7130,-3,-4,870,224,19371,104,34,79,16,0,0,0,0,0,0,0,-32286,0,0,0,0,0,2744760,0
2711261,7284,-3262,-902,-457,-725,200,7130,-5,1,820,216,19371,104,34,79,16,0,0,0,0,0,0,0,-32286,0,0,0,0,0,2744765,0
2711266,7194,-3388,-654,-508,-774,124,7129,0,3,770,200,19374,93,34,79,16,0,0,0,0,0,0,0,-32286,0,0,0,0,0,2744780,0
2711271,7138,-3606,-370,-530,-813,63,7129,-5,-3,722,176,19374,93,34,79,16,0,0,0,0,0,0,0,-32286,0,0,0,0,0,2744785,0
2711276,6966,-3800,262,-467,-863,-33,7130,4,2,665,168,19377,90,34,79,16,0,0,0,0,0,0,0,-32286,0,0,0,0,0,2744800,0
2711281,7280,-3778,436,-360,-829,-34,7129,-3,4,615,144,19377,90,34,79,16,0,0,0,0,0,0,0,-32286,0,0,0,0,0,2744805,0
2711286,7162,-3652,768,-315,-806,-54,7130,4,5,568,128,19379,87,34,79,16,0,0,0,0,0,0,0,-32286,0,0,0,0,0,2744820,0
2711291,7428,-3600,908,-281,-749,-42,7130,2,1,517,120,19379,87,34,79,16,0,0,0,0,0,0,0,-32286,0,0,0,0,0,2744825,0
2711296,7396,-3388,1106,-206,-580,-2,7129,-6,3,462,112,19379,85,34,79,16,0,0,0,0,0,0,0,-32286,0,0,0,0,0,2744840,0
2711301,7396,-3362,1100,-154,-498,23,7131,7,-2,412,96,19379,85,34,79,16,0,0,0,0,0,0,0,-32286,0,0,0,0,0,2744845,0
2711306,7342,-3290,1108,-69,-451,39,7130,0,8,366,80,19378,82,34,79,16,0,0,0,0,0,0,0,-32286,0,0,0,0,0,2744860,0
2711311,7314,-3158,1172,-3,-392,34,7132,4,6,317,64,19378,82,34,79,16,0,0,0,0,0,0,0,-32287,0,0,0,0,0,2744865,0
2711316,7356,-2834,1116,177,-269,38,7132,3,1,269,-760,19379,84,34,79,16,0,0,0,0,0,0,0,-32286,0,0,0,0,0,2744880,0
2711321,7534,-3472,1108,208,-166,170,7093,-205,-54,-701,-1424,19379,84,34,79,16,0,0,0,0,0,0,0,-32286,0,0,0,0,0,2744885,0
2711326,7154,-3170,1476,356,-176,203,6972,-574,-281,-1265,-2432,19376,87,34,79,16,0,0,0,0,0,0,0,-32285,0,0,0,0,0,2744904,0
2711331,7612,-3110,1692,609,-32,197,6759,-987,-638,-1533,-3344,19376,87,34,79,16,0,0,0,0,0,0,0,-32286,0,0,0,0,0,2744909,0
2711336,7848,-2616,626,805,-156,126,6445,-1431,-1031,-1671,-4440,19362,155,34,79,16,0,0,0,0,0,0,0,-32288,0,0,0,0,0,2744920,0
2711341,6692,-2298,248,290,342,441,6025,-1894,-1353,-1786,-5440,19362,155,34,79,16,0,0,0,0,0,0,0,-32285,0,0,0,0,0,2744925,0
2711346,4486,-1038,-240,-935,358,620,5505,-2339,-1504,-1917,-6392,19332,288,34,79,16,0,0,0,0,0,0,0,-32287,0,0,0,0,0,2744940,0
2711351,5014,-3266,-2440,-2690,189,1618,4895,-2713,-1547,-2104,-6960,19332,288,34,79,16,0,0,0,0,0,0,0,-32287,0,0,0,0,0,2744945,0
2711356,4804,-3176,1260,-7332,2503,3485,4236,-2913,-1430,-2269,-7256,19286,500,34,79,16,0,0,0,0,0,0,0,-32286,0,0,0,0,0,2744960,0
2711361,-194,-8832,6432,-8102,6063,4414,3572,-2914,-1162,-2361,-6848,19286,500,34,79,16,0,0,0,0,0,0,0,-32285,0,0,0,0,0,2744965,0
2711366,-2692,-15538,6552,-5626,3875,4350,2957,-2680,-661,-2505,-6376,19235,723,34,79,16,0,0,0,0,0,0,0,-32285,0,0,0,0,0,2744979,0
2711371,1764,-19656,3656,-854,2898,4252,2417,-2344,-43,-2508,-5504,19235,723,34,79,16,0,0,0,0,0,0,0,-32287,0,0,0,0,0,2744984,0
2711376,4764,-4508,332,2080,1952,3573,1962,-1959,540,-2569,-4688,19203,855,34,79,16,0,0,0,0,0,0,0,-32286,0,0,0,0,0,2744999,0
2711381,6758,246,-2164,688,1915,3269,1590,-1600,976,-2626,-4008,19203,855,34,79,16,0,0,0,0,0,0,0,-32286,0,0,0,0,0,2745004,0
2711386,7210,854,-3150,-279,1185,2836,1291,-1285,1182,-2731,-3512,19201,852,34,79,16,0,0,0,0,0,0,0,-32286,0,0,0,0,0,2745019,0
2711391,8076,-796,-3896,-1,124,2394,1054,-1011,1201,-2840,-2872,19201,852,34,79,16,0,0,0,0,0,0,0,-32287,0,0,0,0,0,2745024,0
2711396,9748,-224,-3816,1033,-1197,1537,880,-743,1123,-2912,-2456,19227,750,34,79,16,0,0,0,0,0,0,0,-32286,0,0,0,0,0,2745039,0
2711401,10200,870,-3100,795,-1343,1237,763,-492,1018,-3052,-1808,19227,750,34,79,16,0,0,0,0,0,0,0,-32284,0,0,0,0,0,2745044,0
2711406,10134,786,-2338,560,-1569,945,702,-247,948,-3079,-1432,19262,608,34,79,16,0,0,0,0,0,0,0,-32285,0,0,0,0,0,2745059,0
2711411,10386,-218,-1842,633,-1858,720,685,-63,876,-3217,-1200,19262,608,34,79,16,0,0,0,0,0,0,0,-32286,0,0,0,0,0,2745064,0
2711416,10616,-700,-806,732,-2151,441,689,25,770,-3288,-1176,19295,469,34,79,16,0,0,0,0,0,0,0,-32286,0,0,0,0,0,2745079,0
2711421,10666,-756,-208,477,-1937,429,694,17,585,-3299,-1224,19295,469,34,79,16,0,0,0,0,0,0,0,-32285,0,0,0,0,0,2745084,0
2711426,10570,-1186,586,243,-1672,438,694,-2,350,-3363,-1264,19318,367,34,79,16,0,0,0,0,0,0,0,-32285,0,0,0,0,0,2745099,0
2711431,10362,-1842,1382,203,-1434,427,695,0,137,-3424,-1304,19318,367,34,79,16,0,0,0,0,0,0,0,-32285,0,0,0,0,0,2745104,0
2711436,10040,-2602,2280,369,-941,464,694,0,15,-3477,-1328,19331,307,34,79,16,0,0,0,0,0,0,0,-32285,0,0,0,0,0,2745119,0
2711441,10178,-2644,2390,386,-616,516,694,-1,-21,-3532,-1320,19331,307,34,79,16,0,0,0,0,0,0,0,-32285,0,0,0,0,0,2745124,0
2711446,9650,-2740,2590,336,-321,546,695,2,-11,-3577,-1344,19335,299,34,79,16,0,0,0,0,0,0,0,-32285,0,0,0,0,0,2745143,0
2711451,9358,-2904,2488,318,-69,572,692,-4,3,-3609,-1352,19335,299,34,79,16,0,0,0,0,0,0,0,-32285,0,0,0,0,0,2745148,0
2711456,8528,-3254,2030,449,388,643,694,6,0,-3642,-1344,19337,309,34,79,16,0,0,0,0,0,0,0,-32285,0,0,0,0,0,2745159,0
2711461,8212,-3134,1710,497,536,674,694,-3,-4,-3670,-1360,19337,309,34,79,16,0,0,0,0,0,0,0,-32285,0,0,0,0,0,2745164,0
2711466,7782,-3004,1420,492,664,707,694,0,5,-3688,-1352,19338,331,34,79,16,0,0,0,0,0,0,0,-32285,0,0,0,0,0,2745179,0
2711471,7450,-2840,1110,415,755,723,694,0,0,-3694,-1352,19338,331,34,79,16,0,0,0,0,0,0,0,-32285,0,0,0,0,0,2745193,0
2711476,7344,-2614,256,179,795,796,693,0,-1,-3703,-1352,19334,341,34,79,16,0,0,0,0,0,0,0,-32285,0,0,0,0,0,2745199,0
2711481,6492,-3280,432,297,770,793,693,-2,-5,-3703,-1352,19334,341,34,79,16,0,0,0,0,0,0,0,-32285,0,0,0,0,0,2745204,0
2711486,6696,-3428,364,423,779,809,695,3,1,-3697,-1336,19329,343,34,79,16,0,0,0,0,0,0,0,-32285,0,0,0,0,0,2745219,0
2711491,6304,-3208,382,496,687,803,696,6,5,-3691,-1336,19329,343,34,79,16,0,0,0,0,0,0,0,-32285,0,0,0,0,0,2745224,0
2711496,6440,-2986,-44,380,583,801,700,20,10,-3685,-1312,19326,336,34,79,16,0,0,0,0,0,0,0,-32285,0,0,0,0,0,2745239,0
2711501,6430,-3146,-154,388,464,786,705,30,13,-3676,-1280,19326,336,34,79,16,0,0,0,0,0,0,0,-32285,0,0,0,0,0,2745244,0
2711506,6358,-3256,-244,439,330,770,714,44,29,-3657,-1216,19327,331,34,79,16,0,0,0,0,0,0,0,-32285,0,0,0,0,0,2745259,0
2711511,6322,-3318,-354,483,210,781,724,42,39,-3629,-1232,19327,331,34,79,16,0,0,0,0,0,0,0,-32285,0,0,0,0,0,2745264,0
2711516,6274,-3240,-256,380,74,838,734,30,25,-3581,-1256,19328,315,34,79,16,0,0,0,0,0,0,0,-32285,0,0,0,0,0,2745279,0
2711521,6434,-3464,-112,335,72,868,735,10,5,-3543,-1280,19328,315,34,79,16,0,0,0,0,0,0,0,-32285,0,0,0,0,0,2745284,0
2711526,6562,-3556,80,351,76,882,738,8,-22,-3524,-1256,19330,304,34,79,16,0,0,0,0,0,0,0,-32285,0,0,0,0,0,2745299,0
2711531,6754,-3760,202,423,87,890,742,23,-37,-3508,-1200,19330,304,34,79,16,0,0,0,0,0,0,0,-32285,0,0,0,0,0,2745304,0
2711536,7094,-3646,400,630,79,872,751,42,-11,-3485,-1096,19331,301,34,79,16,0,0,0,0,0,0,0,-32285,0,0,0,0,0,2745319,0
2711541,7244,-3348,338,719,52,797,774,100,40,-3482,-864,19331,301,34,79,16,0,0,0,0,0,0,0,-32284,0,0,0,0,0,2745324,0
2711546,7680,-3186,96,893,-16,709,821,209,119,-3454,-648,19334,292,34,79,16,0,0,0,0,0,0,0,-32285,0,0,0,0,0,2745339,0
2711551,7698,-2936,-14,1000,-138,603,893,325,219,-3360,-392,19334,292,34,79,16,0,0,0,0,0,0,0,-32284,0,0,0,0,0,2745344,0
2711556,8068,-2430,-636,1104,-476,388,989,438,297,-3305,-144,19342,260,34,79,16,0,0,0,0,0,0,0,-32285,0,0,0,0,0,2745359,0
2711561,7956,-2262,-794,1079,-631,289,1110,543,359,-3187,-24,19342,260,34,79,16,0,0,0,0,0,0,0,-32287,0,0,0,0,0,2745364,0
2711566,8070,-2264,-956,1143,-870,149,1259,666,384,-3073,16,19357,191,34,79,16,0,0,0,0,0,0,0,-32288,0,0,0,0,0,2745383,0
2711571,8198,-2150,-1070,1271,-1069,14,1439,815,402,-3030,112,19357,191,34,79,16,0,0,0,0,0,0,0,-32287,0,0,0,0,0,2745393,0
2711576,8226,-2084,-1144,1421,-1563,-215,1645,919,426,-2977,192,19376,102,34,79,16,0,0,0,0,0,0,0,-32285,0,0,0,0,0,2745399,0
2711581,8324,-1998,-1110,1429,-1766,-331,1876,1015,422,-2947,328,19376,102,34,79,16,0,0,0,0,0,0,0,-32287,0,0,0,0,0,2745404,0
2711586,8426,-2226,-916,1378,-1910,-380,2119,1075,394,-2907,440,19394,10,34,79,16,0,0,0,0,0,0,0,-32288,0,0,0,0,0,2745423,0
2711591,8494,-2384,-654,1301,-2016,-428,2369,1101,324,-2862,472,19394,10,34,79,16,0,0,0,0,0,0,0,-32285,0,0,0,0,0,2745428,0
2711596,8830,-2820,384,1318,-2033,-511,2622,1114,215,-2805,536,19409,-55,34,79,16,0,0,0,0,0,0,0,-32286,0,0,0,0,0,2745439,0
2711601,9052,-2924,820,1366,-1977,-565,2879,1135,139,-2738,616,19409,-55,34,79,16,0,0,0,0,0,0,0,-32287,0,0,0,0,0,2745444,0
2711606,9324,-3208,1092,1433,-1846,-569,3141,1149,89,-2657,632,19417,-89,34,79,16,0,0,0,0,0,0,0,-32285,0,0,0,0,0,2745463,0
2711611,9308,-3294,1442,1476,-1703,-580,3405,1158,66,-2588,632,19417,-89,34,79,16,0,0,0,0,0,0,0,-32285,0,0,0,0,0,2745473,0
2711616,9220,-3344,2132,1537,-1288,-572,3664,1125,39,-2508,560,19421,-103,34,79,16,0,0,0,0,0,0,0,-32287,0,0,0,0,0,2745479,0
2711621,9420,-3468,2054,1639,-1005,-538,3917,1106,2,-2450,504,19421,-103,34,79,16,0,0,0,0,0,0,0,-32285,0,0,0,0,0,2745484,0
2711626,9150,-3244,2144,1719,-807,-533,4162,1081,-45,-2388,520,19420,-101,34,79,16,0,0,0,0,0,0,0,-32286,0,0,0,0,0,2745499,0
2711631,9200,-3230,1904,1783,-593,-509,4402,1052,-75,-2303,456,19420,-101,34,79,16,0,0,0,0,0,0,0,-32287,0,0,0,0,0,2745513,0
2711636,8614,-2918,1306,1716,-228,-436,4633,1014,-96,-2230,424,19418,-93,34,79,16,0,0,0,0,0,0,0,-32286,0,0,0,0,0,2745519,0
2711641,8204,-2780,946,1628,-110,-376,4852,956,-106,-2146,288,19418,-93,34,79,16,0,0,0,0,0,0,0,-32285,0,0,0,0,0,2745524,0
2711646,8046,-2566,740,1567,-79,-355,5060,906,-136,-2098,232,19414,-71,34,79,16,0,0,0,0,0,0,0,-32287,0,0,0,0,0,2745538,0
2711651,7854,-2510,386,1536,-56,-322,5258,871,-159,-2009,232,19414,-71,34,79,16,0,0,0,0,0,0,0,-32287,0,0,0,0,0,2745553,0
2711656,7520,-2198,-178,1440,-104,-276,5447,839,-160,-1954,256,19410,-50,34,79,16,0,0,0,0,0,0,0,-32285,0,0,0,0,0,2745558,0
2711661,7360,-2060,-228,1427,-144,-277,5632,818,-144,-1858,224,19410,-50,34,79,16,0,0,0,0,0,0,0,-32285,0,0,0,0,0,2745573,0
2711666,7330,-2030,-314,1360,-178,-252,5816,805,-110,-1784,216,19405,-39,34,79,16,0,0,0,0,0,0,0,-32286,0,0,0,0,0,2745578,0
2711671,7436,-2014,-302,1355,-236,-271,5998,801,-74,-1701,224,19405,-39,34,79,16,0,0,0,0,0,0,0,-32287,0,0,0,0,0,2745583,0
2711676,7532,-2056,-210,1367,-309,-267,6179,788,-43,-1615,264,19401,-27,34,79,16,0,0,0,0,0,0,0,-32286,0,0,0,0,0,2745599,0
2711681,7752,-1958,-84,1389,-336,-320,6358,797,-34,-1553,328,19401,-27,34,79,16,0,0,0,0,0,0,0,-32285,0,0,0,0,0,2745603,0
2711686,8036,-2130,-48,1441,-332,-349,6543,814,-11,-1466,384,19400,-13,34,79,16,0,0,0,0,0,0,0,-32286,0,0,0,0,0,2745618,0
2711691,7978,-2334,-16,1473,-388,-402,6735,845,19,-1391,496,19400,-13,34,79,16,0,0,0,0,0,0,0,-32287,0,0,0,0,0,2745623,0
2711696,8630,-2914,-160,1654,-475,-548,6939,900,68,-1308,656,19402,-10,34,79,16,0,0,0,0,0,0,0,-32286,0,0,0,0,0,2745638,0
2711701,8856,-3176,10,1757,-497,-628,7152,941,109,-1237,776,19402,-10,34,79,16,0,0,0,0,0,0,0,-32285,0,0,0,0,0,2745643,0
2711706,9244,-3604,38,1900,-501,-727,7376,991,137,-1161,888,19402,0,34,79,16,0,0,0,0,0,0,0,-32286,0,0,0,0,0,2745658,0
2711711,9438,-3968,-86,2046,-497,-805,7606,1018,145,-1073,976,19402,0,34,79,16,0,0,0,0,0,0,0,-32286,0,0,0,0,0,2745663,0
2711716,9242,-4014,-348,2206,-731,-951,7844,1049,142,-1019,1032,19403,-8,34,79,16,0,0,0,0,0,0,0,-32286,0,0,0,0,0,2745678,0
2711721,9330,-4142,-610,2261,-851,-1011,8088,1077,123,-942,1128,19403,-8,34,79,16,0,0,0,0,0,0,0,-32286,0,0,0,0,0,2745683,0
2711726,9408,-4042,-550,2304,-946,-1070,8336,1091,106,-864,1144,19399,-6,34,79,16,0,0,0,0,0,0,0,-32286,0,0,0,0,0,2745698,0
2711731,9568,-4072,-224,2352,-1004,-1081,8580,1077,77,-792,1120,19399,-6,34,79,16,0,0,0,0,0,0,0,-32286,0,0,0,0,0,2745703,0
2711736,9686,-3526,786,2314,-1038,-1068,8817,1042,26,-729,1072,19396,-2,34,79,16,0,0,0,0,0,0,0,-32286,0,0,0,0,0,2745718,0
2711741,9578,-3200,1062,2200,-941,-1057,9039,964,-45,-652,920,19396,-2,34,79,16,0,0,0,0,0,0,0,-32286,0,0,0,0,0,2745723,0
2711746,9758,-2724,1274,2115,-798,-1052,9246,903,-120,-597,800,19394,6,34,79,16,0,0,0,0,0,0,0,-32286,0,0,0,0,0,2745738,0
2711751,9610,-2442,1586,1958,-619,-986,9429,794,-198,-524,592,19394,6,34,79,16,0,0,0,0,0,0,0,-32285,0,0,0,0,0,2745743,0
2711756,9230,-1994,1530,1465,-407,-860,9588,686,-268,-473,424,19392,21,34,79,16,0,0,0,0,0,0,0,-32286,0,0,0,0,0,2745760,0
2711761,9054,-2200,1396,1242,-288,-753,9722,576,-323,-410,168,19392,21,34,79,16,0,0,0,0,0,0,0,-32286,0,0,0,0,0,2745765,0
2711766,8726,-2218,1326,1028,-296,-693,9828,444,-361,-387,24,19390,37,34,79,16,0,0,0,0,0,0,0,-32286,0,0,0,0,0,2745778,0
2711771,9046,-2570,1084,828,-248,-609,9902,315,-407,-384,40,19390,37,34,79,16,0,0,0,0,0,0,0,-32286,0,0,0,0,0,2745783,0
2711776,9264,-2578,758,413,-127,-578,9955,228,-415,-289,32,19386,55,34,79,16,0,0,0,0,0,0,0,-32286,0,0,0,0,0,2745798,0
2711781,9284,-2880,582,157,-99,-551,9992,155,-395,-215,0,19386,55,34,79,16,0,0,0,0,0,0,0,-32286,0,0,0,0,0,2745803,0
2711786,9418,-2930,538,21,-154,-585,10021,123,-331,-152,32,19383,65,34,79,16,0,0,0,0,0,0,0,-32286,0,0,0,0,0,2745818,0
2711791,9692,-3426,392,-128,-140,-584,10043,89,-246,-90,16,19383,65,34,79,16,0,0,0,0,0,0,0,-32286,0,0,0,0,0,2745823,0
2711796,9028,-4446,176,-366,-216,-573,10050,28,-177,-39,8,19382,77,34,79,16,0,0,0,0,0,0,0,-32286,0,0,0,0,0,2745838,0
2711801,8888,-5048,608,-224,-302,-602,10051,-3,-150,-1,8,19382,77,34,79,16,0,0,0,0,0,0,0,-32286,0,0,0,0,0,2745843,0
2711806,8774,-5280,912,-192,-352,-626,10052,0,-129,34,16,19381,80,34,79,16,0,0,0,0,0,0,0,-32286,0,0,0,0,0,2745858,0
2711811,8510,-5120,1168,-340,-286,-655,10052,-4,-93,76,32,19381,80,34,79,16,0,0,0,0,0,0,0,-32286,0,0,0,0,0,2745863,0
2711816,8028,-6598,930,-82,-466,-724,10053,0,-51,117,32,19380,82,34,79,16,0,0,0,0,0,0,0,-32286,0,0,0,0,0,2745878,0
2711821,7826,-6462,1544,-54,-388,-730,10053,5,-17,157,48,19380,82,34,79,16,0,0,0,0,0,0,0,-32286,0,0,0,0,0,2745883,0
2711826,7218,-6702,1772,-182,-232,-681,10052,5,2,198,56,19378,80,34,79,16,0,0,0,0,0,0,0,-32286,0,0,0,0,0,2745898,0
2711831,6582,-7230,1720,-327,-250,-623,10053,2,0,241,80,19378,80,34,79,16,0,0,0,0,0,0,0,-32286,0,0,0,0,0,2745903,0
2711836,5408,-8052,1944,-348,-142,-552,10052,-4,4,282,80,19377,77,34,79,16,0,0,0,0,0,0,0,-32286,0,0,0,0,0,2745918,0
2711841,4798,-8450,1892,-160,-158,-492,10053,-4,0,323,96,19377,77,34,79,16,0,0,0,0,0,0,0,-32286,0,0,0,0,0,2745923,0
2711846,4138,-8562,1980,-56,-159,-443,10052,0,-2,367,104,19379,81,34,79,16,0,0,0,0,0,0,0,-32286,0,0,0,0,0,2745938,0
2711851,3532,-8902,1886,73,-217,-365,10055,3,4,407,136,19379,81,34,79,16,0,0,0,0,0,0,0,-32286,0,0,0,0,0,2745943,0
2711856,2720,-8950,1798,448,-304,-192,10058,17,7,447,168,19380,81,34,79,16,0,0,0,0,0,0,0,-32286,0,0,0,0,0,2745958,0
2711861,4122,-7460,2538,1729,-495,-787,10059,-2,17,500,136,19380,81,34,79,16,0,0,0,0,0,0,0,-32286,0,0,0,0,0,2745963,0
2711866,5260,-8458,2436,3814,-597,-1259,10054,-29,-4,552,128,19381,88,34,79,16,0,0,0,0,0,0,0,-32286,0,0,0,0,0,2745978,0
2711871,2830,-8438,86,4879,-1421,-1198,10042,-56,-32,590,96,19381,88,34,79,16,0,0,0,0,0,0,0,-32286,0,0,0,0,0,2745983,0
2711876,6166,-3380,1470,2942,-788,-1163,10018,-118,-77,638,56,19381,89,34,79,16,0,0,0,0,0,0,0,-32286,0,0,0,0,0,2745998,0
2711881,6172,-3878,1152,1954,-671,-1052,9981,-170,-128,671,40,19381,89,34,79,16,0,0,0,0,0,0,0,-32286,0,0,0,0,0,2746003,0
2711886,5782,-5724,1492,1768,-416,-924,9924,-261,-165,701,8,19379,81,34,79,16,0,0,0,0,0,0,0,-32286,0,0,0,0,0,2746018,0
2711891,5230,-7014,1246,2392,-831,-946,9841,-381,-225,715,-72,19379,81,34,79,16,0,0,0,0,0,0,0,-32286,0,0,0,0,0,2746023,0
2711896,6484,-5186,1338,2803,-1054,-720,9717,-566,-324,745,-264,19381,72,34,79,16,0,0,0,0,0,0,0,-32286,0,0,0,0,0,2746038,0
2711901,6812,-3788,1044,2077,-868,-514,9544,-781,-441,780,-664,19381,72,34,79,16,0,0,0,0,0,0,0,-32285,0,0,0,0,0,2746042,0
2711906,7136,-3162,1016,1403,-576,-332,9328,-978,-572,862,-1072,19386,65,34,79,16,0,0,0,0,0,0,0,-32286,0,0,0,0,0,2746057,0
2711911,7014,-3726,1024,1058,-403,-94,9063,-1192,-660,920,-1480,19386,65,34,79,16,0,0,0,0,0,0,0,-32286,0,0,0,0,0,2746062,0
2711916,7172,-3536,1084,811,-418,207,8752,-1390,-705,943,-1880,19393,37,34,79,16,0,0,0,0,0,0,0,-32286,0,0,0,0,0,2746077,0
2711921,7302,-2598,1100,537,-366,336,8396,-1585,-716,991,-2248,19393,37,34,79,16,0,0,0,0,0,0,0,-32286,0,0,0,0,0,2746082,0
2711926,7650,-2132,968,104,-240,486,8085,-1709,-691,1029,-2520,19400,-1,34,79,16,0,0,0,0,0,0,0,-32286,0,0,0,0,0,2746097,0
2711931,7682,-1840,936,-268,-132,577,7666,-1847,-642,1072,-2720,19400,-1,34,79,16,0,0,0,0,0,0,0,-32287,0,0,0,0,0,2746102,0
2711936,7616,-1828,760,-631,-146,644,7229,-1926,-549,1102,-2808,19407,-47,34,79,16,0,0,0,0,0,0,0,-32286,0,0,0,0,0,2746117,0
2711941,7706,-1724,726,-697,-166,645,6782,-1962,-426,1145,-2840,19407,-47,34,79,16,0,0,0,0,0,0,0,-32286,0,0,0,0,0,2746122,0
2711946,7766,-1558,804,-834,-155,631,6337,-1956,-272,1189,-2800,19416,-84,34,79,16,0,0,0,0,0,0,0,-32286,0,0,0,0,0,2746137,0
2711951,7874,-1360,1104,-950,-110,592,5901,-1912,-120,1217,-2656,19416,-84,34,79,16,0,0,0,0,0,0,0,-32286,0,0,0,0,0,2746142,0
2711956,8046,-2018,1166,-975,-70,503,5481,-1849,28,1261,-2504,19420,-109,34,79,16,0,0,0,0,0,0,0,-32286,0,0,0,0,0,2746157,0
2711961,7976,-2252,1348,-888,-114,432,5080,-1756,146,1304,-2280,19420,-109,34,79,16,0,0,0,0,0,0,0,-32286,0,0,0,0,0,2746162,0
2711966,8034,-2424,1450,-734,-162,382,4703,-1647,230,1338,-1952,19421,-124,34,79,16,0,0,0,0,0,0,0,-32286,0,0,0,0,0,2746177,0
2711971,8096,-2406,1512,-613,-231,286,4356,-1509,314,1374,-1608,19421,-124,34,79,16,0,0,0,0,0,0,0,-32286,0,0,0,0,0,2746182,0
2711976,8582,-2458,1406,-337,-301,60,4040,-1364,381,1417,-1216,19420,-117,34,79,16,0,0,0,0,0,0,0,-32286,0,0,0,0,0,2746197,0
2711981,8714,-2136,1614,-177,-320,-58,3761,-1206,448,1472,-904,19420,-117,34,79,16,0,0,0,0,0,0,0,-32287,0,0,0,0,0,2746202,0
2711986,8926,-2070,1770,-114,-245,-152,3520,-1048,505,1508,-560,19417,-102,34,79,16,0,0,0,0,0,0,0,-32286,0,0,0,0,0,2746217,0
2711991,8910,-2160,1766,-32,-237,-263,3314,-891,539,1550,-216,19417,-102,34,79,16,0,0,0,0,0,0,0,-32285,0,0,0,0,0,2746222,0
2711996,8874,-2260,1668,333,-289,-541,3143,-732,547,1616,-120,19412,-73,34,79,16,0,0,0,0,0,0,0,-32287,0,0,0,0,0,2746237,0
2712001,9304,-2412,1386,585,-288,-649,3010,-567,550,1744,-56,19412,-73,34,79,16,0,0,0,0,0,0,0,-32286,0,0,0,0,0,2746242,0
2712006,8950,-1822,1268,654,-315,-782,2912,-427,553,1808,48,19402,-35,34,79,16,0,0,0,0,0,0,0,-32286,0,0,0,0,0,2746257,0
2712011,9024,-1726,902,643,-312,-908,2838,-312,520,1776,144,19402,-35,34,79,16,0,0,0,0,0,0,0,-32286,0,0,0,0,0,2746262,0
2712016,8676,-1876,492,611,-309,-1020,2781,-251,459,1759,176,19393,14,34,79,16,0,0,0,0,0,0,0,-32285,0,0,0,0,0,2746277,0
2712021,8580,-1706,424,548,-292,-1078,2727,-226,345,1785,160,19393,14,34,79,16,0,0,0,0,0,0,0,-32285,0,0,0,0,0,2746282,0
2712026,8510,-1712,384,415,-204,-1102,2674,-236,216,1791,176,19386,53,34,79,16,0,0,0,0,0,0,0,-32286,0,0,0,0,0,2746297,0
2712031,8292,-1994,402,287,-82,-1088,2618,-241,98,1815,144,19386,53,34,79,16,0,0,0,0,0,0,0,-32285,0,0,0,0,0,2746302,0
2712036,7706,-2294,810,54,121,-995,2559,-266,40,1843,136,19382,79,34,79,16,0,0,0,0,0,0,0,-32286,0,0,0,0,0,2746317,0
2712041,7430,-2618,902,-27,130,-925,2491,-298,-23,1861,104,19382,79,34,79,16,0,0,0,0,0,0,0,-32286,0,0,0,0,0,2746322,0
2712046,7308,-2968,990,-79,172,-860,2414,-333,-62,1899,80,19381,90,34,79,16,0,0,0,0,0,0,0,-32286,0,0,0,0,0,2746337,0
2712051,7036,-2898,1048,-119,228,-756,2327,-391,-133,1927,48,19381,90,34,79,16,0,0,0,0,0,0,0,-32287,0,0,0,0,0,2746342,0
2712056,6554,-2680,994,-405,341,-540,2222,-466,-174,1927,24,19381,90,34,79,16,0,0,0,0,0,0,0,-32287,0,0,0,0,0,2746357,0
2712061,6512,-2848,794,-499,434,-452,2105,-521,-177,1927,0,19381,90,34,79,16,0,0,0,0,0,0,0,-32286,0,0,0,0,0,2746362,0
2712066,6298,-2860,766,-542,442,-354,1976,-573,-206,1964,-40,19384,84,34,79,16,0,0,0,0,0,0,0,-32285,0,0,0,0,0,2746377,0
2712071,6026,-2732,652,-667,469,-258,1829,-652,-215,1980,-48,19384,84,34,79,16,0,0,0,0,0,0,0,-32285,0,0,0,0,0,2746382,0
2712076,5884,-2488,500,-898,538,-134,1668,-705,-220,1993,-96,19388,56,34,79,16,0,0,0,0,0,0,0,-32286,0,0,0,0,0,2746397,0
2712081,5784,-2752,422,-946,566,-31,1504,-731,-203,2070,-104,19388,56,34,79,16,0,0,0,0,0,0,0,-32287,0,0,0,0,0,2746402,0
2712086,5470,-2640,396,-1009,535,4,1332,-760,-179,2077,-88,19392,27,34,79,16,0,0,0,0,0,0,0,-32287,0,0,0,0,0,2746417,0
2712091,5636,-2506,412,-947,481,-9,1164,-738,-118,2127,-80,19392,27,34,79,16,0,0,0,0,0,0,0,-32285,0,0,0,0,0,2746422,0
2712096,5502,-2200,468,-928,414,42,1000,-720,-50,2166,-48,19394,9,34,79,16,0,0,0,0,0,0,0,-32286,0,0,0,0,0,2746437,0
2712101,5822,-2032,396,-888,365,14,844,-677,11,2181,-48,19394,9,34,79,16,0,0,0,0,0,0,0,-32287,0,0,0,0,0,2746442,0
2712106,5998,-2146,456,-810,317,30,702,-619,76,2232,-32,19396,3,34,79,16,0,0,0,0,0,0,0,-32287,0,0,0,0,0,2746457,0
2712111,5928,-1942,528,-846,270,49,566,-594,116,2225,8,19396,3,34,79,16,0,0,0,0,0,0,0,-32286,0,0,0,0,0,2746462,0
2712116,6350,-1678,608,-851,251,30,442,-536,141,2249,8,19395,5,34,79,16,0,0,0,0,0,0,0,-32285,0,0,0,0,0,2746477,0
2712121,6482,-1890,656,-801,239,55,331,-476,159,2292,48,19395,5,34,79,16,0,0,0,0,0,0,0,-32285,0,0,0,0,0,2746482,0
2712126,6408,-1556,716,-798,229,51,230,-438,165,2280,104,19390,29,34,79,16,0,0,0,0,0,0,0,-32286,0,0,0,0,0,2746497,0
2712131,6688,-1682,622,-824,281,64,143,-375,170,2276,160,19390,29,34,79,16,0,0,0,0,0,0,0,-32287,0,0,0,0,0,2746502,0
2712136,6796,-1594,748,-761,324,106,68,-317,189,2278,232,19386,51,34,79,16,0,0,0,0,0,0,0,-32287,0,0,0,0,0,2746517,0
2712141,6680,-1380,756,-765,328,99,4,-274,188,2296,264,19386,51,34,79,16,0,0,0,0,0,0,0,-32287,0,0,0,0,0,2746522,0
2712146,6912,-1364,676,-755,403,96,-46,-216,184,2281,400,19380,75,34,79,16,0,0,0,0,0,0,0,-32287,0,0,0,0,0,2746537,0
2712151,6794,-1378,606,-780,464,131,-87,-168,181,2260,560,19380,75,34,79,16,0,0,0,0,0,0,0,-32287,0,0,0,0,0,2746542,0
2712156,6904,-1270,498,-728,515,118,-112,-99,194,2278,624,19374,94,34,79,16,0,0,0,0,0,0,0,-32286,0,0,0,0,0,2746557,0
2712161,6782,-958,526,-775,529,113,-127,-64,186,2276,736,19374,94,34,79,16,0,0,0,0,0,0,0,-32286,0,0,0,0,0,2746562,0
2712166,6930,-930,428,-776,563,100,-128,3,193,2262,832,19369,123,34,79,16,0,0,0,0,0,0,0,-32286,0,0,0,0,0,2746576,0
2712171,6838,-986,408,-821,605,151,-124,17,186,2303,808,19369,123,34,79,16,0,0,0,0,0,0,0,-32286,0,0,0,0,0,2746581,0
2712176,6564,-996,238,-1115,723,208,-125,-7,140,2326,800,19363,157,34,79,16,0,0,0,0,0,0,0,-32287,0,0,0,0,0,2746596,0
2712181,6348,-1268,234,-1166,781,251,-124,-3,77,2312,808,19363,157,34,79,16,0,0,0,0,0,0,0,-32286,0,0,0,0,0,2746601,0
2712186,6092,-1354,236,-1204,811,282,-122,4,25,2306,800,19359,178,34,79,16,0,0,0,0,0,0,0,-32286,0,0,0,0,0,2746616,0
2712191,5966,-1422,238,-1227,809,300,-120,14,2,2305,800,19359,178,34,79,16,0,0,0,0,0,0,0,-32286,0,0,0,0,0,2746621,0
2712196,5734,-1552,188,-1261,810,353,-116,18,6,2298,800,19359,185,34,79,16,0,0,0,0,0,0,0,-32286,0,0,0,0,0,2746636,0
2712201,5682,-1502,176,-1319,813,373,-116,16,14,2287,792,19359,185,34,79,16,0,0,0,0,0,0,0,-32286,0,0,0,0,0,2746641,0
2712206,5670,-1480,228,-1347,819,386,-113,12,6,2277,808,19358,195,34,79,16,0,0,0,0,0,0,0,-32286,0,0,0,0,0,2746656,0
2712211,5614,-1518,258,-1361,808,394,-111,13,0,2266,800,19358,195,34,79,16,0,0,0,0,0,0,0,-32286,0,0,0,0,0,2746661,0
2712216,5718,-1548,290,-1372,793,408,-107,22,2,2252,808,19361,202,33,79,16,0,0,0,0,0,0,0,-32286,0,0,0,0,0,2746676,0
2712221,5786,-1570,376,-1370,777,405,-101,26,10,2223,848,19361,202,33,79,16,0,0,0,0,0,0,0,-32287,0,0,0,0,0,2746681,0
2712226,5932,-1590,484,-1337,758,395,-91,41,17,2190,920,19359,200,33,79,16,0,0,0,0,0,0,0,-32286,0,0,0,0,0,2746696,0
2712231,6138,-1572,568,-1258,719,354,-71,97,50,2146,1080,19359,200,33,79,16,0,0,0,0,0,0,0,-32287,0,0,0,0,0,2746716,0
2712236,6634,-1570,682,-1085,640,297,-39,139,87,2135,1136,19358,195,34,79,16,0,0,0,0,0,0,0,-32287,0,0,0,0,0,2746719,0
2712241,6804,-1160,732,-1074,578,230,2,189,124,2155,1176,19358,195,34,79,16,0,0,0,0,0,0,0,-32287,0,0,0,0,0,2746724,0
2712246,7256,-1508,670,-1056,575,228,51,213,146,2113,1264,19358,192,34,79,16,0,0,0,0,0,0,0,-32287,0,0,0,0,0,2746737,0
2712251,7236,-1122,850,-1092,553,171,104,231,136,2084,1248,19358,192,34,79,16,0,0,0,0,0,0,0,-32286,0,0,0,0,0,2746742,0
2712256,7774,-1378,1028,-1074,551,106,160,256,101,2083,1312,19352,199,34,79,16,0,0,0,0,0,0,0,-32286,0,0,0,0,0,2746757,0
2712261,8032,-1396,1128,-1031,577,40,223,286,89,2019,1376,19352,199,34,79,16,0,0,0,0,0,0,0,-32286,0,0,0,0,0,2746762,0
2712266,8282,-1542,1160,-999,580,17,292,312,79,2042,1360,19348,214,34,79,16,0,0,0,0,0,0,0,-32286,0,0,0,0,0,2746777,0
2712271,8454,-1570,1236,-1005,593,-3,363,317,77,1975,1344,19348,214,34,79,16,0,0,0,0,0,0,0,-32285,0,0,0,0,0,2746782,0
2712276,8696,-1752,1234,-1055,641,-43,434,316,69,1965,1360,19346,217,34,79,16,0,0,0,0,0,0,0,-32285,0,0,0,0,0,2746797,0
2712281,8616,-1686,1258,-1069,631,-83,504,315,41,1909,1320,19346,217,34,79,16,0,0,0,0,0,0,0,-32285,0,0,0,0,0,2746802,0
2712286,8746,-1922,1152,-1044,620,-93,574,300,12,1907,1304,19348,214,34,79,16,0,0,0,0,0,0,0,-32285,0,0,0,0,0,2746817,0
2712291,8680,-1902,1172,-1111,626,-105,636,275,-19,1847,1192,19348,214,34,79,16,0,0,0,0,0,0,0,-32286,0,0,0,0,0,2746822,0
2712296,8896,-2370,1158,-1139,595,-88,693,243,-41,1842,1088,19350,211,34,79,16,0,0,0,0,0,0,0,-32286,0,0,0,0,0,2746837,0
2712301,8738,-2102,1316,-1219,598,-111,738,195,-75,1770,984,19350,211,34,79,16,0,0,0,0,0,0,0,-32287,0,0,0,0,0,2746842,0
2712306,9012,-2506,1248,-1283,631,-65,771,139,-118,1767,840,19353,199,34,79,16,0,0,0,0,0,0,0,-32287,0,0,0,0,0,2746857,0
2712311,8954,-2426,1478,-1282,615,-102,796,99,-141,1718,720,19353,199,34,79,16,0,0,0,0,0,0,0,-32288,0,0,0,0,0,2746862,0
2712316,9024,-2818,1614,-1327,652,-50,808,40,-165,1696,552,19358,177,34,79,16,0,0,0,0,0,0,0,-32287,0,0,0,0,0,2746877,0
2712321,9116,-2668,1656,-1354,656,-80,807,-8,-170,1653,464,19358,177,34,79,16,0,0,0,0,0,0,0,-32286,0,0,0,0,0,2746881,0
2712326,9256,-2778,1646,-1293,663,-113,801,-19,-170,1568,472,19366,146,34,79,16,0,0,0,0,0,0,0,-32287,0,0,0,0,0,2746896,0
2712331,9218,-2728,1696,-1203,655,-159,802,1,-126,1507,472,19366,146,34,79,16,0,0,0,0,0,0,0,-32287,0,0,0,0,0,2746901,0
2712336,9278,-2700,1500,-1036,555,-257,801,-2,-71,1474,440,19371,121,34,79,16,0,0,0,0,0,0,0,-32287,0,0,0,0,0,2746916,0
2712341,9386,-2542,1398,-972,523,-308,800,0,-10,1425,432,19371,121,34,79,16,0,0,0,0,0,0,0,-32286,0,0,0,0,0,2746921,0
2712346,9320,-2292,1334,-970,538,-327,800,-3,7,1386,408,19374,115,34,79,16,0,0,0,0,0,0,0,-32286,0,0,0,0,0,2746936,0
2712351,9198,-2186,1340,-1025,580,-354,797,-9,-1,1332,376,19374,115,34,79,16,0,0,0,0,0,0,0,-32286,0,0,0,0,0,2746941,0
2712356,9088,-2162,1344,-926,613,-405,795,-5,-6,1290,352,19372,114,34,79,16,0,0,0,0,0,0,0,-32287,0,0,0,0,0,2746956,0
2712361,8786,-1962,1412,-908,669,-398,794,-5,-1,1242,344,19372,114,34,79,16,0,0,0,0,0,0,0,-32286,0,0,0,0,0,2746962,0
2712366,8746,-1766,1330,-884,694,-384,792,-6,-2,1192,320,19374,111,34,79,16,0,0,0,0,0,0,0,-32286,0,0,0,0,0,2746976,0
2712371,8706,-1424,1232,-847,699,-387,792,-8,2,1148,296,19374,111,34,79,16,0,0,0,0,0,0,0,-32286,0,0,0,0,0,2746981,0
2712376,8636,-764,938,-967,749,-326,791,-13,0,1094,280,19375,102,34,79,16,0,0,0,0,0,0,0,-32286,0,0,0,0,0,2746996,0
2712381,8898,-704,966,-1088,769,-305,790,-1,3,1046,264,19375,102,34,79,16,0,0,0,0,0,0,0,-32286,0,0,0,0,0,2747001,0
2712386,9274,-812,1038,-1185,779,-275,789,-6,0,993,256,19375,99,34,79,16,0,0,0,0,0,0,0,-32286,0,0,0,0,0,2747016,0
2712391,9772,-1074,1246,-1345,798,-228,790,-5,-4,948,232,19375,99,34,79,16,0,0,0,0,0,0,0,-32286,0,0,0,0,0,2747021,0
2712396,11148,-1866,1688,-1709,873,-94,788,-5,4,892,232,19376,99,34,79,16,0,0,0,0,0,0,0,-32286,0,0,0,0,0,2747036,0
2712401,11644,-2184,1894,-1915,898,-11,789,-2,2,841,224,19376,99,34,79,16,0,0,0,0,0,0,0,-32286,0,0,0,0,0,2747041,0
2712406,12266,-2636,1970,-2112,922,68,788,-3,-3,796,208,19375,97,34,79,16,0,0,0,0,0,0,0,-32286,0,0,0,0,0,2747056,0
2712411,12770,-3140,1944,-2270,979,149,788,-2,2,745,192,19375,97,34,79,16,0,0,0,0,0,0,0,-32286,0,0,0,0,0,2747061,0
2712416,13220,-4306,2108,-2557,1197,293,788,-2,5,695,176,19375,86,34,79,16,0,0,0,0,0,0,0,-32286,0,0,0,0,0,2747076,0
2712421,13222,-4830,2400,-2526,1262,310,790,10,5,648,160,19375,86,34,79,16,0,0,0,0,0,0,0,-32286,0,0,0,0,0,2747081,0
2712426,13100,-5266,2566,-2422,1328,304,792,11,7,596,152,19379,82,34,79,16,0,0,0,0,0,0,0,-32287,0,0,0,0,0,2747096,0
2712431,12588,-5308,2716,-2361,1431,288,794,7,6,544,144,19379,82,34,79,16,0,0,0,0,0,0,0,-32286,0,0,0,0,0,2747101,0
2712436,11244,-6042,2880,-1867,1481,65,797,13,13,492,120,19382,80,34,79,16,0,0,0,0,0,0,0,-32286,0,0,0,0,0,2747116,0
2712441,10748,-6498,2556,-1344,1565,-19,798,-3,3,446,104,19382,80,34,79,16,0,0,0,0,0,0,0,-32286,0,0,0,0,0,2747121,0
2712446,9520,-5882,2836,-930,1502,-221,799,-3,-4,398,72,19385,75,34,79,16,0,0,0,0,0,0,0,-32286,0,0,0,0,0,2747136,0
2712451,9576,-6352,1994,-637,1406,-344,799,3,-13,347,64,19385,75,34,79,16,0,0,0,0,0,0,0,-32286,0,0,0,0,0,2747141,0
2712456,7508,-5994,1328,-1020,1357,-377,798,-3,-5,297,56,19384,75,34,79,16,0,0,0,0,0,0,0,-32286,0,0,0,0,0,2747156,0
2712461,7112,-6950,776,-1027,1218,-403,799,4,-12,250,40,19384,75,34,79,16,0,0,0,0,0,0,0,-32286,0,0,0,0,0,2747160,0
2712466,6306,-7586,692,-781,980,-445,798,-2,-3,202,24,19383,76,34,79,16,0,0,0,0,0,0,0,-32286,0,0,0,0,0,2747176,0
2712471,5734,-7984,610,-390,717,-445,799,-1,-2,154,24,19383,76,34,79,16,0,0,0,0,0,0,0,-32286,0,0,0,0,0,2747185,0
2712476,4832,-7264,428,98,366,-342,798,-4,-4,104,8,19381,78,34,79,16,0,0,0,0,0,0,0,-32286,0,0,0,0,0,2747195,0
2712481,3764,-6602,314,-259,487,-101,798,4,2,54,0,19381,78,34,79,16,0,0,0,0,0,0,0,-32286,0,0,0,0,0,2747200,0
2712486,3484,-5614,148,-517,322,-67,798,2,-2,10,-16,19377,80,34,79,16,0,0,0,0,0,0,0,-32286,0,0,0,0,0,2747215,0
2712491,3570,-6182,8,-560,509,133,797,-2,1,-34,-24,19377,80,34,79,16,0,0,0,0,0,0,0,-32286,0,0,0,0,0,2747220,0
2712496,2804,-5758,-218,-278,205,201,797,-11,2,-80,-40,19374,76,34,79,16,0,0,0,0,0,0,0,-32286,0,0,0,0,0,2747235,0
2712501,2726,-4790,-168,-79,120,199,798,0,0,-124,-48,19374,76,34,79,16,0,0,0,0,0,0,0,-32286,0,0,0,0,0,2747239,0
2712506,2896,-4024,-182,59,22,183,799,0,3,-175,-56,19375,81,34,79,16,0,0,0,0,0,0,0,-32286,0,0,0,0,0,2747254,0
2712511,3114,-3480,-250,83,-13,161,799,8,3,-222,-72,19375,81,34,79,16,0,0,0,0,0,0,0,-32286,0,0,0,0,0,2747259,0
2712516,3168,-2744,-408,-41,-69,155,799,4,-1,-271,-88,19377,85,34,79,16,0,0,0,0,0,0,0,-32286,0,0,0,0,0,2747274,0
2712521,3058,-2894,-422,-182,-62,217,799,1,-1,-320,-104,19377,85,34,79,16,0,0,0,0,0,0,0,-32286,0,0,0,0,0,2747279,0
2712526,2926,-3338,-518,-514,42,394,799,7,-3,-373,-120,19376,85,34,79,16,0,0,0,0,0,0,0,-32286,0,0,0,0,0,2747294,0
2712531,2746,-3766,-176,-1053,259,661,802,16,6,-427,-112,19376,85,34,79,16,0,0,0,0,0,0,0,-32285,0,0,0,0,0,2747299,0
2712536,3384,-4392,392,-1097,574,760,803,5,8,-478,-144,19375,81,34,79,16,0,0,0,0,0,0,0,-32286,0,0,0,0,0,2747314,0
2712541,3076,-4896,554,-935,619,877,806,5,10,-527,-152,19375,81,34,79,16,0,0,0,0,0,0,0,-32286,0,0,0,0,0,2747319,0
2712546,3038,-5024,496,-894,559,982,813,28,8,-581,-152,19376,86,34,79,16,0,0,0,0,0,0,0,-32286,0,0,0,0,0,2747334,0
2712551,3352,-5272,362,-844,461,1080,820,39,14,-638,-160,19376,86,34,79,16,0,0,0,0,0,0,0,-32286,0,0,0,0,0,2747339,0
2712556,4572,-5250,70,-435,6,1107,833,67,29,-698,-128,19378,91,34,79,16,0,0,0,0,0,0,0,-32286,0,0,0,0,0,2747354,0
2712561,5282,-4942,-56,-260,-261,1086,857,108,58,-758,-120,19378,91,34,79,16,0,0,0,0,0,0,0,-32285,0,0,0,0,0,2747359,0
2712566,6108,-4764,-122,-249,-452,1112,883,113,80,-796,-144,19376,97,34,79,16,0,0,0,0,0,0,0,-32286,0,0,0,0,0,2747374,0
2712571,6554,-4342,14,-403,-586,1115,905,105,76,-857,-128,19376,97,34,79,16,0,0,0,0,0,0,0,-32286,0,0,0,0,0,2747379,0
2712576,7822,-4354,150,-605,-719,1070,933,116,51,-921,-144,19378,86,34,79,16,0,0,0,0,0,0,0,-32286,0,0,0,0,0,2747394,0
2712581,7960,-4500,216,-673,-776,1055,956,95,19,-956,-208,19378,86,34,79,16,0,0,0,0,0,0,0,-32286,0,0,0,0,0,2747399,0
2712586,8162,-4440,276,-719,-824,1021,975,87,-11,-1017,-240,19379,81,34,79,16,0,0,0,0,0,0,0,-32286,0,0,0,0,0,2747414,0
2712591,8320,-4480,316,-736,-757,992,988,56,-31,-1064,-328,19379,81,34,79,16,0,0,0,0,0,0,0,-32286,0,0,0,0,0,2747419,0
2712596,8000,-4598,458,-908,-579,910,991,8,-68,-1101,-456,19379,78,34,79,16,0,0,0,0,0,0,0,-32286,0,0,0,0,0,2747434,0
2712601,7896,-4504,478,-884,-477,822,990,-3,-98,-1170,-496,19379,78,34,79,16,0,0,0,0,0,0,0,-32286,0,0,0,0,0,2747439,0
2712606,7736,-4670,442,-777,-388,747,989,3,-84,-1258,-504,19376,89,34,79,16,0,0,0,0,0,0,0,-32286,0,0,0,0,0,2747454,0
2712611,7332,-4726,384,-695,-360,657,989,-8,-68,-1309,-544,19376,89,34,79,16,0,0,0,0,0,0,0,-32286,0,0,0,0,0,2747458,0
2712616,6842,-4588,104,-581,-301,497,988,-11,-31,-1370,-512,19371,104,34,79,16,0,0,0,0,0,0,0,-32286,0,0,0,0,0,2747473,0
2712621,6600,-4570,26,-540,-307,440,989,-3,-3,-1397,-512,19371,104,34,79,16,0,0,0,0,0,0,0,-32286,0,0,0,0,0,2747478,0
2712626,6306,-4674,-52,-516,-333,379,988,3,3,-1388,-520,19371,114,34,79,16,0,0,0,0,0,0,0,-32285,0,0,0,0,0,2747493,0
2712631,6110,-4840,-130,-470,-386,328,991,7,4,-1387,-520,19371,114,34,79,16,0,0,0,0,0,0,0,-32286,0,0,0,0,0,2747503,0
2712636,5694,-5172,-110,-320,-545,284,991,5,8,-1386,-512,19373,117,34,79,16,0,0,0,0,0,0,0,-32286,0,0,0,0,0,2747513,0
2712641,5594,-5192,-42,-243,-642,270,993,3,5,-1389,-504,19373,117,34,79,16,0,0,0,0,0,0,0,-32286,0,0,0,0,0,2747518,0
2712646,5612,-5300,0,-138,-729,268,995,11,4,-1387,-496,19376,118,34,79,16,0,0,0,0,0,0,0,-32286,0,0,0,0,0,2747533,0
2712651,5606,-5246,68,-28,-784,257,998,15,6,-1391,-472,19376,118,34,79,16,0,0,0,0,0,0,0,-32286,0,0,0,0,0,2747538,0
2712656,5882,-5064,264,200,-869,285,1003,21,11,-1396,-472,19375,121,34,79,16,0,0,0,0,0,0,0,-32286,0,0,0,0,0,2747553,0
2712661,6124,-4924,370,301,-887,300,1009,26,16,-1400,-416,19375,121,34,79,16,0,0,0,0,0,0,0,-32286,0,0,0,0,0,2747557,0
2712666,6280,-4776,492,390,-892,301,1023,64,31,-1419,-304,19375,113,34,79,16,0,0,0,0,0,0,0,-32286,0,0,0,0,0,2747572,0
2712671,6538,-4540,586,535,-917,278,1047,119,55,-1441,-160,19375,113,34,79,16,0,0,0,0,0,0,0,-32286,0,0,0,0,0,2747577,0
2712676,7002,-4068,482,904,-1041,206,1090,201,114,-1414,-96,19374,108,34,79,16,0,0,0,0,0,0,0,-32286,0,0,0,0,0,2747592,0
2712681,7258,-3506,380,1083,-1188,161,1152,274,176,-1378,-40,19374,108,34,79,16,0,0,0,0,0,0,0,-32286,0,0,0,0,0,2747597,0
2712686,7520,-3034,346,1127,-1221,93,1229,344,232,-1359,-24,19376,102,34,79,16,0,0,0,0,0,0,0,-32287,0,0,0,0,0,2747612,0
2712691,7856,-2616,312,1129,-1274,36,1323,419,258,-1361,32,19376,102,34,79,16,0,0,0,0,0,0,0,-32287,0,0,0,0,0,2747617,0
2712696,7918,-2182,500,1165,-1341,-92,1434,497,258,-1358,80,19382,82,34,79,16,0,0,0,0,0,0,0,-32287,0,0,0,0,0,2747632,0
2712701,8036,-2232,384,1150,-1339,-139,1556,543,246,-1334,56,19382,82,34,79,16,0,0,0,0,0,0,0,-32286,0,0,0,0,0,2747637,0
2712706,7938,-2118,414,1164,-1331,-194,1689,580,224,-1351,120,19387,65,34,79,16,0,0,0,0,0,0,0,-32285,0,0,0,0,0,2747652,0
2712711,7992,-2044,406,1123,-1282,-226,1826,612,192,-1369,104,19387,65,34,79,16,0,0,0,0,0,0,0,-32286,0,0,0,0,0,2747657,0
2712716,7676,-2444,260,995,-1222,-210,1969,620,146,-1366,72,19390,47,34,79,16,0,0,0,0,0,0,0,-32287,0,0,0,0,0,2747672,0
2712721,7356,-2664,236,883,-1210,-173,2107,601,84,-1384,64,19390,47,34,79,16,0,0,0,0,0,0,0,-32287,0,0,0,0,0,2747677,0
2712726,7182,-2784,228,800,-1179,-130,2237,575,29,-1397,48,19396,36,34,79,16,0,0,0,0,0,0,0,-32286,0,0,0,0,0,2747692,0
2712731,6980,-2998,214,762,-1151,-91,2364,553,-24,-1405,16,19396,36,34,79,16,0,0,0,0,0,0,0,-32286,0,0,0,0,0,2747697,0
2712736,6602,-3282,148,730,-1169,19,2480,507,-77,-1419,-8,19399,34,34,79,16,0,0,0,0,0,0,0,-32286,0,0,0,0,0,2747712,0
2712741,6574,-3418,46,704,-1151,94,2588,473,-100,-1430,-32,19399,34,34,79,16,0,0,0,0,0,0,0,-32286,0,0,0,0,0,2747717,0
2712746,6468,-3134,64,703,-1157,119,2691,451,-114,-1409,-16,19398,39,34,79,16,0,0,0,0,0,0,0,-32286,0,0,0,0,0,2747732,0
2712751,6556,-3116,78,697,-1148,146,2791,441,-108,-1405,-32,19398,39,34,79,16,0,0,0,0,0,0,0,-32287,0,0,0,0,0,2747737,0
2712756,6530,-3084,128,696,-1154,228,2884,404,-91,-1396,-40,19393,49,34,79,16,0,0,0,0,0,0,0,-32286,0,0,0,0,0,2747755,0
2712761,6640,-3068,116,660,-1137,268,2973,385,-76,-1399,-40,19393,49,34,79,16,0,0,0,0,0,0,0,-32286,0,0,0,0,0,2747760,0
2712766,6644,-2946,266,596,-1082,299,3053,349,-84,-1402,-64,19387,54,34,79,16,0,0,0,0,0,0,0,-32285,0,0,0,0,0,2747772,0
2712771,6834,-2940,308,578,-1027,306,3131,345,-86,-1396,-72,19387,54,34,79,16,0,0,0,0,0,0,0,-32285,0,0,0,0,0,2747777,0
2712776,7024,-3036,506,647,-926,316,3209,344,-78,-1386,-40,19384,61,34,79,16,0,0,0,0,0,0,0,-32285,0,0,0,0,0,2747792,0
2712781,7172,-3040,496,663,-842,342,3281,311,-52,-1389,-96,19384,61,34,79,16,0,0,0,0,0,0,0,-32285,0,0,0,0,0,2747797,0
2712786,7170,-2858,640,590,-741,382,3347,279,-55,-1397,-96,19381,62,34,79,16,0,0,0,0,0,0,0,-32286,0,0,0,0,0,2747811,0
2712791,7430,-2756,598,510,-609,404,3403,248,-70,-1396,-120,19381,62,34,79,16,0,0,0,0,0,0,0,-32286,0,0,0,0,0,2747816,0
2712796,7440,-2952,672,413,-414,496,3453,215,-95,-1390,-144,19380,69,34,79,16,0,0,0,0,0,0,0,-32287,0,0,0,0,0,2747831,0
2712801,7512,-2858,704,399,-320,483,3499,206,-108,-1399,-112,19380,69,34,79,16,0,0,0,0,0,0,0,-32286,0,0,0,0,0,2747836,0
2712806,7846,-3122,532,509,-268,503,3551,227,-80,-1396,-112,19381,70,34,79,16,0,0,0,0,0,0,0,-32286,0,0,0,0,0,2747851,0
2712811,7598,-2682,572,577,-251,485,3609,259,-24,-1387,-64,19381,70,34,79,16,0,0,0,0,0,0,0,-32286,0,0,0,0,0,2747856,0
2712816,8908,-1984,-46,509,-268,448,3681,320,44,-1371,-40,19381,71,34,79,16,0,0,0,0,0,0,0,-32286,0,0,0,0,0,2747871,0
2712821,7830,-2542,366,562,-194,448,3761,360,111,-1359,-40,19381,71,34,79,16,0,0,0,0,0,0,0,-32286,0,0,0,0,0,2747876,0
2712826,7790,-2592,346,559,-278,394,3855,421,154,-1376,0,19382,67,34,79,16,0,0,0,0,0,0,0,-32286,0,0,0,0,0,2747891,0
2712831,8188,-2546,174,663,-319,366,3965,487,181,-1353,40,19382,67,34,79,16,0,0,0,0,0,0,0,-32286,0,0,0,0,0,2747896,0
2712836,8622,-1794,186,856,-311,164,4096,588,212,-1315,152,19383,58,34,79,16,0,0,0,0,0,0,0,-32286,0,0,0,0,0,2747911,0
2712841,8486,-1914,216,963,-311,110,4249,676,255,-1301,168,19383,58,34,79,16,0,0,0,0,0,0,0,-32286,0,0,0,0,0,2747916,0
2712846,8448,-1760,166,958,-353,63,4416,734,282,-1339,232,19388,44,33,79,16,0,0,0,0,0,0,0,-32286,0,0,0,0,0,2747931,0
2712851,8648,-1588,18,917,-392,-1,4593,785,275,-1366,296,19388,44,33,79,16,0,0,0,0,0,0,0,-32286,0,0,0,0,0,2747935,0
2712856,8320,-1826,-100,866,-395,-40,4776,807,234,-1373,328,19394,31,33,79,16,0,0,0,0,0,0,0,-32285,0,0,0,0,0,2747950,0
2712861,8334,-1868,-72,840,-391,-72,4962,815,156,-1382,336,19394,31,33,79,16,0,0,0,0,0,0,0,-32286,0,0,0,0,0,2747955,0
2712866,8216,-1980,84,792,-366,-105,5148,821,102,-1384,320,19401,17,34,79,16,0,0,0,0,0,0,0,-32287,0,0,0,0,0,2747970,0
2712871,8080,-2198,130,716,-315,-113,5333,816,57,-1382,304,19401,17,34,79,16,0,0,0,0,0,0,0,-32286,0,0,0,0,0,2747975,0
2712876,7614,-2706,338,716,-217,-101,5517,804,14,-1389,304,19403,6,34,79,16,0,0,0,0,0,0,0,-32286,0,0,0,0,0,2747990,0
2712881,7756,-3202,236,717,-147,-55,5699,794,-6,-1384,272,19403,6,34,79,16,0,0,0,0,0,0,0,-32286,0,0,0,0,0,2747995,0
2712886,7366,-3388,332,681,-115,22,5870,755,-34,-1387,200,19403,1,34,79,16,0,0,0,0,0,0,0,-32286,0,0,0,0,0,2748010,0
2712891,7248,-3636,318,651,-82,64,6035,716,-64,-1388,152,19403,1,34,79,16,0,0,0,0,0,0,0,-32287,0,0,0,0,0,2748015,0
2712896,6804,-4104,284,652,0,224,6185,652,-108,-1399,96,19398,-3,34,79,16,0,0,0,0,0,0,0,-32286,0,0,0,0,0,2748030,0
2712901,6720,-4182,284,634,36,268,6318,581,-152,-1432,72,19398,-3,34,79,16,0,0,0,0,0,0,0,-32285,0,0,0,0,0,2748035,0
2712906,6714,-4232,224,662,95,315,6442,542,-184,-1443,40,19393,6,34,79,16,0,0,0,0,0,0,0,-32286,0,0,0,0,0,2748050,0
2712911,6552,-4466,128,703,150,392,6552,470,-203,-1444,24,19393,6,34,79,16,0,0,0,0,0,0,0,-32286,0,0,0,0,0,2748055,0
2712916,6368,-4326,-68,705,199,462,6649,414,-201,-1454,-8,19389,28,34,79,16,0,0,0,0,0,0,0,-32286,0,0,0,0,0,2748070,0
2712921,6340,-4192,0,735,215,468,6737,389,-195,-1426,-40,19389,28,34,79,16,0,0,0,0,0,0,0,-32287,0,0,0,0,0,2748075,0
2712926,6342,-4160,-120,795,203,457,6805,386,-165,-1401,-16,19386,43,34,79,16,0,0,0,0,0,0,0,-32286,0,0,0,0,0,2748090,0
2712931,6460,-4294,-198,902,155,427,6892,378,-117,-1386,-48,19386,43,34,79,16,0,0,0,0,0,0,0,-32286,0,0,0,0,0,2748095,0
2712936,6604,-4266,-374,998,-15,406,6972,356,-73,-1391,-56,19383,57,34,79,16,0,0,0,0,0,0,0,-32286,0,0,0,0,0,2748110,0
2712941,6902,-4180,-394,1024,-66,385,7050,344,-45,-1396,-56,19383,57,34,79,16,0,0,0,0,0,0,0,-32285,0,0,0,0,0,2748114,0
2712946,6946,-4132,-326,994,-100,376,7124,321,-47,-1396,-48,19383,56,34,79,16,0,0,0,0,0,0,0,-32285,0,0,0,0,0,2748129,0
2712951,7226,-4018,-194,1036,-170,326,7199,335,-46,-1394,-56,19383,56,34,79,16,0,0,0,0,0,0,0,-32285,0,0,0,0,0,2748134,0
2712956,7748,-3990,4,1263,-253,254,7277,344,-24,-1384,-48,19383,62,34,79,16,0,0,0,0,0,0,0,-32286,0,0,0,0,0,2748149,0
2712961,8088,-3966,-10,1366,-281,238,7355,344,4,-1382,-56,19383,62,34,79,16,0,0,0,0,0,0,0,-32287,0,0,0,0,0,2748154,0
2712966,8178,-3600,50,1359,-264,227,7430,327,2,-1389,-48,19383,66,34,79,16,0,0,0,0,0,0,0,-32287,0,0,0,0,0,2748169,0
2712971,8518,-3276,54,1363,-241,190,7505,328,0,-1387,-48,19383,66,34,79,16,0,0,0,0,0,0,0,-32286,0,0,0,0,0,2748174,0
2712976,8704,-2864,128,1382,-161,146,7579,323,-15,-1386,-56,19384,68,34,79,16,0,0,0,0,0,0,0,-32286,0,0,0,0,0,2748189,0
2712981,8884,-2742,64,1469,-117,94,7657,345,-9,-1379,-32,19384,68,34,79,16,0,0,0,0,0,0,0,-32286,0,0,0,0,0,2748199,0
2712986,8896,-2440,2,1568,-104,46,7747,388,31,-1371,-32,19384,70,34,79,16,0,0,0,0,0,0,0,-32286,0,0,0,0,0,2748209,0
2712991,8936,-2184,-56,1657,-108,-11,7843,423,76,-1369,-16,19384,70,34,79,16,0,0,0,0,0,0,0,-32286,0,0,0,0,0,2748214,0
2712996,8976,-1628,-324,1631,-149,-84,7943,442,96,-1375,8,19384,60,34,79,16,0,0,0,0,0,0,0,-32286,0,0,0,0,0,2748229,0
2713001,9048,-1520,-396,1580,-116,-75,8047,462,94,-1368,0,19384,60,34,79,16,0,0,0,0,0,0,0,-32286,0,0,0,0,0,2748234,0
2713006,8904,-1256,-352,1516,-178,-145,8156,478,82,-1372,-16,19386,53,34,79,16,0,0,0,0,0,0,0,-32286,0,0,0,0,0,2748249,0
2713011,9140,-1238,-458,1499,-171,-187,8269,501,71,-1361,0,19386,53,34,79,16,0,0,0,0,0,0,0,-32287,0,0,0,0,0,2748254,0
2713016,8848,-1040,-332,1401,-168,-216,8380,488,49,-1379,16,19386,48,34,79,16,0,0,0,0,0,0,0,-32286,0,0,0,0,0,2748272,0
2713021,8872,-1142,-554,1248,-126,-167,8487,466,22,-1405,8,19386,48,34,79,16,0,0,0,0,0,0,0,-32286,0,0,0,0,0,2748277,0
2713026,8554,-1312,-676,1068,-228,-166,8589,444,-12,-1421,-40,19387,47,34,79,16,0,0,0,0,0,0,0,-32286,0,0,0,0,0,2748288,0
2713031,9074,-1792,-550,1002,-197,-170,8688,441,-43,-1405,-16,19387,47,34,79,16,0,0,0,0,0,0,0,-32286,0,0,0,0,0,2748293,0
2713036,9364,-2514,276,1089,-162,-174,8789,440,-98,-1387,-24,19387,42,34,79,16,0,0,0,0,0,0,0,-32285,0,0,0,0,0,2748308,0
2713041,9484,-2734,464,1094,-126,-211,8883,421,-64,-1400,-40,19387,42,34,79,16,0,0,0,0,0,0,0,-32286,0,0,0,0,0,2748313,0
2713046,9772,-3208,414,1101,2,-194,8974,400,-61,-1396,-8,19387,52,34,79,16,0,0,0,0,0,0,0,-32287,0,0,0,0,0,2748328,0
2713051,9694,-3534,492,1137,80,-242,9068,414,8,-1392,-24,19387,52,34,79,16,0,0,0,0,0,0,0,-32287,0,0,0,0,0,2748333,0
2713056,9632,-4246,200,1408,70,-326,9164,433,24,-1377,-8,19385,54,34,79,16,0,0,0,0,0,0,0,-32286,0,0,0,0,0,2748348,0
2713061,9508,-4554,-78,1496,-27,-341,9261,425,11,-1372,-16,19385,54,34,79,16,0,0,0,0,0,0,0,-32285,0,0,0,0,0,2748353,0
2713066,9214,-4420,-260,1530,-191,-354,9358,414,10,-1394,-40,19387,59,34,79,16,0,0,0,0,0,0,0,-32285,0,0,0,0,0,2748368,0
2713071,9080,-4204,-522,1467,-277,-350,9441,372,-5,-1402,-64,19387,59,34,79,16,0,0,0,0,0,0,0,-32285,0,0,0,0,0,2748373,0
2713076,8650,-3606,-518,1301,-529,-336,9519,330,-52,-1408,-48,19387,57,34,79,16,0,0,0,0,0,0,0,-32286,0,0,0,0,0,2748388,0
2713081,8440,-3220,-438,1227,-653,-317,9588,297,-105,-1400,-88,19387,57,34,79,16,0,0,0,0,0,0,0,-32286,0,0,0,0,0,2748393,0
2713086,8400,-2880,-308,1147,-740,-282,9644,235,-124,-1406,-152,19386,54,34,79,16,0,0,0,0,0,0,0,-32286,0,0,0,0,0,2748408,0
2713091,8216,-2530,-30,1014,-780,-209,9677,136,-168,-1386,-280,19386,54,34,79,16,0,0,0,0,0,0,0,-32287,0,0,0,0,0,2748412,0
2713096,8432,-1454,952,638,-571,-179,9695,72,-217,-1362,-392,19382,65,34,79,16,0,0,0,0,0,0,0,-32287,0,0,0,0,0,2748428,0
2713101,8184,-1448,1482,474,-427,-161,9700,20,-249,-1336,-512,19382,65,34,79,16,0,0,0,0,0,0,0,-32287,0,0,0,0,0,2748432,0
2713106,8326,-1482,1690,436,-365,-230,9699,4,-233,-1372,-512,19378,86,34,79,16,0,0,0,0,0,0,0,-32287,0,0,0,0,0,2748447,0
2713111,8742,-2056,1650,530,-251,-236,9700,4,-173,-1386,-504,19378,86,34,79,16,0,0,0,0,0,0,0,-32286,0,0,0,0,0,2748452,0
2713116,8978,-2464,1352,746,-243,-348,9698,-6,-94,-1386,-512,19376,94,34,79,16,0,0,0,0,0,0,0,-32286,0,0,0,0,0,2748467,0
2713121,9146,-2556,1020,805,-207,-398,9699,1,-40,-1387,-512,19376,94,34,79,16,0,0,0,0,0,0,0,-32286,0,0,0,0,0,2748478,0
2713126,9314,-2574,584,802,-211,-457,9698,-1,-11,-1389,-512,19374,106,34,79,16,0,0,0,0,0,0,0,-32286,0,0,0,0,0,2748487,0
2713131,9460,-2740,158,758,-196,-519,9699,0,-2,-1385,-520,19374,106,34,79,16,0,0,0,0,0,0,0,-32287,0,0,0,0,0,2748492,0
2713136,9456,-3178,-368,670,-257,-621,9695,-7,-6,-1383,-520,19374,112,34,79,16,0,0,0,0,0,0,0,-32286,0,0,0,0,0,2748507,0
2713141,9520,-3402,-532,687,-333,-673,9692,-12,-6,-1375,-552,19374,112,34,79,16,0,0,0,0,0,0,0,-32286,0,0,0,0,0,2748512,0
2713146,9166,-3524,-474,619,-409,-711,9688,-21,-20,-1382,-560,19374,114,34,79,16,0,0,0,0,0,0,0,-32287,0,0,0,0,0,2748527,0
2713151,9120,-3708,-520,581,-462,-736,9678,-47,-25,-1373,-608,19374,114,34,79,16,0,0,0,0,0,0,0,-32286,0,0,0,0,0,2748532,0
2713156,8368,-4116,-96,344,-557,-735,9657,-102,-45,-1347,-776,19373,121,34,79,16,0,0,0,0,0,0,0,-32286,0,0,0,0,0,2748547,0
2713161,8116,-4268,148,150,-513,-720,9616,-193,-107,-1320,-968,19373,121,34,79,16,0,0,0,0,0,0,0,-32286,0,0,0,0,0,2748552,0
2713166,7920,-4554,410,31,-451,-694,9556,-275,-181,-1316,-1232,19376,121,34,79,16,0,0,0,0,0,0,0,-32286,0,0,0,0,0,2748566,0
2713171,7478,-5180,736,-107,-389,-643,9473,-381,-259,-1344,-1496,19376,121,34,79,16,0,0,0,0,0,0,0,-32285,0,0,0,0,0,2748571,0
2713176,6862,-6344,1082,-228,-338,-554,9359,-510,-314,-1352,-1824,19371,134,34,79,16,0,0,0,0,0,0,0,-32285,0,0,0,0,0,2748586,0
2713181,6304,-6736,1344,-324,-258,-425,9207,-685,-381,-1401,-2256,19371,134,34,79,16,0,0,0,0,0,0,0,-32285,0,0,0,0,0,2748591,0
2713186,5566,-6988,1712,-517,-208,-320,9016,-855,-462,-1403,-2512,19364,165,34,79,16,0,0,0,0,0,0,0,-32286,0,0,0,0,0,2748606,0
2713191,5464,-7604,1870,-621,-93,-201,8787,-1023,-536,-1384,-2920,19364,165,34,79,16,0,0,0,0,0,0,0,-32286,0,0,0,0,0,2748611,0
2713196,4272,-8494,2228,-533,57,72,8520,-1189,-574,-1401,-3224,19350,209,34,79,16,0,0,0,0,0,0,0,-32285,0,0,0,0,0,2748626,0
2713201,3994,-8668,2426,-420,113,214,8219,-1344,-582,-1401,-3488,19350,209,34,79,16,0,0,0,0,0,0,0,-32286,0,0,0,0,0,2748631,0
2713206,3386,-8642,2310,-341,222,340,7887,-1470,-557,-1411,-3784,19337,259,34,79,16,0,0,0,0,0,0,0,-32286,0,0,0,0,0,2748646,0
2713211,3192,-8888,2280,-235,287,496,7530,-1579,-517,-1387,-4024,19337,259,34,79,16,0,0,0,0,0,0,0,-32286,0,0,0,0,0,2748651,0
2713216,2596,-8696,1906,65,395,674,7150,-1683,-464,-1389,-4216,19327,311,34,79,16,0,0,0,0,0,0,0,-32286,0,0,0,0,0,2748666,0
2713221,2098,-8520,1690,179,356,768,6755,-1746,-398,-1380,-4344,19327,311,34,79,16,0,0,0,0,0,0,0,-32285,0,0,0,0,0,2748671,0
2713226,2242,-8186,1400,367,324,817,6348,-1795,-328,-1383,-4448,19318,354,34,79,16,0,0,0,0,0,0,0,-32286,0,0,0,0,0,2748686,0
2713231,2224,-8112,1220,528,293,876,5933,-1822,-256,-1375,-4496,19318,354,34,79,16,0,0,0,0,0,0,0,-32285,0,0,0,0,0,2748691,0
2713236,2626,-7800,780,909,55,966,5507,-1875,-195,-1374,-4552,19311,384,34,79,16,0,0,0,0,0,0,0,-32286,0,0,0,0,0,2748709,0
2713241,3028,-6978,580,1021,-93,964,5075,-1914,-155,-1398,-4664,19311,384,34,79,16,0,0,0,0,0,0,0,-32286,0,0,0,0,0,2748714,0
2713246,3744,-6588,484,1120,-147,995,4628,-1963,-149,-1406,-4720,19306,402,34,79,16,0,0,0,0,0,0,0,-32285,0,0,0,0,0,2748729,0
2713251,4190,-6414,560,1222,-321,1017,4173,-2006,-151,-1410,-4848,19306,402,34,79,16,0,0,0,0,0,0,0,-32286,0,0,0,0,0,2748734,0
2713256,5776,-5102,24,1227,-523,1037,3710,-2033,-160,-1397,-4872,19304,405,34,79,16,0,0,0,0,0,0,0,-32285,0,0,0,0,0,2748748,0
2713261,6280,-4360,418,1247,-649,1002,3246,-2043,-135,-1381,-4952,19304,405,34,79,16,0,0,0,0,0,0,0,-32287,0,0,0,0,0,2748753,0
2713266,6984,-4142,710,1155,-768,1045,2780,-2052,-98,-1366,-4880,19302,414,34,79,16,0,0,0,0,0,0,0,-32286,0,0,0,0,0,2748768,0
2713271,7658,-3154,768,1066,-873,980,2314,-2040,-54,-1378,-4952,19302,414,34,79,16,0,0,0,0,0,0,0,-32286,0,0,0,0,0,2748773,0
2713276,8926,-2578,242,821,-902,906,1853,-2032,-19,-1372,-4976,19305,419,34,79,16,0,0,0,0,0,0,0,-32286,0,0,0,0,0,2748788,0
2713281,9172,-1966,552,632,-916,839,1390,-2032,1,-1407,-4952,19305,419,34,79,16,0,0,0,0,0,0,0,-32285,0,0,0,0,0,2748793,0
2713286,9988,-1876,960,550,-866,767,926,-2039,12,-1406,-4928,19305,438,34,79,16,0,0,0,0,0,0,0,-32286,0,0,0,0,0,2748808,0
2713291,10150,-1396,1262,427,-781,668,463,-2038,5,-1387,-4800,19305,438,34,79,16,0,0,0,0,0,0,0,-32285,0,0,0,0,0,2748813,0
2713296,10546,-1128,1632,113,-559,559,3,-2018,0,-1412,-4752,19305,449,34,79,16,0,0,0,0,0,0,0,-32286,0,0,0,0,0,2748828,0
2713301,10772,-1310,1716,-30,-406,483,-449,-1980,22,-1408,-4640,19305,449,34,79,16,0,0,0,0,0,0,0,-32286,0,0,0,0,0,2748833,0
2713306,10556,-1436,1456,-109,-292,413,-884,-1915,67,-1411,-4512,19303,450,34,79,16,0,0,0,0,0,0,0,-32285,0,0,0,0,0,2748848,0
2713311,10484,-1558,1570,-162,-191,327,-1302,-1830,138,-1389,-4400,19303,450,34,79,16,0,0,0,0,0,0,0,-32286,0,0,0,0,0,2748852,0
2713316,10228,-2088,2270,-95,74,176,-1700,-1741,206,-1394,-4224,19305,442,34,79,16,0,0,0,0,0,0,0,-32286,0,0,0,0,0,2748867,0
2713321,9968,-2128,2076,-55,172,109,-2080,-1654,254,-1390,-4048,19305,442,34,79,16,0,0,0,0,0,0,0,-32287,0,0,0,0,0,2748872,0
2713326,9668,-2098,1790,-67,311,73,-2442,-1584,278,-1389,-3824,19308,415,34,79,16,0,0,0,0,0,0,0,-32285,0,0,0,0,0,2748887,0
2713331,9462,-1944,1820,-89,422,-2,-2790,-1521,276,-1397,-3712,19308,415,34,79,16,0,0,0,0,0,0,0,-32286,0,0,0,0,0,2748892,0
2713336,8786,-2410,1558,-148,619,-47,-3125,-1471,252,-1389,-3608,19312,387,34,79,16,0,0,0,0,0,0,0,-32285,0,0,0,0,0,2748907,0
2713341,8460,-2466,1336,-157,688,-78,-3451,-1425,220,-1392,-3480,19312,387,34,79,16,0,0,0,0,0,0,0,-32286,0,0,0,0,0,2748912,0
2713346,8200,-2742,1080,-179,737,-77,-3769,-1397,184,-1373,-3456,19318,371,34,79,16,0,0,0,0,0,0,0,-32286,0,0,0,0,0,2748927,0
2713351,8002,-2684,1010,-192,744,-68,-4079,-1366,153,-1396,-3448,19318,371,34,79,16,0,0,0,0,0,0,0,-32285,0,0,0,0,0,2748932,0
2713356,7508,-2944,790,-300,768,-16,-4383,-1337,126,-1369,-3312,19322,358,34,79,16,0,0,0,0,0,0,0,-32287,0,0,0,0,0,2748947,0
2713361,7358,-2928,830,-371,791,9,-4684,-1318,108,-1386,-3288,19322,358,34,79,16,0,0,0,0,0,0,0,-32285,0,0,0,0,0,2748952,0
2713366,7200,-2998,632,-406,786,41,-4980,-1296,88,-1399,-3336,19326,342,34,79,16,0,0,0,0,0,0,0,-32286,0,0,0,0,0,2748967,0
2713371,7172,-3096,606,-436,788,79,-5272,-1280,74,-1379,-3296,19326,342,34,79,16,0,0,0,0,0,0,0,-32286,0,0,0,0,0,2748972,0
2713376,7008,-3022,762,-546,777,141,-5562,-1276,67,-1373,-3224,19327,333,34,79,16,0,0,0,0,0,0,0,-32285,0,0,0,0,0,2748987,0
2713381,6966,-3028,852,-585,747,166,-5847,-1258,54,-1394,-3208,19327,333,34,79,16,0,0,0,0,0,0,0,-32286,0,0,0,0,0,2748992,0
2713386,6924,-2798,934,-644,829,194,-6132,-1247,48,-1400,-3248,19330,320,34,79,16,0,0,0,0,0,0,0,-32286,0,0,0,0,0,2749007,0
2713391,7036,-2928,762,-650,812,231,-6414,-1244,42,-1385,-3256,19330,320,34,79,16,0,0,0,0,0,0,0,-32286,0,0,0,0,0,2749012,0
2713396,7050,-3052,884,-773,907,275,-6695,-1235,32,-1372,-3176,19330,311,34,79,16,0,0,0,0,0,0,0,-32286,0,0,0,0,0,2749027,0
2713401,6986,-2748,1260,-797,953,294,-6974,-1230,28,-1382,-3104,19330,311,34,79,16,0,0,0,0,0,0,0,-32285,0,0,0,0,0,2749032,0
2713406,7154,-2882,1132,-792,1032,312,-7253,-1223,26,-1393,-3120,19330,314,34,79,16,0,0,0,0,0,0,0,-32286,0,0,0,0,0,2749047,0
2713411,7064,-2924,1284,-793,1069,337,-7530,-1216,18,-1401,-3080,19330,314,34,79,16,0,0,0,0,0,0,0,-32287,0,0,0,0,0,2749052,0
2713416,7180,-2656,1198,-880,1225,392,-7807,-1212,21,-1400,-3072,19327,316,34,79,16,0,0,0,0,0,0,0,-32285,0,0,0,0,0,2749066,0
2713421,7076,-2544,1484,-931,1277,415,-8081,-1201,20,-1399,-3088,19327,316,34,79,16,0,0,0,0,0,0,0,-32286,0,0,0,0,0,2749071,0
2713426,7062,-2496,1336,-1014,1393,439,-8351,-1186,25,-1400,-3040,19326,318,34,79,16,0,0,0,0,0,0,0,-32287,0,0,0,0,0,2749086,0
2713431,7152,-2394,1260,-1025,1435,451,-8616,-1162,41,-1398,-2936,19326,318,34,79,16,0,0,0,0,0,0,0,-32286,0,0,0,0,0,2749091,0
2713436,7042,-2342,1356,-990,1521,463,-8871,-1121,63,-1392,-2856,19330,311,34,79,16,0,0,0,0,0,0,0,-32286,0,0,0,0,0,2749106,0
2713441,7016,-2302,1312,-1008,1625,484,-9117,-1085,88,-1387,-2720,19330,311,34,79,16,0,0,0,0,0,0,0,-32286,0,0,0,0,0,2749111,0
2713446,6946,-2066,1292,-1060,1639,461,-9352,-1019,120,-1375,-2544,19332,296,34,79,16,0,0,0,0,0,0,0,-32286,0,0,0,0,0,2749126,0
2713451,7078,-2152,1108,-1108,1733,480,-9572,-958,152,-1390,-2504,19332,296,34,79,16,0,0,0,0,0,0,0,-32286,0,0,0,0,0,2749131,0
2713456,6890,-2208,972,-1058,1716,431,-9775,-883,189,-1406,-2280,19336,288,34,79,16,0,0,0,0,0,0,0,-32287,0,0,0,0,0,2749146,0
2713461,6762,-2024,900,-1005,1687,402,-9959,-808,221,-1374,-2216,19336,288,34,79,16,0,0,0,0,0,0,0,-32286,0,0,0,0,0,2749151,0
2713466,6704,-1904,732,-1014,1696,387,-10129,-738,245,-1392,-1936,19339,263,34,79,16,0,0,0,0,0,0,0,-32285,0,0,0,0,0,2749166,0
2713471,6602,-1882,668,-1031,1691,364,-10281,-660,254,-1394,-1792,19339,263,34,79,16,0,0,0,0,0,0,0,-32285,0,0,0,0,0,2749171,0
2713476,6164,-1790,578,-1081,1654,347,-10416,-586,259,-1386,-1664,19343,239,34,79,16,0,0,0,0,0,0,0,-32286,0,0,0,0,0,2749186,0
2713481,6086,-1596,524,-1088,1626,300,-10533,-503,258,-1410,-1424,19343,239,34,79,16,0,0,0,0,0,0,0,-32286,0,0,0,0,0,2749190,0
2713486,6166,-1758,386,-1037,1567,263,-10627,-402,271,-1382,-1240,19350,222,34,79,16,0,0,0,0,0,0,0,-32287,0,0,0,0,0,2749205,0
2713491,5892,-1734,270,-977,1441,223,-10701,-315,296,-1391,-1080,19350,222,34,79,16,0,0,0,0,0,0,0,-32286,0,0,0,0,0,2749210,0
2713496,5874,-1538,-40,-1002,1250,176,-10757,-238,307,-1391,-920,19357,201,34,79,16,0,0,0,0,0,0,0,-32286,0,0,0,0,0,2749225,0
2713501,5856,-1496,-8,-1056,1136,160,-10796,-162,307,-1423,-776,19357,201,34,79,16,0,0,0,0,0,0,0,-32286,0,0,0,0,0,2749230,0
2713506,5768,-1332,148,-1147,1077,113,-10819,-95,282,-1430,-608,19362,181,34,79,16,0,0,0,0,0,0,0,-32286,0,0,0,0,0,2749245,0
2713511,6014,-1554,76,-1149,979,75,-10823,-8,269,-1445,-448,19362,181,34,79,16,0,0,0,0,0,0,0,-32286,0,0,0,0,0,2749250,0
2713516,5772,-1796,102,-1151,820,63,-10817,22,252,-1423,-416,19367,156,34,79,16,0,0,0,0,0,0,0,-32285,0,0,0,0,0,2749265,0
2713521,5880,-1814,242,-1202,821,79,-10810,31,215,-1388,-416,19367,156,34,79,16,0,0,0,0,0,0,0,-32285,0,0,0,0,0,2749269,0
2713526,5870,-1766,524,-1283,900,107,-10802,31,147,-1386,-440,19371,136,34,79,16,0,0,0,0,0,0,0,-32286,0,0,0,0,0,2749285,0
2713531,5818,-1846,760,-1373,979,119,-10801,12,62,-1376,-464,19371,136,34,79,16,0,0,0,0,0,0,0,-32286,0,0,0,0,0,2749289,0
2713536,5988,-2076,1198,-1426,1170,129,-10800,2,-2,-1381,-472,19372,114,34,79,16,0,0,0,0,0,0,0,-32286,0,0,0,0,0,2749304,0
2713541,6070,-2186,1338,-1408,1247,109,-10798,10,-30,-1390,-464,19372,114,34,79,16,0,0,0,0,0,0,0,-32286,0,0,0,0,0,2749309,0
2713546,6248,-2194,1400,-1364,1333,104,-10796,11,-17,-1391,-448,19371,112,34,79,16,0,0,0,0,0,0,0,-32286,0,0,0,0,0,2749324,0
2713551,6320,-2172,1440,-1361,1392,97,-10791,21,-7,-1398,-424,19371,112,34,79,16,0,0,0,0,0,0,0,-32285,0,0,0,0,0,2749329,0
2713556,6560,-2174,1350,-1402,1489,79,-10788,20,8,-1389,-416,19371,116,34,79,16,0,0,0,0,0,0,0,-32285,0,0,0,0,0,2749344,0
2713561,6542,-2162,1342,-1420,1517,62,-10782,27,15,-1390,-416,19371,116,34,79,16,0,0,0,0,0,0,0,-32285,0,0,0,0,0,2749349,0
2713566,6634,-2196,1294,-1420,1526,39,-10773,42,15,-1394,-376,19369,117,34,79,16,0,0,0,0,0,0,0,-32286,0,0,0,0,0,2749364,0
2713571,6770,-2174,1248,-1381,1531,13,-10755,82,36,-1422,-264,19369,117,34,79,16,0,0,0,0,0,0,0,-32286,0,0,0,0,0,2749369,0
2713576,6876,-2312,1040,-1282,1404,-47,-10724,142,73,-1417,-216,19372,114,34,79,16,0,0,0,0,0,0,0,-32286,0,0,0,0,0,2749384,0
2713581,6746,-2246,1030,-1320,1368,-61,-10690,154,107,-1400,-152,19372,114,34,79,16,0,0,0,0,0,0,0,-32286,0,0,0,0,0,2749389,0
2713586,7006,-2182,880,-1281,1267,-98,-10646,195,125,-1397,-112,19373,102,34,79,16,0,0,0,0,0,0,0,-32286,0,0,0,0,0,2749403,0
2713591,6958,-2438,970,-1246,1233,-125,-10587,264,135,-1381,-32,19373,102,34,79,16,0,0,0,0,0,0,0,-32286,0,0,0,0,0,2749408,0
2713596,7110,-2292,794,-1106,909,-225,-10514,333,156,-1371,-24,19377,83,34,79,16,0,0,0,0,0,0,0,-32286,0,0,0,0,0,2749423,0
2713601,7228,-2240,652,-1076,723,-282,-10422,412,192,-1361,24,19377,83,34,79,16,0,0,0,0,0,0,0,-32287,0,0,0,0,0,2749428,0
2713606,7340,-2254,520,-1094,546,-317,-10319,457,222,-1364,48,19382,67,34,79,16,0,0,0,0,0,0,0,-32286,0,0,0,0,0,2749443,0
2713611,7348,-2052,504,-1161,413,-375,-10210,493,220,-1376,56,19382,67,34,79,16,0,0,0,0,0,0,0,-32286,0,0,0,0,0,2749448,0
2713616,7492,-2178,694,-1242,170,-448,-10093,520,178,-1365,56,19387,56,34,79,16,0,0,0,0,0,0,0,-32285,0,0,0,0,0,2749463,0
2713621,7704,-2462,726,-1231,53,-500,-9965,567,142,-1351,104,19387,56,34,79,16,0,0,0,0,0,0,0,-32285,0,0,0,0,0,2749468,0
2713626,7802,-2720,782,-1239,-59,-508,-9835,577,124,-1363,96,19390,45,34,79,16,0,0,0,0,0,0,0,-32286,0,0,0,0,0,2749483,0
2713631,7750,-2716,952,-1275,-133,-523,-9705,564,97,-1378,56,19390,45,34,79,16,0,0,0,0,0,0,0,-32287,0,0,0,0,0,2749487,0
2713636,8120,-2962,1466,-1345,-160,-553,-9579,556,51,-1398,48,19390,35,34,79,16,0,0,0,0,0,0,0,-32286,0,0,0,0,0,2749502,0
2713641,8326,-3192,1646,-1332,-152,-540,-9450,559,15,-1384,40,19390,35,34,79,16,0,0,0,0,0,0,0,-32286,0,0,0,0,0,2749507,0
2713646,8400,-3326,1874,-1329,-145,-546,-9326,543,-16,-1394,32,19390,32,34,79,16,0,0,0,0,0,0,0,-32285,0,0,0,0,0,2749522,0
2713651,8752,-3466,1988,-1300,-110,-534,-9206,526,-26,-1402,24,19390,32,34,79,16,0,0,0,0,0,0,0,-32285,0,0,0,0,0,2749527,0
2713656,9106,-3318,2456,-1231,35,-576,-9083,541,-28,-1388,24,19391,35,34,79,16,0,0,0,0,0,0,0,-32286,0,0,0,0,0,2749542,0
2713661,9200,-3448,2506,-1227,96,-562,-8959,534,-23,-1371,8,19391,35,34,79,16,0,0,0,0,0,0,0,-32286,0,0,0,0,0,2749547,0
2713666,9238,-3244,2574,-1236,189,-566,-8844,507,-19,-1394,0,19392,38,34,79,16,0,0,0,0,0,0,0,-32286,0,0,0,0,0,2749562,0
2713671,9374,-3428,2698,-1254,355,-551,-8734,481,-32,-1419,0,19392,38,34,79,16,0,0,0,0,0,0,0,-32286,0,0,0,0,0,2749567,0
2713676,9288,-3308,2932,-1205,624,-550,-8626,474,-54,-1410,-16,19389,35,34,79,16,0,0,0,0,0,0,0,-32285,0,0,0,0,0,2749581,0
2713681,9282,-3510,2902,-1161,765,-513,-8522,459,-67,-1396,-16,19389,35,34,79,16,0,0,0,0,0,0,0,-32285,0,0,0,0,0,2749586,0
2713686,9052,-3270,2910,-1144,897,-521,-8424,437,-65,-1402,-24,19388,37,34,79,16,0,0,0,0,0,0,0,-32285,0,0,0,0,0,2749601,0
2713691,9192,-3290,2770,-1105,1036,-505,-8328,417,-57,-1395,-24,19388,37,34,79,16,0,0,0,0,0,0,0,-32286,0,0,0,0,0,2749606,0
2713696,8840,-2938,2566,-1044,1203,-509,-8231,423,-55,-1393,-16,19390,39,34,79,16,0,0,0,0,0,0,0,-32286,0,0,0,0,0,2749621,0
2713701,8640,-2734,2366,-998,1228,-536,-8130,443,-28,-1382,16,19390,39,34,79,16,0,0,0,0,0,0,0,-32287,0,0,0,0,0,2749626,0
2713706,8540,-2768,2070,-985,1196,-525,-8024,462,9,-1364,-8,19392,48,34,79,16,0,0,0,0,0,0,0,-32287,0,0,0,0,0,2749641,0
2713711,8372,-2428,1846,-983,1149,-546,-7916,476,38,-1383,16,19392,48,34,79,16,0,0,0,0,0,0,0,-32286,0,0,0,0,0,2749646,0
2713716,8184,-2136,1602,-1092,1049,-552,-7805,492,53,-1377,832,19391,52,34,79,16,0,0,0,0,0,0,0,-32285,0,0,0,0,0,2749661,0
2713721,8652,-748,1470,-834,655,-968,-7640,767,123,-559,1648,19391,52,34,79,16,0,0,0,0,0,0,0,-32286,0,0,0,0,0,2749666,0
2713726,9846,-1942,504,-436,182,-1126,-7393,1125,369,-53,2448,19387,56,34,79,16,0,0,0,0,0,0,0,-32286,0,0,0,0,0,2749681,0
2713731,9636,-1632,-214,-292,-770,-1388,-7075,1435,693,-6,3104,19387,56,34,79,16,0,0,0,0,0,0,0,-32286,0,0,0,0,0,2749685,0
2713736,11618,-2170,-1342,-439,-2046,-1641,-6700,1677,940,8,3576,19385,66,34,79,16,0,0,0,0,0,0,0,-32286,0,0,0,0,0,2749700,0
2713741,12060,-2954,-1178,-735,-2467,-1660,-6283,1852,1014,17,3888,19385,66,34,79,16,0,0,0,0,0,0,0,-32286,0,0,0,0,0,2749705,0
2713746,12202,-3640,-1018,-819,-2776,-1683,-5833,1987,873,13,4136,19383,82,34,79,16,0,0,0,0,0,0,0,-32286,0,0,0,0,0,2749720,0
2713751,13236,-5126,452,-595,-2819,-1773,-5357,2105,686,16,4320,19383,82,34,79,16,0,0,0,0,0,0,0,-32286,0,0,0,0,0,2749725,0
2713756,15044,-6800,3354,167,-2298,-1911,-4862,2175,526,29,4392,19379,93,34,79,16,0,0,0,0,0,0,0,-32286,0,0,0,0,0,2749744,0
2713761,15186,-6888,4764,86,-1634,-1870,-4360,2214,390,36,4392,19379,93,34,79,16,0,0,0,0,0,0,0,-32286,0,0,0,0,0,2749749,0
2713766,14472,-7426,5224,-426,-891,-1706,-3858,2207,270,37,4304,19376,101,34,79,16,0,0,0,0,0,0,0,-32286,0,0,0,0,0,2749760,0
2713771,13390,-8288,4982,-1100,-101,-1455,-3363,2167,137,22,4176,19376,101,34,79,16,0,0,0,0,0,0,0,-32286,0,0,0,0,0,2749765,0
2713776,9856,-9924,4474,-1385,1199,-1120,-2879,2120,11,4,4088,19375,96,34,79,16,0,0,0,0,0,0,0,-32286,0,0,0,0,0,2749780,0
2713781,8480,-10536,3866,-943,1446,-1069,-2410,2062,-84,0,3992,19375,96,34,79,16,0,0,0,0,0,0,0,-32286,0,0,0,0,0,2749785,0
2713786,7436,-10034,3208,-160,1424,-1159,-1955,1992,-154,-6,3840,19376,89,34,79,16,0,0,0,0,0,0,0,-32286,0,0,0,0,0,2749800,0
2713791,6984,-9948,2438,448,1357,-1194,-1515,1934,-197,-3,3720,19376,89,34,79,16,0,0,0,0,0,0,0,-32286,0,0,0,0,0,2749805,0
2713796,5564,-8782,1284,985,1186,-1166,-1094,1840,-223,11,3480,19380,84,33,79,16,0,0,0,0,0,0,0,-32286,0,0,0,0,0,2749820,0
2713801,4216,-8246,970,672,1203,-1021,-694,1759,-250,15,3264,19380,84,33,79,16,0,0,0,0,0,0,0,-32286,0,0,0,0,0,2749825,0
2713806,3458,-8622,-216,286,1014,-859,-315,1655,-282,17,3024,19380,86,33,79,16,0,0,0,0,0,0,0,-32286,0,0,0,0,0,2749840,0
2713811,3116,-8752,-716,148,860,-691,38,1551,-313,11,2776,19380,86,33,79,16,0,0,0,0,0,0,0,-32286,0,0,0,0,0,2749845,0
2713816,3952,-7328,110,912,355,-834,362,1410,-347,13,2440,19380,85,34,79,16,0,0,0,0,0,0,0,-32286,0,0,0,0,0,2749860,0
2713821,3860,-8114,-794,1880,-367,-985,645,1218,-408,23,1968,19380,85,34,79,16,0,0,0,0,0,0,0,-32286,0,0,0,0,0,2749865,0
2713826,2716,-7810,-898,1687,-346,-585,879,1018,-498,17,1536,19377,86,34,79,16,0,0,0,0,0,0,0,-32286,0,0,0,0,0,2749880,0
2713831,2782,-5254,-1072,1449,-879,-640,1068,801,-592,13,1040,19377,86,34,79,16,0,0,0,0,0,0,0,-32286,0,0,0,0,0,2749885,0
2713836,2416,-3950,-306,222,-344,-122,1209,598,-673,11,600,19378,84,34,79,16,0,0,0,0,0,0,0,-32286,0,0,0,0,0,2749900,0
2713841,2808,-4726,-206,-170,-102,82,1309,420,-706,-4,208,19378,84,34,79,16,0,0,0,0,0,0,0,-32286,0,0,0,0,0,2749905,0
2713846,2680,-5162,338,-195,-52,171,1379,292,-667,-30,104,19379,84,34,79,16,0,0,0,0,0,0,0,-32286,0,0,0,0,0,2749920,0
2713851,3300,-5114,560,117,-75,168,1424,182,-597,-27,32,19379,84,34,79,16,0,0,0,0,0,0,0,-32286,0,0,0,0,0,2749924,0
2713856,3684,-3978,596,894,-148,71,1445,74,-501,-21,8,19380,89,33,79,16,0,0,0,0,0,0,0,-32286,0,0,0,0,0,2749939,0
2713861,3854,-2744,136,933,-177,19,1438,-45,-430,6,-32,19380,89,33,79,16,0,0,0,0,0,0,0,-32286,0,0,0,0,0,2749944,0
2713866,4036,-1808,-160,739,-147,-55,1424,-64,-366,0,-32,19379,86,33,79,16,0,0,0,0,0,0,0,-32286,0,0,0,0,0,2749959,0
2713871,4252,-1552,-582,423,-84,-67,1419,-25,-273,-2,-8,19379,86,33,79,16,0,0,0,0,0,0,0,-32286,0,0,0,0,0,2749964,0
2713876,4086,-2532,-686,48,-73,-51,1419,4,-130,-3,0,19380,87,34,79,16,0,0,0,0,0,0,0,-32286,0,0,0,0,0,2749979,0
2713881,4108,-3498,-560,-49,-111,61,1421,11,-7,-1,8,19380,87,34,79,16,0,0,0,0,0,0,0,-32286,0,0,0,0,0,2749984,0
2713886,3388,-3246,-218,-554,68,256,1424,14,61,-4,8,19380,85,34,79,16,0,0,0,0,0,0,0,-32286,0,0,0,0,0,2749999,0
2713891,4160,-4076,-162,-803,-22,358,1431,21,56,-2,8,19380,85,34,79,16,0,0,0,0,0,0,0,-32286,0,0,0,0,0,2750004,0
2713896,4316,-4938,404,-874,-41,573,1436,16,29,1,0,19379,79,34,79,16,0,0,0,0,0,0,0,-32286,0,0,0,0,0,2750019,0
2713901,4726,-5426,414,-677,-142,647,1437,0,10,1,0,19379,79,34,79,16,0,0,0,0,0,0,0,-32286,0,0,0,0,0,2750024,0
2713906,5124,-5474,586,-433,-303,694,1436,-7,-8,0,0,19381,75,34,79,16,0,0,0,0,0,0,0,-32286,0,0,0,0,0,2750039,0
2713911,5718,-5556,682,-260,-410,755,1438,0,-22,0,-8,19381,75,34,79,16,0,0,0,0,0,0,0,-32286,0,0,0,0,0,2750044,0
2713916,6480,-5252,616,-378,-521,890,1438,-1,-21,-1,0,19382,73,34,79,16,0,0,0,0,0,0,0,-32286,0,0,0,0,0,2750059,0
2713921,6726,-5172,498,-493,-517,926,1438,3,-7,1,0,19382,73,34,79,16,0,0,0,0,0,0,0,-32286,0,0,0,0,0,2750064,0
2713926,6908,-5174,298,-514,-527,945,1438,-3,-4,1,-8,19382,75,34,79,16,0,0,0,0,0,0,0,-32286,0,0,0,0,0,2750079,0
2713931,6980,-5156,144,-466,-579,914,1438,1,-1,0,0,19382,75,34,79,16,0,0,0,0,0,0,0,-32286,0,0,0,0,0,2750084,0
2713936,7266,-4746,-252,-219,-702,769,1437,-1,-4,-3,-8,19378,84,34,79,16,0,0,0,0,0,0,0,-32286,0,0,0,0,0,2750099,0
2713941,7460,-4344,-478,-151,-749,695,1438,-5,1,0,0,19378,84,34,79,16,0,0,0,0,0,0,0,-32286,0,0,0,0,0,2750103,0
2713946,7464,-3946,-618,-159,-768,595,1439,4,-1,0,0,19378,82,34,79,16,0,0,0,0,0,0,0,-32286,0,0,0,0,0,2750118,0
2713951,7546,-3834,-648,-241,-761,514,1439,5,1,-1,0,19378,82,34,79,16,0,0,0,0,0,0,0,-32286,0,0,0,0,0,2750123,0
2713956,7406,-3920,-506,-340,-765,346,1440,6,2,-1,8,19380,80,34,79,16,0,0,0,0,0,0,0,-32286,0,0,0,0,0,2750138,0
2713961,7236,-3994,-316,-339,-784,260,1444,15,13,0,0,19380,80,34,79,16,0,0,0,0,0,0,0,-32286,0,0,0,0,0,2750143,0
2713966,7208,-4070,-210,-340,-774,193,1445,13,10,0,0,19380,87,34,79,16,0,0,0,0,0,0,0,-32286,0,0,0,0,0,2750158,0
2713971,7088,-4168,62,-354,-735,156,1448,13,6,0,0,19380,87,34,79,16,0,0,0,0,0,0,0,-32286,0,0,0,0,0,2750163,0
2713976,6732,-4638,576,-475,-616,144,1453,19,11,0,8,19381,82,34,79,16,0,0,0,0,0,0,0,-32285,0,0,0,0,0,2750178,0
2713981,6812,-4852,678,-336,-582,106,1464,44,23,-1,24,19381,82,34,79,16,0,0,0,0,0,0,0,-32286,0,0,0,0,0,2750183,0
2713986,6740,-4896,872,-107,-573,53,1484,88,52,-10,64,19379,82,34,79,16,0,0,0,0,0,0,0,-32286,0,0,0,0,0,2750198,0
2713991,6804,-4884,880,153,-601,-51,1522,181,109,-15,128,19379,82,34,79,16,0,0,0,0,0,0,0,-32286,0,0,0,0,0,2750203,0
2713996,6910,-4426,674,626,-708,-152,1581,268,184,-2,232,19380,76,34,79,16,0,0,0,0,0,0,0,-32286,0,0,0,0,0,2750218,0
2714001,7076,-4164,490,754,-751,-195,1659,347,251,-6,360,19380,76,34,79,16,0,0,0,0,0,0,0,-32286,0,0,0,0,0,2750223,0
2714006,7238,-3822,328,869,-840,-258,1754,432,282,-24,568,19384,79,34,79,16,0,0,0,0,0,0,0,-32286,0,0,0,0,0,2750238,0
2714011,7326,-3640,230,989,-909,-299,1868,511,286,-22,800,19384,79,34,79,16,0,0,0,0,0,0,0,-32285,0,0,0,0,0,2750243,0
2714016,7330,-3306,298,1075,-1007,-337,1995,559,270,12,872,19389,88,34,79,16,0,0,0,0,0,0,0,-32286,0,0,0,0,0,2750258,0
2714021,7394,-3050,434,1052,-1011,-337,2129,588,229,13,952,19389,88,34,79,16,0,0,0,0,0,0,0,-32286,0,0,0,0,0,2750263,0
2714026,7436,-2932,596,1051,-1000,-351,2273,628,196,7,1016,19395,90,34,79,16,0,0,0,0,0,0,0,-32286,0,0,0,0,0,2750278,0
2714031,7512,-3002,656,1086,-963,-344,2421,651,145,7,1024,19395,90,34,79,16,0,0,0,0,0,0,0,-32286,0,0,0,0,0,2750283,0
2714036,7548,-2858,792,1078,-887,-301,2571,654,29,6,1024,19395,90,34,79,16,0,0,0,0,0,0,0,-32286,0,0,0,0,0,2750298,0
2714041,7392,-2762,922,1023,-842,-300,2722,665,1,0,1048,19395,90,34,79,16,0,0,0,0,0,0,0,-32286,0,0,0,0,0,2750303,0
2714046,7518,-2900,734,988,-756,-244,2873,668,5,7,1024,19395,90,34,79,16,0,0,0,0,0,0,0,-32286,0,0,0,0,0,2750318,0
2714051,7202,-2664,858,933,-742,-220,3020,646,39,11,968,19393,87,34,79,16,0,0,0,0,0,0,0,-32286,0,0,0,0,0,2750323,0
2714056,7060,-2806,614,828,-670,-195,3166,644,57,-2,976,19393,87,34,79,16,0,0,0,0,0,0,0,-32286,0,0,0,0,0,2750338,0
2714061,6810,-2962,478,795,-674,-153,3308,629,-25,0,928,19392,78,34,79,16,0,0,0,0,0,0,0,-32286,0,0,0,0,0,2750342,0
2714066,6574,-3016,300,758,-692,-114,3446,594,-43,5,832,19392,78,34,79,16,0,0,0,0,0,0,0,-32286,0,0,0,0,0,2750357,0
2714071,6528,-2984,132,738,-726,-89,3580,583,-54,3,808,19390,67,34,79,16,0,0,0,0,0,0,0,-32286,0,0,0,0,0,2750362,0
2714076,6252,-3242,-140,746,-828,-1,3711,579,-54,-3,792,19390,67,34,79,16,0,0,0,0,0,0,0,-32286,0,0,0,0,0,2750377,0
2714081,6142,-3072,-154,742,-882,28,3837,547,-60,-4,704,19391,66,34,79,16,0,0,0,0,0,0,0,-32285,0,0,0,0,0,2750382,0
2714086,6154,-3116,-206,702,-923,82,3956,520,-71,-5,632,19391,66,34,79,16,0,0,0,0,0,0,0,-32286,0,0,0,0,0,2750397,0
2714091,6256,-2982,-122,668,-963,106,4070,503,-72,-10,640,19390,59,34,79,16,0,0,0,0,0,0,0,-32286,0,0,0,0,0,2750402,0
2714096,6378,-3018,32,614,-980,216,4183,491,-73,-2,584,19390,59,34,79,16,0,0,0,0,0,0,0,-32286,0,0,0,0,0,2750417,0
2714101,6546,-2896,166,574,-970,228,4287,456,-80,4,488,19391,58,34,79,16,0,0,0,0,0,0,0,-32286,0,0,0,0,0,2750422,0
2714106,6766,-2864,190,539,-931,266,4382,414,-80,1,408,19391,58,34,79,16,0,0,0,0,0,0,0,-32286,0,0,0,0,0,2750437,0
2714111,6860,-2718,376,567,-912,256,4474,402,-91,-2,408,19391,57,34,79,16,0,0,0,0,0,0,0,-32286,0,0,0,0,0,2750442,0
2714116,7050,-2688,504,595,-842,274,4563,393,-91,-1,384,19391,57,34,79,16,0,0,0,0,0,0,0,-32286,0,0,0,0,0,2750457,0
2714121,7224,-2772,500,564,-773,307,4647,362,-81,13,288,19393,53,34,79,16,0,0,0,0,0,0,0,-32286,0,0,0,0,0,2750462,0
2714126,7308,-2566,614,546,-720,284,4724,334,-74,17,248,19393,53,34,79,16,0,0,0,0,0,0,0,-32286,0,0,0,0,0,2750477,0
2714131,7552,-2598,516,585,-694,285,4794,298,-80,8,168,19394,63,34,79,16,0,0,0,0,0,0,0,-32286,0,0,0,0,0,2750482,0
2714136,7776,-2242,496,527,-587,224,4855,263,-98,1,144,19394,63,34,79,16,0,0,0,0,0,0,0,-32286,0,0,0,0,0,2750497,0
2714141,7742,-2392,646,502,-484,254,4915,257,-103,-4,136,19395,63,34,79,16,0,0,0,0,0,0,0,-32286,0,0,0,0,0,2750502,0
2714146,7722,-2696,866,456,-434,273,4972,253,-89,0,152,19395,63,34,79,16,0,0,0,0,0,0,0,-32286,0,0,0,0,0,2750516,0
2714151,7978,-2282,936,416,-369,247,5030,260,-60,-3,160,19393,63,34,79,16,0,0,0,0,0,0,0,-32286,0,0,0,0,0,2750521,0
2714156,8012,-2494,1170,455,-111,236,5083,245,-38,8,112,19393,63,34,79,16,0,0,0,0,0,0,0,-32286,0,0,0,0,0,2750536,0
2714161,7994,-2354,1194,544,-15,162,5131,212,-31,0,104,19390,61,34,79,16,0,0,0,0,0,0,0,-32286,0,0,0,0,0,2750541,0
2714166,8010,-2446,980,634,55,148,5175,192,-50,-4,88,19390,61,34,79,16,0,0,0,0,0,0,0,-32286,0,0,0,0,0,2750556,0
2714171,7898,-2226,848,690,58,111,5221,211,-53,-1,96,19388,72,34,79,16,0,0,0,0,0,0,0,-32286,0,0,0,0,0,2750561,0
2714176,7676,-2112,356,632,99,118,5263,193,-49,0,104,19388,72,34,79,16,0,0,0,0,0,0,0,-32286,0,0,0,0,0,2750576,0
2714181,7586,-1962,176,550,123,108,5307,190,-31,-5,104,19387,75,34,79,16,0,0,0,0,0,0,0,-32286,0,0,0,0,0,2750581,0
2714186,7576,-1984,68,505,91,99,5356,219,-3,-1,120,19387,75,34,79,16,0,0,0,0,0,0,0,-32286,0,0,0,0,0,2750596,0
2714191,7400,-1800,12,481,88,69,5414,255,29,-4,168,19388,74,34,79,16,0,0,0,0,0,0,0,-32286,0,0,0,0,0,2750601,0
2714196,7234,-1878,-24,454,25,51,5476,286,53,-1,224,19388,74,34,79,16,0,0,0,0,0,0,0,-32286,0,0,0,0,0,2750616,0
2714201,7102,-1936,-56,467,-25,28,5546,315,93,0,248,19390,72,34,79,16,0,0,0,0,0,0,0,-32286,0,0,0,0,0,2750621,0
2714206,7066,-1740,-16,483,-31,11,5622,333,104,0,288,19390,72,34,79,16,0,0,0,0,0,0,0,-32286,0,0,0,0,0,2750636,0
2714211,6910,-1698,48,508,-91,-15,5706,364,104,-8,344,19391,70,34,79,16,0,0,0,0,0,0,0,-32286,0,0,0,0,0,2750640,0
2714216,6882,-1676,20,532,-137,-45,5794,386,100,-1,392,19391,70,34,79,16,0,0,0,0,0,0,0,-32286,0,0,0,0,0,2750655,0
2714221,6910,-1776,58,545,-126,-60,5888,414,94,-12,472,19394,62,34,79,16,0,0,0,0,0,0,0,-32286,0,0,0,0,0,2750660,0
2714226,6926,-1718,124,562,-138,-92,5991,441,91,-10,520,19394,62,34,79,16,0,0,0,0,0,0,0,-32286,0,0,0,0,0,2750675,0
2714231,6964,-1740,158,557,-133,-95,6096,467,91,-2,592,19394,53,34,79,16,0,0,0,0,0,0,0,-32286,0,0,0,0,0,2750680,0
2714236,7116,-1800,284,548,-117,-100,6204,473,85,0,592,19394,53,34,79,16,0,0,0,0,0,0,0,-32286,0,0,0,0,0,2750698,0
2714241,7128,-1552,370,570,-121,-136,6314,486,63,-1,640,19394,59,34,79,16,0,0,0,0,0,0,0,-32286,0,0,0,0,0,2750703,0
2714246,7288,-1588,390,595,-97,-156,6429,513,59,-5,728,19394,59,34,79,16,0,0,0,0,0,0,0,-32286,0,0,0,0,0,2750718,0
2714251,7342,-1674,430,587,-69,-160,6547,520,57,4,720,19393,61,34,79,16,0,0,0,0,0,0,0,-32286,0,0,0,0,0,2750723,0
2714256,7514,-1596,378,510,-18,-190,6667,522,51,11,696,19393,61,34,79,16,0,0,0,0,0,0,0,-32286,0,0,0,0,0,2750738,0
2714261,7520,-1488,380,482,-3,-236,6788,527,43,2,736,19394,70,34,79,16,0,0,0,0,0,0,0,-32286,0,0,0,0,0,2750743,0
2714266,7768,-1676,344,484,32,-269,6915,554,43,1,792,19394,70,34,79,16,0,0,0,0,0,0,0,-32286,0,0,0,0,0,2750758,0
2714271,7608,-1766,424,412,93,-258,7044,565,40,5,800,19395,70,34,79,16,0,0,0,0,0,0,0,-32286,0,0,0,0,0,2750763,0
2714276,7710,-2190,224,415,96,-314,7176,577,43,3,872,19395,70,34,79,16,0,0,0,0,0,0,0,-32286,0,0,0,0,0,2750778,0
2714281,7718,-2244,226,480,89,-343,7314,617,55,0,944,19396,75,34,79,16,0,0,0,0,0,0,0,-32286,0,0,0,0,0,2750782,0
2714286,7730,-2462,162,524,81,-346,7458,635,65,12,952,19396,75,34,79,16,0,0,0,0,0,0,0,-32286,0,0,0,0,0,2750797,0
2714291,7716,-2508,128,540,52,-367,7602,638,66,5,968,19394,67,34,79,16,0,0,0,0,0,0,0,-32286,0,0,0,0,0,2750802,0
2714296,7836,-2472,98,638,37,-426,7755,674,77,-7,1056,19394,67,34,79,16,0,0,0,0,0,0,0,-32286,0,0,0,0,0,2750817,0
2714301,7818,-2596,70,676,25,-426,7913,689,72,0,1072,19393,70,34,79,16,0,0,0,0,0,0,0,-32286,0,0,0,0,0,2750822,0
2714306,7776,-2610,88,711,0,-462,8075,712,75,0,1120,19393,70,34,79,16,0,0,0,0,0,0,0,-32286,0,0,0,0,0,2750837,0
2714311,7852,-2606,80,743,-4,-486,8242,738,72,3,1176,19391,70,34,79,16,0,0,0,0,0,0,0,-32286,0,0,0,0,0,2750842,0
2714316,7718,-2574,202,809,-17,-501,8410,741,74,6,1168,19391,70,34,79,16,0,0,0,0,0,0,0,-32287,0,0,0,0,0,2750857,0
2714321,7818,-2638,178,818,-18,-511,8577,732,49,2,1144,19390,74,34,79,16,0,0,0,0,0,0,0,-32286,0,0,0,0,0,2750862,0
2714326,7780,-2538,186,856,-20,-520,8747,737,32,0,1144,19390,74,34,79,16,0,0,0,0,0,0,0,-32286,0,0,0,0,0,2750877,0
2714331,7742,-2586,194,866,-18,-510,8911,721,9,5,1104,19394,68,34,79,16,0,0,0,0,0,0,0,-32286,0,0,0,0,0,2750882,0
2714336,7652,-2564,92,866,-68,-496,9071,705,-17,2,1080,19394,68,34,79,16,0,0,0,0,0,0,0,-32286,0,0,0,0,0,2750897,0
2714341,7712,-2544,136,919,-57,-486,9229,693,-44,0,1040,19394,63,34,79,16,0,0,0,0,0,0,0,-32286,0,0,0,0,0,2750902,0
2714346,7644,-2546,216,901,-36,-454,9378,653,-56,3,944,19394,63,34,79,16,0,0,0,0,0,0,0,-32286,0,0,0,0,0,2750917,0
2714351,7704,-2506,170,853,-29,-432,9520,626,-76,-3,904,19394,66,34,79,16,0,0,0,0,0,0,0,-32286,0,0,0,0,0,2750922,0
2714356,7724,-2298,50,862,23,-378,9657,610,-85,-1,864,19394,66,34,79,16,0,0,0,0,0,0,0,-32286,0,0,0,0,0,2750937,0
2714361,7574,-2390,-186,812,-29,-360,9789,580,-96,10,776,19391,68,34,79,16,0,0,0,0,0,0,0,-32286,0,0,0,0,0,2750951,0
2714366,7944,-2608,-386,823,-84,-321,9911,535,-105,1,672,19391,68,34,79,16,0,0,0,0,0,0,0,-32286,0,0,0,0,0,2750961,0
2714371,8230,-2456,-220,852,-97,-311,10029,526,-96,-14,688,19390,69,34,79,16,0,0,0,0,0,0,0,-32286,0,0,0,0,0,2750971,0
2714376,8886,-3106,-86,868,-146,-321,10143,496,-94,-3,608,19390,69,34,79,16,0,0,0,0,0,0,0,-32286,0,0,0,0,0,2750981,0
2714381,9272,-3388,-200,865,-139,-314,10250,463,-91,0,528,19389,70,34,79,16,0,0,0,0,0,0,0,-32286,0,0,0,0,0,2750991,0
2714386,9526,-3760,-308,870,-120,-319,10353,443,-84,-9,504,19389,70,34,79,16,0,0,0,0,0,0,0,-32286,0,0,0,0,0,2751001,0
2714391,9606,-3788,-456,901,-130,-327,10454,441,-74,-8,512,19390,72,34,79,16,0,0,0,0,0,0,0,-32286,0,0,0,0,0,2751011,0
2714396,9866,-4224,-678,992,-350,-300,10550,427,-69,2,456,19390,72,34,79,16,0,0,0,0,0,0,0,-32286,0,0,0,0,0,2751017,0
2714401,10056,-4190,-506,979,-449,-284,10638,387,-66,13,376,19390,71,34,79,16,0,0,0,0,0,0,0,-32286,0,0,0,0,0,2751021,0
2714406,10250,-3864,-360,981,-540,-281,10719,358,-80,13,296,19390,71,34,79,16,0,0,0,0,0,0,0,-32286,0,0,0,0,0,2751036,0
2714411,10320,-3356,-156,916,-553,-272,10791,308,-97,13,216,19391,70,34,79,16,0,0,0,0,0,0,0,-32286,0,0,0,0,0,2751041,0
2714416,10352,-2444,-116,655,-570,-278,10856,286,-114,5,176,19391,70,34,79,16,0,0,0,0,0,0,0,-32286,0,0,0,0,0,2751056,0
2714421,10286,-2234,-120,525,-562,-265,10914,245,-124,0,120,19390,67,34,79,16,0,0,0,0,0,0,0,-32286,0,0,0,0,0,2751061,0
2714426,10140,-2130,-164,420,-591,-218,10964,209,-121,-2,80,19390,67,34,79,16,0,0,0,0,0,0,0,-32286,0,0,0,0,0,2751076,0
2714431,9902,-1642,-22,316,-628,-242,11002,168,-126,-3,48,19391,59,34,79,16,0,0,0,0,0,0,0,-32286,0,0,0,0,0,2751081,0
2714436,9958,-1366,142,8,-692,-242,11022,82,-146,2,16,19391,59,34,79,16,0,0,0,0,0,0,0,-32286,0,0,0,0,0,2751096,0
2714441,10238,-1492,174,-72,-703,-287,11032,41,-184,0,8,19391,56,34,79,16,0,0,0,0,0,0,0,-32286,0,0,0,0,0,2751101,0
2714446,10268,-1432,372,-162,-694,-332,11037,26,-185,0,8,19391,56,34,79,16,0,0,0,0,0,0,0,-32286,0,0,0,0,0,2751116,0
2714451,10334,-1682,500,-262,-677,-373,11041,16,-153,1,0,19391,60,34,79,16,0,0,0,0,0,0,0,-32286,0,0,0,0,0,2751121,0
2714456,10636,-2166,552,-457,-642,-429,11041,4,-107,1,0,19391,60,34,79,16,0,0,0,0,0,0,0,-32286,0,0,0,0,0,2751135,0
2714461,10430,-2296,646,-614,-548,-433,11040,-1,-58,0,0,19391,65,34,79,16,0,0,0,0,0,0,0,-32286,0,0,0,0,0,2751140,0
2714466,10410,-2596,682,-744,-545,-451,11039,-2,-30,0,0,19391,65,34,79,16,0,0,0,0,0,0,0,-32286,0,0,0,0,0,2751155,0
2714471,10574,-2966,608,-824,-510,-456,11040,1,-20,-1,0,19393,73,34,79,16,0,0,0,0,0,0,0,-32286,0,0,0,0,0,2751160,0
2714476,10228,-3616,730,-840,-448,-529,11039,-3,-5,0,0,19393,73,34,79,16,0,0,0,0,0,0,0,-32286,0,0,0,0,0,2751175,0
2714481,10012,-4332,754,-623,-505,-587,11040,-3,-3,-1,0,19394,61,34,79,16,0,0,0,0,0,0,0,-32286,0,0,0,0,0,2751180,0
2714486,9828,-4578,954,-451,-490,-587,11040,0,0,0,0,19394,61,34,79,16,0,0,0,0,0,0,0,-32287,0,0,0,0,0,2751195,0
2714491,9304,-4546,1032,-536,-464,-579,11040,2,2,0,0,19393,58,34,79,16,0,0,0,0,0,0,0,-32287,0,0,0,0,0,2751200,0
2714496,9212,-5086,992,-1080,-318,-490,11039,0,0,0,0,19393,58,34,79,16,0,0,0,0,0,0,0,-32286,0,0,0,0,0,2751215,0
2714501,8700,-5688,1158,-1250,-273,-482,11039,-4,2,-1,0,19394,56,34,79,16,0,0,0,0,0,0,0,-32286,0,0,0,0,0,2751220,0
2714506,8192,-6486,1042,-1182,-280,-518,11039,1,2,0,-8,19394,56,34,79,16,0,0,0,0,0,0,0,-32286,0,0,0,0,0,2751235,0
2714511,8006,-7072,1338,-1070,-256,-487,11039,-1,2,0,0,19394,63,34,79,16,0,0,0,0,0,0,0,-32286,0,0,0,0,0,2751240,0
2714516,7034,-7388,1584,-880,-240,-442,11039,6,-1,-1,0,19394,63,34,79,16,0,0,0,0,0,0,0,-32285,0,0,0,0,0,2751254,0
2714521,6484,-7736,1774,-821,-103,-394,11039,0,2,1,0,19393,71,34,79,16,0,0,0,0,0,0,0,-32286,0,0,0,0,0,2751259,0
2714526,6878,-7920,1946,-594,-156,-404,11037,-5,-3,1,-16,19393,71,34,79,16,0,0,0,0,0,0,0,-32286,0,0,0,0,0,2751274,0
2714531,6994,-7148,3086,916,-148,-977,11020,-78,-29,10,-72,19391,64,34,79,16,0,0,0,0,0,0,0,-32286,0,0,0,0,0,2751279,0
2714536,5522,-8288,2094,2485,-600,-898,10972,-228,-116,24,-216,19391,64,34,79,16,0,0,0,0,0,0,0,-32286,0,0,0,0,0,2751294,0
2714541,5692,-5082,2558,1899,-462,-995,10894,-357,-240,14,-432,19391,61,34,79,16,0,0,0,0,0,0,0,-32286,0,0,0,0,0,2751299,0
2714546,5548,-6010,1126,1184,-109,-817,10783,-511,-372,40,-872,19391,61,34,79,16,0,0,0,0,0,0,0,-32286,0,0,0,0,0,2751314,0
2714551,4800,-6414,1414,729,34,-663,10631,-680,-470,30,-1320,19392,62,34,79,16,0,0,0,0,0,0,0,-32286,0,0,0,0,0,2751319,0
2714556,4274,-7968,1432,773,131,-423,10433,-891,-546,19,-1816,19392,62,34,79,16,0,0,0,0,0,0,0,-32286,0,0,0,0,0,2751334,0
2714561,4218,-7842,1690,938,234,-274,10192,-1084,-602,20,-2248,19393,70,34,79,16,0,0,0,0,0,0,0,-32286,0,0,0,0,0,2751338,0
2714566,3826,-7424,1490,986,302,-99,9902,-1294,-658,13,-2704,19393,70,34,79,16,0,0,0,0,0,0,0,-32286,0,0,0,0,0,2751353,0
2714571,4142,-6682,1370,768,475,95,9567,-1489,-695,6,-3120,19391,74,34,79,16,0,0,0,0,0,0,0,-32286,0,0,0,0,0,2751358,0
2714576,4010,-6740,1694,-166,1212,828,9185,-1691,-710,-5,-3504,19391,74,34,79,16,0,0,0,0,0,0,0,-32286,0,0,0,0,0,2751373,0
2714581,2634,-7296,1156,-188,1053,973,8769,-1852,-692,-21,-3784,19391,80,34,79,16,0,0,0,0,0,0,0,-32286,0,0,0,0,0,2751378,0
2714586,3684,-7620,340,361,799,1109,8322,-1978,-638,-21,-4000,19391,80,34,79,16,0,0,0,0,0,0,0,-32286,0,0,0,0,0,2751393,0
2714591,3978,-6322,338,886,540,1212,7852,-2079,-559,-15,-4160,19389,78,34,79,16,0,0,0,0,0,0,0,-32286,0,0,0,0,0,2751398,0
2714596,5426,-3000,-520,484,373,1364,7368,-2135,-463,-21,-4240,19389,78,34,79,16,0,0,0,0,0,0,0,-32286,0,0,0,0,0,2751413,0
2714601,6184,-2552,-592,90,360,1390,6873,-2171,-352,-10,-4304,19388,78,34,79,16,0,0,0,0,0,0,0,-32286,0,0,0,0,0,2751418,0
2714606,6674,-2194,-328,-144,264,1375,6379,-2180,-239,2,-4312,19388,78,34,79,16,0,0,0,0,0,0,0,-32286,0,0,0,0,0,2751433,0
2714611,7514,-1906,2,-174,158,1309,5885,-2169,-138,0,-4304,19387,73,34,79,16,0,0,0,0,0,0,0,-32286,0,0,0,0,0,2751437,0
2714616,8768,-1330,308,-208,-55,1156,5394,-2160,-51,0,-4288,19387,73,34,79,16,0,0,0,0,0,0,0,-32286,0,0,0,0,0,2751452,0
2714621,9378,-892,468,-359,-148,1063,4903,-2155,-1,-11,-4256,19388,74,34,79,16,0,0,0,0,0,0,0,-32286,0,0,0,0,0,2751457,0
2714626,10212,-536,828,-497,-149,917,4418,-2138,24,-12,-4176,19388,74,34,79,16,0,0,0,0,0,0,0,-32286,0,0,0,0,0,2751472,0
2714631,10642,-440,1282,-539,-168,719,3941,-2099,41,-13,-4064,19387,77,34,79,16,0,0,0,0,0,0,0,-32286,0,0,0,0,0,2751477,0
2714636,11238,-906,1598,-386,-257,321,3473,-2049,72,-8,-3960,19387,77,34,79,16,0,0,0,0,0,0,0,-32286,0,0,0,0,0,2751492,0
2714641,11446,-946,1814,-384,-221,184,3019,-1996,115,1,-3864,19390,78,34,79,16,0,0,0,0,0,0,0,-32286,0,0,0,0,0,2751497,0
2714646,11468,-1020,2254,-494,-55,90,2583,-1916,156,2,-3704,19390,78,34,79,16,0,0,0,0,0,0,0,-32286,0,0,0,0,0,2751512,0
2714651,11360,-1288,2744,-642,227,4,2161,-1851,202,7,-3592,19391,73,34,79,16,0,0,0,0,0,0,0,-32286,0,0,0,0,0,2751517,0
2714656,10704,-2716,2734,-693,643,-115,1757,-1775,231,5,-3440,19391,73,34,79,16,0,0,0,0,0,0,0,-32286,0,0,0,0,0,2751532,0
2714661,10260,-3150,2798,-614,849,-143,1363,-1722,232,-5,-3320,19392,70,34,79,16,0,0,0,0,0,0,0,-32286,0,0,0,0,0,2751537,0
2714666,9602,-3106,2784,-576,1073,-180,980,-1671,225,-11,-3184,19392,70,34,79,16,0,0,0,0,0,0,0,-32285,0,0,0,0,0,2751552,0
2714671,9134,-3086,2432,-610,1301,-190,612,-1613,202,-13,-3032,19393,72,34,79,16,0,0,0,0,0,0,0,-32286,0,0,0,0,0,2751557,0
2714676,8106,-3720,1562,-612,1557,-183,258,-1551,193,-10,-2872,19393,72,34,79,16,0,0,0,0,0,0,0,-32286,0,0,0,0,0,2751572,0
2714681,7320,-3790,1234,-620,1600,-166,-82,-1486,200,-8,-2720,19393,78,34,79,16,0,0,0,0,0,0,0,-32286,0,0,0,0,0,2751577,0
2714686,6986,-3956,830,-612,1588,-135,-405,-1409,217,-10,-2536,19393,78,34,79,16,0,0,0,0,0,0,0,-32286,0,0,0,0,0,2751592,0
2714691,6580,-3950,392,-569,1543,-117,-707,-1318,235,-10,-2344,19392,87,34,79,16,0,0,0,0,0,0,0,-32286,0,0,0,0,0,2751597,0
2714696,5932,-3870,-296,-504,1301,-44,-991,-1242,260,0,-2184,19392,87,34,79,16,0,0,0,0,0,0,0,-32286,0,0,0,0,0,2751612,0
2714701,5822,-3934,-388,-490,1115,8,-1256,-1161,277,5,-2016,19394,89,34,79,16,0,0,0,0,0,0,0,-32286,0,0,0,0,0,2751617,0
2714706,5634,-3570,-506,-474,904,13,-1503,-1081,283,1,-1848,19394,89,34,79,16,0,0,0,0,0,0,0,-32286,0,0,0,0,0,2751631,0
2714711,5738,-3576,-688,-442,684,38,-1736,-1014,274,3,-1736,19392,90,34,79,16,0,0,0,0,0,0,0,-32285,0,0,0,0,0,2751636,0
2714716,5718,-3210,-580,-494,293,115,-1956,-960,251,5,-1616,19392,90,34,79,16,0,0,0,0,0,0,0,-32286,0,0,0,0,0,2751651,0
2714721,5786,-2922,-420,-652,232,185,-2165,-915,228,4,-1544,19391,79,34,79,16,0,0,0,0,0,0,0,-32286,0,0,0,0,0,2751656,0
2714726,5980,-2872,-74,-767,171,220,-2364,-869,197,-7,-1424,19391,79,34,79,16,0,0,0,0,0,0,0,-32286,0,0,0,0,0,2751671,0
2714731,6144,-2928,288,-789,149,266,-2553,-823,174,-3,-1328,19390,66,34,79,16,0,0,0,0,0,0,0,-32285,0,0,0,0,0,2751676,0
2714736,6686,-2870,802,-678,63,276,-2731,-785,160,0,-1240,19390,66,34,79,16,0,0,0,0,0,0,0,-32286,0,0,0,0,0,2751691,0
2714741,6894,-2610,954,-632,68,282,-2902,-744,148,-1,-1152,19392,70,34,79,16,0,0,0,0,0,0,0,-32286,0,0,0,0,0,2751696,0
2714746,7110,-2296,1154,-677,91,294,-3064,-708,145,-2,-1080,19392,70,34,79,16,0,0,0,0,0,0,0,-32286,0,0,0,0,0,2751711,0
2714751,7318,-2124,1332,-774,150,292,-3220,-682,129,0,-1016,19394,61,34,79,16,0,0,0,0,0,0,0,-32286,0,0,0,0,0,2751716,0
2714756,7558,-1990,1588,-876,329,250,-3367,-635,121,-1,-912,19394,61,34,79,16,0,0,0,0,0,0,0,-32286,0,0,0,0,0,2751731,0
2714761,7606,-2010,1608,-861,411,243,-3508,-613,123,-3,-856,19394,57,34,79,16,0,0,0,0,0,0,0,-32286,0,0,0,0,0,2751741,0
2714766,7614,-2080,1616,-830,484,226,-3641,-592,108,2,-808,19394,57,34,79,16,0,0,0,0,0,0,0,-32286,0,0,0,0,0,2751751,0
2714771,7588,-1908,1632,-756,548,170,-3766,-546,113,-2,-672,19394,51,34,79,16,0,0,0,0,0,0,0,-32286,0,0,0,0,0,2751756,0
2714776,7304,-1688,1354,-729,660,140,-3878,-490,122,2,-544,19394,51,34,79,16,0,0,0,0,0,0,0,-32286,0,0,0,0,0,2751771,0
2714781,7050,-1720,1204,-769,711,142,-3985,-464,133,15,-496,19392,61,34,79,16,0,0,0,0,0,0,0,-32286,0,0,0,0,0,2751775,0
2714786,6836,-1814,1018,-811,763,157,-4081,-431,140,7,-432,19392,61,34,79,16,0,0,0,0,0,0,0,-32286,0,0,0,0,0,2751790,0
2714791,6636,-1690,948,-799,758,135,-4168,-374,142,-11,-296,19391,55,34,79,16,0,0,0,0,0,0,0,-32286,0,0,0,0,0,2751795,0
2714796,6220,-1736,754,-659,725,151,-4239,-310,148,-16,-208,19391,55,34,79,16,0,0,0,0,0,0,0,-32286,0,0,0,0,0,2751810,0
2714801,6056,-1848,598,-621,701,175,-4302,-271,161,0,-144,19391,62,34,79,16,0,0,0,0,0,0,0,-32286,0,0,0,0,0,2751815,0
2714806,5744,-1648,624,-612,677,154,-4357,-234,169,8,-128,19391,62,34,79,16,0,0,0,0,0,0,0,-32286,0,0,0,0,0,2751830,0
2714811,5456,-2016,284,-697,538,193,-4402,-190,161,5,-80,19392,59,34,79,16,0,0,0,0,0,0,0,-32286,0,0,0,0,0,2751835,0
2714816,5598,-962,698,-469,683,156,-4441,-168,141,1,-72,19392,59,34,79,16,0,0,0,0,0,0,0,-32286,0,0,0,0,0,2751850,0
2714821,5562,-1042,282,-676,687,212,-4467,-116,132,2,-56,19391,60,34,79,16,0,0,0,0,0,0,0,-32286,0,0,0,0,0,2751855,0
2714826,5424,-1108,18,-894,710,259,-4493,-115,123,6,-40,19391,60,34,79,16,0,0,0,0,0,0,0,-32286,0,0,0,0,0,2751870,0
2714831,5398,-1172,-4,-942,648,236,-4509,-64,118,-5,-16,19390,64,34,79,16,0,0,0,0,0,0,0,-32286,0,0,0,0,0,2751875,0
2714836,5544,-1392,32,-731,575,229,-4509,0,121,-6,0,19390,64,34,79,16,0,0,0,0,0,0,0,-32286,0,0,0,0,0,2751890,0
2714841,5474,-1220,74,-765,527,230,-4506,6,135,-1,0,19393,65,34,79,16,0,0,0,0,0,0,0,-32285,0,0,0,0,0,2751895,0
2714846,5660,-1180,16,-853,513,252,-4504,3,122,2,0,19393,65,34,79,16,0,0,0,0,0,0,0,-32286,0,0,0,0,0,2751910,0
2714851,5804,-1070,122,-949,553,252,-4504,-3,82,0,0,19394,66,34,79,16,0,0,0,0,0,0,0,-32286,0,0,0,0,0,2751915,0
2714856,6018,-1278,384,-1048,579,250,-4503,0,27,0,0,19394,66,34,79,16,0,0,0,0,0,0,0,-32286,0,0,0,0,0,2751930,0
2714861,6126,-1436,456,-1010,567,221,-4503,-1,-8,0,0,19393,61,34,79,16,0,0,0,0,0,0,0,-32286,0,0,0,0,0,2751935,0
2714866,6182,-1566,522,-931,563,208,-4503,0,-5,1,0,19393,61,34,79,16,0,0,0,0,0,0,0,-32286,0,0,0,0,0,2751950,0
2714871,6238,-1568,486,-901,549,201,-4503,0,-2,0,0,19392,63,34,79,16,0,0,0,0,0,0,0,-32286,0,0,0,0,0,2751955,0
2714876,6262,-1536,424,-1076,613,238,-4503,0,-1,-1,0,19392,63,34,79,16,0,0,0,0,0,0,0,-32286,0,0,0,0,0,2751970,0
2714881,6346,-1588,512,-1159,664,265,-4501,10,2,-1,0,19390,78,34,79,16,0,0,0,0,0,0,0,-32286,0,0,0,0,0,2751975,0
2714886,6362,-1794,600,-1160,659,257,-4500,7,7,0,0,19390,78,34,79,16,0,0,0,0,0,0,0,-32286,0,0,0,0,0,2751990,0
2714891,6502,-2068,654,-1046,616,227,-4496,13,8,1,0,19388,81,34,79,16,0,0,0,0,0,0,0,-32286,0,0,0,0,0,2751995,0
2714896,6646,-2200,552,-849,447,209,-4497,-1,-1,2,0,19388,81,34,79,16,0,0,0,0,0,0,0,-32286,0,0,0,0,0,2752010,0
2714901,6824,-2052,554,-851,370,185,-4498,2,1,0,0,19388,73,34,79,16,0,0,0,0,0,0,0,-32286,0,0,0,0,0,2752014,0
2714906,6864,-1972,338,-937,323,205,-4497,-2,-12,0,0,19388,73,34,79,16,0,0,0,0,0,0,0,-32286,0,0,0,0,0,2752029,0
2714911,6870,-1918,286,-1040,234,217,-4497,7,-7,0,0,19388,64,34,79,16,0,0,0,0,0,0,0,-32286,0,0,0,0,0,2752034,0
2714916,7066,-2394,362,-1013,75,194,-4496,1,-1,0,0,19388,64,34,79,16,0,0,0,0,0,0,0,-32286,0,0,0,0,0,2752049,0
2714921,7034,-2378,626,-941,36,163,-4495,3,5,0,0,19389,65,34,79,16,0,0,0,0,0,0,0,-32286,0,0,0,0,0,2752054,0
2714926,7240,-2532,822,-888,30,154,-4495,0,5,-1,0,19389,65,34,79,16,0,0,0,0,0,0,0,-32286,0,0,0,0,0,2752069,0
2714931,7384,-2596,1076,-831,73,149,-4494,7,0,0,0,19390,65,34,79,16,0,0,0,0,0,0,0,-32286,0,0,0,0,0,2752074,0
2714936,7544,-2846,1094,-757,89,130,-4492,12,1,2,0,19390,65,34,79,16,0,0,0,0,0,0,0,-32286,0,0,0,0,0,2752089,0
2714941,7578,-2844,1104,-686,87,125,-4493,0,-1,0,0,19390,69,34,79,16,0,0,0,0,0,0,0,-32286,0,0,0,0,0,2752094,0
2714946,7662,-2888,1120,-614,100,104,-4492,-7,1,0,8,19390,69,34,79,16,0,0,0,0,0,0,0,-32286,0,0,0,0,0,2752109,0
2714951,7784,-2946,1188,-584,133,126,-4490,3,-1,-1,0,19392,61,34,79,16,0,0,0,0,0,0,0,-32286,0,0,0,0,0,2752114,0
2714956,7980,-2774,1278,-659,262,151,-4490,6,-2,-1,0,19392,61,34,79,16,0,0,0,0,0,0,0,-32286,0,0,0,0,0,2752129,0
2714961,8118,-2818,1340,-674,343,150,-4489,1,-1,0,0,19392,61,34,79,16,0,0,0,0,0,0,0,-32286,0,0,0,0,0,2752134,0
2714966,8208,-2868,1338,-657,393,159,-4485,13,6,1,0,19392,61,34,79,16,0,0,0,0,0,0,0,-32286,0,0,0,0,0,2752149,0
2714971,8310,-2986,1360,-632,421,164,-4484,6,7,1,0,19391,55,34,79,16,0,0,0,0,0,0,0,-32286,0,0,0,0,0,2752154,0
2714976,8490,-3034,1400,-616,497,177,-4483,6,-2,0,0,19391,55,34,79,16,0,0,0,0,0,0,0,-32286,0,0,0,0,0,2752169,0
2714981,8596,-2974,1470,-614,505,178,-4482,9,-4,0,0,19391,65,34,79,16,0,0,0,0,0,0,0,-32286,0,0,0,0,0,2752174,0
2714986,8628,-2984,1476,-601,500,176,-4482,7,-5,0,0,19391,65,34,79,16,0,0,0,0,0,0,0,-32286,0,0,0,0,0,2752189,0
2714991,8706,-3038,1466,-586,483,167,-4480,-1,-3,1,-8,19391,68,34,79,16,0,0,0,0,0,0,0,-32286,0,0,0,0,0,2752194,0
2714996,8802,-2938,1460,-527,429,157,-4477,11,6,2,8,19391,68,34,79,16,0,0,0,0,0,0,0,-32286,0,0,0,0,0,2752209,0
2715001,8898,-2836,1468,-525,409,147,-4477,3,-4,0,0,19392,69,34,79,16,0,0,0,0,0,0,0,-32286,0,0,0,0,0,2752214,0
2715006,8840,-2810,1476,-522,408,151,-4476,11,-4,0,0,19392,69,34,79,16,0,0,0,0,0,0,0,-32286,0,0,0,0,0,2752228,0
2715011,8856,-2668,1514,-498,387,145,-4475,3,-2,0,0,19391,70,34,79,16,0,0,0,0,0,0,0,-32286,0,0,0,0,0,2752233,0
2715016,8894,-2510,1604,-468,382,123,-4475,3,1,0,0,19391,70,34,79,16,0,0,0,0,0,0,0,-32286,0,0,0,0,0,2752248,0
2715021,8784,-2392,1664,-447,400,119,-4476,-2,-10,0,0,19389,67,34,79,16,0,0,0,0,0,0,0,-32286,0,0,0,0,0,2752253,0
2715026,8790,-2182,1714,-422,434,124,-4474,2,1,0,0,19389,67,34,79,16,0,0,0,0,0,0,0,-32286,0,0,0,0,0,2752268,0
2715031,8728,-2022,1770,-426,477,111,-4474,1,-1,0,0,19389,68,34,79,16,0,0,0,0,0,0,0,-32286,0,0,0,0,0,2752273,0
2715036,8714,-1628,1806,-443,614,97,-4472,2,-1,0,0,19389,68,34,79,16,0,0,0,0,0,0,0,-32286,0,0,0,0,0,2752288,0
2715041,8698,-1426,1834,-448,681,106,-4470,10,6,0,0,19389,65,34,79,16,0,0,0,0,0,0,0,-32286,0,0,0,0,0,2752293,0
2715046,8670,-1264,1800,-496,750,102,-4467,19,10,0,8,19389,65,34,79,16,0,0,0,0,0,0,0,-32286,0,0,0,0,0,2752308,0
2715051,8604,-1090,1806,-560,802,103,-4463,19,12,-2,16,19389,68,34,79,16,0,0,0,0,0,0,0,-32286,0,0,0,0,0,2752313,0
2715056,8688,-1046,1750,-697,859,116,-4451,53,33,-3,32,19389,68,34,79,16,0,0,0,0,0,0,0,-32286,0,0,0,0,0,2752328,0
2715061,9106,-1158,1750,-685,815,80,-4422,128,61,-9,72,19389,64,34,79,16,0,0,0,0,0,0,0,-32286,0,0,0,0,0,2752333,0
2715066,9412,-1532,1730,-722,775,97,-4381,188,126,-2,128,19389,64,34,79,16,0,0,0,0,0,0,0,-32286,0,0,0,0,0,2752348,0
2715071,9814,-1618,1876,-829,699,89,-4325,256,175,0,192,19393,56,34,79,16,0,0,0,0,0,0,0,-32286,0,0,0,0,0,2752353,0
2715076,10778,-2550,2110,-1143,603,157,-4254,313,213,6,288,19393,56,34,79,16,0,0,0,0,0,0,0,-32286,0,0,0,0,0,2752368,0
2715081,11570,-3176,2134,-1223,558,154,-4166,395,225,-10,440,19396,48,34,79,16,0,0,0,0,0,0,0,-32286,0,0,0,0,0,2752373,0
2715086,12192,-3662,2190,-1215,520,168,-4060,485,242,-25,680,19396,48,34,79,16,0,0,0,0,0,0,0,-32286,0,0,0,0,0,2752388,0
2715091,12532,-4166,2194,-1202,453,164,-3938,535,249,-7,800,19396,43,34,79,16,0,0,0,0,0,0,0,-32286,0,0,0,0,0,2752393,0
2715096,12914,-4852,2162,-1174,513,164,-3802,598,252,7,944,19396,43,34,79,16,0,0,0,0,0,0,0,-32286,0,0,0,0,0,2752408,0
2715101,12604,-4962,2290,-1133,601,131,-3653,669,243,2,1104,19393,65,34,79,16,0,0,0,0,0,0,0,-32286,0,0,0,0,0,2752413,0
2715106,12262,-4978,2112,-990,635,67,-3491,718,229,7,1176,19393,65,34,79,16,0,0,0,0,0,0,0,-32286,0,0,0,0,0,2752428,0
2715111,11586,-4998,2068,-922,767,29,-3323,735,192,13,1192,19393,80,34,79,16,0,0,0,0,0,0,0,-32286,0,0,0,0,0,2752433,0
2715116,10238,-5252,2038,-890,920,-53,-3150,765,163,-1,1264,19393,80,34,79,16,0,0,0,0,0,0,0,-32286,0,0,0,0,0,2752448,0
2715121,9562,-5684,2072,-836,967,-96,-2974,773,122,3,1256,19391,78,34,79,16,0,0,0,0,0,0,0,-32286,0,0,0,0,0,2752453,0
2715126,8818,-6166,2078,-771,972,-126,-2797,777,75,2,1272,19391,78,34,79,16,0,0,0,0,0,0,0,-32286,0,0,0,0,0,2752468,0
2715131,8188,-6638,1868,-689,920,-157,-2620,784,41,4,1272,19391,69,34,79,16,0,0,0,0,0,0,0,-32286,0,0,0,0,0,2752473,0
2715136,6966,-7686,1424,-456,721,-155,-2446,767,24,1,1240,19391,69,34,79,16,0,0,0,0,0,0,0,-32286,0,0,0,0,0,2752488,0
2715141,6480,-8192,1206,-299,553,-148,-2271,771,-2,-5,1248,19391,63,34,79,16,0,0,0,0,0,0,0,-32286,0,0,0,0,0,2752493,0
2715146,6056,-8582,1130,-84,414,-114,-2099,758,-10,0,1224,19391,63,34,79,16,0,0,0,0,0,0,0,-32286,0,0,0,0,0,2752508,0
2715151,5312,-8892,1208,164,169,-78,-1927,750,-18,3,1208,19392,59,34,79,16,0,0,0,0,0,0,0,-32286,0,0,0,0,0,2752513,0
2715156,5004,-8484,886,615,-201,-7,-1758,747,-25,3,1200,19392,59,34,79,16,0,0,0,0,0,0,0,-32286,0,0,0,0,0,2752528,0
2715161,4768,-7956,900,731,-260,36,-1591,730,-19,0,1160,19392,65,34,79,16,0,0,0,0,0,0,0,-32286,0,0,0,0,0,2752533,0
2715166,4620,-7368,826,788,-286,71,-1428,713,-37,-1,1120,19392,65,34,79,16,0,0,0,0,0,0,0,-32286,0,0,0,0,0,2752548,0
2715171,4352,-6710,618,870,-343,84,-1268,709,-42,0,1104,19394,76,34,79,16,0,0,0,0,0,0,0,-32286,0,0,0,0,0,2752552,0
2715176,3790,-5558,278,951,-439,125,-1114,680,-46,9,1024,19394,76,34,79,16,0,0,0,0,0,0,0,-32286,0,0,0,0,0,2752567,0
2715181,3628,-4866,122,987,-495,122,-964,664,-65,0,984,19394,81,34,79,16,0,0,0,0,0,0,0,-32286,0,0,0,0,0,2752572,0
2715186,3676,-4446,-52,1023,-527,129,-816,648,-61,-2,944,19394,81,34,79,16,0,0,0,0,0,0,0,-32286,0,0,0,0,0,2752587,0
2715191,3468,-3976,-102,986,-578,120,-674,620,-60,4,864,19394,83,34,79,16,0,0,0,0,0,0,0,-32286,0,0,0,0,0,2752592,0
2715196,3502,-3184,24,867,-526,108,-536,606,-67,-1,848,19394,83,34,79,16,0,0,0,0,0,0,0,-32286,0,0,0,0,0,2752607,0
2715201,3554,-2942,100,765,-460,110,-400,598,-56,-4,840,19392,71,34,79,16,0,0,0,0,0,0,0,-32286,0,0,0,0,0,2752612,0
2715206,3518,-2904,180,683,-379,137,-268,568,-63,3,752,19392,71,34,79,16,0,0,0,0,0,0,0,-32286,0,0,0,0,0,2752627,0
2715211,3436,-2726,222,603,-304,164,-138,563,-49,-1,744,19391,70,34,79,16,0,0,0,0,0,0,0,-32286,0,0,0,0,0,2752632,0
2715216,3370,-2954,12,530,-226,149,-6,580,-36,-13,832,19391,70,34,79,16,0,0,0,0,0,0,0,-32286,0,0,0,0,0,2752647,0
2715221,3264,-3010,-40,523,-242,163,128,591,-14,1,840,19391,71,34,79,16,0,0,0,0,0,0,0,-32286,0,0,0,0,0,2752652,0
2715226,3234,-3206,-148,527,-313,146,265,602,8,1,872,19391,71,34,79,16,0,0,0,0,0,0,0,-32286,0,0,0,0,0,2752667,0
2715231,3394,-3430,-330,514,-415,146,405,611,30,0,888,19391,68,34,79,16,0,0,0,0,0,0,0,-32286,0,0,0,0,0,2752672,0
2715236,3784,-3908,-384,511,-651,190,548,624,44,0,920,19391,68,34,79,16,0,0,0,0,0,0,0,-32286,0,0,0,0,0,2752690,0
2715241,4040,-4254,-258,489,-779,228,687,613,33,6,888,19390,64,34,79,16,0,0,0,0,0,0,0,-32286,0,0,0,0,0,2752695,0
2715246,4508,-4540,-136,463,-920,293,823,589,8,5,816,19390,64,34,79,16,0,0,0,0,0,0,0,-32286,0,0,0,0,0,2752710,0
2715251,4950,-4840,130,446,-1044,354,955,577,-24,2,776,19391,61,34,79,16,0,0,0,0,0,0,0,-32286,0,0,0,0,0,2752715,0
2715256,5948,-5398,588,290,-1143,545,1078,540,-47,1,672,19391,61,34,79,16,0,0,0,0,0,0,0,-32286,0,0,0,0,0,2752730,0
2715261,6442,-5748,824,188,-1139,647,1192,495,-83,8,536,19391,56,34,79,16,0,0,0,0,0,0,0,-32286,0,0,0,0,0,2752735,0
2715266,6828,-5772,910,139,-1115,719,1294,442,-117,-1,432,19391,56,34,79,16,0,0,0,0,0,0,0,-32286,0,0,0,0,0,2752750,0
2715271,7060,-6056,870,104,-1128,814,1389,416,-138,-15,416,19393,53,34,79,16,0,0,0,0,0,0,0,-32286,0,0,0,0,0,2752755,0
2715276,7438,-5980,646,189,-1089,876,1476,386,-143,2,336,19393,53,34,79,16,0,0,0,0,0,0,0,-32286,0,0,0,0,0,2752770,0
2715281,7406,-5574,520,307,-1122,840,1551,328,-138,17,240,19394,62,34,79,16,0,0,0,0,0,0,0,-32286,0,0,0,0,0,2752775,0
2715286,7646,-5208,264,425,-1098,810,1618,281,-138,12,152,19394,62,34,79,16,0,0,0,0,0,0,0,-32286,0,0,0,0,0,2752790,0
2715291,7636,-4494,98,439,-1069,736,1671,233,-147,-2,96,19402,70,34,79,16,0,0,0,0,0,0,0,-32286,0,0,0,0,0,2752795,0
2715296,7932,-3836,-170,329,-868,580,1718,207,-160,-10,96,19402,70,34,79,16,0,0,0,0,0,0,0,-32285,0,0,0,0,0,2752810,0
2715301,7746,-3488,-146,228,-783,472,1759,182,-156,-5,96,19399,65,34,79,16,0,0,0,0,0,0,0,-32286,0,0,0,0,0,2752815,0
2715306,7806,-3556,-210,158,-704,403,1797,161,-125,-1,72,19399,65,34,79,16,0,0,0,0,0,0,0,-32286,0,0,0,0,0,2752830,0
2715311,7506,-3448,-154,97,-678,276,1831,156,-85,-2,72,19400,70,34,79,16,0,0,0,0,0,0,0,-32286,0,0,0,0,0,2752835,0
2715316,7094,-3648,-246,132,-714,84,1868,148,-50,1,72,19400,70,34,79,16,0,0,0,0,0,0,0,-32287,0,0,0,0,0,2752850,0
2715321,7032,-3964,-366,184,-785,15,1902,149,-33,0,56,19391,70,34,79,16,0,0,0,0,0,0,0,-32287,0,0,0,0,0,2752855,0
2715326,6678,-3990,-396,217,-884,-65,1928,102,-33,5,40,19391,70,34,79,16,0,0,0,0,0,0,0,-32286,0,0,0,0,0,2752870,0
2715331,6656,-4008,-422,283,-1011,-158,1953,106,-41,-4,40,19389,79,34,79,16,0,0,0,0,0,0,0,-32286,0,0,0,0,0,2752875,0
2715336,6508,-3960,-378,414,-1212,-244,1975,97,-50,3,32,19389,79,34,79,16,0,0,0,0,0,0,0,-32285,0,0,0,0,0,2752890,0
2715341,6586,-4030,-326,446,-1261,-275,1996,84,-49,1,48,19389,73,34,79,16,0,0,0,0,0,0,0,-32286,0,0,0,0,0,2752895,0
2715346,6694,-4050,-140,394,-1284,-247,2024,127,-20,-4,56,19389,73,34,79,16,0,0,0,0,0,0,0,-32286,0,0,0,0,0,2752910,0
2715351,6692,-4020,124,304,-1223,-181,2053,121,15,3,64,19390,77,34,79,16,0,0,0,0,0,0,0,-32286,0,0,0,0,0,2752915,0
2715356,6932,-4304,646,320,-1075,-128,2091,165,41,-2,96,19390,77,34,79,16,0,0,0,0,0,0,0,-32286,0,0,0,0,0,2752930,0
2715361,6774,-4196,958,426,-1013,-133,2137,209,72,-2,152,19390,75,34,79,16,0,0,0,0,0,0,0,-32286,0,0,0,0,0,2752935,0
2715366,7122,-4242,1086,655,-961,-138,2201,279,117,-8,248,19390,75,34,79,16,0,0,0,0,0,0,0,-32286,0,0,0,0,0,2752950,0
2715371,7106,-4002,1240,868,-899,-148,2277,343,157,-5,360,19389,63,34,79,16,0,0,0,0,0,0,0,-32286,0,0,0,0,0,2752955,0
2715376,7388,-3636,1124,1073,-840,-149,2370,407,203,-14,472,19389,63,34,79,16,0,0,0,0,0,0,0,-32286,0,0,0,0,0,2752970,0
2715381,7324,-3314,960,1105,-826,-181,2469,441,207,-11,568,19390,57,34,79,16,0,0,0,0,0,0,0,-32286,0,0,0,0,0,2752975,0
2715386,7608,-3226,694,1182,-837,-190,2580,486,196,-7,688,19390,57,34,79,16,0,0,0,0,0,0,0,-32285,0,0,0,0,0,2752990,0
2715391,7460,-2972,542,1227,-870,-221,2702,542,172,3,832,19391,57,34,79,16,0,0,0,0,0,0,0,-32286,0,0,0,0,0,2752995,0
2715396,7394,-2780,148,1282,-942,-247,2831,578,161,8,912,19391,57,34,79,16,0,0,0,0,0,0,0,-32286,0,0,0,0,0,2753010,0
2715401,7350,-2570,54,1233,-980,-242,2968,597,146,16,912,19391,58,34,79,16,0,0,0,0,0,0,0,-32286,0,0,0,0,0,2753015,0
2715406,7314,-2602,-52,1155,-998,-243,3108,618,125,8,944,19391,58,34,79,16,0,0,0,0,0,0,0,-32286,0,0,0,0,0,2753030,0
2715411,7158,-2574,-30,1093,-1031,-241,3252,633,104,4,968,19391,72,34,79,16,0,0,0,0,0,0,0,-32286,0,0,0,0,0,2753035,0
2715416,6836,-2780,-20,996,-1106,-162,3397,631,69,6,944,19391,72,34,79,16,0,0,0,0,0,0,0,-32286,0,0,0,0,0,2753050,0
2715421,6796,-2880,-84,928,-1147,-146,3538,623,39,11,912,19391,70,34,79,16,0,0,0,0,0,0,0,-32286,0,0,0,0,0,2753055,0
2715426,6750,-2908,-38,894,-1155,-115,3680,625,13,4,912,19391,70,34,79,16,0,0,0,0,0,0,0,-32286,0,0,0,0,0,2753070,0
2715431,6646,-2974,48,873,-1174,-67,3818,607,-14,4,872,19393,65,34,79,16,0,0,0,0,0,0,0,-32286,0,0,0,0,0,2753074,0
2715436,6678,-3108,80,841,-1154,-18,3950,580,-29,6,784,19393,65,34,79,16,0,0,0,0,0,0,0,-32286,0,0,0,0,0,2753089,0
2715441,6642,-2966,202,817,-1145,-1,4081,570,-43,-4,768,19393,62,34,79,16,0,0,0,0,0,0,0,-32285,0,0,0,0,0,2753094,0
2715446,6680,-3070,228,802,-1095,33,4208,558,-49,-1,728,19393,62,34,79,16,0,0,0,0,0,0,0,-32286,0,0,0,0,0,2753109,0
2715451,6670,-3022,284,775,-1052,64,4328,526,-60,6,640,19394,64,34,79,16,0,0,0,0,0,0,0,-32286,0,0,0,0,0,2753114,0
2715456,6816,-2978,358,764,-951,103,4439,488,-74,0,536,19394,64,34,79,16,0,0,0,0,0,0,0,-32286,0,0,0,0,0,2753129,0
2715461,6912,-3170,334,802,-893,125,4547,470,-89,-9,528,19394,60,34,79,16,0,0,0,0,0,0,0,-32286,0,0,0,0,0,2753134,0
2715466,6970,-3056,346,805,-863,133,4650,449,-89,-7,472,19394,60,34,79,16,0,0,0,0,0,0,0,-32286,0,0,0,0,0,2753149,0
2715471,7080,-2880,334,792,-812,139,4746,418,-91,1,408,19393,63,34,79,16,0,0,0,0,0,0,0,-32286,0,0,0,0,0,2753154,0
2715476,7284,-2712,264,802,-716,154,4832,383,-90,7,328,19393,63,34,79,16,0,0,0,0,0,0,0,-32287,0,0,0,0,0,2753169,0
2715481,7374,-2652,240,806,-681,145,4914,365,-101,2,312,19395,61,33,79,16,0,0,0,0,0,0,0,-32286,0,0,0,0,0,2753174,0
2715486,7128,-2788,-472,940,-843,126,4992,342,-103,4,288,19395,61,33,79,16,0,0,0,0,0,0,0,-32286,0,0,0,0,0,2753189,0
2715491,8216,-1996,-296,715,-701,156,5067,320,-84,7,232,19396,63,34,79,16,0,0,0,0,0,0,0,-32286,0,0,0,0,0,2753194,0
2715496,7502,-2494,326,611,-501,169,5133,287,-75,11,168,19396,63,34,79,16,0,0,0,0,0,0,0,-32286,0,0,0,0,0,2753209,0
2715501,7688,-2760,260,674,-538,161,5194,264,-75,-1,152,19398,65,34,79,16,0,0,0,0,0,0,0,-32286,0,0,0,0,0,2753214,0
2715506,8156,-2256,158,587,-425,204,5250,242,-90,-9,136,19398,65,34,79,16,0,0,0,0,0,0,0,-32286,0,0,0,0,0,2753229,0
2715511,8000,-1826,504,512,-243,177,5301,224,-87,-4,112,19398,63,34,79,16,0,0,0,0,0,0,0,-32286,0,0,0,0,0,2753234,0
2715516,8118,-2426,454,628,-126,130,5354,229,-66,-1,120,19398,63,34,79,16,0,0,0,0,0,0,0,-32286,0,0,0,0,0,2753249,0
2715521,7888,-2240,468,717,-102,109,5407,233,-42,-4,136,19396,65,34,79,16,0,0,0,0,0,0,0,-32286,0,0,0,0,0,2753254,0
2715526,7860,-2284,120,798,-114,73,5461,243,-14,0,152,19396,65,34,79,16,0,0,0,0,0,0,0,-32286,0,0,0,0,0,2753269,0
2715531,7836,-2276,-156,830,-136,94,5518,243,4,0,152,19395,69,34,79,16,0,0,0,0,0,0,0,-32286,0,0,0,0,0,2753274,0
2715536,7580,-1638,-256,502,-87,123,5575,242,19,3,128,19395,69,34,79,16,0,0,0,0,0,0,0,-32286,0,0,0,0,0,2753289,0
2715541,7738,-1852,-292,365,-33,156,5633,254,23,-3,176,19393,65,34,79,16,0,0,0,0,0,0,0,-32286,0,0,0,0,0,2753294,0
2715546,7418,-2006,-170,314,-27,176,5699,283,31,-2,216,19393,65,34,79,16,0,0,0,0,0,0,0,-32286,0,0,0,0,0,2753309,0
2715551,7404,-2182,-36,305,-5,180,5771,315,42,4,280,19392,67,34,79,16,0,0,0,0,0,0,0,-32286,0,0,0,0,0,2753314,0
2715556,7300,-2398,-70,454,-58,170,5854,366,82,-8,368,19392,67,34,79,16,0,0,0,0,0,0,0,-32286,0,0,0,0,0,2753329,0
2715561,7248,-2312,-22,575,-83,141,5950,429,126,-19,520,19391,64,34,79,16,0,0,0,0,0,0,0,-32286,0,0,0,0,0,2753334,0
2715566,7192,-2366,-2,635,-116,113,6061,482,159,-16,672,19391,64,34,79,16,0,0,0,0,0,0,0,-32286,0,0,0,0,0,2753349,0
2715571,7360,-2262,-38,704,-111,89,6179,531,180,-3,808,19389,65,34,79,16,0,0,0,0,0,0,0,-32286,0,0,0,0,0,2753354,0
2715576,7442,-2150,-50,822,-150,-4,6312,583,185,0,952,19389,65,34,79,16,0,0,0,0,0,0,0,-32286,0,0,0,0,0,2753369,0
2715581,7546,-2206,-46,943,-143,-51,6457,647,185,0,1072,19394,69,34,79,16,0,0,0,0,0,0,0,-32286,0,0,0,0,0,2753374,0
2715586,7558,-2306,-50,984,-146,-76,6614,683,181,10,1120,19394,69,34,79,16,0,0,0,0,0,0,0,-32286,0,0,0,0,0,2753389,0
2715591,7574,-2264,-86,1009,-164,-99,6776,724,176,9,1192,19395,72,34,79,16,0,0,0,0,0,0,0,-32286,0,0,0,0,0,2753394,0
2715596,7698,-2292,-14,1056,-116,-135,6947,755,158,5,1240,19395,72,34,79,16,0,0,0,0,0,0,0,-32286,0,0,0,0,0,2753409,0
2715601,7672,-2378,16,1021,-91,-152,7118,755,124,11,1208,19396,68,34,79,16,0,0,0,0,0,0,0,-32286,0,0,0,0,0,2753414,0
2715606,7900,-2350,-46,1021,-54,-172,7296,778,94,0,1256,19396,68,34,79,16,0,0,0,0,0,0,0,-32286,0,0,0,0,0,2753429,0
2715611,7842,-2440,16,1000,3,-165,7472,769,67,10,1216,19391,60,34,79,16,0,0,0,0,0,0,0,-32286,0,0,0,0,0,2753434,0
2715616,7934,-2656,10,952,75,-203,7646,765,28,6,1200,19391,60,34,79,16,0,0,0,0,0,0,0,-32286,0,0,0,0,0,2753449,0
2715621,7886,-2776,42,987,88,-221,7819,765,0,-1,1200,19392,64,34,79,16,0,0,0,0,0,0,0,-32286,0,0,0,0,0,2753454,0
2715626,7856,-2966,6,1002,121,-221,7988,745,-14,6,1152,19392,64,34,79,16,0,0,0,0,0,0,0,-32286,0,0,0,0,0,2753469,0
2715631,7844,-3034,-42,986,118,-218,8153,726,-30,0,1112,19392,67,34,79,16,0,0,0,0,0,0,0,-32286,0,0,0,0,0,2753474,0
2715636,7802,-3218,4,987,159,-209,8316,718,-43,0,1080,19392,67,34,79,16,0,0,0,0,0,0,0,-32286,0,0,0,0,0,2753489,0
2715641,7644,-3240,26,972,146,-219,8475,696,-54,4,1024,19392,69,34,79,16,0,0,0,0,0,0,0,-32285,0,0,0,0,0,2753494,0
2715646,7816,-3340,-84,1002,158,-224,8626,670,-62,0,976,19392,69,34,79,16,0,0,0,0,0,0,0,-32286,0,0,0,0,0,2753509,0
2715651,7740,-3362,4,1035,147,-237,8777,661,-63,-1,968,19392,66,34,79,16,0,0,0,0,0,0,0,-32286,0,0,0,0,0,2753514,0
2715656,7662,-3462,10,1115,119,-248,8920,629,-68,0,904,19392,66,34,79,16,0,0,0,0,0,0,0,-32286,0,0,0,0,0,2753529,0
2715661,7760,-3308,-38,1132,100,-259,9060,603,-70,3,848,19392,68,34,79,16,0,0,0,0,0,0,0,-32286,0,0,0,0,0,2753544,0
2715666,7880,-3206,-44,1163,102,-288,9197,609,-67,-2,864,19392,68,34,79,16,0,0,0,0,0,0,0,-32286,0,0,0,0,0,2753548,0
2715671,7836,-3238,-92,1193,100,-293,9330,581,-58,-1,808,19391,62,34,79,16,0,0,0,0,0,0,0,-32285,0,0,0,0,0,2753553,0
2715676,7772,-3172,-564,1190,-79,-280,9457,553,-62,-6,736,19391,62,34,79,16,0,0,0,0,0,0,0,-32285,0,0,0,0,0,2753568,0
2715681,8066,-2888,-434,1281,-119,-318,9583,549,-58,-11,752,19392,64,34,79,16,0,0,0,0,0,0,0,-32286,0,0,0,0,0,2753573,0
2715686,8218,-2676,-262,1356,-149,-319,9707,539,-54,-3,720,19392,64,34,79,16,0,0,0,0,0,0,0,-32286,0,0,0,0,0,2753588,0
2715691,8274,-2594,-268,1365,-207,-336,9824,517,-48,4,664,19393,68,34,79,16,0,0,0,0,0,0,0,-32286,0,0,0,0,0,2753593,0
2715696,8650,-1962,-390,1347,-244,-359,9941,505,-48,-3,648,19393,68,34,79,16,0,0,0,0,0,0,0,-32286,0,0,0,0,0,2753608,0
2715701,8940,-1774,-326,1364,-260,-402,10057,508,-41,-8,672,19392,73,34,79,16,0,0,0,0,0,0,0,-32286,0,0,0,0,0,2753613,0
2715706,9082,-1536,-228,1396,-257,-407,10171,496,-31,0,608,19392,73,34,79,16,0,0,0,0,0,0,0,-32286,0,0,0,0,0,2753628,0
2715711,9196,-1412,-218,1389,-265,-433,10282,482,-29,3,608,19391,73,34,79,16,0,0,0,0,0,0,0,-32286,0,0,0,0,0,2753633,0
2715716,9490,-946,-304,1265,-207,-490,10391,475,-26,-5,608,19391,73,34,79,16,0,0,0,0,0,0,0,-32286,0,0,0,0,0,2753648,0
2715721,9586,-982,-410,1217,-209,-536,10500,477,-23,-8,624,19391,72,34,79,16,0,0,0,0,0,0,0,-32286,0,0,0,0,0,2753653,0
2715726,9742,-1138,-438,1187,-193,-542,10608,471,-25,1,576,19391,72,34,79,16,0,0,0,0,0,0,0,-32286,0,0,0,0,0,2753668,0
2715731,9842,-1472,-542,1113,-159,-555,10714,461,-19,5,568,19393,64,34,79,16,0,0,0,0,0,0,0,-32286,0,0,0,0,0,2753673,0
2715736,10132,-2068,-746,1059,-72,-596,10816,448,-21,0,512,19393,64,34,79,16,0,0,0,0,0,0,0,-32286,0,0,0,0,0,2753688,0
2715741,10026,-2404,-728,1096,-64,-599,10918,449,-27,-2,520,19391,62,34,79,16,0,0,0,0,0,0,0,-32286,0,0,0,0,0,2753693,0
2715746,9970,-2634,-738,1108,-116,-608,11017,441,-32,0,488,19391,62,34,79,16,0,0,0,0,0,0,0,-32286,0,0,0,0,0,2753708,0
2715751,10164,-2470,-616,942,-113,-582,11108,406,-34,3,424,19392,65,34,79,16,0,0,0,0,0,0,0,-32286,0,0,0,0,0,2753713,0
2715756,9798,-2308,-776,390,-224,-537,11196,381,-48,7,336,19392,65,34,79,16,0,0,0,0,0,0,0,-32286,0,0,0,0,0,2753728,0
2715761,9716,-2606,-594,395,-365,-562,11277,353,-69,15,280,19392,65,34,79,16,0,0,0,0,0,0,0,-32286,0,0,0,0,0,2753739,0
2715766,9726,-2510,-242,480,-444,-570,11352,329,-84,9,232,19392,65,34,79,16,0,0,0,0,0,0,0,-32286,0,0,0,0,0,2753748,0
2715771,9812,-2114,118,476,-457,-563,11420,296,-92,11,168,19391,72,34,79,16,0,0,0,0,0,0,0,-32286,0,0,0,0,0,2753753,0
2715776,9532,-1764,364,219,-454,-511,11480,258,-101,6,96,19391,72,34,79,16,0,0,0,0,0,0,0,-32286,0,0,0,0,0,2753768,0
2715781,9526,-1544,414,225,-494,-537,11526,188,-120,-3,56,19391,68,34,79,16,0,0,0,0,0,0,0,-32286,0,0,0,0,0,2753773,0
2715786,9562,-1268,568,191,-487,-584,11559,138,-144,-9,40,19391,68,34,79,16,0,0,0,0,0,0,0,-32286,0,0,0,0,0,2753788,0
2715791,9578,-1128,628,85,-505,-611,11580,86,-173,-7,16,19390,63,34,79,16,0,0,0,0,0,0,0,-32286,0,0,0,0,0,2753793,0
2715796,9820,-1130,738,-268,-393,-703,11581,-3,-204,9,-16,19390,63,34,79,16,0,0,0,0,0,0,0,-32286,0,0,0,0,0,2753808,0
2715801,10164,-1592,684,-317,-294,-763,11572,-38,-215,1,-16,19391,58,34,79,16,0,0,0,0,0,0,0,-32286,0,0,0,0,0,2753813,0
2715806,10174,-1966,734,-274,-229,-833,11573,-3,-182,-4,0,19391,58,34,79,16,0,0,0,0,0,0,0,-32286,0,0,0,0,0,2753828,0
2715811,10178,-2404,672,-241,-172,-889,11571,0,-107,0,-8,19391,66,34,79,16,0,0,0,0,0,0,0,-32286,0,0,0,0,0,2753833,0
2715816,10240,-3022,526,-320,52,-937,11571,-4,-30,0,0,19391,66,34,79,16,0,0,0,0,0,0,0,-32286,0,0,0,0,0,2753848,0
2715821,9980,-3436,436,-445,138,-925,11571,0,14,0,0,19391,68,34,79,16,0,0,0,0,0,0,0,-32286,0,0,0,0,0,2753853,0
2715826,9854,-3900,312,-582,201,-900,11572,0,20,1,-8,19391,68,34,79,16,0,0,0,0,0,0,0,-32286,0,0,0,0,0,2753868,0
2715831,9558,-4398,298,-680,277,-845,11572,7,4,0,-8,19390,74,34,79,16,0,0,0,0,0,0,0,-32286,0,0,0,0,0,2753873,0
2715836,8952,-5230,364,-802,324,-777,11571,-5,4,-1,-8,19390,74,34,79,16,0,0,0,0,0,0,0,-32286,0,0,0,0,0,2753888,0
2715841,8492,-5508,436,-795,356,-734,11571,-1,-1,-2,0,19389,75,34,79,16,0,0,0,0,0,0,0,-32286,0,0,0,0,0,2753893,0
2715846,8160,-5854,492,-798,366,-697,11570,-6,-1,0,-8,19389,75,34,79,16,0,0,0,0,0,0,0,-32286,0,0,0,0,0,2753908,0
2715851,7804,-6150,620,-925,412,-622,11570,-4,-1,0,-8,19391,78,34,79,16,0,0,0,0,0,0,0,-32286,0,0,0,0,0,2753913,0
2715856,7188,-6842,1050,-1093,489,-507,11571,0,-5,-1,-8,19391,78,34,79,16,0,0,0,0,0,0,0,-32286,0,0,0,0,0,2753928,0
2715861,6576,-7132,1444,-1053,507,-473,11570,0,4,0,-8,19391,78,34,79,16,0,0,0,0,0,0,0,-32286,0,0,0,0,0,2753933,0
2715866,6298,-7490,1682,-870,453,-485,11568,-6,3,0,-16,19391,78,34,79,16,0,0,0,0,0,0,0,-32286,0,0,0,0,0,2753948,0
2715871,7048,-6152,2772,496,448,-1072,11552,-82,-27,8,-56,19389,72,34,79,16,0,0,0,0,0,0,0,-32286,0,0,0,0,0,2753953,0
2715876,5838,-7312,2448,2202,-257,-1204,11513,-184,-97,17,-168,19389,72,34,79,16,0,0,0,0,0,0,0,-32286,0,0,0,0,0,2753968,0
2715881,6874,-5716,1786,1650,-80,-1103,11441,-330,-206,24,-400,19389,63,34,79,16,0,0,0,0,0,0,0,-32286,0,0,0,0,0,2753973,0
2715886,6062,-4276,2536,442,633,-947,11331,-501,-347,38,-744,19389,63,34,79,16,0,0,0,0,0,0,0,-32286,0,0,0,0,0,2753988,0
2715891,5032,-6424,1598,-223,663,-794,11180,-682,-469,35,-1232,19392,64,34,79,16,0,0,0,0,0,0,0,-32286,0,0,0,0,0,2753992,0
2715896,3804,-8988,2274,44,799,-480,10986,-874,-555,6,-1656,19392,64,34,79,16,0,0,0,0,0,0,0,-32286,0,0,0,0,0,2754007,0
2715901,3536,-9602,2200,255,822,-277,10752,-1050,-613,4,-2064,19392,65,34,79,16,0,0,0,0,0,0,0,-32286,0,0,0,0,0,2754012,0
2715906,2988,-9552,2220,344,850,-31,10478,-1212,-629,5,-2432,19392,65,34,79,16,0,0,0,0,0,0,0,-32286,0,0,0,0,0,2754027,0
2715911,2546,-9416,1884,405,760,194,10172,-1368,-611,4,-2744,19391,67,34,79,16,0,0,0,0,0,0,0,-32286,0,0,0,0,0,2754032,0
2715916,2840,-8406,1292,670,508,538,9831,-1510,-579,3,-3056,19391,67,34,79,16,0,0,0,0,0,0,0,-32286,0,0,0,0,0,2754047,0
2715921,3310,-7766,978,727,414,704,9459,-1655,-538,-1,-3352,19391,71,34,79,16,0,0,0,0,0,0,0,-32286,0,0,0,0,0,2754052,0
2715926,3500,-6796,622,663,303,819,9055,-1793,-515,-4,-3640,19391,71,34,79,16,0,0,0,0,0,0,0,-32286,0,0,0,0,0,2754067,0
2715931,3996,-5836,344,514,266,901,8706,-1915,-505,-8,-3904,19391,71,34,79,16,0,0,0,0,0,0,0,-32286,0,0,0,0,0,2754072,0
2715936,4966,-4864,166,274,135,1054,8246,-2040,-492,-18,-4136,19391,71,34,79,16,0,0,0,0,0,0,0,-32286,0,0,0,0,0,2754087,0
2715941,5320,-4460,162,86,73,1135,7758,-2151,-478,-17,-4304,19390,65,34,79,16,0,0,0,0,0,0,0,-32286,0,0,0,0,0,2754092,0
2715946,5720,-3788,154,-83,-4,1159,7253,-2229,-430,-20,-4432,19390,65,34,79,16,0,0,0,0,0,0,0,-32286,0,0,0,0,0,2754107,0
2715951,6290,-3638,86,-177,-82,1198,6735,-2277,-356,-12,-4520,19389,74,34,79,16,0,0,0,0,0,0,0,-32286,0,0,0,0,0,2754112,0
2715956,7180,-2964,446,-433,-361,1205,6215,-2293,-259,-1,-4568,19389,74,34,79,16,0,0,0,0,0,0,0,-32286,0,0,0,0,0,2754127,0
2715961,7748,-2640,720,-497,-455,1177,5694,-2289,-156,9,-4568,19388,81,34,79,16,0,0,0,0,0,0,0,-32286,0,0,0,0,0,2754132,0
2715966,8222,-2592,578,-546,-569,1164,5172,-2297,-79,3,-4560,19388,81,34,79,16,0,0,0,0,0,0,0,-32286,0,0,0,0,0,2754147,0
2715971,8588,-2176,916,-630,-668,1101,4652,-2292,-26,-13,-4512,19388,94,34,79,16,0,0,0,0,0,0,0,-32286,0,0,0,0,0,2754152,0
2715976,9640,-1644,1360,-697,-703,899,4136,-2266,7,-19,-4432,19388,94,34,79,16,0,0,0,0,0,0,0,-32286,0,0,0,0,0,2754167,0
2715981,10016,-1476,1594,-629,-724,764,3628,-2226,38,-10,-4312,19386,89,34,79,16,0,0,0,0,0,0,0,-32286,0,0,0,0,0,2754172,0
2715986,10244,-1358,1724,-532,-733,619,3134,-2159,89,-6,-4184,19386,89,34,79,16,0,0,0,0,0,0,0,-32286,0,0,0,0,0,2754187,0
2715991,10448,-1232,1672,-550,-721,497,2658,-2085,152,6,-4048,19386,86,34,79,16,0,0,0,0,0,0,0,-32286,0,0,0,0,0,2754192,0
2715996,10620,-1144,2142,-750,-364,340,2198,-2009,210,6,-3920,19386,86,34,79,16,0,0,0,0,0,0,0,-32286,0,0,0,0,0,2754207,0
2716001,10404,-1560,2460,-848,-141,290,1753,-1952,232,11,-3824,19388,85,33,79,16,0,0,0,0,0,0,0,-32286,0,0,0,0,0,2754212,0
2716006,10058,-2028,2632,-835,-3,226,1323,-1890,242,5,-3696,19388,85,33,79,16,0,0,0,0,0,0,0,-32286,0,0,0,0,0,2754227,0
2716011,9820,-2384,2450,-759,169,184,901,-1849,219,-7,-3560,19389,83,33,79,16,0,0,0,0,0,0,0,-32286,0,0,0,0,0,2754232,0
2716016,9230,-2538,2292,-708,548,154,487,-1819,186,-14,-3472,19389,83,33,79,16,0,0,0,0,0,0,0,-32286,0,0,0,0,0,2754247,0
2716021,8750,-2568,2158,-775,726,152,85,-1770,163,-13,-3328,19389,80,34,79,16,0,0,0,0,0,0,0,-32286,0,0,0,0,0,2754258,0
2716026,8344,-2760,1942,-825,910,165,-303,-1712,158,-12,-3184,19389,80,34,79,16,0,0,0,0,0,0,0,-32286,0,0,0,0,0,2754267,0
2716031,7894,-3040,1590,-848,1003,200,-678,-1641,171,-6,-3032,19388,75,34,79,16,0,0,0,0,0,0,0,-32286,0,0,0,0,0,2754272,0
2716036,7042,-2842,904,-695,1033,178,-1037,-1574,354,-2,-2904,19388,75,34,79,16,0,0,0,0,0,0,0,-32286,0,0,0,0,0,2754287,0
2716041,7052,-3134,530,-688,1042,247,-1381,-1510,374,10,-2784,19387,72,34,79,16,0,0,0,0,0,0,0,-32286,0,0,0,0,0,2754292,0
2716046,6478,-2680,416,-762,1003,269,-1706,-1429,303,7,-2632,19387,72,34,79,16,0,0,0,0,0,0,0,-32286,0,0,0,0,0,2754307,0
2716051,6544,-2628,158,-867,1003,287,-2016,-1353,155,5,-2472,19388,63,34,79,16,0,0,0,0,0,0,0,-32286,0,0,0,0,0,2754312,0
2716056,6070,-2598,16,-909,832,310,-2311,-1290,160,1,-2328,19388,63,34,79,16,0,0,0,0,0,0,0,-32286,0,0,0,0,0,2754327,0
2716061,6228,-2528,-30,-878,730,310,-2591,-1225,78,-1,-2208,19388,62,34,79,16,0,0,0,0,0,0,0,-32286,0,0,0,0,0,2754332,0
2716066,6264,-2374,6,-845,616,296,-2859,-1169,78,0,-2072,19388,62,34,79,16,0,0,0,0,0,0,0,-32286,0,0,0,0,0,2754347,0
2716071,6438,-2192,104,-861,546,297,-3114,-1114,223,-7,-1936,19391,61,34,79,16,0,0,0,0,0,0,0,-32286,0,0,0,0,0,2754352,0
2716076,6692,-1868,198,-1007,458,304,-3356,-1062,206,-2,-1816,19391,61,34,79,16,0,0,0,0,0,0,0,-32286,0,0,0,0,0,2754367,0
2716081,6782,-1932,378,-1123,466,314,-3584,-1001,200,-1,-1688,19391,66,34,79,16,0,0,0,0,0,0,0,-32286,0,0,0,0,0,2754371,0
2716086,6958,-2016,700,-1159,485,299,-3801,-945,193,-3,-1560,19391,66,34,79,16,0,0,0,0,0,0,0,-32286,0,0,0,0,0,2754387,0
2716091,7224,-2102,830,-1108,498,310,-4006,-895,195,-4,-1440,19391,60,34,79,16,0,0,0,0,0,0,0,-32286,0,0,0,0,0,2754391,0
2716096,7340,-1896,1160,-1087,553,275,-4194,-829,191,-4,-1296,19391,60,34,79,16,0,0,0,0,0,0,0,-32286,0,0,0,0,0,2754406,0
2716101,7614,-1904,1224,-1104,665,299,-4371,-766,205,0,-1168,19393,68,34,79,16,0,0,0,0,0,0,0,-32286,0,0,0,0,0,2754411,0
2716106,7458,-1706,1306,-1169,724,295,-4532,-700,211,0,-1008,19393,68,34,79,16,0,0,0,0,0,0,0,-32286,0,0,0,0,0,2754426,0
2716111,7536,-1638,1236,-1245,810,270,-4679,-629,211,-9,-832,19392,69,34,79,16,0,0,0,0,0,0,0,-32286,0,0,0,0,0,2754431,0
2716116,7488,-1758,1080,-1115,862,228,-4810,-568,226,-5,-688,19392,69,34,79,16,0,0,0,0,0,0,0,-32286,0,0,0,0,0,2754446,0
2716121,7272,-1778,954,-1073,811,179,-4926,-504,226,11,-560,19391,72,34,79,16,0,0,0,0,0,0,0,-32286,0,0,0,0,0,2754451,0
2716126,7232,-2116,680,-1139,748,192,-5028,-442,229,11,-400,19391,72,34,79,16,0,0,0,0,0,0,0,-32286,0,0,0,0,0,2754466,0
2716131,6980,-1830,912,-907,830,153,-5113,-370,229,0,-280,19389,74,34,79,16,0,0,0,0,0,0,0,-32286,0,0,0,0,0,2754471,0
2716136,6756,-922,798,-1064,944,98,-5181,-294,229,-6,-160,19389,74,34,79,16,0,0,0,0,0,0,0,-32286,0,0,0,0,0,2754486,0
2716141,6586,-1034,434,-1289,991,86,-5238,-244,233,0,-104,19389,77,34,79,16,0,0,0,0,0,0,0,-32286,0,0,0,0,0,2754491,0
2716146,6242,-1482,202,-1362,987,105,-5283,-191,222,11,-64,19389,77,34,79,16,0,0,0,0,0,0,0,-32286,0,0,0,0,0,2754506,0
2716151,5964,-1660,160,-1236,900,54,-5308,-103,217,3,-32,19391,78,34,79,16,0,0,0,0,0,0,0,-32286,0,0,0,0,0,2754511,0
2716156,5524,-1670,164,-1030,749,30,-5320,-47,225,0,-16,19391,78,34,79,16,0,0,0,0,0,0,0,-32286,0,0,0,0,0,2754526,0
2716161,5520,-1532,82,-1086,743,36,-5324,-9,218,-6,0,19390,80,34,79,16,0,0,0,0,0,0,0,-32286,0,0,0,0,0,2754531,0
2716166,5440,-1552,88,-1202,764,80,-5324,-4,195,-1,0,19390,80,34,79,16,0,0,0,0,0,0,0,-32286,0,0,0,0,0,2754546,0
2716171,5226,-1532,174,-1296,757,80,-5323,0,136,0,0,19388,77,34,79,16,0,0,0,0,0,0,0,-32286,0,0,0,0,0,2754551,0
2716176,5206,-1788,230,-1275,788,104,-5324,-2,73,0,0,19388,77,34,79,16,0,0,0,0,0,0,0,-32286,0,0,0,0,0,2754566,0
2716181,5228,-1806,320,-1227,794,96,-5324,0,27,0,-8,19387,68,34,79,16,0,0,0,0,0,0,0,-32286,0,0,0,0,0,2754571,0
2716186,5386,-1628,422,-1168,791,57,-5324,-2,3,0,0,19387,68,34,79,16,0,0,0,0,0,0,0,-32286,0,0,0,0,0,2754586,0
2716191,5604,-1600,350,-1123,810,47,-5324,-3,0,0,0,19388,70,34,79,16,0,0,0,0,0,0,0,-32286,0,0,0,0,0,2754591,0
2716196,5664,-1584,458,-1163,787,7,-5324,1,3,-1,0,19388,70,34,79,16,0,0,0,0,0,0,0,-32286,0,0,0,0,0,2754606,0
2716201,5842,-1826,334,-1175,801,49,-5323,1,6,0,0,19388,68,34,79,16,0,0,0,0,0,0,0,-32286,0,0,0,0,0,2754611,0
2716206,5832,-1706,504,-1187,760,13,-5323,1,1,0,0,19388,68,34,79,16,0,0,0,0,0,0,0,-32286,0,0,0,0,0,2754626,0
2716211,6008,-1848,466,-1210,732,12,-5323,3,2,0,0,19391,71,34,79,16,0,0,0,0,0,0,0,-32286,0,0,0,0,0,2754631,0
2716216,6274,-1900,384,-1154,597,-52,-5322,3,1,0,-8,19391,71,34,79,16,0,0,0,0,0,0,0,-32286,0,0,0,0,0,2754646,0
2716221,6418,-1818,588,-1133,611,-78,-5322,0,-2,0,0,19393,70,34,79,16,0,0,0,0,0,0,0,-32286,0,0,0,0,0,2754651,0
2716226,6530,-1710,666,-1177,624,-86,-5323,4,0,0,0,19393,70,34,79,16,0,0,0,0,0,0,0,-32286,0,0,0,0,0,2754666,0
2716231,6796,-1876,860,-1209,678,-96,-5322,0,-2,1,0,19394,79,34,79,16,0,0,0,0,0,0,0,-32286,0,0,0,0,0,2754671,0
2716236,7012,-2402,960,-1135,666,-141,-5321,2,-2,1,0,19394,79,34,79,16,0,0,0,0,0,0,0,-32286,0,0,0,0,0,2754689,0
2716241,6994,-2524,962,-1060,609,-152,-5322,5,5,0,0,19390,72,34,79,16,0,0,0,0,0,0,0,-32286,0,0,0,0,0,2754694,0
2716246,7204,-2612,928,-980,566,-147,-5320,9,0,0,0,19390,72,34,79,16,0,0,0,0,0,0,0,-32286,0,0,0,0,0,2754709,0
2716251,7292,-2616,1080,-990,593,-145,-5320,1,-4,0,0,19390,72,34,79,16,0,0,0,0,0,0,0,-32286,0,0,0,0,0,2754714,0
2716256,7472,-2662,1310,-1168,746,-84,-5319,12,6,-1,0,19390,72,34,79,16,0,0,0,0,0,0,0,-32286,0,0,0,0,0,2754729,0
2716261,7406,-2802,1402,-1176,788,-61,-5316,16,6,-1,8,19390,70,34,79,16,0,0,0,0,0,0,0,-32286,0,0,0,0,0,2754734,0
2716266,7296,-3152,1340,-1182,806,-27,-5311,26,14,-1,8,19390,70,34,79,16,0,0,0,0,0,0,0,-32286,0,0,0,0,0,2754749,0
2716271,7260,-3112,1326,-1208,881,6,-5300,53,29,-2,32,19391,68,34,79,16,0,0,0,0,0,0,0,-32286,0,0,0,0,0,2754754,0
2716276,7568,-2920,1420,-919,924,-84,-5277,103,58,-9,64,19391,68,34,79,16,0,0,0,0,0,0,0,-32286,0,0,0,0,0,2754769,0
2716281,7440,-3012,1286,-829,837,-80,-5243,145,103,-3,64,19391,70,34,79,16,0,0,0,0,0,0,0,-32286,0,0,0,0,0,2754774,0
2716286,7466,-2908,1136,-845,721,-130,-5207,161,121,0,88,19391,70,34,79,16,0,0,0,0,0,0,0,-32286,0,0,0,0,0,2754789,0
2716291,7890,-2940,896,-796,624,-143,-5163,192,128,4,96,19391,69,34,79,16,0,0,0,0,0,0,0,-32286,0,0,0,0,0,2754794,0
2716296,7988,-2866,938,-714,379,-211,-5114,225,105,-1,144,19391,69,34,79,16,0,0,0,0,0,0,0,-32286,0,0,0,0,0,2754809,0
2716301,8188,-2788,950,-661,258,-246,-5056,259,101,6,176,19392,62,34,79,16,0,0,0,0,0,0,0,-32285,0,0,0,0,0,2754814,0
2716306,8352,-2766,970,-631,131,-295,-4992,290,100,1,216,19392,62,34,79,16,0,0,0,0,0,0,0,-32286,0,0,0,0,0,2754829,0
2716311,8590,-2698,1016,-616,47,-328,-4921,313,109,8,224,19393,58,34,79,16,0,0,0,0,0,0,0,-32286,0,0,0,0,0,2754834,0
2716316,8714,-2678,1346,-651,-55,-336,-4851,320,93,3,240,19393,58,34,79,16,0,0,0,0,0,0,0,-32286,0,0,0,0,0,2754849,0
2716321,8940,-2666,1544,-659,-68,-349,-4778,317,71,1,224,19394,57,34,79,16,0,0,0,0,0,0,0,-32287,0,0,0,0,0,2754854,0
2716326,8958,-2636,1786,-683,-31,-363,-4709,302,33,3,208,19394,57,34,79,16,0,0,0,0,0,0,0,-32287,0,0,0,0,0,2754869,0
2716331,9156,-2572,1910,-677,28,-373,-4638,314,7,0,232,19394,67,34,79,16,0,0,0,0,0,0,0,-32286,0,0,0,0,0,2754874,0
2716336,9322,-2538,2234,-601,175,-411,-4566,313,-3,0,232,19394,67,34,79,16,0,0,0,0,0,0,0,-32286,0,0,0,0,0,2754889,0
2716341,9468,-2474,2226,-542,259,-415,-4490,334,9,-6,280,19393,76,34,79,16,0,0,0,0,0,0,0,-32286,0,0,0,0,0,2754894,0
2716346,9302,-2392,2270,-542,353,-408,-4414,322,14,6,232,19393,76,34,79,16,0,0,0,0,0,0,0,-32286,0,0,0,0,0,2754908,0
2716351,9214,-2212,2186,-558,445,-400,-4342,319,18,2,232,19392,70,34,79,16,0,0,0,0,0,0,0,-32286,0,0,0,0,0,2754913,0
2716356,8942,-1904,2136,-604,638,-377,-4271,313,-2,2,208,19392,70,34,79,16,0,0,0,0,0,0,0,-32286,0,0,0,0,0,2754928,0
2716361,8898,-1742,2000,-625,693,-394,-4204,305,-19,-1,208,19393,70,34,79,16,0,0,0,0,0,0,0,-32286,0,0,0,0,0,2754933,0
2716366,8876,-1606,1882,-605,733,-411,-4131,322,-24,-5,248,19393,70,34,79,16,0,0,0,0,0,0,0,-32286,0,0,0,0,0,2754948,0
2716371,8788,-1520,1756,-590,737,-422,-4053,347,6,-4,280,19395,67,34,79,16,0,0,0,0,0,0,0,-32286,0,0,0,0,0,2754953,0
2716376,8548,-1262,1428,-633,718,-411,-3972,353,33,3,288,19395,67,34,79,16,0,0,0,0,0,0,0,-32286,0,0,0,0,0,2754968,0
2716381,8468,-1024,1380,-723,683,-412,-3894,349,41,0,296,19392,71,34,79,16,0,0,0,0,0,0,0,-32285,0,0,0,0,0,2754973,0
2716386,8714,-1216,1380,-810,671,-397,-3811,352,35,-1,288,19392,71,34,79,16,0,0,0,0,0,0,0,-32286,0,0,0,0,0,2754988,0
2716391,8878,-1360,1506,-921,638,-399,-3725,384,24,-10,376,19390,74,34,79,16,0,0,0,0,0,0,0,-32286,0,0,0,0,0,2754993,0
2716396,10140,-2350,1884,-1028,538,-395,-3630,428,41,-19,496,19390,74,34,79,16,0,0,0,0,0,0,0,-32286,0,0,0,0,0,2755008,0
2716401,10698,-2868,2090,-1130,475,-348,-3526,462,75,-9,576,19390,78,34,79,16,0,0,0,0,0,0,0,-32286,0,0,0,0,0,2755013,0
2716406,11396,-3402,2252,-1265,449,-323,-3416,487,103,0,640,19390,78,34,79,16,0,0,0,0,0,0,0,-32286,0,0,0,0,0,2755028,0
2716411,12238,-3870,2348,-1375,470,-311,-3297,529,122,-6,776,19392,80,34,79,16,0,0,0,0,0,0,0,-32286,0,0,0,0,0,2755033,0
2716416,13426,-5284,2468,-1411,517,-324,-3160,601,136,-3,976,19392,80,34,79,16,0,0,0,0,0,0,0,-32286,0,0,0,0,0,2755048,0
2716421,13790,-6088,2388,-1327,555,-330,-3011,663,161,7,1080,19393,80,34,79,16,0,0,0,0,0,0,0,-32286,0,0,0,0,0,2755053,0
2716426,13674,-6514,2304,-1233,548,-371,-2850,714,191,2,1192,19393,80,34,79,16,0,0,0,0,0,0,0,-32286,0,0,0,0,0,2755068,0
2716431,13690,-6766,2074,-1055,578,-432,-2677,768,198,-2,1304,19393,76,34,79,16,0,0,0,0,0,0,0,-32286,0,0,0,0,0,2755073,0
2716436,12398,-6602,1934,-824,788,-543,-2498,794,184,3,1344,19393,76,34,79,16,0,0,0,0,0,0,0,-32286,0,0,0,0,0,2755088,0
2716441,11630,-6706,1818,-795,921,-589,-2314,807,152,1,1360,19394,63,34,79,16,0,0,0,0,0,0,0,-32286,0,0,0,0,0,2755093,0
2716446,10818,-6880,1704,-719,1029,-627,-2126,821,116,0,1392,19394,63,34,79,16,0,0,0,0,0,0,0,-32286,0,0,0,0,0,2755108,0
2716451,9804,-7234,1614,-621,1098,-650,-1939,821,76,5,1376,19393,52,34,79,16,0,0,0,0,0,0,0,-32286,0,0,0,0,0,2755113,0
2716456,7932,-7654,1308,-375,1087,-695,-1752,825,42,0,1392,19393,52,34,79,16,0,0,0,0,0,0,0,-32286,0,0,0,0,0,2755128,0
2716461,6948,-7830,1078,-219,1008,-686,-1563,830,16,0,1392,19393,59,34,79,16,0,0,0,0,0,0,0,-32285,0,0,0,0,0,2755133,0
2716466,6108,-7776,854,-44,867,-687,-1378,821,5,2,1376,19393,59,34,79,16,0,0,0,0,0,0,0,-32285,0,0,0,0,0,2755148,0
2716471,5448,-7758,632,148,741,-650,-1193,821,-1,0,1352,19391,64,34,79,16,0,0,0,0,0,0,0,-32286,0,0,0,0,0,2755153,0
2716476,4264,-7258,338,468,436,-564,-1009,796,-11,11,1288,19391,64,34,79,16,0,0,0,0,0,0,0,-32286,0,0,0,0,0,2755168,0
2716481,3986,-7048,220,585,274,-497,-826,804,-20,0,1304,19390,66,34,79,16,0,0,0,0,0,0,0,-32286,0,0,0,0,0,2755173,0
2716486,3638,-6658,180,638,115,-435,-649,777,-21,6,1224,19390,66,34,79,16,0,0,0,0,0,0,0,-32286,0,0,0,0,0,2755188,0
2716491,3498,-6194,80,669,-56,-394,-474,765,-36,2,1208,19391,63,34,79,16,0,0,0,0,0,0,0,-32285,0,0,0,0,0,2755193,0
2716496,3262,-5126,-12,711,-226,-285,-305,747,-52,5,1144,19391,63,34,79,16,0,0,0,0,0,0,0,-32286,0,0,0,0,0,2755208,0
2716501,3128,-4456,0,720,-263,-253,-144,710,-58,5,1056,19391,69,34,79,16,0,0,0,0,0,0,0,-32286,0,0,0,0,0,2755213,0
2716506,3230,-4072,-112,704,-218,-193,13,696,-82,-7,1048,19391,69,34,79,16,0,0,0,0,0,0,0,-32286,0,0,0,0,0,2755228,0
2716511,2730,-3718,8,625,-256,-190,167,672,-84,1,984,19390,78,34,79,16,0,0,0,0,0,0,0,-32286,0,0,0,0,0,2755233,0
2716516,3094,-3042,-144,618,-285,-143,314,645,-78,5,928,19390,78,34,79,16,0,0,0,0,0,0,0,-32286,0,0,0,0,0,2755248,0
2716521,3142,-2654,24,493,-254,-135,457,626,-84,0,904,19393,74,34,79,16,0,0,0,0,0,0,0,-32286,0,0,0,0,0,2755253,0
2716526,3298,-2346,66,368,-173,-117,598,617,-68,-1,880,19393,74,34,79,16,0,0,0,0,0,0,0,-32286,0,0,0,0,0,2755268,0
2716531,3346,-2654,124,186,-26,-51,738,613,-55,-3,880,19394,65,34,79,16,0,0,0,0,0,0,0,-32287,0,0,0,0,0,2755273,0
2716536,3258,-3236,126,152,68,-19,877,608,-43,-9,888,19394,65,34,79,16,0,0,0,0,0,0,0,-32286,0,0,0,0,0,2755288,0
2716541,3134,-3466,64,252,13,-19,1020,633,-16,-12,960,19395,58,34,79,16,0,0,0,0,0,0,0,-32286,0,0,0,0,0,2755293,0
2716546,3254,-3634,-132,281,-54,5,1165,638,9,-6,968,19395,58,34,79,16,0,0,0,0,0,0,0,-32286,0,0,0,0,0,2755308,0
2716551,3378,-3838,-320,225,-173,52,1312,652,24,1,1008,19391,61,34,79,16,0,0,0,0,0,0,0,-32286,0,0,0,0,0,2755313,0
2716556,4130,-4278,-426,240,-473,117,1464,672,38,-4,1056,19391,61,34,79,16,0,0,0,0,0,0,0,-32286,0,0,0,0,0,2755328,0
2716561,4382,-4554,-308,221,-669,165,1614,662,39,3,1024,19392,66,34,79,16,0,0,0,0,0,0,0,-32285,0,0,0,0,0,2755333,0
2716566,4984,-4834,-210,195,-846,211,1761,651,24,1,1008,19392,66,34,79,16,0,0,0,0,0,0,0,-32286,0,0,0,0,0,2755348,0
2716571,5530,-5122,-46,187,-958,294,1909,644,4,-4,984,19397,67,34,79,16,0,0,0,0,0,0,0,-32286,0,0,0,0,0,2755353,0
2716576,6370,-5532,414,54,-1096,475,2047,611,-25,10,880,19397,67,34,79,16,0,0,0,0,0,0,0,-32286,0,0,0,0,0,2755368,0
2716581,6780,-5746,494,-34,-1102,559,2178,572,-60,6,760,19405,70,34,79,16,0,0,0,0,0,0,0,-32286,0,0,0,0,0,2755373,0
2716586,6978,-5884,498,-76,-1117,640,2303,544,-86,-6,704,19405,70,34,79,16,0,0,0,0,0,0,0,-32286,0,0,0,0,0,2755388,0
2716591,7226,-5924,492,-121,-1070,743,2419,507,-103,-1,592,19408,69,34,79,16,0,0,0,0,0,0,0,-32286,0,0,0,0,0,2755393,0
2716596,7684,-5628,342,-6,-1028,731,2527,464,-120,-4,520,19408,69,34,79,16,0,0,0,0,0,0,0,-32286,0,0,0,0,0,2755408,0
2716601,7660,-5170,230,130,-1017,662,2624,432,-124,-11,456,19402,64,34,79,16,0,0,0,0,0,0,0,-32286,0,0,0,0,0,2755412,0
2716606,7856,-4858,-6,256,-1010,606,2714,399,-128,-1,400,19402,64,34,79,16,0,0,0,0,0,0,0,-32286,0,0,0,0,0,2755427,0
2716611,7898,-4390,-212,300,-984,523,2797,363,-131,14,304,19395,65,34,79,16,0,0,0,0,0,0,0,-32286,0,0,0,0,0,2755432,0
2716616,7826,-3788,-490,198,-884,322,2870,316,-124,19,200,19395,65,34,79,16,0,0,0,0,0,0,0,-32286,0,0,0,0,0,2755447,0
2716621,7718,-3814,-570,181,-859,215,2935,289,-127,4,160,19394,58,34,79,16,0,0,0,0,0,0,0,-32286,0,0,0,0,0,2755452,0
2716626,7556,-3916,-610,155,-853,132,2989,234,-135,-2,96,19394,58,34,79,16,0,0,0,0,0,0,0,-32286,0,0,0,0,0,2755467,0
2716631,7308,-4110,-512,81,-841,95,3032,182,-148,-11,88,19393,62,34,79,16,0,0,0,0,0,0,0,-32286,0,0,0,0,0,2755472,0
2716636,6908,-4342,-274,45,-836,-6,3071,168,-145,-7,64,19393,62,34,79,16,0,0,0,0,0,0,0,-32286,0,0,0,0,0,2755487,0
2716641,6560,-4412,-50,145,-919,-75,3109,168,-126,-4,80,19393,70,34,79,16,0,0,0,0,0,0,0,-32286,0,0,0,0,0,2755492,0
2716646,6604,-4838,-54,298,-968,-89,3141,142,-82,0,56,19393,70,34,79,16,0,0,0,0,0,0,0,-32286,0,0,0,0,0,2755507,0
2716651,6426,-4580,86,496,-1084,-161,3179,161,-47,-8,80,19391,73,34,79,16,0,0,0,0,0,0,0,-32286,0,0,0,0,0,2755512,0
2716656,6582,-4164,200,667,-1192,-190,3216,166,-18,4,80,19391,73,34,79,16,0,0,0,0,0,0,0,-32286,0,0,0,0,0,2755527,0
2716661,6960,-4112,154,681,-1189,-153,3255,163,9,2,64,19392,72,34,79,16,0,0,0,0,0,0,0,-32286,0,0,0,0,0,2755532,0
2716666,6800,-3744,246,706,-1186,-178,3287,138,-3,0,64,19392,72,34,79,16,0,0,0,0,0,0,0,-32286,0,0,0,0,0,2755547,0
2716671,7060,-3700,282,780,-1214,-189,3321,146,-5,-3,56,19393,72,34,79,16,0,0,0,0,0,0,0,-32286,0,0,0,0,0,2755552,0
2716676,7098,-3302,518,870,-1202,-184,3351,140,-23,0,72,19393,72,34,79,16,0,0,0,0,0,0,0,-32286,0,0,0,0,0,2755567,0
2716681,7242,-3456,534,864,-1110,-110,3385,148,-18,0,48,19392,71,34,79,16,0,0,0,0,0,0,0,-32286,0,0,0,0,0,2755572,0
2716686,7040,-3196,786,805,-1041,-84,3415,134,-11,3,64,19392,71,34,79,16,0,0,0,0,0,0,0,-32286,0,0,0,0,0,2755587,0
2716691,7334,-3220,758,803,-967,-20,3446,144,-3,-2,64,19391,64,34,79,16,0,0,0,0,0,0,0,-32286,0,0,0,0,0,2755592,0
2716696,7200,-2998,950,762,-841,26,3476,132,-7,1,64,19391,64,34,79,16,0,0,0,0,0,0,0,-32286,0,0,0,0,0,2755607,0
2716701,7532,-3232,834,806,-717,95,3516,183,5,-3,104,19391,65,34,79,16,0,0,0,0,0,0,0,-32286,0,0,0,0,0,2755612,0
2716706,7196,-2918,1022,827,-685,108,3566,228,45,0,160,19391,65,34,79,16,0,0,0,0,0,0,0,-32286,0,0,0,0,0,2755627,0
2716711,7500,-3060,964,856,-656,129,3629,281,102,-5,240,19393,53,34,79,16,0,0,0,0,0,0,0,-32286,0,0,0,0,0,2755639,0
2716716,7166,-2936,714,994,-675,129,3709,361,152,-7,352,19393,53,34,79,16,0,0,0,0,0,0,0,-32286,0,0,0,0,0,2755647,0
2716721,7222,-2960,306,1130,-784,100,3798,398,186,-5,432,19392,45,34,79,16,0,0,0,0,0,0,0,-32286,0,0,0,0,0,2755652,0
2716726,7212,-2744,42,1239,-867,83,3898,445,199,-14,528,19392,45,34,79,16,0,0,0,0,0,0,0,-32286,0,0,0,0,0,2755667,0
2716731,7130,-2482,-174,1244,-938,53,4007,491,183,-11,696,19393,49,34,79,16,0,0,0,0,0,0,0,-32286,0,0,0,0,0,2755672,0
2716736,7094,-2252,-508,1228,-1088,-15,4132,555,178,-9,864,19393,49,34,79,16,0,0,0,0,0,0,0,-32286,0,0,0,0,0,2755687,0
2716741,7008,-2370,-630,1235,-1182,-15,4266,587,168,10,912,19395,57,34,79,16,0,0,0,0,0,0,0,-32286,0,0,0,0,0,2755692,0
2716746,6940,-2476,-608,1254,-1279,-7,4404,615,164,17,936,19395,57,34,79,16,0,0,0,0,0,0,0,-32286,0,0,0,0,0,2755707,0
2716751,7086,-2328,-576,1250,-1339,-17,4546,634,134,8,968,19396,52,34,79,16,0,0,0,0,0,0,0,-32286,0,0,0,0,0,2755712,0
2716756,7202,-2510,-400,1149,-1373,49,4689,631,97,2,928,19396,52,34,79,16,0,0,0,0,0,0,0,-32286,0,0,0,0,0,2755727,0
2716761,7256,-2394,-120,1029,-1342,86,4830,619,49,9,896,19395,54,34,79,16,0,0,0,0,0,0,0,-32286,0,0,0,0,0,2755739,0
2716766,7410,-2354,32,939,-1271,101,4967,604,12,1,864,19395,54,34,79,16,0,0,0,0,0,0,0,-32286,0,0,0,0,0,2755747,0
2716771,7484,-2400,206,894,-1182,121,5101,592,-16,4,816,19393,61,34,79,16,0,0,0,0,0,0,0,-32286,0,0,0,0,0,2755752,0
2716776,7530,-2348,470,823,-1015,188,5229,561,-49,10,720,19393,61,34,79,16,0,0,0,0,0,0,0,-32286,0,0,0,0,0,2755767,0
2716781,7766,-2592,358,810,-927,203,5349,527,-67,-2,648,19392,73,34,79,16,0,0,0,0,0,0,0,-32286,0,0,0,0,0,2755772,0
2716786,7780,-2578,446,828,-852,225,5464,502,-81,-6,576,19392,73,34,79,16,0,0,0,0,0,0,0,-32286,0,0,0,0,0,2755787,0
2716791,7770,-2596,522,862,-799,233,5570,464,-100,-3,496,19391,67,34,79,16,0,0,0,0,0,0,0,-32286,0,0,0,0,0,2755792,0
2716796,8042,-2424,592,944,-651,243,5666,421,-111,-8,432,19391,67,34,79,16,0,0,0,0,0,0,0,-32286,0,0,0,0,0,2755807,0
2716801,8008,-2354,620,942,-569,243,5752,369,-124,4,304,19391,68,34,79,16,0,0,0,0,0,0,0,-32286,0,0,0,0,0,2755812,0
2716806,8156,-2248,632,946,-485,245,5830,331,-139,13,240,19391,68,34,79,16,0,0,0,0,0,0,0,-32286,0,0,0,0,0,2755827,0
2716811,8180,-2134,642,924,-384,258,5901,307,-141,15,200,19391,69,34,79,16,0,0,0,0,0,0,0,-32286,0,0,0,0,0,2755832,0
2716816,8250,-2110,568,831,-218,254,5966,285,-131,5,168,19391,69,34,79,16,0,0,0,0,0,0,0,-32286,0,0,0,0,0,2755847,0
2716821,8044,-2270,454,880,-255,245,6022,243,-116,3,104,19391,69,34,79,16,0,0,0,0,0,0,0,-32286,0,0,0,0,0,2755852,0
2716826,8282,-2028,156,808,-207,270,6071,212,-109,-10,88,19391,69,34,79,16,0,0,0,0,0,0,0,-32286,0,0,0,0,0,2755867,0
2716831,7698,-1878,516,898,-89,220,6114,189,-107,-5,80,19392,64,34,79,16,0,0,0,0,0,0,0,-32286,0,0,0,0,0,2755872,0
2716836,7704,-1676,314,786,-27,239,6149,150,-111,-2,56,19392,64,34,79,16,0,0,0,0,0,0,0,-32286,0,0,0,0,0,2755887,0
2716841,7616,-1884,232,695,-36,256,6179,136,-106,-10,48,19392,66,34,79,16,0,0,0,0,0,0,0,-32286,0,0,0,0,0,2755892,0
2716846,7494,-1844,196,674,9,260,6202,93,-101,1,32,19392,66,34,79,16,0,0,0,0,0,0,0,-32286,0,0,0,0,0,2755907,0
2716851,7558,-1776,262,678,23,245,6226,114,-87,-3,56,19393,70,34,79,16,0,0,0,0,0,0,0,-32286,0,0,0,0,0,2755912,0
2716856,7268,-1794,270,485,129,352,6256,127,-49,-3,48,19393,70,34,79,16,0,0,0,0,0,0,0,-32286,0,0,0,0,0,2755927,0
2716861,7234,-1722,190,418,138,357,6289,150,-7,-5,88,19392,74,34,79,16,0,0,0,0,0,0,0,-32286,0,0,0,0,0,2755932,0
2716866,7120,-2028,12,492,126,375,6330,188,42,-2,112,19392,74,34,79,16,0,0,0,0,0,0,0,-32286,0,0,0,0,0,2755946,0
2716871,6832,-1968,-16,677,8,319,6385,250,93,1,192,19392,68,34,79,16,0,0,0,0,0,0,0,-32286,0,0,0,0,0,2755951,0
2716876,6944,-1512,-214,970,-174,271,6451,298,130,0,248,19392,68,34,79,16,0,0,0,0,0,0,0,-32286,0,0,0,0,0,2755967,0
2716881,7062,-1042,-250,869,-206,246,6521,315,155,4,264,19391,61,34,79,16,0,0,0,0,0,0,0,-32286,0,0,0,0,0,2755971,0
2716886,7308,-868,-322,756,-175,200,6600,348,144,-4,312,19391,61,34,79,16,0,0,0,0,0,0,0,-32286,0,0,0,0,0,2755986,0
2716891,7360,-994,-302,677,-132,184,6684,364,123,4,336,19392,63,34,79,16,0,0,0,0,0,0,0,-32286,0,0,0,0,0,2755991,0
2716896,7576,-1276,-68,705,-147,98,6775,399,101,-8,416,19392,63,34,79,16,0,0,0,0,0,0,0,-32286,0,0,0,0,0,2756006,0
2716901,7600,-1442,54,775,-117,69,6876,454,105,-17,528,19391,70,34,79,16,0,0,0,0,0,0,0,-32286,0,0,0,0,0,2756011,0
2716906,7664,-1536,98,775,-98,69,6979,454,102,-1,536,19391,70,34,79,16,0,0,0,0,0,0,0,-32286,0,0,0,0,0,2756026,0
2716911,7788,-1370,118,727,-62,69,7083,465,90,-3,568,19391,69,34,79,16,0,0,0,0,0,0,0,-32286,0,0,0,0,0,2756031,0
2716916,7860,-1524,202,599,34,56,7190,473,71,-6,608,19391,69,34,79,16,0,0,0,0,0,0,0,-32286,0,0,0,0,0,2756046,0
2716921,7998,-1632,140,627,73,31,7306,507,54,-5,672,19390,66,34,79,16,0,0,0,0,0,0,0,-32286,0,0,0,0,0,2756051,0
2716926,7944,-1758,168,644,102,59,7422,515,48,16,640,19390,66,34,79,16,0,0,0,0,0,0,0,-32286,0,0,0,0,0,2756066,0
2716931,7846,-1810,224,627,95,36,7516,519,54,12,664,19392,61,34,79,16,0,0,0,0,0,0,0,-32286,0,0,0,0,0,2756071,0
2716936,7948,-1946,98,595,175,10,7634,518,40,-3,688,19392,61,34,79,16,0,0,0,0,0,0,0,-32286,0,0,0,0,0,2756086,0
2716941,7950,-2004,124,617,173,-31,7759,549,41,-8,768,19393,60,34,79,16,0,0,0,0,0,0,0,-32286,0,0,0,0,0,2756091,0
2716946,7880,-2330,98,645,160,-46,7886,563,42,3,784,19393,60,34,79,16,0,0,0,0,0,0,0,-32287,0,0,0,0,0,2756106,0
2716951,7880,-2236,32,682,155,-81,8019,581,53,0,840,19394,65,34,79,16,0,0,0,0,0,0,0,-32286,0,0,0,0,0,2756111,0
2716956,7514,-3346,-318,420,254,183,8134,491,18,-707,-96,19394,65,34,79,16,0,0,0,0,0,0,0,-32287,0,0,0,0,0,2756126,0
2716961,6494,-3342,-242,-375,288,448,8166,93,-223,-1491,-696,19394,65,34,79,16,0,0,0,0,0,0,0,-32286,0,0,0,0,0,2756131,0
2716966,6774,-3350,-388,-970,390,574,8134,-162,-536,-1475,-1144,19394,65,34,79,16,0,0,0,0,0,0,0,-32287,0,0,0,0,0,2756146,0
2716971,6748,-4040,-110,-1218,704,762,8068,-305,-765,-1614,-1416,19387,90,34,79,16,0,0,0,0,0,0,0,-32286,0,0,0,0,0,2756151,0
2716976,6026,-5712,426,-1090,775,1072,7974,-423,-797,-1766,-1712,19387,90,34,79,16,0,0,0,0,0,0,0,-32286,0,0,0,0,0,2756166,0
2716981,5718,-5882,594,-855,808,1225,7853,-535,-647,-1912,-1944,19373,128,34,79,16,0,0,0,0,0,0,0,-32286,0,0,0,0,0,2756171,0
2716986,5736,-5732,554,-682,840,1358,7718,-609,-447,-2076,-2048,19373,128,34,79,16,0,0,0,0,0,0,0,-32285,0,0,0,0,0,2756186,0
2716991,5680,-5164,450,-561,870,1439,7576,-614,-323,-2158,-2112,19358,196,34,79,16,0,0,0,0,0,0,0,-32286,0,0,0,0,0,2756191,0
2716996,6042,-4844,-136,-218,771,1502,7435,-617,-213,-2255,-2104,19358,196,34,79,16,0,0,0,0,0,0,0,-32287,0,0,0,0,0,2756206,0
2717001,6200,-4484,-252,26,599,1455,7295,-613,-101,-2381,-2112,19345,262,34,79,16,0,0,0,0,0,0,0,-32287,0,0,0,0,0,2756211,0
2717006,6652,-4040,-358,224,527,1404,7164,-579,-10,-2476,-2088,19345,262,34,79,16,0,0,0,0,0,0,0,-32286,0,0,0,0,0,2756226,0
2717011,7056,-3668,-488,368,456,1363,7040,-544,54,-2571,-2040,19336,312,34,79,16,0,0,0,0,0,0,0,-32285,0,0,0,0,0,2756231,0
2717016,7454,-2920,-698,525,304,1193,6924,-500,87,-2678,-1984,19336,312,34,79,16,0,0,0,0,0,0,0,-32285,0,0,0,0,0,2756246,0
2717021,8028,-2784,-660,632,230,1119,6816,-471,112,-2740,-2024,19330,341,34,79,16,0,0,0,0,0,0,0,-32286,0,0,0,0,0,2756251,0
2717026,8356,-2662,-550,765,118,1014,6718,-429,131,-2844,-1992,19330,341,34,79,16,0,0,0,0,0,0,0,-32287,0,0,0,0,0,2756266,0
2717031,8746,-2428,-410,845,20,896,6628,-397,129,-2957,-1872,19329,358,34,79,16,0,0,0,0,0,0,0,-32287,0,0,0,0,0,2756271,0
2717036,9590,-2190,-402,929,-32,711,6545,-363,164,-3037,-1864,19329,358,34,79,16,0,0,0,0,0,0,0,-32287,0,0,0,0,0,2756286,0
2717041,10012,-2240,-328,970,-21,612,6469,-331,118,-3123,-1840,19329,363,34,79,16,0,0,0,0,0,0,0,-32286,0,0,0,0,0,2756291,0
2717046,10246,-2386,-120,1018,-7,513,6399,-308,120,-3173,-1824,19329,363,34,79,16,0,0,0,0,0,0,0,-32286,0,0,0,0,0,2756306,0
2717051,10610,-2544,-154,1030,67,413,6335,-280,109,-3289,-1752,19329,370,34,79,16,0,0,0,0,0,0,0,-32285,0,0,0,0,0,2756311,0
2717056,11136,-3156,-428,1247,126,206,6283,-232,85,-3323,-1688,19329,370,34,79,16,0,0,0,0,0,0,0,-32285,0,0,0,0,0,2756326,0
2717061,11108,-3258,-512,1399,-8,98,6239,-185,101,-3432,-1560,19326,370,33,79,16,0,0,0,0,0,0,0,-32285,0,0,0,0,0,2756331,0
2717066,11192,-3250,-698,1477,-96,2,6207,-138,103,-3480,-1472,19326,370,33,79,16,0,0,0,0,0,0,0,-32285,0,0,0,0,0,2756346,0
2717071,11250,-3294,-920,1547,-271,-77,6186,-90,128,-3509,-1512,19328,367,33,79,16,0,0,0,0,0,0,0,-32285,0,0,0,0,0,2756351,0
2717076,10856,-3266,-1222,1277,-636,-67,6161,-122,140,-3520,-1592,19328,367,33,79,16,0,0,0,0,0,0,0,-32285,0,0,0,0,0,2756366,0
2717081,10870,-3012,-1180,1164,-797,-90,6133,-126,90,-3581,-1608,19328,352,34,79,16,0,0,0,0,0,0,0,-32285,0,0,0,0,0,2756370,0
2717086,10522,-2948,-906,1014,-927,-54,6098,-157,18,-3610,-1704,19328,352,34,79,16,0,0,0,0,0,0,0,-32286,0,0,0,0,0,2756385,0
2717091,10346,-2498,-648,894,-1066,-98,6058,-176,-41,-3625,-1816,19329,350,34,79,16,0,0,0,0,0,0,0,-32286,0,0,0,0,0,2756390,0
2717096,9884,-2044,92,711,-1078,-59,6009,-231,-84,-3633,-1952,19329,350,34,79,16,0,0,0,0,0,0,0,-32286,0,0,0,0,0,2756405,0
2717101,10202,-1960,388,535,-996,-43,5943,-301,-109,-3676,-2112,19325,370,34,79,16,0,0,0,0,0,0,0,-32287,0,0,0,0,0,2756410,0
2717106,10036,-1678,882,431,-901,-57,5866,-345,-157,-3703,-2096,19325,370,34,79,16,0,0,0,0,0,0,0,-32288,0,0,0,0,0,2756425,0
2717111,9884,-1662,1288,323,-774,-108,5781,-370,-178,-3711,-2216,19315,413,34,79,16,0,0,0,0,0,0,0,-32288,0,0,0,0,0,2756430,0
2717116,9888,-2094,1572,363,-484,-196,5689,-402,-171,-3681,-2312,19315,413,34,79,16,0,0,0,0,0,0,0,-32287,0,0,0,0,0,2756445,0
2717121,9864,-2192,1510,310,-370,-229,5588,-451,-142,-3670,-2416,19306,442,34,79,16,0,0,0,0,0,0,0,-32285,0,0,0,0,0,2756450,0
2717126,9780,-2474,1452,202,-176,-223,5470,-523,-137,-3716,-2496,19306,442,34,79,16,0,0,0,0,0,0,0,-32284,0,0,0,0,0,2756465,0
2717131,9648,-2512,1532,80,-35,-290,5344,-559,-154,-3722,-2528,19296,482,34,79,16,0,0,0,0,0,0,0,-32285,0,0,0,0,0,2756470,0
2717136,9144,-3864,1220,125,134,-325,5214,-574,-160,-3634,-2656,19296,482,34,79,16,0,0,0,0,0,0,0,-32286,0,0,0,0,0,2756485,0
2717141,8864,-4220,942,157,172,-352,5072,-630,-151,-3652,-2704,19292,519,34,79,16,0,0,0,0,0,0,0,-32288,0,0,0,0,0,2756490,0
2717146,8836,-4504,780,205,181,-394,4921,-658,-137,-3644,-2816,19292,519,34,79,16,0,0,0,0,0,0,0,-32287,0,0,0,0,0,2756505,0
2717151,8642,-4898,620,268,146,-393,4760,-705,-128,-3550,-2992,19285,562,34,79,16,0,0,0,0,0,0,0,-32285,0,0,0,0,0,2756510,0
2717156,7830,-5432,226,161,-20,-343,4580,-795,-154,-3547,-3048,19285,562,34,79,16,0,0,0,0,0,0,0,-32285,0,0,0,0,0,2756525,0
2717161,7468,-5794,198,96,-41,-300,4386,-865,-194,-3481,-3336,19281,590,34,79,16,0,0,0,0,0,0,0,-32286,0,0,0,0,0,2756530,0
2717166,6928,-6342,328,-21,-60,-215,4163,-978,-237,-3468,-3456,19281,590,34,79,16,0,0,0,0,0,0,0,-32287,0,0,0,0,0,2756545,0
2717171,6548,-6548,560,-85,-107,-190,3922,-1071,-287,-3395,-3600,19272,625,34,79,16,0,0,0,0,0,0,0,-32285,0,0,0,0,0,2756550,0
2717176,5384,-7120,954,-18,-85,-80,3657,-1175,-332,-3379,-3856,19272,625,34,79,16,0,0,0,0,0,0,0,-32286,0,0,0,0,0,2756565,0
2717181,5036,-7584,724,59,-45,-27,3371,-1270,-332,-3344,-4112,19261,668,34,79,16,0,0,0,0,0,0,0,-32288,0,0,0,0,0,2756570,0
2717186,4254,-7832,970,118,-92,52,3063,-1370,-340,-3293,-4272,19261,668,34,79,16,0,0,0,0,0,0,0,-32284,0,0,0,0,0,2756585,0
2717191,3916,-7676,1036,144,-25,124,2738,-1440,-333,-3233,-4392,19247,710,34,79,16,0,0,0,0,0,0,0,-32287,0,0,0,0,0,2756590,0
2717196,2968,-8122,1464,331,66,267,2393,-1518,-309,-3169,-4512,19247,710,34,79,16,0,0,0,0,0,0,0,-32286,0,0,0,0,0,2756605,0
2717201,2746,-7822,1402,598,82,301,2036,-1585,-287,-3105,-4688,19235,750,34,79,16,0,0,0,0,0,0,0,-32287,0,0,0,0,0,2756610,0
2717206,2772,-8228,1532,751,37,393,1665,-1634,-263,-3048,-4816,19235,750,34,79,16,0,0,0,0,0,0,0,-32286,0,0,0,0,0,2756625,0
2717211,2852,-7886,1502,904,-27,419,1279,-1698,-234,-2998,-4864,19227,783,34,79,16,0,0,0,0,0,0,0,-32286,0,0,0,0,0,2756630,0
2717216,2850,-7176,1156,1170,-9,490,880,-1754,-222,-2939,-4896,19227,783,34,79,16,0,0,0,0,0,0,0,-32286,0,0,0,0,0,2756645,0
2717221,3256,-7050,994,1341,-111,527,471,-1802,-205,-2876,-4888,19224,807,34,79,16,0,0,0,0,0,0,0,-32286,0,0,0,0,0,2756650,0
2717226,3588,-6682,796,1458,-171,553,54,-1837,-182,-2808,-4904,19224,807,34,79,16,0,0,0,0,0,0,0,-32286,0,0,0,0,0,2756665,0
2717231,4346,-6228,662,1571,-233,579,-366,-1844,-157,-2745,-4880,19224,802,34,79,16,0,0,0,0,0,0,0,-32286,0,0,0,0,0,2756670,0
2717236,5296,-5324,-52,1761,-487,622,-783,-1832,-104,-2666,-4832,19224,802,34,79,16,0,0,0,0,0,0,0,-32285,0,0,0,0,0,2756688,0
2717241,6028,-4460,86,1802,-633,578,-1193,-1800,-39,-2617,-4768,19230,778,34,79,16,0,0,0,0,0,0,0,-32287,0,0,0,0,0,2756693,0
2717246,7026,-3840,-276,1783,-764,555,-1593,-1756,33,-2548,-4632,19230,778,34,79,16,0,0,0,0,0,0,0,-32285,0,0,0,0,0,2756708,0
2717251,7734,-3266,-272,1755,-973,528,-1982,-1699,94,-2486,-4512,19239,731,34,79,16,0,0,0,0,0,0,0,-32287,0,0,0,0,0,2756713,0
2717256,9128,-1916,-106,1523,-1259,423,-2359,-1651,134,-2401,-4344,19239,731,34,79,16,0,0,0,0,0,0,0,-32285,0,0,0,0,0,2756728,0
2717261,9822,-1070,178,1376,-1368,315,-2720,-1582,171,-2330,-4144,19253,685,34,79,16,0,0,0,0,0,0,0,-32287,0,0,0,0,0,2756733,0
2717266,10326,-590,384,1186,-1417,202,-3065,-1502,194,-2231,-3880,19253,685,34,79,16,0,0,0,0,0,0,0,-32286,0,0,0,0,0,2756748,0
2717271,10990,-396,620,1023,-1466,102,-3392,-1427,229,-2143,-3752,19267,615,34,79,16,0,0,0,0,0,0,0,-32286,0,0,0,0,0,2756753,0
2717276,11328,386,1454,667,-1417,-162,-3697,-1335,251,-2065,-3488,19267,615,34,79,16,0,0,0,0,0,0,0,-32287,0,0,0,0,0,2756767,0
2717281,11634,26,1760,530,-1333,-265,-3979,-1234,289,-1975,-3168,19283,554,34,79,16,0,0,0,0,0,0,0,-32285,0,0,0,0,0,2756772,0
2717286,11542,148,2250,446,-1231,-419,-4235,-1109,323,-1914,-2896,19283,554,34,79,16,0,0,0,0,0,0,0,-32287,0,0,0,0,0,2756787,0
2717291,11604,-198,2366,380,-1093,-543,-4465,-1004,350,-1842,-2744,19302,468,34,79,16,0,0,0,0,0,0,0,-32287,0,0,0,0,0,2756792,0
2717296,11196,-318,2650,189,-756,-782,-4672,-900,377,-1749,-2376,19302,468,34,79,16,0,0,0,0,0,0,0,-32285,0,0,0,0,0,2756807,0
2717301,10974,-712,2710,99,-591,-891,-4857,-802,374,-1666,-2272,19320,392,34,79,16,0,0,0,0,0,0,0,-32286,0,0,0,0,0,2756812,0
2717306,10740,-1192,2682,73,-403,-972,-5024,-728,360,-1573,-2032,19320,392,34,79,16,0,0,0,0,0,0,0,-32287,0,0,0,0,0,2756827,0
2717311,10312,-1390,2546,8,-267,-1041,-5174,-661,322,-1501,-1856,19336,321,34,79,16,0,0,0,0,0,0,0,-32287,0,0,0,0,0,2756832,0
2717316,9866,-2054,2264,-94,49,-1096,-5315,-614,282,-1408,-1768,19336,321,34,79,16,0,0,0,0,0,0,0,-32286,0,0,0,0,0,2756847,0
2717321,9480,-2538,2254,-141,186,-1096,-5451,-594,227,-1346,-1680,19348,259,34,79,16,0,0,0,0,0,0,0,-32286,0,0,0,0,0,2756852,0
2717326,9296,-2780,2210,-159,353,-1087,-5579,-563,165,-1281,-1608,19348,259,34,79,16,0,0,0,0,0,0,0,-32286,0,0,0,0,0,2756867,0
2717331,9106,-3110,2010,-120,502,-1056,-5702,-540,123,-1179,-1576,19360,211,34,79,16,0,0,0,0,0,0,0,-32286,0,0,0,0,0,2756872,0
2717336,8430,-3470,1580,-132,702,-949,-5826,-540,92,-1121,-1528,19360,211,34,79,16,0,0,0,0,0,0,0,-32286,0,0,0,0,0,2756887,0
2717341,8128,-3476,1542,-156,879,-917,-5952,-552,51,-1055,-1512,19368,177,34,79,16,0,0,0,0,0,0,0,-32286,0,0,0,0,0,2756892,0
2717346,7934,-3520,1262,-214,957,-869,-6077,-540,25,-961,-1488,19368,177,34,79,16,0,0,0,0,0,0,0,-32286,0,0,0,0,0,2756907,0
2717351,7574,-3726,984,-240,1014,-790,-6201,-554,1,-877,-1496,19372,160,34,79,16,0,0,0,0,0,0,0,-32286,0,0,0,0,0,2756912,0
2717356,6958,-3664,566,-308,1005,-677,-6332,-581,-13,-817,-1512,19372,160,34,79,16,0,0,0,0,0,0,0,-32286,0,0,0,0,0,2756927,0
2717361,6810,-3530,292,-347,1016,-629,-6464,-580,-23,-745,-1496,19374,145,34,79,16,0,0,0,0,0,0,0,-32286,0,0,0,0,0,2756932,0
2717366,6638,-3530,132,-374,1001,-563,-6598,-596,-39,-676,-1504,19374,145,34,79,16,0,0,0,0,0,0,0,-32287,0,0,0,0,0,2756947,0
2717371,6266,-3606,72,-441,976,-491,-6738,-617,-44,-624,-1488,19379,133,34,79,16,0,0,0,0,0,0,0,-32286,0,0,0,0,0,2756952,0
2717376,6106,-3544,134,-578,958,-367,-6878,-617,-43,-561,-1440,19379,133,34,79,16,0,0,0,0,0,0,0,-32286,0,0,0,0,0,2756967,0
2717381,6074,-3480,134,-601,931,-310,-7014,-594,-30,-503,-1360,19382,120,34,79,16,0,0,0,0,0,0,0,-32286,0,0,0,0,0,2756972,0
2717386,6018,-3550,148,-652,931,-241,-7153,-605,-19,-446,-1320,19382,120,34,79,16,0,0,0,0,0,0,0,-32286,0,0,0,0,0,2756987,0
2717391,6032,-3416,160,-774,918,-148,-7287,-592,6,-384,-1240,19384,106,34,79,16,0,0,0,0,0,0,0,-32286,0,0,0,0,0,2756991,0
2717396,6064,-3314,228,-938,920,-39,-7415,-556,30,-329,-1080,19384,106,34,79,16,0,0,0,0,0,0,0,-32286,0,0,0,0,0,2757006,0
2717401,6030,-3048,274,-1032,906,20,-7534,-517,61,-254,-960,19385,100,34,79,16,0,0,0,0,0,0,0,-32286,0,0,0,0,0,2757011,0
2717406,6118,-3084,416,-1117,899,75,-7643,-478,90,-211,-792,19385,100,34,79,16,0,0,0,0,0,0,0,-32286,0,0,0,0,0,2757026,0
2717411,6152,-2976,528,-1150,930,104,-7741,-429,126,-163,-600,19388,80,34,79,16,0,0,0,0,0,0,0,-32286,0,0,0,0,0,2757031,0
2717416,6354,-2796,542,-1049,807,109,-7820,-344,166,-136,-352,19388,80,34,79,16,0,0,0,0,0,0,0,-32286,0,0,0,0,0,2757046,0
2717421,6566,-2680,754,-961,729,81,-7884,-276,191,-93,-144,19390,77,34,79,16,0,0,0,0,0,0,0,-32286,0,0,0,0,0,2757051,0
2717426,6742,-2660,746,-818,664,60,-7933,-210,227,-18,-80,19390,77,34,79,16,0,0,0,0,0,0,0,-32286,0,0,0,0,0,2757066,0
2717431,6540,-2304,898,-744,612,21,-7965,-133,242,45,-32,19389,73,34,79,16,0,0,0,0,0,0,0,-32286,0,0,0,0,0,2757071,0
2717436,6602,-1992,900,-1020,693,80,-7984,-76,245,84,-8,19389,73,34,79,16,0,0,0,0,0,0,0,-32286,0,0,0,0,0,2757086,0
2717441,6668,-2082,974,-1146,777,81,-7987,-3,234,107,32,19391,71,34,79,16,0,0,0,0,0,0,0,-32286,0,0,0,0,0,2757091,0
2717446,6574,-2234,1070,-1173,859,126,-7981,27,223,157,48,19391,71,34,79,16,0,0,0,0,0,0,0,-32286,0,0,0,0,0,2757106,0
2717451,6520,-2318,1090,-1141,837,116,-7978,19,186,203,48,19390,65,34,79,16,0,0,0,0,0,0,0,-32286,0,0,0,0,0,2757111,0
2717456,6576,-2104,942,-1015,928,84,-7977,-2,107,245,64,19390,65,34,79,16,0,0,0,0,0,0,0,-32286,0,0,0,0,0,2757126,0
2717461,6504,-2066,934,-1039,985,96,-7977,-4,35,285,72,19393,56,34,79,16,0,0,0,0,0,0,0,-32286,0,0,0,0,0,2757131,0
2717466,6444,-2032,934,-1088,1039,123,-7976,2,-8,325,88,19393,56,34,79,16,0,0,0,0,0,0,0,-32286,0,0,0,0,0,2757146,0
2717471,6446,-2166,940,-1112,1096,132,-7973,12,-12,363,112,19392,50,34,79,16,0,0,0,0,0,0,0,-32286,0,0,0,0,0,2757151,0
2717476,6352,-2392,892,-1011,1143,151,-7971,13,4,409,136,19392,50,34,79,16,0,0,0,0,0,0,0,-32286,0,0,0,0,0,2757166,0
2717481,6266,-2310,884,-942,1147,150,-7962,33,23,450,168,19391,65,34,79,16,0,0,0,0,0,0,0,-32286,0,0,0,0,0,2757171,0
2717486,6222,-2118,760,-898,1133,161,-7947,67,38,482,256,19391,65,34,79,16,0,0,0,0,0,0,0,-32286,0,0,0,0,0,2757186,0
2717491,6194,-1914,592,-901,1122,136,-7919,138,80,499,424,19388,68,34,79,16,0,0,0,0,0,0,0,-32286,0,0,0,0,0,2757191,0
2717496,6000,-1580,424,-1000,1148,131,-7879,172,119,534,584,19388,68,34,79,16,0,0,0,0,0,0,0,-32286,0,0,0,0,0,2757205,0
2717501,6174,-1758,238,-1007,1113,140,-7822,261,167,573,808,19385,70,34,79,16,0,0,0,0,0,0,0,-32286,0,0,0,0,0,2757210,0
2717506,5826,-1560,268,-1007,1068,100,-7743,353,215,636,1072,19385,70,34,79,16,0,0,0,0,0,0,0,-32287,0,0,0,0,0,2757225,0
2717511,5900,-1594,144,-998,1005,67,-7640,462,261,670,1344,19382,80,34,79,16,0,0,0,0,0,0,0,-32286,0,0,0,0,0,2757230,0
2717516,5790,-1324,112,-966,908,24,-7514,564,305,756,1616,19382,80,34,79,16,0,0,0,0,0,0,0,-32286,0,0,0,0,0,2757245,0
2717521,5790,-1232,26,-992,845,-7,-7357,700,358,827,1944,19379,98,34,79,16,0,0,0,0,0,0,0,-32285,0,0,0,0,0,2757250,0
2717526,5834,-1096,-160,-1042,746,-28,-7169,843,395,839,2264,19379,98,34,79,16,0,0,0,0,0,0,0,-32286,0,0,0,0,0,2757265,0
2717531,5788,-1080,-146,-1094,686,-44,-6951,976,440,883,2624,19374,127,34,79,16,0,0,0,0,0,0,0,-32286,0,0,0,0,0,2757270,0
2717536,6718,266,-218,-522,-172,-619,-6700,1116,462,936,2896,19374,127,34,79,16,0,0,0,0,0,0,0,-32286,0,0,0,0,0,2757285,0
2717541,6886,-2306,-1626,-30,-355,-389,-6431,1196,454,989,3120,19368,150,34,79,16,0,0,0,0,0,0,0,-32286,0,0,0,0,0,2757290,0
2717546,4558,-132,-438,-371,-760,-533,-6138,1301,422,993,3288,19368,150,34,79,16,0,0,0,0,0,0,0,-32286,0,0,0,0,0,2757305,0
2717551,7456,-924,-1004,-194,-1136,-686,-5831,1356,364,1066,3408,19364,186,34,79,16,0,0,0,0,0,0,0,-32286,0,0,0,0,0,2757310,0
2717556,6774,428,144,-479,-1123,-749,-5511,1406,306,1107,3536,19364,186,34,79,16,0,0,0,0,0,0,0,-32286,0,0,0,0,0,2757325,0
2717561,7604,70,396,-591,-999,-802,-5179,1458,247,1145,3632,19357,226,34,79,16,0,0,0,0,0,0,0,-32286,0,0,0,0,0,2757330,0
2717566,7454,-134,754,-679,-895,-839,-4844,1477,201,1196,3616,19357,226,34,79,16,0,0,0,0,0,0,0,-32286,0,0,0,0,0,2757344,0
2717571,7580,-370,1036,-676,-754,-866,-4502,1507,151,1235,3704,19351,264,34,79,16,0,0,0,0,0,0,0,-32286,0,0,0,0,0,2757349,0
2717576,7628,-700,1396,-747,-391,-861,-4163,1492,102,1284,3584,19351,264,34,79,16,0,0,0,0,0,0,0,-32286,0,0,0,0,0,2757364,0
2717581,7788,-896,1556,-749,-250,-863,-3826,1477,58,1323,3584,19347,289,34,79,16,0,0,0,0,0,0,0,-32287,0,0,0,0,0,2757369,0
2717586,7724,-1034,1642,-778,-74,-846,-3495,1448,-1,1352,3504,19347,289,34,79,16,0,0,0,0,0,0,0,-32286,0,0,0,0,0,2757384,0
2717591,7824,-1218,1680,-770,42,-827,-3173,1417,-43,1396,3512,19343,315,34,79,16,0,0,0,0,0,0,0,-32286,0,0,0,0,0,2757389,0
2717596,8088,-1688,1764,-814,350,-746,-2861,1365,-93,1414,3376,19343,315,34,79,16,0,0,0,0,0,0,0,-32287,0,0,0,0,0,2757404,0
2717601,8030,-1670,1816,-844,444,-717,-2561,1313,-125,1461,3336,19341,333,34,79,16,0,0,0,0,0,0,0,-32285,0,0,0,0,0,2757409,0
2717606,8208,-1968,1668,-859,530,-671,-2273,1259,-152,1506,3248,19341,333,34,79,16,0,0,0,0,0,0,0,-32286,0,0,0,0,0,2757424,0
2717611,8226,-1944,1734,-862,595,-666,-1997,1208,-172,1526,3112,19336,338,34,79,16,0,0,0,0,0,0,0,-32286,0,0,0,0,0,2757429,0
2717616,8368,-2118,1538,-946,760,-597,-1735,1154,-185,1568,3016,19336,338,34,79,16,0,0,0,0,0,0,0,-32285,0,0,0,0,0,2757444,0
2717621,8502,-2468,1224,-951,816,-569,-1483,1104,-186,1610,2920,19332,331,34,79,16,0,0,0,0,0,0,0,-32286,0,0,0,0,0,2757449,0
2717626,8388,-2384,1256,-933,806,-574,-1241,1055,-181,1662,2840,19332,331,34,79,16,0,0,0,0,0,0,0,-32286,0,0,0,0,0,2757464,0
2717631,8462,-2648,1052,-939,820,-543,-1013,1002,-174,1695,2704,19330,323,34,79,16,0,0,0,0,0,0,0,-32285,0,0,0,0,0,2757469,0
2717636,8640,-2908,960,-943,809,-534,-792,968,-168,1698,2560,19330,323,34,79,16,0,0,0,0,0,0,0,-32286,0,0,0,0,0,2757484,0
2717641,8594,-2874,776,-956,791,-525,-584,910,-167,1752,2568,19332,321,34,79,16,0,0,0,0,0,0,0,-32287,0,0,0,0,0,2757489,0
2717646,8686,-2784,916,-962,748,-541,-385,866,-168,1790,2392,19332,321,34,79,16,0,0,0,0,0,0,0,-32285,0,0,0,0,0,2757504,0
2717651,8854,-3122,908,-962,742,-511,-202,802,-169,1819,2344,19336,319,34,79,16,0,0,0,0,0,0,0,-32285,0,0,0,0,0,2757509,0
2717656,8880,-3258,882,-1048,693,-507,-32,739,-185,1834,2176,19336,319,34,79,16,0,0,0,0,0,0,0,-32286,0,0,0,0,0,2757524,0
2717661,8738,-3354,1024,-1043,659,-482,125,685,-198,1875,2016,19339,310,34,79,16,0,0,0,0,0,0,0,-32287,0,0,0,0,0,2757529,0
2717666,8682,-3404,1172,-1081,642,-472,266,621,-202,1896,1912,19339,310,34,79,16,0,0,0,0,0,0,0,-32286,0,0,0,0,0,2757543,0
2717671,8714,-3572,1220,-1075,622,-443,396,562,-210,1928,1792,19342,289,34,79,16,0,0,0,0,0,0,0,-32285,0,0,0,0,0,2757548,0
2717676,8426,-3690,1370,-1025,589,-408,513,510,-208,1942,1712,19342,289,34,79,16,0,0,0,0,0,0,0,-32285,0,0,0,0,0,2757563,0
2717681,8450,-3722,1472,-955,548,-383,619,457,-199,1965,1648,19347,270,34,79,16,0,0,0,0,0,0,0,-32286,0,0,0,0,0,2757568,0
2717686,8282,-3422,1618,-937,549,-358,712,410,-194,1993,1568,19347,270,34,79,16,0,0,0,0,0,0,0,-32286,0,0,0,0,0,2757583,0
2717691,8234,-3440,1604,-946,572,-321,793,355,-187,2049,1432,19350,243,34,79,16,0,0,0,0,0,0,0,-32287,0,0,0,0,0,2757588,0
2717696,7884,-3170,1752,-988,654,-237,868,327,-174,2062,1464,19350,243,34,79,16,0,0,0,0,0,0,0,-32287,0,0,0,0,0,2757603,0
2717701,7832,-2970,1744,-867,576,-251,938,318,-152,2078,1440,19354,238,34,79,16,0,0,0,0,0,0,0,-32287,0,0,0,0,0,2757608,0
2717706,7936,-2772,1600,-689,559,-234,1010,314,-103,2090,1456,19354,238,34,79,16,0,0,0,0,0,0,0,-32286,0,0,0,0,0,2757623,0
2717711,7834,-2120,1538,-658,511,-219,1079,305,-64,2146,1416,19353,231,34,79,16,0,0,0,0,0,0,0,-32286,0,0,0,0,0,2757628,0
2717716,8104,-1524,1370,-992,625,-114,1149,308,-30,2139,1456,19353,231,34,79,16,0,0,0,0,0,0,0,-32286,0,0,0,0,0,2757643,0
2717721,8254,-1774,1530,-1057,608,-87,1220,317,-8,2179,1496,19354,225,34,79,16,0,0,0,0,0,0,0,-32285,0,0,0,0,0,2757648,0
2717726,8822,-1846,1622,-963,561,-111,1300,352,15,2152,1624,19354,225,34,79,16,0,0,0,0,0,0,0,-32285,0,0,0,0,0,2757663,0
2717731,9624,-1930,1730,-850,545,-122,1396,433,63,2165,1864,19354,229,34,79,16,0,0,0,0,0,0,0,-32286,0,0,0,0,0,2757668,0
2717736,11052,-2214,1834,-1022,587,-114,1512,517,142,2191,2080,19354,229,34,79,16,0,0,0,0,0,0,0,-32286,0,0,0,0,0,2757683,0
2717741,11796,-2480,1780,-1053,539,-136,1645,597,209,2232,2312,19352,247,34,79,16,0,0,0,0,0,0,0,-32287,0,0,0,0,0,2757687,0
2717746,12418,-2790,1532,-1137,519,-145,1799,690,262,2218,2472,19352,247,34,79,16,0,0,0,0,0,0,0,-32287,0,0,0,0,0,2757702,0
2717751,12952,-3396,1314,-1134,390,-193,1978,798,300,2260,2688,19345,279,34,79,16,0,0,0,0,0,0,0,-32285,0,0,0,0,0,2757707,0
2717756,13848,-4266,1604,-923,210,-345,2178,883,321,2270,2888,19345,279,34,79,16,0,0,0,0,0,0,0,-32285,0,0,0,0,0,2757722,0
2717761,14116,-4424,1980,-792,226,-483,2398,970,331,2301,3088,19333,329,34,79,16,0,0,0,0,0,0,0,-32287,0,0,0,0,0,2757736,0
2717766,14308,-4378,2608,-723,330,-642,2631,1030,317,2321,3224,19333,329,34,79,16,0,0,0,0,0,0,0,-32286,0,0,0,0,0,2757742,0
2717771,14214,-4736,2868,-719,545,-778,2875,1075,271,2307,3208,19321,379,34,79,16,0,0,0,0,0,0,0,-32285,0,0,0,0,0,2757747,0
2717776,12794,-5806,2852,-642,830,-1032,3121,1091,213,2312,3192,19321,379,34,79,16,0,0,0,0,0,0,0,-32286,0,0,0,0,0,2757762,0
2717781,11970,-6602,2566,-454,857,-1097,3369,1086,146,2322,3136,19315,424,34,79,16,0,0,0,0,0,0,0,-32287,0,0,0,0,0,2757767,0
2717786,10656,-7006,2314,-232,710,-1211,3608,1047,63,2325,2992,19315,424,34,79,16,0,0,0,0,0,0,0,-32285,0,0,0,0,0,2757782,0
2717791,10096,-7490,1824,-109,648,-1210,3832,974,-20,2339,2864,19310,445,34,79,16,0,0,0,0,0,0,0,-32286,0,0,0,0,0,2757787,0
2717796,7284,-7496,1446,-149,624,-1118,4035,887,-122,2336,2608,19310,445,34,79,16,0,0,0,0,0,0,0,-32287,0,0,0,0,0,2757802,0
2717801,6308,-7842,1302,-40,648,-1045,4218,795,-209,2296,2456,19313,432,34,79,16,0,0,0,0,0,0,0,-32286,0,0,0,0,0,2757807,0
2717806,4836,-8088,1142,25,641,-895,4383,714,-267,2316,2224,19313,432,34,79,16,0,0,0,0,0,0,0,-32285,0,0,0,0,0,2757822,0
2717811,3978,-8112,904,257,407,-818,4531,638,-299,2282,2104,19321,402,34,79,16,0,0,0,0,0,0,0,-32286,0,0,0,0,0,2757827,0
2717816,2820,-6952,336,537,213,-572,4662,576,-282,2285,1896,19321,402,34,79,16,0,0,0,0,0,0,0,-32286,0,0,0,0,0,2757842,0
2717821,2306,-6114,0,461,148,-443,4777,500,-267,2272,1768,19327,364,34,79,16,0,0,0,0,0,0,0,-32287,0,0,0,0,0,2757847,0
2717826,2022,-5368,-370,391,59,-320,4878,437,-255,2219,1760,19327,364,34,79,16,0,0,0,0,0,0,0,-32287,0,0,0,0,0,2757862,0
2717831,2042,-4740,-622,361,-47,-225,4971,412,-228,2234,1696,19335,316,34,79,16,0,0,0,0,0,0,0,-32286,0,0,0,0,0,2757867,0
2717836,2352,-3258,-612,311,-197,-90,5062,399,-183,2247,1624,19335,316,34,79,16,0,0,0,0,0,0,0,-32285,0,0,0,0,0,2757882,0
2717841,2680,-2738,-542,165,-189,9,5149,380,-131,2236,1632,19340,285,34,79,16,0,0,0,0,0,0,0,-32285,0,0,0,0,0,2757887,0
2717846,2924,-1940,-324,59,-205,4,5235,388,-78,2189,1672,19340,285,34,79,16,0,0,0,0,0,0,0,-32285,0,0,0,0,0,2757902,0
2717851,3444,-1658,-312,-24,-159,61,5328,411,-33,2165,1696,19351,263,34,79,16,0,0,0,0,0,0,0,-32286,0,0,0,0,0,2757907,0
2717856,4142,-1070,-24,-229,-57,72,5430,447,19,2151,1816,19351,263,34,79,16,0,0,0,0,0,0,0,-32286,0,0,0,0,0,2757922,0
2717861,4508,-896,10,-323,14,69,5542,489,75,2131,1888,19353,254,34,79,16,0,0,0,0,0,0,0,-32287,0,0,0,0,0,2757926,0
2717866,4582,-670,86,-452,62,72,5661,528,108,2097,2016,19353,254,34,79,16,0,0,0,0,0,0,0,-32286,0,0,0,0,0,2757941,0
2717871,4874,-860,-62,-554,82,47,5791,570,136,2073,2064,19353,256,34,79,16,0,0,0,0,0,0,0,-32285,0,0,0,0,0,2757946,0
2717876,5100,-1328,-132,-669,67,38,5928,613,141,2048,2136,19353,256,34,79,16,0,0,0,0,0,0,0,-32285,0,0,0,0,0,2757961,0
2717881,5238,-1686,-72,-689,15,45,6072,638,136,2012,2120,19343,264,34,79,16,0,0,0,0,0,0,0,-32285,0,0,0,0,0,2757966,0
2717886,5458,-2056,46,-766,-11,64,6218,638,119,1982,2072,19343,264,34,79,16,0,0,0,0,0,0,0,-32287,0,0,0,0,0,2757981,0
2717891,5768,-2558,290,-847,-48,96,6366,643,82,1960,2064,19345,277,33,79,16,0,0,0,0,0,0,0,-32287,0,0,0,0,0,2757986,0
2717896,6382,-3838,864,-845,-97,192,6512,642,52,1932,2032,19345,277,33,79,16,0,0,0,0,0,0,0,-32286,0,0,0,0,0,2758001,0
2717901,6412,-4246,1192,-851,-119,260,6651,607,10,1919,1952,19344,282,33,79,16,0,0,0,0,0,0,0,-32285,0,0,0,0,0,2758006,0
2717906,6610,-4622,1326,-872,-105,343,6783,578,-37,1873,1872,19344,282,33,79,16,0,0,0,0,0,0,0,-32285,0,0,0,0,0,2758021,0
2717911,6900,-4876,1470,-819,-108,403,6908,548,-72,1829,1744,19349,273,34,79,16,0,0,0,0,0,0,0,-32286,0,0,0,0,0,2758026,0
2717916,6842,-5154,1158,-810,-104,573,7017,481,-105,1791,1544,19349,273,34,79,16,0,0,0,0,0,0,0,-32287,0,0,0,0,0,2758041,0
2717921,6882,-5434,652,-875,-118,682,7108,388,-155,1726,1368,19349,256,34,79,16,0,0,0,0,0,0,0,-32287,0,0,0,0,0,2758046,0
2717926,6576,-5096,364,-949,-155,705,7183,331,-204,1687,1272,19349,256,34,79,16,0,0,0,0,0,0,0,-32287,0,0,0,0,0,2758061,0
2717931,6744,-5186,-30,-955,-157,758,7246,273,-228,1657,1104,19353,220,34,79,16,0,0,0,0,0,0,0,-32286,0,0,0,0,0,2758066,0
2717936,6616,-5076,-508,-892,-308,750,7288,234,-235,1637,936,19353,220,34,79,16,0,0,0,0,0,0,0,-32286,0,0,0,0,0,2758081,0
2717941,6576,-4706,-640,-970,-338,721,7326,161,-218,1585,824,19361,190,34,79,16,0,0,0,0,0,0,0,-32286,0,0,0,0,0,2758086,0
2717946,6794,-4678,-774,-1050,-378,712,7345,81,-214,1554,600,19361,190,34,79,16,0,0,0,0,0,0,0,-32285,0,0,0,0,0,2758101,0
2717951,6612,-4504,-744,-1234,-365,701,7346,-10,-241,1534,472,19369,160,34,79,16,0,0,0,0,0,0,0,-32286,0,0,0,0,0,2758106,0
2717956,6732,-4662,-656,-1234,-413,511,7342,-17,-239,1426,504,19369,160,34,79,16,0,0,0,0,0,0,0,-32285,0,0,0,0,0,2758121,0
2717961,6492,-4882,-430,-1073,-502,448,7342,1,-177,1362,504,19374,132,34,79,16,0,0,0,0,0,0,0,-32285,0,0,0,0,0,2758126,0
2717966,6412,-4856,-280,-979,-615,377,7342,-6,-89,1329,464,19374,132,34,79,16,0,0,0,0,0,0,0,-32286,0,0,0,0,0,2758141,0
2717971,6546,-4852,-188,-909,-696,304,7343,6,-18,1274,464,19379,104,34,79,16,0,0,0,0,0,0,0,-32285,0,0,0,0,0,2758146,0
2717976,6494,-4630,268,-833,-774,195,7342,2,5,1229,416,19379,104,34,79,16,0,0,0,0,0,0,0,-32286,0,0,0,0,0,2758161,0
2717981,6452,-4630,532,-781,-809,133,7341,-10,5,1176,424,19382,86,34,79,16,0,0,0,0,0,0,0,-32286,0,0,0,0,0,2758166,0
2717986,6678,-4620,684,-674,-806,90,7342,-5,-1,1141,352,19382,86,34,79,16,0,0,0,0,0,0,0,-32286,0,0,0,0,0,2758181,0
2717991,6638,-4484,940,-591,-794,63,7344,4,0,1093,344,19384,83,34,79,16,0,0,0,0,0,0,0,-32286,0,0,0,0,0,2758185,0
2717996,6992,-4282,1094,-406,-715,36,7342,2,-2,1035,320,19384,83,34,79,16,0,0,0,0,0,0,0,-32286,0,0,0,0,0,2758200,0
2718001,7058,-4176,1130,-330,-665,43,7343,5,-1,984,312,19388,85,34,79,16,0,0,0,0,0,0,0,-32286,0,0,0,0,0,2758205,0
2718006,7064,-3926,1080,-285,-605,52,7344,3,3,931,280,19388,85,34,79,16,0,0,0,0,0,0,0,-32286,0,0,0,0,0,2758220,0
2718011,7020,-3770,1014,-243,-544,70,7344,5,0,885,264,19390,91,34,79,16,0,0,0,0,0,0,0,-32286,0,0,0,0,0,2758225,0
2718016,6804,-3610,810,-147,-488,91,7344,1,0,830,248,19390,91,34,79,16,0,0,0,0,0,0,0,-32286,0,0,0,0,0,2758240,0
2718021,6808,-3448,678,-33,-500,98,7345,-2,-1,780,224,19391,86,34,79,16,0,0,0,0,0,0,0,-32286,0,0,0,0,0,2758245,0
2718026,6816,-3166,594,44,-475,103,7346,4,2,730,208,19391,86,34,79,16,0,0,0,0,0,0,0,-32286,0,0,0,0,0,2758260,0
2718031,6806,-2910,580,37,-439,115,7345,0,-2,675,192,19389,86,34,79,16,0,0,0,0,0,0,0,-32286,0,0,0,0,0,2758265,0
2718036,6804,-2834,450,8,-403,142,7346,1,-2,625,168,19389,86,34,79,16,0,0,0,0,0,0,0,-32286,0,0,0,0,0,2758280,0
2718041,7038,-2990,390,86,-391,148,7346,0,-1,573,144,19387,76,34,79,16,0,0,0,0,0,0,0,-32285,0,0,0,0,0,2758285,0
2718046,6918,-2934,434,262,-443,125,7346,7,1,519,128,19387,76,34,79,16,0,0,0,0,0,0,0,-32285,0,0,0,0,0,2758300,0
2718051,6970,-2848,412,449,-565,72,7346,-1,-2,470,120,19387,72,34,79,16,0,0,0,0,0,0,0,-32286,0,0,0,0,0,2758305,0
2718056,7174,-2256,268,649,-578,-3,7346,-1,-1,420,96,19387,72,34,79,16,0,0,0,0,0,0,0,-32285,0,0,0,0,0,2758320,0
2718061,7166,-2098,-62,590,-643,-23,7346,3,-2,370,80,19388,74,34,79,16,0,0,0,0,0,0,0,-32286,0,0,0,0,0,2758325,0
2718066,7162,-2172,-374,481,-676,-29,7345,3,0,321,64,19388,74,34,79,16,0,0,0,0,0,0,0,-32286,0,0,0,0,0,2758339,0
2718071,6972,-2080,-488,379,-718,-45,7345,2,-4,271,48,19390,70,34,79,16,0,0,0,0,0,0,0,-32286,0,0,0,0,0,2758344,0
2718076,6802,-2466,-658,286,-848,-37,7344,-7,-4,222,32,19390,70,34,79,16,0,0,0,0,0,0,0,-32285,0,0,0,0,0,2758359,0
2718081,6772,-2528,-612,285,-907,-27,7344,-7,-1,173,24,19389,69,34,79,16,0,0,0,0,0,0,0,-32286,0,0,0,0,0,2758364,0
2718086,6626,-2822,-592,264,-938,71,7329,-77,-16,-395,-1032,19389,69,34,79,16,0,0,0,0,0,0,0,-32286,0,0,0,0,0,2758379,0
2718091,6298,-2572,-274,41,-929,149,7246,-398,-168,-1308,-1856,19386,81,34,79,16,0,0,0,0,0,0,0,-32286,0,0,0,0,0,2758384,0
2718096,6662,-3472,-154,-123,-681,459,7080,-761,-456,-1469,-2768,19386,81,34,79,16,0,0,0,0,0,0,0,-32286,0,0,0,0,0,2758399,0
2718101,5560,-2754,180,-708,-636,636,6820,-1185,-827,-1693,-3736,19374,138,34,79,16,0,0,0,0,0,0,0,-32285,0,0,0,0,0,2758404,0
2718106,6120,-3070,-412,-1067,-411,785,6468,-1585,-1159,-1802,-4704,19374,138,34,79,16,0,0,0,0,0,0,0,-32287,0,0,0,0,0,2758419,0
2718111,5214,-3712,-592,-1038,-338,886,6025,-1991,-1351,-1908,-5544,19349,262,34,79,16,0,0,0,0,0,0,0,-32285,0,0,0,0,0,2758424,0
2718116,1104,932,2668,-5047,187,2229,5522,-2229,-1353,-2101,-5816,19349,262,34,79,16,0,0,0,0,0,0,0,-32286,0,0,0,0,0,2758439,0
2718121,12518,-10488,2532,-6020,3543,3918,4975,-2413,-1216,-2223,-6136,19306,446,34,79,16,0,0,0,0,0,0,0,-32286,0,0,0,0,0,2758444,0
2718126,-2838,-7910,6850,-5903,3198,3845,4426,-2409,-929,-2399,-5880,19306,446,34,79,16,0,0,0,0,0,0,0,-32285,0,0,0,0,0,2758459,0
2718131,3628,-14284,3818,-3894,2798,3918,3907,-2276,-541,-2458,-5512,19262,631,34,79,16,0,0,0,0,0,0,0,-32286,0,0,0,0,0,2758464,0
2718136,4428,-8024,2432,778,1896,3613,3432,-2065,-82,-2533,-4992,19262,631,34,79,16,0,0,0,0,0,0,0,-32286,0,0,0,0,0,2758479,0
2718141,6698,-4582,128,812,1824,3469,3018,-1792,321,-2630,-4464,19232,744,34,79,16,0,0,0,0,0,0,0,-32285,0,0,0,0,0,2758484,0
2718146,7396,-1406,-832,189,1791,3226,2666,-1524,638,-2700,-3944,19232,744,34,79,16,0,0,0,0,0,0,0,-32287,0,0,0,0,0,2758498,0
2718151,7944,-508,-1212,-360,1403,2880,2374,-1260,825,-2775,-3408,19229,754,34,79,16,0,0,0,0,0,0,0,-32285,0,0,0,0,0,2758503,0
2718156,9464,-1368,-2236,399,244,2070,2137,-1009,902,-2890,-2992,19229,754,34,79,16,0,0,0,0,0,0,0,-32286,0,0,0,0,0,2758518,0
2718161,9956,-658,-2074,679,-41,1743,1957,-779,903,-2982,-2488,19247,675,34,79,16,0,0,0,0,0,0,0,-32287,0,0,0,0,0,2758523,0
2718166,10148,306,-1520,625,-225,1391,1823,-558,862,-3083,-2000,19247,675,34,79,16,0,0,0,0,0,0,0,-32287,0,0,0,0,0,2758538,0
2718171,10346,534,-1794,542,-513,1075,1746,-314,830,-3122,-1656,19271,563,34,79,16,0,0,0,0,0,0,0,-32285,0,0,0,0,0,2758543,0
2718176,10064,-234,-1260,755,-924,564,1713,-124,798,-3247,-1304,19271,563,34,79,16,0,0,0,0,0,0,0,-32285,0,0,0,0,0,2758558,0
2718181,10198,-194,-1072,781,-1016,389,1710,10,742,-3361,-1176,19300,456,34,79,16,0,0,0,0,0,0,0,-32285,0,0,0,0,0,2758563,0
2718186,9974,-164,-722,535,-957,347,1719,39,624,-3382,-1208,19300,456,34,79,16,0,0,0,0,0,0,0,-32285,0,0,0,0,0,2758578,0
2718191,9998,-546,-258,160,-837,355,1725,27,433,-3409,-1264,19323,368,34,79,16,0,0,0,0,0,0,0,-32285,0,0,0,0,0,2758583,0
2718196,9568,-2230,1086,-25,-505,378,1727,7,218,-3470,-1304,19323,368,34,79,16,0,0,0,0,0,0,0,-32285,0,0,0,0,0,2758598,0
2718201,9326,-2768,1568,113,-327,415,1730,1,60,-3533,-1304,19335,311,34,79,16,0,0,0,0,0,0,0,-32285,0,0,0,0,0,2758603,0
2718206,9030,-2908,1888,197,-145,446,1732,14,-15,-3584,-1296,19335,311,34,79,16,0,0,0,0,0,0,0,-32285,0,0,0,0,0,2758618,0
2718211,8836,-3052,1986,236,63,482,1736,21,-13,-3621,-1304,19341,307,34,79,16,0,0,0,0,0,0,0,-32285,0,0,0,0,0,2758623,0
2718216,8318,-3252,1862,322,395,536,1744,36,6,-3652,-1288,19341,307,34,79,16,0,0,0,0,0,0,0,-32285,0,0,0,0,0,2758638,0
2718221,8018,-3276,1712,357,534,579,1757,49,31,-3675,-1312,19339,323,34,79,16,0,0,0,0,0,0,0,-32285,0,0,0,0,0,2758643,0
2718226,7786,-3332,1532,338,658,643,1766,35,39,-3675,-1352,19339,323,34,79,16,0,0,0,0,0,0,0,-32286,0,0,0,0,0,2758658,0
2718231,7478,-3340,1462,271,778,698,1769,16,12,-3684,-1392,19337,332,34,79,16,0,0,0,0,0,0,0,-32286,0,0,0,0,0,2758663,0
2718236,7260,-3562,1180,305,987,800,1768,1,-23,-3694,-1384,19337,332,34,79,16,0,0,0,0,0,0,0,-32286,0,0,0,0,0,2758681,0
2718241,7124,-3576,1068,382,1013,830,1772,5,-37,-3708,-1352,19332,328,34,79,16,0,0,0,0,0,0,0,-32286,0,0,0,0,0,2758685,0
2718246,7144,-3446,814,463,1028,846,1778,20,-24,-3712,-1304,19332,328,34,79,16,0,0,0,0,0,0,0,-32286,0,0,0,0,0,2758700,0
2718251,7182,-3296,558,528,1013,852,1793,69,19,-3722,-1144,19331,320,34,79,16,0,0,0,0,0,0,0,-32286,0,0,0,0,0,2758705,0
2718256,7504,-2694,-118,769,825,721,1828,168,81,-3768,-848,19331,320,34,79,16,0,0,0,0,0,0,0,-32287,0,0,0,0,0,2758720,0
2718261,7506,-2404,-514,823,661,646,1884,261,159,-3704,-672,19334,307,34,79,16,0,0,0,0,0,0,0,-32287,0,0,0,0,0,2758725,0
2718266,7672,-2402,-940,802,464,621,1953,316,236,-3655,-504,19334,307,34,79,16,0,0,0,0,0,0,0,-32288,0,0,0,0,0,2758740,0
2718271,7560,-2064,-1090,752,244,533,2041,392,270,-3615,-432,19345,269,34,79,16,0,0,0,0,0,0,0,-32288,0,0,0,0,0,2758745,0
2718276,7538,-2040,-1062,594,-74,456,2137,423,254,-3576,-312,19345,269,34,79,16,0,0,0,0,0,0,0,-32287,0,0,0,0,0,2758760,0
2718281,7800,-2246,-1032,599,-192,410,2244,477,220,-3535,-192,19357,208,34,79,16,0,0,0,0,0,0,0,-32286,0,0,0,0,0,2758765,0
2718286,7794,-2434,-850,686,-378,315,2370,562,193,-3459,-96,19357,208,34,79,16,0,0,0,0,0,0,0,-32285,0,0,0,0,0,2758780,0
2718291,7912,-2414,-750,785,-533,223,2519,663,220,-3377,-40,19372,142,34,79,16,0,0,0,0,0,0,0,-32285,0,0,0,0,0,2758785,0
2718296,7984,-2290,-568,909,-880,13,2690,760,262,-3346,40,19372,142,34,79,16,0,0,0,0,0,0,0,-32287,0,0,0,0,0,2758800,0
2718301,8222,-2406,-600,1009,-1056,-117,2887,878,324,-3275,96,19386,74,34,79,16,0,0,0,0,0,0,0,-32287,0,0,0,0,0,2758805,0
2718306,8230,-2562,-558,1085,-1215,-205,3107,971,350,-3245,144,19386,74,34,79,16,0,0,0,0,0,0,0,-32285,0,0,0,0,0,2758820,0
2718311,8140,-2518,-404,1107,-1403,-313,3346,1060,357,-3211,216,19406,5,34,79,16,0,0,0,0,0,0,0,-32285,0,0,0,0,0,2758825,0
2718316,8100,-2830,198,1045,-1565,-406,3592,1080,323,-3165,256,19406,5,34,79,16,0,0,0,0,0,0,0,-32287,0,0,0,0,0,2758840,0
2718321,8498,-3132,318,1106,-1578,-469,3843,1104,248,-3142,296,19420,-55,34,79,16,0,0,0,0,0,0,0,-32286,0,0,0,0,0,2758845,0
2718326,8292,-3266,732,1177,-1560,-508,4097,1123,161,-3085,376,19420,-55,34,79,16,0,0,0,0,0,0,0,-32286,0,0,0,0,0,2758860,0
2718331,8500,-3378,1062,1286,-1550,-557,4357,1138,102,-3041,464,19430,-96,34,79,16,0,0,0,0,0,0,0,-32287,0,0,0,0,0,2758865,0
2718336,8510,-3200,1188,1395,-1378,-588,4618,1151,63,-2966,432,19430,-96,34,79,16,0,0,0,0,0,0,0,-32287,0,0,0,0,0,2758880,0
2718341,8276,-3154,1388,1354,-1224,-551,4870,1111,39,-2882,344,19432,-115,34,79,16,0,0,0,0,0,0,0,-32285,0,0,0,0,0,2758885,0
2718346,8458,-3006,1536,1370,-1082,-548,5114,1064,-16,-2833,288,19432,-115,34,79,16,0,0,0,0,0,0,0,-32287,0,0,0,0,0,2758900,0
2718351,8356,-2958,1632,1363,-881,-512,5346,1021,-76,-2776,216,19429,-107,34,79,16,0,0,0,0,0,0,0,-32287,0,0,0,0,0,2758905,0
2718356,8076,-2702,1402,1372,-537,-441,5571,985,-119,-2708,200,19429,-107,34,79,16,0,0,0,0,0,0,0,-32285,0,0,0,0,0,2758919,0
2718361,7844,-2598,1368,1329,-389,-384,5784,938,-146,-2621,160,19427,-95,34,79,16,0,0,0,0,0,0,0,-32287,0,0,0,0,0,2758924,0
2718366,7794,-2414,1234,1279,-267,-349,5987,884,-150,-2552,96,19427,-95,34,79,16,0,0,0,0,0,0,0,-32287,0,0,0,0,0,2758939,0
2718371,7674,-2538,958,1227,-122,-261,6175,822,-161,-2479,72,19421,-67,34,79,16,0,0,0,0,0,0,0,-32286,0,0,0,0,0,2758944,0
2718376,7384,-1994,510,1098,0,-178,6351,773,-177,-2414,72,19421,-67,34,79,16,0,0,0,0,0,0,0,-32285,0,0,0,0,0,2758959,0
2718381,7288,-2046,414,1106,27,-137,6525,761,-176,-2316,72,19416,-57,34,79,16,0,0,0,0,0,0,0,-32287,0,0,0,0,0,2758964,0
2718386,7150,-2022,310,1098,2,-134,6697,759,-145,-2227,88,19416,-57,34,79,16,0,0,0,0,0,0,0,-32288,0,0,0,0,0,2758979,0
2718391,7388,-1886,106,1189,-30,-156,6874,788,-75,-2141,136,19412,-51,34,79,16,0,0,0,0,0,0,0,-32286,0,0,0,0,0,2758984,0
2718396,7344,-1508,-38,1319,-190,-230,7062,825,0,-2041,208,19412,-51,34,79,16,0,0,0,0,0,0,0,-32285,0,0,0,0,0,2758999,0
2718401,7776,-1512,-162,1375,-275,-283,7256,865,60,-1974,296,19414,-41,34,79,16,0,0,0,0,0,0,0,-32286,0,0,0,0,0,2759004,0
2718406,7934,-1646,-126,1408,-339,-332,7460,902,108,-1883,360,19414,-41,34,79,16,0,0,0,0,0,0,0,-32287,0,0,0,0,0,2759019,0
2718411,8164,-1798,-56,1408,-420,-415,7672,931,124,-1834,456,19416,-31,34,79,16,0,0,0,0,0,0,0,-32286,0,0,0,0,0,2759024,0
2718416,9162,-2674,-154,1568,-491,-638,7896,990,134,-1763,632,19416,-31,34,79,16,0,0,0,0,0,0,0,-32285,0,0,0,0,0,2759039,0
2718421,9424,-3204,-210,1675,-503,-730,8137,1061,158,-1658,816,19420,-33,34,79,16,0,0,0,0,0,0,0,-32286,0,0,0,0,0,2759044,0
2718426,9656,-3588,-240,1825,-555,-819,8387,1110,173,-1572,944,19420,-33,34,79,16,0,0,0,0,0,0,0,-32287,0,0,0,0,0,2759059,0
2718431,9536,-4018,-282,1942,-647,-882,8647,1141,188,-1500,1040,19420,-40,34,79,16,0,0,0,0,0,0,0,-32286,0,0,0,0,0,2759064,0
2718436,9948,-4416,-580,2159,-889,-1042,8913,1166,172,-1416,1112,19420,-40,34,79,16,0,0,0,0,0,0,0,-32286,0,0,0,0,0,2759078,0
2718441,9824,-4168,-378,2231,-960,-1115,9179,1169,132,-1336,1136,19420,-47,34,79,16,0,0,0,0,0,0,0,-32287,0,0,0,0,0,2759083,0
2718446,9904,-4118,-286,2236,-1025,-1118,9440,1153,77,-1257,1096,19420,-47,34,79,16,0,0,0,0,0,0,0,-32285,0,0,0,0,0,2759098,0
2718451,9454,-3580,54,2111,-1084,-1132,9695,1111,8,-1169,1016,19417,-46,34,79,16,0,0,0,0,0,0,0,-32286,0,0,0,0,0,2759103,0
2718456,9182,-2886,552,1862,-1107,-1056,9934,1034,-62,-1090,880,19417,-46,34,79,16,0,0,0,0,0,0,0,-32286,0,0,0,0,0,2759118,0
2718461,9176,-2470,1044,1684,-1060,-994,10154,964,-134,-1018,720,19413,-39,34,79,16,0,0,0,0,0,0,0,-32286,0,0,0,0,0,2759123,0
2718466,9198,-2164,1632,1523,-948,-940,10353,865,-211,-932,560,19413,-39,34,79,16,0,0,0,0,0,0,0,-32285,0,0,0,0,0,2759138,0
2718471,9134,-1746,1980,1376,-850,-906,10529,773,-279,-866,352,19408,-21,34,79,16,0,0,0,0,0,0,0,-32286,0,0,0,0,0,2759143,0
2718476,9166,-1802,1836,844,-599,-751,10678,654,-318,-789,152,19408,-21,34,79,16,0,0,0,0,0,0,0,-32287,0,0,0,0,0,2759158,0
2718481,9494,-2268,1728,569,-533,-686,10802,524,-352,-771,56,19405,3,34,79,16,0,0,0,0,0,0,0,-32286,0,0,0,0,0,2759163,0
2718486,9780,-2720,1410,389,-479,-659,10897,406,-390,-732,-8,19405,3,34,79,16,0,0,0,0,0,0,0,-32286,0,0,0,0,0,2759178,0
2718491,10038,-3182,1140,290,-384,-686,10971,320,-397,-626,0,19402,23,34,79,16,0,0,0,0,0,0,0,-32286,0,0,0,0,0,2759183,0
2718496,10256,-4298,608,130,-202,-708,11025,223,-388,-530,-40,19402,23,34,79,16,0,0,0,0,0,0,0,-32286,0,0,0,0,0,2759198,0
2718501,10306,-4622,424,25,-186,-778,11061,151,-351,-468,-48,19397,36,34,79,16,0,0,0,0,0,0,0,-32286,0,0,0,0,0,2759203,0
2718506,10594,-5340,100,20,-103,-769,11082,81,-311,-389,-64,19397,36,34,79,16,0,0,0,0,0,0,0,-32286,0,0,0,0,0,2759218,0
2718511,10106,-5624,36,-26,-174,-803,11093,47,-262,-324,-48,19393,48,34,79,16,0,0,0,0,0,0,0,-32286,0,0,0,0,0,2759223,0
2718516,9508,-6490,-188,-10,-191,-872,11101,30,-211,-266,-40,19393,48,34,79,16,0,0,0,0,0,0,0,-32286,0,0,0,0,0,2759238,0
2718521,8648,-6802,-32,-50,-280,-867,11107,22,-141,-208,-40,19391,58,34,79,16,0,0,0,0,0,0,0,-32286,0,0,0,0,0,2759242,0
2718526,8372,-6796,-234,-383,-381,-775,11107,-3,-96,-155,-32,19391,58,34,79,16,0,0,0,0,0,0,0,-32286,0,0,0,0,0,2759257,0
2718531,7692,-6500,-364,-586,-563,-822,11107,0,-52,-105,-24,19393,64,34,79,16,0,0,0,0,0,0,0,-32286,0,0,0,0,0,2759262,0
2718536,7104,-8034,-42,-271,-996,-873,11108,1,-37,-56,-16,19393,64,34,79,16,0,0,0,0,0,0,0,-32286,0,0,0,0,0,2759277,0
2718541,6930,-8424,194,74,-1095,-936,11106,-3,-24,-11,0,19390,64,34,79,16,0,0,0,0,0,0,0,-32286,0,0,0,0,0,2759282,0
2718546,6556,-7634,908,204,-976,-920,11108,3,-8,31,8,19390,64,34,79,16,0,0,0,0,0,0,0,-32286,0,0,0,0,0,2759297,0
2718551,5868,-7258,1848,6,-732,-880,11105,-6,-1,73,16,19391,64,34,79,16,0,0,0,0,0,0,0,-32286,0,0,0,0,0,2759302,0
2718556,4288,-9272,1802,-231,-637,-628,11106,1,5,116,24,19391,64,34,79,16,0,0,0,0,0,0,0,-32286,0,0,0,0,0,2759317,0
2718561,3916,-9698,2008,93,-703,-561,11107,4,-3,158,40,19390,59,34,79,16,0,0,0,0,0,0,0,-32286,0,0,0,0,0,2759322,0
2718566,3312,-9486,2268,188,-505,-391,11106,-2,5,202,56,19390,59,34,79,16,0,0,0,0,0,0,0,-32286,0,0,0,0,0,2759337,0
2718571,2626,-9592,2122,322,-474,-272,11107,7,5,244,72,19392,61,34,79,16,0,0,0,0,0,0,0,-32286,0,0,0,0,0,2759342,0
2718576,3386,-9266,2226,950,-522,-189,11107,-2,2,287,80,19392,61,34,79,16,0,0,0,0,0,0,0,-32286,0,0,0,0,0,2759357,0
2718581,4390,-6982,3266,3111,-468,-1087,11103,-23,-4,340,64,19392,67,34,79,16,0,0,0,0,0,0,0,-32286,0,0,0,0,0,2759362,0
2718586,5784,-10264,2006,5224,-665,-1196,11082,-93,-46,390,40,19392,67,34,79,16,0,0,0,0,0,0,0,-32286,0,0,0,0,0,2759377,0
2718591,3790,-5672,1706,5533,-1400,-1299,11040,-200,-115,434,-40,19390,75,34,79,16,0,0,0,0,0,0,0,-32286,0,0,0,0,0,2759382,0
2718596,7410,-2832,538,2368,-294,-1029,10962,-362,-229,462,-144,19390,75,34,79,16,0,0,0,0,0,0,0,-32286,0,0,0,0,0,2759397,0
2718601,6292,-4878,872,1380,29,-823,10840,-558,-371,494,-520,19390,71,34,79,16,0,0,0,0,0,0,0,-32287,0,0,0,0,0,2759402,0
2718606,5898,-7126,1110,1652,-34,-690,10672,-763,-514,535,-896,19390,71,34,79,16,0,0,0,0,0,0,0,-32286,0,0,0,0,0,2759417,0
2718611,5726,-7128,1294,2275,-400,-609,10449,-998,-638,608,-1408,19393,56,34,79,16,0,0,0,0,0,0,0,-32285,0,0,0,0,0,2759422,0
2718616,6954,-4234,674,1839,-269,-183,10179,-1217,-718,653,-1840,19393,56,34,79,16,0,0,0,0,0,0,0,-32286,0,0,0,0,0,2759437,0
2718621,6674,-3536,354,1017,22,98,9858,-1434,-762,693,-2280,19397,35,34,79,16,0,0,0,0,0,0,0,-32286,0,0,0,0,0,2759442,0
2718626,6398,-4036,280,548,119,326,9490,-1638,-762,724,-2624,19397,35,34,79,16,0,0,0,0,0,0,0,-32286,0,0,0,0,0,2759456,0
2718631,5978,-3902,340,480,39,477,9076,-1837,-753,771,-3024,19402,3,34,79,16,0,0,0,0,0,0,0,-32286,0,0,0,0,0,2759461,0
2718636,6692,-2546,490,178,-5,746,8623,-2009,-718,800,-3296,19402,3,34,79,16,0,0,0,0,0,0,0,-32286,0,0,0,0,0,2759476,0
2718641,6878,-2024,450,-119,87,848,8136,-2154,-671,829,-3552,19413,-32,34,79,16,0,0,0,0,0,0,0,-32286,0,0,0,0,0,2759481,0
2718646,7096,-1888,544,-528,220,993,7627,-2247,-597,879,-3608,19413,-32,34,79,16,0,0,0,0,0,0,0,-32287,0,0,0,0,0,2759496,0
2718651,6480,-1702,968,-853,350,1014,7108,-2277,-480,922,-3568,19421,-65,34,79,16,0,0,0,0,0,0,0,-32285,0,0,0,0,0,2759501,0
2718656,6950,-2464,790,-578,128,986,6598,-2245,-311,982,-3528,19421,-65,34,79,16,0,0,0,0,0,0,0,-32286,0,0,0,0,0,2759516,0
2718661,7246,-2034,818,-492,33,922,6101,-2178,-126,1034,-3296,19430,-97,34,79,16,0,0,0,0,0,0,0,-32286,0,0,0,0,0,2759521,0
2718666,7714,-1720,890,-519,2,834,5627,-2081,57,1085,-3048,19430,-97,34,79,16,0,0,0,0,0,0,0,-32286,0,0,0,0,0,2759536,0
2718671,7970,-1838,928,-563,11,742,5175,-1980,194,1133,-2768,19431,-122,34,79,16,0,0,0,0,0,0,0,-32286,0,0,0,0,0,2759541,0
2718676,8554,-2288,1338,-452,-20,511,4747,-1869,289,1154,-2512,19431,-122,34,79,16,0,0,0,0,0,0,0,-32286,0,0,0,0,0,2759556,0
2718681,8722,-2222,1668,-330,-11,374,4347,-1744,346,1192,-2208,19434,-136,34,79,16,0,0,0,0,0,0,0,-32286,0,0,0,0,0,2759561,0
2718686,9038,-2432,1782,-161,43,240,3977,-1615,382,1230,-1848,19434,-136,34,79,16,0,0,0,0,0,0,0,-32286,0,0,0,0,0,2759576,0
2718691,9274,-2496,1936,-64,130,116,3642,-1466,428,1283,-1528,19433,-130,34,79,16,0,0,0,0,0,0,0,-32286,0,0,0,0,0,2759581,0
2718696,9450,-2668,1948,216,230,-151,3343,-1303,470,1345,-1184,19433,-130,34,79,16,0,0,0,0,0,0,0,-32285,0,0,0,0,0,2759596,0
2718701,9456,-2890,1898,299,286,-235,3077,-1154,506,1391,-872,19431,-119,34,79,16,0,0,0,0,0,0,0,-32287,0,0,0,0,0,2759601,0
2718706,9238,-2960,1740,398,296,-332,2845,-1015,522,1426,-568,19431,-119,34,79,16,0,0,0,0,0,0,0,-32286,0,0,0,0,0,2759616,0
2718711,9032,-3282,1336,510,240,-405,2646,-867,521,1451,-288,19424,-82,34,79,16,0,0,0,0,0,0,0,-32285,0,0,0,0,0,2759621,0
2718716,8736,-2914,538,804,-1,-617,2475,-736,506,1519,-72,19424,-82,34,79,16,0,0,0,0,0,0,0,-32286,0,0,0,0,0,2759636,0
2718721,8650,-2696,406,897,-144,-747,2336,-589,490,1603,-8,19418,-52,34,79,16,0,0,0,0,0,0,0,-32287,0,0,0,0,0,2759641,0
2718726,8514,-2548,274,900,-229,-809,2223,-485,464,1671,104,19418,-52,34,79,16,0,0,0,0,0,0,0,-32287,0,0,0,0,0,2759656,0
2718731,8518,-2348,116,920,-342,-905,2133,-378,446,1702,112,19409,-7,34,79,16,0,0,0,0,0,0,0,-32286,0,0,0,0,0,2759661,0
2718736,8448,-2430,30,990,-442,-1073,2065,-292,412,1710,120,19409,-7,34,79,16,0,0,0,0,0,0,0,-32285,0,0,0,0,0,2759676,0
2718741,8412,-2176,108,953,-415,-1082,2004,-271,343,1717,112,19405,20,34,79,16,0,0,0,0,0,0,0,-32285,0,0,0,0,0,2759681,0
2718746,8156,-1902,282,797,-364,-1103,1942,-275,254,1749,88,19405,20,34,79,16,0,0,0,0,0,0,0,-32285,0,0,0,0,0,2759696,0
2718751,8148,-2148,348,596,-244,-1037,1868,-331,124,1765,56,19399,49,34,79,16,0,0,0,0,0,0,0,-32285,0,0,0,0,0,2759700,0
2718756,7658,-2586,750,305,-81,-937,1781,-391,-15,1771,32,19399,49,34,79,16,0,0,0,0,0,0,0,-32286,0,0,0,0,0,2759715,0
2718761,7408,-2670,1076,266,13,-849,1686,-422,-111,1804,32,19395,65,34,79,16,0,0,0,0,0,0,0,-32286,0,0,0,0,0,2759729,0
2718766,7244,-2782,1176,216,122,-762,1583,-453,-148,1841,0,19395,65,34,79,16,0,0,0,0,0,0,0,-32287,0,0,0,0,0,2759735,0
2718771,6978,-2812,1090,60,215,-634,1462,-543,-167,1844,-80,19393,60,34,79,16,0,0,0,0,0,0,0,-32287,0,0,0,0,0,2759740,0
2718776,6384,-2654,1034,-276,336,-445,1318,-637,-193,1818,-72,19393,60,34,79,16,0,0,0,0,0,0,0,-32286,0,0,0,0,0,2759755,0
2718781,6338,-2780,952,-292,388,-373,1168,-669,-217,1877,-80,19395,43,34,79,16,0,0,0,0,0,0,0,-32285,0,0,0,0,0,2759760,0
2718786,6166,-2904,754,-342,469,-262,1008,-711,-224,1950,-112,19395,43,34,79,16,0,0,0,0,0,0,0,-32286,0,0,0,0,0,2759775,0
2718791,5904,-2706,670,-424,457,-216,843,-728,-194,1963,-88,19400,20,34,79,16,0,0,0,0,0,0,0,-32287,0,0,0,0,0,2759780,0
2718796,5754,-2542,426,-499,500,-95,678,-725,-124,2031,-104,19400,20,34,79,16,0,0,0,0,0,0,0,-32287,0,0,0,0,0,2759795,0
2718801,5552,-2252,330,-569,459,-82,513,-730,-71,2048,-56,19403,3,34,79,16,0,0,0,0,0,0,0,-32286,0,0,0,0,0,2759800,0
2718806,5650,-2258,176,-574,418,-61,350,-707,-27,2080,-64,19403,3,34,79,16,0,0,0,0,0,0,0,-32285,0,0,0,0,0,2759815,0
2718811,5602,-2132,204,-615,402,-23,192,-693,7,2107,-24,19406,-8,34,79,16,0,0,0,0,0,0,0,-32285,0,0,0,0,0,2759820,0
2718816,5782,-2214,284,-595,316,-31,45,-638,47,2148,-16,19406,-8,34,79,16,0,0,0,0,0,0,0,-32287,0,0,0,0,0,2759835,0
2718821,5706,-2094,442,-547,274,-34,-86,-575,95,2198,40,19406,-10,34,79,16,0,0,0,0,0,0,0,-32287,0,0,0,0,0,2759840,0
2718826,5956,-1920,474,-511,203,-70,-202,-499,156,2236,104,19406,-10,34,79,16,0,0,0,0,0,0,0,-32287,0,0,0,0,0,2759855,0
2718831,6184,-1824,486,-419,154,-92,-295,-406,216,2261,144,19406,1,34,79,16,0,0,0,0,0,0,0,-32286,0,0,0,0,0,2759860,0
2718836,6406,-1680,574,-370,79,-109,-366,-309,269,2245,176,19406,1,34,79,16,0,0,0,0,0,0,0,-32285,0,0,0,0,0,2759875,0
2718841,6562,-1568,502,-460,110,-78,-434,-285,274,2238,248,19400,33,34,79,16,0,0,0,0,0,0,0,-32285,0,0,0,0,0,2759880,0
2718846,6630,-1474,584,-524,131,-87,-489,-240,243,2213,360,19400,33,34,79,16,0,0,0,0,0,0,0,-32285,0,0,0,0,0,2759895,0
2718851,6766,-1480,686,-473,164,-80,-531,-186,196,2246,448,19397,69,33,79,16,0,0,0,0,0,0,0,-32285,0,0,0,0,0,2759899,0
2718856,6680,-1390,726,-455,238,-58,-560,-125,179,2213,640,19397,69,33,79,16,0,0,0,0,0,0,0,-32286,0,0,0,0,0,2759914,0
2718861,6754,-1458,630,-471,317,-28,-579,-71,179,2227,744,19391,104,33,79,16,0,0,0,0,0,0,0,-32286,0,0,0,0,0,2759919,0
2718866,6680,-1150,680,-491,342,-25,-584,-16,192,2229,888,19391,104,33,79,16,0,0,0,0,0,0,0,-32287,0,0,0,0,0,2759934,0
2718871,6842,-1228,578,-483,376,-14,-579,17,187,2255,912,19383,127,34,79,16,0,0,0,0,0,0,0,-32286,0,0,0,0,0,2759939,0
2718876,6496,-1236,336,-712,513,112,-576,8,156,2308,872,19383,127,34,79,16,0,0,0,0,0,0,0,-32286,0,0,0,0,0,2759954,0
2718881,6434,-1222,366,-786,577,162,-576,3,99,2315,888,19373,155,34,79,16,0,0,0,0,0,0,0,-32286,0,0,0,0,0,2759959,0
2718886,6346,-1378,336,-828,638,206,-575,7,39,2307,880,19373,155,34,79,16,0,0,0,0,0,0,0,-32286,0,0,0,0,0,2759974,0
2718891,6102,-1384,326,-875,670,256,-574,10,-5,2315,872,19368,176,34,79,16,0,0,0,0,0,0,0,-32286,0,0,0,0,0,2759979,0
2718896,6002,-1328,152,-924,700,330,-575,3,-11,2315,880,19368,176,34,79,16,0,0,0,0,0,0,0,-32286,0,0,0,0,0,2759994,0
2718901,5820,-1216,38,-987,706,356,-572,7,2,2314,888,19367,184,34,79,16,0,0,0,0,0,0,0,-32286,0,0,0,0,0,2759999,0
2718906,5802,-1228,44,-1062,730,393,-569,12,8,2309,896,19367,184,34,79,16,0,0,0,0,0,0,0,-32286,0,0,0,0,0,2760014,0
2718911,5688,-1258,14,-1093,733,426,-565,17,13,2307,880,19366,182,34,79,16,0,0,0,0,0,0,0,-32286,0,0,0,0,0,2760019,0
2718916,5596,-1390,46,-1126,711,466,-560,23,14,2298,912,19366,182,34,79,16,0,0,0,0,0,0,0,-32286,0,0,0,0,0,2760034,0
2718921,5686,-1390,136,-1133,707,486,-551,40,17,2278,928,19365,175,34,79,16,0,0,0,0,0,0,0,-32286,0,0,0,0,0,2760039,0
2718926,5738,-1318,260,-1107,679,467,-533,81,41,2255,1024,19365,175,34,79,16,0,0,0,0,0,0,0,-32286,0,0,0,0,0,2760054,0
2718931,5914,-1368,332,-1052,647,447,-504,130,73,2239,1056,19365,179,34,79,16,0,0,0,0,0,0,0,-32286,0,0,0,0,0,2760059,0
2718936,5996,-1276,452,-1069,616,454,-479,139,102,2233,1176,19365,179,34,79,16,0,0,0,0,0,0,0,-32286,0,0,0,0,0,2760074,0
2718941,6312,-1256,566,-1007,572,427,-437,194,122,2194,1248,19364,181,34,79,16,0,0,0,0,0,0,0,-32286,0,0,0,0,0,2760079,0
2718946,6448,-1394,650,-995,584,422,-388,215,128,2219,1256,19364,181,34,79,16,0,0,0,0,0,0,0,-32285,0,0,0,0,0,2760093,0
2718951,6560,-1438,690,-1003,561,447,-335,233,116,2181,1368,19361,187,34,79,16,0,0,0,0,0,0,0,-32285,0,0,0,0,0,2760098,0
2718956,7114,-1494,802,-1010,560,346,-276,263,98,2141,1408,19361,187,34,79,16,0,0,0,0,0,0,0,-32285,0,0,0,0,0,2760113,0
2718961,7264,-1588,916,-904,537,322,-201,324,118,2129,1568,19360,199,33,79,16,0,0,0,0,0,0,0,-32286,0,0,0,0,0,2760118,0
2718966,7312,-1430,1030,-882,509,240,-118,368,128,2100,1616,19360,199,33,79,16,0,0,0,0,0,0,0,-32286,0,0,0,0,0,2760133,0
2718971,7660,-1590,924,-833,489,189,-23,419,153,2080,1672,19358,214,33,79,16,0,0,0,0,0,0,0,-32287,0,0,0,0,0,2760138,0
2718976,7954,-1778,912,-800,432,117,84,466,173,2060,1744,19358,214,33,79,16,0,0,0,0,0,0,0,-32287,0,0,0,0,0,2760153,0
2718981,7950,-1780,982,-764,378,50,195,496,158,2014,1880,19355,234,34,79,16,0,0,0,0,0,0,0,-32286,0,0,0,0,0,2760158,0
2718986,8392,-2018,934,-702,347,-8,312,517,133,1989,1888,19355,234,34,79,16,0,0,0,0,0,0,0,-32286,0,0,0,0,0,2760173,0
2718991,8494,-2120,1048,-680,315,-41,433,535,100,1974,1880,19351,244,34,79,16,0,0,0,0,0,0,0,-32285,0,0,0,0,0,2760178,0
2718996,8622,-2172,1234,-691,295,-115,555,542,77,1938,1856,19351,244,34,79,16,0,0,0,0,0,0,0,-32286,0,0,0,0,0,2760193,0
2719001,8558,-2448,1284,-741,301,-145,674,524,41,1906,1768,19351,254,34,79,16,0,0,0,0,0,0,0,-32286,0,0,0,0,0,2760198,0
2719006,8652,-2700,1296,-705,284,-141,787,489,0,1872,1632,19351,254,34,79,16,0,0,0,0,0,0,0,-32287,0,0,0,0,0,2760213,0
2719011,8574,-2808,1386,-682,268,-166,891,446,-50,1814,1544,19352,250,34,79,16,0,0,0,0,0,0,0,-32287,0,0,0,0,0,2760218,0
2719016,8686,-3126,1530,-694,321,-182,986,418,-95,1756,1496,19352,250,34,79,16,0,0,0,0,0,0,0,-32286,0,0,0,0,0,2760233,0
2719021,8568,-3334,1566,-739,347,-177,1068,354,-133,1761,1256,19355,240,34,79,16,0,0,0,0,0,0,0,-32286,0,0,0,0,0,2760238,0
2719026,8588,-3596,1622,-712,327,-170,1132,269,-169,1710,1080,19355,240,34,79,16,0,0,0,0,0,0,0,-32286,0,0,0,0,0,2760253,0
2719031,8540,-3850,1654,-721,326,-136,1176,179,-215,1692,816,19360,212,34,79,16,0,0,0,0,0,0,0,-32285,0,0,0,0,0,2760267,0
2719036,8320,-4076,1716,-879,390,-58,1195,75,-273,1666,552,19360,212,34,79,16,0,0,0,0,0,0,0,-32285,0,0,0,0,0,2760272,0
2719041,7924,-3884,1796,-917,376,-62,1192,-32,-317,1626,400,19367,173,34,79,16,0,0,0,0,0,0,0,-32286,0,0,0,0,0,2760277,0
2719046,8074,-4136,1792,-763,343,-107,1181,-45,-302,1533,376,19367,173,34,79,16,0,0,0,0,0,0,0,-32285,0,0,0,0,0,2760292,0
2719051,8008,-4150,1798,-512,259,-159,1174,-27,-239,1442,432,19376,134,34,79,16,0,0,0,0,0,0,0,-32285,0,0,0,0,0,2760297,0
2719056,8182,-3580,1558,-147,88,-264,1172,-1,-121,1395,456,19376,134,34,79,16,0,0,0,0,0,0,0,-32285,0,0,0,0,0,2760312,0
2719061,8194,-3110,1440,-128,77,-280,1172,4,-8,1359,416,19384,114,34,79,16,0,0,0,0,0,0,0,-32285,0,0,0,0,0,2760317,0
2719066,8152,-2866,1338,-166,74,-291,1170,-4,30,1320,400,19384,114,34,79,16,0,0,0,0,0,0,0,-32286,0,0,0,0,0,2760332,0
2719071,8060,-2742,1256,-169,98,-285,1167,-11,26,1282,328,19385,103,34,79,16,0,0,0,0,0,0,0,-32285,0,0,0,0,0,2760337,0
2719076,7982,-2324,1070,-57,94,-285,1160,-29,-5,1228,288,19385,103,34,79,16,0,0,0,0,0,0,0,-32286,0,0,0,0,0,2760351,0
2719081,8012,-1812,1028,-85,135,-247,1148,-57,-34,1171,216,19384,96,34,79,16,0,0,0,0,0,0,0,-32285,0,0,0,0,0,2760356,0
2719086,7954,-1586,916,-300,276,-138,1125,-106,-70,1134,144,19384,96,34,79,16,0,0,0,0,0,0,0,-32285,0,0,0,0,0,2760371,0
2719091,7842,-1370,966,-521,335,-103,1093,-129,-100,1058,128,19383,86,34,79,16,0,0,0,0,0,0,0,-32285,0,0,0,0,0,2760376,0
2719096,8648,-2118,1052,-605,428,67,1062,-130,-110,1009,96,19383,86,34,79,16,0,0,0,0,0,0,0,-32286,0,0,0,0,0,2760391,0
2719101,8766,-2098,1432,-787,414,120,1026,-148,-93,948,96,19385,79,34,79,16,0,0,0,0,0,0,0,-32286,0,0,0,0,0,2760396,0
2719106,9760,-2868,1424,-909,428,267,988,-162,-65,895,80,19385,79,34,79,16,0,0,0,0,0,0,0,-32286,0,0,0,0,0,2760411,0
2719111,10344,-3040,1564,-1033,331,333,951,-156,-39,835,96,19387,83,34,79,16,0,0,0,0,0,0,0,-32286,0,0,0,0,0,2760416,0
2719116,12400,-3298,1708,-1152,276,451,921,-140,-14,794,96,19387,83,34,79,16,0,0,0,0,0,0,0,-32286,0,0,0,0,0,2760431,0
2719121,13240,-3136,2016,-1245,281,473,899,-88,23,724,152,19390,81,34,79,16,0,0,0,0,0,0,0,-32286,0,0,0,0,0,2760436,0
2719126,14132,-3590,2214,-1311,408,499,893,-25,85,666,192,19390,81,34,79,16,0,0,0,0,0,0,0,-32286,0,0,0,0,0,2760451,0
2719131,14542,-3764,2552,-1298,483,485,893,0,131,620,192,19396,78,34,79,16,0,0,0,0,0,0,0,-32286,0,0,0,0,0,2760456,0
2719136,14720,-3588,2862,-1349,848,400,892,-2,141,581,168,19396,78,34,79,16,0,0,0,0,0,0,0,-32286,0,0,0,0,0,2760471,0
2719141,14244,-3452,2752,-1534,1120,347,895,1,108,529,144,19402,70,34,79,16,0,0,0,0,0,0,0,-32286,0,0,0,0,0,2760476,0
2719146,13240,-3554,2630,-1743,1335,301,898,7,58,470,152,19402,70,34,79,16,0,0,0,0,0,0,0,-32286,0,0,0,0,0,2760491,0
2719151,12298,-4088,2370,-1788,1476,214,907,38,34,414,152,19404,68,34,79,16,0,0,0,0,0,0,0,-32286,0,0,0,0,0,2760496,0
2719156,10042,-5322,1924,-1392,1521,43,920,60,38,363,152,19404,68,34,79,16,0,0,0,0,0,0,0,-32286,0,0,0,0,0,2760511,0
2719161,9124,-6392,1908,-834,1288,-81,932,56,50,320,112,19399,68,34,79,16,0,0,0,0,0,0,0,-32286,0,0,0,0,0,2760516,0
2719166,8624,-6936,1654,-357,1193,-133,936,16,29,281,56,19399,68,34,79,16,0,0,0,0,0,0,0,-32287,0,0,0,0,0,2760531,0
2719171,7740,-6540,2216,-13,1059,-254,935,-1,-16,221,40,19392,69,34,79,16,0,0,0,0,0,0,0,-32286,0,0,0,0,0,2760536,0
2719176,6604,-5934,992,43,846,-239,933,-3,-55,169,24,19392,69,34,79,16,0,0,0,0,0,0,0,-32286,0,0,0,0,0,2760551,0
2719181,6234,-5722,636,-219,817,-193,930,-4,-60,117,16,19389,66,34,79,16,0,0,0,0,0,0,0,-32286,0,0,0,0,0,2760556,0
2719186,5468,-5820,170,-341,686,-144,930,-7,-32,68,8,19389,66,34,79,16,0,0,0,0,0,0,0,-32286,0,0,0,0,0,2760571,0
2719191,4960,-5942,-94,-236,462,-130,930,0,-6,20,-8,19391,71,34,79,16,0,0,0,0,0,0,0,-32286,0,0,0,0,0,2760575,0
2719196,4304,-5396,-148,247,-27,-158,929,-5,4,-26,-16,19391,71,34,79,16,0,0,0,0,0,0,0,-32286,0,0,0,0,0,2760590,0
2719201,4162,-4840,-72,382,-180,-165,926,-18,-2,-74,-40,19392,57,34,79,16,0,0,0,0,0,0,0,-32286,0,0,0,0,0,2760595,0
2719206,4078,-4234,-16,348,-218,-78,922,-8,-12,-126,-40,19392,57,34,79,16,0,0,0,0,0,0,0,-32286,0,0,0,0,0,2760610,0
2719211,3234,-3478,54,-140,-37,87,923,11,-2,-178,-48,19393,54,34,79,16,0,0,0,0,0,0,0,-32286,0,0,0,0,0,2760615,0
2719216,3294,-3368,110,-675,115,267,922,-1,2,-226,-64,19393,54,34,79,16,0,0,0,0,0,0,0,-32286,0,0,0,0,0,2760630,0
2719221,3370,-3368,348,-676,170,305,923,3,6,-281,-80,19392,55,34,79,16,0,0,0,0,0,0,0,-32286,0,0,0,0,0,2760635,0
2719226,3400,-3116,538,-489,163,267,922,-2,16,-331,-96,19392,55,34,79,16,0,0,0,0,0,0,0,-32286,0,0,0,0,0,2760650,0
2719231,3710,-2774,474,-230,148,206,922,-3,5,-382,-128,19391,62,34,79,16,0,0,0,0,0,0,0,-32286,0,0,0,0,0,2760655,0
2719236,3742,-1910,140,-80,154,120,922,-12,-7,-438,-136,19391,62,34,79,16,0,0,0,0,0,0,0,-32286,0,0,0,0,0,2760673,0
2719241,3750,-2026,-76,-223,203,188,923,-10,-4,-497,-152,19390,72,34,79,16,0,0,0,0,0,0,0,-32286,0,0,0,0,0,2760678,0
2719246,3388,-2344,-296,-603,256,337,923,6,-1,-556,-176,19390,72,34,79,16,0,0,0,0,0,0,0,-32286,0,0,0,0,0,2760693,0
2719251,3278,-3060,-378,-1223,420,600,925,12,2,-613,-168,19391,68,34,79,16,0,0,0,0,0,0,0,-32286,0,0,0,0,0,2760698,0
2719256,3632,-3882,502,-1505,715,735,928,18,11,-665,-208,19391,68,34,79,16,0,0,0,0,0,0,0,-32286,0,0,0,0,0,2760713,0
2719261,3820,-4774,604,-1228,770,820,927,2,10,-721,-216,19391,75,34,79,16,0,0,0,0,0,0,0,-32286,0,0,0,0,0,2760717,0
2719266,3686,-5024,776,-1104,683,885,929,11,7,-787,-232,19391,75,34,79,16,0,0,0,0,0,0,0,-32286,0,0,0,0,0,2760732,0
2719271,4262,-5276,566,-1022,657,987,930,11,-3,-844,-272,19392,77,34,79,16,0,0,0,0,0,0,0,-32286,0,0,0,0,0,2760737,0
2719276,4606,-5838,532,-915,373,1153,932,6,-5,-898,-288,19392,77,34,79,16,0,0,0,0,0,0,0,-32286,0,0,0,0,0,2760752,0
2719281,5404,-6054,370,-731,181,1176,931,1,-5,-960,-288,19390,85,34,79,16,0,0,0,0,0,0,0,-32286,0,0,0,0,0,2760757,0
2719286,6018,-5922,300,-591,-9,1195,931,-1,-6,-1023,-320,19390,85,34,79,16,0,0,0,0,0,0,0,-32286,0,0,0,0,0,2760772,0
2719291,6624,-5610,190,-574,-144,1181,931,0,-8,-1076,-344,19387,93,34,79,16,0,0,0,0,0,0,0,-32286,0,0,0,0,0,2760777,0
2719296,7402,-5362,-114,-707,-372,1150,931,-2,-7,-1142,-360,19387,93,34,79,16,0,0,0,0,0,0,0,-32286,0,0,0,0,0,2760792,0
2719301,7570,-5334,-246,-735,-479,1131,931,5,-2,-1193,-424,19386,96,34,79,16,0,0,0,0,0,0,0,-32285,0,0,0,0,0,2760797,0
2719306,7698,-5254,-306,-684,-561,1079,929,-4,-4,-1252,-456,19386,96,34,79,16,0,0,0,0,0,0,0,-32286,0,0,0,0,0,2760812,0
2719311,7796,-5222,-270,-642,-610,1015,929,-5,-3,-1329,-472,19384,89,34,79,16,0,0,0,0,0,0,0,-32286,0,0,0,0,0,2760817,0
2719316,7880,-4876,-106,-549,-572,832,928,-6,-5,-1378,-472,19384,89,34,79,16,0,0,0,0,0,0,0,-32286,0,0,0,0,0,2760832,0
2719321,7866,-4674,-6,-523,-527,742,929,-3,7,-1388,-472,19382,89,34,79,16,0,0,0,0,0,0,0,-32286,0,0,0,0,0,2760837,0
2719326,7704,-4580,26,-508,-491,625,929,-1,0,-1387,-480,19382,89,34,79,16,0,0,0,0,0,0,0,-32287,0,0,0,0,0,2760852,0
2719331,7600,-4602,36,-469,-423,529,929,3,5,-1388,-472,19383,102,34,79,16,0,0,0,0,0,0,0,-32286,0,0,0,0,0,2760857,0
2719336,7120,-4566,102,-410,-352,378,930,6,4,-1387,-464,19383,102,34,79,16,0,0,0,0,0,0,0,-32285,0,0,0,0,0,2760872,0
2719341,6776,-4624,106,-391,-349,318,930,-1,5,-1388,-472,19384,106,34,79,16,0,0,0,0,0,0,0,-32286,0,0,0,0,0,2760877,0
2719346,6558,-4704,64,-373,-351,267,932,1,6,-1387,-464,19384,106,34,79,16,0,0,0,0,0,0,0,-32286,0,0,0,0,0,2760892,0
2719351,6230,-4830,96,-328,-382,237,934,5,5,-1387,-464,19384,107,34,79,16,0,0,0,0,0,0,0,-32286,0,0,0,0,0,2760897,0
2719356,5816,-4926,104,-195,-500,195,938,17,6,-1386,-464,19384,107,34,79,16,0,0,0,0,0,0,0,-32286,0,0,0,0,0,2760912,0
2719361,5836,-5046,54,-119,-560,184,942,23,11,-1389,-440,19385,101,34,79,16,0,0,0,0,0,0,0,-32286,0,0,0,0,0,2760917,0
2719366,5726,-5010,132,-27,-630,193,950,33,19,-1402,-392,19385,101,34,79,16,0,0,0,0,0,0,0,-32286,0,0,0,0,0,2760932,0
2719371,5906,-4928,118,111,-688,187,964,70,32,-1416,-312,19384,105,34,79,16,0,0,0,0,0,0,0,-32286,0,0,0,0,0,2760937,0
2719376,6236,-4620,222,419,-846,158,990,121,70,-1415,-256,19384,105,34,79,16,0,0,0,0,0,0,0,-32286,0,0,0,0,0,2760951,0
2719381,6304,-4454,230,449,-862,198,1017,123,92,-1394,-240,19387,107,34,79,16,0,0,0,0,0,0,0,-32286,0,0,0,0,0,2760956,0
2719386,6446,-3988,426,453,-892,174,1051,155,98,-1411,-144,19387,107,34,79,16,0,0,0,0,0,0,0,-32287,0,0,0,0,0,2760971,0
2719391,6846,-3962,422,561,-870,174,1096,204,102,-1393,-112,19386,91,34,79,16,0,0,0,0,0,0,0,-32286,0,0,0,0,0,2760976,0
2719396,7198,-3802,462,810,-970,124,1153,256,110,-1382,-88,19386,91,34,79,16,0,0,0,0,0,0,0,-32287,0,0,0,0,0,2760991,0
2719401,7162,-3144,578,909,-1007,95,1221,304,136,-1371,-56,19390,80,34,79,16,0,0,0,0,0,0,0,-32287,0,0,0,0,0,2760996,0
2719406,7556,-2918,560,940,-1009,40,1299,358,164,-1372,-8,19390,80,34,79,16,0,0,0,0,0,0,0,-32287,0,0,0,0,0,2761011,0
2719411,7686,-2698,556,945,-1033,-8,1394,419,178,-1367,0,19392,69,34,79,16,0,0,0,0,0,0,0,-32286,0,0,0,0,0,2761016,0
2719416,7770,-2454,456,1017,-1113,-91,1499,465,182,-1359,32,19392,69,34,79,16,0,0,0,0,0,0,0,-32286,0,0,0,0,0,2761031,0
2719421,7912,-2300,368,946,-1121,-145,1611,492,182,-1364,32,19396,52,34,79,16,0,0,0,0,0,0,0,-32285,0,0,0,0,0,2761036,0
2719426,7930,-2370,324,874,-1059,-156,1727,509,156,-1378,40,19396,52,34,79,16,0,0,0,0,0,0,0,-32286,0,0,0,0,0,2761051,0
2719431,7650,-2378,412,832,-1066,-193,1850,545,122,-1372,56,19396,40,34,79,16,0,0,0,0,0,0,0,-32286,0,0,0,0,0,2761056,0
2719436,7364,-3022,202,836,-1079,-187,1978,552,95,-1355,16,19396,40,34,79,16,0,0,0,0,0,0,0,-32286,0,0,0,0,0,2761071,0
2719441,7062,-3198,126,774,-1093,-165,2102,544,67,-1384,16,19396,26,34,79,16,0,0,0,0,0,0,0,-32287,0,0,0,0,0,2761075,0
2719446,6952,-3198,-34,715,-1064,-118,2221,521,31,-1406,32,19396,26,34,79,16,0,0,0,0,0,0,0,-32286,0,0,0,0,0,2761090,0
2719451,6664,-3398,-28,670,-1072,-91,2333,497,-16,-1399,8,19397,21,34,79,16,0,0,0,0,0,0,0,-32285,0,0,0,0,0,2761095,0
2719456,6358,-3714,-116,668,-1156,-5,2442,469,-63,-1397,-8,19397,21,34,79,16,0,0,0,0,0,0,0,-32286,0,0,0,0,0,2761110,0
2719461,6384,-3680,-176,682,-1172,39,2540,440,-89,-1407,-16,19397,28,34,79,16,0,0,0,0,0,0,0,-32286,0,0,0,0,0,2761115,0
2719466,6256,-3458,-180,650,-1185,68,2632,405,-94,-1392,-24,19397,28,34,79,16,0,0,0,0,0,0,0,-32287,0,0,0,0,0,2761130,0
2719471,6398,-3384,-98,638,-1183,90,2721,389,-105,-1392,-24,19398,38,34,79,16,0,0,0,0,0,0,0,-32287,0,0,0,0,0,2761135,0
2719476,6428,-3516,-46,695,-1194,146,2809,376,-86,-1381,-48,19398,38,34,79,16,0,0,0,0,0,0,0,-32287,0,0,0,0,0,2761150,0
2719481,6416,-3336,96,645,-1174,156,2887,342,-70,-1393,-56,19400,38,34,79,16,0,0,0,0,0,0,0,-32286,0,0,0,0,0,2761155,0
2719486,6738,-3392,120,622,-1100,194,2960,320,-72,-1392,-64,19400,38,34,79,16,0,0,0,0,0,0,0,-32286,0,0,0,0,0,2761170,0
2719491,6668,-3286,298,574,-1007,217,3025,277,-88,-1389,-96,19400,46,34,79,16,0,0,0,0,0,0,0,-32286,0,0,0,0,0,2761175,0
2719496,7042,-3568,428,611,-885,252,3084,263,-101,-1397,-88,19400,46,34,79,16,0,0,0,0,0,0,0,-32285,0,0,0,0,0,2761190,0
2719501,6980,-3422,486,705,-852,259,3143,255,-87,-1388,-112,19398,54,34,79,16,0,0,0,0,0,0,0,-32286,0,0,0,0,0,2761195,0
2719506,7232,-3392,436,774,-803,252,3200,251,-70,-1385,-104,19398,54,34,79,16,0,0,0,0,0,0,0,-32286,0,0,0,0,0,2761210,0
2719511,6890,-3800,46,919,-992,241,3254,238,-41,-1383,-144,19394,65,34,79,16,0,0,0,0,0,0,0,-32286,0,0,0,0,0,2761215,0
2719516,7416,-2796,892,412,-490,369,3300,201,-43,-1384,-160,19394,65,34,79,16,0,0,0,0,0,0,0,-32286,0,0,0,0,0,2761230,0
2719521,7980,-3152,848,450,-389,387,3338,163,-66,-1392,-200,19392,63,34,79,16,0,0,0,0,0,0,0,-32286,0,0,0,0,0,2761235,0
2719526,7598,-3400,804,508,-285,397,3374,154,-84,-1400,-184,19392,63,34,79,16,0,0,0,0,0,0,0,-32286,0,0,0,0,0,2761250,0
2719531,7772,-3528,690,545,-265,444,3403,121,-92,-1378,-232,19390,66,34,79,16,0,0,0,0,0,0,0,-32287,0,0,0,0,0,2761255,0
2719536,8034,-3032,484,681,-82,439,3435,133,-69,-1387,-224,19390,66,34,79,16,0,0,0,0,0,0,0,-32286,0,0,0,0,0,2761270,0
2719541,7616,-2920,370,648,0,475,3464,130,-51,-1386,-224,19390,70,34,79,16,0,0,0,0,0,0,0,-32287,0,0,0,0,0,2761275,0
2719546,7536,-2562,256,645,-58,400,3500,166,-13,-1405,-136,19390,70,34,79,16,0,0,0,0,0,0,0,-32287,0,0,0,0,0,2761289,0
2719551,7910,-2812,-66,768,-19,391,3544,199,25,-1392,-104,19389,77,34,79,16,0,0,0,0,0,0,0,-32287,0,0,0,0,0,2761294,0
2719556,7812,-2482,-480,871,-176,292,3602,254,83,-1383,-80,19389,77,34,79,16,0,0,0,0,0,0,0,-32287,0,0,0,0,0,2761309,0
2719561,7592,-1936,-484,910,-304,209,3673,322,130,-1374,-32,19390,77,34,79,16,0,0,0,0,0,0,0,-32287,0,0,0,0,0,2761314,0
2719566,7732,-1986,-720,893,-362,175,3754,358,172,-1366,-16,19390,77,34,79,16,0,0,0,0,0,0,0,-32286,0,0,0,0,0,2761329,0
2719571,7566,-1794,-714,822,-461,121,3845,403,172,-1383,-8,19391,64,34,79,16,0,0,0,0,0,0,0,-32286,0,0,0,0,0,2761334,0
2719576,7640,-1872,-548,759,-570,22,3944,446,164,-1376,24,19391,64,34,79,16,0,0,0,0,0,0,0,-32285,0,0,0,0,0,2761349,0
2719581,7812,-1900,-438,811,-640,-43,4057,499,159,-1357,72,19393,44,34,79,16,0,0,0,0,0,0,0,-32285,0,0,0,0,0,2761354,0
2719586,7780,-2090,-242,927,-689,-98,4184,566,163,-1342,72,19393,44,34,79,16,0,0,0,0,0,0,0,-32286,0,0,0,0,0,2761369,0
2719591,7784,-2188,-86,981,-724,-111,4320,604,179,-1345,80,19400,35,34,79,16,0,0,0,0,0,0,0,-32286,0,0,0,0,0,2761374,0
2719596,7962,-1994,166,927,-657,-163,4460,620,171,-1361,96,19400,35,34,79,16,0,0,0,0,0,0,0,-32286,0,0,0,0,0,2761389,0
2719601,7952,-2116,294,880,-582,-166,4604,638,141,-1380,104,19402,34,34,79,16,0,0,0,0,0,0,0,-32286,0,0,0,0,0,2761393,0
2719606,7884,-2450,378,833,-485,-122,4746,618,85,-1384,72,19402,34,34,79,16,0,0,0,0,0,0,0,-32285,0,0,0,0,0,2761408,0
2719611,7714,-2432,508,787,-417,-122,4879,580,22,-1407,48,19404,28,34,79,16,0,0,0,0,0,0,0,-32286,0,0,0,0,0,2761413,0
2719616,7732,-2800,446,756,-151,-76,5008,566,-29,-1405,32,19404,28,34,79,16,0,0,0,0,0,0,0,-32286,0,0,0,0,0,2761428,0
2719621,7318,-3034,496,758,-86,-20,5133,540,-61,-1391,-8,19401,24,34,79,16,0,0,0,0,0,0,0,-32287,0,0,0,0,0,2761433,0
2719626,7332,-3074,350,741,-30,-2,5252,521,-86,-1409,24,19401,24,34,79,16,0,0,0,0,0,0,0,-32287,0,0,0,0,0,2761448,0
2719631,7312,-3240,104,765,56,56,5364,500,-77,-1404,24,19400,17,34,79,16,0,0,0,0,0,0,0,-32286,0,0,0,0,0,2761453,0
2719636,7270,-3142,-92,820,96,91,5476,495,-75,-1407,64,19400,17,34,79,16,0,0,0,0,0,0,0,-32285,0,0,0,0,0,2761468,0
2719641,7094,-3196,-232,881,80,135,5588,484,-63,-1380,24,19400,22,34,79,16,0,0,0,0,0,0,0,-32286,0,0,0,0,0,2761473,0
2719646,7080,-3060,-266,860,50,150,5695,475,-42,-1393,8,19400,22,34,79,16,0,0,0,0,0,0,0,-32286,0,0,0,0,0,2761488,0
2719651,7262,-2938,-394,803,39,192,5796,440,-36,-1396,-16,19399,20,34,79,16,0,0,0,0,0,0,0,-32287,0,0,0,0,0,2761493,0
2719656,7376,-2904,-340,674,39,187,5898,439,-47,-1399,-48,19399,20,34,79,16,0,0,0,0,0,0,0,-32287,0,0,0,0,0,2761508,0
2719661,7510,-2986,-178,683,29,189,5997,436,-48,-1386,-32,19398,20,34,79,16,0,0,0,0,0,0,0,-32286,0,0,0,0,0,2761513,0
2719666,7484,-3116,-110,648,9,188,6090,402,-45,-1394,-32,19398,20,34,79,16,0,0,0,0,0,0,0,-32286,0,0,0,0,0,2761528,0
2719671,7680,-3040,-22,641,25,179,6181,387,-53,-1394,-56,19400,24,34,79,16,0,0,0,0,0,0,0,-32285,0,0,0,0,0,2761533,0
2719676,7720,-3224,226,651,89,108,6269,393,-47,-1401,-8,19400,24,34,79,16,0,0,0,0,0,0,0,-32286,0,0,0,0,0,2761548,0
2719681,8006,-3518,180,772,124,61,6365,425,-27,-1393,16,19401,30,34,79,16,0,0,0,0,0,0,0,-32285,0,0,0,0,0,2761553,0
2719686,7902,-3452,150,947,59,-5,6469,461,10,-1375,48,19401,30,34,79,16,0,0,0,0,0,0,0,-32286,0,0,0,0,0,2761568,0
2719691,8046,-3626,66,1058,34,-35,6578,479,61,-1367,16,19401,34,34,79,16,0,0,0,0,0,0,0,-32286,0,0,0,0,0,2761573,0
2719696,8148,-3240,-72,1166,-23,-118,6690,493,90,-1374,24,19401,34,34,79,16,0,0,0,0,0,0,0,-32287,0,0,0,0,0,2761588,0
2719701,8172,-3020,-136,1206,-73,-175,6809,530,91,-1370,48,19402,28,34,79,16,0,0,0,0,0,0,0,-32287,0,0,0,0,0,2761593,0
2719706,8206,-3072,-224,1308,-109,-222,6935,552,86,-1351,16,19402,28,34,79,16,0,0,0,0,0,0,0,-32286,0,0,0,0,0,2761608,0
2719711,8072,-3098,-274,1329,-146,-229,7061,554,81,-1379,32,19403,31,34,79,16,0,0,0,0,0,0,0,-32285,0,0,0,0,0,2761613,0
2719716,8194,-2774,-284,1280,-159,-266,7182,535,52,-1404,32,19403,31,34,79,16,0,0,0,0,0,0,0,-32286,0,0,0,0,0,2761627,0
2719721,8140,-2738,-272,1249,-169,-281,7302,526,18,-1391,16,19403,26,34,79,16,0,0,0,0,0,0,0,-32286,0,0,0,0,0,2761632,0
2719726,8144,-2774,-184,1240,-160,-259,7414,489,-24,-1399,-32,19403,26,34,79,16,0,0,0,0,0,0,0,-32287,0,0,0,0,0,2761647,0
2719731,7984,-2676,-108,1182,-143,-256,7516,443,-63,-1431,-40,19400,30,34,79,16,0,0,0,0,0,0,0,-32287,0,0,0,0,0,2761652,0
2719736,8064,-2478,8,1115,-54,-229,7609,403,-102,-1435,-40,19400,30,34,79,16,0,0,0,0,0,0,0,-32287,0,0,0,0,0,2761667,0
2719741,8246,-2482,22,1119,-13,-215,7699,396,-115,-1406,-24,19396,36,34,79,16,0,0,0,0,0,0,0,-32286,0,0,0,0,0,2761672,0
2719746,8258,-2498,60,1202,17,-220,7791,408,-98,-1390,-16,19396,36,34,79,16,0,0,0,0,0,0,0,-32286,0,0,0,0,0,2761687,0
2719751,8234,-2526,180,1304,6,-219,7884,407,-51,-1386,-24,19395,44,34,79,16,0,0,0,0,0,0,0,-32286,0,0,0,0,0,2761692,0
2719756,8356,-2152,92,1418,3,-227,7977,406,-9,-1393,-32,19395,44,34,79,16,0,0,0,0,0,0,0,-32286,0,0,0,0,0,2761707,0
2719761,8558,-1984,-36,1398,57,-237,8069,403,11,-1391,-24,19396,51,34,79,16,0,0,0,0,0,0,0,-32286,0,0,0,0,0,2761712,0
2719766,8534,-1646,-102,1373,74,-285,8163,408,3,-1388,-32,19396,51,34,79,16,0,0,0,0,0,0,0,-32287,0,0,0,0,0,2761727,0
2719771,8580,-1804,-406,1309,89,-304,8258,422,6,-1384,-16,19397,50,34,79,16,0,0,0,0,0,0,0,-32287,0,0,0,0,0,2761731,0
2719776,9092,-2490,-616,1317,-13,-359,8352,409,11,-1380,-32,19397,50,34,79,16,0,0,0,0,0,0,0,-32287,0,0,0,0,0,2761746,0
2719781,9396,-2940,-706,1366,-21,-384,8444,399,5,-1391,-32,19395,41,34,79,16,0,0,0,0,0,0,0,-32286,0,0,0,0,0,2761751,0
2719786,9484,-3358,-626,1360,14,-386,8528,368,-15,-1402,-32,19395,41,34,79,16,0,0,0,0,0,0,0,-32286,0,0,0,0,0,2761766,0
2719791,9410,-3534,-552,1369,-39,-407,8612,366,-38,-1402,-24,19395,35,34,79,16,0,0,0,0,0,0,0,-32285,0,0,0,0,0,2761771,0
2719796,9476,-4076,-566,1459,-210,-467,8694,366,-51,-1392,-40,19395,35,34,79,16,0,0,0,0,0,0,0,-32285,0,0,0,0,0,2761786,0
2719801,9448,-4266,-516,1498,-346,-456,8769,331,-47,-1389,-80,19397,38,34,79,16,0,0,0,0,0,0,0,-32286,0,0,0,0,0,2761791,0
2719806,9306,-4126,-452,1442,-487,-446,8833,274,-63,-1396,-112,19397,38,34,79,16,0,0,0,0,0,0,0,-32286,0,0,0,0,0,2761806,0
2719811,9434,-3856,-316,1352,-585,-429,8883,207,-103,-1403,-200,19397,43,34,79,16,0,0,0,0,0,0,0,-32287,0,0,0,0,0,2761811,0
2719816,9052,-2986,206,1061,-738,-339,8916,136,-160,-1381,-272,19397,43,34,79,16,0,0,0,0,0,0,0,-32287,0,0,0,0,0,2761826,0
2719821,9272,-2930,404,958,-738,-268,8935,72,-204,-1357,-408,19393,59,34,79,16,0,0,0,0,0,0,0,-32287,0,0,0,0,0,2761831,0
2719826,8932,-2384,766,823,-761,-235,8935,-5,-236,-1331,-512,19393,59,34,79,16,0,0,0,0,0,0,0,-32287,0,0,0,0,0,2761846,0
2719831,9090,-1736,1062,771,-777,-282,8934,-3,-222,-1378,-512,19388,75,34,79,16,0,0,0,0,0,0,0,-32286,0,0,0,0,0,2761851,0
2719836,8878,-1354,1388,770,-789,-342,8933,-4,-169,-1387,-512,19388,75,34,79,16,0,0,0,0,0,0,0,-32287,0,0,0,0,0,2761865,0
2719841,9182,-1202,1210,780,-808,-409,8933,-3,-96,-1388,-512,19385,78,34,79,16,0,0,0,0,0,0,0,-32287,0,0,0,0,0,2761870,0
2719846,9250,-1074,1140,744,-749,-462,8932,-5,-33,-1385,-520,19385,78,34,79,16,0,0,0,0,0,0,0,-32287,0,0,0,0,0,2761885,0
2719851,9306,-1020,1060,668,-702,-530,8929,-4,-2,-1384,-512,19385,96,34,79,16,0,0,0,0,0,0,0,-32286,0,0,0,0,0,2761890,0
2719856,9738,-1484,678,558,-594,-701,8927,-11,-6,-1386,-520,19385,96,34,79,16,0,0,0,0,0,0,0,-32287,0,0,0,0,0,2761905,0
2719861,9886,-1882,486,534,-496,-766,8925,-12,-10,-1377,-552,19385,97,34,79,16,0,0,0,0,0,0,0,-32286,0,0,0,0,0,2761910,0
2719866,9986,-2260,334,526,-426,-847,8919,-25,-14,-1377,-568,19385,97,34,79,16,0,0,0,0,0,0,0,-32287,0,0,0,0,0,2761925,0
2719871,9958,-2670,166,482,-376,-915,8910,-47,-16,-1376,-592,19384,97,34,79,16,0,0,0,0,0,0,0,-32287,0,0,0,0,0,2761930,0
2719876,9918,-3656,-40,427,-342,-1003,8899,-57,-30,-1376,-648,19384,97,34,79,16,0,0,0,0,0,0,0,-32286,0,0,0,0,0,2761945,0
2719881,9560,-4136,-46,364,-359,-1014,8879,-97,-49,-1354,-752,19382,95,34,79,16,0,0,0,0,0,0,0,-32286,0,0,0,0,0,2761950,0
2719886,9288,-4716,46,242,-353,-992,8838,-188,-92,-1325,-936,19382,95,34,79,16,0,0,0,0,0,0,0,-32286,0,0,0,0,0,2761964,0
2719891,8888,-4862,202,123,-369,-992,8776,-280,-172,-1314,-1240,19380,107,34,79,16,0,0,0,0,0,0,0,-32286,0,0,0,0,0,2761969,0
2719896,8094,-5988,574,-166,-254,-868,8686,-419,-255,-1327,-1512,19380,107,34,79,16,0,0,0,0,0,0,0,-32286,0,0,0,0,0,2761984,0
2719901,7732,-6334,854,-296,-191,-793,8563,-546,-347,-1376,-1808,19376,132,34,79,16,0,0,0,0,0,0,0,-32286,0,0,0,0,0,2761989,0
2719906,7150,-6866,1170,-442,-65,-690,8402,-720,-424,-1413,-2256,19376,132,34,79,16,0,0,0,0,0,0,0,-32286,0,0,0,0,0,2762004,0
2719911,6718,-7328,1556,-565,29,-572,8200,-912,-500,-1385,-2552,19371,179,34,79,16,0,0,0,0,0,0,0,-32286,0,0,0,0,0,2762009,0
2719916,5224,-8214,1970,-742,296,-288,7957,-1082,-565,-1392,-2952,19371,179,34,79,16,0,0,0,0,0,0,0,-32287,0,0,0,0,0,2762024,0
2719921,4538,-8942,2046,-751,422,-99,7677,-1249,-594,-1397,-3256,19359,226,34,79,16,0,0,0,0,0,0,0,-32286,0,0,0,0,0,2762029,0
2719926,3690,-8922,2384,-628,463,11,7366,-1384,-600,-1402,-3560,19359,226,34,79,16,0,0,0,0,0,0,0,-32287,0,0,0,0,0,2762044,0
2719931,3360,-9474,2196,-437,554,158,7025,-1507,-560,-1397,-3792,19348,273,34,79,16,0,0,0,0,0,0,0,-32286,0,0,0,0,0,2762048,0
2719936,2436,-9374,2058,-91,589,430,6735,-1593,-495,-1393,-4048,19348,273,34,79,16,0,0,0,0,0,0,0,-32286,0,0,0,0,0,2762063,0
2719941,2262,-9164,1936,108,638,530,6358,-1664,-426,-1389,-4216,19338,314,34,79,16,0,0,0,0,0,0,0,-32286,0,0,0,0,0,2762068,0
2719946,2006,-8906,1652,319,593,594,5967,-1725,-351,-1387,-4344,19338,314,34,79,16,0,0,0,0,0,0,0,-32286,0,0,0,0,0,2762083,0
2719951,2248,-8938,1326,599,521,670,5562,-1783,-282,-1384,-4424,19328,344,34,79,16,0,0,0,0,0,0,0,-32286,0,0,0,0,0,2762088,0
2719956,2644,-7972,876,964,341,793,5146,-1838,-229,-1390,-4496,19328,344,34,79,16,0,0,0,0,0,0,0,-32286,0,0,0,0,0,2762103,0
2719961,3152,-7400,516,1106,269,833,4716,-1896,-206,-1394,-4624,19321,375,34,79,16,0,0,0,0,0,0,0,-32286,0,0,0,0,0,2762108,0
2719966,3664,-7118,456,1243,105,874,4274,-1947,-197,-1404,-4720,19321,375,34,79,16,0,0,0,0,0,0,0,-32286,0,0,0,0,0,2762123,0
2719971,4238,-6388,48,1292,-41,905,3825,-1983,-185,-1411,-4768,19317,390,34,79,16,0,0,0,0,0,0,0,-32286,0,0,0,0,0,2762128,0
2719976,5732,-4920,194,1376,-242,894,3369,-2008,-155,-1408,-4864,19317,390,34,79,16,0,0,0,0,0,0,0,-32287,0,0,0,0,0,2762142,0
2719981,6418,-4708,102,1290,-369,941,2912,-2013,-120,-1374,-4872,19314,411,34,79,16,0,0,0,0,0,0,0,-32286,0,0,0,0,0,2762147,0
2719986,7106,-3644,-206,1194,-542,888,2457,-2004,-71,-1362,-4904,19314,411,34,79,16,0,0,0,0,0,0,0,-32287,0,0,0,0,0,2762162,0
2719991,8004,-3182,-414,1064,-581,879,2002,-2005,-27,-1364,-4872,19313,410,34,79,16,0,0,0,0,0,0,0,-32286,0,0,0,0,0,2762167,0
2719996,9064,-1998,798,710,-774,834,1548,-1993,-2,-1387,-4872,19313,410,34,79,16,0,0,0,0,0,0,0,-32286,0,0,0,0,0,2762182,0
2720001,9880,-1366,1188,543,-806,774,1088,-2023,-3,-1409,-4936,19312,417,34,79,16,0,0,0,0,0,0,0,-32286,0,0,0,0,0,2762187,0
2720006,10266,-900,892,338,-754,694,627,-2027,-16,-1412,-4864,19312,417,34,79,16,0,0,0,0,0,0,0,-32285,0,0,0,0,0,2762202,0
2720011,10706,-834,716,157,-713,662,167,-2017,-23,-1407,-4832,19311,421,34,79,16,0,0,0,0,0,0,0,-32287,0,0,0,0,0,2762214,0
2720016,11154,-106,2134,-246,-435,471,-287,-1996,-4,-1394,-4664,19311,421,34,79,16,0,0,0,0,0,0,0,-32286,0,0,0,0,0,2762221,0
2720021,11008,76,2784,-381,-278,362,-730,-1942,41,-1390,-4504,19312,421,34,79,16,0,0,0,0,0,0,0,-32286,0,0,0,0,0,2762226,0
2720026,11018,-186,2498,-529,-95,264,-1154,-1856,115,-1390,-4384,19312,421,34,79,16,0,0,0,0,0,0,0,-32286,0,0,0,0,0,2762241,0
2720031,11070,-328,2144,-537,109,159,-1556,-1756,196,-1394,-4184,19314,416,34,79,16,0,0,0,0,0,0,0,-32286,0,0,0,0,0,2762246,0
2720036,10472,-690,2976,-472,443,-66,-1937,-1657,261,-1399,-4000,19314,416,34,79,16,0,0,0,0,0,0,0,-32286,0,0,0,0,0,2762261,0
2720041,10276,-1004,3018,-490,669,-144,-2297,-1575,307,-1395,-3736,19317,405,34,79,16,0,0,0,0,0,0,0,-32286,0,0,0,0,0,2762266,0
2720046,10002,-1072,2624,-524,802,-255,-2633,-1480,474,-1391,-3592,19317,405,34,79,16,0,0,0,0,0,0,0,-32286,0,0,0,0,0,2762281,0
2720051,9948,-1712,2144,-523,978,-302,-2956,-1406,378,-1374,-3432,19322,383,34,79,16,0,0,0,0,0,0,0,-32286,0,0,0,0,0,2762286,0
2720056,9140,-2118,2042,-521,1167,-412,-3264,-1349,199,-1402,-3376,19322,383,34,79,16,0,0,0,0,0,0,0,-32286,0,0,0,0,0,2762301,0
2720061,8838,-2634,1726,-547,1200,-404,-3558,-1292,162,-1380,-3208,19329,349,33,79,16,0,0,0,0,0,0,0,-32287,0,0,0,0,0,2762306,0
2720066,8372,-2800,1320,-535,1252,-425,-3846,-1254,63,-1374,-3096,19329,349,33,79,16,0,0,0,0,0,0,0,-32286,0,0,0,0,0,2762320,0
2720071,8304,-3168,1136,-532,1261,-392,-4124,-1226,28,-1382,-3064,19334,325,34,79,16,0,0,0,0,0,0,0,-32285,0,0,0,0,0,2762325,0
2720076,7666,-3658,970,-579,1233,-326,-4394,-1192,151,-1378,-3008,19334,325,34,79,16,0,0,0,0,0,0,0,-32287,0,0,0,0,0,2762340,0
2720081,7438,-3830,804,-572,1242,-282,-4663,-1173,120,-1390,-2952,19337,304,34,79,16,0,0,0,0,0,0,0,-32285,0,0,0,0,0,2762345,0
2720086,7100,-3758,786,-548,1205,-249,-4927,-1151,96,-1382,-2952,19337,304,34,79,16,0,0,0,0,0,0,0,-32286,0,0,0,0,0,2762360,0
2720091,6794,-3932,632,-501,1135,-211,-5185,-1134,74,-1381,-2920,19339,294,33,79,16,0,0,0,0,0,0,0,-32287,0,0,0,0,0,2762365,0
2720096,6704,-3978,1024,-526,1176,-99,-5444,-1129,66,-1377,-2904,19339,294,33,79,16,0,0,0,0,0,0,0,-32285,0,0,0,0,0,2762380,0
2720101,6644,-3708,678,-590,1111,-85,-5697,-1121,59,-1377,-2928,19341,291,33,79,16,0,0,0,0,0,0,0,-32285,0,0,0,0,0,2762385,0
2720106,6730,-3908,534,-597,1150,-8,-5951,-1120,39,-1374,-2896,19341,291,33,79,16,0,0,0,0,0,0,0,-32287,0,0,0,0,0,2762400,0
2720111,6304,-3562,644,-622,1084,-2,-6203,-1112,30,-1380,-2888,19344,283,34,79,16,0,0,0,0,0,0,0,-32285,0,0,0,0,0,2762404,0
2720116,6320,-3464,848,-634,1072,63,-6458,-1123,16,-1383,-2928,19344,283,34,79,16,0,0,0,0,0,0,0,-32286,0,0,0,0,0,2762419,0
2720121,6644,-3668,724,-648,1127,143,-6713,-1140,0,-1385,-2952,19347,279,34,79,16,0,0,0,0,0,0,0,-32287,0,0,0,0,0,2762424,0
2720126,6382,-3128,782,-725,1146,168,-6972,-1140,-19,-1396,-2936,19347,279,34,79,16,0,0,0,0,0,0,0,-32285,0,0,0,0,0,2762439,0
2720131,6484,-3236,790,-765,1180,213,-7235,-1154,-26,-1390,-2976,19347,269,34,79,16,0,0,0,0,0,0,0,-32286,0,0,0,0,0,2762444,0
2720136,6414,-3092,1038,-828,1226,272,-7499,-1162,-35,-1388,-2960,19347,269,34,79,16,0,0,0,0,0,0,0,-32287,0,0,0,0,0,2762459,0
2720141,6454,-3186,1042,-826,1260,327,-7765,-1174,-37,-1394,-2936,19345,279,34,79,16,0,0,0,0,0,0,0,-32285,0,0,0,0,0,2762464,0
2720146,6366,-2874,1158,-844,1289,336,-8031,-1169,-26,-1391,-2968,19345,279,34,79,16,0,0,0,0,0,0,0,-32286,0,0,0,0,0,2762479,0
2720151,6454,-3110,1230,-863,1367,396,-8297,-1177,-21,-1392,-2944,19343,278,34,79,16,0,0,0,0,0,0,0,-32286,0,0,0,0,0,2762484,0
2720156,6616,-2894,1444,-889,1464,432,-8560,-1157,-3,-1390,-2872,19343,278,34,79,16,0,0,0,0,0,0,0,-32285,0,0,0,0,0,2762498,0
2720161,6346,-2646,1446,-870,1478,433,-8818,-1129,17,-1390,-2840,19341,283,34,79,16,0,0,0,0,0,0,0,-32286,0,0,0,0,0,2762503,0
2720166,6630,-2832,1302,-858,1530,469,-9068,-1103,49,-1385,-2768,19341,283,34,79,16,0,0,0,0,0,0,0,-32287,0,0,0,0,0,2762518,0
2720171,6386,-2416,1454,-869,1558,452,-9309,-1056,75,-1388,-2672,19341,277,34,79,16,0,0,0,0,0,0,0,-32286,0,0,0,0,0,2762523,0
2720176,6386,-2430,1512,-878,1641,473,-9539,-1011,112,-1407,-2640,19341,277,34,79,16,0,0,0,0,0,0,0,-32286,0,0,0,0,0,2762538,0
2720181,6540,-2512,1428,-841,1649,442,-9757,-943,141,-1397,-2424,19343,281,34,79,16,0,0,0,0,0,0,0,-32287,0,0,0,0,0,2762543,0
2720186,6504,-2474,1188,-779,1648,429,-9960,-887,167,-1375,-2368,19343,281,34,79,16,0,0,0,0,0,0,0,-32286,0,0,0,0,0,2762558,0
2720191,6428,-2442,1084,-749,1634,430,-10150,-830,188,-1408,-2176,19346,265,34,79,16,0,0,0,0,0,0,0,-32285,0,0,0,0,0,2762563,0
2720196,6268,-2258,970,-777,1615,400,-10329,-777,196,-1393,-2152,19346,265,34,79,16,0,0,0,0,0,0,0,-32286,0,0,0,0,0,2762578,0
2720201,6262,-2336,914,-798,1605,397,-10495,-724,199,-1385,-1952,19352,250,34,79,16,0,0,0,0,0,0,0,-32286,0,0,0,0,0,2762583,0
2720206,6176,-2240,800,-792,1575,367,-10645,-657,194,-1391,-1792,19352,250,34,79,16,0,0,0,0,0,0,0,-32287,0,0,0,0,0,2762597,0
2720211,6180,-2352,710,-726,1506,354,-10780,-588,209,-1370,-1672,19355,237,34,79,16,0,0,0,0,0,0,0,-32286,0,0,0,0,0,2762602,0
2720216,6096,-2306,542,-735,1392,334,-10901,-526,219,-1375,-1512,19355,237,34,79,16,0,0,0,0,0,0,0,-32286,0,0,0,0,0,2762617,0
2720221,6120,-2106,484,-725,1324,302,-11006,-454,225,-1385,-1368,19359,216,34,79,16,0,0,0,0,0,0,0,-32285,0,0,0,0,0,2762622,0
2720226,6130,-2222,376,-708,1257,299,-11094,-375,233,-1385,-1248,19359,216,34,79,16,0,0,0,0,0,0,0,-32285,0,0,0,0,0,2762637,0
2720231,5924,-2078,362,-726,1128,287,-11169,-323,237,-1387,-1160,19364,189,34,79,16,0,0,0,0,0,0,0,-32286,0,0,0,0,0,2762642,0
2720236,5964,-1920,378,-854,1060,306,-11235,-282,219,-1420,-1080,19364,189,34,79,16,0,0,0,0,0,0,0,-32286,0,0,0,0,0,2762660,0
2720241,6060,-2100,488,-921,1055,312,-11291,-233,205,-1396,-936,19368,164,34,79,16,0,0,0,0,0,0,0,-32287,0,0,0,0,0,2762665,0
2720246,6016,-2272,600,-969,1034,340,-11339,-208,173,-1419,-816,19368,164,34,79,16,0,0,0,0,0,0,0,-32287,0,0,0,0,0,2762680,0
2720251,5918,-1924,730,-952,968,280,-11367,-115,159,-1420,-720,19371,153,34,79,16,0,0,0,0,0,0,0,-32287,0,0,0,0,0,2762685,0
2720256,5952,-1876,784,-900,880,247,-11384,-58,185,-1414,-568,19371,153,34,79,16,0,0,0,0,0,0,0,-32287,0,0,0,0,0,2762699,0
2720261,6232,-1800,722,-912,850,213,-11383,3,207,-1444,-440,19373,135,34,79,16,0,0,0,0,0,0,0,-32287,0,0,0,0,0,2762704,0
2720266,6164,-1810,706,-962,863,233,-11372,39,214,-1414,-416,19373,135,34,79,16,0,0,0,0,0,0,0,-32286,0,0,0,0,0,2762719,0
2720271,5996,-1770,780,-1066,872,249,-11362,33,192,-1388,-432,19377,115,34,79,16,0,0,0,0,0,0,0,-32286,0,0,0,0,0,2762724,0
2720276,5954,-1844,1018,-1154,1016,235,-11354,38,125,-1388,-408,19377,115,34,79,16,0,0,0,0,0,0,0,-32287,0,0,0,0,0,2762739,0
2720281,5958,-1842,1096,-1115,1056,225,-11339,64,65,-1421,-272,19383,102,34,79,16,0,0,0,0,0,0,0,-32287,0,0,0,0,0,2762744,0
2720286,5962,-1792,1156,-1087,1060,194,-11317,97,41,-1410,-248,19383,102,34,79,16,0,0,0,0,0,0,0,-32286,0,0,0,0,0,2762759,0
2720291,6038,-1900,1096,-1119,1108,223,-11297,85,51,-1378,-304,19384,86,34,79,16,0,0,0,0,0,0,0,-32287,0,0,0,0,0,2762764,0
2720296,6118,-1842,1302,-1207,1248,233,-11281,69,41,-1370,-312,19384,86,34,79,16,0,0,0,0,0,0,0,-32287,0,0,0,0,0,2762779,0
2720301,6112,-1908,1360,-1148,1245,209,-11256,106,26,-1404,-256,19386,93,34,79,16,0,0,0,0,0,0,0,-32287,0,0,0,0,0,2762784,0
2720306,6220,-2074,1302,-1117,1213,217,-11228,128,23,-1401,-224,19386,93,34,79,16,0,0,0,0,0,0,0,-32287,0,0,0,0,0,2762799,0
2720311,6224,-1920,1316,-1087,1206,184,-11191,172,52,-1410,-144,19386,95,34,79,16,0,0,0,0,0,0,0,-32287,0,0,0,0,0,2762804,0
2720316,6440,-1880,1100,-1086,1102,149,-11145,205,86,-1388,-128,19386,95,34,79,16,0,0,0,0,0,0,0,-32287,0,0,0,0,0,2762819,0
2720321,6508,-1824,988,-1133,978,128,-11092,227,114,-1384,-104,19387,91,34,79,16,0,0,0,0,0,0,0,-32286,0,0,0,0,0,2762824,0
2720326,6692,-1676,912,-1131,925,70,-11028,284,120,-1381,-56,19387,91,34,79,16,0,0,0,0,0,0,0,-32287,0,0,0,0,0,2762838,0
2720331,6924,-1866,790,-1074,758,22,-10949,356,147,-1366,8,19390,71,34,79,16,0,0,0,0,0,0,0,-32287,0,0,0,0,0,2762843,0
2720336,7182,-1830,462,-985,315,-104,-10853,428,174,-1369,32,19390,71,34,79,16,0,0,0,0,0,0,0,-32286,0,0,0,0,0,2762858,0
2720341,7266,-1774,388,-1001,129,-170,-10743,481,206,-1354,48,19396,53,34,79,16,0,0,0,0,0,0,0,-32286,0,0,0,0,0,2762863,0
2720346,7590,-1876,344,-1025,-81,-206,-10622,528,228,-1350,64,19396,53,34,79,16,0,0,0,0,0,0,0,-32286,0,0,0,0,0,2762878,0
2720351,7562,-1756,450,-1083,-260,-268,-10490,590,214,-1344,104,19399,29,34,79,16,0,0,0,0,0,0,0,-32287,0,0,0,0,0,2762883,0
2720356,7948,-2204,562,-1099,-555,-346,-10343,641,198,-1340,120,19399,29,34,79,16,0,0,0,0,0,0,0,-32287,0,0,0,0,0,2762898,0
2720361,7980,-2236,758,-1141,-680,-377,-10191,669,179,-1362,136,19401,13,34,79,16,0,0,0,0,0,0,0,-32285,0,0,0,0,0,2762903,0
2720366,8244,-2346,1018,-1190,-704,-398,-10038,676,152,-1376,144,19401,13,34,79,16,0,0,0,0,0,0,0,-32285,0,0,0,0,0,2762918,0
2720371,8402,-2550,1334,-1189,-716,-411,-9880,685,112,-1377,120,19402,8,34,79,16,0,0,0,0,0,0,0,-32286,0,0,0,0,0,2762923,0
2720376,8472,-2940,1876,-1252,-632,-370,-9728,665,53,-1383,104,19402,8,34,79,16,0,0,0,0,0,0,0,-32287,0,0,0,0,0,2762938,0
2720381,8800,-3002,2074,-1236,-522,-361,-9581,644,7,-1395,104,19403,7,34,79,16,0,0,0,0,0,0,0,-32287,0,0,0,0,0,2762943,0
2720386,8808,-3156,2316,-1193,-418,-349,-9435,635,-25,-1391,80,19403,7,34,79,16,0,0,0,0,0,0,0,-32286,0,0,0,0,0,2762957,0
2720391,8784,-3328,2524,-1190,-321,-340,-9295,612,-51,-1400,72,19402,6,34,79,16,0,0,0,0,0,0,0,-32286,0,0,0,0,0,2762962,0
2720396,9078,-3164,2764,-1170,-79,-318,-9159,600,-55,-1406,56,19402,6,34,79,16,0,0,0,0,0,0,0,-32286,0,0,0,0,0,2762977,0
2720401,9116,-3332,2834,-1132,25,-309,-9024,598,-57,-1390,64,19404,7,34,79,16,0,0,0,0,0,0,0,-32287,0,0,0,0,0,2762982,0
2720406,9192,-3422,2786,-1122,133,-288,-8894,566,-53,-1389,24,19404,7,34,79,16,0,0,0,0,0,0,0,-32287,0,0,0,0,0,2762997,0
2720411,9110,-3406,2786,-1143,231,-270,-8771,533,-56,-1414,32,19407,19,34,79,16,0,0,0,0,0,0,0,-32287,0,0,0,0,0,2763002,0
2720416,9154,-3406,2858,-1104,489,-246,-8654,510,-70,-1415,8,19407,19,34,79,16,0,0,0,0,0,0,0,-32286,0,0,0,0,0,2763017,0
2720421,8964,-3268,2872,-1075,544,-236,-8541,492,-81,-1396,-16,19407,32,34,79,16,0,0,0,0,0,0,0,-32286,0,0,0,0,0,2763022,0
2720426,8972,-3384,2666,-1076,647,-221,-8436,455,-92,-1415,-16,19407,32,34,79,16,0,0,0,0,0,0,0,-32286,0,0,0,0,0,2763037,0
2720431,8966,-3388,2604,-1047,725,-197,-8338,423,-91,-1416,-16,19406,40,34,79,16,0,0,0,0,0,0,0,-32286,0,0,0,0,0,2763042,0
2720436,8776,-3012,2576,-1012,868,-199,-8243,407,-90,-1402,-32,19406,40,34,79,16,0,0,0,0,0,0,0,-32287,0,0,0,0,0,2763057,0
2720441,8682,-2842,2496,-975,906,-205,-8150,409,-86,-1393,-56,19400,45,34,79,16,0,0,0,0,0,0,0,-32287,0,0,0,0,0,2763062,0
2720446,8550,-2924,2226,-969,906,-188,-8057,401,-60,-1387,-32,19400,45,34,79,16,0,0,0,0,0,0,0,-32287,0,0,0,0,0,2763076,0
2720451,8412,-2610,2202,-990,924,-192,-7967,392,-40,-1397,-32,19401,42,34,79,16,0,0,0,0,0,0,0,-32286,0,0,0,0,0,2763081,0
2720456,8162,-2346,2096,-1084,969,-173,-7882,376,-28,-1394,-32,19401,42,34,79,16,0,0,0,0,0,0,0,-32286,0,0,0,0,0,2763096,0
2720461,8286,-2296,2042,-1100,966,-184,-7795,377,-28,-1397,-24,19399,42,34,79,16,0,0,0,0,0,0,0,-32286,0,0,0,0,0,2763101,0
2720466,8160,-2102,1908,-1090,939,-199,-7701,409,-17,-1386,-24,19399,42,34,79,16,0,0,0,0,0,0,0,-32286,0,0,0,0,0,2763116,0
2720471,8084,-1854,1794,-1076,882,-216,-7602,444,20,-1376,0,19396,36,34,79,16,0,0,0,0,0,0,0,-32286,0,0,0,0,0,2763121,0
2720476,8106,-1530,1648,-1197,828,-221,-7503,441,51,-1376,0,19396,36,34,79,16,0,0,0,0,0,0,0,-32286,0,0,0,0,0,2763136,0
2720481,8240,-1804,1766,-1321,812,-206,-7400,455,60,-1382,48,19397,35,34,79,16,0,0,0,0,0,0,0,-32286,0,0,0,0,0,2763141,0
2720486,8620,-1844,1860,-1405,696,-320,-7272,581,75,-897,1240,19397,35,34,79,16,0,0,0,0,0,0,0,-32286,0,0,0,0,0,2763156,0
2720491,9806,-1238,1738,-1026,172,-684,-7056,991,270,-45,2200,19398,46,34,79,16,0,0,0,0,0,0,0,-32286,0,0,0,0,0,2763161,0
2720496,11132,-2292,-32,-451,-1247,-1134,-6757,1356,584,-27,2992,19398,46,34,79,16,0,0,0,0,0,0,0,-32287,0,0,0,0,0,2763176,0
2720501,12338,-2820,-1060,-380,-1787,-1263,-6386,1660,929,0,3616,19397,48,34,79,16,0,0,0,0,0,0,0,-32286,0,0,0,0,0,2763181,0
2720506,12344,-2808,-1046,-481,-2312,-1428,-5961,1895,1115,12,4080,19397,48,34,79,16,0,0,0,0,0,0,0,-32286,0,0,0,0,0,2763195,0
2720511,12904,-3896,-854,-486,-2660,-1536,-5489,2093,1071,12,4424,19394,57,34,79,16,0,0,0,0,0,0,0,-32286,0,0,0,0,0,2763200,0
2720516,13846,-6076,1504,217,-2833,-1791,-4980,2249,883,25,4672,19394,57,34,79,16,0,0,0,0,0,0,0,-32286,0,0,0,0,0,2763215,0
2720521,14144,-6544,3242,504,-2553,-1859,-4448,2357,710,40,4816,19390,75,33,79,16,0,0,0,0,0,0,0,-32286,0,0,0,0,0,2763220,0
2720526,14192,-6926,4494,468,-2053,-1835,-3902,2407,544,46,4808,19390,75,33,79,16,0,0,0,0,0,0,0,-32287,0,0,0,0,0,2763235,0
2720531,13576,-7168,5252,195,-1384,-1745,-3356,2403,369,35,4744,19390,81,33,79,16,0,0,0,0,0,0,0,-32286,0,0,0,0,0,2763240,0
2720536,11016,-8288,4662,-658,-66,-1342,-2822,2348,192,16,4632,19390,81,33,79,16,0,0,0,0,0,0,0,-32286,0,0,0,0,0,2763255,0
2720541,9702,-8800,4762,-837,702,-1171,-2299,2295,29,-3,4520,19391,99,34,79,16,0,0,0,0,0,0,0,-32286,0,0,0,0,0,2763260,0
2720546,7972,-9474,3798,-701,1055,-1055,-1790,2239,-105,-7,4416,19391,99,34,79,16,0,0,0,0,0,0,0,-32286,0,0,0,0,0,2763275,0
2720551,7328,-9554,3132,-134,1189,-1076,-1291,2185,-163,-1,4296,19392,101,34,79,16,0,0,0,0,0,0,0,-32286,0,0,0,0,0,2763279,0
2720556,6308,-8392,1792,1080,919,-1155,-806,2125,-188,13,4088,19392,101,34,79,16,0,0,0,0,0,0,0,-32286,0,0,0,0,0,2763294,0
2720561,5888,-8586,1044,1043,867,-994,-341,2035,-203,29,3848,19392,110,34,79,16,0,0,0,0,0,0,0,-32286,0,0,0,0,0,2763299,0
2720566,4920,-8160,692,727,865,-778,99,1932,-245,22,3584,19392,110,34,79,16,0,0,0,0,0,0,0,-32286,0,0,0,0,0,2763314,0
2720571,3696,-7918,106,434,800,-597,513,1806,-295,10,3304,19388,94,34,79,16,0,0,0,0,0,0,0,-32286,0,0,0,0,0,2763319,0
2720576,4886,-5128,-380,1958,-399,-1343,886,1627,-367,18,2856,19388,94,34,79,16,0,0,0,0,0,0,0,-32286,0,0,0,0,0,2763334,0
2720581,4650,-9552,-2146,2322,-349,-629,1203,1370,-482,30,2272,19387,89,34,79,16,0,0,0,0,0,0,0,-32286,0,0,0,0,0,2763339,0
2720586,1252,-3722,-684,2116,-1268,-964,1466,1132,-629,13,1744,19387,89,34,79,16,0,0,0,0,0,0,0,-32286,0,0,0,0,0,2763354,0
2720591,5264,-4968,-2514,1581,-914,-601,1664,842,-760,18,1088,19387,73,34,79,16,0,0,0,0,0,0,0,-32286,0,0,0,0,0,2763359,0
2720596,2894,-3062,-190,-411,-114,-108,1808,608,-855,6,608,19387,73,34,79,16,0,0,0,0,0,0,0,-32286,0,0,0,0,0,2763374,0
2720601,2628,-4498,112,-687,225,109,1903,403,-878,-10,160,19389,73,34,79,16,0,0,0,0,0,0,0,-32286,0,0,0,0,0,2763379,0
2720606,2064,-5564,714,-660,310,288,1955,212,-829,-33,8,19389,73,34,79,16,0,0,0,0,0,0,0,-32286,0,0,0,0,0,2763394,0
2720611,2558,-5388,774,-285,297,371,1969,41,-762,-31,-16,19389,70,34,79,16,0,0,0,0,0,0,0,-32286,0,0,0,0,0,2763399,0
2720616,3440,-4056,1116,666,263,238,1955,-62,-661,6,-48,19389,70,34,79,16,0,0,0,0,0,0,0,-32286,0,0,0,0,0,2763413,0
2720621,3526,-2980,412,919,135,197,1935,-86,-527,2,-40,19390,58,34,79,16,0,0,0,0,0,0,0,-32286,0,0,0,0,0,2763418,0
2720626,3868,-1776,154,775,112,175,1919,-72,-356,-2,-32,19390,58,34,79,16,0,0,0,0,0,0,0,-32286,0,0,0,0,0,2763433,0
2720631,4096,-1216,-372,322,114,187,1901,-80,-177,4,-48,19391,56,34,79,16,0,0,0,0,0,0,0,-32286,0,0,0,0,0,2763438,0
2720636,4216,-1894,-406,-196,65,150,1877,-107,-64,2,-48,19391,56,34,79,16,0,0,0,0,0,0,0,-32286,0,0,0,0,0,2763453,0
2720641,4526,-2642,-378,-154,11,171,1859,-73,-14,-5,-24,19395,62,34,79,16,0,0,0,0,0,0,0,-32286,0,0,0,0,0,2763458,0
2720646,4216,-3050,-86,-548,248,380,1857,-13,20,-7,8,19395,62,34,79,16,0,0,0,0,0,0,0,-32286,0,0,0,0,0,2763473,0
2720651,4490,-3056,434,-941,194,438,1862,22,74,-5,8,19395,63,34,79,16,0,0,0,0,0,0,0,-32286,0,0,0,0,0,2763478,0
2720656,4798,-4604,738,-1092,222,633,1873,53,125,-1,24,19395,63,34,79,16,0,0,0,0,0,0,0,-32286,0,0,0,0,0,2763493,0
2720661,5314,-5346,880,-881,154,701,1886,56,131,0,16,19394,64,34,79,16,0,0,0,0,0,0,0,-32285,0,0,0,0,0,2763497,0
2720666,5482,-5578,1050,-677,48,781,1896,29,81,6,8,19394,64,34,79,16,0,0,0,0,0,0,0,-32286,0,0,0,0,0,2763512,0
2720671,5768,-5592,1026,-585,-87,846,1894,-5,12,6,-8,19393,58,34,79,16,0,0,0,0,0,0,0,-32286,0,0,0,0,0,2763517,0
2720676,6620,-5238,866,-612,-186,948,1894,-4,-34,0,0,19393,58,34,79,16,0,0,0,0,0,0,0,-32286,0,0,0,0,0,2763532,0
2720681,6826,-5174,622,-678,-222,982,1894,1,-59,0,0,19390,68,34,79,16,0,0,0,0,0,0,0,-32286,0,0,0,0,0,2763537,0
2720686,6950,-5108,336,-689,-308,983,1893,-4,-43,0,0,19390,68,34,79,16,0,0,0,0,0,0,0,-32286,0,0,0,0,0,2763552,0
2720691,7006,-5002,16,-628,-386,953,1894,6,-8,0,-8,19390,73,34,79,16,0,0,0,0,0,0,0,-32286,0,0,0,0,0,2763557,0
2720696,7312,-4372,-462,-454,-570,800,1894,2,8,0,0,19390,73,34,79,16,0,0,0,0,0,0,0,-32286,0,0,0,0,0,2763572,0
2720701,7346,-4012,-562,-436,-645,691,1893,5,3,1,0,19391,71,34,79,16,0,0,0,0,0,0,0,-32286,0,0,0,0,0,2763577,0
2720706,7452,-3798,-664,-455,-672,579,1895,2,-2,1,0,19391,71,34,79,16,0,0,0,0,0,0,0,-32286,0,0,0,0,0,2763592,0
2720711,7450,-3670,-680,-470,-703,448,1894,3,0,1,0,19391,70,34,79,16,0,0,0,0,0,0,0,-32286,0,0,0,0,0,2763597,0
2720716,7302,-3774,-532,-540,-764,256,1894,1,0,1,0,19391,70,34,79,16,0,0,0,0,0,0,0,-32286,0,0,0,0,0,2763612,0
2720721,7186,-3872,-374,-610,-758,190,1894,5,1,0,0,19391,72,34,79,16,0,0,0,0,0,0,0,-32286,0,0,0,0,0,2763616,0
2720726,7024,-4008,-156,-677,-722,165,1895,3,0,0,0,19391,72,34,79,16,0,0,0,0,0,0,0,-32286,0,0,0,0,0,2763631,0
2720731,6866,-4142,146,-715,-710,120,1898,5,8,-2,8,19390,72,34,79,16,0,0,0,0,0,0,0,-32286,0,0,0,0,0,2763636,0
2720736,6650,-4462,672,-690,-580,98,1902,21,11,-3,16,19390,72,34,79,16,0,0,0,0,0,0,0,-32286,0,0,0,0,0,2763651,0
2720741,6502,-4590,1042,-624,-533,44,1913,42,30,-3,24,19389,73,34,79,16,0,0,0,0,0,0,0,-32286,0,0,0,0,0,2763656,0
2720746,6728,-4706,1124,-424,-459,11,1935,99,57,-4,64,19389,73,34,79,16,0,0,0,0,0,0,0,-32286,0,0,0,0,0,2763671,0
2720751,6684,-4578,1314,-130,-480,-62,1979,195,119,-10,144,19392,75,34,79,16,0,0,0,0,0,0,0,-32286,0,0,0,0,0,2763676,0
2720756,6940,-4316,1078,365,-550,-158,2042,286,191,-8,280,19392,75,34,79,16,0,0,0,0,0,0,0,-32286,0,0,0,0,0,2763691,0
2720761,7094,-3972,910,530,-584,-212,2122,370,249,-4,400,19393,64,34,79,16,0,0,0,0,0,0,0,-32286,0,0,0,0,0,2763695,0
2720766,7204,-3640,742,649,-663,-273,2221,451,288,-22,600,19393,64,34,79,16,0,0,0,0,0,0,0,-32287,0,0,0,0,0,2763711,0
2720771,7256,-3488,620,729,-721,-328,2338,517,288,-23,816,19392,55,34,79,16,0,0,0,0,0,0,0,-32286,0,0,0,0,0,2763716,0
2720776,7204,-3046,514,831,-828,-415,2468,571,272,6,912,19392,55,34,79,16,0,0,0,0,0,0,0,-32286,0,0,0,0,0,2763730,0
2720781,7268,-2908,528,869,-853,-432,2608,625,244,11,1024,19391,54,34,79,16,0,0,0,0,0,0,0,-32286,0,0,0,0,0,2763735,0
2720786,7188,-2824,586,887,-853,-436,2759,671,211,11,1104,19391,54,34,79,16,0,0,0,0,0,0,0,-32286,0,0,0,0,0,2763750,0
2720791,7244,-2868,594,905,-847,-413,2916,691,172,9,1136,19391,61,34,79,16,0,0,0,0,0,0,0,-32286,0,0,0,0,0,2763755,0
2720796,7222,-2842,556,841,-807,-409,3078,709,141,1,1160,19391,61,34,79,16,0,0,0,0,0,0,0,-32286,0,0,0,0,0,2763770,0
2720801,6948,-2640,640,839,-820,-390,3242,725,109,4,1176,19390,61,34,79,16,0,0,0,0,0,0,0,-32286,0,0,0,0,0,2763775,0
2720806,6892,-2788,580,790,-834,-371,3408,729,75,4,1168,19390,61,34,79,16,0,0,0,0,0,0,0,-32286,0,0,0,0,0,2763790,0
2720811,6732,-2800,480,701,-816,-339,3571,716,40,10,1136,19391,66,34,79,16,0,0,0,0,0,0,0,-32286,0,0,0,0,0,2763794,0
2720816,6442,-2826,368,616,-827,-285,3734,716,15,1,1128,19391,66,34,79,16,0,0,0,0,0,0,0,-32286,0,0,0,0,0,2763809,0
2720821,6242,-2972,272,609,-855,-273,3895,706,-7,4,1080,19390,72,34,79,16,0,0,0,0,0,0,0,-32286,0,0,0,0,0,2763814,0
2720826,6206,-3036,130,605,-901,-251,4051,688,-24,4,1048,19390,72,34,79,16,0,0,0,0,0,0,0,-32286,0,0,0,0,0,2763829,0
2720831,6190,-3110,76,605,-929,-221,4207,679,-29,-1,1024,19389,72,34,79,16,0,0,0,0,0,0,0,-32286,0,0,0,0,0,2763834,0
2720836,5986,-3246,142,472,-955,-106,4355,656,-41,8,960,19389,72,34,79,16,0,0,0,0,0,0,0,-32286,0,0,0,0,0,2763849,0
2720841,6116,-3246,144,453,-968,-91,4500,631,-54,0,912,19389,71,34,79,16,0,0,0,0,0,0,0,-32286,0,0,0,0,0,2763854,0
2720846,6260,-3368,186,479,-935,-42,4642,616,-58,-5,880,19389,71,34,79,16,0,0,0,0,0,0,0,-32286,0,0,0,0,0,2763869,0
2720851,6218,-3454,278,472,-940,11,4777,584,-66,1,792,19392,71,34,79,16,0,0,0,0,0,0,0,-32286,0,0,0,0,0,2763873,0
2720856,6454,-3298,344,498,-903,61,4905,561,-79,-4,744,19392,71,34,79,16,0,0,0,0,0,0,0,-32286,0,0,0,0,0,2763888,0
2720861,6542,-3288,350,510,-890,76,5030,542,-84,-9,704,19393,69,34,79,16,0,0,0,0,0,0,0,-32286,0,0,0,0,0,2763893,0
2720866,6700,-3296,354,513,-853,112,5145,504,-87,2,608,19393,69,34,79,16,0,0,0,0,0,0,0,-32286,0,0,0,0,0,2763908,0
2720871,6722,-3140,386,525,-838,104,5253,463,-95,2,496,19394,63,34,79,16,0,0,0,0,0,0,0,-32286,0,0,0,0,0,2763913,0
2720876,7062,-2794,288,610,-856,92,5353,441,-102,-7,448,19394,63,34,79,16,0,0,0,0,0,0,0,-32286,0,0,0,0,0,2763928,0
2720881,7874,-2404,212,393,-681,166,5446,403,-112,-4,392,19388,63,34,79,16,0,0,0,0,0,0,0,-32286,0,0,0,0,0,2763933,0
2720886,7084,-2844,306,463,-650,142,5533,380,-120,6,336,19388,63,34,79,16,0,0,0,0,0,0,0,-32286,0,0,0,0,0,2763948,0
2720891,7236,-3312,178,636,-781,133,5609,334,-116,15,248,19388,53,34,79,16,0,0,0,0,0,0,0,-32286,0,0,0,0,0,2763953,0
2720896,7918,-2458,398,552,-762,206,5677,295,-109,4,200,19388,53,34,79,16,0,0,0,0,0,0,0,-32286,0,0,0,0,0,2763968,0
2720901,7906,-2052,748,243,-606,219,5739,263,-127,4,144,19386,57,34,79,16,0,0,0,0,0,0,0,-32286,0,0,0,0,0,2763972,0
2720906,8188,-2292,758,52,-453,232,5788,219,-128,-10,112,19386,57,34,79,16,0,0,0,0,0,0,0,-32286,0,0,0,0,0,2763987,0
2720911,8232,-2706,926,99,-361,249,5835,197,-128,-8,96,19386,53,34,79,16,0,0,0,0,0,0,0,-32286,0,0,0,0,0,2763992,0
2720916,8210,-3016,1100,526,-230,171,5877,184,-113,4,80,19386,53,34,79,16,0,0,0,0,0,0,0,-32286,0,0,0,0,0,2764007,0
2720921,8036,-2674,984,691,-276,117,5916,178,-84,-5,88,19387,61,34,79,16,0,0,0,0,0,0,0,-32286,0,0,0,0,0,2764012,0
2720926,8166,-2696,716,766,-236,114,5955,165,-58,0,80,19387,61,34,79,16,0,0,0,0,0,0,0,-32286,0,0,0,0,0,2764027,0
2720931,7946,-2248,760,712,-166,112,5991,157,-40,3,56,19387,53,34,79,16,0,0,0,0,0,0,0,-32286,0,0,0,0,0,2764032,0
2720936,7690,-2106,440,457,-87,126,6019,118,-42,0,48,19387,53,34,79,16,0,0,0,0,0,0,0,-32286,0,0,0,0,0,2764047,0
2720941,7754,-2434,228,432,-37,137,6040,116,-51,-5,56,19388,51,34,79,16,0,0,0,0,0,0,0,-32286,0,0,0,0,0,2764051,0
2720946,7332,-2464,258,381,-17,163,6066,112,-55,1,48,19388,51,34,79,16,0,0,0,0,0,0,0,-32286,0,0,0,0,0,2764066,0
2720951,7260,-2496,198,301,-40,177,6094,124,-40,-6,64,19391,48,34,79,16,0,0,0,0,0,0,0,-32286,0,0,0,0,0,2764071,0
2720956,6896,-2632,208,38,47,304,6127,140,-3,-2,72,19391,48,34,79,16,0,0,0,0,0,0,0,-32286,0,0,0,0,0,2764086,0
2720961,7066,-2708,296,61,63,290,6166,180,38,-1,112,19392,53,34,79,16,0,0,0,0,0,0,0,-32286,0,0,0,0,0,2764091,0
2720966,7116,-2994,412,213,96,302,6214,211,69,0,144,19392,53,34,79,16,0,0,0,0,0,0,0,-32286,0,0,0,0,0,2764106,0
2720971,6942,-2908,538,388,25,268,6277,279,124,-3,248,19392,66,34,79,16,0,0,0,0,0,0,0,-32286,0,0,0,0,0,2764111,0
2720976,7310,-2656,514,626,5,224,6355,352,155,-9,368,19392,66,34,79,16,0,0,0,0,0,0,0,-32286,0,0,0,0,0,2764126,0
2720981,7046,-2642,380,740,-82,202,6453,434,211,-20,544,19392,69,34,79,16,0,0,0,0,0,0,0,-32286,0,0,0,0,0,2764131,0
2720986,7184,-2672,182,864,-181,157,6561,485,234,-15,688,19392,69,34,79,16,0,0,0,0,0,0,0,-32286,0,0,0,0,0,2764146,0
2720991,7440,-2370,148,1019,-246,98,6683,535,229,0,808,19393,66,34,79,16,0,0,0,0,0,0,0,-32286,0,0,0,0,0,2764151,0
2720996,7750,-1860,134,1053,-241,-19,6816,597,213,3,960,19393,66,34,79,16,0,0,0,0,0,0,0,-32286,0,0,0,0,0,2764166,0
2721001,7678,-2060,200,1049,-211,-31,6964,652,195,10,1040,19392,68,34,79,16,0,0,0,0,0,0,0,-32286,0,0,0,0,0,2764170,0
2721006,7628,-2072,314,1012,-246,-57,7115,676,179,11,1056,19392,68,34,79,16,0,0,0,0,0,0,0,-32285,0,0,0,0,0,2764185,0
2721011,8052,-2118,268,1026,-196,-88,7274,698,151,-1,1120,19391,73,34,79,16,0,0,0,0,0,0,0,-32286,0,0,0,0,0,2764190,0
2721016,8034,-2324,488,1026,-119,-95,7434,705,115,11,1096,19391,73,34,79,16,0,0,0,0,0,0,0,-32286,0,0,0,0,0,2764205,0
2721021,8192,-2326,486,999,-78,-93,7592,696,65,15,1056,19388,73,34,79,16,0,0,0,0,0,0,0,-32286,0,0,0,0,0,2764210,0
2721026,8148,-2270,516,1004,-28,-85,7750,694,24,-1,1048,19388,73,34,79,16,0,0,0,0,0,0,0,-32286,0,0,0,0,0,2764225,0
2721031,8092,-2340,540,979,-14,-95,7908,682,8,2,1008,19386,67,34,79,16,0,0,0,0,0,0,0,-32286,0,0,0,0,0,2764230,0
2721036,8268,-2504,468,898,73,-87,8058,660,-27,1,960,19386,67,34,79,16,0,0,0,0,0,0,0,-32286,0,0,0,0,0,2764245,0
2721041,8168,-2524,564,858,90,-97,8208,645,-42,1,928,19387,68,34,79,16,0,0,0,0,0,0,0,-32286,0,0,0,0,0,2764250,0
2721046,8230,-2656,552,833,122,-74,8353,635,-112,10,888,19387,68,34,79,16,0,0,0,0,0,0,0,-32286,0,0,0,0,0,2764264,0
2721051,8098,-2572,600,793,162,-89,8492,608,-123,7,832,19388,70,34,79,16,0,0,0,0,0,0,0,-32285,0,0,0,0,0,2764269,0
2721056,8122,-2900,570,740,226,-95,8627,597,-29,-1,816,19388,70,34,79,16,0,0,0,0,0,0,0,-32286,0,0,0,0,0,2764284,0
2721061,8164,-2938,638,782,249,-99,8760,581,-18,-3,800,19390,75,34,79,16,0,0,0,0,0,0,0,-32286,0,0,0,0,0,2764289,0
2721066,8124,-3128,666,822,264,-110,8888,561,2,-6,736,19390,75,34,79,16,0,0,0,0,0,0,0,-32286,0,0,0,0,0,2764304,0
2721071,8110,-3060,654,858,273,-111,9012,544,5,-3,696,19390,80,34,79,16,0,0,0,0,0,0,0,-32286,0,0,0,0,0,2764309,0
2721076,8058,-2852,496,916,289,-152,9133,530,-57,-8,688,19390,80,34,79,16,0,0,0,0,0,0,0,-32286,0,0,0,0,0,2764324,0
2721081,7990,-2960,424,983,282,-155,9255,529,-47,0,680,19390,75,34,79,16,0,0,0,0,0,0,0,-32286,0,0,0,0,0,2764329,0
2721086,7892,-2766,444,1011,252,-163,9376,527,-39,3,680,19390,75,34,79,16,0,0,0,0,0,0,0,-32286,0,0,0,0,0,2764348,0
2721091,7944,-2666,384,1016,245,-174,9492,518,-24,-2,680,19391,65,34,79,16,0,0,0,0,0,0,0,-32286,0,0,0,0,0,2764358,0
2721096,8064,-2396,400,1091,227,-227,9612,525,-16,-10,720,19391,65,34,79,16,0,0,0,0,0,0,0,-32285,0,0,0,0,0,2764368,0
2721101,8058,-2314,348,1140,208,-242,9730,518,-16,0,688,19389,60,34,79,16,0,0,0,0,0,0,0,-32286,0,0,0,0,0,2764378,0
2721106,8002,-2130,330,1160,168,-255,9847,508,-10,1,648,19389,60,34,79,16,0,0,0,0,0,0,0,-32286,0,0,0,0,0,2764388,0
2721111,8120,-1770,206,1154,193,-285,9964,513,-7,-4,688,19388,55,34,79,16,0,0,0,0,0,0,0,-32286,0,0,0,0,0,2764397,0
2721116,8088,-1694,-48,1157,89,-325,10085,532,0,-5,752,19388,55,34,79,16,0,0,0,0,0,0,0,-32286,0,0,0,0,0,2764407,0
2721121,8072,-1692,88,1175,48,-342,10206,526,8,1,728,19389,64,34,79,16,0,0,0,0,0,0,0,-32286,0,0,0,0,0,2764417,0
2721126,8266,-1548,248,1190,22,-376,10327,536,17,1,752,19389,64,34,79,16,0,0,0,0,0,0,0,-32286,0,0,0,0,0,2764427,0
2721131,8508,-1506,312,1208,53,-389,10449,542,19,-6,784,19391,65,34,79,16,0,0,0,0,0,0,0,-32286,0,0,0,0,0,2764437,0
2721136,8644,-2050,342,1208,56,-431,10577,562,19,0,816,19391,65,34,79,16,0,0,0,0,0,0,0,-32286,0,0,0,0,0,2764447,0
2721141,8820,-2256,196,1193,63,-454,10701,547,24,9,768,19390,69,34,79,16,0,0,0,0,0,0,0,-32286,0,0,0,0,0,2764457,0
2721146,9010,-2862,70,1213,75,-485,10828,554,25,0,792,19390,69,34,79,16,0,0,0,0,0,0,0,-32286,0,0,0,0,0,2764467,0
2721151,9048,-3188,-92,1267,68,-496,10954,552,15,-1,776,19391,66,34,79,16,0,0,0,0,0,0,0,-32286,0,0,0,0,0,2764477,0
2721156,8884,-3770,-118,1348,-53,-496,11079,545,2,6,720,19391,66,34,79,16,0,0,0,0,0,0,0,-32286,0,0,0,0,0,2764487,0
2721161,9038,-3924,-152,1332,-143,-479,11197,523,-15,4,656,19394,64,34,79,16,0,0,0,0,0,0,0,-32286,0,0,0,0,0,2764497,0
2721166,8860,-3876,-70,1285,-224,-461,11309,482,-42,9,552,19394,64,34,79,16,0,0,0,0,0,0,0,-32286,0,0,0,0,0,2764507,0
2721171,8738,-3918,36,1187,-289,-419,11410,445,-73,1,456,19394,62,34,79,16,0,0,0,0,0,0,0,-32286,0,0,0,0,0,2764517,0
2721176,8376,-3546,244,846,-429,-297,11506,407,-101,0,384,19394,62,34,79,16,0,0,0,0,0,0,0,-32286,0,0,0,0,0,2764526,0
2721181,8346,-3480,316,674,-505,-230,11590,370,-124,15,280,19393,59,34,79,16,0,0,0,0,0,0,0,-32286,0,0,0,0,0,2764536,0
2721186,8264,-3502,368,577,-604,-163,11661,307,-137,16,176,19393,59,34,79,16,0,0,0,0,0,0,0,-32286,0,0,0,0,0,2764546,0
2721191,8382,-3318,446,553,-714,-130,11722,267,-161,1,120,19390,68,34,79,16,0,0,0,0,0,0,0,-32286,0,0,0,0,0,2764556,0
2721196,8644,-2648,656,479,-910,-51,11770,218,-174,-15,96,19390,68,34,79,16,0,0,0,0,0,0,0,-32286,0,0,0,0,0,2764566,0
2721201,8894,-2256,728,352,-937,-53,11808,157,-173,-10,64,19389,67,34,79,16,0,0,0,0,0,0,0,-32285,0,0,0,0,0,2764576,0
2721206,9272,-2198,708,212,-973,-74,11844,152,-157,-8,56,19389,67,34,79,16,0,0,0,0,0,0,0,-32286,0,0,0,0,0,2764586,0
2721211,9590,-2334,916,66,-947,-87,11871,112,-130,1,40,19390,66,34,79,16,0,0,0,0,0,0,0,-32286,0,0,0,0,0,2764596,0
2721216,10110,-3014,1328,240,-919,-259,11893,92,-110,-1,24,19390,66,34,79,16,0,0,0,0,0,0,0,-32286,0,0,0,0,0,2764606,0
2721221,10198,-3218,1496,377,-930,-323,11900,33,-110,9,-8,19389,73,34,79,16,0,0,0,0,0,0,0,-32285,0,0,0,0,0,2764616,0
2721226,10458,-3128,1564,434,-938,-404,11896,-26,-129,5,-16,19389,73,34,79,16,0,0,0,0,0,0,0,-32286,0,0,0,0,0,2764626,0
2721231,10742,-3148,1408,374,-828,-434,11892,-18,-144,-4,-8,19389,65,34,79,16,0,0,0,0,0,0,0,-32286,0,0,0,0,0,2764636,0
2721236,10688,-3648,1340,3,-618,-414,11893,5,-103,-4,0,19389,65,34,79,16,0,0,0,0,0,0,0,-32286,0,0,0,0,0,2764649,0
2721241,10416,-4104,1116,-83,-620,-427,11892,-2,-53,1,0,19388,66,34,79,16,0,0,0,0,0,0,0,-32286,0,0,0,0,0,2764659,0
2721246,10194,-4432,976,-118,-569,-430,11892,2,-1,0,0,19388,66,34,79,16,0,0,0,0,0,0,0,-32286,0,0,0,0,0,2764669,0
2721251,9532,-4664,884,-208,-529,-432,11893,2,12,2,-8,19388,64,34,79,16,0,0,0,0,0,0,0,-32286,0,0,0,0,0,2764679,0
2721256,8858,-5562,492,-205,-690,-451,11891,-4,6,0,0,19388,64,34,79,16,0,0,0,0,0,0,0,-32286,0,0,0,0,0,2764689,0
2721261,8436,-5810,632,-283,-627,-417,11891,-2,1,-1,0,19388,60,34,79,16,0,0,0,0,0,0,0,-32285,0,0,0,0,0,2764698,0
2721266,7946,-6096,734,-388,-609,-382,11892,0,-2,0,0,19388,60,34,79,16,0,0,0,0,0,0,0,-32286,0,0,0,0,0,2764708,0
2721271,7778,-6434,868,-437,-568,-351,11892,0,3,0,0,19391,64,34,79,16,0,0,0,0,0,0,0,-32285,0,0,0,0,0,2764718,0
2721276,6934,-7096,1552,-288,-443,-316,11892,-3,-1,0,0,19391,64,34,79,16,0,0,0,0,0,0,0,-32286,0,0,0,0,0,2764728,0
2721281,7842,-6718,1888,129,-578,-574,11890,-7,-3,3,-24,19392,61,34,79,16,0,0,0,0,0,0,0,-32286,0,0,0,0,0,2764738,0
2721286,7646,-7074,2632,1639,-389,-969,11875,-68,-26,8,-56,19392,61,34,79,16,0,0,0,0,0,0,0,-32285,0,0,0,0,0,2764748,0
2721291,6120,-7964,2544,2673,-680,-1034,11840,-161,-86,16,-136,19394,57,34,79,16,0,0,0,0,0,0,0,-32286,0,0,0,0,0,2764758,0
2721296,6682,-5010,2174,2189,-583,-960,11777,-289,-188,16,-328,19394,57,34,79,16,0,0,0,0,0,0,0,-32286,0,0,0,0,0,2764768,0
2721301,5832,-5096,1730,1303,-211,-808,11678,-453,-305,33,-680,19391,58,34,79,16,0,0,0,0,0,0,0,-32285,0,0,0,0,0,2764778,0
2721306,5242,-6192,1584,732,-4,-658,11535,-646,-435,40,-1264,19391,58,34,79,16,0,0,0,0,0,0,0,-32286,0,0,0,0,0,2764788,0
2721311,4588,-7582,1692,629,95,-506,11342,-869,-549,12,-1744,19393,56,34,79,16,0,0,0,0,0,0,0,-32286,0,0,0,0,0,2764798,0
2721316,4130,-8760,1862,926,264,-64,11103,-1072,-646,9,-2192,19393,56,34,79,16,0,0,0,0,0,0,0,-32286,0,0,0,0,0,2764808,0
2721321,2922,-8444,2182,664,526,236,10821,-1254,-697,0,-2576,19391,59,34,79,16,0,0,0,0,0,0,0,-32286,0,0,0,0,0,2764818,0
2721326,2864,-9082,1544,738,385,467,10504,-1413,-688,-4,-2912,19391,59,34,79,16,0,0,0,0,0,0,0,-32286,0,0,0,0,0,2764828,0
2721331,3034,-8858,1298,1069,316,662,10156,-1549,-641,-1,-3208,19391,68,34,79,16,0,0,0,0,0,0,0,-32287,0,0,0,0,0,2764838,0
2721336,3712,-6588,844,1382,93,933,9774,-1691,-566,0,-3504,19391,68,34,79,16,0,0,0,0,0,0,0,-32286,0,0,0,0,0,2764848,0
2721341,4304,-5580,428,1213,74,1067,9364,-1819,-516,-8,-3760,19389,72,34,79,16,0,0,0,0,0,0,0,-32286,0,0,0,0,0,2764858,0
2721346,4742,-4654,200,956,24,1160,8923,-1954,-486,-10,-4000,19389,72,34,79,16,0,0,0,0,0,0,0,-32286,0,0,0,0,0,2764867,0
2721351,5268,-3982,44,739,-11,1210,8454,-2072,-463,-18,-4232,19389,74,34,79,16,0,0,0,0,0,0,0,-32286,0,0,0,0,0,2764877,0
2721356,6162,-3180,176,462,-95,1276,7960,-2185,-450,-15,-4392,19389,74,34,79,16,0,0,0,0,0,0,0,-32286,0,0,0,0,0,2764887,0
2721361,6618,-2608,220,241,-130,1298,7449,-2255,-413,-25,-4480,19387,76,34,79,16,0,0,0,0,0,0,0,-32286,0,0,0,0,0,2764897,0
2721366,7176,-2338,334,115,-166,1266,6928,-2298,-353,-13,-4552,19387,76,34,79,16,0,0,0,0,0,0,0,-32286,0,0,0,0,0,2764907,0
2721371,7470,-2258,318,-33,-211,1283,6407,-2291,-254,-1,-4544,19389,80,34,79,16,0,0,0,0,0,0,0,-32286,0,0,0,0,0,2764917,0
2721376,8614,-1794,734,-149,-375,1172,5889,-2277,-146,6,-4528,19389,80,34,79,16,0,0,0,0,0,0,0,-32286,0,0,0,0,0,2764927,0
2721381,8808,-1594,962,-177,-458,1087,5376,-2258,-42,-3,-4480,19390,80,34,79,16,0,0,0,0,0,0,0,-32286,0,0,0,0,0,2764937,0
2721386,9246,-1366,914,-208,-576,957,4869,-2235,23,-7,-4408,19390,80,34,79,16,0,0,0,0,0,0,0,-32286,0,0,0,0,0,2764947,0
2721391,9922,-978,1246,-135,-563,804,4365,-2216,63,-14,-4320,19394,87,34,79,16,0,0,0,0,0,0,0,-32286,0,0,0,0,0,2764957,0
2721396,10454,-614,1660,2,-533,465,3871,-2179,74,-14,-4216,19394,87,34,79,16,0,0,0,0,0,0,0,-32286,0,0,0,0,0,2764967,0
2721401,10648,-566,1752,-74,-431,322,3387,-2121,99,-5,-4096,19391,79,34,79,16,0,0,0,0,0,0,0,-32286,0,0,0,0,0,2764977,0
2721406,10724,-670,1912,-202,-232,213,2918,-2053,134,2,-3968,19391,79,34,79,16,0,0,0,0,0,0,0,-32286,0,0,0,0,0,2764987,0
2721411,10530,-1086,2158,-296,-52,128,2468,-1977,174,7,-3840,19390,80,34,79,16,0,0,0,0,0,0,0,-32286,0,0,0,0,0,2764997,0
2721416,9978,-2060,2370,-309,310,-38,2032,-1904,219,13,-3704,19390,80,34,79,16,0,0,0,0,0,0,0,-32286,0,0,0,0,0,2765007,0
2721421,9758,-2468,2298,-236,488,-106,1609,-1855,238,14,-3616,19389,74,34,79,16,0,0,0,0,0,0,0,-32286,0,0,0,0,0,2765017,0
2721426,9300,-2870,2322,-191,654,-137,1197,-1808,227,0,-3520,19389,74,34,79,16,0,0,0,0,0,0,0,-32286,0,0,0,0,0,2765027,0
2721431,8978,-3118,2214,-159,870,-104,793,-1777,202,-8,-3424,19389,70,34,79,16,0,0,0,0,0,0,0,-32286,0,0,0,0,0,2765037,0
2721436,7808,-3356,1318,-275,1065,-35,403,-1725,173,-14,-3288,19389,70,34,79,16,0,0,0,0,0,0,0,-32286,0,0,0,0,0,2765046,0
2721441,7426,-3404,952,-292,1157,27,22,-1670,163,-12,-3120,19386,73,34,79,16,0,0,0,0,0,0,0,-32286,0,0,0,0,0,2765056,0
2721446,7052,-3464,778,-214,1089,24,-345,-1605,166,-13,-2960,19386,73,34,79,16,0,0,0,0,0,0,0,-32286,0,0,0,0,0,2765066,0
2721451,6680,-3644,504,-197,1097,103,-696,-1535,184,-10,-2808,19388,85,34,79,16,0,0,0,0,0,0,0,-32286,0,0,0,0,0,2765076,0
2721456,6320,-3264,-4,-171,905,165,-1031,-1466,209,0,-2664,19388,85,34,79,16,0,0,0,0,0,0,0,-32286,0,0,0,0,0,2765086,0
2721461,6176,-3118,-130,-182,767,210,-1347,-1389,233,6,-2520,19388,83,34,79,16,0,0,0,0,0,0,0,-32286,0,0,0,0,0,2765096,0
2721466,6162,-2940,-178,-191,627,213,-1648,-1316,249,7,-2376,19388,83,34,79,16,0,0,0,0,0,0,0,-32286,0,0,0,0,0,2765106,0
2721471,6274,-2686,-142,-186,526,227,-1934,-1251,255,1,-2232,19387,75,34,79,16,0,0,0,0,0,0,0,-32286,0,0,0,0,0,2765116,0
2721476,6354,-2368,-152,-208,299,234,-2205,-1189,242,0,-2120,19387,75,34,79,16,0,0,0,0,0,0,0,-32286,0,0,0,0,0,2765126,0
2721481,6548,-2308,-88,-269,238,253,-2466,-1131,229,2,-2000,19394,74,34,79,16,0,0,0,0,0,0,0,-32286,0,0,0,0,0,2765136,0
2721486,6630,-2174,280,-350,254,270,-2715,-1093,203,-1,-1904,19394,74,34,79,16,0,0,0,0,0,0,0,-32286,0,0,0,0,0,2765146,0
2721491,6752,-2024,516,-391,240,270,-2954,-1041,186,-7,-1784,19395,73,34,79,16,0,0,0,0,0,0,0,-32286,0,0,0,0,0,2765156,0
2721496,7002,-2054,878,-382,265,267,-3183,-1002,173,-4,-1704,19395,73,34,79,16,0,0,0,0,0,0,0,-32286,0,0,0,0,0,2765166,0
2721501,7298,-1910,992,-389,329,262,-3397,-938,168,-6,-1552,19395,74,34,79,16,0,0,0,0,0,0,0,-32286,0,0,0,0,0,2765176,0
2721506,7318,-1674,1280,-372,374,245,-3603,-898,168,1,-1472,19395,74,34,79,16,0,0,0,0,0,0,0,-32286,0,0,0,0,0,2765186,0
2721511,7516,-1562,1340,-372,401,198,-3797,-846,173,-3,-1344,19392,67,34,79,16,0,0,0,0,0,0,0,-32287,0,0,0,0,0,2765196,0
2721516,7530,-1366,1144,-440,479,203,-3980,-806,162,-4,-1256,19392,67,34,79,16,0,0,0,0,0,0,0,-32287,0,0,0,0,0,2765206,0
2721521,7466,-1204,1132,-513,518,184,-4155,-767,163,2,-1184,19391,73,34,79,16,0,0,0,0,0,0,0,-32286,0,0,0,0,0,2765216,0
2721526,7452,-1282,1100,-557,551,193,-4317,-702,161,-2,-1040,19391,73,34,79,16,0,0,0,0,0,0,0,-32286,0,0,0,0,0,2765226,0
2721531,7260,-1208,1142,-624,587,186,-4469,-664,162,0,-960,19392,72,34,79,16,0,0,0,0,0,0,0,-32286,0,0,0,0,0,2765235,0
2721536,7114,-1334,1014,-667,621,166,-4611,-605,159,-11,-808,19392,72,34,79,16,0,0,0,0,0,0,0,-32286,0,0,0,0,0,2765245,0
2721541,7022,-1492,996,-667,654,159,-4742,-558,165,-6,-688,19390,72,34,79,16,0,0,0,0,0,0,0,-32286,0,0,0,0,0,2765255,0
2721546,6910,-1494,958,-697,689,178,-4860,-520,163,6,-616,19390,72,34,79,16,0,0,0,0,0,0,0,-32286,0,0,0,0,0,2765265,0
2721551,6814,-1472,990,-730,706,174,-4968,-468,165,6,-496,19389,72,34,79,16,0,0,0,0,0,0,0,-32286,0,0,0,0,0,2765275,0
2721556,6598,-1630,938,-753,756,148,-5064,-411,175,2,-360,19389,72,34,79,16,0,0,0,0,0,0,0,-32286,0,0,0,0,0,2765285,0
2721561,6386,-1640,934,-723,788,151,-5146,-360,177,-3,-280,19389,69,34,79,16,0,0,0,0,0,0,0,-32286,0,0,0,0,0,2765295,0
2721566,6290,-1654,934,-706,793,136,-5216,-301,183,-6,-184,19389,69,34,79,16,0,0,0,0,0,0,0,-32287,0,0,0,0,0,2765305,0
2721571,6196,-1504,828,-721,802,122,-5276,-258,189,1,-144,19389,69,34,79,16,0,0,0,0,0,0,0,-32286,0,0,0,0,0,2765315,0
2721576,6152,-1656,636,-746,831,119,-5321,-194,186,5,-72,19389,69,34,79,16,0,0,0,0,0,0,0,-32286,0,0,0,0,0,2765325,0
2721581,5912,-1420,598,-754,801,75,-5356,-146,179,2,-32,19391,62,34,79,16,0,0,0,0,0,0,0,-32287,0,0,0,0,0,2765335,0
2721586,5962,-1630,450,-768,789,76,-5378,-95,186,3,-40,19391,62,34,79,16,0,0,0,0,0,0,0,-32286,0,0,0,0,0,2765345,0
2721591,5866,-1612,380,-808,790,94,-5397,-89,164,1,-40,19391,61,34,79,16,0,0,0,0,0,0,0,-32286,0,0,0,0,0,2765355,0
2721596,5946,-1554,358,-819,763,65,-5411,-49,146,-6,-8,19391,61,34,79,16,0,0,0,0,0,0,0,-32286,0,0,0,0,0,2765365,0
2721601,5900,-1642,328,-822,732,62,-5411,7,123,-8,0,19392,54,34,79,16,0,0,0,0,0,0,0,-32286,0,0,0,0,0,2765375,0
2721606,5868,-1582,284,-871,704,79,-5409,6,107,0,0,19392,54,34,79,16,0,0,0,0,0,0,0,-32287,0,0,0,0,0,2765385,0
2721611,5960,-1562,262,-932,682,76,-5410,-5,88,-1,0,19391,64,34,79,16,0,0,0,0,0,0,0,-32286,0,0,0,0,0,2765395,0
2721616,6160,-1468,444,-929,636,35,-5410,0,60,-1,0,19391,64,34,79,16,0,0,0,0,0,0,0,-32287,0,0,0,0,0,2765405,0
2721621,6284,-1458,430,-914,592,-4,-5409,8,21,-1,0,19392,63,34,79,16,0,0,0,0,0,0,0,-32286,0,0,0,0,0,2765415,0
2721626,6366,-1314,350,-932,559,-21,-5410,2,-2,0,0,19392,63,34,79,16,0,0,0,0,0,0,0,-32286,0,0,0,0,0,2765425,0
2721631,6356,-1262,274,-1072,588,7,-5409,1,-1,-1,0,19391,66,34,79,16,0,0,0,0,0,0,0,-32286,0,0,0,0,0,2765435,0
2721636,6322,-1342,542,-1442,733,47,-5408,11,5,-1,8,19391,66,34,79,16,0,0,0,0,0,0,0,-32286,0,0,0,0,0,2765445,0
2721641,6332,-1752,716,-1327,687,0,-5406,10,7,0,0,19391,60,34,79,16,0,0,0,0,0,0,0,-32286,0,0,0,0,0,2765454,0
2721646,6336,-2046,666,-1143,581,-44,-5407,0,3,0,0,19391,60,34,79,16,0,0,0,0,0,0,0,-32286,0,0,0,0,0,2765464,0
2721651,6508,-1928,612,-1015,489,-63,-5406,10,-2,-1,0,19392,57,34,79,16,0,0,0,0,0,0,0,-32286,0,0,0,0,0,2765474,0
2721656,6488,-1536,668,-1162,461,-33,-5405,-3,-4,0,0,19392,57,34,79,16,0,0,0,0,0,0,0,-32286,0,0,0,0,0,2765484,0
2721661,6576,-1476,600,-1358,427,-14,-5405,11,0,-2,0,19393,68,34,79,16,0,0,0,0,0,0,0,-32286,0,0,0,0,0,2765494,0
2721666,6664,-1838,592,-1359,373,-21,-5403,11,0,-1,0,19393,68,34,79,16,0,0,0,0,0,0,0,-32286,0,0,0,0,0,2765504,0
2721671,6624,-2022,838,-1282,333,-29,-5402,11,3,-1,0,19392,71,33,79,16,0,0,0,0,0,0,0,-32286,0,0,0,0,0,2765514,0
2721676,6936,-2074,1106,-1109,269,-53,-5402,4,1,0,0,19392,71,33,79,16,0,0,0,0,0,0,0,-32286,0,0,0,0,0,2765524,0
2721681,7046,-2020,1182,-1101,267,-47,-5402,0,0,0,0,19390,65,33,79,16,0,0,0,0,0,0,0,-32286,0,0,0,0,0,2765534,0
2721686,7078,-2026,1196,-1155,279,-56,-5402,-5,-6,0,0,19390,65,33,79,16,0,0,0,0,0,0,0,-32286,0,0,0,0,0,2765543,0
2721691,7212,-2240,1244,-1214,315,-40,-5402,0,-3,0,0,19394,63,34,79,16,0,0,0,0,0,0,0,-32286,0,0,0,0,0,2765553,0
2721696,7216,-2458,1554,-1331,484,42,-5400,9,1,-2,8,19394,63,34,79,16,0,0,0,0,0,0,0,-32286,0,0,0,0,0,2765563,0
2721701,7152,-2632,1656,-1402,587,77,-5397,14,8,-2,8,19399,71,34,79,16,0,0,0,0,0,0,0,-32286,0,0,0,0,0,2765573,0
2721706,7064,-3006,1694,-1498,684,164,-5392,22,14,-1,8,19399,71,34,79,16,0,0,0,0,0,0,0,-32286,0,0,0,0,0,2765583,0
2721711,6954,-3172,1800,-1588,812,224,-5384,30,23,-1,16,19402,90,34,79,16,0,0,0,0,0,0,0,-32286,0,0,0,0,0,2765593,0
2721716,7226,-3382,1946,-1331,892,216,-5376,35,24,-2,16,19402,90,34,79,16,0,0,0,0,0,0,0,-32286,0,0,0,0,0,2765603,0
2721721,7286,-3290,1800,-1186,847,181,-5365,50,29,-4,24,19398,89,34,79,16,0,0,0,0,0,0,0,-32286,0,0,0,0,0,2765613,0
2721726,7604,-3038,1572,-1063,788,109,-5340,115,44,-10,72,19398,89,34,79,16,0,0,0,0,0,0,0,-32286,0,0,0,0,0,2765623,0
2721731,7964,-2902,1342,-901,669,46,-5299,180,100,-6,112,19393,80,34,79,16,0,0,0,0,0,0,0,-32286,0,0,0,0,0,2765633,0
2721736,8444,-2592,940,-767,306,-88,-5247,242,155,-3,168,19393,80,34,79,16,0,0,0,0,0,0,0,-32286,0,0,0,0,0,2765643,0
2721741,8636,-2476,918,-761,225,-156,-5185,267,187,4,192,19389,64,34,79,16,0,0,0,0,0,0,0,-32286,0,0,0,0,0,2765653,0
2721746,8896,-2294,978,-773,115,-209,-5120,297,173,2,232,19389,64,34,79,16,0,0,0,0,0,0,0,-32286,0,0,0,0,0,2765663,0
2721751,9024,-2380,1154,-809,57,-261,-5047,323,137,4,264,19389,65,34,79,16,0,0,0,0,0,0,0,-32286,0,0,0,0,0,2765673,0
2721756,9028,-2714,1448,-821,-19,-348,-4971,339,104,0,288,19389,65,34,79,16,0,0,0,0,0,0,0,-32286,0,0,0,0,0,2765683,0
2721761,9028,-2968,1558,-786,-35,-361,-4894,340,80,5,264,19388,63,34,79,16,0,0,0,0,0,0,0,-32286,0,0,0,0,0,2765693,0
2721766,8884,-2978,1746,-780,-36,-389,-4820,316,48,5,232,19388,63,34,79,16,0,0,0,0,0,0,0,-32286,0,0,0,0,0,2765703,0
2721771,8896,-3118,1810,-772,-7,-381,-4749,305,13,5,200,19389,57,34,79,16,0,0,0,0,0,0,0,-32285,0,0,0,0,0,2765713,0
2721776,8598,-3048,1940,-759,66,-402,-4685,271,-28,5,152,19389,57,34,79,16,0,0,0,0,0,0,0,-32286,0,0,0,0,0,2765723,0
2721781,8662,-3140,1862,-715,116,-375,-4626,259,-60,-3,136,19391,51,34,79,16,0,0,0,0,0,0,0,-32286,0,0,0,0,0,2765733,0
2721786,8452,-2982,1978,-665,170,-362,-4574,232,-75,-6,120,19391,51,34,79,16,0,0,0,0,0,0,0,-32286,0,0,0,0,0,2765743,0
2721791,8398,-2596,2066,-608,233,-406,-4521,232,-71,-5,120,19395,46,34,79,16,0,0,0,0,0,0,0,-32286,0,0,0,0,0,2765753,0
2721796,8322,-2406,1968,-584,367,-364,-4473,211,-62,0,96,19395,46,34,79,16,0,0,0,0,0,0,0,-32286,0,0,0,0,0,2765763,0
2721801,8258,-1968,1962,-570,431,-395,-4435,146,-63,2,48,19396,48,33,79,16,0,0,0,0,0,0,0,-32286,0,0,0,0,0,2765772,0
2721806,8402,-1788,1790,-551,483,-405,-4407,119,-85,-7,32,19396,48,33,79,16,0,0,0,0,0,0,0,-32286,0,0,0,0,0,2765782,0
2721811,8254,-1596,1716,-614,562,-366,-4388,78,-117,5,24,19396,55,33,79,16,0,0,0,0,0,0,0,-32286,0,0,0,0,0,2765792,0
2721816,8378,-1084,1552,-757,642,-386,-4370,82,-129,0,32,19396,55,33,79,16,0,0,0,0,0,0,0,-32286,0,0,0,0,0,2765802,0
2721821,8230,-1012,1480,-739,630,-392,-4350,97,-94,0,32,19394,63,34,79,16,0,0,0,0,0,0,0,-32286,0,0,0,0,0,2765812,0
2721826,8244,-964,1328,-768,557,-368,-4335,68,-51,5,16,19394,63,34,79,16,0,0,0,0,0,0,0,-32286,0,0,0,0,0,2765822,0
2721831,8416,-782,1296,-861,502,-355,-4327,31,-39,3,8,19391,70,34,79,16,0,0,0,0,0,0,0,-32286,0,0,0,0,0,2765832,0
2721836,9072,-770,1730,-1332,624,-254,-4316,56,-40,-4,24,19391,70,34,79,16,0,0,0,0,0,0,0,-32287,0,0,0,0,0,2765842,0
2721841,9750,-1330,2150,-1532,653,-234,-4292,110,-17,-7,64,19389,73,34,79,16,0,0,0,0,0,0,0,-32286,0,0,0,0,0,2765852,0
2721846,10468,-2462,2548,-1596,691,-170,-4254,173,46,-5,112,19389,73,34,79,16,0,0,0,0,0,0,0,-32287,0,0,0,0,0,2765862,0
2721851,10918,-3174,2998,-1649,666,-149,-4189,292,148,-10,304,19387,70,34,79,16,0,0,0,0,0,0,0,-32286,0,0,0,0,0,2765872,0
2721856,12920,-3990,2502,-1408,509,-200,-4096,430,261,-19,568,19387,70,34,79,16,0,0,0,0,0,0,0,-32286,0,0,0,0,0,2765882,0
2721861,13342,-4268,2050,-1425,441,-220,-3973,565,354,-32,960,19388,72,34,79,16,0,0,0,0,0,0,0,-32286,0,0,0,0,0,2765892,0
2721866,13898,-4660,1664,-1439,389,-297,-3822,675,410,-1,1200,19388,72,34,79,16,0,0,0,0,0,0,0,-32286,0,0,0,0,0,2765902,0
2721871,14424,-5282,1502,-1338,351,-391,-3641,804,440,-2,1480,19389,74,34,79,16,0,0,0,0,0,0,0,-32286,0,0,0,0,0,2765912,0
2721876,13824,-6144,1506,-1007,235,-607,-3431,928,449,2,1720,19389,74,34,79,16,0,0,0,0,0,0,0,-32286,0,0,0,0,0,2765922,0
2721881,13266,-6220,1512,-829,217,-718,-3202,1021,428,7,1928,19389,72,34,79,16,0,0,0,0,0,0,0,-32286,0,0,0,0,0,2765932,0
2721886,12444,-6448,1770,-746,311,-774,-2955,1093,385,4,2024,19389,72,34,79,16,0,0,0,0,0,0,0,-32286,0,0,0,0,0,2765942,0
2721891,11742,-6500,1850,-652,324,-898,-2698,1138,327,9,2096,19388,70,34,79,16,0,0,0,0,0,0,0,-32286,0,0,0,0,0,2765952,0
2721896,9854,-7284,2034,-524,559,-1002,-2436,1156,248,12,2136,19388,70,34,79,16,0,0,0,0,0,0,0,-32287,0,0,0,0,0,2765961,0
2721901,8950,-7900,1660,-463,583,-1008,-2171,1168,170,5,2160,19388,63,34,79,16,0,0,0,0,0,0,0,-32286,0,0,0,0,0,2765971,0
2721906,7888,-8592,1356,-378,591,-955,-1908,1157,100,7,2136,19388,63,34,79,16,0,0,0,0,0,0,0,-32286,0,0,0,0,0,2765981,0
2721911,6880,-8878,1344,-314,561,-891,-1647,1145,41,7,2096,19387,58,34,79,16,0,0,0,0,0,0,0,-32286,0,0,0,0,0,2765991,0
2721916,5098,-9572,1542,28,541,-686,-1391,1122,-7,5,2032,19387,58,34,79,16,0,0,0,0,0,0,0,-32286,0,0,0,0,0,2766001,0
2721921,4758,-10038,1206,304,418,-548,-1137,1110,-35,4,1984,19388,53,34,79,16,0,0,0,0,0,0,0,-32286,0,0,0,0,0,2766011,0
2721926,4032,-9166,1022,509,262,-433,-889,1089,-53,8,1920,19388,53,34,79,16,0,0,0,0,0,0,0,-32286,0,0,0,0,0,2766021,0
2721931,3922,-8406,648,590,194,-304,-648,1057,-66,6,1832,19387,69,34,79,16,0,0,0,0,0,0,0,-32286,0,0,0,0,0,2766031,0
2721936,3422,-6696,72,508,138,-175,-415,1024,-82,7,1736,19387,69,34,79,16,0,0,0,0,0,0,0,-32287,0,0,0,0,0,2766041,0
2721941,3088,-6052,-182,611,54,-156,-238,978,-106,12,1624,19388,79,34,79,16,0,0,0,0,0,0,0,-32286,0,0,0,0,0,2766051,0
2721946,3020,-5536,-656,775,-145,-171,-26,924,-133,4,1488,19388,79,34,79,16,0,0,0,0,0,0,0,-32286,0,0,0,0,0,2766061,0
2721951,2910,-5018,-966,772,-267,-146,171,863,-168,5,1360,19389,68,34,79,16,0,0,0,0,0,0,0,-32286,0,0,0,0,0,2766071,0
2721956,3268,-3888,-720,606,-334,-159,354,792,-191,1,1200,19389,68,34,79,16,0,0,0,0,0,0,0,-32287,0,0,0,0,0,2766081,0
2721961,3228,-3672,-682,580,-381,-154,522,731,-214,2,1064,19389,62,34,79,16,0,0,0,0,0,0,0,-32286,0,0,0,0,0,2766091,0
2721966,3330,-3624,-612,474,-347,-116,672,652,-226,4,888,19389,62,34,79,16,0,0,0,0,0,0,0,-32286,0,0,0,0,0,2766101,0
2721971,3384,-3514,-444,266,-245,-50,808,584,-239,4,728,19388,64,34,79,16,0,0,0,0,0,0,0,-32286,0,0,0,0,0,2766111,0
2721976,3746,-3448,-140,17,-54,4,929,528,-242,-7,616,19388,64,34,79,16,0,0,0,0,0,0,0,-32286,0,0,0,0,0,2766121,0
2721981,3776,-3880,-20,36,-29,74,1039,479,-224,-13,496,19388,71,34,79,16,0,0,0,0,0,0,0,-32286,0,0,0,0,0,2766131,0
2721986,3832,-3890,112,95,-78,74,1134,408,-216,-1,352,19388,71,34,79,16,0,0,0,0,0,0,0,-32286,0,0,0,0,0,2766141,0
2721991,3952,-4624,-84,-17,-28,295,1214,350,-214,4,264,19389,72,34,79,16,0,0,0,0,0,0,0,-32286,0,0,0,0,0,2766151,0
2721996,4524,-4270,342,-528,12,512,1291,336,-188,-2,256,19389,72,34,79,16,0,0,0,0,0,0,0,-32286,0,0,0,0,0,2766161,0
2722001,4568,-4544,464,-372,0,561,1368,336,-147,-4,280,19393,72,34,79,16,0,0,0,0,0,0,0,-32286,0,0,0,0,0,2766171,0
2722006,4914,-5008,544,-132,-149,586,1449,355,-73,-5,296,19393,72,34,79,16,0,0,0,0,0,0,0,-32286,0,0,0,0,0,2766180,0
2722011,5094,-5152,440,31,-306,641,1525,332,-24,1,264,19395,77,34,79,16,0,0,0,0,0,0,0,-32286,0,0,0,0,0,2766190,0
2722016,6016,-4988,372,65,-509,739,1601,335,-2,0,256,19395,77,34,79,16,0,0,0,0,0,0,0,-32286,0,0,0,0,0,2766200,0
2722021,6238,-4906,542,-15,-587,751,1675,322,-12,-1,256,19394,75,34,79,16,0,0,0,0,0,0,0,-32286,0,0,0,0,0,2766210,0
2722026,6662,-5112,556,-46,-642,746,1752,344,-11,-8,320,19394,75,34,79,16,0,0,0,0,0,0,0,-32286,0,0,0,0,0,2766220,0
2722031,6766,-5260,526,-28,-693,736,1830,348,0,-7,320,19391,74,34,79,16,0,0,0,0,0,0,0,-32286,0,0,0,0,0,2766230,0
2722036,6940,-5418,180,114,-818,678,1913,364,29,1,312,19391,74,34,79,16,0,0,0,0,0,0,0,-32286,0,0,0,0,0,2766240,0
2722041,6842,-5368,58,136,-893,628,1993,345,23,13,280,19387,64,34,79,16,0,0,0,0,0,0,0,-32286,0,0,0,0,0,2766250,0
2722046,6948,-5308,-130,165,-933,587,2069,329,11,2,256,19387,64,34,79,16,0,0,0,0,0,0,0,-32286,0,0,0,0,0,2766260,0
2722051,6740,-5158,-126,200,-968,528,2143,322,-55,0,264,19388,63,34,79,16,0,0,0,0,0,0,0,-32286,0,0,0,0,0,2766270,0
2722056,6620,-4918,-214,401,-1094,362,2218,330,-12,-4,264,19388,63,34,79,16,0,0,0,0,0,0,0,-32286,0,0,0,0,0,2766280,0
2722061,6602,-4690,-202,482,-1138,275,2294,331,1,-1,264,19387,65,34,79,16,0,0,0,0,0,0,0,-32286,0,0,0,0,0,2766290,0
2722066,6456,-4560,-190,508,-1146,219,2367,323,26,5,232,19387,65,34,79,16,0,0,0,0,0,0,0,-32286,0,0,0,0,0,2766300,0
2722071,6270,-4384,-134,455,-1160,170,2434,290,18,3,192,19388,65,34,79,16,0,0,0,0,0,0,0,-32286,0,0,0,0,0,2766310,0
2722076,6298,-4604,-122,497,-1168,61,2501,298,-32,-1,208,19388,65,34,79,16,0,0,0,0,0,0,0,-32286,0,0,0,0,0,2766320,0
2722081,6084,-4716,-54,566,-1187,30,2564,279,-41,2,176,19389,59,34,79,16,0,0,0,0,0,0,0,-32286,0,0,0,0,0,2766330,0
2722086,6030,-4656,62,650,-1235,-38,2626,277,-41,0,176,19389,59,34,79,16,0,0,0,0,0,0,0,-32286,0,0,0,0,0,2766340,0
2722091,6168,-4566,40,739,-1236,-81,2689,278,-34,0,192,19392,67,34,79,16,0,0,0,0,0,0,0,-32286,0,0,0,0,0,2766350,0
2722096,6500,-4488,-50,860,-1275,-114,2753,285,-8,7,192,19392,67,34,79,16,0,0,0,0,0,0,0,-32286,0,0,0,0,0,2766360,0
2722101,6536,-4522,-4,887,-1271,-83,2815,271,-6,9,152,19391,60,34,79,16,0,0,0,0,0,0,0,-32286,0,0,0,0,0,2766370,0
2722106,6582,-4228,124,899,-1292,-93,2871,246,-13,2,136,19391,60,34,79,16,0,0,0,0,0,0,0,-32286,0,0,0,0,0,2766380,0
2722111,7044,-4054,110,938,-1253,-104,2926,236,-28,-9,136,19393,66,34,79,16,0,0,0,0,0,0,0,-32286,0,0,0,0,0,2766390,0
2722116,7164,-3670,304,986,-1224,-58,2981,229,-37,0,128,19393,66,34,79,16,0,0,0,0,0,0,0,-32286,0,0,0,0,0,2766400,0
2722121,7356,-3402,328,1005,-1172,-76,3032,222,-42,-5,136,19394,59,34,79,16,0,0,0,0,0,0,0,-32286,0,0,0,0,0,2766409,0
2722126,7612,-3360,258,1072,-1134,-24,3086,235,-24,-4,144,19394,59,34,79,16,0,0,0,0,0,0,0,-32286,0,0,0,0,0,2766419,0
2722131,7520,-3002,378,1143,-1151,-52,3145,252,0,6,152,19393,67,34,79,16,0,0,0,0,0,0,0,-32286,0,0,0,0,0,2766429,0
2722136,8044,-2696,322,1116,-1024,-41,3208,279,22,1,200,19393,67,34,79,16,0,0,0,0,0,0,0,-32287,0,0,0,0,0,2766439,0
2722141,7948,-2526,526,1076,-970,-1,3273,290,49,10,192,19390,66,34,79,16,0,0,0,0,0,0,0,-32286,0,0,0,0,0,2766449,0
2722146,7976,-2336,630,1031,-931,-36,3338,292,48,2,208,19390,66,34,79,16,0,0,0,0,0,0,0,-32286,0,0,0,0,0,2766459,0
2722151,8112,-2324,608,1047,-858,-56,3406,300,42,5,216,19390,66,34,79,16,0,0,0,0,0,0,0,-32286,0,0,0,0,0,2766469,0
2722156,8200,-2204,562,1019,-735,-64,3473,293,25,1,200,19390,66,34,79,16,0,0,0,0,0,0,0,-32286,0,0,0,0,0,2766479,0
2722161,8182,-2288,546,995,-670,-50,3544,310,21,4,232,19391,69,34,79,16,0,0,0,0,0,0,0,-32286,0,0,0,0,0,2766489,0
2722166,7892,-2298,578,941,-629,-51,3619,335,24,-1,280,19391,69,34,79,16,0,0,0,0,0,0,0,-32286,0,0,0,0,0,2766499,0
2722171,7764,-2408,482,899,-587,-50,3702,368,43,-5,328,19391,66,34,79,16,0,0,0,0,0,0,0,-32286,0,0,0,0,0,2766509,0
2722176,7244,-2656,254,825,-553,0,3786,368,63,-2,328,19391,66,34,79,16,0,0,0,0,0,0,0,-32286,0,0,0,0,0,2766519,0
2722181,7156,-2916,68,814,-553,45,3876,386,75,-3,368,19389,61,33,79,16,0,0,0,0,0,0,0,-32286,0,0,0,0,0,2766529,0
2722186,6864,-2886,18,812,-597,50,3965,399,58,-5,416,19389,61,33,79,16,0,0,0,0,0,0,0,-32286,0,0,0,0,0,2766539,0
2722191,6878,-2916,-96,847,-636,69,4063,433,57,-16,512,19388,71,34,79,16,0,0,0,0,0,0,0,-32286,0,0,0,0,0,2766549,0
2722196,6694,-2912,-170,923,-781,99,4167,457,62,-4,552,19388,71,34,79,16,0,0,0,0,0,0,0,-32286,0,0,0,0,0,2766559,0
2722201,6630,-2802,-186,914,-839,113,4274,468,76,7,584,19391,75,34,79,16,0,0,0,0,0,0,0,-32286,0,0,0,0,0,2766569,0
2722206,6768,-2676,-272,917,-914,111,4380,471,73,5,576,19391,75,34,79,16,0,0,0,0,0,0,0,-32286,0,0,0,0,0,2766579,0
2722211,6732,-2540,-218,909,-959,88,4486,473,46,-2,584,19392,80,34,79,16,0,0,0,0,0,0,0,-32286,0,0,0,0,0,2766589,0
2722216,7630,-2048,-80,806,-1010,85,4598,486,28,0,616,19392,80,34,79,16,0,0,0,0,0,0,0,-32286,0,0,0,0,0,2766599,0
2722221,6820,-2642,-24,746,-983,78,4703,463,12,10,528,19392,69,34,79,16,0,0,0,0,0,0,0,-32286,0,0,0,0,0,2766609,0
2722226,7146,-3172,128,817,-1025,96,4802,433,-5,0,472,19392,69,34,79,16,0,0,0,0,0,0,0,-32286,0,0,0,0,0,2766619,0
2722231,7270,-2914,290,797,-996,112,4900,415,-40,-6,456,19393,67,34,79,16,0,0,0,0,0,0,0,-32286,0,0,0,0,0,2766629,0
2722236,7702,-2860,888,588,-726,137,4993,412,-62,-3,448,19393,67,34,79,16,0,0,0,0,0,0,0,-32286,0,0,0,0,0,2766641,0
2722241,7724,-3174,1016,638,-596,149,5083,396,-59,8,368,19391,63,34,79,16,0,0,0,0,0,0,0,-32286,0,0,0,0,0,2766651,0
2722246,7554,-3166,1160,766,-509,126,5166,359,-62,15,296,19391,63,34,79,16,0,0,0,0,0,0,0,-32286,0,0,0,0,0,2766661,0
2722251,7730,-3106,994,911,-466,111,5243,340,-61,11,248,19389,69,34,79,16,0,0,0,0,0,0,0,-32286,0,0,0,0,0,2766671,0
2722256,7692,-2840,710,984,-344,89,5314,306,-75,4,208,19389,69,34,79,16,0,0,0,0,0,0,0,-32286,0,0,0,0,0,2766681,0
2722261,7822,-2726,518,981,-275,106,5382,291,-89,1,192,19389,70,34,79,16,0,0,0,0,0,0,0,-32286,0,0,0,0,0,2766691,0
2722266,7692,-2664,460,928,-215,121,5445,277,-82,-2,160,19389,70,34,79,16,0,0,0,0,0,0,0,-32286,0,0,0,0,0,2766701,0
2722271,7564,-2630,362,879,-201,106,5505,267,-64,-3,160,19390,72,34,79,16,0,0,0,0,0,0,0,-32286,0,0,0,0,0,2766711,0
2722276,7436,-2582,210,845,-140,116,5561,240,-62,0,112,19390,72,34,79,16,0,0,0,0,0,0,0,-32286,0,0,0,0,0,2766721,0
2722281,7534,-2622,30,830,-161,106,5612,222,-60,-4,112,19391,69,34,79,16,0,0,0,0,0,0,0,-32286,0,0,0,0,0,2766731,0
2722286,7464,-2380,44,835,-143,74,5662,218,-54,-8,112,19391,69,34,79,16,0,0,0,0,0,0,0,-32286,0,0,0,0,0,2766741,0
2722291,7492,-2404,22,816,-125,95,5708,199,-54,0,96,19391,60,34,79,16,0,0,0,0,0,0,0,-32286,0,0,0,0,0,2766751,0
2722296,7436,-2254,36,772,-147,56,5751,178,-50,0,88,19391,60,34,79,16,0,0,0,0,0,0,0,-32286,0,0,0,0,0,2766761,0
2722301,7424,-2308,26,783,-172,51,5795,194,-39,-4,104,19391,52,34,79,16,0,0,0,0,0,0,0,-32286,0,0,0,0,0,2766771,0
2722306,7300,-2148,116,766,-161,35,5841,199,-23,6,96,19391,52,34,79,16,0,0,0,0,0,0,0,-32286,0,0,0,0,0,2766781,0
2722311,7362,-2296,86,749,-188,68,5889,213,1,1,120,19390,60,34,79,16,0,0,0,0,0,0,0,-32286,0,0,0,0,0,2766791,0
2722316,7366,-2244,104,751,-203,43,5940,229,19,0,136,19390,60,34,79,16,0,0,0,0,0,0,0,-32286,0,0,0,0,0,2766801,0
2722321,7182,-2254,228,751,-232,57,5995,237,42,6,128,19389,62,34,79,16,0,0,0,0,0,0,0,-32286,0,0,0,0,0,2766810,0
2722326,7154,-2076,266,736,-219,33,6048,241,36,0,128,19389,62,34,79,16,0,0,0,0,0,0,0,-32286,0,0,0,0,0,2766820,0
2722331,7292,-2202,228,739,-212,62,6101,242,30,-5,144,19389,70,34,79,16,0,0,0,0,0,0,0,-32287,0,0,0,0,0,2766830,0
2722336,7190,-2116,372,751,-186,37,6156,233,14,0,136,19389,70,34,79,16,0,0,0,0,0,0,0,-32287,0,0,0,0,0,2766840,0
2722341,7286,-2248,318,767,-156,54,6211,233,1,2,136,19388,69,34,79,16,0,0,0,0,0,0,0,-32286,0,0,0,0,0,2766850,0
2722346,7230,-2302,288,847,-217,32,6268,260,7,0,168,19388,69,34,79,16,0,0,0,0,0,0,0,-32286,0,0,0,0,0,2766860,0
2722351,7220,-2226,376,854,-185,-4,6329,271,20,-2,200,19389,61,34,79,16,0,0,0,0,0,0,0,-32286,0,0,0,0,0,2766870,0
2722356,7338,-2424,118,897,-182,6,6400,317,42,0,272,19389,61,34,79,16,0,0,0,0,0,0,0,-32286,0,0,0,0,0,2766880,0
2722361,7244,-2488,134,915,-203,14,6479,341,76,4,280,19389,68,34,79,16,0,0,0,0,0,0,0,-32286,0,0,0,0,0,2766890,0
2722366,7326,-2540,44,951,-213,2,6559,357,91,1,328,19389,68,34,79,16,0,0,0,0,0,0,0,-32286,0,0,0,0,0,2766900,0
2722371,7330,-2580,-38,993,-218,18,6642,363,82,0,320,19388,71,34,79,16,0,0,0,0,0,0,0,-32286,0,0,0,0,0,2766910,0
2722376,7458,-2468,-114,1025,-258,-11,6729,392,68,-3,384,19388,71,34,79,16,0,0,0,0,0,0,0,-32285,0,0,0,0,0,2766920,0
2722381,7574,-2374,-134,1072,-281,-30,6823,419,56,-14,472,19388,74,34,79,16,0,0,0,0,0,0,0,-32286,0,0,0,0,0,2766930,0
2722386,7596,-2378,-132,1135,-307,-47,6923,439,72,-13,504,19388,74,34,79,16,0,0,0,0,0,0,0,-32286,0,0,0,0,0,2766939,0
2722391,7504,-2328,-74,1097,-335,-51,7024,444,73,0,496,19389,69,34,79,16,0,0,0,0,0,0,0,-32286,0,0,0,0,0,2766949,0
2722396,7706,-2250,-182,1042,-296,-94,7126,444,61,2,504,19389,69,34,79,16,0,0,0,0,0,0,0,-32286,0,0,0,0,0,2766959,0
2722401,7712,-2218,-86,1023,-322,-147,7230,464,38,-8,592,19390,64,34,79,16,0,0,0,0,0,0,0,-32286,0,0,0,0,0,2766969,0
2722406,7760,-2460,-130,1034,-304,-171,7339,484,30,0,624,19390,64,34,79,16,0,0,0,0,0,0,0,-32286,0,0,0,0,0,2766979,0
2722411,7692,-2662,-132,1055,-313,-182,7448,475,28,15,576,19391,56,34,79,16,0,0,0,0,0,0,0,-32286,0,0,0,0,0,2766989,0
2722416,7738,-2722,-126,1079,-309,-216,7553,465,22,4,536,19391,56,34,79,16,0,0,0,0,0,0,0,-32286,0,0,0,0,0,2766999,0
2722421,7730,-2720,-92,1097,-313,-225,7659,465,15,-2,552,19392,56,33,79,16,0,0,0,0,0,0,0,-32286,0,0,0,0,0,2767009,0
2722426,7896,-2708,-110,1161,-321,-242,7770,488,0,-4,608,19392,56,33,79,16,0,0,0,0,0,0,0,-32286,0,0,0,0,0,2767019,0
2722431,7820,-2714,-146,1217,-333,-244,7878,477,2,3,576,19391,54,33,79,16,0,0,0,0,0,0,0,-32286,0,0,0,0,0,2767029,0
2722436,7890,-2532,-198,1248,-337,-230,7985,475,10,4,576,19391,54,33,79,16,0,0,0,0,0,0,0,-32286,0,0,0,0,0,2767039,0
2722441,7836,-2320,-174,1225,-309,-224,8091,461,0,0,536,19391,61,34,79,16,0,0,0,0,0,0,0,-32286,0,0,0,0,0,2767049,0
2722446,7836,-2308,-192,1240,-323,-222,8196,464,-10,-1,544,19391,61,34,79,16,0,0,0,0,0,0,0,-32286,0,0,0,0,0,2767059,0
2722451,7918,-2250,-216,1272,-309,-220,8302,465,-12,5,528,19390,61,34,79,16,0,0,0,0,0,0,0,-32286,0,0,0,0,0,2767069,0
2722456,7994,-1860,-246,1251,-304,-212,8404,447,-19,0,512,19390,61,34,79,16,0,0,0,0,0,0,0,-32286,0,0,0,0,0,2767079,0
2722461,7990,-1796,-224,1213,-277,-193,8501,424,-23,0,432,19393,70,34,79,16,0,0,0,0,0,0,0,-32286,0,0,0,0,0,2767089,0
2722466,8024,-1758,-196,1175,-267,-189,8595,416,-34,0,424,19393,70,34,79,16,0,0,0,0,0,0,0,-32286,0,0,0,0,0,2767099,0
2722471,8186,-1710,-218,1170,-263,-185,8691,416,-43,-3,432,19391,60,34,79,16,0,0,0,0,0,0,0,-32286,0,0,0,0,0,2767109,0
2722476,8460,-1458,-226,1204,-261,-181,8783,404,-36,0,416,19391,60,34,79,16,0,0,0,0,0,0,0,-32286,0,0,0,0,0,2767119,0
2722481,8508,-1226,-156,1146,-277,-186,8872,392,-28,2,376,19388,64,34,79,16,0,0,0,0,0,0,0,-32286,0,0,0,0,0,2767129,0
2722486,8934,-1204,-226,1085,-200,-154,8958,376,-34,12,320,19388,64,34,79,16,0,0,0,0,0,0,0,-32286,0,0,0,0,0,2767139,0
2722491,8728,-970,-70,1004,-145,-157,9042,371,-41,4,328,19384,58,34,79,16,0,0,0,0,0,0,0,-32286,0,0,0,0,0,2767149,0
2722496,9054,-1100,-172,1009,-120,-183,9126,377,-37,-3,344,19384,58,34,79,16,0,0,0,0,0,0,0,-32286,0,0,0,0,0,2767159,0
2722501,9344,-1136,-118,1099,-87,-170,9214,385,-16,-4,352,19384,64,34,79,16,0,0,0,0,0,0,0,-32286,0,0,0,0,0,2767169,0
2722506,9302,-1016,-46,1079,-63,-176,9302,382,1,0,360,19384,64,34,79,16,0,0,0,0,0,0,0,-32286,0,0,0,0,0,2767179,0
2722511,9490,-998,-138,1017,-36,-178,9387,379,15,0,328,19385,69,34,79,16,0,0,0,0,0,0,0,-32286,0,0,0,0,0,2767188,0
2722516,9736,-932,-92,881,105,-209,9472,376,5,-1,352,19385,69,34,79,16,0,0,0,0,0,0,0,-32286,0,0,0,0,0,2767198,0
2722521,9632,-948,-270,843,209,-265,9563,394,-2,-18,424,19388,73,34,79,16,0,0,0,0,0,0,0,-32286,0,0,0,0,0,2767208,0
2722526,9326,-1630,-910,833,102,-304,9661,428,22,-12,480,19388,73,34,79,16,0,0,0,0,0,0,0,-32286,0,0,0,0,0,2767218,0
2722531,9636,-2020,-1142,887,24,-320,9756,427,49,0,480,19389,71,34,79,16,0,0,0,0,0,0,0,-32286,0,0,0,0,0,2767223,0
2722536,9758,-2382,-898,969,-35,-381,9856,436,54,-5,504,19389,71,34,79,16,0,0,0,0,0,0,0,-32286,0,0,0,0,0,2767234,0
2722541,9800,-2470,-816,1023,-94,-438,9958,453,43,-10,584,19391,63,34,79,16,0,0,0,0,0,0,0,-32286,0,0,0,0,0,2767239,0
2722546,9968,-2456,-688,1112,-116,-494,10068,479,50,-6,640,19391,63,34,79,16,0,0,0,0,0,0,0,-32286,0,0,0,0,0,2767254,0
2722551,9870,-2582,-574,1174,-151,-501,10177,477,47,7,608,19391,58,34,79,16,0,0,0,0,0,0,0,-32286,0,0,0,0,0,2767259,0
2722556,10012,-2170,-242,1161,-170,-553,10283,467,44,9,552,19391,58,34,79,16,0,0,0,0,0,0,0,-32286,0,0,0,0,0,2767274,0
2722561,9900,-1984,-58,1094,-139,-554,10389,460,15,0,552,19389,59,33,79,16,0,0,0,0,0,0,0,-32286,0,0,0,0,0,2767279,0
2722566,9742,-1732,32,995,-161,-538,10487,438,-16,-2,496,19389,59,33,79,16,0,0,0,0,0,0,0,-32287,0,0,0,0,0,2767294,0
2722571,9638,-1358,0,793,-205,-514,10580,402,-42,13,392,19389,62,33,79,16,0,0,0,0,0,0,0,-32286,0,0,0,0,0,2767299,0
2722576,9376,-702,2,226,-278,-456,10662,357,-80,22,280,19389,62,33,79,16,0,0,0,0,0,0,0,-32286,0,0,0,0,0,2767313,0
2722581,9488,-738,268,49,-222,-425,10734,313,-104,17,200,19390,55,34,79,16,0,0,0,0,0,0,0,-32286,0,0,0,0,0,2767318,0
2722586,9252,-750,582,-80,-236,-415,10797,273,-136,5,144,19390,55,34,79,16,0,0,0,0,0,0,0,-32286,0,0,0,0,0,2767333,0
2722591,9470,-914,676,-183,-223,-409,10849,230,-151,-8,120,19390,53,34,79,16,0,0,0,0,0,0,0,-32286,0,0,0,0,0,2767338,0
2722596,9648,-1224,938,-312,-75,-455,10890,181,-147,-6,64,19390,53,34,79,16,0,0,0,0,0,0,0,-32286,0,0,0,0,0,2767353,0
2722601,9814,-1452,968,-307,-13,-500,10926,156,-146,-6,48,19392,60,33,79,16,0,0,0,0,0,0,0,-32286,0,0,0,0,0,2767358,0
2722606,9974,-1810,896,-339,95,-513,10953,110,-135,-2,32,19392,60,33,79,16,0,0,0,0,0,0,0,-32286,0,0,0,0,0,2767373,0
2722611,10066,-1918,842,-372,168,-574,10972,74,-130,-1,32,19394,63,33,79,16,0,0,0,0,0,0,0,-32286,0,0,0,0,0,2767378,0
2722616,10094,-2522,708,-410,301,-663,10984,46,-123,1,8,19394,63,33,79,16,0,0,0,0,0,0,0,-32286,0,0,0,0,0,2767393,0
2722621,10130,-2884,760,-409,329,-730,10984,-3,-125,4,0,19395,67,34,79,16,0,0,0,0,0,0,0,-32286,0,0,0,0,0,2767398,0
2722626,10094,-3230,616,-433,333,-744,10982,-12,-122,-1,0,19395,67,34,79,16,0,0,0,0,0,0,0,-32286,0,0,0,0,0,2767413,0
2722631,9758,-3490,702,-532,359,-748,10983,-1,-89,-1,0,19398,66,34,79,16,0,0,0,0,0,0,0,-32286,0,0,0,0,0,2767418,0
2722636,9224,-4272,866,-828,441,-690,10981,-4,-53,0,0,19398,66,34,79,16,0,0,0,0,0,0,0,-32286,0,0,0,0,0,2767433,0
2722641,8910,-4792,984,-948,450,-653,10982,-5,-16,0,-8,19396,75,34,79,16,0,0,0,0,0,0,0,-32286,0,0,0,0,0,2767438,0
2722646,8704,-5346,1124,-1021,450,-630,10982,-1,2,-1,0,19396,75,34,79,16,0,0,0,0,0,0,0,-32286,0,0,0,0,0,2767453,0
2722651,8406,-5754,1268,-1019,463,-609,10981,-2,5,-2,0,19394,70,34,79,16,0,0,0,0,0,0,0,-32286,0,0,0,0,0,2767458,0
2722656,7630,-6630,1360,-980,532,-571,10982,-1,3,-1,0,19394,70,34,79,16,0,0,0,0,0,0,0,-32286,0,0,0,0,0,2767473,0
2722661,6892,-6910,1510,-925,552,-561,10982,7,1,-1,0,19391,69,34,79,16,0,0,0,0,0,0,0,-32286,0,0,0,0,0,2767478,0
2722666,6620,-7402,1540,-939,537,-516,10982,4,1,0,-8,19391,69,34,79,16,0,0,0,0,0,0,0,-32286,0,0,0,0,0,2767493,0
2722671,6116,-7826,1612,-925,588,-466,10980,3,0,-1,0,19389,70,34,79,16,0,0,0,0,0,0,0,-32286,0,0,0,0,0,2767498,0
2722676,4994,-8564,1646,-648,475,-367,10980,-5,-1,0,-8,19389,70,34,79,16,0,0,0,0,0,0,0,-32286,0,0,0,0,0,2767513,0
2722681,5846,-6902,2576,494,291,-915,10974,-31,-7,4,-32,19390,69,34,79,16,0,0,0,0,0,0,0,-32286,0,0,0,0,0,2767518,0
2722686,6028,-9364,2430,2031,234,-1054,10950,-117,-50,10,-72,19390,69,34,79,16,0,0,0,0,0,0,0,-32286,0,0,0,0,0,2767532,0
2722691,3872,-9036,748,3005,-590,-1039,10900,-231,-130,16,-208,19388,70,34,79,16,0,0,0,0,0,0,0,-32286,0,0,0,0,0,2767537,0
2722696,4984,-5060,1376,1457,186,-857,10824,-354,-245,21,-448,19388,70,34,79,16,0,0,0,0,0,0,0,-32286,0,0,0,0,0,2767552,0
2722701,5424,-5674,1000,744,229,-726,10706,-528,-364,47,-944,19387,73,34,79,16,0,0,0,0,0,0,0,-32286,0,0,0,0,0,2767557,0
2722706,4604,-6818,1298,397,531,-542,10547,-724,-469,31,-1432,19387,73,34,79,16,0,0,0,0,0,0,0,-32286,0,0,0,0,0,2767572,0
2722711,3906,-8272,980,609,263,-442,10338,-932,-570,16,-1904,19389,67,34,79,16,0,0,0,0,0,0,0,-32286,0,0,0,0,0,2767577,0
2722716,4436,-7212,1156,994,236,-134,10080,-1153,-646,16,-2424,19389,67,34,79,16,0,0,0,0,0,0,0,-32286,0,0,0,0,0,2767592,0
2722721,5082,-6582,1186,530,335,172,9773,-1372,-715,15,-2888,19390,73,34,79,16,0,0,0,0,0,0,0,-32286,0,0,0,0,0,2767597,0
2722726,4134,-6414,1356,-26,623,447,9421,-1568,-740,-3,-3272,19390,73,34,79,16,0,0,0,0,0,0,0,-32286,0,0,0,0,0,2767612,0
2722731,4330,-7346,642,-71,374,640,9027,-1761,-729,-5,-3664,19392,69,34,79,16,0,0,0,0,0,0,0,-32286,0,0,0,0,0,2767617,0
2722736,5080,-5804,552,278,58,931,8589,-1933,-706,-9,-3976,19392,69,34,79,16,0,0,0,0,0,0,0,-32286,0,0,0,0,0,2767632,0
2722741,5646,-4732,502,129,-5,1044,8119,-2085,-657,-24,-4256,19391,74,34,79,16,0,0,0,0,0,0,0,-32286,0,0,0,0,0,2767637,0
2722746,5938,-3976,400,-214,6,1164,7623,-2188,-596,-21,-4432,19391,74,34,79,16,0,0,0,0,0,0,0,-32286,0,0,0,0,0,2767652,0
2722751,6302,-3126,478,-487,-56,1190,7105,-2273,-513,-18,-4576,19390,80,34,79,16,0,0,0,0,0,0,0,-32286,0,0,0,0,0,2767657,0
2722756,7078,-2542,526,-687,-137,1229,6580,-2317,-405,-8,-4664,19390,80,34,79,16,0,0,0,0,0,0,0,-32286,0,0,0,0,0,2767672,0
2722761,7704,-2110,666,-774,-191,1191,6051,-2329,-293,-1,-4680,19391,87,34,79,16,0,0,0,0,0,0,0,-32286,0,0,0,0,0,2767677,0
2722766,8222,-1722,894,-855,-221,1139,5523,-2326,-164,1,-4664,19391,87,34,79,16,0,0,0,0,0,0,0,-32286,0,0,0,0,0,2767695,0
2722771,8530,-1588,850,-955,-271,1089,4995,-2319,-81,-4,-4624,19390,88,34,79,16,0,0,0,0,0,0,0,-32286,0,0,0,0,0,2767700,0
2722776,9600,-1070,1216,-1056,-378,888,4471,-2293,-16,-15,-4528,19390,88,34,79,16,0,0,0,0,0,0,0,-32286,0,0,0,0,0,2767712,0
2722781,9884,-1086,1604,-965,-422,722,3954,-2271,24,-14,-4448,19388,101,34,79,16,0,0,0,0,0,0,0,-32286,0,0,0,0,0,2767717,0
2722786,10088,-1066,1634,-840,-546,551,3448,-2218,61,-12,-4320,19388,101,34,79,16,0,0,0,0,0,0,0,-32286,0,0,0,0,0,2767732,0
2722791,10442,-900,1488,-755,-605,409,2958,-2149,113,1,-4192,19388,92,34,79,16,0,0,0,0,0,0,0,-32286,0,0,0,0,0,2767737,0
2722796,10840,-778,2302,-956,-267,205,2487,-2071,168,7,-4032,19388,92,34,79,16,0,0,0,0,0,0,0,-32286,0,0,0,0,0,2767752,0
2722801,10526,-1194,2528,-1054,-91,138,2032,-1992,219,11,-3904,19389,89,34,79,16,0,0,0,0,0,0,0,-32286,0,0,0,0,0,2767757,0
2722806,10460,-1818,2414,-1017,62,100,1590,-1938,244,10,-3792,19389,89,34,79,16,0,0,0,0,0,0,0,-32286,0,0,0,0,0,2767772,0
2722811,10334,-2190,2470,-926,243,73,1161,-1879,234,-4,-3664,19390,82,34,79,16,0,0,0,0,0,0,0,-32286,0,0,0,0,0,2767777,0
2722816,9812,-2276,2840,-906,771,31,744,-1833,215,-12,-3520,19390,82,34,79,16,0,0,0,0,0,0,0,-32286,0,0,0,0,0,2767792,0
2722821,9370,-2494,2552,-953,979,17,336,-1788,197,-18,-3392,19390,75,34,79,16,0,0,0,0,0,0,0,-32286,0,0,0,0,0,2767797,0
2722826,9202,-2964,2180,-953,1162,53,-56,-1725,183,-21,-3216,19390,75,34,79,16,0,0,0,0,0,0,0,-32286,0,0,0,0,0,2767812,0
2722831,8544,-2888,2046,-889,1285,47,-431,-1651,192,-12,-3048,19388,74,34,79,16,0,0,0,0,0,0,0,-32286,0,0,0,0,0,2767817,0
2722836,7896,-3224,1336,-718,1396,58,-788,-1559,218,-4,-2840,19388,74,34,79,16,0,0,0,0,0,0,0,-32286,0,0,0,0,0,2767832,0
2722841,7410,-2972,1064,-694,1442,61,-1125,-1473,252,2,-2672,19389,70,34,79,16,0,0,0,0,0,0,0,-32286,0,0,0,0,0,2767837,0
2722846,7262,-2966,680,-740,1464,95,-1443,-1392,275,3,-2504,19389,70,34,79,16,0,0,0,0,0,0,0,-32286,0,0,0,0,0,2767851,0
2722851,6968,-2970,474,-761,1468,110,-1742,-1302,294,-1,-2328,19388,71,34,79,16,0,0,0,0,0,0,0,-32286,0,0,0,0,0,2767856,0
2722856,6468,-3050,-22,-740,1295,151,-2019,-1217,297,0,-2152,19388,71,34,79,16,0,0,0,0,0,0,0,-32286,0,0,0,0,0,2767871,0
2722861,6334,-2912,-268,-729,1176,163,-2283,-1147,294,4,-2008,19388,72,34,79,16,0,0,0,0,0,0,0,-32286,0,0,0,0,0,2767876,0
2722866,6298,-2782,-182,-701,1036,160,-2527,-1074,279,-1,-1864,19388,72,34,79,16,0,0,0,0,0,0,0,-32286,0,0,0,0,0,2767891,0
2722871,6304,-2722,-318,-692,890,171,-2760,-1023,262,7,-1760,19387,75,34,79,16,0,0,0,0,0,0,0,-32285,0,0,0,0,0,2767896,0
2722876,6288,-2554,-210,-797,615,220,-2979,-962,240,1,-1616,19387,75,34,79,16,0,0,0,0,0,0,0,-32286,0,0,0,0,0,2767911,0
2722881,6262,-2416,-94,-929,555,259,-3188,-915,209,-5,-1512,19389,73,34,79,16,0,0,0,0,0,0,0,-32286,0,0,0,0,0,2767916,0
2722886,6308,-2322,176,-999,527,260,-3385,-858,191,-5,-1376,19389,73,34,79,16,0,0,0,0,0,0,0,-32286,0,0,0,0,0,2767931,0
2722891,6440,-2602,364,-1021,509,305,-3572,-813,179,-3,-1320,19389,70,34,79,16,0,0,0,0,0,0,0,-32286,0,0,0,0,0,2767936,0
2722896,6570,-2582,916,-955,490,305,-3747,-766,175,-4,-1176,19389,70,34,79,16,0,0,0,0,0,0,0,-32286,0,0,0,0,0,2767951,0
2722901,6720,-2534,1028,-933,549,334,-3909,-699,175,-9,-1024,19390,71,34,79,16,0,0,0,0,0,0,0,-32286,0,0,0,0,0,2767956,0
2722906,6686,-2388,1232,-949,543,335,-4062,-671,179,0,-936,19390,71,34,79,16,0,0,0,0,0,0,0,-32286,0,0,0,0,0,2767971,0
2722911,6808,-2344,1276,-929,602,323,-4199,-604,175,-4,-800,19390,74,34,79,16,0,0,0,0,0,0,0,-32286,0,0,0,0,0,2767976,0
2722916,6808,-2186,1428,-848,668,287,-4322,-538,189,-1,-656,19390,74,34,79,16,0,0,0,0,0,0,0,-32286,0,0,0,0,0,2767991,0
2722921,6734,-1944,1464,-793,686,229,-4437,-496,198,12,-576,19389,69,34,79,16,0,0,0,0,0,0,0,-32286,0,0,0,0,0,2767996,0
2722926,6856,-2044,1260,-748,725,213,-4539,-448,181,3,-448,19389,69,34,79,16,0,0,0,0,0,0,0,-32286,0,0,0,0,0,2768011,0
2722931,6610,-1880,1224,-713,722,143,-4629,-381,188,-1,-320,19390,59,34,79,16,0,0,0,0,0,0,0,-32286,0,0,0,0,0,2768016,0
2722936,6498,-1984,1084,-685,777,100,-4703,-330,190,-9,-200,19390,59,34,79,16,0,0,0,0,0,0,0,-32286,0,0,0,0,0,2768031,0
2722941,6430,-2118,946,-682,766,99,-4754,-281,193,1,-176,19391,62,34,79,16,0,0,0,0,0,0,0,-32286,0,0,0,0,0,2768036,0
2722946,6260,-2094,816,-654,746,87,-4812,-254,184,10,-128,19391,62,34,79,16,0,0,0,0,0,0,0,-32286,0,0,0,0,0,2768051,0
2722951,6276,-2042,664,-630,723,60,-4860,-208,174,2,-88,19394,65,34,79,16,0,0,0,0,0,0,0,-32286,0,0,0,0,0,2768056,0
2722956,6072,-1952,546,-588,654,66,-4896,-158,154,7,-56,19394,65,34,79,16,0,0,0,0,0,0,0,-32286,0,0,0,0,0,2768071,0
2722961,6132,-2062,456,-602,637,100,-4921,-99,158,3,-40,19395,69,34,79,16,0,0,0,0,0,0,0,-32286,0,0,0,0,0,2768076,0
2722966,5938,-1978,422,-644,615,133,-4944,-99,147,3,-40,19395,69,34,79,16,0,0,0,0,0,0,0,-32286,0,0,0,0,0,2768091,0
2722971,5976,-1854,392,-651,554,110,-4957,-57,137,-4,-16,19400,78,34,79,16,0,0,0,0,0,0,0,-32286,0,0,0,0,0,2768096,0
2722976,6004,-1832,282,-655,473,156,-4959,5,126,-5,0,19400,78,34,79,16,0,0,0,0,0,0,0,-32286,0,0,0,0,0,2768111,0
2722981,5876,-1668,366,-725,431,163,-4956,8,120,2,0,19396,75,34,79,16,0,0,0,0,0,0,0,-32286,0,0,0,0,0,2768116,0
2722986,6068,-1724,378,-756,421,174,-4956,0,98,1,0,19396,75,34,79,16,0,0,0,0,0,0,0,-32286,0,0,0,0,0,2768131,0
2722991,6016,-1698,448,-748,391,176,-4958,2,61,0,-8,19394,73,34,79,16,0,0,0,0,0,0,0,-32286,0,0,0,0,0,2768136,0
2722996,6188,-1476,626,-740,403,161,-4956,-4,21,0,0,19394,73,34,79,16,0,0,0,0,0,0,0,-32286,0,0,0,0,0,2768151,0
2723001,6248,-1418,712,-722,428,135,-4956,3,-3,0,0,19388,62,34,79,16,0,0,0,0,0,0,0,-32286,0,0,0,0,0,2768156,0
2723006,6290,-1424,760,-707,448,108,-4956,1,-4,0,-8,19388,62,34,79,16,0,0,0,0,0,0,0,-32286,0,0,0,0,0,2768170,0
2723011,6356,-1326,756,-708,474,99,-4957,-3,-2,1,-8,19388,56,34,79,16,0,0,0,0,0,0,0,-32286,0,0,0,0,0,2768175,0
2723016,6424,-1204,802,-766,539,69,-4957,-5,1,1,-8,19388,56,34,79,16,0,0,0,0,0,0,0,-32286,0,0,0,0,0,2768190,0
2723021,6488,-1292,794,-768,580,51,-4956,12,0,0,-8,19388,55,34,79,16,0,0,0,0,0,0,0,-32285,0,0,0,0,0,2768196,0
2723026,6396,-1290,770,-764,573,42,-4957,-2,-3,0,-8,19388,55,34,79,16,0,0,0,0,0,0,0,-32286,0,0,0,0,0,2768210,0
2723031,6346,-1296,638,-776,580,53,-4956,-3,5,0,0,19390,58,34,79,16,0,0,0,0,0,0,0,-32286,0,0,0,0,0,2768215,0
2723036,6040,-1314,462,-1129,705,156,-4956,2,2,-1,0,19390,58,34,79,16,0,0,0,0,0,0,0,-32286,0,0,0,0,0,2768230,0
2723041,6024,-1518,560,-1176,729,165,-4953,10,3,0,0,19391,57,34,79,16,0,0,0,0,0,0,0,-32286,0,0,0,0,0,2768235,0
2723046,6152,-1848,714,-974,643,133,-4952,9,5,0,0,19391,57,34,79,16,0,0,0,0,0,0,0,-32286,0,0,0,0,0,2768250,0
2723051,6166,-2198,698,-763,502,108,-4951,0,6,2,-8,19392,54,34,79,16,0,0,0,0,0,0,0,-32286,0,0,0,0,0,2768255,0
2723056,6420,-1884,590,-729,362,138,-4951,-3,0,1,-8,19392,54,34,79,16,0,0,0,0,0,0,0,-32286,0,0,0,0,0,2768270,0
2723061,6518,-1674,408,-889,300,167,-4951,-1,-7,0,0,19392,58,34,79,16,0,0,0,0,0,0,0,-32286,0,0,0,0,0,2768275,0
2723066,6662,-1768,442,-985,241,178,-4950,5,-7,0,0,19392,58,34,79,16,0,0,0,0,0,0,0,-32286,0,0,0,0,0,2768290,0
2723071,6890,-2058,700,-985,248,188,-4950,5,-2,0,0,19391,69,34,79,16,0,0,0,0,0,0,0,-32286,0,0,0,0,0,2768295,0
2723076,7224,-2410,1092,-881,208,201,-4949,7,1,0,0,19391,69,34,79,16,0,0,0,0,0,0,0,-32286,0,0,0,0,0,2768310,0
2723081,7352,-2466,1232,-856,193,200,-4949,5,4,0,-8,19390,74,34,79,16,0,0,0,0,0,0,0,-32286,0,0,0,0,0,2768315,0
2723086,7618,-2580,1398,-831,216,208,-4949,-2,3,0,0,19390,74,34,79,16,0,0,0,0,0,0,0,-32286,0,0,0,0,0,2768330,0
2723091,7744,-2632,1538,-810,236,214,-4948,4,-5,0,-8,19390,72,34,79,16,0,0,0,0,0,0,0,-32286,0,0,0,0,0,2768335,0
2723096,8022,-2760,1688,-759,279,223,-4947,6,-3,0,-8,19390,72,34,79,16,0,0,0,0,0,0,0,-32286,0,0,0,0,0,2768350,0
2723101,8012,-2722,1802,-749,332,221,-4948,-3,-5,-1,0,19390,64,34,79,16,0,0,0,0,0,0,0,-32286,0,0,0,0,0,2768362,0
2723106,8098,-2732,1846,-752,402,232,-4949,-6,-6,0,0,19390,64,34,79,16,0,0,0,0,0,0,0,-32286,0,0,0,0,0,2768370,0
2723111,8088,-2742,1854,-754,455,239,-4946,7,-1,0,0,19391,57,34,79,16,0,0,0,0,0,0,0,-32286,0,0,0,0,0,2768375,0
2723116,8080,-2666,1796,-690,533,228,-4945,0,0,0,0,19391,57,34,79,16,0,0,0,0,0,0,0,-32286,0,0,0,0,0,2768390,0
2723121,8098,-2608,1702,-673,576,223,-4945,2,4,0,-8,19391,58,34,79,16,0,0,0,0,0,0,0,-32286,0,0,0,0,0,2768395,0
2723126,8090,-2542,1606,-681,597,215,-4944,0,1,0,-8,19391,58,34,79,16,0,0,0,0,0,0,0,-32286,0,0,0,0,0,2768410,0
2723131,8058,-2484,1490,-704,599,233,-4942,0,-1,0,0,19388,61,34,79,16,0,0,0,0,0,0,0,-32286,0,0,0,0,0,2768415,0
2723136,8024,-2360,1400,-784,586,236,-4939,16,4,0,0,19388,61,34,79,16,0,0,0,0,0,0,0,-32286,0,0,0,0,0,2768430,0
2723141,8132,-2394,1376,-800,594,227,-4938,12,10,-1,0,19388,62,34,79,16,0,0,0,0,0,0,0,-32286,0,0,0,0,0,2768435,0
2723146,8106,-2382,1378,-811,594,238,-4935,7,7,0,0,19388,62,34,79,16,0,0,0,0,0,0,0,-32286,0,0,0,0,0,2768450,0
2723151,8136,-2384,1384,-827,581,239,-4933,13,3,-1,8,19388,71,34,79,16,0,0,0,0,0,0,0,-32286,0,0,0,0,0,2768455,0
2723156,8242,-2398,1474,-857,576,246,-4927,17,11,-1,8,19388,71,34,79,16,0,0,0,0,0,0,0,-32286,0,0,0,0,0,2768469,0
2723161,8330,-2412,1496,-831,557,238,-4920,37,14,-2,24,19388,75,34,79,16,0,0,0,0,0,0,0,-32286,0,0,0,0,0,2768474,0
2723166,8380,-2356,1550,-780,514,203,-4903,79,34,-5,48,19388,75,34,79,16,0,0,0,0,0,0,0,-32286,0,0,0,0,0,2768489,0
2723171,8544,-2208,1482,-673,429,144,-4870,153,81,-13,96,19388,78,34,79,16,0,0,0,0,0,0,0,-32286,0,0,0,0,0,2768494,0
2723176,8756,-1834,1460,-453,195,13,-4822,218,143,-3,152,19388,78,34,79,16,0,0,0,0,0,0,0,-32286,0,0,0,0,0,2768509,0
2723181,9216,-1816,1306,-388,112,-27,-4759,285,200,-1,248,19388,76,34,79,16,0,0,0,0,0,0,0,-32286,0,0,0,0,0,2768514,0
2723186,9128,-1260,1468,-410,38,-79,-4686,326,215,2,288,19388,76,34,79,16,0,0,0,0,0,0,0,-32286,0,0,0,0,0,2768529,0
2723191,9396,-1158,1536,-469,29,-135,-4600,390,205,-4,416,19388,67,34,79,16,0,0,0,0,0,0,0,-32286,0,0,0,0,0,2768534,0
2723196,9570,-1060,1786,-428,-33,-268,-4503,436,193,-16,536,19388,67,34,79,16,0,0,0,0,0,0,0,-32286,0,0,0,0,0,2768549,0
2723201,9776,-1012,1878,-409,33,-310,-4399,455,175,-4,568,19391,63,34,79,16,0,0,0,0,0,0,0,-32286,0,0,0,0,0,2768554,0
2723206,9530,-748,2096,-520,110,-326,-4293,465,147,9,560,19391,63,34,79,16,0,0,0,0,0,0,0,-32286,0,0,0,0,0,2768569,0
2723211,9634,-834,2154,-615,221,-346,-4185,473,103,6,584,19390,58,34,79,16,0,0,0,0,0,0,0,-32286,0,0,0,0,0,2768574,0
2723216,9430,-722,2206,-725,409,-369,-4076,480,59,0,592,19390,58,34,79,16,0,0,0,0,0,0,0,-32286,0,0,0,0,0,2768589,0
2723221,9180,-964,2130,-790,463,-356,-3966,478,34,5,568,19390,53,34,79,16,0,0,0,0,0,0,0,-32286,0,0,0,0,0,2768594,0
2723226,9074,-746,2030,-845,518,-361,-3862,458,11,5,504,19390,53,34,79,16,0,0,0,0,0,0,0,-32286,0,0,0,0,0,2768609,0
2723231,9004,-640,1898,-926,585,-341,-3762,440,-14,-1,480,19389,56,34,79,16,0,0,0,0,0,0,0,-32286,0,0,0,0,0,2768614,0
2723236,8728,-738,1658,-1087,597,-310,-3664,436,-35,-7,480,19389,56,34,79,16,0,0,0,0,0,0,0,-32286,0,0,0,0,0,2768632,0
2723241,8706,-928,1564,-1175,541,-299,-3565,439,-42,-5,480,19391,60,34,79,16,0,0,0,0,0,0,0,-32286,0,0,0,0,0,2768637,0
2723246,9048,-1262,1572,-1281,514,-253,-3468,419,-35,7,440,19391,60,34,79,16,0,0,0,0,0,0,0,-32286,0,0,0,0,0,2768652,0
2723251,9398,-1518,1748,-1399,500,-222,-3376,410,-24,4,416,19388,64,33,79,16,0,0,0,0,0,0,0,-32286,0,0,0,0,0,2768657,0
2723256,10640,-2526,2278,-1651,581,-145,-3283,414,-26,-5,456,19388,64,33,79,16,0,0,0,0,0,0,0,-32286,0,0,0,0,0,2768672,0
2723261,11374,-3232,2258,-1761,643,-83,-3185,436,-16,-12,512,19390,60,33,79,16,0,0,0,0,0,0,0,-32286,0,0,0,0,0,2768677,0
2723266,11786,-3898,2090,-1886,666,-44,-3079,464,16,-9,584,19390,60,33,79,16,0,0,0,0,0,0,0,-32286,0,0,0,0,0,2768692,0
2723271,12404,-4632,1734,-1929,684,-3,-2970,490,54,-2,672,19392,55,34,79,16,0,0,0,0,0,0,0,-32286,0,0,0,0,0,2768697,0
2723276,12988,-6092,1458,-1787,643,19,-2853,520,81,-3,752,19392,55,34,79,16,0,0,0,0,0,0,0,-32286,0,0,0,0,0,2768712,0
2723281,12868,-6532,1494,-1684,592,10,-2724,566,98,3,856,19393,57,34,79,16,0,0,0,0,0,0,0,-32286,0,0,0,0,0,2768717,0
2723286,12714,-6824,1438,-1472,539,-17,-2585,614,124,10,968,19393,57,34,79,16,0,0,0,0,0,0,0,-32286,0,0,0,0,0,2768732,0
2723291,12300,-6790,1448,-1274,561,-79,-2437,652,147,12,1032,19391,66,34,79,16,0,0,0,0,0,0,0,-32286,0,0,0,0,0,2768737,0
2723296,10952,-6610,1490,-1069,701,-176,-2285,679,138,2,1096,19391,66,34,79,16,0,0,0,0,0,0,0,-32286,0,0,0,0,0,2768752,0
2723301,10144,-6770,1526,-962,748,-233,-2126,696,126,0,1136,19391,65,34,79,16,0,0,0,0,0,0,0,-32286,0,0,0,0,0,2768757,0
2723306,9288,-7106,1544,-853,795,-267,-1963,708,104,1,1144,19391,65,34,79,16,0,0,0,0,0,0,0,-32285,0,0,0,0,0,2768772,0
2723311,8338,-7304,1624,-749,797,-311,-1799,723,80,3,1176,19390,67,34,79,16,0,0,0,0,0,0,0,-32286,0,0,0,0,0,2768777,0
2723316,6606,-8080,1192,-400,644,-340,-1632,730,59,2,1184,19390,67,34,79,16,0,0,0,0,0,0,0,-32286,0,0,0,0,0,2768792,0
2723321,5778,-8330,1058,-191,489,-333,-1465,731,36,4,1168,19391,63,34,79,16,0,0,0,0,0,0,0,-32286,0,0,0,0,0,2768797,0
2723326,5130,-8330,942,38,327,-313,-1297,742,28,-1,1200,19391,63,34,79,16,0,0,0,0,0,0,0,-32286,0,0,0,0,0,2768812,0
2723331,4518,-8260,888,209,224,-233,-1130,741,18,8,1168,19390,61,34,79,16,0,0,0,0,0,0,0,-32286,0,0,0,0,0,2768817,0
2723336,3732,-7306,978,370,48,-100,-966,719,3,4,1128,19390,61,34,79,16,0,0,0,0,0,0,0,-32287,0,0,0,0,0,2768832,0
2723341,3534,-6990,1076,471,26,-2,-801,724,-6,1,1120,19389,66,34,79,16,0,0,0,0,0,0,0,-32286,0,0,0,0,0,2768837,0
2723346,3062,-6484,562,561,-160,39,-640,699,-16,9,1048,19389,66,34,79,16,0,0,0,0,0,0,0,-32286,0,0,0,0,0,2768852,0
2723351,3304,-5960,292,626,-236,79,-487,675,-35,-1,1016,19390,66,34,79,16,0,0,0,0,0,0,0,-32285,0,0,0,0,0,2768856,0
2723356,3198,-4416,190,559,-284,149,-334,667,-47,5,976,19390,66,34,79,16,0,0,0,0,0,0,0,-32286,0,0,0,0,0,2768871,0
2723361,3256,-3792,138,506,-288,140,-189,638,-62,5,912,19390,62,34,79,16,0,0,0,0,0,0,0,-32286,0,0,0,0,0,2768876,0
2723366,3278,-3594,112,470,-310,138,-48,616,-70,-1,872,19390,62,34,79,16,0,0,0,0,0,0,0,-32286,0,0,0,0,0,2768891,0
2723371,3274,-3414,86,435,-311,146,90,613,-71,-4,864,19392,57,34,79,16,0,0,0,0,0,0,0,-32286,0,0,0,0,0,2768896,0
2723376,3552,-2808,54,294,-230,157,225,593,-66,-1,832,19392,57,34,79,16,0,0,0,0,0,0,0,-32286,0,0,0,0,0,2768911,0
2723381,3716,-2770,50,142,-120,174,355,567,-60,-1,752,19393,58,34,79,16,0,0,0,0,0,0,0,-32286,0,0,0,0,0,2768916,0
2723386,3746,-2732,116,-2,-13,198,485,572,-51,-6,776,19393,58,34,79,16,0,0,0,0,0,0,0,-32286,0,0,0,0,0,2768931,0
2723391,3802,-3042,186,-88,54,222,614,570,-37,-7,784,19394,64,34,79,16,0,0,0,0,0,0,0,-32286,0,0,0,0,0,2768936,0
2723396,3884,-3760,236,-128,50,323,740,555,-25,-7,760,19394,64,34,79,16,0,0,0,0,0,0,0,-32286,0,0,0,0,0,2768951,0
2723401,4044,-3944,368,-116,-7,350,871,566,-17,-11,784,19392,59,34,79,16,0,0,0,0,0,0,0,-32286,0,0,0,0,0,2768956,0
2723406,4442,-4138,386,-59,-85,379,1002,585,3,-7,864,19392,59,34,79,16,0,0,0,0,0,0,0,-32286,0,0,0,0,0,2768971,0
2723411,4726,-4442,438,-10,-194,420,1135,585,15,1,848,19393,62,34,79,16,0,0,0,0,0,0,0,-32286,0,0,0,0,0,2768976,0
2723416,5516,-4620,538,-15,-379,505,1267,577,13,1,824,19393,62,34,79,16,0,0,0,0,0,0,0,-32286,0,0,0,0,0,2768991,0
2723421,5868,-4740,624,19,-477,509,1399,588,15,-3,848,19392,64,34,79,16,0,0,0,0,0,0,0,-32286,0,0,0,0,0,2768996,0
2723426,6262,-4940,668,48,-562,554,1528,568,0,-1,784,19392,64,34,79,16,0,0,0,0,0,0,0,-32286,0,0,0,0,0,2769011,0
2723431,6522,-5038,740,-4,-663,583,1650,533,-28,1,688,19391,67,34,79,16,0,0,0,0,0,0,0,-32286,0,0,0,0,0,2769016,0
2723436,6974,-5096,722,-243,-686,648,1766,509,-55,-6,640,19391,67,34,79,16,0,0,0,0,0,0,0,-32286,0,0,0,0,0,2769031,0
2723441,6996,-5064,674,-302,-693,661,1877,485,-70,-6,592,19391,63,34,79,16,0,0,0,0,0,0,0,-32286,0,0,0,0,0,2769036,0
2723446,7002,-5346,558,-278,-712,669,1978,444,-95,2,456,19391,63,34,79,16,0,0,0,0,0,0,0,-32286,0,0,0,0,0,2769051,0
2723451,6992,-5216,554,-193,-763,601,2069,396,-112,5,384,19394,63,34,79,16,0,0,0,0,0,0,0,-32286,0,0,0,0,0,2769056,0
2723456,7030,-4928,412,-89,-778,471,2153,363,-123,9,312,19394,63,34,79,16,0,0,0,0,0,0,0,-32286,0,0,0,0,0,2769071,0
2723461,7096,-4762,334,-43,-763,407,2233,348,-128,4,272,19396,66,34,79,16,0,0,0,0,0,0,0,-32286,0,0,0,0,0,2769076,0
2723466,6920,-4630,328,-25,-760,303,2307,333,-111,1,232,19396,66,34,79,16,0,0,0,0,0,0,0,-32286,0,0,0,0,0,2769091,0
2723471,6846,-4670,204,-6,-761,235,2374,291,-92,10,168,19399,69,34,79,16,0,0,0,0,0,0,0,-32286,0,0,0,0,0,2769096,0
2723476,6310,-4630,168,-85,-773,144,2432,251,-93,0,136,19399,69,34,79,16,0,0,0,0,0,0,0,-32286,0,0,0,0,0,2769111,0
2723481,6140,-4688,154,-48,-800,90,2488,247,-95,-7,128,19395,68,34,79,16,0,0,0,0,0,0,0,-32286,0,0,0,0,0,2769116,0
2723486,5924,-4832,122,2,-842,8,2539,226,-90,-6,120,19395,68,34,79,16,0,0,0,0,0,0,0,-32286,0,0,0,0,0,2769131,0
2723491,5926,-5108,26,85,-912,-7,2587,209,-76,-5,112,19393,64,34,79,16,0,0,0,0,0,0,0,-32286,0,0,0,0,0,2769136,0
2723496,5812,-5008,232,303,-1032,-115,2640,226,-49,-4,136,19393,64,34,79,16,0,0,0,0,0,0,0,-32286,0,0,0,0,0,2769151,0
2723501,5834,-5110,296,384,-1090,-125,2694,243,-12,3,144,19389,64,34,79,16,0,0,0,0,0,0,0,-32286,0,0,0,0,0,2769156,0
2723506,5866,-4862,400,490,-1130,-165,2750,250,12,7,152,19389,64,34,79,16,0,0,0,0,0,0,0,-32286,0,0,0,0,0,2769171,0
2723511,6140,-4886,394,587,-1141,-184,2809,260,35,3,152,19386,73,34,79,16,0,0,0,0,0,0,0,-32286,0,0,0,0,0,2769176,0
2723516,6422,-4546,588,735,-1181,-170,2866,249,29,0,144,19386,73,34,79,16,0,0,0,0,0,0,0,-32286,0,0,0,0,0,2769191,0
2723521,6660,-4220,626,791,-1154,-192,2923,256,19,-7,168,19387,67,34,79,16,0,0,0,0,0,0,0,-32286,0,0,0,0,0,2769196,0
2723526,6876,-4270,562,823,-1112,-149,2982,259,7,-1,160,19387,67,34,79,16,0,0,0,0,0,0,0,-32286,0,0,0,0,0,2769211,0
2723531,6818,-4078,610,854,-1122,-115,3042,260,6,-3,184,19387,67,34,79,16,0,0,0,0,0,0,0,-32286,0,0,0,0,0,2769215,0
2723536,6994,-3626,482,991,-1075,-101,3107,283,20,0,200,19387,67,34,79,16,0,0,0,0,0,0,0,-32286,0,0,0,0,0,2769230,0
2723541,7124,-3448,458,1058,-1083,-77,3178,311,38,-1,256,19389,60,34,79,16,0,0,0,0,0,0,0,-32286,0,0,0,0,0,2769235,0
2723546,7148,-3338,462,1079,-1093,-78,3255,343,62,0,280,19389,60,34,79,16,0,0,0,0,0,0,0,-32286,0,0,0,0,0,2769250,0
2723551,7344,-3192,330,1107,-1042,-37,3333,350,71,-1,312,19388,58,34,79,16,0,0,0,0,0,0,0,-32286,0,0,0,0,0,2769255,0
2723556,7384,-2724,414,1073,-1052,-38,3415,360,72,0,312,19388,58,34,79,16,0,0,0,0,0,0,0,-32286,0,0,0,0,0,2769270,0
2723561,7398,-2610,380,1073,-1015,-63,3499,366,54,2,320,19391,63,34,79,16,0,0,0,0,0,0,0,-32286,0,0,0,0,0,2769275,0
2723566,7458,-2556,348,1083,-999,-75,3587,390,38,-1,368,19391,63,34,79,16,0,0,0,0,0,0,0,-32286,0,0,0,0,0,2769290,0
2723571,7470,-2510,294,1094,-992,-99,3681,426,47,-11,480,19392,62,34,79,16,0,0,0,0,0,0,0,-32286,0,0,0,0,0,2769295,0
2723576,7378,-2482,208,1087,-992,-91,3779,434,63,-8,480,19392,62,34,79,16,0,0,0,0,0,0,0,-32286,0,0,0,0,0,2769310,0
2723581,7376,-2614,162,1054,-990,-71,3880,442,67,-5,512,19394,68,34,79,16,0,0,0,0,0,0,0,-32286,0,0,0,0,0,2769315,0
2723586,7260,-2680,136,1042,-986,-73,3982,450,61,0,536,19394,68,34,79,16,0,0,0,0,0,0,0,-32286,0,0,0,0,0,2769330,0
2723591,7302,-2636,116,1064,-1015,-79,4090,479,52,-10,632,19395,62,34,79,16,0,0,0,0,0,0,0,-32286,0,0,0,0,0,2769335,0
2723596,7202,-2800,64,1152,-1050,-60,4205,499,50,4,664,19395,62,34,79,16,0,0,0,0,0,0,0,-32286,0,0,0,0,0,2769350,0
2723601,7110,-2584,78,1148,-1071,-37,4319,502,57,14,640,19395,63,34,79,16,0,0,0,0,0,0,0,-32286,0,0,0,0,0,2769355,0
2723606,7188,-1824,-738,1171,-1129,-107,4430,484,51,9,592,19395,63,34,79,16,0,0,0,0,0,0,0,-32286,0,0,0,0,0,2769370,0
2723611,7446,-1804,376,946,-923,-44,4542,498,24,1,624,19392,70,34,79,16,0,0,0,0,0,0,0,-32286,0,0,0,0,0,2769375,0
2723616,6948,-3238,100,1038,-1027,26,4653,484,0,1,568,19392,70,34,79,16,0,0,0,0,0,0,0,-32286,0,0,0,0,0,2769390,0
2723621,6970,-2928,-48,1104,-1074,33,4758,455,-20,3,504,19390,68,34,79,16,0,0,0,0,0,0,0,-32286,0,0,0,0,0,2769395,0
2723626,7338,-2496,32,1020,-1008,84,4856,429,-38,-4,464,19390,68,34,79,16,0,0,0,0,0,0,0,-32286,0,0,0,0,0,2769410,0
2723631,7326,-2130,366,831,-940,104,4951,417,-55,-6,440,19388,66,34,79,16,0,0,0,0,0,0,0,-32286,0,0,0,0,0,2769415,0
2723636,7348,-2608,632,647,-727,147,5045,412,-69,0,424,19388,66,34,79,16,0,0,0,0,0,0,0,-32286,0,0,0,0,0,2769430,0
2723641,7414,-2912,562,716,-673,158,5131,372,-65,14,328,19386,68,34,79,16,0,0,0,0,0,0,0,-32286,0,0,0,0,0,2769434,0
2723646,7472,-2788,632,858,-643,125,5211,352,-67,15,264,19386,68,34,79,16,0,0,0,0,0,0,0,-32286,0,0,0,0,0,2769449,0
2723651,7660,-2776,638,946,-570,139,5283,314,-78,4,216,19387,79,34,79,16,0,0,0,0,0,0,0,-32286,0,0,0,0,0,2769454,0
2723656,7532,-2490,398,902,-501,141,5351,299,-94,-1,192,19387,79,34,79,16,0,0,0,0,0,0,0,-32286,0,0,0,0,0,2769469,0
2723661,7538,-2296,368,874,-457,130,5416,286,-93,-2,168,19386,75,34,79,16,0,0,0,0,0,0,0,-32286,0,0,0,0,0,2769474,0
2723666,7572,-2126,374,844,-430,110,5477,276,-71,-5,160,19386,75,34,79,16,0,0,0,0,0,0,0,-32286,0,0,0,0,0,2769489,0
2723671,7768,-2316,298,794,-370,117,5533,247,-61,-10,128,19386,77,34,79,16,0,0,0,0,0,0,0,-32286,0,0,0,0,0,2769494,0
2723676,7664,-2146,434,724,-286,93,5584,214,-63,-4,104,19386,77,34,79,16,0,0,0,0,0,0,0,-32286,0,0,0,0,0,2769509,0
2723681,7788,-2320,408,737,-217,96,5631,199,-72,-3,104,19389,69,34,79,16,0,0,0,0,0,0,0,-32286,0,0,0,0,0,2769514,0
2723686,7664,-2186,494,760,-227,75,5678,203,-64,0,88,19389,69,34,79,16,0,0,0,0,0,0,0,-32286,0,0,0,0,0,2769529,0
2723691,7686,-2262,414,745,-163,61,5719,185,-56,3,80,19390,65,34,79,16,0,0,0,0,0,0,0,-32286,0,0,0,0,0,2769534,0
2723696,7508,-2232,266,678,-94,68,5755,153,-53,-1,64,19390,65,34,79,16,0,0,0,0,0,0,0,-32286,0,0,0,0,0,2769549,0
2723701,7454,-2266,30,698,-133,59,5794,173,-43,-3,88,19391,56,34,79,16,0,0,0,0,0,0,0,-32286,0,0,0,0,0,2769554,0
2723706,7376,-2284,96,691,-79,73,5835,175,-26,3,88,19391,56,34,79,16,0,0,0,0,0,0,0,-32286,0,0,0,0,0,2769569,0
2723711,7238,-2230,112,675,-131,86,5879,189,-3,1,96,19389,64,34,79,16,0,0,0,0,0,0,0,-32286,0,0,0,0,0,2769574,0
2723716,7210,-2168,60,681,-120,95,5927,218,24,0,128,19389,64,34,79,16,0,0,0,0,0,0,0,-32286,0,0,0,0,0,2769589,0
2723721,7238,-2024,106,690,-91,86,5980,245,51,0,152,19391,65,34,79,16,0,0,0,0,0,0,0,-32286,0,0,0,0,0,2769594,0
2723726,7168,-2208,148,645,-56,113,6036,246,57,0,160,19391,65,34,79,16,0,0,0,0,0,0,0,-32286,0,0,0,0,0,2769609,0
2723731,7014,-2306,48,647,-109,135,6097,266,61,0,184,19391,67,34,79,16,0,0,0,0,0,0,0,-32286,0,0,0,0,0,2769614,0
2723736,7136,-2114,26,673,-60,95,6166,297,69,2,240,19391,67,34,79,16,0,0,0,0,0,0,0,-32286,0,0,0,0,0,2769629,0
2723741,7322,-2224,-40,709,-17,103,6239,323,74,0,288,19391,64,34,79,16,0,0,0,0,0,0,0,-32286,0,0,0,0,0,2769634,0
2723746,7190,-2168,82,764,-45,80,6326,386,96,-10,408,19391,64,34,79,16,0,0,0,0,0,0,0,-32286,0,0,0,0,0,2769649,0
2723751,7350,-2162,60,849,-54,32,6426,445,129,-25,568,19390,56,34,79,16,0,0,0,0,0,0,0,-32286,0,0,0,0,0,2769653,0
2723756,7448,-2170,108,997,-78,19,6534,480,157,-11,648,19390,56,34,79,16,0,0,0,0,0,0,0,-32286,0,0,0,0,0,2769668,0
2723761,7782,-2160,88,1012,-82,-6,6650,522,165,5,744,19390,58,34,79,16,0,0,0,0,0,0,0,-32286,0,0,0,0,0,2769673,0
2723766,7876,-1954,92,1005,-63,-27,6775,557,156,6,848,19390,58,34,79,16,0,0,0,0,0,0,0,-32286,0,0,0,0,0,2769693,0
2723771,8012,-1948,200,1036,-76,-82,6912,609,146,4,960,19391,55,34,79,16,0,0,0,0,0,0,0,-32286,0,0,0,0,0,2769697,0
2723776,8114,-1914,278,1066,-58,-97,7052,619,137,15,952,19391,55,34,79,16,0,0,0,0,0,0,0,-32286,0,0,0,0,0,2769708,0
2723781,8328,-1948,318,1051,-54,-146,7200,645,119,7,1016,19392,62,34,79,16,0,0,0,0,0,0,0,-32286,0,0,0,0,0,2769713,0
2723786,8430,-1994,304,1071,-17,-191,7353,676,105,5,1056,19392,62,34,79,16,0,0,0,0,0,0,0,-32286,0,0,0,0,0,2769728,0
2723791,8442,-2024,306,1039,21,-189,7507,679,89,9,1032,19393,64,34,79,16,0,0,0,0,0,0,0,-32286,0,0,0,0,0,2769742,0
2723796,8452,-2048,378,925,73,-263,7662,688,61,2,1056,19393,64,34,79,16,0,0,0,0,0,0,0,-32286,0,0,0,0,0,2769752,0
2723801,8516,-2266,378,952,104,-302,7820,696,46,-2,1056,19392,67,34,79,16,0,0,0,0,0,0,0,-32286,0,0,0,0,0,2769762,0
2723806,8384,-2500,366,945,122,-304,7977,691,26,3,1048,19392,67,34,79,16,0,0,0,0,0,0,0,-32286,0,0,0,0,0,2769772,0
2723811,8386,-2640,338,945,125,-326,8133,686,9,-1,1048,19392,68,34,79,16,0,0,0,0,0,0,0,-32286,0,0,0,0,0,2769782,0
2723816,8188,-2884,374,984,133,-332,8289,685,7,0,1032,19392,68,34,79,16,0,0,0,0,0,0,0,-32287,0,0,0,0,0,2769792,0
2723821,8148,-2986,342,1001,118,-335,8444,677,-6,7,1000,19390,73,33,79,16,0,0,0,0,0,0,0,-32286,0,0,0,0,0,2769802,0
2723826,8184,-3118,300,1027,93,-333,8593,657,-19,-1,968,19390,73,33,79,16,0,0,0,0,0,0,0,-32286,0,0,0,0,0,2769812,0
2723831,8142,-3014,332,1058,87,-340,8741,649,-28,0,944,19389,72,34,79,16,0,0,0,0,0,0,0,-32286,0,0,0,0,0,2769822,0
2723836,8036,-2996,248,1132,60,-318,8886,628,-42,2,888,19389,72,34,79,16,0,0,0,0,0,0,0,-32286,0,0,0,0,0,2769832,0
2723841,8068,-2968,156,1142,42,-323,9023,597,-51,7,824,19389,68,34,79,16,0,0,0,0,0,0,0,-32286,0,0,0,0,0,2769842,0
2723846,8110,-2740,136,1189,23,-320,9154,578,-64,-148,-16,19389,68,34,79,16,0,0,0,0,0,0,0,-32286,0,0,0,0,0,2769852,0
2723851,7938,-3654,-72,1025,85,-51,9213,206,-184,-1105,-640,19389,48,34,79,16,0,0,0,0,0,0,0,-32286,0,0,0,0,0,2769862,0
2723856,7292,-3192,-434,-435,158,435,9182,-167,-482,-1467,-1208,19389,48,34,79,16,0,0,0,0,0,0,0,-32286,0,0,0,0,0,2769871,0
2723861,7638,-3040,-224,-856,506,636,9103,-358,-775,-1524,-1584,19388,56,34,79,16,0,0,0,0,0,0,0,-32286,0,0,0,0,0,2769881,0
2723866,6864,-3692,380,-1141,698,857,8991,-508,-921,-1725,-1912,19388,56,34,79,16,0,0,0,0,0,0,0,-32287,0,0,0,0,0,2769891,0
2723871,6400,-4706,528,-1088,651,1001,8851,-633,-860,-1893,-2184,19378,104,34,79,16,0,0,0,0,0,0,0,-32287,0,0,0,0,0,2769901,0
2723876,6548,-5092,660,-446,782,1324,8686,-729,-620,-1995,-2408,19378,104,34,79,16,0,0,0,0,0,0,0,-32286,0,0,0,0,0,2769911,0
2723881,6624,-4516,722,-279,829,1421,8511,-776,-437,-2103,-2488,19362,191,34,79,16,0,0,0,0,0,0,0,-32285,0,0,0,0,0,2769921,0
2723886,7128,-4136,470,-160,887,1500,8331,-786,-321,-2180,-2488,19362,191,34,79,16,0,0,0,0,0,0,0,-32286,0,0,0,0,0,2769931,0
2723891,7248,-3820,376,-110,868,1554,8148,-798,-201,-2292,-2544,19346,279,34,79,16,0,0,0,0,0,0,0,-32287,0,0,0,0,0,2769941,0
2723896,8364,-3202,28,213,721,1469,7972,-776,-98,-2382,-2584,19346,279,34,79,16,0,0,0,0,0,0,0,-32287,0,0,0,0,0,2769951,0
2723901,8774,-2982,-34,257,669,1405,7799,-758,-17,-2464,-2480,19335,345,34,79,16,0,0,0,0,0,0,0,-32285,0,0,0,0,0,2769961,0
2723906,9348,-2656,-110,289,619,1279,7633,-721,40,-2594,-2472,19335,345,34,79,16,0,0,0,0,0,0,0,-32285,0,0,0,0,0,2769971,0
2723911,10136,-2490,-244,437,637,1162,7482,-664,82,-2668,-2456,19327,377,34,79,16,0,0,0,0,0,0,0,-32287,0,0,0,0,0,2769981,0
2723916,10410,-2206,-278,511,497,852,7339,-625,121,-2771,-2352,19327,377,34,79,16,0,0,0,0,0,0,0,-32287,0,0,0,0,0,2769991,0
2723921,10898,-2214,-422,591,478,678,7208,-573,150,-2833,-2296,19320,394,34,79,16,0,0,0,0,0,0,0,-32286,0,0,0,0,0,2770001,0
2723926,10730,-2208,-300,614,399,548,7090,-516,176,-2889,-2192,19320,394,34,79,16,0,0,0,0,0,0,0,-32285,0,0,0,0,0,2770011,0
2723931,10684,-2340,-312,609,260,414,6982,-478,175,-2997,-2096,19313,397,34,79,16,0,0,0,0,0,0,0,-32284,0,0,0,0,0,2770021,0
2723936,10568,-2494,-382,587,-23,216,6881,-437,169,-3091,-2008,19313,397,34,79,16,0,0,0,0,0,0,0,-32285,0,0,0,0,0,2770031,0
2723941,10318,-2562,-356,558,-163,148,6806,-407,157,-3126,-2096,19312,398,34,79,16,0,0,0,0,0,0,0,-32286,0,0,0,0,0,2770041,0
2723946,10174,-2880,-266,529,-353,145,6715,-408,122,-3209,-2128,19312,398,34,79,16,0,0,0,0,0,0,0,-32287,0,0,0,0,0,2770051,0
2723951,9876,-2666,-142,497,-532,118,6621,-407,83,-3280,-2096,19312,397,34,79,16,0,0,0,0,0,0,0,-32287,0,0,0,0,0,2770061,0
2723956,9710,-2264,270,352,-719,106,6523,-429,31,-3336,-2168,19312,397,34,79,16,0,0,0,0,0,0,0,-32287,0,0,0,0,0,2770071,0
2723961,9654,-2088,544,254,-735,110,6422,-447,-12,-3373,-2352,19311,408,34,79,16,0,0,0,0,0,0,0,-32286,0,0,0,0,0,2770080,0
2723966,9482,-1996,892,115,-725,120,6311,-493,-58,-3431,-2456,19311,408,34,79,16,0,0,0,0,0,0,0,-32285,0,0,0,0,0,2770091,0
2723971,9408,-1880,1140,13,-659,98,6189,-540,-92,-3530,-2552,19303,441,34,79,16,0,0,0,0,0,0,0,-32285,0,0,0,0,0,2770100,0
2723976,9388,-2010,1636,-121,-369,51,6059,-579,-124,-3531,-2760,19303,441,34,79,16,0,0,0,0,0,0,0,-32285,0,0,0,0,0,2770110,0
2723981,9178,-2506,1860,-235,-189,82,5914,-655,-156,-3554,-2848,19295,479,34,79,16,0,0,0,0,0,0,0,-32287,0,0,0,0,0,2770120,0
2723986,9044,-2528,1978,-319,-1,54,5748,-731,-200,-3632,-2960,19295,479,34,79,16,0,0,0,0,0,0,0,-32287,0,0,0,0,0,2770130,0
2723991,9208,-3008,2034,-369,266,49,5569,-790,-226,-3622,-3272,19283,541,34,79,16,0,0,0,0,0,0,0,-32285,0,0,0,0,0,2770140,0
2723996,8708,-3964,2098,-459,634,-3,5367,-903,-261,-3697,-3320,19283,541,34,79,16,0,0,0,0,0,0,0,-32285,0,0,0,0,0,2770150,0
2724001,8796,-4900,1748,-400,846,37,5149,-968,-276,-3678,-3584,19271,602,34,79,16,0,0,0,0,0,0,0,-32287,0,0,0,0,0,2770160,0
2724006,7948,-5150,1756,-408,921,1,4912,-1050,-282,-3728,-3816,19271,602,34,79,16,0,0,0,0,0,0,0,-32287,0,0,0,0,0,2770170,0
2724011,8090,-5638,1426,-338,965,-1,4656,-1135,-288,-3705,-3904,19252,676,33,79,16,0,0,0,0,0,0,0,-32284,0,0,0,0,0,2770180,0
2724016,6862,-6692,1296,-425,946,94,4381,-1223,-292,-3694,-4144,19252,676,33,79,16,0,0,0,0,0,0,0,-32287,0,0,0,0,0,2770190,0
2724021,6330,-7188,1106,-536,978,154,4082,-1323,-300,-3677,-4336,19237,745,33,79,16,0,0,0,0,0,0,0,-32287,0,0,0,0,0,2770200,0
2724026,5778,-7724,1098,-544,900,227,3765,-1403,-310,-3703,-4528,19237,745,33,79,16,0,0,0,0,0,0,0,-32285,0,0,0,0,0,2770210,0
2724031,4738,-7864,974,-483,828,229,3431,-1476,-309,-3686,-4584,19217,806,34,79,16,0,0,0,0,0,0,0,-32287,0,0,0,0,0,2770220,0
2724036,3594,-8918,642,-267,558,401,3084,-1530,-280,-3676,-4720,19217,806,34,79,16,0,0,0,0,0,0,0,-32284,0,0,0,0,0,2770230,0
2724041,3082,-8638,758,-150,405,447,2725,-1582,-247,-3657,-4888,19203,868,34,79,16,0,0,0,0,0,0,0,-32287,0,0,0,0,0,2770240,0
2724046,2510,-8444,846,-69,345,480,2353,-1627,-214,-3645,-4904,19203,868,34,79,16,0,0,0,0,0,0,0,-32285,0,0,0,0,0,2770250,0
2724051,2518,-8916,696,125,237,509,1975,-1663,-9,-3615,-4976,19190,926,34,79,16,0,0,0,0,0,0,0,-32286,0,0,0,0,0,2770260,0
2724056,1766,-8698,808,644,-96,617,1590,-1696,23,-3581,-5040,19190,926,34,79,16,0,0,0,0,0,0,0,-32284,0,0,0,0,0,2770270,0
2724061,2286,-8380,764,868,-163,644,1191,-1750,-46,-3565,-5104,19181,962,34,79,16,0,0,0,0,0,0,0,-32287,0,0,0,0,0,2770280,0
2724066,2442,-8042,772,1059,-284,686,790,-1782,-211,-3543,-5144,19181,962,34,79,16,0,0,0,0,0,0,0,-32284,0,0,0,0,0,2770290,0
2724071,2990,-7800,568,1221,-454,719,374,-1833,-304,-3520,-5184,19176,984,34,79,16,0,0,0,0,0,0,0,-32287,0,0,0,0,0,2770300,0
2724076,3994,-6970,600,1421,-666,788,-51,-1875,-137,-3473,-5272,19176,984,34,79,16,0,0,0,0,0,0,0,-32284,0,0,0,0,0,2770310,0
2724081,4538,-6464,510,1540,-777,812,-478,-1888,-138,-3418,-5360,19174,995,34,79,16,0,0,0,0,0,0,0,-32287,0,0,0,0,0,2770320,0
2724086,5162,-5890,722,1603,-938,805,-909,-1900,-118,-3368,-5360,19174,995,34,79,16,0,0,0,0,0,0,0,-32285,0,0,0,0,0,2770330,0
2724091,6044,-5156,320,1627,-987,747,-1341,-1908,-83,-3314,-5360,19175,1000,34,79,16,0,0,0,0,0,0,0,-32288,0,0,0,0,0,2770340,0
2724096,7564,-4292,672,1521,-1117,699,-1772,-1897,-50,-3253,-5312,19175,1000,34,79,16,0,0,0,0,0,0,0,-32285,0,0,0,0,0,2770350,0
2724101,8432,-4040,486,1456,-1161,669,-2201,-1885,-17,-3182,-5280,19180,986,34,79,16,0,0,0,0,0,0,0,-32286,0,0,0,0,0,2770360,0
2724106,8920,-3264,864,1365,-1188,593,-2627,-1871,8,-3130,-5104,19180,986,34,79,16,0,0,0,0,0,0,0,-32286,0,0,0,0,0,2770365,0
2724111,9516,-2954,1054,1276,-1208,550,-3047,-1843,25,-3084,-4952,19185,955,34,79,16,0,0,0,0,0,0,0,-32286,0,0,0,0,0,2770370,0
2724116,10406,-1868,1320,1023,-1231,401,-3459,-1807,60,-3034,-4848,19185,955,34,79,16,0,0,0,0,0,0,0,-32286,0,0,0,0,0,2770385,0
2724121,10718,-1288,1380,912,-1173,288,-3860,-1751,88,-2981,-4672,19195,917,34,79,16,0,0,0,0,0,0,0,-32285,0,0,0,0,0,2770390,0
2724126,11040,-1120,1634,780,-1128,209,-4245,-1685,128,-2923,-4488,19195,917,34,79,16,0,0,0,0,0,0,0,-32286,0,0,0,0,0,2770405,0
2724131,11090,-856,1862,647,-1089,126,-4611,-1598,181,-2845,-4272,19206,863,34,79,16,0,0,0,0,0,0,0,-32285,0,0,0,0,0,2770410,0
2724136,11066,-206,2300,492,-919,-88,-4954,-1497,237,-2790,-4160,19206,863,34,79,16,0,0,0,0,0,0,0,-32286,0,0,0,0,0,2770425,0
2724141,11082,-292,2414,377,-781,-178,-5273,-1392,286,-2706,-3888,19224,787,34,79,16,0,0,0,0,0,0,0,-32287,0,0,0,0,0,2770430,0
2724146,10980,-460,2568,283,-664,-253,-5572,-1299,324,-2660,-3656,19224,787,34,79,16,0,0,0,0,0,0,0,-32285,0,0,0,0,0,2770445,0
2724151,10708,-72,2694,231,-543,-388,-5850,-1212,338,-2626,-3448,19242,697,33,79,16,0,0,0,0,0,0,0,-32287,0,0,0,0,0,2770450,0
2724156,10364,-428,2600,81,-222,-527,-6109,-1130,330,-2535,-3320,19242,697,33,79,16,0,0,0,0,0,0,0,-32286,0,0,0,0,0,2770465,0
2724161,10224,-1004,2526,-27,-15,-565,-6350,-1065,308,-2461,-3112,19264,599,33,79,16,0,0,0,0,0,0,0,-32285,0,0,0,0,0,2770470,0
2724166,9780,-1050,2526,-94,44,-624,-6579,-1000,281,-2376,-2952,19264,599,33,79,16,0,0,0,0,0,0,0,-32286,0,0,0,0,0,2770485,0
2724171,9682,-1738,2390,-156,212,-636,-6799,-960,240,-2323,-2936,19283,527,34,79,16,0,0,0,0,0,0,0,-32286,0,0,0,0,0,2770490,0
2724176,9240,-2366,2150,-220,469,-636,-7013,-930,193,-2275,-2776,19283,527,34,79,16,0,0,0,0,0,0,0,-32285,0,0,0,0,0,2770505,0
2724181,8660,-2440,2180,-271,533,-658,-7221,-905,147,-2160,-2704,19300,459,34,79,16,0,0,0,0,0,0,0,-32286,0,0,0,0,0,2770510,0
2724186,8460,-2956,1988,-307,648,-622,-7424,-892,117,-2124,-2672,19300,459,34,79,16,0,0,0,0,0,0,0,-32287,0,0,0,0,0,2770525,0
2724191,8194,-3038,1942,-309,725,-602,-7624,-869,88,-2030,-2584,19312,413,34,79,16,0,0,0,0,0,0,0,-32286,0,0,0,0,0,2770530,0
2724196,7474,-3502,1650,-301,887,-538,-7824,-885,64,-1963,-2584,19312,413,34,79,16,0,0,0,0,0,0,0,-32285,0,0,0,0,0,2770545,0
2724201,7316,-3624,1392,-289,947,-498,-8021,-865,38,-1884,-2488,19322,370,34,79,16,0,0,0,0,0,0,0,-32286,0,0,0,0,0,2770550,0
2724206,6966,-3710,1252,-308,1017,-444,-8220,-878,23,-1808,-2512,19322,370,34,79,16,0,0,0,0,0,0,0,-32287,0,0,0,0,0,2770564,0
2724211,6712,-3498,1298,-312,1041,-447,-8415,-857,17,-1741,-2408,19333,338,34,79,16,0,0,0,0,0,0,0,-32286,0,0,0,0,0,2770569,0
2724216,6222,-3856,800,-294,1031,-346,-8610,-859,9,-1659,-2432,19333,338,34,79,16,0,0,0,0,0,0,0,-32285,0,0,0,0,0,2770584,0
2724221,6202,-3786,646,-269,977,-327,-8803,-844,18,-1587,-2336,19339,305,34,79,16,0,0,0,0,0,0,0,-32286,0,0,0,0,0,2770589,0
2724226,6130,-3950,554,-254,976,-264,-8995,-843,20,-1521,-2312,19339,305,34,79,16,0,0,0,0,0,0,0,-32287,0,0,0,0,0,2770604,0
2724231,5774,-3580,552,-298,916,-235,-9185,-834,21,-1436,-2248,19344,287,34,79,16,0,0,0,0,0,0,0,-32286,0,0,0,0,0,2770609,0
2724236,5722,-3598,360,-354,859,-135,-9372,-821,23,-1380,-2160,19344,287,34,79,16,0,0,0,0,0,0,0,-32285,0,0,0,0,0,2770627,0
2724241,5544,-3448,366,-408,767,-108,-9555,-797,36,-1305,-2192,19347,248,34,79,16,0,0,0,0,0,0,0,-32286,0,0,0,0,0,2770632,0
2724246,5734,-3490,306,-389,704,-80,-9733,-777,44,-1233,-2024,19347,248,34,79,16,0,0,0,0,0,0,0,-32287,0,0,0,0,0,2770647,0
2724251,5730,-3368,382,-372,610,-55,-9902,-745,64,-1148,-1968,19360,220,34,79,16,0,0,0,0,0,0,0,-32286,0,0,0,0,0,2770652,0
2724256,5840,-3036,308,-452,470,-8,-10068,-721,82,-1079,-1920,19360,220,34,79,16,0,0,0,0,0,0,0,-32286,0,0,0,0,0,2770667,0
2724261,5916,-2944,412,-491,423,18,-10227,-694,90,-1028,-1784,19372,194,34,79,16,0,0,0,0,0,0,0,-32285,0,0,0,0,0,2770672,0
2724266,5818,-2778,614,-562,384,34,-10380,-666,86,-931,-1680,19372,194,34,79,16,0,0,0,0,0,0,0,-32286,0,0,0,0,0,2770687,0
2724271,5890,-2802,712,-604,354,51,-10522,-627,94,-877,-1528,19381,175,34,79,16,0,0,0,0,0,0,0,-32287,0,0,0,0,0,2770692,0
2724276,6092,-2510,862,-608,313,19,-10656,-572,113,-820,-1360,19381,175,34,79,16,0,0,0,0,0,0,0,-32287,0,0,0,0,0,2770707,0
2724281,6124,-2568,918,-599,294,-1,-10778,-526,136,-725,-1256,19380,151,34,79,16,0,0,0,0,0,0,0,-32286,0,0,0,0,0,2770712,0
2724286,6272,-2350,980,-594,271,-16,-10886,-471,156,-662,-1104,19380,151,34,79,16,0,0,0,0,0,0,0,-32286,0,0,0,0,0,2770727,0
2724291,6278,-2374,1002,-609,285,-32,-10980,-414,175,-620,-936,19379,131,34,79,16,0,0,0,0,0,0,0,-32286,0,0,0,0,0,2770732,0
2724296,6470,-2298,976,-595,254,-84,-11059,-338,200,-569,-736,19379,131,34,79,16,0,0,0,0,0,0,0,-32286,0,0,0,0,0,2770747,0
2724301,6506,-2180,1024,-629,233,-94,-11122,-271,209,-517,-608,19381,116,34,79,16,0,0,0,0,0,0,0,-32286,0,0,0,0,0,2770752,0
2724306,6556,-2226,1062,-663,263,-106,-11172,-212,221,-450,-448,19381,116,34,79,16,0,0,0,0,0,0,0,-32286,0,0,0,0,0,2770766,0
2724311,6570,-2382,1028,-684,277,-107,-11212,-165,217,-423,-232,19386,105,34,79,16,0,0,0,0,0,0,0,-32286,0,0,0,0,0,2770771,0
2724316,6740,-2530,986,-625,300,-122,-11234,-84,214,-378,-120,19386,105,34,79,16,0,0,0,0,0,0,0,-32287,0,0,0,0,0,2770786,0
2724321,6488,-2376,1032,-661,321,-107,-11242,-27,208,-285,-64,19390,98,34,79,16,0,0,0,0,0,0,0,-32286,0,0,0,0,0,2770791,0
2724326,6622,-2388,944,-704,347,-100,-11243,10,208,-223,-32,19390,98,34,79,16,0,0,0,0,0,0,0,-32286,0,0,0,0,0,2770806,0
2724331,6548,-2430,892,-738,409,-68,-11235,37,188,-164,-16,19390,88,34,79,16,0,0,0,0,0,0,0,-32286,0,0,0,0,0,2770811,0
2724336,6344,-2366,802,-836,528,-23,-11222,55,150,-119,16,19390,88,34,79,16,0,0,0,0,0,0,0,-32287,0,0,0,0,0,2770826,0
2724341,6292,-2296,788,-824,576,-42,-11198,110,124,-80,56,19391,76,34,79,16,0,0,0,0,0,0,0,-32286,0,0,0,0,0,2770831,0
2724346,6284,-2416,646,-797,613,3,-11163,152,129,-31,72,19391,76,34,79,16,0,0,0,0,0,0,0,-32286,0,0,0,0,0,2770846,0
2724351,5966,-2330,666,-860,644,16,-11121,185,129,2,136,19390,68,34,79,16,0,0,0,0,0,0,0,-32286,0,0,0,0,0,2770851,0
2724356,6032,-2194,532,-874,723,9,-11070,227,136,36,216,19390,68,34,79,16,0,0,0,0,0,0,0,-32286,0,0,0,0,0,2770866,0
2724361,5966,-2132,438,-874,664,-3,-11006,292,147,61,408,19389,67,34,79,16,0,0,0,0,0,0,0,-32286,0,0,0,0,0,2770871,0
2724366,5894,-2066,296,-860,645,-13,-10927,350,156,82,600,19389,67,34,79,16,0,0,0,0,0,0,0,-32286,0,0,0,0,0,2770886,0
2724371,5852,-1912,198,-853,595,-40,-10831,429,194,118,816,19388,62,34,79,16,0,0,0,0,0,0,0,-32286,0,0,0,0,0,2770891,0
2724376,5842,-1472,14,-899,476,-91,-10721,488,218,151,1080,19388,62,34,79,16,0,0,0,0,0,0,0,-32286,0,0,0,0,0,2770906,0
2724381,5916,-1570,-124,-890,418,-123,-10592,574,237,214,1328,19388,66,34,79,16,0,0,0,0,0,0,0,-32286,0,0,0,0,0,2770911,0
2724386,5892,-1306,-160,-874,296,-187,-10443,667,251,275,1560,19388,66,34,79,16,0,0,0,0,0,0,0,-32286,0,0,0,0,0,2770926,0
2724391,6036,-1238,-258,-842,155,-228,-10271,764,281,317,1784,19388,71,34,79,16,0,0,0,0,0,0,0,-32286,0,0,0,0,0,2770931,0
2724396,6076,-828,-388,-905,-94,-364,-10078,857,310,352,2024,19388,71,34,79,16,0,0,0,0,0,0,0,-32286,0,0,0,0,0,2770946,0
2724401,6168,-948,-330,-961,-194,-391,-9861,967,331,399,2304,19386,84,34,79,16,0,0,0,0,0,0,0,-32286,0,0,0,0,0,2770951,0
2724406,6110,-864,-328,-1007,-286,-440,-9625,1050,333,443,2496,19386,84,34,79,16,0,0,0,0,0,0,0,-32286,0,0,0,0,0,2770966,0
2724411,6150,-826,-88,-1037,-395,-503,-9365,1158,336,474,2712,19382,99,34,79,16,0,0,0,0,0,0,0,-32286,0,0,0,0,0,2770971,0
2724416,6274,-974,462,-1114,-419,-545,-9078,1270,344,521,3040,19382,99,34,79,16,0,0,0,0,0,0,0,-32286,0,0,0,0,0,2770986,0
2724421,6402,-982,364,-1198,-380,-547,-8766,1382,362,556,3280,19380,125,34,79,16,0,0,0,0,0,0,0,-32286,0,0,0,0,0,2770991,0
2724426,6428,-958,528,-1317,-359,-567,-8424,1522,389,604,3584,19380,125,34,79,16,0,0,0,0,0,0,0,-32286,0,0,0,0,0,2771006,0
2724431,6616,-1150,510,-1391,-330,-558,-8051,1654,414,657,3872,19376,145,34,79,16,0,0,0,0,0,0,0,-32286,0,0,0,0,0,2771011,0
2724436,6828,-1764,696,-1210,-483,-619,-7651,1774,430,683,4184,19376,145,34,79,16,0,0,0,0,0,0,0,-32287,0,0,0,0,0,2771026,0
2724441,7468,-2080,808,-970,-488,-630,-7223,1897,446,722,4472,19368,181,34,79,16,0,0,0,0,0,0,0,-32286,0,0,0,0,0,2771030,0
2724446,7510,-1714,1126,-923,-402,-632,-6770,2000,435,755,4728,19368,181,34,79,16,0,0,0,0,0,0,0,-32286,0,0,0,0,0,2771045,0
2724451,8326,-1160,1476,-832,-365,-716,-6295,2100,407,787,4976,19357,222,34,79,16,0,0,0,0,0,0,0,-32285,0,0,0,0,0,2771050,0
2724456,8282,-1748,1314,-1288,-160,-593,-5796,2205,381,823,5272,19357,222,34,79,16,0,0,0,0,0,0,0,-32286,0,0,0,0,0,2771065,0
2724461,8406,-2430,1318,-1387,49,-545,-5267,2337,377,867,5592,19347,256,34,79,16,0,0,0,0,0,0,0,-32286,0,0,0,0,0,2771070,0
2724466,11270,-684,2114,-588,-572,-1568,-4711,2451,398,956,5544,19347,256,34,79,16,0,0,0,0,0,0,0,-32286,0,0,0,0,0,2771085,0
2724471,14446,-7190,106,2372,-1663,-1498,-4157,2438,359,1022,5648,19337,308,34,79,16,0,0,0,0,0,0,0,-32286,0,0,0,0,0,2771090,0
2724476,11442,-702,60,1295,-2772,-2076,-3599,2445,278,1018,5456,19337,308,34,79,16,0,0,0,0,0,0,0,-32286,0,0,0,0,0,2771105,0
2724481,13438,-880,-1444,1111,-1728,-1869,-3075,2297,102,1124,5048,19328,347,34,79,16,0,0,0,0,0,0,0,-32286,0,0,0,0,0,2771110,0
2724486,10814,1620,942,129,-1600,-1840,-2593,2101,-135,1111,4640,19328,347,34,79,16,0,0,0,0,0,0,0,-32286,0,0,0,0,0,2771125,0
2724491,11566,238,1942,-775,-930,-1872,-2165,1858,-391,1150,4152,19322,369,34,79,16,0,0,0,0,0,0,0,-32287,0,0,0,0,0,2771130,0
2724496,10152,-3144,3080,-1453,341,-1567,-1790,1620,-600,1182,3672,19322,369,34,79,16,0,0,0,0,0,0,0,-32285,0,0,0,0,0,2771145,0
2724501,9230,-4676,2934,-1397,732,-1395,-1468,1395,-749,1217,3152,19324,359,34,79,16,0,0,0,0,0,0,0,-32287,0,0,0,0,0,2771150,0
2724506,8290,-5314,2918,-1328,1058,-1187,-1193,1191,-791,1237,2704,19324,359,34,79,16,0,0,0,0,0,0,0,-32286,0,0,0,0,0,2771165,0
2724511,7394,-5656,2918,-1367,1344,-917,-962,998,-776,1277,2424,19332,320,34,79,16,0,0,0,0,0,0,0,-32285,0,0,0,0,0,2771170,0
2724516,6398,-5846,1906,-1211,1512,-556,-765,856,-715,1321,2072,19332,320,34,79,16,0,0,0,0,0,0,0,-32286,0,0,0,0,0,2771185,0
2724521,5860,-5458,1530,-1139,1490,-413,-600,714,-640,1347,1896,19344,266,34,79,16,0,0,0,0,0,0,0,-32287,0,0,0,0,0,2771190,0
2724526,5846,-5200,1166,-1079,1443,-296,-461,600,-559,1373,1704,19344,266,34,79,16,0,0,0,0,0,0,0,-32286,0,0,0,0,0,2771204,0
2724531,5834,-4882,960,-1014,1363,-177,-343,511,-475,1421,1456,19353,233,34,79,16,0,0,0,0,0,0,0,-32285,0,0,0,0,0,2771209,0
2724536,5932,-4144,658,-1037,1129,-18,-251,400,-415,1441,1264,19353,233,34,79,16,0,0,0,0,0,0,0,-32286,0,0,0,0,0,2771224,0
2724541,6334,-4184,482,-1006,1025,40,-171,339,-361,1481,1224,19359,200,34,79,16,0,0,0,0,0,0,0,-32286,0,0,0,0,0,2771229,0
2724546,6442,-3756,574,-942,878,34,-101,315,-302,1542,1176,19359,200,34,79,16,0,0,0,0,0,0,0,-32286,0,0,0,0,0,2771244,0
2724551,6776,-3720,560,-882,758,49,-35,288,-225,1553,1184,19365,180,34,79,16,0,0,0,0,0,0,0,-32287,0,0,0,0,0,2771249,0
2724556,7130,-3182,866,-802,534,3,30,291,-157,1602,1176,19365,180,34,79,16,0,0,0,0,0,0,0,-32287,0,0,0,0,0,2771264,0
2724561,7358,-2994,966,-747,448,-14,96,292,-70,1618,1224,19367,165,34,79,16,0,0,0,0,0,0,0,-32287,0,0,0,0,0,2771269,0
2724566,7618,-2602,994,-658,328,-67,166,307,-25,1660,1304,19367,165,34,79,16,0,0,0,0,0,0,0,-32286,0,0,0,0,0,2771284,0
2724571,8054,-2222,1024,-531,255,-128,246,360,20,1674,1400,19370,168,34,79,16,0,0,0,0,0,0,0,-32286,0,0,0,0,0,2771289,0
2724576,8730,-1640,1194,-528,170,-217,333,398,66,1715,1600,19370,168,34,79,16,0,0,0,0,0,0,0,-32286,0,0,0,0,0,2771304,0
2724581,9210,-1530,1366,-548,138,-285,436,453,116,1738,1704,19364,177,34,79,16,0,0,0,0,0,0,0,-32285,0,0,0,0,0,2771309,0
2724586,9920,-2026,1488,-580,117,-328,555,525,161,1793,1896,19364,177,34,79,16,0,0,0,0,0,0,0,-32285,0,0,0,0,0,2771324,0
2724591,10810,-2542,1708,-588,92,-346,691,604,203,1857,2080,19359,203,34,79,16,0,0,0,0,0,0,0,-32286,0,0,0,0,0,2771329,0
2724596,12216,-3612,2054,-664,66,-389,843,675,228,1874,2296,19359,203,34,79,16,0,0,0,0,0,0,0,-32287,0,0,0,0,0,2771344,0
2724601,13094,-4030,1804,-564,-39,-443,1014,758,249,1866,2424,19354,234,34,79,16,0,0,0,0,0,0,0,-32286,0,0,0,0,0,2771349,0
2724606,13616,-4474,1428,-555,-48,-453,1200,830,257,1907,2576,19354,234,34,79,16,0,0,0,0,0,0,0,-32286,0,0,0,0,0,2771364,0
2724611,14028,-4978,1198,-586,-55,-485,1399,890,256,1902,2752,19348,275,34,79,16,0,0,0,0,0,0,0,-32285,0,0,0,0,0,2771369,0
2724616,14648,-6292,1382,-335,-59,-676,1615,953,243,1965,2904,19348,275,34,79,16,0,0,0,0,0,0,0,-32287,0,0,0,0,0,2771384,0
2724621,14402,-6490,2004,-148,43,-795,1840,999,223,1984,2992,19339,321,34,79,16,0,0,0,0,0,0,0,-32286,0,0,0,0,0,2771389,0
2724626,14238,-6680,2608,50,132,-920,2075,1035,203,2007,3000,19339,321,34,79,16,0,0,0,0,0,0,0,-32285,0,0,0,0,0,2771404,0
2724631,13814,-6628,2934,169,346,-1031,2310,1041,161,2027,2984,19331,354,34,79,16,0,0,0,0,0,0,0,-32286,0,0,0,0,0,2771409,0
2724636,12404,-7010,2600,327,717,-1219,2542,1018,104,2070,2976,19331,354,34,79,16,0,0,0,0,0,0,0,-32287,0,0,0,0,0,2771424,0
2724641,10920,-7482,2546,433,687,-1286,2769,988,30,2108,2896,19324,374,34,79,16,0,0,0,0,0,0,0,-32285,0,0,0,0,0,2771429,0
2724646,10204,-7858,1980,642,586,-1309,2984,935,-37,2128,2704,19324,374,34,79,16,0,0,0,0,0,0,0,-32286,0,0,0,0,0,2771443,0
2724651,8936,-7542,1662,749,542,-1288,3185,876,-105,2117,2592,19321,384,33,79,16,0,0,0,0,0,0,0,-32287,0,0,0,0,0,2771448,0
2724656,6424,-7226,842,656,443,-1104,3367,807,-163,2163,2368,19321,384,33,79,16,0,0,0,0,0,0,0,-32286,0,0,0,0,0,2771463,0
2724661,5398,-7152,252,665,388,-983,3530,713,-216,2172,2224,19320,375,33,79,16,0,0,0,0,0,0,0,-32285,0,0,0,0,0,2771468,0
2724666,4362,-7042,-74,757,282,-833,3676,640,-253,2188,2120,19320,375,33,79,16,0,0,0,0,0,0,0,-32286,0,0,0,0,0,2771483,0
2724671,3536,-6576,-128,824,164,-672,3810,578,-259,2192,2000,19324,354,34,79,16,0,0,0,0,0,0,0,-32286,0,0,0,0,0,2771488,0
2724676,2866,-5400,-500,832,-42,-383,3927,516,-254,2202,1848,19324,354,34,79,16,0,0,0,0,0,0,0,-32287,0,0,0,0,0,2771503,0
2724681,2804,-4448,-628,776,-88,-299,4034,471,-236,2189,1816,19331,316,34,79,16,0,0,0,0,0,0,0,-32286,0,0,0,0,0,2771508,0
2724686,2964,-3678,-722,695,-101,-228,4144,484,-185,2217,1856,19331,316,34,79,16,0,0,0,0,0,0,0,-32286,0,0,0,0,0,2771523,0
2724691,2994,-3212,-668,646,-107,-147,4258,506,-109,2266,1880,19340,292,34,79,16,0,0,0,0,0,0,0,-32285,0,0,0,0,0,2771528,0
2724696,3698,-2180,-710,477,-100,-35,4376,523,-25,2256,1968,19340,292,34,79,16,0,0,0,0,0,0,0,-32286,0,0,0,0,0,2771543,0
2724701,3652,-1366,-390,422,-144,-86,4506,580,42,2234,2200,19344,283,34,79,16,0,0,0,0,0,0,0,-32285,0,0,0,0,0,2771548,0
2724706,4330,-944,-422,395,-87,-111,4655,660,113,2273,2288,19344,283,34,79,16,0,0,0,0,0,0,0,-32287,0,0,0,0,0,2771563,0
2724711,4604,-528,-318,291,-38,-130,4818,722,165,2291,2472,19343,297,34,79,16,0,0,0,0,0,0,0,-32287,0,0,0,0,0,2771568,0
2724716,5156,-106,-308,19,153,-249,4996,790,209,2284,2736,19343,297,34,79,16,0,0,0,0,0,0,0,-32286,0,0,0,0,0,2771583,0
2724721,5214,-342,-266,-67,207,-277,5191,867,239,2315,2760,19338,328,34,79,16,0,0,0,0,0,0,0,-32285,0,0,0,0,0,2771588,0
2724726,5286,-514,-196,-135,203,-338,5403,934,243,2288,2984,19338,328,34,79,16,0,0,0,0,0,0,0,-32286,0,0,0,0,0,2771603,0
2724731,5602,-808,-360,-137,196,-386,5630,1005,245,2326,3152,19327,373,34,79,16,0,0,0,0,0,0,0,-32287,0,0,0,0,0,2771608,0
2724736,5856,-1668,218,-201,124,-393,5867,1049,236,2306,3160,19327,373,34,79,16,0,0,0,0,0,0,0,-32285,0,0,0,0,0,2771623,0
2724741,6146,-2102,286,-205,115,-363,6112,1079,210,2315,3192,19321,403,33,79,16,0,0,0,0,0,0,0,-32285,0,0,0,0,0,2771628,0
2724746,6304,-2606,568,-227,88,-340,6357,1075,160,2317,3128,19321,403,33,79,16,0,0,0,0,0,0,0,-32287,0,0,0,0,0,2771643,0
2724751,6628,-3004,806,-261,93,-280,6596,1042,93,2324,3032,19313,428,34,79,16,0,0,0,0,0,0,0,-32286,0,0,0,0,0,2771648,0
2724756,7000,-3806,1480,-394,145,-135,6824,999,0,2327,2984,19313,428,34,79,16,0,0,0,0,0,0,0,-32285,0,0,0,0,0,2771663,0
2724761,7132,-4570,1358,-452,203,-31,7042,951,-67,2333,2776,19310,438,34,79,16,0,0,0,0,0,0,0,-32287,0,0,0,0,0,2771667,0
2724766,7098,-5016,1390,-480,231,55,7241,861,-142,2292,2576,19310,438,34,79,16,0,0,0,0,0,0,0,-32286,0,0,0,0,0,2771682,0
2724771,6978,-5386,1354,-464,227,133,7421,780,-195,2307,2288,19310,426,34,79,16,0,0,0,0,0,0,0,-32285,0,0,0,0,0,2771692,0
2724776,6590,-5614,610,-552,200,307,7575,669,-256,2297,2128,19310,426,34,79,16,0,0,0,0,0,0,0,-32285,0,0,0,0,0,2771702,0
2724781,6476,-5574,170,-587,161,329,7706,560,-311,2276,1888,19317,391,34,79,16,0,0,0,0,0,0,0,-32286,0,0,0,0,0,2771707,0
2724786,6290,-5682,-114,-606,137,380,7816,469,-341,2262,1600,19317,391,34,79,16,0,0,0,0,0,0,0,-32287,0,0,0,0,0,2771722,0
2724791,6044,-5646,-278,-646,69,432,7896,343,-362,2231,1440,19327,346,34,79,16,0,0,0,0,0,0,0,-32287,0,0,0,0,0,2771727,0
2724796,5854,-5402,-738,-743,-53,411,7959,271,-362,2224,1272,19327,346,34,79,16,0,0,0,0,0,0,0,-32287,0,0,0,0,0,2771742,0
2724801,5556,-5136,-774,-777,-124,380,8003,195,-352,2195,1200,19338,291,34,79,16,0,0,0,0,0,0,0,-32286,0,0,0,0,0,2771747,0
2724806,5630,-5232,-854,-729,-257,368,8036,143,-309,2196,1024,19338,291,34,79,16,0,0,0,0,0,0,0,-32286,0,0,0,0,0,2771762,0
2724811,5478,-4912,-804,-691,-388,309,8061,113,-255,2178,960,19349,237,34,79,16,0,0,0,0,0,0,0,-32286,0,0,0,0,0,2771767,0
2724816,5596,-4684,-754,-580,-655,241,8080,87,-185,2157,872,19349,237,34,79,16,0,0,0,0,0,0,0,-32286,0,0,0,0,0,2771782,0
2724821,5634,-4414,-646,-637,-784,214,8087,23,-154,2145,744,19356,199,34,79,16,0,0,0,0,0,0,0,-32286,0,0,0,0,0,2771787,0
2724826,5858,-4300,-500,-684,-852,171,8088,-4,-131,2100,712,19356,199,34,79,16,0,0,0,0,0,0,0,-32286,0,0,0,0,0,2771802,0
2724831,5996,-4164,-188,-626,-903,117,8087,1,-113,2054,712,19365,176,34,79,16,0,0,0,0,0,0,0,-32285,0,0,0,0,0,2771807,0
2724836,6436,-3958,456,-444,-955,44,8089,6,-87,2024,680,19365,176,34,79,16,0,0,0,0,0,0,0,-32285,0,0,0,0,0,2771822,0
2724841,6848,-3780,678,-377,-928,12,8087,-3,-53,1994,672,19371,168,34,79,16,0,0,0,0,0,0,0,-32286,0,0,0,0,0,2771827,0
2724846,7076,-3550,882,-342,-880,-10,8088,0,-8,1956,664,19371,168,34,79,16,0,0,0,0,0,0,0,-32285,0,0,0,0,0,2771842,0
2724851,7358,-3364,1004,-317,-816,-9,8088,6,5,1929,680,19374,148,34,79,16,0,0,0,0,0,0,0,-32285,0,0,0,0,0,2771847,0
2724856,7624,-2980,1162,-284,-689,-29,8091,11,7,1888,664,19374,148,34,79,16,0,0,0,0,0,0,0,-32286,0,0,0,0,0,2771862,0
2724861,7654,-2904,1170,-231,-614,-39,8099,32,14,1835,752,19374,146,34,79,16,0,0,0,0,0,0,0,-32286,0,0,0,0,0,2771867,0
2724866,7754,-2678,1136,-117,-564,-68,8118,90,45,1773,896,19374,146,34,79,16,0,0,0,0,0,0,0,-32285,0,0,0,0,0,2771882,0
2724871,7918,-2476,1118,32,-501,-95,8150,144,96,1738,960,19374,137,34,79,16,0,0,0,0,0,0,0,-32285,0,0,0,0,0,2771887,0
2724876,7860,-1866,1066,112,-404,-128,8192,187,134,1734,1032,19374,137,34,79,16,0,0,0,0,0,0,0,-32285,0,0,0,0,0,2771902,0
2724881,8146,-2032,820,160,-324,-69,8245,243,169,1690,1160,19371,145,34,79,16,0,0,0,0,0,0,0,-32285,0,0,0,0,0,2771907,0
2724886,7702,-1708,934,143,-304,-83,8307,275,176,1651,1208,19371,145,34,79,16,0,0,0,0,0,0,0,-32285,0,0,0,0,0,2771922,0
2724891,7846,-1708,708,155,-284,-112,8382,325,162,1628,1344,19370,154,34,79,16,0,0,0,0,0,0,0,-32286,0,0,0,0,0,2771927,0
2724896,7628,-1476,522,291,-302,-143,8468,376,163,1583,1352,19370,154,34,79,16,0,0,0,0,0,0,0,-32286,0,0,0,0,0,2771942,0
2724901,7644,-1412,288,265,-326,-171,8561,415,162,1543,1432,19365,169,34,79,16,0,0,0,0,0,0,0,-32287,0,0,0,0,0,2771947,0
2724906,7518,-1340,240,254,-331,-180,8662,449,151,1486,1552,19365,169,34,79,16,0,0,0,0,0,0,0,-32287,0,0,0,0,0,2771962,0
2724911,7360,-1392,130,191,-331,-193,8770,482,142,1462,1560,19363,174,34,79,16,0,0,0,0,0,0,0,-32286,0,0,0,0,0,2771967,0
2724916,7014,-1638,-128,136,-388,-206,8881,485,118,1435,1520,19363,174,34,79,16,0,0,0,0,0,0,0,-32286,0,0,0,0,0,2771981,0
2724921,6878,-2044,-244,79,-424,-167,8989,475,78,1401,1432,19361,187,34,79,16,0,0,0,0,0,0,0,-32286,0,0,0,0,0,2771986,0
2724926,6748,-2132,-284,62,-476,-164,9097,472,42,1343,1424,19361,187,34,79,16,0,0,0,0,0,0,0,-32286,0,0,0,0,0,2772001,0
2724931,6674,-2150,-292,42,-494,-155,9204,464,1,1273,1416,19360,183,34,79,16,0,0,0,0,0,0,0,-32286,0,0,0,0,0,2772006,0
2724936,6478,-2592,-160,-36,-528,-55,9301,428,-25,1251,1312,19360,183,34,79,16,0,0,0,0,0,0,0,-32286,0,0,0,0,0,2772021,0
2724941,6570,-2768,-120,-122,-532,12,9389,375,-60,1205,1120,19362,170,34,79,16,0,0,0,0,0,0,0,-32287,0,0,0,0,0,2772026,0
2724946,6494,-2926,-24,-207,-526,86,9449,330,-108,1161,1040,19362,170,34,79,16,0,0,0,0,0,0,0,-32287,0,0,0,0,0,2772041,0
2724951,6576,-3116,82,-233,-515,136,9515,293,-147,1109,920,19369,150,34,79,16,0,0,0,0,0,0,0,-32286,0,0,0,0,0,2772046,0
2724956,6572,-3140,346,-165,-511,223,9574,257,-162,1047,872,19369,150,34,79,16,0,0,0,0,0,0,0,-32286,0,0,0,0,0,2772061,0
2724961,6832,-3294,326,-140,-479,287,9623,212,-151,1031,696,19374,140,34,79,16,0,0,0,0,0,0,0,-32285,0,0,0,0,0,2772066,0
2724966,6772,-3272,414,-191,-453,384,9657,138,-156,1019,448,19374,140,34,79,16,0,0,0,0,0,0,0,-32286,0,0,0,0,0,2772081,0
2724971,6762,-3252,376,-351,-398,495,9669,43,-190,983,248,19379,115,34,79,16,0,0,0,0,0,0,0,-32286,0,0,0,0,0,2772086,0
2724976,7098,-3200,468,-395,-304,643,9668,-6,-231,644,-808,19379,115,34,79,16,0,0,0,0,0,0,0,-32286,0,0,0,0,0,2772101,0
2724981,6252,-4198,332,-1020,-78,1079,9598,-355,-367,-751,-1872,19379,106,34,79,16,0,0,0,0,0,0,0,-32286,0,0,0,0,0,2772106,0
2724986,5920,-3638,518,-1781,-115,1306,9436,-753,-634,-1355,-2800,19379,106,34,79,16,0,0,0,0,0,0,0,-32286,0,0,0,0,0,2772121,0
2724991,6644,-4616,12,-2196,251,1620,9170,-1209,-989,-1604,-3816,19371,126,34,79,16,0,0,0,0,0,0,0,-32285,0,0,0,0,0,2772126,0
2724996,7304,-3664,1648,-1471,581,1362,8804,-1657,-1299,-1723,-4848,19371,126,34,79,16,0,0,0,0,0,0,0,-32286,0,0,0,0,0,2772141,0
2725001,7808,-3828,1830,-312,533,1111,8329,-2142,-1529,-1817,-5896,19347,231,34,79,16,0,0,0,0,0,0,0,-32285,0,0,0,0,0,2772146,0
2725006,7896,-3534,1862,918,154,802,7740,-2641,-1603,-1943,-7120,19347,231,34,79,16,0,0,0,0,0,0,0,-32285,0,0,0,0,0,2772161,0
2725011,6112,-2868,-188,925,595,1027,7038,-3135,-1668,-2060,-8072,19303,431,34,79,16,0,0,0,0,0,0,0,-32286,0,0,0,0,0,2772166,0
2725016,-10,2004,-2968,-8910,2201,3950,6266,-3413,-1611,-2281,-8216,19303,431,34,79,16,0,0,0,0,0,0,0,-32287,0,0,0,0,0,2772181,0
2725021,13480,-8044,-992,-8709,3477,4878,5467,-3531,-1362,-2364,-8472,19242,699,34,79,16,0,0,0,0,0,0,0,-32286,0,0,0,0,0,2772186,0
2725026,-5782,-6158,8036,-9563,6803,5375,4680,-3452,-912,-2498,-8000,19242,699,34,79,16,0,0,0,0,0,0,0,-32286,0,0,0,0,0,2772204,0
2725031,-162,-17652,7056,-6591,4732,5316,3951,-3178,-313,-2555,-7184,19184,937,34,79,16,0,0,0,0,0,0,0,-32287,0,0,0,0,0,2772209,0
2725036,3696,-11856,4478,2675,3332,4609,3311,-2771,329,-2606,-6320,19184,937,34,79,16,0,0,0,0,0,0,0,-32287,0,0,0,0,0,2772220,0
2725041,6662,-2756,1360,2423,3448,4201,2782,-2271,875,-2682,-5176,19159,1048,34,79,16,0,0,0,0,0,0,0,-32286,0,0,0,0,0,2772225,0
2725046,8130,1960,-948,775,3488,3788,2366,-1784,1327,-2719,-4312,19159,1048,34,79,16,0,0,0,0,0,0,0,-32285,0,0,0,0,0,2772240,0
2725051,8540,1538,-2748,-14,2608,3222,2049,-1347,1679,-2818,-3552,19179,980,34,79,16,0,0,0,0,0,0,0,-32286,0,0,0,0,0,2772245,0
2725056,10034,614,-4236,1225,57,1898,1815,-988,1667,-2933,-2792,19179,980,34,79,16,0,0,0,0,0,0,0,-32287,0,0,0,0,0,2772260,0
2725061,11138,2174,-4290,1461,-461,1363,1667,-622,1487,-3004,-2080,19224,800,34,79,16,0,0,0,0,0,0,0,-32285,0,0,0,0,0,2772265,0
2725066,10640,3410,-3490,1072,-685,975,1594,-286,1221,-3092,-1392,19224,800,34,79,16,0,0,0,0,0,0,0,-32284,0,0,0,0,0,2772280,0
2725071,10690,2844,-3038,684,-1011,651,1586,-10,1127,-3242,-1008,19273,579,33,79,16,0,0,0,0,0,0,0,-32284,0,0,0,0,0,2772285,0
2725076,10566,408,-2386,786,-1597,285,1610,110,1091,-3310,-920,19273,579,33,79,16,0,0,0,0,0,0,0,-32285,0,0,0,0,0,2772300,0
2725081,10072,1224,-1136,766,-1712,204,1644,157,851,-3344,-920,19312,392,33,79,16,0,0,0,0,0,0,0,-32284,0,0,0,0,0,2772305,0
2725086,10026,1678,0,310,-1557,151,1678,154,554,-3381,-864,19312,392,33,79,16,0,0,0,0,0,0,0,-32285,0,0,0,0,0,2772320,0
2725091,10840,642,700,-1,-1225,53,1722,193,288,-3456,-848,19338,294,34,79,16,0,0,0,0,0,0,0,-32285,0,0,0,0,0,2772325,0
2725096,10178,-2656,2122,242,-638,22,1773,225,133,-3476,-824,19338,294,34,79,16,0,0,0,0,0,0,0,-32285,0,0,0,0,0,2772340,0
2725101,9924,-3006,2582,478,-429,47,1827,241,93,-3555,-720,19352,239,34,79,16,0,0,0,0,0,0,0,-32287,0,0,0,0,0,2772345,0
2725106,9776,-3130,2834,541,-267,103,1886,258,86,-3579,-736,19352,239,34,79,16,0,0,0,0,0,0,0,-32286,0,0,0,0,0,2772360,0
2725111,9474,-3194,2788,411,-81,247,1943,244,73,-3608,-760,19359,223,34,79,16,0,0,0,0,0,0,0,-32287,0,0,0,0,0,2772365,0
2725116,8850,-3432,2538,323,257,368,1997,233,35,-3633,-848,19359,223,34,79,16,0,0,0,0,0,0,0,-32287,0,0,0,0,0,2772380,0
2725121,8630,-3918,2226,348,456,487,2045,204,0,-3621,-1016,19359,229,33,79,16,0,0,0,0,0,0,0,-32287,0,0,0,0,0,2772385,0
2725126,8062,-3528,2234,324,611,513,2082,158,-56,-3658,-1080,19359,229,33,79,16,0,0,0,0,0,0,0,-32287,0,0,0,0,0,2772400,0
2725131,8118,-3846,1928,283,864,607,2106,95,-103,-3653,-1232,19358,241,34,79,16,0,0,0,0,0,0,0,-32286,0,0,0,0,0,2772405,0
2725136,7736,-3840,1576,355,1157,673,2122,71,-136,-3666,-1256,19358,241,34,79,16,0,0,0,0,0,0,0,-32287,0,0,0,0,0,2772419,0
2725141,7532,-3808,1376,464,1228,684,2140,76,-136,-3703,-1232,19350,271,34,79,16,0,0,0,0,0,0,0,-32286,0,0,0,0,0,2772424,0
2725146,7396,-3718,1076,494,1271,694,2155,59,-98,-3691,-1296,19350,271,34,79,16,0,0,0,0,0,0,0,-32286,0,0,0,0,0,2772439,0
2725151,7414,-3488,714,485,1306,710,2163,36,-67,-3668,-1344,19344,291,34,79,16,0,0,0,0,0,0,0,-32285,0,0,0,0,0,2772444,0
2725156,7410,-3292,344,459,1270,650,2171,31,-48,-3684,-1280,19344,291,34,79,16,0,0,0,0,0,0,0,-32286,0,0,0,0,0,2772459,0
2725161,7458,-3236,162,540,1197,583,2184,66,-35,-3700,-1128,19338,309,34,79,16,0,0,0,0,0,0,0,-32285,0,0,0,0,0,2772464,0
2725166,7576,-3190,-148,680,1075,504,2212,133,12,-3719,-960,19338,309,34,79,16,0,0,0,0,0,0,0,-32285,0,0,0,0,0,2772479,0
2725171,7450,-3232,-398,743,915,447,2250,174,83,-3655,-832,19338,292,34,79,16,0,0,0,0,0,0,0,-32285,0,0,0,0,0,2772484,0
2725176,7698,-3076,-914,821,553,298,2307,251,157,-3631,-656,19338,292,34,79,16,0,0,0,0,0,0,0,-32285,0,0,0,0,0,2772499,0
2725181,7542,-2902,-924,843,264,229,2379,326,198,-3584,-544,19344,261,34,79,16,0,0,0,0,0,0,0,-32284,0,0,0,0,0,2772504,0
2725186,7576,-2894,-1022,855,26,166,2462,379,223,-3549,-360,19344,261,34,79,16,0,0,0,0,0,0,0,-32284,0,0,0,0,0,2772519,0
2725191,7528,-2764,-942,897,-243,72,2560,440,219,-3522,-224,19355,212,34,79,16,0,0,0,0,0,0,0,-32286,0,0,0,0,0,2772524,0
2725196,7820,-2388,-726,1024,-680,-94,2675,508,220,-3456,-104,19355,212,34,79,16,0,0,0,0,0,0,0,-32286,0,0,0,0,0,2772539,0
2725201,7922,-2028,-652,1124,-905,-215,2815,628,243,-3345,-56,19369,157,34,79,16,0,0,0,0,0,0,0,-32288,0,0,0,0,0,2772544,0
2725206,8038,-1898,-562,1212,-1087,-318,2978,726,279,-3280,-48,19369,157,34,79,16,0,0,0,0,0,0,0,-32287,0,0,0,0,0,2772559,0
2725211,7970,-1794,-482,1229,-1314,-426,3162,810,315,-3262,8,19385,92,34,79,16,0,0,0,0,0,0,0,-32285,0,0,0,0,0,2772564,0
2725216,8180,-1586,-188,1244,-1551,-571,3358,872,326,-3224,32,19385,92,34,79,16,0,0,0,0,0,0,0,-32284,0,0,0,0,0,2772579,0
2725221,7940,-1416,226,1108,-1628,-618,3557,866,274,-3208,32,19398,23,34,79,16,0,0,0,0,0,0,0,-32288,0,0,0,0,0,2772584,0
2725226,8388,-1288,454,1114,-1614,-699,3756,881,180,-3172,40,19398,23,34,79,16,0,0,0,0,0,0,0,-32286,0,0,0,0,0,2772599,0
2725231,8282,-1464,948,1132,-1510,-707,3951,865,87,-3116,40,19406,-15,34,79,16,0,0,0,0,0,0,0,-32284,0,0,0,0,0,2772604,0
2725236,8770,-1678,1578,1258,-1322,-825,4154,887,28,-3056,40,19406,-15,34,79,16,0,0,0,0,0,0,0,-32286,0,0,0,0,0,2772622,0
2725241,8774,-1798,1776,1282,-1169,-833,4354,885,2,-3004,56,19408,-27,34,79,16,0,0,0,0,0,0,0,-32287,0,0,0,0,0,2772627,0
2725246,9108,-1742,1834,1288,-1052,-893,4551,872,13,-2947,56,19408,-27,34,79,16,0,0,0,0,0,0,0,-32286,0,0,0,0,0,2772642,0
2725251,9412,-2142,1716,1287,-847,-878,4746,845,-6,-2886,56,19409,-24,34,79,16,0,0,0,0,0,0,0,-32285,0,0,0,0,0,2772647,0
2725256,9830,-2530,1554,1147,-523,-876,4927,790,-45,-2853,8,19409,-24,34,79,16,0,0,0,0,0,0,0,-32285,0,0,0,0,0,2772662,0
2725261,9722,-2754,1476,1098,-392,-894,5101,762,-86,-2778,16,19413,-21,34,79,16,0,0,0,0,0,0,0,-32287,0,0,0,0,0,2772667,0
2725266,9700,-3042,1184,1085,-305,-904,5270,739,-114,-2697,40,19413,-21,34,79,16,0,0,0,0,0,0,0,-32287,0,0,0,0,0,2772682,0
2725271,9602,-3444,914,1103,-252,-886,5437,729,-109,-2627,48,19413,-11,34,79,16,0,0,0,0,0,0,0,-32285,0,0,0,0,0,2772687,0
2725276,9336,-3696,242,1127,-315,-900,5604,737,-77,-2547,40,19413,-11,34,79,16,0,0,0,0,0,0,0,-32285,0,0,0,0,0,2772702,0
2725281,8924,-3660,-116,1079,-426,-854,5772,732,-38,-2467,24,19411,-5,34,79,16,0,0,0,0,0,0,0,-32287,0,0,0,0,0,2772707,0
2725286,8820,-3594,-490,1005,-574,-849,5933,708,-23,-2407,24,19411,-5,34,79,16,0,0,0,0,0,0,0,-32287,0,0,0,0,0,2772721,0
2725291,8656,-3620,-744,943,-713,-817,6090,685,-26,-2343,16,19405,1,34,79,16,0,0,0,0,0,0,0,-32286,0,0,0,0,0,2772726,0
2725296,8442,-3368,-680,762,-1035,-744,6235,625,-65,-2280,-32,19405,1,34,79,16,0,0,0,0,0,0,0,-32285,0,0,0,0,0,2772741,0
2725301,8384,-3036,-422,742,-1182,-755,6373,604,-100,-2210,-8,19402,-4,34,79,16,0,0,0,0,0,0,0,-32285,0,0,0,0,0,2772746,0
2725306,8282,-2842,-248,744,-1300,-745,6508,590,-117,-2120,-8,19402,-4,34,79,16,0,0,0,0,0,0,0,-32286,0,0,0,0,0,2772761,0
2725311,8384,-2460,196,697,-1389,-782,6637,569,-109,-2035,-24,19400,2,34,79,16,0,0,0,0,0,0,0,-32287,0,0,0,0,0,2772766,0
2725316,8914,-2138,930,589,-1354,-861,6758,535,-92,-1982,-40,19400,2,34,79,16,0,0,0,0,0,0,0,-32287,0,0,0,0,0,2772781,0
2725321,8984,-2178,1198,561,-1310,-945,6881,529,-75,-1896,0,19399,19,34,79,16,0,0,0,0,0,0,0,-32286,0,0,0,0,0,2772786,0
2725326,9260,-2590,1286,495,-1195,-999,6992,489,-76,-1822,-40,19399,19,34,79,16,0,0,0,0,0,0,0,-32286,0,0,0,0,0,2772801,0
2725331,9342,-2764,1520,438,-1117,-1098,7096,450,-81,-1754,-56,19398,21,34,79,16,0,0,0,0,0,0,0,-32285,0,0,0,0,0,2772806,0
2725336,9584,-3836,1684,329,-860,-1229,7187,393,-114,-1680,-64,19398,21,34,79,16,0,0,0,0,0,0,0,-32286,0,0,0,0,0,2772821,0
2725341,9786,-4626,1628,311,-691,-1235,7269,349,-136,-1586,-88,19399,31,34,79,16,0,0,0,0,0,0,0,-32287,0,0,0,0,0,2772826,0
2725346,9296,-5284,1812,317,-635,-1287,7338,292,-157,-1497,-136,19399,31,34,79,16,0,0,0,0,0,0,0,-32286,0,0,0,0,0,2772841,0
2725351,9214,-6212,1740,311,-580,-1247,7384,181,-192,-1430,-200,19398,40,34,79,16,0,0,0,0,0,0,0,-32287,0,0,0,0,0,2772846,0
2725356,8754,-7114,1760,254,-479,-1264,7408,102,-235,-1348,-296,19398,40,34,79,16,0,0,0,0,0,0,0,-32287,0,0,0,0,0,2772861,0
2725361,7970,-7616,1772,183,-379,-1235,7411,1,-288,-1235,-384,19394,58,34,79,16,0,0,0,0,0,0,0,-32287,0,0,0,0,0,2772866,0
2725366,7382,-7766,1820,207,-416,-1263,7406,-25,-301,-1181,-384,19394,58,34,79,16,0,0,0,0,0,0,0,-32287,0,0,0,0,0,2772881,0
2725371,7210,-8450,1566,424,-402,-1265,7401,-16,-246,-1131,-344,19390,81,34,79,16,0,0,0,0,0,0,0,-32287,0,0,0,0,0,2772886,0
2725376,5996,-8984,1202,935,-753,-1309,7396,-17,-145,-1063,-320,19390,81,34,79,16,0,0,0,0,0,0,0,-32287,0,0,0,0,0,2772901,0
2725381,5632,-8908,968,1130,-885,-1310,7390,-30,-74,-985,-320,19386,93,34,79,16,0,0,0,0,0,0,0,-32287,0,0,0,0,0,2772906,0
2725386,5230,-8698,862,1223,-1006,-1292,7378,-55,-24,-902,-376,19386,93,34,79,16,0,0,0,0,0,0,0,-32287,0,0,0,0,0,2772921,0
2725391,4922,-8558,794,1208,-1126,-1262,7355,-111,-40,-789,-568,19387,91,34,79,16,0,0,0,0,0,0,0,-32287,0,0,0,0,0,2772926,0
2725396,4164,-8730,768,711,-1137,-956,7311,-203,-112,-704,-696,19387,91,34,79,16,0,0,0,0,0,0,0,-32286,0,0,0,0,0,2772941,0
2725401,3620,-8784,746,207,-986,-708,7252,-269,-178,-698,-768,19387,89,34,79,16,0,0,0,0,0,0,0,-32286,0,0,0,0,0,2772946,0
2725406,3404,-9944,790,21,-967,-480,7183,-311,-222,-625,-848,19387,89,34,79,16,0,0,0,0,0,0,0,-32285,0,0,0,0,0,2772961,0
2725411,2788,-10780,980,245,-978,-286,7105,-357,-220,-570,-928,19387,95,34,79,16,0,0,0,0,0,0,0,-32286,0,0,0,0,0,2772966,0
2725416,3634,-10676,1738,1968,-1160,-113,7008,-419,-192,-496,-1056,19387,95,34,79,16,0,0,0,0,0,0,0,-32286,0,0,0,0,0,2772981,0
2725421,3774,-9140,1910,2344,-1203,18,6897,-499,-195,-449,-1224,19386,96,34,79,16,0,0,0,0,0,0,0,-32286,0,0,0,0,0,2772986,0
2725426,4436,-7762,1538,2099,-1120,234,6765,-587,-224,-414,-1352,19386,96,34,79,16,0,0,0,0,0,0,0,-32286,0,0,0,0,0,2773001,0
2725431,4958,-6768,1272,1594,-962,449,6621,-641,-243,-369,-1416,19387,101,34,79,16,0,0,0,0,0,0,0,-32286,0,0,0,0,0,2773006,0
2725436,6048,-5944,710,1128,-745,671,6464,-700,-249,-289,-1504,19387,101,34,79,16,0,0,0,0,0,0,0,-32286,0,0,0,0,0,2773021,0
2725441,6428,-5344,914,1101,-615,721,6296,-740,-230,-242,-1544,19387,90,34,79,16,0,0,0,0,0,0,0,-32286,0,0,0,0,0,2773025,0
2725446,6850,-4894,914,1163,-636,745,6122,-764,-185,-197,-1520,19387,90,34,79,16,0,0,0,0,0,0,0,-32286,0,0,0,0,0,2773040,0
2725451,7546,-4308,922,1207,-633,753,5943,-785,-148,-141,-1512,19386,91,34,79,16,0,0,0,0,0,0,0,-32286,0,0,0,0,0,2773045,0
2725456,9408,-1678,1198,1915,-1103,223,5758,-819,-112,-95,-1544,19386,91,34,79,16,0,0,0,0,0,0,0,-32286,0,0,0,0,0,2773060,0
2725461,9418,-2618,330,2884,-1371,27,5556,-900,-111,-43,-1704,19384,87,33,79,16,0,0,0,0,0,0,0,-32286,0,0,0,0,0,2773065,0
2725466,10010,-1916,542,2508,-1618,207,5331,-998,-159,-10,-1848,19384,87,33,79,16,0,0,0,0,0,0,0,-32286,0,0,0,0,0,2773080,0
2725471,10606,930,1552,1577,-1388,120,5081,-1105,-232,25,-2016,19386,84,33,79,16,0,0,0,0,0,0,0,-32286,0,0,0,0,0,2773085,0
2725476,10672,438,118,-120,-1144,194,4807,-1224,-312,62,-2192,19386,84,33,79,16,0,0,0,0,0,0,0,-32286,0,0,0,0,0,2773100,0
2725481,10224,-444,478,-439,-1030,167,4506,-1329,-363,92,-2344,19389,73,34,79,16,0,0,0,0,0,0,0,-32286,0,0,0,0,0,2773105,0
2725486,10188,-1018,958,-482,-981,111,4186,-1416,-373,129,-2416,19389,73,34,79,16,0,0,0,0,0,0,0,-32286,0,0,0,0,0,2773120,0
2725491,10226,-1316,1458,-495,-754,106,3847,-1486,-359,167,-2472,19391,56,33,79,16,0,0,0,0,0,0,0,-32286,0,0,0,0,0,2773125,0
2725496,9912,-1410,2656,-923,-91,157,3505,-1513,-305,206,-2408,19391,56,33,79,16,0,0,0,0,0,0,0,-32286,0,0,0,0,0,2773140,0
2725501,9752,-1996,3138,-1067,264,178,3162,-1500,-214,249,-2296,19394,50,33,79,16,0,0,0,0,0,0,0,-32286,0,0,0,0,0,2773145,0
2725506,9528,-2790,3272,-983,534,176,2831,-1448,-95,301,-2136,19394,50,33,79,16,0,0,0,0,0,0,0,-32286,0,0,0,0,0,2773160,0
2725511,9236,-3166,3274,-729,689,124,2516,-1378,22,348,-1936,19397,37,34,79,16,0,0,0,0,0,0,0,-32286,0,0,0,0,0,2773165,0
2725516,9090,-3098,2820,-272,1033,-6,2221,-1294,140,406,-1736,19397,37,34,79,16,0,0,0,0,0,0,0,-32286,0,0,0,0,0,2773180,0
2725521,8918,-2730,2460,-218,1197,-54,1945,-1201,223,441,-1488,19400,26,34,79,16,0,0,0,0,0,0,0,-32286,0,0,0,0,0,2773185,0
2725526,8744,-2762,2002,-202,1300,-101,1693,-1108,282,485,-1248,19400,26,34,79,16,0,0,0,0,0,0,0,-32286,0,0,0,0,0,2773200,0
2725531,8404,-2748,1496,-169,1331,-193,1459,-1017,304,527,-1056,19408,25,34,79,16,0,0,0,0,0,0,0,-32287,0,0,0,0,0,2773205,0
2725536,7850,-3130,548,12,1261,-279,1245,-924,316,563,-816,19408,25,34,79,16,0,0,0,0,0,0,0,-32286,0,0,0,0,0,2773220,0
2725541,7836,-3384,40,102,1143,-328,1052,-841,313,616,-616,19411,19,34,79,16,0,0,0,0,0,0,0,-32286,0,0,0,0,0,2773225,0
2725546,7402,-3352,-246,176,986,-365,877,-762,304,650,-384,19411,19,34,79,16,0,0,0,0,0,0,0,-32286,0,0,0,0,0,2773239,0
2725551,7214,-3288,-462,260,773,-424,721,-682,302,695,-264,19411,17,34,79,16,0,0,0,0,0,0,0,-32286,0,0,0,0,0,2773244,0
2725556,6788,-3172,-772,335,379,-487,579,-621,290,764,-136,19411,17,34,79,16,0,0,0,0,0,0,0,-32286,0,0,0,0,0,2773259,0
2725561,6872,-3082,-742,311,184,-503,454,-553,264,811,-64,19405,15,34,79,16,0,0,0,0,0,0,0,-32285,0,0,0,0,0,2773264,0
2725566,6986,-3140,-710,352,33,-534,339,-498,243,882,-48,19405,15,34,79,16,0,0,0,0,0,0,0,-32286,0,0,0,0,0,2773279,0
2725571,7022,-3008,-590,386,-66,-575,234,-456,219,911,-32,19402,28,34,79,16,0,0,0,0,0,0,0,-32285,0,0,0,0,0,2773284,0
2725576,7084,-2884,68,283,-198,-590,131,-448,171,934,-24,19402,28,34,79,16,0,0,0,0,0,0,0,-32286,0,0,0,0,0,2773299,0
2725581,7340,-2956,310,216,-147,-568,24,-469,117,959,-72,19402,37,33,79,16,0,0,0,0,0,0,0,-32286,0,0,0,0,0,2773304,0
2725586,7376,-2708,566,123,39,-559,-91,-503,37,977,-80,19402,37,33,79,16,0,0,0,0,0,0,0,-32287,0,0,0,0,0,2773319,0
2725591,7072,-2874,1106,-17,163,-503,-214,-551,-37,1016,-104,19399,44,33,79,16,0,0,0,0,0,0,0,-32286,0,0,0,0,0,2773324,0
2725596,6750,-3350,1476,-162,434,-357,-348,-592,-97,1042,-144,19399,44,33,79,16,0,0,0,0,0,0,0,-32286,0,0,0,0,0,2773339,0
2725601,6748,-3746,1360,-227,562,-250,-497,-663,-141,1090,-200,19399,41,34,79,16,0,0,0,0,0,0,0,-32286,0,0,0,0,0,2773344,0
2725606,6486,-3626,1328,-215,627,-182,-657,-707,-169,1131,-240,19399,41,34,79,16,0,0,0,0,0,0,0,-32286,0,0,0,0,0,2773359,0
2725611,6372,-3650,1206,-212,703,-112,-823,-737,-174,1195,-304,19399,31,34,79,16,0,0,0,0,0,0,0,-32286,0,0,0,0,0,2773364,0
2725616,5980,-3444,1146,-331,814,11,-998,-777,-162,1229,-312,19399,31,34,79,16,0,0,0,0,0,0,0,-32286,0,0,0,0,0,2773379,0
2725621,5992,-3562,1060,-288,832,57,-1177,-783,-140,1258,-328,19402,23,34,79,16,0,0,0,0,0,0,0,-32285,0,0,0,0,0,2773384,0
2725626,5712,-3486,1018,-287,844,108,-1359,-799,-100,1319,-304,19402,23,34,79,16,0,0,0,0,0,0,0,-32286,0,0,0,0,0,2773399,0
2725631,5676,-3362,1038,-289,830,102,-1534,-764,-61,1336,-232,19404,6,34,79,16,0,0,0,0,0,0,0,-32286,0,0,0,0,0,2773404,0
2725636,5704,-3364,848,-99,763,122,-1705,-751,-12,1407,-184,19404,6,34,79,16,0,0,0,0,0,0,0,-32287,0,0,0,0,0,2773419,0
2725641,5700,-2954,862,-89,728,86,-1868,-712,43,1426,-112,19405,-2,34,79,16,0,0,0,0,0,0,0,-32285,0,0,0,0,0,2773424,0
2725646,5948,-3022,758,-20,685,82,-2017,-654,90,1493,-96,19405,-2,34,79,16,0,0,0,0,0,0,0,-32286,0,0,0,0,0,2773439,0
2725651,5760,-2946,742,-17,646,87,-2156,-614,130,1537,-48,19404,-5,34,79,16,0,0,0,0,0,0,0,-32286,0,0,0,0,0,2773444,0
2725656,6044,-2860,618,123,534,40,-2284,-555,149,1556,8,19404,-5,34,79,16,0,0,0,0,0,0,0,-32286,0,0,0,0,0,2773459,0
2725661,6186,-2648,660,240,452,4,-2396,-484,181,1627,16,19405,-6,34,79,16,0,0,0,0,0,0,0,-32287,0,0,0,0,0,2773464,0
2725666,6204,-2404,642,268,409,-14,-2492,-421,196,1669,56,19405,-6,34,79,16,0,0,0,0,0,0,0,-32286,0,0,0,0,0,2773479,0
2725671,6410,-2354,546,264,368,-7,-2575,-355,210,1673,96,19402,14,34,79,16,0,0,0,0,0,0,0,-32286,0,0,0,0,0,2773484,0
2725676,6716,-2082,466,304,318,-63,-2642,-289,231,1694,144,19402,14,34,79,16,0,0,0,0,0,0,0,-32285,0,0,0,0,0,2773499,0
2725681,6710,-1820,456,266,311,-81,-2699,-247,224,1724,192,19399,38,34,79,16,0,0,0,0,0,0,0,-32285,0,0,0,0,0,2773504,0
2725686,6830,-1796,398,238,289,-69,-2745,-201,198,1746,264,19399,38,34,79,16,0,0,0,0,0,0,0,-32285,0,0,0,0,0,2773518,0
2725691,6708,-1644,422,213,259,-125,-2777,-141,192,1753,360,19396,64,34,79,16,0,0,0,0,0,0,0,-32284,0,0,0,0,0,2773523,0
2725696,6740,-1596,506,174,273,-93,-2801,-102,174,1779,504,19396,64,34,79,16,0,0,0,0,0,0,0,-32285,0,0,0,0,0,2773538,0
2725701,7112,-1716,448,185,259,-108,-2811,-31,174,1770,688,19392,81,34,79,16,0,0,0,0,0,0,0,-32286,0,0,0,0,0,2773543,0
2725706,6996,-1662,380,173,277,-73,-2808,10,180,1819,736,19392,81,34,79,16,0,0,0,0,0,0,0,-32285,0,0,0,0,0,2773558,0
2725711,6842,-1528,300,56,297,-21,-2806,7,172,1896,712,19387,99,34,79,16,0,0,0,0,0,0,0,-32285,0,0,0,0,0,2773563,0
2725716,6542,-1634,104,-228,379,63,-2804,-1,121,1937,712,19387,99,34,79,16,0,0,0,0,0,0,0,-32285,0,0,0,0,0,2773578,0
2725721,6396,-1708,204,-262,388,104,-2804,3,64,1956,712,19380,116,34,79,16,0,0,0,0,0,0,0,-32285,0,0,0,0,0,2773583,0
2725726,6212,-1682,290,-310,423,131,-2803,9,10,1975,752,19380,116,34,79,16,0,0,0,0,0,0,0,-32285,0,0,0,0,0,2773598,0
2725731,6126,-1714,264,-365,433,157,-2802,2,-5,1996,760,19376,130,34,79,16,0,0,0,0,0,0,0,-32285,0,0,0,0,0,2773603,0
2725736,5868,-1714,264,-477,505,208,-2799,9,8,2016,792,19376,130,34,79,16,0,0,0,0,0,0,0,-32285,0,0,0,0,0,2773618,0
2725741,5838,-1810,172,-537,538,245,-2794,13,15,2046,792,19374,137,34,79,16,0,0,0,0,0,0,0,-32285,0,0,0,0,0,2773623,0
2725746,5628,-1828,238,-566,546,272,-2790,17,16,2075,792,19374,137,34,79,16,0,0,0,0,0,0,0,-32285,0,0,0,0,0,2773638,0
2725751,5544,-1876,280,-599,534,292,-2786,19,13,2097,816,19373,145,34,79,16,0,0,0,0,0,0,0,-32285,0,0,0,0,0,2773643,0
2725756,5450,-1890,280,-656,540,363,-2781,22,10,2118,832,19373,145,34,79,16,0,0,0,0,0,0,0,-32285,0,0,0,0,0,2773658,0
2725761,5392,-1890,368,-704,538,382,-2775,24,5,2136,840,19372,153,34,79,16,0,0,0,0,0,0,0,-32285,0,0,0,0,0,2773663,0
2725766,5476,-1900,378,-720,521,417,-2769,31,8,2155,880,19372,153,34,79,16,0,0,0,0,0,0,0,-32285,0,0,0,0,0,2773678,0
2725771,5464,-1828,448,-729,523,442,-2760,45,15,2158,928,19372,163,34,79,16,0,0,0,0,0,0,0,-32285,0,0,0,0,0,2773689,0
2725776,5810,-1746,556,-624,440,410,-2738,101,36,2156,1056,19372,163,34,79,16,0,0,0,0,0,0,0,-32285,0,0,0,0,0,2773698,0
2725781,6010,-1802,626,-503,381,416,-2696,183,96,2156,1232,19370,172,34,79,16,0,0,0,0,0,0,0,-32284,0,0,0,0,0,2773703,0
2725786,5986,-1486,678,-518,338,397,-2642,247,163,2159,1432,19370,172,34,79,16,0,0,0,0,0,0,0,-32285,0,0,0,0,0,2773718,0
2725791,6474,-1714,650,-466,263,373,-2571,317,215,2204,1616,19368,186,34,79,16,0,0,0,0,0,0,0,-32285,0,0,0,0,0,2773723,0
2725796,6866,-1368,738,-277,100,275,-2477,427,245,2212,1848,19368,186,34,79,16,0,0,0,0,0,0,0,-32286,0,0,0,0,0,2773738,0
2725801,7010,-1214,746,-227,8,214,-2362,517,282,2245,2064,19361,218,34,79,16,0,0,0,0,0,0,0,-32286,0,0,0,0,0,2773743,0
2725806,7384,-1124,746,-102,-113,112,-2221,620,313,2272,2304,19361,218,34,79,16,0,0,0,0,0,0,0,-32287,0,0,0,0,0,2773758,0
2725811,7616,-864,826,-38,-163,53,-2057,719,346,2299,2480,19351,259,34,79,16,0,0,0,0,0,0,0,-32286,0,0,0,0,0,2773763,0
2725816,7988,-558,914,-33,-259,-101,-1878,790,345,2307,2696,19351,259,34,79,16,0,0,0,0,0,0,0,-32285,0,0,0,0,0,2773778,0
2725821,8234,-640,936,-31,-236,-155,-1682,864,315,2313,2744,19335,307,34,79,16,0,0,0,0,0,0,0,-32285,0,0,0,0,0,2773783,0
2725826,8246,-748,1196,-96,-150,-190,-1477,903,275,2304,2888,19335,307,34,79,16,0,0,0,0,0,0,0,-32286,0,0,0,0,0,2773798,0
2725831,8244,-700,1356,-138,-127,-253,-1265,945,222,2334,2952,19326,351,34,79,16,0,0,0,0,0,0,0,-32286,0,0,0,0,0,2773802,0
2725836,8210,-1026,1550,-160,9,-300,-1046,957,171,2309,2880,19326,351,34,79,16,0,0,0,0,0,0,0,-32285,0,0,0,0,0,2773817,0
2725841,8168,-944,1530,-196,68,-366,-824,981,123,2298,3000,19318,379,34,79,16,0,0,0,0,0,0,0,-32286,0,0,0,0,0,2773822,0
2725846,8270,-1340,1492,-188,158,-363,-600,988,87,2349,2992,19318,379,34,79,16,0,0,0,0,0,0,0,-32287,0,0,0,0,0,2773837,0
2725851,7908,-1302,1608,-212,186,-378,-378,982,52,2300,2880,19315,402,34,79,16,0,0,0,0,0,0,0,-32285,0,0,0,0,0,2773842,0
2725856,7644,-1594,1134,-322,258,-371,-162,949,16,2298,2848,19315,402,34,79,16,0,0,0,0,0,0,0,-32285,0,0,0,0,0,2773857,0
2725861,7576,-1924,1256,-362,276,-355,51,935,-22,2321,2800,19315,408,34,79,16,0,0,0,0,0,0,0,-32287,0,0,0,0,0,2773862,0
2725866,7454,-2122,1164,-343,235,-333,255,894,-60,2298,2656,19315,408,34,79,16,0,0,0,0,0,0,0,-32286,0,0,0,0,0,2773877,0
2725871,7302,-2000,1040,-338,223,-327,450,854,-85,2285,2648,19317,408,33,79,16,0,0,0,0,0,0,0,-32284,0,0,0,0,0,2773882,0
2725876,7292,-2178,932,-420,231,-262,635,808,-119,2282,2472,19317,408,33,79,16,0,0,0,0,0,0,0,-32285,0,0,0,0,0,2773897,0
2725881,7228,-2366,946,-489,198,-226,809,755,-133,2270,2320,19318,392,34,79,16,0,0,0,0,0,0,0,-32286,0,0,0,0,0,2773902,0
2725886,7132,-2466,856,-502,167,-201,971,703,-156,2255,2320,19318,392,34,79,16,0,0,0,0,0,0,0,-32286,0,0,0,0,0,2773917,0
2725891,7244,-2630,720,-417,66,-180,1117,640,-169,2236,2176,19326,379,34,79,16,0,0,0,0,0,0,0,-32285,0,0,0,0,0,2773922,0
2725896,7526,-2316,654,-542,3,-115,1246,562,-201,2230,1928,19326,379,34,79,16,0,0,0,0,0,0,0,-32285,0,0,0,0,0,2773937,0
2725901,7618,-2232,748,-653,-3,-85,1359,487,-229,2178,1832,19331,354,34,79,16,0,0,0,0,0,0,0,-32285,0,0,0,0,0,2773942,0
2725906,7734,-2626,864,-712,-24,-44,1457,429,-234,2156,1616,19331,354,34,79,16,0,0,0,0,0,0,0,-32286,0,0,0,0,0,2773957,0
2725911,7812,-3016,964,-686,-92,9,1537,344,-248,2167,1440,19340,322,34,79,16,0,0,0,0,0,0,0,-32286,0,0,0,0,0,2773961,0
2725916,8058,-3062,1332,-728,-131,81,1597,265,-253,2159,1224,19340,322,34,79,16,0,0,0,0,0,0,0,-32287,0,0,0,0,0,2773976,0
2725921,7970,-2764,1566,-794,-87,104,1643,185,-263,2101,1128,19345,281,34,79,16,0,0,0,0,0,0,0,-32286,0,0,0,0,0,2773981,0
2725926,8272,-3170,1674,-804,-73,159,1670,118,-263,2093,1000,19345,281,34,79,16,0,0,0,0,0,0,0,-32286,0,0,0,0,0,2773996,0
2725931,8216,-2920,1892,-730,-78,120,1693,103,-247,2075,912,19353,226,34,79,16,0,0,0,0,0,0,0,-32286,0,0,0,0,0,2774001,0
2725936,8672,-2442,1968,-433,-83,93,1709,61,-203,2040,824,19353,226,34,79,16,0,0,0,0,0,0,0,-32286,0,0,0,0,0,2774016,0
2725941,8872,-1966,1812,-547,-21,99,1711,9,-159,2032,672,19362,190,34,79,16,0,0,0,0,0,0,0,-32286,0,0,0,0,0,2774021,0
2725946,9144,-1672,1626,-627,59,68,1708,-15,-138,1977,640,19362,190,34,79,16,0,0,0,0,0,0,0,-32286,0,0,0,0,0,2774036,0
2725951,9304,-1712,1582,-625,97,39,1707,-8,-112,1911,664,19370,159,34,79,16,0,0,0,0,0,0,0,-32286,0,0,0,0,0,2774041,0
2725956,10002,-2272,1682,-653,171,20,1709,9,-74,1878,632,19370,159,34,79,16,0,0,0,0,0,0,0,-32286,0,0,0,0,0,2774056,0
2725961,10694,-2796,1836,-719,238,32,1709,5,-23,1850,624,19374,143,34,79,16,0,0,0,0,0,0,0,-32286,0,0,0,0,0,2774061,0
2725966,11478,-3436,2006,-794,340,65,1706,0,-1,1808,624,19374,143,34,79,16,0,0,0,0,0,0,0,-32286,0,0,0,0,0,2774076,0
2725971,12026,-3998,1992,-904,396,117,1708,3,8,1769,600,19375,131,34,79,16,0,0,0,0,0,0,0,-32286,0,0,0,0,0,2774081,0
2725976,12718,-5390,1218,-1199,404,335,1707,1,1,1733,592,19375,131,34,79,16,0,0,0,0,0,0,0,-32286,0,0,0,0,0,2774096,0
2725981,12848,-5956,814,-1331,304,433,1708,1,1,1689,592,19377,137,34,79,16,0,0,0,0,0,0,0,-32286,0,0,0,0,0,2774101,0
2725986,13068,-6356,758,-1261,246,492,1708,0,2,1649,568,19377,137,34,79,16,0,0,0,0,0,0,0,-32286,0,0,0,0,0,2774114,0
2725991,13134,-6380,914,-1095,168,517,1710,6,2,1610,552,19380,141,33,79,16,0,0,0,0,0,0,0,-32286,0,0,0,0,0,2774119,0
2725996,13310,-6160,1980,-1039,244,498,1711,7,2,1565,544,19380,141,33,79,16,0,0,0,0,0,0,0,-32287,0,0,0,0,0,2774134,0
2726001,13332,-6078,2470,-1000,390,454,1711,5,0,1524,504,19382,128,33,79,16,0,0,0,0,0,0,0,-32287,0,0,0,0,0,2774137,0
2726006,12826,-6032,2882,-1053,581,419,1713,5,0,1478,504,19382,128,33,79,16,0,0,0,0,0,0,0,-32286,0,0,0,0,0,2774152,0
2726011,12204,-6036,2908,-1053,707,334,1716,12,4,1427,496,19380,115,34,79,16,0,0,0,0,0,0,0,-32286,0,0,0,0,0,2774157,0
2726016,10554,-6274,2156,-780,831,132,1718,15,4,1381,504,19380,115,34,79,16,0,0,0,0,0,0,0,-32286,0,0,0,0,0,2774172,0
2726021,9700,-6278,1640,-611,786,42,1726,35,16,1326,552,19379,115,34,79,16,0,0,0,0,0,0,0,-32286,0,0,0,0,0,2774177,0
2726026,8890,-6260,1232,-436,705,-35,1738,52,36,1261,648,19379,115,34,79,16,0,0,0,0,0,0,0,-32286,0,0,0,0,0,2774192,0
2726031,8022,-6172,1058,-268,563,-105,1763,111,73,1207,712,19381,112,34,79,16,0,0,0,0,0,0,0,-32286,0,0,0,0,0,2774197,0
2726036,6304,-6156,864,-164,327,-74,1791,123,93,1203,672,19381,112,34,79,16,0,0,0,0,0,0,0,-32286,0,0,0,0,0,2774212,0
2726041,5796,-6026,784,-64,175,-82,1824,151,101,1153,696,19381,110,34,79,16,0,0,0,0,0,0,0,-32286,0,0,0,0,0,2774217,0
2726046,5264,-6124,716,63,58,2,1860,153,87,1108,672,19381,110,34,79,16,0,0,0,0,0,0,0,-32286,0,0,0,0,0,2774232,0
2726051,4678,-5486,904,154,-94,29,1896,163,51,1050,672,19381,111,34,79,16,0,0,0,0,0,0,0,-32285,0,0,0,0,0,2774237,0
2726056,4218,-4600,1008,122,-114,214,1927,141,6,1038,576,19381,111,34,79,16,0,0,0,0,0,0,0,-32285,0,0,0,0,0,2774252,0
2726061,4232,-4214,1050,96,-100,261,1957,144,-4,959,576,19381,105,33,79,16,0,0,0,0,0,0,0,-32285,0,0,0,0,0,2774257,0
2726066,4224,-3968,1120,108,-30,330,1990,149,-9,900,632,19381,105,33,79,16,0,0,0,0,0,0,0,-32286,0,0,0,0,0,2774272,0
2726071,4142,-3408,1198,198,-45,336,2031,188,14,831,688,19384,110,33,79,16,0,0,0,0,0,0,0,-32285,0,0,0,0,0,2774277,0
2726076,4454,-2654,1200,687,-110,217,2081,224,39,806,728,19384,110,33,79,16,0,0,0,0,0,0,0,-32286,0,0,0,0,0,2774292,0
2726081,4932,-1634,1044,708,34,220,2138,256,89,730,872,19384,104,34,79,16,0,0,0,0,0,0,0,-32286,0,0,0,0,0,2774297,0
2726086,4872,-506,1138,523,182,170,2212,325,127,690,928,19384,104,34,79,16,0,0,0,0,0,0,0,-32286,0,0,0,0,0,2774312,0
2726091,5084,-428,1344,355,531,167,2297,379,155,645,1040,19383,99,34,79,16,0,0,0,0,0,0,0,-32286,0,0,0,0,0,2774317,0
2726096,4464,-1000,-168,129,402,49,2390,414,176,607,1088,19383,99,34,79,16,0,0,0,0,0,0,0,-32286,0,0,0,0,0,2774332,0
2726101,3974,-1104,-536,179,280,0,2494,449,166,562,1136,19382,100,34,79,16,0,0,0,0,0,0,0,-32286,0,0,0,0,0,2774337,0
2726106,4074,-1296,-752,124,256,-8,2601,482,151,514,1176,19382,100,34,79,16,0,0,0,0,0,0,0,-32286,0,0,0,0,0,2774352,0
2726111,4098,-1170,-648,-57,285,-10,2720,521,132,483,1216,19383,104,34,79,16,0,0,0,0,0,0,0,-32286,0,0,0,0,0,2774357,0
2726116,4314,-2392,-548,-427,251,43,2843,546,117,451,1216,19383,104,34,79,16,0,0,0,0,0,0,0,-32286,0,0,0,0,0,2774372,0
2726121,4264,-3340,-260,-465,149,89,2968,549,109,390,1168,19383,99,34,79,16,0,0,0,0,0,0,0,-32286,0,0,0,0,0,2774377,0
2726126,4476,-3942,-10,-431,41,142,3091,536,70,337,1072,19383,99,34,79,16,0,0,0,0,0,0,0,-32286,0,0,0,0,0,2774392,0
2726131,4698,-4492,292,-390,-47,215,3211,526,27,283,1008,19384,89,34,79,16,0,0,0,0,0,0,0,-32286,0,0,0,0,0,2774397,0
2726136,5370,-5108,892,-458,-102,395,3323,494,-19,236,848,19384,89,34,79,16,0,0,0,0,0,0,0,-32286,0,0,0,0,0,2774412,0
2726141,5836,-5580,1096,-543,-116,493,3422,420,-67,197,624,19384,84,34,79,16,0,0,0,0,0,0,0,-32286,0,0,0,0,0,2774417,0
2726146,6156,-5930,1216,-601,-125,561,3509,370,-120,157,432,19384,84,34,79,16,0,0,0,0,0,0,0,-32286,0,0,0,0,0,2774432,0
2726151,6448,-6338,1158,-612,-175,634,3578,297,-167,124,216,19386,75,34,79,16,0,0,0,0,0,0,0,-32286,0,0,0,0,0,2774436,0
2726156,6476,-6708,758,-579,-328,737,3635,232,-202,67,88,19386,75,34,79,16,0,0,0,0,0,0,0,-32286,0,0,0,0,0,2774449,0
2726161,6478,-6512,418,-591,-393,752,3673,154,-233,-9,24,19386,76,34,79,16,0,0,0,0,0,0,0,-32286,0,0,0,0,0,2774454,0
2726166,6564,-6546,112,-562,-494,769,3691,61,-242,-61,-32,19386,76,34,79,16,0,0,0,0,0,0,0,-32286,0,0,0,0,0,2774469,0
2726171,6504,-6330,-70,-506,-542,756,3683,-38,-280,-89,-80,19388,70,34,79,16,0,0,0,0,0,0,0,-32286,0,0,0,0,0,2774474,0
2726176,6488,-5974,-338,-290,-647,628,3665,-84,-293,-143,-104,19388,70,34,79,16,0,0,0,0,0,0,0,-32286,0,0,0,0,0,2774488,0
2726181,6244,-5610,-354,-322,-645,603,3647,-79,-262,-187,-144,19388,73,34,79,16,0,0,0,0,0,0,0,-32286,0,0,0,0,0,2774493,0
2726186,6168,-5268,-346,-376,-617,545,3620,-114,-187,-229,-200,19388,73,34,79,16,0,0,0,0,0,0,0,-32286,0,0,0,0,0,2774508,0
2726191,6190,-5088,-344,-304,-627,419,3597,-105,-101,-289,-200,19389,66,34,79,16,0,0,0,0,0,0,0,-32286,0,0,0,0,0,2774513,0
2726196,6076,-5262,-256,155,-801,225,3570,-124,-50,-325,-304,19389,66,34,79,16,0,0,0,0,0,0,0,-32286,0,0,0,0,0,2774528,0
2726201,6024,-4858,-26,271,-850,121,3532,-166,-48,-356,-416,19393,59,33,79,16,0,0,0,0,0,0,0,-32286,0,0,0,0,0,2774533,0
2726206,6162,-5170,-226,185,-873,161,3485,-213,-76,-411,-552,19393,59,33,79,16,0,0,0,0,0,0,0,-32286,0,0,0,0,0,2774548,0
2726211,5772,-4916,-174,-37,-937,151,3430,-240,-103,-456,-712,19394,66,34,79,16,0,0,0,0,0,0,0,-32286,0,0,0,0,0,2774553,0
2726216,5766,-5108,-258,-72,-1073,151,3363,-296,-135,-512,-848,19394,66,34,79,16,0,0,0,0,0,0,0,-32286,0,0,0,0,0,2774568,0
2726221,5898,-5156,-218,200,-1221,74,3283,-353,-152,-571,-1024,19392,72,34,79,16,0,0,0,0,0,0,0,-32286,0,0,0,0,0,2774573,0
2726226,6044,-4836,-250,450,-1322,23,3188,-419,-172,-683,-1624,19392,72,34,79,16,0,0,0,0,0,0,0,-32286,0,0,0,0,0,2774588,0
2726231,6312,-4578,-298,502,-1382,77,3054,-610,-230,-1185,-2264,19384,93,34,79,16,0,0,0,0,0,0,0,-32285,0,0,0,0,0,2774593,0
2726236,6280,-4662,-128,-384,-1143,490,2862,-878,-384,-1483,-2840,19384,93,34,79,16,0,0,0,0,0,0,0,-32286,0,0,0,0,0,2774611,0
2726241,5014,-5106,450,-2333,-276,1318,2616,-1102,-567,-1657,-3240,19371,160,34,79,16,0,0,0,0,0,0,0,-32287,0,0,0,0,0,2774616,0
2726246,5408,-4362,1902,-2532,-44,1124,2332,-1260,-695,-1787,-3664,19371,160,34,79,16,0,0,0,0,0,0,0,-32285,0,0,0,0,0,2774631,0
2726251,7270,-6774,1892,-1896,839,1433,2017,-1388,-727,-1903,-3864,19351,257,34,79,16,0,0,0,0,0,0,0,-32286,0,0,0,0,0,2774636,0
2726256,2772,-7988,5218,-2178,1957,2254,1696,-1405,-601,-2056,-3864,19351,257,34,79,16,0,0,0,0,0,0,0,-32287,0,0,0,0,0,2774651,0
2726261,5122,-10306,2618,-1075,1933,2429,1385,-1359,-373,-2157,-3728,19325,369,34,79,16,0,0,0,0,0,0,0,-32285,0,0,0,0,0,2774656,0
2726266,4088,-8674,2080,282,1465,2369,1094,-1276,-133,-2246,-3448,19325,369,34,79,16,0,0,0,0,0,0,0,-32287,0,0,0,0,0,2774671,0
2726271,5500,-6396,616,1065,1134,2256,828,-1157,86,-2376,-3200,19305,448,34,79,16,0,0,0,0,0,0,0,-32285,0,0,0,0,0,2774676,0
2726276,6690,-1828,-850,629,793,2051,588,-1043,257,-2468,-3088,19305,448,34,79,16,0,0,0,0,0,0,0,-32286,0,0,0,0,0,2774691,0
2726281,7024,-1484,-1364,188,594,1910,371,-947,339,-2593,-2872,19298,484,34,79,16,0,0,0,0,0,0,0,-32287,0,0,0,0,0,2774696,0
2726286,7174,-1798,-1306,153,292,1722,181,-827,378,-2667,-2672,19298,484,34,79,16,0,0,0,0,0,0,0,-32287,0,0,0,0,0,2774711,0
2726291,7774,-2472,-1304,413,44,1602,15,-730,383,-2781,-2392,19299,482,34,79,16,0,0,0,0,0,0,0,-32285,0,0,0,0,0,2774716,0
2726296,8342,-1954,-640,837,-243,1230,-119,-575,395,-2915,-2064,19299,482,34,79,16,0,0,0,0,0,0,0,-32285,0,0,0,0,0,2774731,0
2726301,8622,-1736,-510,888,-335,1062,-218,-420,424,-2935,-1872,19306,454,34,79,16,0,0,0,0,0,0,0,-32286,0,0,0,0,0,2774736,0
2726306,8738,-1676,-472,832,-432,935,-289,-298,453,-3054,-1688,19306,454,34,79,16,0,0,0,0,0,0,0,-32287,0,0,0,0,0,2774751,0
2726311,8858,-1748,-494,825,-598,772,-339,-199,460,-3156,-1544,19313,414,34,79,16,0,0,0,0,0,0,0,-32287,0,0,0,0,0,2774754,0
2726316,8908,-2054,-546,821,-719,586,-369,-118,430,-3266,-1408,19313,414,34,79,16,0,0,0,0,0,0,0,-32287,0,0,0,0,0,2774769,0
2726321,8530,-1946,-330,756,-779,518,-388,-76,350,-3335,-1296,19323,374,34,79,16,0,0,0,0,0,0,0,-32287,0,0,0,0,0,2774774,0
2726326,8612,-2084,-422,764,-830,437,-393,-25,279,-3420,-1184,19323,374,34,79,16,0,0,0,0,0,0,0,-32287,0,0,0,0,0,2774789,0
2726331,8290,-2298,-304,723,-853,433,-391,12,226,-3449,-1232,19333,322,34,79,16,0,0,0,0,0,0,0,-32287,0,0,0,0,0,2774794,0
2726336,8158,-2548,184,386,-797,453,-391,-4,156,-3480,-1264,19333,322,34,79,16,0,0,0,0,0,0,0,-32287,0,0,0,0,0,2774809,0
2726341,7912,-3062,522,335,-713,478,-392,-1,88,-3533,-1264,19339,292,34,79,16,0,0,0,0,0,0,0,-32288,0,0,0,0,0,2774814,0
2726346,7774,-3508,740,401,-668,509,-393,-8,36,-3584,-1280,19339,292,34,79,16,0,0,0,0,0,0,0,-32288,0,0,0,0,0,2774829,0
2726351,7574,-3642,930,493,-617,538,-392,1,7,-3616,-1304,19342,280,34,79,16,0,0,0,0,0,0,0,-32288,0,0,0,0,0,2774834,0
2726356,7338,-3578,1058,531,-436,594,-392,-1,-5,-3647,-1304,19342,280,34,79,16,0,0,0,0,0,0,0,-32287,0,0,0,0,0,2774849,0
2726361,7206,-3552,1056,524,-364,615,-392,-2,7,-3676,-1320,19343,277,34,79,16,0,0,0,0,0,0,0,-32287,0,0,0,0,0,2774854,0
2726366,7148,-3636,1046,531,-289,633,-392,4,1,-3691,-1312,19343,277,34,79,16,0,0,0,0,0,0,0,-32288,0,0,0,0,0,2774868,0
2726371,7088,-3804,964,583,-204,657,-392,-4,1,-3698,-1320,19341,291,34,79,16,0,0,0,0,0,0,0,-32287,0,0,0,0,0,2774873,0
2726376,7138,-3746,944,663,-82,685,-393,-2,-3,-3700,-1304,19341,291,34,79,16,0,0,0,0,0,0,0,-32287,0,0,0,0,0,2774888,0
2726381,7110,-3610,936,683,-9,696,-391,0,3,-3693,-1304,19339,299,34,79,16,0,0,0,0,0,0,0,-32287,0,0,0,0,0,2774893,0
2726386,7130,-3672,842,688,60,698,-390,3,1,-3690,-1304,19339,299,34,79,16,0,0,0,0,0,0,0,-32288,0,0,0,0,0,2774908,0
2726391,7026,-3686,792,712,101,688,-389,3,3,-3675,-1312,19335,312,34,79,16,0,0,0,0,0,0,0,-32287,0,0,0,0,0,2774913,0
2726396,6996,-3606,614,782,171,698,-389,3,4,-3653,-1304,19335,312,34,79,16,0,0,0,0,0,0,0,-32288,0,0,0,0,0,2774928,0
2726401,7064,-3628,524,791,191,694,-389,2,4,-3638,-1264,19337,307,34,79,16,0,0,0,0,0,0,0,-32287,0,0,0,0,0,2774933,0
2726406,6948,-3538,462,789,192,694,-386,13,2,-3617,-1248,19337,307,34,79,16,0,0,0,0,0,0,0,-32287,0,0,0,0,0,2774948,0
2726411,6992,-3636,346,806,211,672,-386,2,3,-3581,-1224,19337,312,34,79,16,0,0,0,0,0,0,0,-32288,0,0,0,0,0,2774953,0
2726416,6892,-3520,176,867,198,648,-382,7,5,-3545,-1224,19337,312,34,79,16,0,0,0,0,0,0,0,-32287,0,0,0,0,0,2774968,0
2726421,6880,-3428,100,863,174,623,-380,9,1,-3505,-1208,19340,307,34,79,16,0,0,0,0,0,0,0,-32287,0,0,0,0,0,2774973,0
2726426,6872,-3478,82,840,147,608,-378,6,8,-3468,-1184,19340,307,34,79,16,0,0,0,0,0,0,0,-32287,0,0,0,0,0,2774988,0
2726431,6860,-3538,8,829,123,593,-375,15,2,-3427,-1168,19339,309,34,79,16,0,0,0,0,0,0,0,-32287,0,0,0,0,0,2774993,0
2726436,6836,-3510,-160,894,15,551,-371,24,8,-3378,-1144,19339,309,34,79,16,0,0,0,0,0,0,0,-32287,0,0,0,0,0,2775008,0
2726441,6896,-3450,-32,921,-6,528,-364,35,12,-3336,-1096,19339,295,34,79,16,0,0,0,0,0,0,0,-32288,0,0,0,0,0,2775013,0
2726446,6844,-3428,-26,906,-67,506,-353,57,22,-3287,-1016,19339,295,34,79,16,0,0,0,0,0,0,0,-32287,0,0,0,0,0,2775028,0
2726451,6952,-3406,-168,927,-165,458,-328,121,59,-3260,-872,19342,266,34,79,16,0,0,0,0,0,0,0,-32287,0,0,0,0,0,2775033,0
2726456,6892,-3410,-378,1073,-428,399,-291,165,106,-3201,-736,19342,266,34,79,16,0,0,0,0,0,0,0,-32287,0,0,0,0,0,2775048,0
2726461,7082,-3042,-550,1157,-613,300,-238,237,157,-3145,-520,19348,236,34,79,16,0,0,0,0,0,0,0,-32287,0,0,0,0,0,2775052,0
2726466,7002,-2796,-600,1176,-699,246,-167,325,205,-3065,-312,19348,236,34,79,16,0,0,0,0,0,0,0,-32286,0,0,0,0,0,2775067,0
2726471,7212,-2762,-692,1189,-853,182,-76,408,240,-2992,-128,19359,194,34,79,16,0,0,0,0,0,0,0,-32286,0,0,0,0,0,2775071,0
2726476,7194,-2352,-770,1402,-1243,-64,44,544,279,-2856,8,19359,194,34,79,16,0,0,0,0,0,0,0,-32285,0,0,0,0,0,2775086,0
2726481,7720,-2410,-1094,1561,-1438,-150,198,690,349,-2710,80,19372,130,34,79,16,0,0,0,0,0,0,0,-32285,0,0,0,0,0,2775091,0
2726486,7422,-2108,-1150,1625,-1671,-252,382,821,413,-2677,168,19372,130,34,79,16,0,0,0,0,0,0,0,-32287,0,0,0,0,0,2775106,0
2726491,7688,-1798,-1180,1634,-1883,-378,591,931,448,-2607,256,19388,51,34,79,16,0,0,0,0,0,0,0,-32287,0,0,0,0,0,2775111,0
2726496,7840,-1994,-946,1524,-2107,-421,813,982,431,-2554,272,19388,51,34,79,16,0,0,0,0,0,0,0,-32285,0,0,0,0,0,2775126,0
2726501,8178,-1984,-632,1495,-2194,-498,1044,1018,345,-2524,408,19405,-13,34,79,16,0,0,0,0,0,0,0,-32285,0,0,0,0,0,2775130,0
2726506,8328,-2176,-244,1479,-2134,-495,1276,1030,236,-2437,472,19405,-13,34,79,16,0,0,0,0,0,0,0,-32287,0,0,0,0,0,2775145,0
2726511,8576,-2154,230,1491,-2091,-536,1513,1047,147,-2370,544,19417,-66,34,79,16,0,0,0,0,0,0,0,-32286,0,0,0,0,0,2775150,0
2726516,9038,-2428,1240,1563,-1861,-580,1755,1062,82,-2296,640,19417,-66,34,79,16,0,0,0,0,0,0,0,-32285,0,0,0,0,0,2775165,0
2726521,9322,-2662,1506,1619,-1681,-574,1998,1085,61,-2209,672,19421,-84,33,79,16,0,0,0,0,0,0,0,-32287,0,0,0,0,0,2775170,0
2726526,9168,-2568,1744,1609,-1479,-583,2241,1072,51,-2119,656,19421,-84,33,79,16,0,0,0,0,0,0,0,-32286,0,0,0,0,0,2775185,0
2726531,9488,-2814,1838,1643,-1296,-614,2481,1058,27,-2051,664,19420,-101,33,79,16,0,0,0,0,0,0,0,-32285,0,0,0,0,0,2775190,0
2726536,9440,-2856,1942,1732,-836,-644,2722,1051,4,-1966,672,19420,-101,33,79,16,0,0,0,0,0,0,0,-32287,0,0,0,0,0,2775205,0
2726541,9502,-2850,1764,1775,-617,-671,2965,1068,-3,-1869,768,19419,-90,34,79,16,0,0,0,0,0,0,0,-32286,0,0,0,0,0,2775210,0
2726546,9190,-2808,1584,1751,-404,-678,3209,1082,0,-1787,824,19419,-90,34,79,16,0,0,0,0,0,0,0,-32285,0,0,0,0,0,2775225,0
2726551,9186,-2858,1314,1756,-266,-698,3456,1078,13,-1691,816,19419,-85,34,79,16,0,0,0,0,0,0,0,-32286,0,0,0,0,0,2775230,0
2726556,8682,-2744,678,1747,-64,-721,3699,1068,15,-1603,832,19419,-85,34,79,16,0,0,0,0,0,0,0,-32287,0,0,0,0,0,2775246,0
2726561,8514,-2870,282,1751,19,-702,3942,1061,8,-1532,832,19417,-73,34,79,16,0,0,0,0,0,0,0,-32285,0,0,0,0,0,2775250,0
2726566,8174,-2586,-14,1752,-31,-740,4187,1085,-3,-1463,920,19417,-73,34,79,16,0,0,0,0,0,0,0,-32286,0,0,0,0,0,2775265,0
2726571,8150,-2640,-408,1773,-46,-740,4433,1088,-1,-1367,960,19415,-63,34,79,16,0,0,0,0,0,0,0,-32286,0,0,0,0,0,2775270,0
2726576,7822,-2368,-856,1668,-185,-741,4681,1097,10,-1294,984,19415,-63,34,79,16,0,0,0,0,0,0,0,-32286,0,0,0,0,0,2775285,0
2726581,7486,-2126,-962,1606,-272,-746,4929,1085,18,-1204,1048,19413,-49,34,79,16,0,0,0,0,0,0,0,-32286,0,0,0,0,0,2775290,0
2726586,7616,-2208,-1076,1566,-389,-767,5177,1092,20,-1134,1088,19413,-49,34,79,16,0,0,0,0,0,0,0,-32286,0,0,0,0,0,2775305,0
2726591,7568,-2108,-994,1580,-485,-778,5427,1097,8,-1051,1160,19410,-40,34,79,16,0,0,0,0,0,0,0,-32286,0,0,0,0,0,2775309,0
2726596,7744,-1920,-700,1621,-606,-831,5679,1110,13,-964,1216,19410,-40,34,79,16,0,0,0,0,0,0,0,-32286,0,0,0,0,0,2775324,0
2726601,7694,-1644,-594,1549,-619,-824,5934,1122,24,-888,1256,19407,-30,34,79,16,0,0,0,0,0,0,0,-32286,0,0,0,0,0,2775329,0
2726606,7842,-1668,-516,1475,-645,-818,6190,1128,28,-809,1304,19407,-30,34,79,16,0,0,0,0,0,0,0,-32286,0,0,0,0,0,2775344,0
2726611,7898,-1428,-242,1411,-612,-859,6446,1123,25,-735,1336,19403,-16,33,79,16,0,0,0,0,0,0,0,-32286,0,0,0,0,0,2775349,0
2726616,8242,-1600,176,1490,-463,-894,6702,1128,19,-670,1384,19403,-16,33,79,16,0,0,0,0,0,0,0,-32287,0,0,0,0,0,2775364,0
2726621,8370,-1486,360,1512,-431,-941,6962,1144,16,-589,1440,19403,-11,33,79,16,0,0,0,0,0,0,0,-32286,0,0,0,0,0,2775369,0
2726626,8522,-1662,402,1463,-324,-930,7222,1149,16,-518,1488,19403,-11,33,79,16,0,0,0,0,0,0,0,-32286,0,0,0,0,0,2775384,0
2726631,8664,-1660,620,1415,-238,-963,7483,1154,20,-451,1496,19402,-1,34,79,16,0,0,0,0,0,0,0,-32286,0,0,0,0,0,2775388,0
2726636,9092,-2292,640,1352,-36,-1029,7742,1144,16,-388,1544,19402,-1,34,79,16,0,0,0,0,0,0,0,-32285,0,0,0,0,0,2775403,0
2726641,9322,-2910,430,1416,50,-1067,8002,1142,9,-331,1568,19400,12,34,79,16,0,0,0,0,0,0,0,-32286,0,0,0,0,0,2775408,0
2726646,9218,-3408,294,1444,93,-1083,8259,1130,-6,-275,1600,19400,12,34,79,16,0,0,0,0,0,0,0,-32286,0,0,0,0,0,2775423,0
2726651,9580,-3862,148,1505,143,-1101,8514,1120,-16,-217,1624,19398,34,34,79,16,0,0,0,0,0,0,0,-32286,0,0,0,0,0,2775428,0
2726656,9382,-4584,-10,1452,103,-1114,8761,1088,-35,-170,1640,19398,34,34,79,16,0,0,0,0,0,0,0,-32286,0,0,0,0,0,2775442,0
2726661,9470,-5058,-204,1477,84,-1106,9001,1054,-58,-127,1632,19396,48,34,79,16,0,0,0,0,0,0,0,-32286,0,0,0,0,0,2775447,0
2726666,9182,-4974,-120,1519,18,-1089,9229,1005,-94,-78,1632,19396,48,34,79,16,0,0,0,0,0,0,0,-32286,0,0,0,0,0,2775462,0
2726671,9084,-4896,-28,1482,-67,-1031,9442,938,-131,-33,1568,19396,56,34,79,16,0,0,0,0,0,0,0,-32286,0,0,0,0,0,2775467,0
2726676,8482,-3916,-248,894,-292,-790,9644,879,-167,9,1536,19396,56,34,79,16,0,0,0,0,0,0,0,-32286,0,0,0,0,0,2775482,0
2726681,8250,-3594,70,465,-321,-651,9830,813,-191,54,1488,19393,63,34,79,16,0,0,0,0,0,0,0,-32286,0,0,0,0,0,2775487,0
2726686,8074,-3492,450,146,-304,-529,10007,768,-199,99,1472,19393,63,34,79,16,0,0,0,0,0,0,0,-32286,0,0,0,0,0,2775502,0
2726691,7834,-3308,666,3,-404,-422,10174,738,-195,149,1472,19391,75,34,79,16,0,0,0,0,0,0,0,-32286,0,0,0,0,0,2775507,0
2726696,8114,-3142,1214,113,-469,-324,10337,714,-159,121,80,19391,75,34,79,16,0,0,0,0,0,0,0,-32286,0,0,0,0,0,2775522,0
2726701,7756,-3270,1790,241,-314,-173,10433,380,-223,-939,-440,19388,79,34,79,16,0,0,0,0,0,0,0,-32286,0,0,0,0,0,2775527,0
2726706,7872,-2710,1974,295,-440,-209,10414,-130,-508,-1557,-1208,19388,79,34,79,16,0,0,0,0,0,0,0,-32286,0,0,0,0,0,2775542,0
2726711,8802,-2546,1646,113,-280,-158,10314,-470,-896,-1525,-2216,19386,80,34,79,16,0,0,0,0,0,0,0,-32286,0,0,0,0,0,2775547,0
2726716,8906,-2504,1732,-670,191,-81,10129,-859,-1224,-1799,-3184,19386,80,34,79,16,0,0,0,0,0,0,0,-32286,0,0,0,0,0,2775562,0
2726721,9106,-6574,1216,-1233,152,378,9850,-1272,-1394,-2050,-4160,19373,163,33,79,16,0,0,0,0,0,0,0,-32286,0,0,0,0,0,2775567,0
2726726,7400,-3182,1722,-2974,770,827,9494,-1596,-1362,-2241,-4792,19373,163,33,79,16,0,0,0,0,0,0,0,-32287,0,0,0,0,0,2775582,0
2726731,10914,-4432,2482,-3747,1634,1017,9073,-1877,-1272,-2390,-5344,19339,315,34,79,16,0,0,0,0,0,0,0,-32285,0,0,0,0,0,2775586,0
2726736,6690,-9068,3340,-4506,2477,1530,8602,-2084,-1169,-2562,-5568,19339,315,34,79,16,0,0,0,0,0,0,0,-32287,0,0,0,0,0,2775601,0
2726741,7528,-10908,2818,-3482,2880,1657,8101,-2211,-972,-2752,-5816,19290,537,34,79,16,0,0,0,0,0,0,0,-32287,0,0,0,0,0,2775606,0
2726746,6130,-10658,3052,-2462,2910,1733,7588,-2263,-725,-2874,-5968,19290,537,34,79,16,0,0,0,0,0,0,0,-32284,0,0,0,0,0,2775621,0
2726751,6270,-9798,2522,-1792,2876,1752,7073,-2265,-479,-2987,-5912,19238,734,34,79,16,0,0,0,0,0,0,0,-32287,0,0,0,0,0,2775626,0
2726756,5672,-7268,1018,-1469,2713,1661,6567,-2217,-240,-3071,-5864,19238,734,34,79,16,0,0,0,0,0,0,0,-32286,0,0,0,0,0,2775641,0
2726761,5964,-7160,190,-1451,2552,1562,6072,-2169,-53,-3169,-5928,19204,889,34,79,16,0,0,0,0,0,0,0,-32284,0,0,0,0,0,2775646,0
2726766,5742,-7224,-280,-1188,2246,1373,5588,-2125,76,-3289,-5848,19204,889,34,79,16,0,0,0,0,0,0,0,-32287,0,0,0,0,0,2775661,0
2726771,5238,-7172,-540,-969,1969,1244,5108,-2100,127,-3384,-5720,19179,999,33,79,16,0,0,0,0,0,0,0,-32285,0,0,0,0,0,2775673,0
2726776,4686,-7058,-618,-605,1507,948,4632,-2083,129,-3459,-5720,19179,999,33,79,16,0,0,0,0,0,0,0,-32286,0,0,0,0,0,2775681,0
2726781,4120,-7488,-318,-532,1320,900,4160,-2072,98,-3547,-5704,19165,1067,34,79,16,0,0,0,0,0,0,0,-32287,0,0,0,0,0,2775691,0
2726786,3546,-7422,-66,-419,1011,782,3697,-2035,79,-3639,-5736,19165,1067,34,79,16,0,0,0,0,0,0,0,-32284,0,0,0,0,0,2775699,0
2726791,3614,-7688,-582,-159,853,729,3244,-1986,88,-3656,-5592,19155,1106,34,79,16,0,0,0,0,0,0,0,-32287,0,0,0,0,0,2775704,0
2726796,2728,-7806,-586,307,298,630,2804,-1930,114,-3653,-5528,19155,1106,34,79,16,0,0,0,0,0,0,0,-32285,0,0,0,0,0,2775719,0
2726801,2892,-7728,230,495,125,633,2374,-1878,146,-3647,-5352,19151,1130,34,79,16,0,0,0,0,0,0,0,-32287,0,0,0,0,0,2775724,0
2726806,2804,-7610,284,719,-172,590,1958,-1820,171,-3662,-5232,19151,1130,34,79,16,0,0,0,0,0,0,0,-32286,0,0,0,0,0,2775738,0
2726811,3130,-7786,-656,874,-470,612,1549,-1791,177,-3653,-5216,19158,1123,34,79,16,0,0,0,0,0,0,0,-32286,0,0,0,0,0,2775743,0
2726816,3458,-6962,212,1150,-990,577,1141,-1787,152,-3682,-5184,19158,1123,34,79,16,0,0,0,0,0,0,0,-32286,0,0,0,0,0,2775758,0
2726821,3900,-6718,642,1278,-1157,565,736,-1788,110,-3692,-5160,19168,1117,34,79,16,0,0,0,0,0,0,0,-32285,0,0,0,0,0,2775763,0
2726826,4516,-6540,516,1364,-1326,570,330,-1796,57,-3647,-5160,19168,1117,34,79,16,0,0,0,0,0,0,0,-32287,0,0,0,0,0,2775778,0
2726831,5038,-5932,942,1402,-1449,542,-76,-1799,18,-3610,-5104,19177,1087,34,79,16,0,0,0,0,0,0,0,-32285,0,0,0,0,0,2775783,0
2726836,6504,-5632,1472,1460,-1577,535,-483,-1790,3,-3581,-5064,19177,1087,34,79,16,0,0,0,0,0,0,0,-32287,0,0,0,0,0,2775798,0
2726841,6902,-5116,1548,1485,-1666,522,-885,-1772,6,-3513,-5008,19180,1044,34,79,16,0,0,0,0,0,0,0,-32284,0,0,0,0,0,2775803,0
2726846,7376,-4162,1994,1463,-1671,462,-1284,-1756,14,-3440,-4952,19180,1044,34,79,16,0,0,0,0,0,0,0,-32287,0,0,0,0,0,2775818,0
2726851,8258,-3654,2058,1366,-1639,440,-1677,-1728,38,-3379,-4840,19185,1000,34,79,16,0,0,0,0,0,0,0,-32285,0,0,0,0,0,2775823,0
2726856,9522,-2870,2150,1197,-1599,376,-2064,-1697,58,-3282,-4776,19185,1000,34,79,16,0,0,0,0,0,0,0,-32287,0,0,0,0,0,2775838,0
2726861,9574,-2116,2412,1088,-1525,312,-2446,-1671,78,-3206,-4688,19193,959,34,79,16,0,0,0,0,0,0,0,-32284,0,0,0,0,0,2775843,0
2726866,9930,-1370,2450,995,-1418,216,-2814,-1628,94,-3154,-4544,19193,959,34,79,16,0,0,0,0,0,0,0,-32287,0,0,0,0,0,2775858,0
2726871,10052,-874,2450,854,-1269,132,-3170,-1567,120,-3061,-4360,19206,904,34,79,16,0,0,0,0,0,0,0,-32285,0,0,0,0,0,2775863,0
2726876,10314,-438,2608,645,-1048,-20,-3514,-1499,161,-2953,-4096,19206,904,34,79,16,0,0,0,0,0,0,0,-32286,0,0,0,0,0,2775878,0
2726881,10046,208,2584,490,-909,-148,-3836,-1411,189,-2864,-3952,19222,829,34,79,16,0,0,0,0,0,0,0,-32286,0,0,0,0,0,2775882,0
2726886,10086,42,2366,375,-798,-235,-4139,-1315,230,-2736,-3656,19222,829,34,79,16,0,0,0,0,0,0,0,-32285,0,0,0,0,0,2775897,0
2726891,9834,64,2178,318,-755,-343,-4418,-1214,277,-2636,-3320,19241,730,34,79,16,0,0,0,0,0,0,0,-32287,0,0,0,0,0,2775902,0
2726896,9518,-160,1800,151,-630,-521,-4675,-1113,315,-2531,-3080,19241,730,34,79,16,0,0,0,0,0,0,0,-32285,0,0,0,0,0,2775917,0
2726901,9520,-192,1944,93,-602,-614,-4902,-991,346,-2435,-2960,19264,632,34,79,16,0,0,0,0,0,0,0,-32286,0,0,0,0,0,2775922,0
2726906,9354,-734,1872,34,-571,-686,-5109,-895,364,-2325,-2640,19264,632,34,79,16,0,0,0,0,0,0,0,-32287,0,0,0,0,0,2775937,0
2726911,9160,-978,1760,-19,-614,-794,-5291,-792,373,-2179,-2456,19286,524,33,79,16,0,0,0,0,0,0,0,-32286,0,0,0,0,0,2775942,0
2726916,9014,-1806,1588,-97,-628,-863,-5457,-720,354,-2072,-2160,19286,524,33,79,16,0,0,0,0,0,0,0,-32286,0,0,0,0,0,2775957,0
2726921,8570,-1910,1570,-122,-732,-953,-5602,-628,334,-1978,-1928,19309,427,33,79,16,0,0,0,0,0,0,0,-32285,0,0,0,0,0,2775962,0
2726926,9418,-2770,1946,-48,-555,-987,-5730,-557,304,-1842,-1776,19309,427,33,79,16,0,0,0,0,0,0,0,-32286,0,0,0,0,0,2775977,0
2726931,8652,-2786,1788,-153,-589,-994,-5847,-508,279,-1733,-1616,19332,334,34,79,16,0,0,0,0,0,0,0,-32287,0,0,0,0,0,2775982,0
2726936,9116,-3286,1672,-85,-453,-1052,-5951,-454,236,-1616,-1464,19332,334,34,79,16,0,0,0,0,0,0,0,-32286,0,0,0,0,0,2775997,0
2726941,8444,-3298,1510,-158,-467,-1060,-6045,-395,216,-1485,-1360,19349,254,34,79,16,0,0,0,0,0,0,0,-32286,0,0,0,0,0,2776002,0
2726946,8310,-3540,1302,-172,-487,-1067,-6111,-365,187,-1391,-1192,19349,254,34,79,16,0,0,0,0,0,0,0,-32286,0,0,0,0,0,2776016,0
2726951,8682,-4028,1342,-147,-359,-1048,-6194,-359,150,-1284,-1160,19361,203,33,79,16,0,0,0,0,0,0,0,-32285,0,0,0,0,0,2776021,0
2726956,8008,-3938,1246,-248,-255,-991,-6274,-357,117,-1169,-1160,19361,203,33,79,16,0,0,0,0,0,0,0,-32286,0,0,0,0,0,2776036,0
2726961,7800,-3842,1188,-295,-169,-966,-6355,-358,67,-1046,-1048,19368,162,33,79,16,0,0,0,0,0,0,0,-32286,0,0,0,0,0,2776041,0
2726966,7628,-3752,1096,-319,-108,-957,-6432,-344,29,-943,-1008,19368,162,33,79,16,0,0,0,0,0,0,0,-32286,0,0,0,0,0,2776056,0
2726971,7618,-3848,1006,-328,-68,-932,-6509,-339,16,-833,-936,19373,134,34,79,16,0,0,0,0,0,0,0,-32286,0,0,0,0,0,2776061,0
2726976,7302,-3898,802,-409,21,-831,-6587,-346,16,-725,-944,19373,134,34,79,16,0,0,0,0,0,0,0,-32286,0,0,0,0,0,2776076,0
2726981,7178,-3662,1002,-477,148,-773,-6672,-371,-5,-632,-944,19377,119,34,79,16,0,0,0,0,0,0,0,-32286,0,0,0,0,0,2776081,0
2726986,7016,-3626,990,-593,243,-693,-6758,-384,-25,-532,-888,19377,119,34,79,16,0,0,0,0,0,0,0,-32286,0,0,0,0,0,2776096,0
2726991,6956,-3632,966,-755,389,-613,-6847,-383,-45,-452,-808,19381,108,34,79,16,0,0,0,0,0,0,0,-32285,0,0,0,0,0,2776101,0
2726996,6622,-3606,1232,-1135,835,-379,-6929,-359,-25,-377,-680,19381,108,34,79,16,0,0,0,0,0,0,0,-32286,0,0,0,0,0,2776116,0
2727001,6430,-3584,1322,-1293,1007,-298,-7005,-316,17,-300,-504,19382,93,34,79,16,0,0,0,0,0,0,0,-32286,0,0,0,0,0,2776121,0
2727006,6228,-3618,1094,-1368,1063,-241,-7073,-300,63,-221,-344,19382,93,34,79,16,0,0,0,0,0,0,0,-32286,0,0,0,0,0,2776136,0
2727011,6390,-3936,1112,-1217,1067,-263,-7129,-244,109,-155,-152,19386,78,34,79,16,0,0,0,0,0,0,0,-32286,0,0,0,0,0,2776141,0
2727016,6428,-3792,868,-551,866,-300,-7176,-193,131,-57,-72,19386,78,34,79,16,0,0,0,0,0,0,0,-32286,0,0,0,0,0,2776156,0
2727021,6342,-3094,794,-661,851,-273,-7211,-156,148,27,-32,19388,70,34,79,16,0,0,0,0,0,0,0,-32286,0,0,0,0,0,2776161,0
2727026,6574,-2476,660,-923,919,-252,-7226,-54,180,79,32,19388,70,34,79,16,0,0,0,0,0,0,0,-32286,0,0,0,0,0,2776176,0
2727031,6434,-2430,514,-1217,1017,-188,-7218,31,234,137,80,19390,62,34,79,16,0,0,0,0,0,0,0,-32286,0,0,0,0,0,2776181,0
2727036,6572,-2886,408,-1306,955,-168,-7206,55,242,200,104,19390,62,34,79,16,0,0,0,0,0,0,0,-32286,0,0,0,0,0,2776195,0
2727041,6268,-2746,764,-1316,947,-167,-7192,53,204,270,112,19391,65,34,79,16,0,0,0,0,0,0,0,-32286,0,0,0,0,0,2776200,0
2727046,6362,-2954,776,-1271,932,-174,-7188,13,107,343,104,19391,65,34,79,16,0,0,0,0,0,0,0,-32286,0,0,0,0,0,2776215,0
2727051,6434,-3132,976,-1138,925,-205,-7189,0,-1,397,128,19390,72,34,79,16,0,0,0,0,0,0,0,-32287,0,0,0,0,0,2776220,0
2727056,6376,-3094,1068,-920,851,-217,-7189,0,-51,455,152,19390,72,34,79,16,0,0,0,0,0,0,0,-32286,0,0,0,0,0,2776235,0
2727061,6506,-2778,932,-958,854,-196,-7186,14,-46,518,184,19390,74,34,79,16,0,0,0,0,0,0,0,-32286,0,0,0,0,0,2776240,0
2727066,6598,-2496,934,-1069,871,-194,-7184,17,-17,578,216,19390,74,34,79,16,0,0,0,0,0,0,0,-32286,0,0,0,0,0,2776255,0
2727071,7162,-1658,1134,-778,542,-509,-7183,0,8,659,216,19388,81,34,79,16,0,0,0,0,0,0,0,-32286,0,0,0,0,0,2776260,0
2727076,5820,-2308,400,-889,370,-341,-7180,10,6,715,248,19388,81,34,79,16,0,0,0,0,0,0,0,-32286,0,0,0,0,0,2776275,0
2727081,6990,-2300,378,-892,262,-403,-7176,18,12,770,312,19387,77,34,79,16,0,0,0,0,0,0,0,-32286,0,0,0,0,0,2776280,0
2727086,6986,-2230,240,-934,348,-358,-7168,32,15,824,360,19387,77,34,79,16,0,0,0,0,0,0,0,-32286,0,0,0,0,0,2776295,0
2727091,6694,-1890,666,-1025,355,-393,-7148,88,35,868,544,19386,80,34,79,16,0,0,0,0,0,0,0,-32286,0,0,0,0,0,2776300,0
2727096,6830,-2142,740,-995,480,-408,-7115,157,90,909,712,19386,80,34,79,16,0,0,0,0,0,0,0,-32286,0,0,0,0,0,2776315,0
2727101,6616,-2030,850,-964,548,-445,-7070,207,137,968,936,19383,88,34,79,16,0,0,0,0,0,0,0,-32286,0,0,0,0,0,2776320,0
2727106,6740,-2042,752,-896,561,-446,-7011,264,177,1054,1024,19383,88,34,79,16,0,0,0,0,0,0,0,-32287,0,0,0,0,0,2776335,0
2727111,6528,-1880,712,-927,582,-459,-6936,339,206,1111,1264,19382,101,34,79,16,0,0,0,0,0,0,0,-32286,0,0,0,0,0,2776340,0
2727116,6568,-1814,488,-930,554,-526,-6842,426,222,1167,1528,19382,101,34,79,16,0,0,0,0,0,0,0,-32287,0,0,0,0,0,2776355,0
2727121,6462,-1778,330,-865,491,-555,-6725,521,254,1260,1736,19376,112,34,79,16,0,0,0,0,0,0,0,-32286,0,0,0,0,0,2776359,0
2727126,6300,-1740,132,-843,396,-595,-6589,607,285,1370,1944,19376,112,34,79,16,0,0,0,0,0,0,0,-32285,0,0,0,0,0,2776374,0
2727131,6280,-1598,-96,-819,295,-642,-6436,678,305,1397,2144,19370,146,34,79,16,0,0,0,0,0,0,0,-32286,0,0,0,0,0,2776379,0
2727136,6180,-1304,-188,-745,133,-733,-6266,757,298,1433,2224,19370,146,34,79,16,0,0,0,0,0,0,0,-32286,0,0,0,0,0,2776394,0
2727141,6212,-1234,-192,-811,133,-774,-6082,810,277,1507,2448,19364,175,34,79,16,0,0,0,0,0,0,0,-32287,0,0,0,0,0,2776399,0
2727146,6182,-1152,-12,-848,69,-809,-5885,868,246,1540,2512,19364,175,34,79,16,0,0,0,0,0,0,0,-32286,0,0,0,0,0,2776414,0
2727151,6334,-1304,-68,-863,48,-832,-5676,919,226,1617,2720,19358,216,34,79,16,0,0,0,0,0,0,0,-32286,0,0,0,0,0,2776419,0
2727156,6446,-1516,262,-811,16,-899,-5459,963,197,1675,2768,19358,216,34,79,16,0,0,0,0,0,0,0,-32287,0,0,0,0,0,2776434,0
2727161,6410,-1504,318,-829,35,-887,-5231,1005,175,1708,2824,19349,259,34,79,16,0,0,0,0,0,0,0,-32287,0,0,0,0,0,2776439,0
2727166,6316,-1472,418,-844,52,-887,-4997,1037,161,1754,2920,19349,259,34,79,16,0,0,0,0,0,0,0,-32285,0,0,0,0,0,2776454,0
2727171,6536,-1582,548,-824,115,-888,-4756,1065,137,1811,3016,19341,293,33,79,16,0,0,0,0,0,0,0,-32286,0,0,0,0,0,2776459,0
2727176,6548,-1736,908,-783,235,-883,-4511,1085,112,1859,3088,19341,293,33,79,16,0,0,0,0,0,0,0,-32287,0,0,0,0,0,2776474,0
2727181,6506,-1852,860,-762,259,-857,-4260,1099,95,1913,3112,19331,326,33,79,16,0,0,0,0,0,0,0,-32285,0,0,0,0,0,2776479,0
2727186,6690,-1838,730,-737,302,-849,-4006,1120,83,1948,3176,19331,326,33,79,16,0,0,0,0,0,0,0,-32286,0,0,0,0,0,2776494,0
2727191,6712,-1978,722,-735,349,-821,-3752,1121,65,1993,3160,19324,352,34,79,16,0,0,0,0,0,0,0,-32287,0,0,0,0,0,2776499,0
2727196,6744,-2048,786,-670,436,-793,-3498,1122,44,2019,3152,19324,352,34,79,16,0,0,0,0,0,0,0,-32285,0,0,0,0,0,2776514,0
2727201,6866,-1974,878,-691,463,-755,-3245,1115,15,2059,3184,19322,377,34,79,16,0,0,0,0,0,0,0,-32286,0,0,0,0,0,2776519,0
2727206,6898,-1972,864,-695,494,-758,-2993,1111,5,2083,3128,19322,377,34,79,16,0,0,0,0,0,0,0,-32287,0,0,0,0,0,2776534,0
2727211,7150,-2150,830,-722,589,-696,-2744,1088,-19,2114,3088,19320,401,34,79,16,0,0,0,0,0,0,0,-32285,0,0,0,0,0,2776539,0
2727216,7294,-2028,860,-761,676,-667,-2499,1068,-30,2158,3056,19320,401,34,79,16,0,0,0,0,0,0,0,-32285,0,0,0,0,0,2776554,0
2727221,7332,-2054,926,-815,710,-677,-2261,1054,-49,2172,3048,19320,421,34,79,16,0,0,0,0,0,0,0,-32287,0,0,0,0,0,2776559,0
2727226,7590,-2118,986,-812,759,-655,-2028,1021,-65,2222,3040,19320,421,34,79,16,0,0,0,0,0,0,0,-32286,0,0,0,0,0,2776574,0
2727231,7426,-2106,920,-880,815,-637,-1799,998,-83,2248,3008,19318,422,34,79,16,0,0,0,0,0,0,0,-32285,0,0,0,0,0,2776579,0
2727236,7602,-2284,626,-960,875,-609,-1576,980,-82,2238,2880,19318,422,34,79,16,0,0,0,0,0,0,0,-32287,0,0,0,0,0,2776597,0
2727241,7602,-2156,730,-969,867,-623,-1359,949,-76,2256,2880,19317,423,34,79,16,0,0,0,0,0,0,0,-32286,0,0,0,0,0,2776601,0
2727246,7650,-2244,942,-989,876,-589,-1147,923,-91,2308,2808,19317,423,34,79,16,0,0,0,0,0,0,0,-32285,0,0,0,0,0,2776616,0
2727251,7532,-2308,854,-1047,909,-571,-945,887,-92,2286,2720,19315,411,34,79,16,0,0,0,0,0,0,0,-32285,0,0,0,0,0,2776621,0
2727256,7676,-2458,636,-1077,937,-534,-745,873,-91,2312,2720,19315,411,34,79,16,0,0,0,0,0,0,0,-32287,0,0,0,0,0,2776640,0
2727261,7460,-2406,852,-1091,881,-537,-551,841,-92,2323,2584,19314,398,34,79,16,0,0,0,0,0,0,0,-32286,0,0,0,0,0,2776645,0
2727266,7656,-2502,882,-1035,820,-547,-363,826,-84,2319,2576,19314,398,34,79,16,0,0,0,0,0,0,0,-32285,0,0,0,0,0,2776656,0
2727271,7744,-2572,770,-1046,802,-512,-184,778,-85,2326,2448,19317,387,34,79,16,0,0,0,0,0,0,0,-32286,0,0,0,0,0,2776661,0
2727276,7808,-2418,824,-1205,747,-512,-14,738,-107,2300,2312,19317,387,34,79,16,0,0,0,0,0,0,0,-32287,0,0,0,0,0,2776676,0
2727281,7858,-2682,870,-1228,696,-477,147,699,-121,2309,2240,19320,373,34,79,16,0,0,0,0,0,0,0,-32287,0,0,0,0,0,2776681,0
2727286,7790,-2672,998,-1250,630,-470,293,646,-139,2298,2160,19320,373,34,79,16,0,0,0,0,0,0,0,-32286,0,0,0,0,0,2776696,0
2727291,7924,-3026,1174,-1335,641,-403,431,601,-158,2281,2088,19326,353,34,79,16,0,0,0,0,0,0,0,-32285,0,0,0,0,0,2776701,0
2727296,7814,-3526,1388,-1261,534,-354,558,556,-162,2255,1936,19326,353,34,79,16,0,0,0,0,0,0,0,-32286,0,0,0,0,0,2776716,0
2727301,7834,-3736,1536,-1186,465,-347,675,505,-162,2223,1784,19333,328,34,79,16,0,0,0,0,0,0,0,-32286,0,0,0,0,0,2776721,0
2727306,7950,-3676,1642,-1155,442,-298,773,431,-172,2190,1568,19333,328,34,79,16,0,0,0,0,0,0,0,-32286,0,0,0,0,0,2776735,0
2727311,7944,-3318,1770,-1170,449,-292,855,358,-193,2156,1480,19339,296,34,79,16,0,0,0,0,0,0,0,-32287,0,0,0,0,0,2776740,0
2727316,8036,-3316,1912,-1170,502,-256,922,284,-225,2125,1288,19339,296,34,79,16,0,0,0,0,0,0,0,-32287,0,0,0,0,0,2776755,0
2727321,8114,-3662,1888,-1151,554,-183,977,229,-234,2080,1184,19348,264,34,79,16,0,0,0,0,0,0,0,-32286,0,0,0,0,0,2776760,0
2727326,7844,-3496,1950,-1154,525,-130,1012,150,-237,2071,936,19348,264,34,79,16,0,0,0,0,0,0,0,-32286,0,0,0,0,0,2776775,0
2727331,7876,-3668,1836,-1223,606,-39,1025,48,-247,2068,720,19354,229,34,79,16,0,0,0,0,0,0,0,-32285,0,0,0,0,0,2776780,0
2727336,7934,-2824,1620,-1112,594,-31,1024,-16,-265,1987,632,19354,229,34,79,16,0,0,0,0,0,0,0,-32286,0,0,0,0,0,2776795,0
2727341,8016,-2454,1594,-1055,608,-30,1022,-11,-248,1889,640,19361,180,34,79,16,0,0,0,0,0,0,0,-32286,0,0,0,0,0,2776800,0
2727346,8056,-2138,1464,-1051,610,-22,1022,0,-179,1817,632,19361,180,34,79,16,0,0,0,0,0,0,0,-32287,0,0,0,0,0,2776815,0
2727351,8118,-1948,1288,-1056,572,-28,1021,-2,-90,1768,624,19371,152,34,79,16,0,0,0,0,0,0,0,-32285,0,0,0,0,0,2776820,0
2727356,8560,-1372,968,-1166,522,-16,1020,-4,-17,1713,576,19371,152,34,79,16,0,0,0,0,0,0,0,-32286,0,0,0,0,0,2776835,0
2727361,8790,-1406,984,-1347,527,14,1022,-2,10,1660,544,19378,135,34,79,16,0,0,0,0,0,0,0,-32286,0,0,0,0,0,2776840,0
2727366,9332,-1774,1110,-1483,531,42,1021,5,6,1589,536,19378,135,34,79,16,0,0,0,0,0,0,0,-32286,0,0,0,0,0,2776855,0
2727371,9932,-2310,1354,-1598,566,89,1021,3,-1,1519,504,19382,130,33,79,16,0,0,0,0,0,0,0,-32285,0,0,0,0,0,2776860,0
2727376,11420,-3266,1922,-1772,652,192,1021,0,-1,1458,488,19382,130,33,79,16,0,0,0,0,0,0,0,-32286,0,0,0,0,0,2776875,0
2727381,12090,-3714,2064,-1920,711,261,1020,-3,0,1381,456,19379,118,34,79,16,0,0,0,0,0,0,0,-32286,0,0,0,0,0,2776880,0
2727386,12780,-4308,1960,-2131,828,372,1022,3,0,1323,416,19379,118,34,79,16,0,0,0,0,0,0,0,-32286,0,0,0,0,0,2776895,0
2727391,12924,-4894,1794,-2281,864,468,1021,0,-2,1247,384,19379,107,34,79,16,0,0,0,0,0,0,0,-32286,0,0,0,0,0,2776900,0
2727396,13384,-6026,1694,-2132,894,532,1021,-1,2,1167,360,19379,107,34,79,16,0,0,0,0,0,0,0,-32286,0,0,0,0,0,2776915,0
2727401,13416,-6136,1962,-1995,943,519,1025,6,2,1099,328,19381,97,34,79,16,0,0,0,0,0,0,0,-32286,0,0,0,0,0,2776920,0
2727406,13338,-6140,2160,-1923,1044,496,1029,20,12,1016,320,19381,97,34,79,16,0,0,0,0,0,0,0,-32287,0,0,0,0,0,2776935,0
2727411,12850,-6090,2366,-1904,1162,446,1037,29,22,937,320,19383,90,34,79,16,0,0,0,0,0,0,0,-32286,0,0,0,0,0,2776939,0
2727416,11730,-6544,2394,-1753,1348,287,1050,54,34,867,328,19383,90,34,79,16,0,0,0,0,0,0,0,-32286,0,0,0,0,0,2776954,0
2727421,10952,-7006,2270,-1663,1397,242,1062,53,48,799,280,19382,82,34,79,16,0,0,0,0,0,0,0,-32286,0,0,0,0,0,2776959,0
2727426,10110,-7572,2200,-1571,1384,196,1072,40,32,730,216,19382,82,34,79,16,0,0,0,0,0,0,0,-32286,0,0,0,0,0,2776974,0
2727431,9322,-8146,2104,-1392,1306,149,1075,20,3,656,168,19384,83,34,79,16,0,0,0,0,0,0,0,-32286,0,0,0,0,0,2776979,0
2727436,7892,-8874,2054,-650,979,6,1077,4,-24,573,136,19384,83,34,79,16,0,0,0,0,0,0,0,-32286,0,0,0,0,0,2776994,0
2727441,7296,-9528,2016,34,798,-78,1078,-4,-51,489,112,19386,69,34,79,16,0,0,0,0,0,0,0,-32286,0,0,0,0,0,2776999,0
2727446,6458,-8572,2034,401,802,-86,1075,-11,-42,416,72,19386,69,34,79,16,0,0,0,0,0,0,0,-32286,0,0,0,0,0,2777014,0
2727451,5708,-7410,1588,550,705,-120,1075,-8,-27,346,48,19390,64,34,79,16,0,0,0,0,0,0,0,-32286,0,0,0,0,0,2777019,0
2727456,4360,-6194,520,371,641,-29,1072,-17,-26,269,24,19390,64,34,79,16,0,0,0,0,0,0,0,-32286,0,0,0,0,0,2777034,0
2727461,4202,-5946,-296,275,543,18,1063,-29,-19,194,8,19394,56,34,79,16,0,0,0,0,0,0,0,-32286,0,0,0,0,0,2777039,0
2727466,3388,-5530,-476,278,336,39,1054,-39,-27,125,-8,19394,56,34,79,16,0,0,0,0,0,0,0,-32286,0,0,0,0,0,2777054,0
2727471,3162,-5328,-686,424,87,53,1047,-30,-32,63,-24,19394,59,34,79,16,0,0,0,0,0,0,0,-32286,0,0,0,0,0,2777059,0
2727476,2854,-3956,-408,700,-249,40,1043,-14,-8,0,-24,19394,59,34,79,16,0,0,0,0,0,0,0,-32286,0,0,0,0,0,2777074,0
2727481,3190,-3458,-482,716,-334,47,1042,0,15,-70,-48,19392,61,34,79,16,0,0,0,0,0,0,0,-32286,0,0,0,0,0,2777079,0
2727486,3134,-2730,-332,672,-390,54,1041,-7,24,-137,-72,19392,61,34,79,16,0,0,0,0,0,0,0,-32286,0,0,0,0,0,2777094,0
2727491,3334,-2364,-186,649,-432,18,1034,-26,18,-213,-112,19388,62,34,79,16,0,0,0,0,0,0,0,-32286,0,0,0,0,0,2777099,0
2727496,3556,-2068,80,566,-415,50,1019,-74,-13,-272,-216,19388,62,34,79,16,0,0,0,0,0,0,0,-32286,0,0,0,0,0,2777113,0
2727501,3234,-1870,348,7,-56,272,986,-150,-79,-313,-424,19387,65,34,79,16,0,0,0,0,0,0,0,-32286,0,0,0,0,0,2777118,0
2727506,3130,-1484,594,-668,146,382,942,-199,-146,-390,-560,19387,65,34,79,16,0,0,0,0,0,0,0,-32286,0,0,0,0,0,2777133,0
2727511,3248,-2092,268,-1146,505,543,894,-214,-171,-507,-632,19387,69,34,79,16,0,0,0,0,0,0,0,-32286,0,0,0,0,0,2777138,0
2727516,3300,-3198,104,-721,493,492,842,-237,-157,-574,-760,19387,69,34,79,16,0,0,0,0,0,0,0,-32285,0,0,0,0,0,2777153,0
2727521,3090,-3726,70,-280,259,494,781,-274,-118,-666,-864,19385,80,34,79,16,0,0,0,0,0,0,0,-32286,0,0,0,0,0,2777158,0
2727526,3102,-3968,-52,-123,71,599,711,-319,-97,-736,-1048,19385,80,34,79,16,0,0,0,0,0,0,0,-32286,0,0,0,0,0,2777173,0
2727531,3162,-4506,-88,-640,47,964,632,-364,-115,-840,-1088,19382,96,33,79,16,0,0,0,0,0,0,0,-32286,0,0,0,0,0,2777178,0
2727536,3596,-3782,1706,-2034,426,1356,553,-346,-117,-938,-1128,19382,96,33,79,16,0,0,0,0,0,0,0,-32286,0,0,0,0,0,2777193,0
2727541,5672,-6340,1284,-1559,847,1570,471,-356,-96,-1024,-1176,19376,107,34,79,16,0,0,0,0,0,0,0,-32286,0,0,0,0,0,2777198,0
2727546,4428,-6230,2382,-1358,818,1741,396,-322,-50,-1146,-1024,19376,107,34,79,16,0,0,0,0,0,0,0,-32286,0,0,0,0,0,2777213,0
2727551,4616,-6970,2586,-1221,786,1813,336,-258,27,-1224,-952,19374,120,34,79,16,0,0,0,0,0,0,0,-32286,0,0,0,0,0,2777218,0
2727556,5958,-6948,818,-233,138,1768,289,-194,110,-1304,-872,19374,120,34,79,16,0,0,0,0,0,0,0,-32286,0,0,0,0,0,2777233,0
2727561,6548,-5962,-48,-105,-171,1695,249,-176,148,-1393,-800,19374,132,34,79,16,0,0,0,0,0,0,0,-32286,0,0,0,0,0,2777238,0
2727566,7240,-4658,-612,-233,-376,1603,214,-149,164,-1389,-824,19374,132,34,79,16,0,0,0,0,0,0,0,-32286,0,0,0,0,0,2777253,0
2727571,7590,-4238,-960,-541,-440,1530,186,-118,133,-1391,-720,19377,137,34,79,16,0,0,0,0,0,0,0,-32286,0,0,0,0,0,2777257,0
2727576,8052,-4348,-1122,-452,-777,1161,172,-56,118,-1444,-568,19377,137,34,79,16,0,0,0,0,0,0,0,-32285,0,0,0,0,0,2777272,0
2727581,8112,-4392,-1018,-283,-889,988,171,2,134,-1430,-472,19379,131,34,79,16,0,0,0,0,0,0,0,-32286,0,0,0,0,0,2777277,0
2727586,8104,-4370,-810,-249,-894,847,179,28,163,-1413,-424,19379,131,34,79,16,0,0,0,0,0,0,0,-32286,0,0,0,0,0,2777292,0
2727591,8018,-4388,-534,-311,-859,724,190,51,157,-1400,-416,19381,115,34,79,16,0,0,0,0,0,0,0,-32286,0,0,0,0,0,2777297,0
2727596,7538,-5030,-72,-384,-783,506,201,49,122,-1385,-424,19381,115,34,79,16,0,0,0,0,0,0,0,-32286,0,0,0,0,0,2777312,0
2727601,7254,-5508,70,-345,-733,457,208,21,61,-1374,-488,19379,88,33,79,16,0,0,0,0,0,0,0,-32286,0,0,0,0,0,2777317,0
2727606,6912,-5696,234,-262,-712,428,208,-3,-3,-1360,-552,19379,88,33,79,16,0,0,0,0,0,0,0,-32286,0,0,0,0,0,2777332,0
2727611,6612,-5760,392,-145,-723,365,207,4,-33,-1380,-544,19383,81,33,79,16,0,0,0,0,0,0,0,-32286,0,0,0,0,0,2777337,0
2727616,6048,-5782,396,90,-808,285,209,-5,-50,-1389,-544,19383,81,33,79,16,0,0,0,0,0,0,0,-32286,0,0,0,0,0,2777352,0
2727621,6220,-5722,184,201,-849,273,208,-4,-35,-1393,-520,19385,94,34,79,16,0,0,0,0,0,0,0,-32285,0,0,0,0,0,2777357,0
2727626,5888,-5550,274,287,-920,261,210,13,-4,-1395,-504,19385,94,34,79,16,0,0,0,0,0,0,0,-32286,0,0,0,0,0,2777372,0
2727631,5800,-5424,298,359,-1002,238,210,2,4,-1388,-512,19385,111,34,79,16,0,0,0,0,0,0,0,-32286,0,0,0,0,0,2777377,0
2727636,5788,-5202,358,565,-1100,263,215,16,6,-1393,-472,19385,111,34,79,16,0,0,0,0,0,0,0,-32286,0,0,0,0,0,2777392,0
2727641,5934,-5066,400,663,-1129,287,218,14,14,-1394,-472,19382,116,34,79,16,0,0,0,0,0,0,0,-32286,0,0,0,0,0,2777397,0
2727646,6022,-4906,538,738,-1139,304,223,23,17,-1391,-448,19382,116,34,79,16,0,0,0,0,0,0,0,-32286,0,0,0,0,0,2777412,0
2727651,6232,-4692,550,811,-1128,324,233,41,16,-1404,-376,19382,104,34,79,16,0,0,0,0,0,0,0,-32287,0,0,0,0,0,2777417,0
2727656,6508,-4220,692,1050,-1110,311,248,73,31,-1426,-240,19382,104,34,79,16,0,0,0,0,0,0,0,-32286,0,0,0,0,0,2777432,0
2727661,6686,-3912,670,1249,-1143,268,281,144,82,-1436,-152,19382,97,34,79,16,0,0,0,0,0,0,0,-32286,0,0,0,0,0,2777436,0
2727666,6836,-3744,560,1359,-1168,261,326,200,124,-1397,-88,19382,97,34,79,16,0,0,0,0,0,0,0,-32286,0,0,0,0,0,2777451,0
2727671,7094,-3020,436,1487,-1254,209,389,282,184,-1380,-40,19386,75,34,79,16,0,0,0,0,0,0,0,-32286,0,0,0,0,0,2777456,0
2727676,7508,-2546,146,1519,-1323,103,466,344,222,-1363,-24,19386,75,34,79,16,0,0,0,0,0,0,0,-32287,0,0,0,0,0,2777471,0
2727681,7700,-2380,-4,1552,-1337,84,559,406,237,-1359,-16,19386,67,34,79,16,0,0,0,0,0,0,0,-32287,0,0,0,0,0,2777476,0
2727686,7552,-2166,160,1479,-1396,79,654,421,215,-1375,-8,19386,67,34,79,16,0,0,0,0,0,0,0,-32286,0,0,0,0,0,2777491,0
2727691,7726,-2032,144,1382,-1396,51,752,430,174,-1381,-16,19391,57,34,79,16,0,0,0,0,0,0,0,-32286,0,0,0,0,0,2777496,0
2727696,7598,-2024,456,1155,-1277,65,847,419,92,-1399,-8,19391,57,34,79,16,0,0,0,0,0,0,0,-32285,0,0,0,0,0,2777511,0
2727701,7722,-2302,376,1132,-1233,47,943,421,42,-1387,-8,19393,54,34,79,16,0,0,0,0,0,0,0,-32285,0,0,0,0,0,2777516,0
2727706,7572,-2474,406,1144,-1257,42,1041,433,10,-1382,-8,19393,54,34,79,16,0,0,0,0,0,0,0,-32286,0,0,0,0,0,2777531,0
2727711,7460,-2676,354,1111,-1232,71,1135,407,1,-1388,-32,19394,40,34,79,16,0,0,0,0,0,0,0,-32286,0,0,0,0,0,2777536,0
2727716,7124,-2916,246,978,-1213,121,1226,396,-12,-1390,-24,19394,40,34,79,16,0,0,0,0,0,0,0,-32287,0,0,0,0,0,2777551,0
2727721,7100,-3056,182,951,-1230,132,1315,390,-25,-1389,-24,19393,41,33,79,16,0,0,0,0,0,0,0,-32286,0,0,0,0,0,2777556,0
2727726,7026,-3182,92,1011,-1256,135,1404,391,-29,-1389,-24,19393,41,33,79,16,0,0,0,0,0,0,0,-32286,0,0,0,0,0,2777571,0
2727731,6972,-3270,74,1092,-1325,128,1490,376,-27,-1392,-48,19394,46,33,79,16,0,0,0,0,0,0,0,-32285,0,0,0,0,0,2777575,0
2727736,7066,-3028,-20,1012,-1317,186,1567,337,-34,-1404,-32,19394,46,33,79,16,0,0,0,0,0,0,0,-32286,0,0,0,0,0,2777590,0
2727741,7084,-2938,66,880,-1263,233,1639,304,-59,-1393,-80,19391,56,34,79,16,0,0,0,0,0,0,0,-32285,0,0,0,0,0,2777595,0
2727746,6920,-3022,252,762,-1220,266,1699,260,-90,-1404,-88,19391,56,34,79,16,0,0,0,0,0,0,0,-32286,0,0,0,0,0,2777610,0
2727751,6996,-3184,316,785,-1167,268,1758,254,-102,-1404,-112,19391,51,34,79,16,0,0,0,0,0,0,0,-32286,0,0,0,0,0,2777615,0
2727756,7130,-3506,550,797,-1035,292,1812,232,-99,-1388,-104,19391,51,34,79,16,0,0,0,0,0,0,0,-32286,0,0,0,0,0,2777630,0
2727761,7164,-3356,662,834,-1001,312,1863,220,-79,-1388,-128,19389,52,34,79,16,0,0,0,0,0,0,0,-32286,0,0,0,0,0,2777635,0
2727766,6940,-3362,554,889,-1141,289,1908,196,-63,-1374,-192,19389,52,34,79,16,0,0,0,0,0,0,0,-32286,0,0,0,0,0,2777650,0
2727771,7600,-3280,190,694,-913,390,1941,139,-76,-1384,-208,19389,50,34,79,16,0,0,0,0,0,0,0,-32287,0,0,0,0,0,2777663,0
2727776,6958,-3774,872,740,-697,457,1968,120,-97,-1394,-248,19389,50,34,79,16,0,0,0,0,0,0,0,-32287,0,0,0,0,0,2777670,0
2727781,6902,-3508,1054,698,-647,462,1990,91,-113,-1366,-296,19391,61,34,79,16,0,0,0,0,0,0,0,-32287,0,0,0,0,0,2777675,0
2727786,7304,-3526,792,761,-590,447,2013,102,-102,-1381,-280,19391,61,34,79,16,0,0,0,0,0,0,0,-32287,0,0,0,0,0,2777690,0
2727791,7284,-3584,842,900,-447,448,2030,75,-70,-1372,-376,19389,75,34,79,16,0,0,0,0,0,0,0,-32286,0,0,0,0,0,2777695,0
2727796,7250,-3276,858,859,-236,498,2036,23,-62,-1347,-480,19389,75,34,79,16,0,0,0,0,0,0,0,-32287,0,0,0,0,0,2777710,0
2727801,7248,-3070,706,766,-130,503,2036,-4,-87,-1362,-504,19387,89,34,79,16,0,0,0,0,0,0,0,-32287,0,0,0,0,0,2777715,0
2727806,7262,-3236,574,763,-65,504,2036,0,-91,-1386,-504,19387,89,34,79,16,0,0,0,0,0,0,0,-32287,0,0,0,0,0,2777730,0
2727811,7130,-3374,440,801,-51,503,2036,-6,-75,-1387,-504,19382,87,34,79,16,0,0,0,0,0,0,0,-32286,0,0,0,0,0,2777735,0
2727816,7126,-3250,248,909,-111,498,2036,0,-43,-1388,-504,19382,87,34,79,16,0,0,0,0,0,0,0,-32287,0,0,0,0,0,2777750,0
2727821,7114,-3116,182,871,-138,500,2037,2,-7,-1388,-496,19382,89,34,79,16,0,0,0,0,0,0,0,-32286,0,0,0,0,0,2777755,0
2727826,7250,-2992,72,827,-139,499,2040,11,5,-1396,-472,19382,89,34,79,16,0,0,0,0,0,0,0,-32287,0,0,0,0,0,2777770,0
2727831,7290,-2902,-4,819,-160,480,2047,36,23,-1404,-408,19381,97,34,79,16,0,0,0,0,0,0,0,-32286,0,0,0,0,0,2777775,0
2727836,7376,-2792,-46,957,-287,384,2065,81,45,-1438,-248,19381,97,34,79,16,0,0,0,0,0,0,0,-32286,0,0,0,0,0,2777790,0
2727841,7432,-2728,-136,1056,-382,331,2095,141,89,-1432,-176,19382,101,34,79,16,0,0,0,0,0,0,0,-32286,0,0,0,0,0,2777795,0
2727846,7448,-2658,-188,1092,-452,293,2140,196,134,-1399,-104,19382,101,34,79,16,0,0,0,0,0,0,0,-32286,0,0,0,0,0,2777810,0
2727851,7528,-2334,-230,1175,-582,208,2199,266,184,-1390,-40,19381,97,34,79,16,0,0,0,0,0,0,0,-32286,0,0,0,0,0,2777815,0
2727856,7758,-2094,-326,1269,-758,58,2277,347,214,-1361,-24,19381,97,34,79,16,0,0,0,0,0,0,0,-32285,0,0,0,0,0,2777830,0
2727861,7678,-2098,-234,1316,-844,-20,2372,425,240,-1346,0,19385,86,34,79,16,0,0,0,0,0,0,0,-32285,0,0,0,0,0,2777835,0
2727866,7728,-2118,-258,1343,-880,-57,2478,470,247,-1358,40,19385,86,34,79,16,0,0,0,0,0,0,0,-32285,0,0,0,0,0,2777850,0
2727871,7604,-2040,-116,1364,-936,-124,2596,521,239,-1340,48,19391,70,33,79,16,0,0,0,0,0,0,0,-32286,0,0,0,0,0,2777855,0
2727876,7848,-2136,18,1396,-912,-215,2727,580,208,-1334,96,19391,70,33,79,16,0,0,0,0,0,0,0,-32286,0,0,0,0,0,2777869,0
2727881,7838,-2178,202,1445,-896,-224,2867,614,187,-1331,96,19394,52,34,79,16,0,0,0,0,0,0,0,-32286,0,0,0,0,0,2777874,0
2727886,7878,-2200,284,1424,-847,-223,3010,631,164,-1365,80,19394,52,34,79,16,0,0,0,0,0,0,0,-32286,0,0,0,0,0,2777889,0
2727891,8034,-2284,366,1383,-762,-214,3154,634,122,-1377,104,19397,30,34,79,16,0,0,0,0,0,0,0,-32285,0,0,0,0,0,2777894,0
2727896,8088,-2246,636,1277,-527,-199,3298,627,74,-1374,80,19397,30,34,79,16,0,0,0,0,0,0,0,-32285,0,0,0,0,0,2777909,0
2727901,8062,-2302,758,1163,-364,-141,3435,592,20,-1391,80,19399,12,34,79,16,0,0,0,0,0,0,0,-32286,0,0,0,0,0,2777914,0
2727906,8042,-2438,900,1028,-204,-106,3558,541,-42,-1438,32,19399,12,34,79,16,0,0,0,0,0,0,0,-32286,0,0,0,0,0,2777929,0
2727911,8038,-2384,926,949,-20,-79,3678,521,-87,-1438,32,19400,13,34,79,16,0,0,0,0,0,0,0,-32286,0,0,0,0,0,2777934,0
2727916,7952,-2722,910,887,306,-29,3791,495,-117,-1411,32,19400,13,34,79,16,0,0,0,0,0,0,0,-32286,0,0,0,0,0,2777949,0
2727921,7862,-2812,754,892,403,-23,3899,477,-109,-1415,40,19397,15,33,79,16,0,0,0,0,0,0,0,-32285,0,0,0,0,0,2777954,0
2727926,7838,-2824,708,914,517,-34,4009,482,-81,-1401,24,19397,15,33,79,16,0,0,0,0,0,0,0,-32285,0,0,0,0,0,2777969,0
2727931,7782,-2724,588,964,551,-68,4128,530,-29,-1375,40,19396,28,33,79,16,0,0,0,0,0,0,0,-32286,0,0,0,0,0,2777974,0
2727936,7690,-2872,86,1091,514,-122,4254,553,21,-1346,64,19396,28,33,79,16,0,0,0,0,0,0,0,-32286,0,0,0,0,0,2777989,0
2727941,7668,-2782,-134,1120,434,-159,4383,570,72,-1365,56,19397,30,34,79,16,0,0,0,0,0,0,0,-32287,0,0,0,0,0,2777994,0
2727946,7788,-2610,-308,1106,397,-209,4489,602,87,-1366,80,19397,30,34,79,16,0,0,0,0,0,0,0,-32286,0,0,0,0,0,2778009,0
2727951,7882,-2640,-390,1093,343,-246,4631,627,93,-1355,80,19399,26,34,79,16,0,0,0,0,0,0,0,-32286,0,0,0,0,0,2778014,0
2727956,7602,-2780,-382,1021,200,-271,4770,614,66,-1373,88,19399,26,34,79,16,0,0,0,0,0,0,0,-32285,0,0,0,0,0,2778029,0
2727961,7862,-2802,-408,1034,138,-291,4910,607,47,-1397,88,19401,17,34,79,16,0,0,0,0,0,0,0,-32286,0,0,0,0,0,2778034,0
2727966,7956,-2880,-248,1081,80,-328,5048,613,27,-1393,80,19401,17,34,79,16,0,0,0,0,0,0,0,-32287,0,0,0,0,0,2778049,0
2727971,7884,-2872,-118,1093,11,-342,5187,605,-6,-1382,80,19401,16,34,79,16,0,0,0,0,0,0,0,-32287,0,0,0,0,0,2778053,0
2727976,8224,-2836,26,1080,-27,-375,5323,593,-17,-1393,72,19401,16,34,79,16,0,0,0,0,0,0,0,-32286,0,0,0,0,0,2778068,0
2727981,8196,-2716,116,1107,-65,-407,5459,599,-15,-1384,80,19400,13,34,79,16,0,0,0,0,0,0,0,-32285,0,0,0,0,0,2778073,0
2727986,8306,-2610,232,1154,-57,-411,5597,600,-10,-1375,72,19400,13,34,79,16,0,0,0,0,0,0,0,-32286,0,0,0,0,0,2778088,0
2727991,8178,-2398,378,1123,-52,-433,5729,576,-20,-1395,56,19400,14,33,79,16,0,0,0,0,0,0,0,-32286,0,0,0,0,0,2778093,0
2727996,8326,-2172,422,1005,91,-420,5854,546,-39,-1417,72,19400,14,33,79,16,0,0,0,0,0,0,0,-32287,0,0,0,0,0,2778108,0
2728001,8264,-2152,486,928,155,-431,5975,525,-58,-1411,32,19400,15,34,79,16,0,0,0,0,0,0,0,-32286,0,0,0,0,0,2778113,0
2728006,8214,-2382,388,860,245,-375,6085,482,-88,-1419,40,19400,15,34,79,16,0,0,0,0,0,0,0,-32286,0,0,0,0,0,2778128,0
2728011,8084,-2340,436,851,267,-352,6186,433,-113,-1446,-8,19400,18,34,79,16,0,0,0,0,0,0,0,-32286,0,0,0,0,0,2778133,0
2728016,8252,-2220,572,865,395,-376,6277,406,-127,-1429,-32,19400,18,34,79,16,0,0,0,0,0,0,0,-32285,0,0,0,0,0,2778148,0
2728021,8578,-2320,464,931,473,-393,6372,423,-115,-1394,-8,19400,28,34,79,16,0,0,0,0,0,0,0,-32286,0,0,0,0,0,2778153,0
2728026,8472,-2490,398,1010,428,-413,6471,443,-57,-1379,8,19400,28,34,79,16,0,0,0,0,0,0,0,-32286,0,0,0,0,0,2778168,0
2728031,8616,-2730,216,1044,401,-451,6572,451,0,-1381,-8,19398,42,34,79,16,0,0,0,0,0,0,0,-32286,0,0,0,0,0,2778179,0
2728036,9114,-3046,-348,1131,359,-553,6676,460,40,-1380,-16,19398,42,34,79,16,0,0,0,0,0,0,0,-32287,0,0,0,0,0,2778188,0
2728041,9158,-3096,-616,1140,263,-604,6784,482,53,-1370,16,19397,35,34,79,16,0,0,0,0,0,0,0,-32287,0,0,0,0,0,2778193,0
2728046,9236,-3566,-922,1187,118,-668,6903,531,71,-1345,16,19397,35,34,79,16,0,0,0,0,0,0,0,-32286,0,0,0,0,0,2778208,0
2728051,9298,-3992,-1062,1237,-90,-692,7024,538,28,-1350,24,19396,35,34,79,16,0,0,0,0,0,0,0,-32285,0,0,0,0,0,2778212,0
2728056,9506,-4224,-730,1294,-440,-764,7144,525,21,-1392,16,19396,35,34,79,16,0,0,0,0,0,0,0,-32286,0,0,0,0,0,2778227,0
2728061,9500,-4162,-440,1267,-618,-764,7262,510,19,-1403,8,19397,47,34,79,16,0,0,0,0,0,0,0,-32286,0,0,0,0,0,2778232,0
2728066,9520,-4286,-130,1142,-702,-707,7365,449,-41,-1548,-40,19397,47,34,79,16,0,0,0,0,0,0,0,-32287,0,0,0,0,0,2778251,0
2728071,9328,-4238,196,897,-767,-593,7434,291,-96,-1735,-296,19395,49,34,79,16,0,0,0,0,0,0,0,-32287,0,0,0,0,0,2778256,0
2728076,9334,-3500,1016,367,-624,-375,7467,128,-234,-1809,-696,19395,49,34,79,16,0,0,0,0,0,0,0,-32287,0,0,0,0,0,2778267,0
2728081,9046,-3280,1570,117,-511,-276,7464,-30,-355,-1891,-984,19390,69,33,79,16,0,0,0,0,0,0,0,-32287,0,0,0,0,0,2778272,0
2728086,9180,-3086,1908,119,-467,-266,7447,-85,-473,-2100,-1088,19390,69,33,79,16,0,0,0,0,0,0,0,-32287,0,0,0,0,0,2778287,0
2728091,9004,-3026,2116,219,-386,-244,7420,-122,-427,-2269,-1248,19386,103,34,79,16,0,0,0,0,0,0,0,-32287,0,0,0,0,0,2778292,0
2728096,8834,-2442,1884,260,-379,-231,7376,-200,-319,-2396,-1496,19386,103,34,79,16,0,0,0,0,0,0,0,-32287,0,0,0,0,0,2778307,0
2728101,9002,-2344,1712,44,-242,-178,7308,-306,-261,-2514,-1800,19376,171,34,79,16,0,0,0,0,0,0,0,-32287,0,0,0,0,0,2778321,0
2728106,8848,-2028,1622,-248,-131,-182,7215,-423,-263,-2666,-2200,19376,171,34,79,16,0,0,0,0,0,0,0,-32286,0,0,0,0,0,2778327,0
2728111,9128,-2288,1566,-527,68,-157,7090,-567,-336,-2793,-2616,19361,245,34,79,16,0,0,0,0,0,0,0,-32285,0,0,0,0,0,2778332,0
2728116,8924,-3450,1682,-1057,627,-98,6925,-741,-413,-2980,-2904,19361,245,34,79,16,0,0,0,0,0,0,0,-32285,0,0,0,0,0,2778351,0
2728121,8968,-4400,1712,-1157,964,-35,6728,-890,-487,-3070,-3392,19333,341,34,79,16,0,0,0,0,0,0,0,-32286,0,0,0,0,0,2778356,0
2728126,8364,-5460,1834,-1200,1246,28,6494,-1046,-529,-3207,-3704,19333,341,34,79,16,0,0,0,0,0,0,0,-32288,0,0,0,0,0,2778367,0
2728131,8030,-6302,1866,-1150,1468,86,6228,-1179,-535,-3305,-3968,19302,471,34,79,16,0,0,0,0,0,0,0,-32285,0,0,0,0,0,2778372,0
2728136,7212,-7656,1552,-914,1729,220,5936,-1299,-518,-3376,-4288,19302,471,34,79,16,0,0,0,0,0,0,0,-32286,0,0,0,0,0,2778387,0
2728141,6730,-7966,1272,-852,1774,290,5612,-1433,-481,-3416,-4632,19270,626,33,79,16,0,0,0,0,0,0,0,-32287,0,0,0,0,0,2778392,0
2728146,6368,-8480,974,-840,1772,413,5260,-1572,-462,-3505,-4896,19270,626,33,79,16,0,0,0,0,0,0,0,-32284,0,0,0,0,0,2778407,0
2728151,5566,-8628,994,-812,1698,493,4880,-1693,-450,-3566,-5216,19237,771,33,79,16,0,0,0,0,0,0,0,-32287,0,0,0,0,0,2778412,0
2728156,4932,-9308,664,-525,1556,613,4472,-1815,-445,-3604,-5416,19237,771,33,79,16,0,0,0,0,0,0,0,-32284,0,0,0,0,0,2778427,0
2728161,4034,-9150,702,-455,1425,686,4037,-1927,-438,-3659,-5656,19203,907,34,79,16,0,0,0,0,0,0,0,-32287,0,0,0,0,0,2778432,0
2728166,3612,-8978,922,-380,1368,743,3582,-2009,-413,-3681,-5640,19203,907,34,79,16,0,0,0,0,0,0,0,-32285,0,0,0,0,0,2778446,0
2728171,3038,-8856,542,-204,1287,765,3119,-2044,-358,-3708,-5768,19174,1025,34,79,16,0,0,0,0,0,0,0,-32286,0,0,0,0,0,2778451,0
2728176,2096,-8628,220,187,936,836,2649,-2062,-278,-3701,-5880,19174,1025,34,79,16,0,0,0,0,0,0,0,-32287,0,0,0,0,0,2778466,0
2728181,1980,-8458,816,382,751,828,2181,-2061,-178,-3721,-5896,19149,1117,34,79,16,0,0,0,0,0,0,0,-32284,0,0,0,0,0,2778471,0
2728186,1852,-8248,868,636,541,832,1715,-2047,-82,-3673,-5872,19149,1117,34,79,16,0,0,0,0,0,0,0,-32288,0,0,0,0,0,2778490,0
2728191,1846,-7752,430,856,344,805,1252,-2039,-16,-3625,-5656,19137,1170,34,79,16,0,0,0,0,0,0,0,-32285,0,0,0,0,0,2778495,0
2728196,2726,-7044,180,1327,-90,713,793,-2015,23,-3641,-5544,19137,1170,34,79,16,0,0,0,0,0,0,0,-32286,0,0,0,0,0,2778510,0
2728201,3226,-6778,118,1511,-317,679,339,-1986,47,-3606,-5448,19137,1164,34,79,16,0,0,0,0,0,0,0,-32286,0,0,0,0,0,2778515,0
2728206,3804,-6120,48,1645,-568,613,-105,-1948,70,-3576,-5408,19137,1164,34,79,16,0,0,0,0,0,0,0,-32284,0,0,0,0,0,2778526,0
2728211,4658,-5742,448,1761,-784,535,-536,-1895,99,-3498,-5264,19148,1133,34,79,16,0,0,0,0,0,0,0,-32287,0,0,0,0,0,2778540,0
2728216,6584,-5070,180,1852,-1289,428,-952,-1828,146,-3438,-5088,19148,1133,34,79,16,0,0,0,0,0,0,0,-32284,0,0,0,0,0,2778546,0
2728221,7446,-4576,244,1834,-1526,382,-1351,-1756,181,-3354,-4920,19165,1066,34,79,16,0,0,0,0,0,0,0,-32287,0,0,0,0,0,2778551,0
2728226,7930,-3808,620,1753,-1761,318,-1736,-1686,216,-3279,-4760,19165,1066,34,79,16,0,0,0,0,0,0,0,-32284,0,0,0,0,0,2778566,0
2728231,8784,-3206,950,1669,-1957,218,-2105,-1617,230,-3223,-4664,19186,989,34,79,16,0,0,0,0,0,0,0,-32287,0,0,0,0,0,2778571,0
2728236,10348,-2146,1212,1360,-2140,63,-2459,-1557,227,-3159,-4464,19186,989,34,79,16,0,0,0,0,0,0,0,-32284,0,0,0,0,0,2778589,0
2728241,10726,-1738,1608,1224,-2182,3,-2800,-1491,231,-3093,-4152,19204,903,34,79,16,0,0,0,0,0,0,0,-32287,0,0,0,0,0,2778594,0
2728246,10776,-932,2036,1076,-2219,-119,-3125,-1419,232,-3006,-3992,19204,903,34,79,16,0,0,0,0,0,0,0,-32285,0,0,0,0,0,2778613,0
2728251,11284,-660,2218,923,-2145,-215,-3430,-1340,233,-2906,-3776,19223,812,34,79,16,0,0,0,0,0,0,0,-32286,0,0,0,0,0,2778618,0
2728256,11090,326,2576,636,-2087,-409,-3719,-1261,246,-2792,-3528,19223,812,34,79,16,0,0,0,0,0,0,0,-32287,0,0,0,0,0,2778628,0
2728261,11388,56,2754,481,-1935,-460,-3990,-1173,261,-2716,-3256,19245,709,34,79,16,0,0,0,0,0,0,0,-32284,0,0,0,0,0,2778633,0
2728266,10934,658,3126,346,-1846,-589,-4236,-1077,283,-2605,-3056,19245,709,34,79,16,0,0,0,0,0,0,0,-32286,0,0,0,0,0,2778648,0
2728271,10934,186,2820,238,-1719,-651,-4462,-990,301,-2524,-2944,19268,614,34,79,16,0,0,0,0,0,0,0,-32287,0,0,0,0,0,2778653,0
2728276,10448,-24,3284,125,-1330,-814,-4665,-884,321,-2400,-2560,19268,614,34,79,16,0,0,0,0,0,0,0,-32284,0,0,0,0,0,2778668,0
2728281,10078,-362,3328,102,-1201,-894,-4852,-796,320,-2304,-2448,19292,518,34,79,16,0,0,0,0,0,0,0,-32286,0,0,0,0,0,2778673,0
2728286,10354,-980,3288,109,-1002,-941,-5019,-727,316,-2177,-2216,19292,518,34,79,16,0,0,0,0,0,0,0,-32287,0,0,0,0,0,2778688,0
2728291,9822,-1182,3456,31,-808,-990,-5172,-663,292,-2083,-2024,19311,427,34,79,16,0,0,0,0,0,0,0,-32287,0,0,0,0,0,2778693,0
2728296,9890,-1894,3312,73,-396,-1066,-5309,-604,277,-1945,-1912,19311,427,34,79,16,0,0,0,0,0,0,0,-32286,0,0,0,0,0,2778708,0
2728301,8912,-2020,2920,-147,-338,-1058,-5441,-582,227,-1856,-1800,19329,344,34,79,16,0,0,0,0,0,0,0,-32285,0,0,0,0,0,2778713,0
2728306,9290,-2338,2310,-265,-220,-1081,-5568,-546,180,-1761,-1680,19329,344,34,79,16,0,0,0,0,0,0,0,-32286,0,0,0,0,0,2778732,0
2728311,8960,-2886,2132,-225,-98,-1090,-5686,-517,139,-1609,-1648,19346,274,34,79,16,0,0,0,0,0,0,0,-32286,0,0,0,0,0,2778737,0
2728316,8298,-3418,1736,-163,64,-1058,-5804,-519,100,-1506,-1624,19346,274,34,79,16,0,0,0,0,0,0,0,-32286,0,0,0,0,0,2778748,0
2728321,8082,-3434,1474,-194,166,-1028,-5926,-534,65,-1420,-1608,19355,233,34,79,16,0,0,0,0,0,0,0,-32286,0,0,0,0,0,2778758,0
2728326,7850,-3542,1206,-233,220,-993,-6043,-520,35,-1313,-1576,19355,233,34,79,16,0,0,0,0,0,0,0,-32286,0,0,0,0,0,2778772,0
2728331,7670,-3532,1114,-206,327,-966,-6162,-520,6,-1198,-1552,19361,204,34,79,16,0,0,0,0,0,0,0,-32285,0,0,0,0,0,2778777,0
2728336,7220,-3906,762,-293,335,-857,-6284,-536,-4,-1110,-1536,19361,204,34,79,16,0,0,0,0,0,0,0,-32286,0,0,0,0,0,2778792,0
2728341,7098,-4146,604,-334,352,-810,-6411,-554,-19,-1010,-1536,19365,178,34,79,16,0,0,0,0,0,0,0,-32286,0,0,0,0,0,2778797,0
2728346,7046,-3882,620,-349,359,-761,-6538,-561,-30,-910,-1520,19365,178,34,79,16,0,0,0,0,0,0,0,-32287,0,0,0,0,0,2778808,0
2728351,6770,-3924,416,-414,325,-700,-6671,-591,-43,-810,-1528,19370,158,34,79,16,0,0,0,0,0,0,0,-32286,0,0,0,0,0,2778813,0
2728356,6704,-3654,450,-585,357,-567,-6809,-614,-57,-714,-1528,19370,158,34,79,16,0,0,0,0,0,0,0,-32286,0,0,0,0,0,2778828,0
2728361,6602,-3676,410,-631,381,-508,-6948,-612,-58,-611,-1440,19374,146,33,79,16,0,0,0,0,0,0,0,-32285,0,0,0,0,0,2778832,0
2728366,6532,-3680,402,-673,394,-440,-7089,-620,-53,-520,-1392,19374,146,33,79,16,0,0,0,0,0,0,0,-32286,0,0,0,0,0,2778847,0
2728371,6384,-3482,464,-776,436,-368,-7231,-627,-41,-429,-1344,19377,133,33,79,16,0,0,0,0,0,0,0,-32285,0,0,0,0,0,2778852,0
2728376,6438,-3200,756,-1148,703,-173,-7369,-606,-18,-364,-1200,19377,133,33,79,16,0,0,0,0,0,0,0,-32286,0,0,0,0,0,2778867,0
2728381,6268,-3400,1014,-1221,808,-84,-7499,-574,19,-287,-1056,19379,120,34,79,16,0,0,0,0,0,0,0,-32286,0,0,0,0,0,2778872,0
2728386,6298,-3512,1140,-1167,846,-35,-7621,-533,53,-205,-856,19379,120,34,79,16,0,0,0,0,0,0,0,-32286,0,0,0,0,0,2778891,0
2728391,6354,-3744,1182,-1043,885,30,-7731,-485,103,-141,-648,19382,97,34,79,16,0,0,0,0,0,0,0,-32286,0,0,0,0,0,2778901,0
2728396,6662,-2828,1118,-952,922,48,-7820,-389,151,-91,-328,19382,97,34,79,16,0,0,0,0,0,0,0,-32286,0,0,0,0,0,2778907,0
2728401,6770,-2426,1150,-942,911,7,-7892,-306,202,-39,-120,19385,80,34,79,16,0,0,0,0,0,0,0,-32286,0,0,0,0,0,2778921,0
2728406,7038,-2554,1122,-828,880,-29,-7946,-228,252,50,-32,19385,80,34,79,16,0,0,0,0,0,0,0,-32286,0,0,0,0,0,2778927,0
2728411,7066,-2372,1390,-644,876,-88,-7977,-130,283,140,8,19387,69,34,79,16,0,0,0,0,0,0,0,-32286,0,0,0,0,0,2778932,0
2728416,7220,-1812,1236,-813,925,-154,-7988,-44,302,178,64,19387,69,34,79,16,0,0,0,0,0,0,0,-32286,0,0,0,0,0,2778947,0
2728421,7388,-1826,1222,-872,993,-167,-7981,40,307,224,112,19391,68,34,79,16,0,0,0,0,0,0,0,-32286,0,0,0,0,0,2778961,0
2728426,7182,-1838,1146,-973,1056,-178,-7972,46,274,290,120,19391,68,34,79,16,0,0,0,0,0,0,0,-32286,0,0,0,0,0,2778967,0
2728431,7184,-1924,1072,-1063,1111,-197,-7966,25,199,353,128,19392,64,34,79,16,0,0,0,0,0,0,0,-32286,0,0,0,0,0,2778972,0
2728436,6950,-2298,1146,-1011,1217,-229,-7960,22,99,412,168,19392,64,34,79,16,0,0,0,0,0,0,0,-32286,0,0,0,0,0,2778987,0
2728441,6862,-2298,1180,-920,1234,-234,-7950,49,31,458,240,19393,51,34,79,16,0,0,0,0,0,0,0,-32286,0,0,0,0,0,2778992,0
2728446,6894,-2206,1138,-847,1257,-244,-7928,106,20,496,376,19393,51,34,79,16,0,0,0,0,0,0,0,-32286,0,0,0,0,0,2779007,0
2728451,6826,-2132,1116,-828,1296,-216,-7894,152,77,543,544,19391,62,34,79,16,0,0,0,0,0,0,0,-32286,0,0,0,0,0,2779012,0
2728456,6856,-1938,810,-869,1266,-226,-7845,218,137,593,776,19391,62,34,79,16,0,0,0,0,0,0,0,-32286,0,0,0,0,0,2779027,0
2728461,7038,-1678,718,-857,1172,-309,-7778,309,195,663,960,19390,69,34,79,16,0,0,0,0,0,0,0,-32286,0,0,0,0,0,2779032,0
2728466,7812,-1542,484,-147,475,-673,-7697,359,226,748,1104,19390,69,34,79,16,0,0,0,0,0,0,0,-32286,0,0,0,0,0,2779047,0
2728471,7098,-2154,-758,-202,622,-436,-7602,425,231,797,1296,19390,84,34,79,16,0,0,0,0,0,0,0,-32286,0,0,0,0,0,2779061,0
2728476,7994,-1670,-414,-486,240,-565,-7496,468,230,884,1392,19390,84,34,79,16,0,0,0,0,0,0,0,-32286,0,0,0,0,0,2779067,0
2728481,6934,-990,126,-735,214,-571,-7383,496,200,968,1456,19387,101,34,79,16,0,0,0,0,0,0,0,-32286,0,0,0,0,0,2779081,0
2728486,7158,-1264,398,-950,283,-578,-7261,535,164,1015,1584,19387,101,34,79,16,0,0,0,0,0,0,0,-32286,0,0,0,0,0,2779086,0
2728491,7044,-1496,602,-962,328,-599,-7125,594,151,1095,1720,19380,130,34,79,16,0,0,0,0,0,0,0,-32286,0,0,0,0,0,2779101,0
2728496,6434,-1802,688,-922,409,-610,-6982,632,149,1160,1824,19380,130,34,79,16,0,0,0,0,0,0,0,-32287,0,0,0,0,0,2779106,0
2728501,6296,-1818,612,-938,453,-610,-6829,674,153,1183,2032,19374,163,34,79,16,0,0,0,0,0,0,0,-32286,0,0,0,0,0,2779111,0
2728506,6120,-1726,558,-935,480,-605,-6666,731,155,1231,2096,19374,163,34,79,16,0,0,0,0,0,0,0,-32286,0,0,0,0,0,2779126,0
2728511,5730,-1760,540,-1012,546,-576,-6493,758,148,1292,2184,19368,185,34,79,16,0,0,0,0,0,0,0,-32285,0,0,0,0,0,2779131,0
2728516,5344,-1856,334,-970,466,-590,-6310,812,150,1326,2432,19368,185,34,79,16,0,0,0,0,0,0,0,-32286,0,0,0,0,0,2779146,0
2728521,5236,-1942,316,-885,413,-582,-6113,875,165,1411,2480,19366,207,33,79,16,0,0,0,0,0,0,0,-32286,0,0,0,0,0,2779151,0
2728526,5018,-1770,418,-841,344,-607,-5904,927,170,1432,2696,19366,207,33,79,16,0,0,0,0,0,0,0,-32286,0,0,0,0,0,2779166,0
2728531,5088,-1754,270,-822,318,-597,-5679,995,185,1523,2872,19359,225,33,79,16,0,0,0,0,0,0,0,-32285,0,0,0,0,0,2779171,0
2728536,4890,-1486,438,-764,168,-647,-5439,1069,208,1549,3024,19359,225,33,79,16,0,0,0,0,0,0,0,-32287,0,0,0,0,0,2779186,0
2728541,5158,-1502,360,-697,108,-637,-5183,1135,226,1612,3176,19349,269,34,79,16,0,0,0,0,0,0,0,-32287,0,0,0,0,0,2779191,0
2728546,5068,-1370,362,-668,47,-669,-4910,1204,236,1662,3360,19349,269,34,79,16,0,0,0,0,0,0,0,-32285,0,0,0,0,0,2779206,0
2728551,5142,-1256,360,-607,-17,-692,-4622,1274,241,1711,3496,19338,308,34,79,16,0,0,0,0,0,0,0,-32286,0,0,0,0,0,2779211,0
2728556,5272,-886,236,-526,-100,-741,-4321,1334,246,1739,3552,19338,308,34,79,16,0,0,0,0,0,0,0,-32287,0,0,0,0,0,2779226,0
2728561,5496,-924,320,-550,-121,-758,-4006,1387,227,1806,3744,19328,348,34,79,16,0,0,0,0,0,0,0,-32285,0,0,0,0,0,2779231,0
2728566,5630,-898,558,-512,-154,-768,-3683,1423,211,1852,3776,19328,348,34,79,16,0,0,0,0,0,0,0,-32287,0,0,0,0,0,2779246,0
2728571,5770,-932,692,-515,-122,-774,-3352,1452,185,1880,3880,19320,382,34,79,16,0,0,0,0,0,0,0,-32285,0,0,0,0,0,2779251,0
2728576,6236,-998,914,-417,-106,-801,-3018,1475,148,1931,3888,19320,382,34,79,16,0,0,0,0,0,0,0,-32286,0,0,0,0,0,2779266,0
2728581,6526,-972,1010,-420,-78,-817,-2681,1472,103,1963,3928,19314,422,34,79,16,0,0,0,0,0,0,0,-32286,0,0,0,0,0,2779271,0
2728586,6920,-910,1180,-414,-45,-817,-2351,1454,58,1990,3848,19314,422,34,79,16,0,0,0,0,0,0,0,-32286,0,0,0,0,0,2779286,0
2728591,7168,-804,1268,-488,38,-831,-2023,1430,15,2035,3912,19308,451,34,79,16,0,0,0,0,0,0,0,-32287,0,0,0,0,0,2779291,0
2728596,7522,-1112,1408,-671,194,-775,-1701,1413,-31,2062,3800,19308,451,34,79,16,0,0,0,0,0,0,0,-32285,0,0,0,0,0,2779306,0
2728601,7840,-1396,1380,-718,260,-747,-1386,1383,-57,2113,3776,19305,468,34,79,16,0,0,0,0,0,0,0,-32287,0,0,0,0,0,2779311,0
2728606,7978,-1626,1432,-712,287,-721,-1082,1335,-86,2133,3584,19305,468,34,79,16,0,0,0,0,0,0,0,-32285,0,0,0,0,0,2779326,0
2728611,8194,-1632,1450,-767,364,-683,-790,1286,-114,2149,3448,19302,481,34,79,16,0,0,0,0,0,0,0,-32286,0,0,0,0,0,2779331,0
2728616,8488,-1742,1432,-954,561,-579,-508,1232,-146,2201,3368,19302,481,34,79,16,0,0,0,0,0,0,0,-32287,0,0,0,0,0,2779346,0
2728621,8478,-2026,1460,-1070,622,-512,-244,1161,-171,2229,3176,19304,482,34,79,16,0,0,0,0,0,0,0,-32284,0,0,0,0,0,2779351,0
2728626,8356,-2146,1346,-1160,702,-457,1,1076,-203,2224,2968,19304,482,34,79,16,0,0,0,0,0,0,0,-32286,0,0,0,0,0,2779366,0
2728631,8346,-2368,1268,-1201,739,-389,231,996,-235,2242,2840,19308,465,34,79,16,0,0,0,0,0,0,0,-32286,0,0,0,0,0,2779371,0
2728636,8084,-2608,970,-1285,782,-276,445,933,-256,2279,2784,19308,465,34,79,16,0,0,0,0,0,0,0,-32285,0,0,0,0,0,2779386,0
2728641,8066,-2780,952,-1293,790,-206,646,877,-256,2281,2624,19313,438,34,79,16,0,0,0,0,0,0,0,-32285,0,0,0,0,0,2779391,0
2728646,7790,-2808,992,-1314,741,-171,833,821,-238,2295,2568,19313,438,34,79,16,0,0,0,0,0,0,0,-32287,0,0,0,0,0,2779406,0
2728651,7844,-2884,864,-1294,704,-146,1012,776,-214,2295,2472,19319,402,34,79,16,0,0,0,0,0,0,0,-32287,0,0,0,0,0,2779411,0
2728656,7728,-3024,850,-1294,594,-96,1176,725,-187,2312,2272,19319,402,34,79,16,0,0,0,0,0,0,0,-32285,0,0,0,0,0,2779426,0
2728661,7972,-3190,794,-1291,554,-76,1328,661,-182,2310,2208,19323,375,34,79,16,0,0,0,0,0,0,0,-32285,0,0,0,0,0,2779431,0
2728666,8002,-3356,856,-1258,481,-57,1470,616,-184,2321,2144,19323,375,34,79,16,0,0,0,0,0,0,0,-32286,0,0,0,0,0,2779445,0
2728671,7948,-3604,1068,-1265,450,-40,1601,569,-180,2343,1984,19328,357,34,79,16,0,0,0,0,0,0,0,-32287,0,0,0,0,0,2779450,0
2728676,8242,-3646,1188,-1118,275,-87,1719,509,-178,2311,1888,19328,357,34,79,16,0,0,0,0,0,0,0,-32287,0,0,0,0,0,2779465,0
2728681,8380,-3806,1250,-1050,201,-91,1825,469,-175,2291,1760,19332,331,34,79,16,0,0,0,0,0,0,0,-32286,0,0,0,0,0,2779470,0
2728686,8464,-3656,1350,-1005,145,-103,1920,400,-179,2294,1584,19332,331,34,79,16,0,0,0,0,0,0,0,-32286,0,0,0,0,0,2779485,0
2728691,8488,-3672,1342,-1084,157,-98,1993,317,-197,2295,1416,19337,303,34,79,16,0,0,0,0,0,0,0,-32285,0,0,0,0,0,2779490,0
2728696,8340,-4018,1582,-1108,87,-46,2049,233,-219,2256,1200,19337,303,34,79,16,0,0,0,0,0,0,0,-32285,0,0,0,0,0,2779505,0
2728701,8214,-3800,1794,-1011,53,-55,2088,159,-255,2262,1040,19345,269,34,79,16,0,0,0,0,0,0,0,-32285,0,0,0,0,0,2779510,0
2728706,8328,-3856,1890,-973,88,-4,2108,79,-275,2236,880,19345,269,34,79,16,0,0,0,0,0,0,0,-32286,0,0,0,0,0,2779525,0
2728711,8164,-3336,2064,-996,122,7,2112,15,-275,2196,776,19353,231,34,79,16,0,0,0,0,0,0,0,-32286,0,0,0,0,0,2779530,0
2728716,8204,-2904,2096,-957,245,24,2112,0,-249,2139,768,19353,231,34,79,16,0,0,0,0,0,0,0,-32286,0,0,0,0,0,2779545,0
2728721,8204,-2714,1988,-829,231,7,2111,1,-186,2091,752,19360,196,34,79,16,0,0,0,0,0,0,0,-32286,0,0,0,0,0,2779550,0
2728726,8304,-2292,1744,-706,189,-16,2112,4,-106,2041,728,19360,196,34,79,16,0,0,0,0,0,0,0,-32286,0,0,0,0,0,2779565,0
2728731,8608,-1810,1506,-708,177,-34,2113,2,-41,2000,720,19367,169,34,79,16,0,0,0,0,0,0,0,-32285,0,0,0,0,0,2779570,0
2728736,9524,-1534,1432,-1063,285,20,2111,-8,-4,1955,696,19367,169,34,79,16,0,0,0,0,0,0,0,-32286,0,0,0,0,0,2779585,0
2728741,9932,-1972,1570,-1255,326,63,2112,3,0,1904,672,19373,149,34,79,16,0,0,0,0,0,0,0,-32285,0,0,0,0,0,2779590,0
2728746,10548,-2780,1690,-1353,321,137,2111,0,-4,1857,664,19373,149,34,79,16,0,0,0,0,0,0,0,-32285,0,0,0,0,0,2779605,0
2728751,11026,-3222,1796,-1375,267,183,2111,-3,2,1800,632,19375,139,34,79,16,0,0,0,0,0,0,0,-32285,0,0,0,0,0,2779610,0
2728756,11966,-3850,1582,-1659,283,376,2114,4,2,1738,640,19375,139,34,79,16,0,0,0,0,0,0,0,-32286,0,0,0,0,0,2779625,0
2728761,12438,-4350,1584,-1776,284,431,2119,23,16,1680,680,19375,128,34,79,16,0,0,0,0,0,0,0,-32286,0,0,0,0,0,2779630,0
2728766,12790,-4852,1618,-1701,273,450,2135,68,38,1598,760,19375,128,34,79,16,0,0,0,0,0,0,0,-32286,0,0,0,0,0,2779645,0
2728771,13168,-4976,1840,-1448,275,397,2157,104,73,1542,768,19377,127,34,79,16,0,0,0,0,0,0,0,-32285,0,0,0,0,0,2779650,0
2728776,13468,-4620,2490,-1318,558,317,2180,102,96,1516,720,19377,127,34,79,16,0,0,0,0,0,0,0,-32286,0,0,0,0,0,2779665,0
2728781,13500,-4564,2712,-1365,783,233,2210,126,90,1439,712,19376,127,34,79,16,0,0,0,0,0,0,0,-32286,0,0,0,0,0,2779670,0
2728786,12884,-5026,2748,-1445,994,203,2238,120,68,1388,696,19376,127,34,79,16,0,0,0,0,0,0,0,-32286,0,0,0,0,0,2779685,0
2728791,12082,-5148,2748,-1465,1087,103,2268,132,43,1290,768,19377,123,34,79,16,0,0,0,0,0,0,0,-32286,0,0,0,0,0,2779690,0
2728796,10768,-6142,2034,-1154,1068,-85,2300,140,32,1239,696,19377,123,34,79,16,0,0,0,0,0,0,0,-32287,0,0,0,0,0,2779705,0
2728801,9900,-6164,1660,-1038,932,-186,2333,137,23,1200,616,19378,114,34,79,16,0,0,0,0,0,0,0,-32287,0,0,0,0,0,2779710,0
2728806,9268,-6644,1196,-971,897,-163,2359,105,4,1137,480,19378,114,34,79,16,0,0,0,0,0,0,0,-32287,0,0,0,0,0,2779725,0
2728811,7934,-6526,1176,-1037,874,-134,2373,66,-31,1071,424,19381,112,34,79,16,0,0,0,0,0,0,0,-32287,0,0,0,0,0,2779730,0
2728816,6302,-6666,898,-842,831,-104,2388,67,-65,960,432,19381,112,34,79,16,0,0,0,0,0,0,0,-32287,0,0,0,0,0,2779745,0
2728821,5376,-6714,780,-613,765,-73,2406,81,-71,878,424,19384,93,34,79,16,0,0,0,0,0,0,0,-32287,0,0,0,0,0,2779750,0
2728826,4676,-6560,578,-400,672,-16,2425,78,-36,834,384,19384,93,34,79,16,0,0,0,0,0,0,0,-32286,0,0,0,0,0,2779765,0
2728831,4188,-6024,424,-223,564,27,2447,96,0,746,416,19384,83,34,79,16,0,0,0,0,0,0,0,-32286,0,0,0,0,0,2779769,0
2728836,3824,-4914,198,17,377,88,2476,133,39,661,424,19384,83,34,79,16,0,0,0,0,0,0,0,-32286,0,0,0,0,0,2779784,0
2728841,3682,-4496,236,116,296,116,2507,133,52,607,408,19387,76,34,79,16,0,0,0,0,0,0,0,-32286,0,0,0,0,0,2779789,0
2728846,3730,-4496,246,466,101,35,2542,152,55,528,400,19387,76,34,79,16,0,0,0,0,0,0,0,-32286,0,0,0,0,0,2779804,0
2728851,4272,-3518,112,582,152,45,2574,144,53,491,312,19387,72,34,79,16,0,0,0,0,0,0,0,-32287,0,0,0,0,0,2779809,0
2728856,4224,-1810,124,281,378,2,2610,161,34,411,256,19387,72,34,79,16,0,0,0,0,0,0,0,-32286,0,0,0,0,0,2779824,0
2728861,4014,-1384,-554,3,304,-33,2643,152,13,351,208,19387,70,34,79,16,0,0,0,0,0,0,0,-32286,0,0,0,0,0,2779829,0
2728866,3944,-1572,-752,-130,352,-3,2674,137,5,276,120,19387,70,34,79,16,0,0,0,0,0,0,0,-32286,0,0,0,0,0,2779844,0
2728871,3752,-1504,-802,-224,317,-22,2698,98,-23,216,64,19388,74,34,79,16,0,0,0,0,0,0,0,-32286,0,0,0,0,0,2779849,0
2728876,4278,-1582,-808,-203,285,-84,2718,87,-47,135,32,19388,74,34,79,16,0,0,0,0,0,0,0,-32286,0,0,0,0,0,2779864,0
2728881,4264,-1734,-564,-246,235,-106,2725,32,-78,75,-16,19389,75,34,79,16,0,0,0,0,0,0,0,-32286,0,0,0,0,0,2779869,0
2728886,4456,-2158,-456,-273,193,-95,2718,-30,-121,5,-40,19389,75,34,79,16,0,0,0,0,0,0,0,-32286,0,0,0,0,0,2779884,0
2728891,4562,-2856,-308,-343,183,26,2709,-33,-139,-70,-48,19389,76,34,79,16,0,0,0,0,0,0,0,-32286,0,0,0,0,0,2779889,0
2728896,4564,-3570,-4,-1527,307,493,2710,5,-105,-138,-48,19389,76,34,79,16,0,0,0,0,0,0,0,-32286,0,0,0,0,0,2779904,0
2728901,4486,-4134,254,-1785,410,671,2712,5,-45,-199,-72,19389,70,34,79,16,0,0,0,0,0,0,0,-32286,0,0,0,0,0,2779909,0
2728906,4748,-4650,558,-1669,260,731,2713,0,12,-266,-96,19389,70,34,79,16,0,0,0,0,0,0,0,-32287,0,0,0,0,0,2779924,0
2728911,5394,-5122,764,-1299,125,745,2711,-2,33,-338,-128,19388,66,34,79,16,0,0,0,0,0,0,0,-32286,0,0,0,0,0,2779929,0
2728916,6350,-4992,1202,-798,-102,759,2710,-8,11,-412,-152,19388,66,34,79,16,0,0,0,0,0,0,0,-32286,0,0,0,0,0,2779944,0
2728921,6864,-4894,1112,-819,-156,800,2708,-14,-18,-483,-184,19389,64,34,79,16,0,0,0,0,0,0,0,-32286,0,0,0,0,0,2779949,0
2728926,7200,-4766,932,-936,-205,839,2704,-15,-13,-559,-224,19389,64,34,79,16,0,0,0,0,0,0,0,-32286,0,0,0,0,0,2779964,0
2728931,7400,-4680,734,-1020,-214,836,2696,-33,-20,-629,-288,19389,67,34,79,16,0,0,0,0,0,0,0,-32286,0,0,0,0,0,2779969,0
2728936,7480,-4762,204,-993,-244,755,2681,-71,-39,-693,-440,19389,67,34,79,16,0,0,0,0,0,0,0,-32286,0,0,0,0,0,2779984,0
2728941,7256,-4836,-108,-999,-261,738,2649,-149,-82,-717,-704,19391,78,34,79,16,0,0,0,0,0,0,0,-32286,0,0,0,0,0,2779989,0
2728946,7074,-4760,-406,-1080,-273,714,2600,-220,-138,-818,-864,19391,78,34,79,16,0,0,0,0,0,0,0,-32286,0,0,0,0,0,2780004,0
2728951,6882,-4898,-668,-1342,-211,772,2550,-274,-201,-926,-1080,19389,86,34,79,16,0,0,0,0,0,0,0,-32286,0,0,0,0,0,2780009,0
2728956,6496,-4442,-320,-1767,93,732,2475,-335,-231,-1005,-1240,19389,86,34,79,16,0,0,0,0,0,0,0,-32286,0,0,0,0,0,2780024,0
2728961,6900,-5068,-90,-1738,345,778,2379,-417,-250,-1099,-1400,19385,100,34,79,16,0,0,0,0,0,0,0,-32286,0,0,0,0,0,2780029,0
2728966,6136,-5884,1260,-2152,821,982,2275,-457,-234,-1199,-1488,19385,100,34,79,16,0,0,0,0,0,0,0,-32286,0,0,0,0,0,2780044,0
2728971,4908,-6350,760,-2175,530,910,2172,-447,-185,-1294,-1496,19376,131,34,79,16,0,0,0,0,0,0,0,-32286,0,0,0,0,0,2780049,0
2728976,4844,-7304,38,-891,76,819,2078,-420,-97,-1357,-1400,19376,131,34,79,16,0,0,0,0,0,0,0,-32286,0,0,0,0,0,2780064,0
2728981,5324,-6488,-232,-568,-131,760,1986,-405,-5,-1410,-1288,19369,155,33,79,16,0,0,0,0,0,0,0,-32287,0,0,0,0,0,2780069,0
2728986,5568,-5366,-252,-522,-245,713,1905,-353,66,-1410,-1216,19369,155,33,79,16,0,0,0,0,0,0,0,-32287,0,0,0,0,0,2780084,0
2728991,5746,-4868,-362,-604,-369,646,1837,-287,113,-1419,-984,19364,168,34,79,16,0,0,0,0,0,0,0,-32286,0,0,0,0,0,2780089,0
2728996,6204,-4702,-314,-210,-771,403,1792,-187,171,-1443,-776,19364,168,34,79,16,0,0,0,0,0,0,0,-32286,0,0,0,0,0,2780103,0
2729001,6550,-4758,-256,129,-919,328,1768,-90,242,-1417,-664,19366,160,34,79,16,0,0,0,0,0,0,0,-32286,0,0,0,0,0,2780108,0
2729006,6542,-4088,30,285,-1098,226,1761,-26,284,-1434,-512,19366,160,34,79,16,0,0,0,0,0,0,0,-32286,0,0,0,0,0,2780124,0
2729011,7132,-3938,122,336,-1118,195,1766,13,288,-1421,-472,19372,135,34,79,16,0,0,0,0,0,0,0,-32286,0,0,0,0,0,2780128,0
2729016,7188,-3678,628,136,-1031,230,1773,33,222,-1389,-472,19372,135,34,79,16,0,0,0,0,0,0,0,-32286,0,0,0,0,0,2780143,0
2729021,7276,-3784,914,142,-926,267,1774,8,126,-1382,-496,19377,120,34,79,16,0,0,0,0,0,0,0,-32286,0,0,0,0,0,2780148,0
2729026,7264,-3786,1216,213,-809,277,1776,6,45,-1379,-504,19377,120,34,79,16,0,0,0,0,0,0,0,-32286,0,0,0,0,0,2780163,0
2729031,7314,-3706,1274,322,-712,293,1781,13,2,-1396,-472,19380,107,34,79,16,0,0,0,0,0,0,0,-32286,0,0,0,0,0,2780168,0
2729036,7466,-3090,1266,453,-531,332,1787,31,-2,-1406,-424,19380,107,34,79,16,0,0,0,0,0,0,0,-32286,0,0,0,0,0,2780183,0
2729041,7442,-2828,1198,446,-494,313,1800,67,24,-1432,-256,19380,104,34,79,16,0,0,0,0,0,0,0,-32286,0,0,0,0,0,2780188,0
2729046,7734,-2602,836,555,-467,260,1825,122,71,-1442,-176,19380,104,34,79,16,0,0,0,0,0,0,0,-32287,0,0,0,0,0,2780203,0
2729051,7680,-2446,598,674,-510,258,1863,168,121,-1395,-144,19383,94,34,79,16,0,0,0,0,0,0,0,-32286,0,0,0,0,0,2780208,0
2729056,7976,-1926,134,583,-580,203,1908,209,148,-1378,-144,19383,94,34,79,16,0,0,0,0,0,0,0,-32287,0,0,0,0,0,2780223,0
2729061,7570,-1320,214,411,-581,168,1954,202,122,-1384,-120,19384,87,34,79,16,0,0,0,0,0,0,0,-32287,0,0,0,0,0,2780228,0
2729066,7882,-1616,50,290,-545,168,2004,223,93,-1392,-104,19384,87,34,79,16,0,0,0,0,0,0,0,-32287,0,0,0,0,0,2780243,0
2729071,7548,-1660,172,240,-605,152,2059,242,74,-1384,-88,19387,75,34,79,16,0,0,0,0,0,0,0,-32287,0,0,0,0,0,2780248,0
2729076,7664,-2138,36,211,-652,134,2116,253,63,-1382,-96,19387,75,34,79,16,0,0,0,0,0,0,0,-32286,0,0,0,0,0,2780263,0
2729081,7436,-2078,90,231,-692,113,2179,282,78,-1377,-64,19386,64,34,79,16,0,0,0,0,0,0,0,-32286,0,0,0,0,0,2780268,0
2729086,7400,-2038,18,217,-729,95,2251,320,71,-1372,-48,19386,64,34,79,16,0,0,0,0,0,0,0,-32286,0,0,0,0,0,2780283,0
2729091,7372,-2180,-80,209,-807,76,2330,352,87,-1367,-40,19388,57,34,79,16,0,0,0,0,0,0,0,-32285,0,0,0,0,0,2780288,0
2729096,7230,-2418,-198,176,-958,88,2414,359,97,-1381,-32,19388,57,34,79,16,0,0,0,0,0,0,0,-32286,0,0,0,0,0,2780303,0
2729101,7278,-2316,-148,170,-1034,70,2497,373,92,-1388,-40,19390,46,34,79,16,0,0,0,0,0,0,0,-32286,0,0,0,0,0,2780308,0
2729106,7354,-2428,-78,117,-1029,91,2579,363,63,-1385,-32,19390,46,34,79,16,0,0,0,0,0,0,0,-32286,0,0,0,0,0,2780323,0
2729111,7336,-2262,34,69,-1048,72,2664,370,29,-1383,-24,19394,44,34,79,16,0,0,0,0,0,0,0,-32287,0,0,0,0,0,2780328,0
2729116,7384,-2408,314,86,-1008,29,2754,392,12,-1376,-32,19394,44,34,79,16,0,0,0,0,0,0,0,-32286,0,0,0,0,0,2780343,0
2729121,7648,-2772,290,99,-932,74,2839,378,27,-1379,-32,19394,39,34,79,16,0,0,0,0,0,0,0,-32286,0,0,0,0,0,2780348,0
2729126,7492,-2502,480,61,-884,70,2920,352,3,-1398,-56,19394,39,34,79,16,0,0,0,0,0,0,0,-32286,0,0,0,0,0,2780363,0
2729131,7666,-2854,536,-31,-755,142,2990,296,-32,-1499,-136,19393,44,34,79,16,0,0,0,0,0,0,0,-32286,0,0,0,0,0,2780368,0
2729136,7540,-3020,816,-273,-467,266,3043,219,-92,-1623,-264,19393,44,34,79,16,0,0,0,0,0,0,0,-32286,0,0,0,0,0,2780383,0
2729141,7466,-3404,1078,-398,-244,403,3074,123,-170,-1709,-504,19392,62,34,79,16,0,0,0,0,0,0,0,-32286,0,0,0,0,0,2780387,0
2729146,6906,-3230,1218,-349,-258,378,3089,53,-234,-1804,-648,19392,62,34,79,16,0,0,0,0,0,0,0,-32286,0,0,0,0,0,2780402,0
2729151,7944,-3378,1304,-576,147,542,3093,5,-261,-1927,-784,19384,85,34,79,16,0,0,0,0,0,0,0,-32286,0,0,0,0,0,2780407,0
2729156,7044,-4236,1518,-338,326,628,3086,-23,-240,-2070,-864,19384,85,34,79,16,0,0,0,0,0,0,0,-32285,0,0,0,0,0,2780422,0
2729161,7194,-3990,1492,-149,418,661,3080,-31,-184,-2189,-912,19379,113,34,79,16,0,0,0,0,0,0,0,-32285,0,0,0,0,0,2780427,0
2729166,7028,-3712,1174,-90,453,683,3073,-39,-115,-2302,-1008,19379,113,34,79,16,0,0,0,0,0,0,0,-32285,0,0,0,0,0,2780442,0
2729171,7190,-3426,894,-91,554,709,3060,-65,-61,-2396,-1136,19372,145,33,79,16,0,0,0,0,0,0,0,-32285,0,0,0,0,0,2780447,0
2729176,6834,-3112,482,-316,669,769,3036,-111,-55,-2485,-1280,19372,145,33,79,16,0,0,0,0,0,0,0,-32285,0,0,0,0,0,2780462,0
2729181,6920,-3112,342,-356,689,781,3006,-136,-81,-2618,-1344,19367,177,33,79,16,0,0,0,0,0,0,0,-32286,0,0,0,0,0,2780467,0
2729186,6628,-3450,192,-403,726,862,2968,-184,-111,-2714,-1472,19367,177,33,79,16,0,0,0,0,0,0,0,-32285,0,0,0,0,0,2780482,0
2729191,6384,-3164,266,-464,680,855,2920,-216,-128,-2784,-1704,19356,215,34,79,16,0,0,0,0,0,0,0,-32286,0,0,0,0,0,2780487,0
2729196,6286,-3326,330,-560,735,964,2861,-262,-128,-2898,-1728,19356,215,34,79,16,0,0,0,0,0,0,0,-32287,0,0,0,0,0,2780502,0
2729201,6566,-3416,216,-582,780,997,2797,-285,-135,-3010,-1888,19345,260,34,79,16,0,0,0,0,0,0,0,-32287,0,0,0,0,0,2780507,0
2729206,6638,-3474,270,-597,785,1029,2725,-312,-133,-3113,-1792,19345,260,34,79,16,0,0,0,0,0,0,0,-32287,0,0,0,0,0,2780522,0
2729211,6668,-3262,414,-528,729,988,2661,-279,-89,-3199,-1816,19335,306,34,79,16,0,0,0,0,0,0,0,-32287,0,0,0,0,0,2780527,0
2729216,6754,-3146,354,-298,598,947,2606,-245,-28,-3256,-1704,19335,306,34,79,16,0,0,0,0,0,0,0,-32287,0,0,0,0,0,2780542,0
2729221,7212,-3026,168,-237,527,897,2559,-197,44,-3342,-1672,19328,338,34,79,16,0,0,0,0,0,0,0,-32286,0,0,0,0,0,2780547,0
2729226,7374,-3180,130,-165,450,923,2517,-190,98,-3364,-1728,19328,338,34,79,16,0,0,0,0,0,0,0,-32286,0,0,0,0,0,2780562,0
2729231,7040,-2674,292,-222,388,881,2478,-170,106,-3466,-1672,19326,349,34,79,16,0,0,0,0,0,0,0,-32285,0,0,0,0,0,2780567,0
2729236,7322,-2608,490,-216,393,814,2445,-149,84,-3532,-1544,19326,349,34,79,16,0,0,0,0,0,0,0,-32285,0,0,0,0,0,2780585,0
2729241,7714,-2954,364,-47,392,774,2426,-73,96,-3590,-1480,19325,351,34,79,16,0,0,0,0,0,0,0,-32285,0,0,0,0,0,2780590,0
2729246,7478,-2918,404,59,381,759,2415,-40,111,-3616,-1448,19325,351,34,79,16,0,0,0,0,0,0,0,-32284,0,0,0,0,0,2780605,0
2729251,7582,-2834,316,59,354,740,2410,-26,131,-3642,-1424,19328,357,34,79,16,0,0,0,0,0,0,0,-32285,0,0,0,0,0,2780610,0
2729256,7610,-2816,418,-9,458,714,2408,-2,125,-3674,-1384,19328,357,34,79,16,0,0,0,0,0,0,0,-32284,0,0,0,0,0,2780625,0
2729261,7638,-3126,446,-5,509,740,2407,0,97,-3689,-1384,19332,342,34,79,16,0,0,0,0,0,0,0,-32284,0,0,0,0,0,2780630,0
2729266,7524,-3252,614,20,536,742,2407,1,53,-3696,-1400,19332,342,34,79,16,0,0,0,0,0,0,0,-32284,0,0,0,0,0,2780645,0
2729271,7608,-3404,628,46,588,760,2407,1,29,-3701,-1376,19337,320,33,79,16,0,0,0,0,0,0,0,-32284,0,0,0,0,0,2780650,0
2729276,7688,-3720,744,102,718,791,2408,-2,22,-3700,-1376,19337,320,33,79,16,0,0,0,0,0,0,0,-32284,0,0,0,0,0,2780665,0
2729281,7540,-3682,844,142,755,797,2411,7,5,-3698,-1384,19339,314,34,79,16,0,0,0,0,0,0,0,-32284,0,0,0,0,0,2780670,0
2729286,7576,-3796,832,166,788,799,2413,15,6,-3694,-1344,19339,314,34,79,16,0,0,0,0,0,0,0,-32285,0,0,0,0,0,2780685,0
2729291,7646,-3800,774,193,842,799,2413,5,8,-3677,-1352,19337,318,34,79,16,0,0,0,0,0,0,0,-32285,0,0,0,0,0,2780690,0
2729296,7748,-3942,732,264,896,775,2419,16,4,-3656,-1304,19337,318,34,79,16,0,0,0,0,0,0,0,-32285,0,0,0,0,0,2780705,0
2729301,7720,-3924,708,313,887,749,2427,41,16,-3650,-1248,19335,322,34,79,16,0,0,0,0,0,0,0,-32284,0,0,0,0,0,2780709,0
2729306,7752,-3902,618,385,846,685,2442,76,41,-3645,-1096,19335,322,34,79,16,0,0,0,0,0,0,0,-32285,0,0,0,0,0,2780724,0
2729311,7816,-3864,444,505,782,610,2471,138,74,-3640,-960,19336,324,34,79,16,0,0,0,0,0,0,0,-32285,0,0,0,0,0,2780729,0
2729316,7598,-3770,168,605,568,503,2507,162,115,-3558,-904,19336,324,34,79,16,0,0,0,0,0,0,0,-32285,0,0,0,0,0,2780744,0
2729321,7840,-3980,-4,675,476,474,2553,207,145,-3526,-792,19342,305,34,79,16,0,0,0,0,0,0,0,-32286,0,0,0,0,0,2780749,0
2729326,7442,-3566,56,734,328,345,2611,264,152,-3523,-560,19342,305,34,79,16,0,0,0,0,0,0,0,-32286,0,0,0,0,0,2780764,0
2729331,7898,-3782,-268,892,205,253,2691,358,174,-3463,-280,19349,272,33,79,16,0,0,0,0,0,0,0,-32287,0,0,0,0,0,2780769,0
2729336,7644,-3494,-570,1247,-276,31,2797,469,225,-3399,-160,19349,272,33,79,16,0,0,0,0,0,0,0,-32288,0,0,0,0,0,2780784,0
2729341,7454,-3178,-722,1365,-509,-106,2926,579,296,-3270,-72,19362,201,33,79,16,0,0,0,0,0,0,0,-32287,0,0,0,0,0,2780789,0
2729346,7560,-3098,-916,1460,-784,-228,3081,693,352,-3197,8,19362,201,33,79,16,0,0,0,0,0,0,0,-32287,0,0,0,0,0,2780804,0
2729351,7552,-2922,-1032,1535,-1065,-356,3260,797,373,-3161,56,19377,118,34,79,16,0,0,0,0,0,0,0,-32285,0,0,0,0,0,2780809,0
2729356,7290,-2764,-858,1530,-1555,-455,3453,851,369,-3106,32,19377,118,34,79,16,0,0,0,0,0,0,0,-32286,0,0,0,0,0,2780824,0
2729361,7630,-2480,-660,1481,-1711,-555,3649,860,299,-3085,64,19396,40,34,79,16,0,0,0,0,0,0,0,-32287,0,0,0,0,0,2780829,0
2729366,7816,-2586,-300,1549,-1744,-603,3852,900,221,-3025,96,19396,40,34,79,16,0,0,0,0,0,0,0,-32286,0,0,0,0,0,2780844,0
2729371,7834,-2500,106,1601,-1815,-664,4061,927,140,-2959,144,19414,-7,34,79,16,0,0,0,0,0,0,0,-32285,0,0,0,0,0,2780849,0
2729376,8458,-2490,676,1810,-1789,-779,4281,964,103,-2894,168,19414,-7,34,79,16,0,0,0,0,0,0,0,-32287,0,0,0,0,0,2780864,0
2729381,8476,-2140,1014,1859,-1753,-855,4504,983,101,-2827,224,19426,-31,34,79,16,0,0,0,0,0,0,0,-32287,0,0,0,0,0,2780869,0
2729386,8858,-2222,1230,1904,-1605,-856,4728,987,101,-2749,208,19426,-31,34,79,16,0,0,0,0,0,0,0,-32285,0,0,0,0,0,2780884,0
2729391,8804,-2084,1588,1889,-1445,-870,4944,945,55,-2696,152,19429,-53,34,79,16,0,0,0,0,0,0,0,-32285,0,0,0,0,0,2780889,0
2729396,9148,-2126,1664,1921,-1080,-890,5154,913,-5,-2641,144,19429,-53,34,79,16,0,0,0,0,0,0,0,-32287,0,0,0,0,0,2780904,0
2729401,9084,-2164,1848,1931,-929,-910,5357,889,-62,-2555,136,19426,-58,34,79,16,0,0,0,0,0,0,0,-32286,0,0,0,0,0,2780909,0
2729406,9252,-2256,1752,1931,-776,-918,5553,869,-91,-2495,144,19426,-58,34,79,16,0,0,0,0,0,0,0,-32285,0,0,0,0,0,2780924,0
2729411,9400,-2446,1540,1971,-660,-926,5748,852,-97,-2388,120,19421,-65,34,79,16,0,0,0,0,0,0,0,-32286,0,0,0,0,0,2780929,0
2729416,9476,-2834,906,1974,-531,-937,5934,817,-91,-2327,104,19421,-65,34,79,16,0,0,0,0,0,0,0,-32287,0,0,0,0,0,2780944,0
2729421,9480,-3192,538,1958,-461,-931,6115,795,-81,-2243,80,19415,-44,34,79,16,0,0,0,0,0,0,0,-32286,0,0,0,0,0,2780949,0
2729426,9378,-3390,248,1892,-463,-924,6283,747,-96,-2173,80,19415,-44,34,79,16,0,0,0,0,0,0,0,-32285,0,0,0,0,0,2780964,0
2729431,9470,-3534,-68,1878,-503,-958,6451,740,-110,-2084,96,19411,-31,34,79,16,0,0,0,0,0,0,0,-32285,0,0,0,0,0,2780969,0
2729436,9140,-4220,-426,1934,-778,-989,6616,725,-94,-1982,72,19411,-31,34,79,16,0,0,0,0,0,0,0,-32287,0,0,0,0,0,2780984,0
2729441,9332,-4232,-672,2012,-934,-1035,6782,719,-67,-1909,104,19408,-18,34,79,16,0,0,0,0,0,0,0,-32287,0,0,0,0,0,2780989,0
2729446,9258,-4118,-710,2094,-1093,-1060,6952,746,-32,-1815,128,19408,-18,34,79,16,0,0,0,0,0,0,0,-32286,0,0,0,0,0,2781004,0
2729451,9082,-3948,-712,2084,-1246,-1056,7115,725,-8,-1741,104,19407,-22,34,79,16,0,0,0,0,0,0,0,-32286,0,0,0,0,0,2781009,0
2729456,9068,-3266,-524,2027,-1540,-1051,7275,703,-18,-1664,104,19407,-22,34,79,16,0,0,0,0,0,0,0,-32286,0,0,0,0,0,2781024,0
2729461,8912,-2916,-292,1951,-1615,-1029,7426,665,-42,-1578,48,19407,-19,34,79,16,0,0,0,0,0,0,0,-32287,0,0,0,0,0,2781029,0
2729466,8932,-2528,34,1813,-1659,-1015,7562,597,-87,-1511,16,19407,-19,34,79,16,0,0,0,0,0,0,0,-32287,0,0,0,0,0,2781043,0
2729471,9198,-2070,470,1672,-1596,-1020,7684,532,-147,-1438,0,19408,-5,34,79,16,0,0,0,0,0,0,0,-32286,0,0,0,0,0,2781048,0
2729476,9382,-1796,1394,1437,-1344,-1065,7793,474,-181,-1357,-40,19408,-5,34,79,16,0,0,0,0,0,0,0,-32286,0,0,0,0,0,2781064,0
2729481,9386,-1906,1656,1295,-1181,-1073,7889,405,-208,-1280,-56,19405,20,34,79,16,0,0,0,0,0,0,0,-32286,0,0,0,0,0,2781068,0
2729486,9534,-1982,1886,1186,-1048,-1143,7968,346,-222,-1185,-72,19405,20,34,79,16,0,0,0,0,0,0,0,-32286,0,0,0,0,0,2781083,0
2729491,9772,-2392,1798,1085,-834,-1147,8032,279,-221,-1092,-80,19400,38,34,79,16,0,0,0,0,0,0,0,-32286,0,0,0,0,0,2781088,0
2729496,9500,-3146,1464,919,-577,-1208,8082,217,-230,-1027,-96,19400,38,34,79,16,0,0,0,0,0,0,0,-32286,0,0,0,0,0,2781103,0
2729501,9378,-3598,1284,899,-438,-1255,8120,162,-228,-936,-112,19393,53,34,79,16,0,0,0,0,0,0,0,-32286,0,0,0,0,0,2781108,0
2729506,9122,-4112,1070,933,-386,-1273,8146,112,-207,-848,-152,19393,53,34,79,16,0,0,0,0,0,0,0,-32286,0,0,0,0,0,2781123,0
2729511,8950,-4728,828,891,-326,-1256,8153,16,-211,-751,-208,19392,66,34,79,16,0,0,0,0,0,0,0,-32286,0,0,0,0,0,2781128,0
2729516,8814,-5098,580,848,-295,-1295,8148,-17,-214,-692,-208,19392,66,34,79,16,0,0,0,0,0,0,0,-32286,0,0,0,0,0,2781143,0
2729521,8186,-5354,550,823,-322,-1312,8141,-33,-198,-634,-200,19391,69,34,79,16,0,0,0,0,0,0,0,-32286,0,0,0,0,0,2781148,0
2729526,7830,-5694,428,845,-430,-1338,8134,-35,-155,-567,-168,19391,69,34,79,16,0,0,0,0,0,0,0,-32286,0,0,0,0,0,2781163,0
2729531,7570,-5662,360,752,-577,-1324,8128,-27,-88,-503,-136,19389,76,34,79,16,0,0,0,0,0,0,0,-32286,0,0,0,0,0,2781168,0
2729536,6392,-5516,270,-345,-389,-1149,8125,-6,-14,-446,-104,19389,76,34,79,16,0,0,0,0,0,0,0,-32286,0,0,0,0,0,2781183,0
2729541,5824,-7610,234,-560,-457,-976,8125,-1,15,-375,-72,19389,70,34,79,16,0,0,0,0,0,0,0,-32286,0,0,0,0,0,2781188,0
2729546,4600,-8506,530,-146,-940,-1049,8125,2,30,-311,-56,19389,70,34,79,16,0,0,0,0,0,0,0,-32286,0,0,0,0,0,2781203,0
2729551,5748,-8908,1284,557,-866,-1066,8125,1,26,-255,-40,19388,71,34,79,16,0,0,0,0,0,0,0,-32286,0,0,0,0,0,2781208,0
2729556,4022,-8200,2292,910,-773,-940,8125,-3,17,-194,-32,19388,71,34,79,16,0,0,0,0,0,0,0,-32286,0,0,0,0,0,2781223,0
2729561,4200,-8604,2090,739,-660,-760,8125,-3,3,-140,-16,19390,68,34,79,16,0,0,0,0,0,0,0,-32287,0,0,0,0,0,2781228,0
2729566,3438,-8376,1808,681,-614,-626,8126,-2,-4,-92,-8,19390,68,34,79,16,0,0,0,0,0,0,0,-32286,0,0,0,0,0,2781243,0
2729571,3666,-8478,1968,545,-365,-429,8124,0,-3,-42,0,19391,66,34,79,16,0,0,0,0,0,0,0,-32286,0,0,0,0,0,2781248,0
2729576,3130,-9214,2240,782,-208,-171,8125,-3,-3,0,16,19391,66,34,79,16,0,0,0,0,0,0,0,-32286,0,0,0,0,0,2781263,0
2729581,5812,-7930,2608,1740,-625,-564,8122,-10,1,47,0,19391,69,34,79,16,0,0,0,0,0,0,0,-32286,0,0,0,0,0,2781268,0
2729586,6930,-7448,2974,4413,-736,-1264,8104,-99,-32,100,-48,19391,69,34,79,16,0,0,0,0,0,0,0,-32286,0,0,0,0,0,2781283,0
2729591,6568,-8990,1328,5754,-1250,-990,8057,-216,-120,141,-120,19393,62,34,79,16,0,0,0,0,0,0,0,-32286,0,0,0,0,0,2781288,0
2729596,8586,-1508,1080,3303,-848,-942,7969,-404,-258,171,-320,19393,62,34,79,16,0,0,0,0,0,0,0,-32286,0,0,0,0,0,2781303,0
2729601,8590,-1876,112,1800,-463,-699,7835,-619,-419,228,-864,19391,56,34,79,16,0,0,0,0,0,0,0,-32286,0,0,0,0,0,2781308,0
2729606,8078,-3446,466,1143,-158,-569,7643,-870,-596,254,-1296,19391,56,34,79,16,0,0,0,0,0,0,0,-32286,0,0,0,0,0,2781323,0
2729611,7422,-5006,-60,1360,-324,-535,7397,-1107,-713,287,-1720,19392,45,34,79,16,0,0,0,0,0,0,0,-32286,0,0,0,0,0,2781328,0
2729616,7878,-3256,230,1351,-411,-259,7099,-1338,-794,342,-2176,19392,45,34,79,16,0,0,0,0,0,0,0,-32286,0,0,0,0,0,2781343,0
2729621,8132,-2640,302,632,-171,-6,6756,-1527,-806,389,-2504,19395,30,34,79,16,0,0,0,0,0,0,0,-32286,0,0,0,0,0,2781348,0
2729626,7926,-2600,404,-41,41,211,6373,-1694,-763,443,-2800,19395,30,34,79,16,0,0,0,0,0,0,0,-32286,0,0,0,0,0,2781363,0
2729631,7642,-3008,494,-327,74,376,5960,-1833,-690,482,-3040,19398,14,34,79,16,0,0,0,0,0,0,0,-32286,0,0,0,0,0,2781368,0
2729636,7762,-2838,798,-243,-113,571,5524,-1930,-590,517,-3184,19398,14,34,79,16,0,0,0,0,0,0,0,-32286,0,0,0,0,0,2781383,0
2729641,8020,-2040,948,-367,-127,633,5071,-1996,-471,560,-3272,19402,-5,34,79,16,0,0,0,0,0,0,0,-32286,0,0,0,0,0,2781388,0
2729646,8334,-1486,1278,-561,-56,676,4610,-2034,-358,587,-3256,19402,-5,34,79,16,0,0,0,0,0,0,0,-32286,0,0,0,0,0,2781403,0
2729651,8432,-1376,1648,-847,77,708,4148,-2020,-244,635,-3104,19406,-18,34,79,16,0,0,0,0,0,0,0,-32286,0,0,0,0,0,2781408,0
2729656,8534,-1774,1764,-902,146,667,3702,-1953,-113,682,-2888,19406,-18,34,79,16,0,0,0,0,0,0,0,-32286,0,0,0,0,0,2781423,0
2729661,8406,-1664,2034,-721,94,519,3282,-1829,39,735,-2544,19410,-36,34,79,16,0,0,0,0,0,0,0,-32286,0,0,0,0,0,2781427,0
2729666,8698,-1698,1904,-491,32,374,2898,-1676,214,796,-2192,19410,-36,34,79,16,0,0,0,0,0,0,0,-32286,0,0,0,0,0,2781442,0
2729671,8958,-1256,1724,-267,-32,166,2552,-1505,377,846,-1840,19413,-49,34,79,16,0,0,0,0,0,0,0,-32286,0,0,0,0,0,2781447,0
2729676,9470,-724,1322,-167,-5,-199,2249,-1317,503,900,-1456,19413,-49,34,79,16,0,0,0,0,0,0,0,-32287,0,0,0,0,0,2781462,0
2729681,9394,-746,1276,-180,-9,-360,1983,-1153,571,939,-1056,19416,-51,34,79,16,0,0,0,0,0,0,0,-32286,0,0,0,0,0,2781467,0
2729686,9388,-1340,1344,-181,-13,-461,1750,-1008,593,981,-720,19416,-51,34,79,16,0,0,0,0,0,0,0,-32286,0,0,0,0,0,2781482,0
2729691,8956,-1622,1254,-172,-67,-558,1556,-845,579,1018,-376,19414,-35,34,79,16,0,0,0,0,0,0,0,-32287,0,0,0,0,0,2781487,0
2729696,8654,-2362,826,83,-315,-694,1391,-711,555,1085,-112,19414,-35,34,79,16,0,0,0,0,0,0,0,-32286,0,0,0,0,0,2781502,0
2729701,8696,-2230,864,288,-485,-847,1261,-550,531,1156,48,19409,-10,34,79,16,0,0,0,0,0,0,0,-32286,0,0,0,0,0,2781507,0
2729706,9004,-2008,826,505,-572,-956,1172,-378,529,1303,16,19409,-10,34,79,16,0,0,0,0,0,0,0,-32286,0,0,0,0,0,2781522,0
2729711,8672,-2036,804,508,-629,-1042,1109,-270,530,1289,104,19402,4,34,79,16,0,0,0,0,0,0,0,-32285,0,0,0,0,0,2781527,0
2729716,8844,-1992,718,460,-611,-1200,1063,-187,490,1274,144,19402,4,34,79,16,0,0,0,0,0,0,0,-32286,0,0,0,0,0,2781542,0
2729721,8730,-1750,834,488,-534,-1311,1026,-159,406,1301,200,19396,23,34,79,16,0,0,0,0,0,0,0,-32285,0,0,0,0,0,2781547,0
2729726,8878,-1632,1028,484,-489,-1376,992,-160,279,1330,184,19396,23,34,79,16,0,0,0,0,0,0,0,-32286,0,0,0,0,0,2781562,0
2729731,8900,-1514,1142,304,-271,-1389,952,-170,147,1374,192,19391,50,34,79,16,0,0,0,0,0,0,0,-32286,0,0,0,0,0,2781567,0
2729736,8674,-2206,1386,-15,232,-1313,912,-180,55,1420,144,19391,50,34,79,16,0,0,0,0,0,0,0,-32287,0,0,0,0,0,2781582,0
2729741,8312,-2680,1478,-51,316,-1287,868,-198,-13,1458,136,19388,65,34,79,16,0,0,0,0,0,0,0,-32286,0,0,0,0,0,2781587,0
2729746,7798,-3050,1584,-87,416,-1176,813,-244,-49,1498,56,19388,65,34,79,16,0,0,0,0,0,0,0,-32287,0,0,0,0,0,2781602,0
2729751,7622,-3302,1382,-78,482,-1044,744,-309,-91,1519,24,19387,71,34,79,16,0,0,0,0,0,0,0,-32287,0,0,0,0,0,2781607,0
2729756,6764,-2994,1040,-405,696,-793,655,-393,-154,1537,0,19387,71,34,79,16,0,0,0,0,0,0,0,-32286,0,0,0,0,0,2781622,0
2729761,6486,-3070,878,-524,819,-698,546,-480,-220,1550,-16,19389,61,34,79,16,0,0,0,0,0,0,0,-32286,0,0,0,0,0,2781627,0
2729766,6120,-3258,798,-586,904,-559,420,-554,-267,1575,-48,19389,61,34,79,16,0,0,0,0,0,0,0,-32285,0,0,0,0,0,2781642,0
2729771,5848,-3304,694,-613,894,-465,281,-615,-275,1621,-88,19393,47,34,79,16,0,0,0,0,0,0,0,-32286,0,0,0,0,0,2781647,0
2729776,5576,-2994,442,-705,934,-298,129,-666,-253,1666,-88,19393,47,34,79,16,0,0,0,0,0,0,0,-32286,0,0,0,0,0,2781662,0
2729781,5656,-3046,268,-734,939,-219,-25,-687,-208,1726,-128,19401,31,34,79,16,0,0,0,0,0,0,0,-32287,0,0,0,0,0,2781667,0
2729786,5372,-2928,204,-746,903,-183,-182,-689,-154,1768,-88,19401,31,34,79,16,0,0,0,0,0,0,0,-32287,0,0,0,0,0,2781682,0
2729791,5500,-2780,158,-699,820,-169,-335,-665,-85,1819,-72,19404,17,34,79,16,0,0,0,0,0,0,0,-32285,0,0,0,0,0,2781687,0
2729796,5532,-2514,86,-694,698,-116,-483,-649,-21,1878,-64,19404,17,34,79,16,0,0,0,0,0,0,0,-32286,0,0,0,0,0,2781701,0
2729801,5786,-2382,34,-673,574,-136,-626,-620,29,1885,-8,19405,6,34,79,16,0,0,0,0,0,0,0,-32286,0,0,0,0,0,2781706,0
2729806,6268,-1896,-212,-369,340,-239,-759,-584,68,1942,-48,19405,6,34,79,16,0,0,0,0,0,0,0,-32287,0,0,0,0,0,2781721,0
2729811,6368,-1434,62,-545,453,-168,-891,-578,86,1979,-56,19402,10,34,79,16,0,0,0,0,0,0,0,-32287,0,0,0,0,0,2781727,0
2729816,6402,-2134,468,-998,608,-98,-1017,-554,80,1980,0,19402,10,34,79,16,0,0,0,0,0,0,0,-32286,0,0,0,0,0,2781741,0
2729821,6102,-2656,764,-816,524,-93,-1125,-468,106,2043,24,19401,20,34,79,16,0,0,0,0,0,0,0,-32286,0,0,0,0,0,2781746,0
2729826,6058,-2930,846,-560,374,-79,-1220,-419,133,2099,72,19401,20,34,79,16,0,0,0,0,0,0,0,-32285,0,0,0,0,0,2781761,0
2729831,6318,-2492,762,-461,324,-49,-1307,-373,166,2077,96,19398,29,34,79,16,0,0,0,0,0,0,0,-32286,0,0,0,0,0,2781766,0
2729836,6590,-1832,896,-576,413,-36,-1384,-326,180,2079,216,19398,29,34,79,16,0,0,0,0,0,0,0,-32286,0,0,0,0,0,2781781,0
2729841,6880,-2132,822,-434,391,-46,-1439,-239,196,2104,320,19393,49,34,79,16,0,0,0,0,0,0,0,-32286,0,0,0,0,0,2781786,0
2729846,6736,-1688,902,-318,345,-78,-1475,-151,208,2099,528,19393,49,34,79,16,0,0,0,0,0,0,0,-32287,0,0,0,0,0,2781801,0
2729851,7134,-1694,660,-292,350,-48,-1500,-113,238,2107,632,19388,73,34,79,16,0,0,0,0,0,0,0,-32287,0,0,0,0,0,2781806,0
2729856,7338,-1344,628,-382,432,-72,-1512,-34,244,2118,776,19388,73,34,79,16,0,0,0,0,0,0,0,-32287,0,0,0,0,0,2781821,0
2729861,7244,-1484,584,-379,462,-51,-1509,9,225,2135,864,19382,106,34,79,16,0,0,0,0,0,0,0,-32287,0,0,0,0,0,2781826,0
2729866,7118,-1420,526,-469,471,5,-1506,7,192,2196,832,19382,106,34,79,16,0,0,0,0,0,0,0,-32287,0,0,0,0,0,2781841,0
2729871,7020,-1434,474,-632,502,54,-1505,0,130,2227,824,19372,134,34,79,16,0,0,0,0,0,0,0,-32287,0,0,0,0,0,2781846,0
2729876,6718,-1672,646,-786,625,134,-1506,-3,71,2231,840,19372,134,34,79,16,0,0,0,0,0,0,0,-32287,0,0,0,0,0,2781861,0
2729881,6480,-1664,704,-804,642,171,-1503,8,11,2246,848,19369,149,34,79,16,0,0,0,0,0,0,0,-32287,0,0,0,0,0,2781866,0
2729886,6354,-1686,610,-832,689,205,-1502,12,-4,2251,888,19369,149,34,79,16,0,0,0,0,0,0,0,-32286,0,0,0,0,0,2781881,0
2729891,6178,-1644,526,-860,723,231,-1499,12,6,2265,904,19371,150,34,79,16,0,0,0,0,0,0,0,-32287,0,0,0,0,0,2781886,0
2729896,5830,-1542,398,-951,806,307,-1496,8,14,2277,920,19371,150,34,79,16,0,0,0,0,0,0,0,-32287,0,0,0,0,0,2781901,0
2729901,5690,-1568,286,-992,806,327,-1491,14,10,2292,912,19373,164,34,79,16,0,0,0,0,0,0,0,-32287,0,0,0,0,0,2781906,0
2729906,5582,-1572,144,-994,800,356,-1486,17,13,2297,920,19373,164,34,79,16,0,0,0,0,0,0,0,-32287,0,0,0,0,0,2781921,0
2729911,5398,-1498,108,-1013,764,368,-1478,35,14,2303,928,19373,165,34,79,16,0,0,0,0,0,0,0,-32287,0,0,0,0,0,2781926,0
2729916,5444,-1428,34,-1018,704,380,-1470,45,17,2298,968,19373,165,34,79,16,0,0,0,0,0,0,0,-32287,0,0,0,0,0,2781941,0
2729921,5450,-1254,36,-999,645,352,-1453,75,33,2284,1064,19368,172,34,79,16,0,0,0,0,0,0,0,-32286,0,0,0,0,0,2781946,0
2729926,5664,-1172,10,-917,587,318,-1419,155,72,2265,1184,19368,172,34,79,16,0,0,0,0,0,0,0,-32287,0,0,0,0,0,2781961,0
2729931,5732,-1256,-8,-911,563,350,-1376,201,125,2259,1392,19365,170,34,79,16,0,0,0,0,0,0,0,-32287,0,0,0,0,0,2781966,0
2729936,6204,-1442,-44,-802,397,278,-1316,271,178,2273,1472,19365,170,34,79,16,0,0,0,0,0,0,0,-32286,0,0,0,0,0,2781980,0
2729941,6014,-1334,54,-757,289,302,-1243,320,202,2313,1584,19361,185,34,79,16,0,0,0,0,0,0,0,-32285,0,0,0,0,0,2781985,0
2729946,6250,-1058,112,-762,206,263,-1164,359,200,2285,1600,19361,185,34,79,16,0,0,0,0,0,0,0,-32285,0,0,0,0,0,2782000,0
2729951,6564,-1174,142,-765,152,277,-1094,386,177,2272,1720,19356,214,34,79,16,0,0,0,0,0,0,0,-32285,0,0,0,0,0,2782005,0
2729956,7064,-1122,420,-687,29,197,-996,442,153,2240,1896,19356,214,34,79,16,0,0,0,0,0,0,0,-32286,0,0,0,0,0,2782020,0
2729961,7218,-878,616,-604,-28,142,-885,503,154,2251,2016,19350,250,34,79,16,0,0,0,0,0,0,0,-32286,0,0,0,0,0,2782025,0
2729966,7562,-1070,576,-587,-66,163,-760,545,175,2288,2016,19350,250,34,79,16,0,0,0,0,0,0,0,-32287,0,0,0,0,0,2782040,0
2729971,7720,-850,706,-646,-75,151,-632,563,167,2257,2056,19345,273,34,79,16,0,0,0,0,0,0,0,-32287,0,0,0,0,0,2782045,0
2729976,8172,-1128,912,-697,-46,135,-498,593,146,2222,2112,19345,273,34,79,16,0,0,0,0,0,0,0,-32286,0,0,0,0,0,2782060,0
2729981,8392,-1236,1018,-688,-25,146,-364,592,93,2224,2048,19341,292,34,79,16,0,0,0,0,0,0,0,-32284,0,0,0,0,0,2782065,0
2729986,8340,-1280,1140,-812,53,169,-234,567,46,2185,1984,19341,292,34,79,16,0,0,0,0,0,0,0,-32285,0,0,0,0,0,2782080,0
2729991,8562,-1546,1222,-869,108,195,-108,548,-3,2141,1904,19340,304,34,79,16,0,0,0,0,0,0,0,-32286,0,0,0,0,0,2782085,0
2729996,8452,-1560,1410,-921,281,225,9,518,-46,2119,1800,19340,304,34,79,16,0,0,0,0,0,0,0,-32287,0,0,0,0,0,2782100,0
2730001,8432,-1870,1324,-970,369,275,122,482,-81,2105,1688,19341,295,34,79,16,0,0,0,0,0,0,0,-32287,0,0,0,0,0,2782105,0
2730006,8320,-1810,1302,-1015,442,273,224,452,-105,2039,1632,19341,295,34,79,16,0,0,0,0,0,0,0,-32286,0,0,0,0,0,2782120,0
2730011,8226,-1958,1292,-1042,544,303,319,407,-114,2009,1600,19344,277,34,79,16,0,0,0,0,0,0,0,-32286,0,0,0,0,0,2782125,0
2730016,7872,-2168,1098,-1052,602,349,410,389,-111,1993,1488,19344,277,34,79,16,0,0,0,0,0,0,0,-32285,0,0,0,0,0,2782140,0
2730021,7740,-2262,990,-1057,601,387,495,363,-107,1956,1448,19347,247,34,79,16,0,0,0,0,0,0,0,-32285,0,0,0,0,0,2782145,0
2730026,7822,-2238,976,-993,532,394,575,345,-91,1925,1400,19347,247,34,79,16,0,0,0,0,0,0,0,-32285,0,0,0,0,0,2782160,0
2730031,7782,-2024,892,-1010,517,415,647,313,-88,1884,1296,19352,237,34,79,16,0,0,0,0,0,0,0,-32286,0,0,0,0,0,2782165,0
2730036,7880,-2124,852,-1143,527,458,715,280,-88,1849,1248,19352,237,34,79,16,0,0,0,0,0,0,0,-32286,0,0,0,0,0,2782180,0
2730041,7722,-2244,942,-1231,485,465,772,247,-95,1809,1072,19356,207,34,79,16,0,0,0,0,0,0,0,-32287,0,0,0,0,0,2782185,0
2730046,7902,-2416,970,-1167,418,460,821,220,-118,1774,1008,19356,207,34,79,16,0,0,0,0,0,0,0,-32287,0,0,0,0,0,2782200,0
2730051,7832,-2330,1128,-1165,415,451,864,186,-116,1703,1000,19361,188,34,79,16,0,0,0,0,0,0,0,-32287,0,0,0,0,0,2782205,0
2730056,8340,-2182,1432,-1112,400,381,904,171,-106,1676,936,19361,188,34,79,16,0,0,0,0,0,0,0,-32287,0,0,0,0,0,2782220,0
2730061,8620,-2472,1424,-1069,394,382,943,180,-80,1637,888,19366,170,34,79,16,0,0,0,0,0,0,0,-32286,0,0,0,0,0,2782225,0
2730066,8294,-2376,1492,-1152,440,382,977,147,-70,1578,880,19366,170,34,79,16,0,0,0,0,0,0,0,-32286,0,0,0,0,0,2782240,0
2730071,8462,-2674,1396,-1130,391,363,1007,119,-35,1543,736,19371,150,34,79,16,0,0,0,0,0,0,0,-32286,0,0,0,0,0,2782245,0
2730076,8410,-2620,1426,-1119,346,401,1022,57,-61,1540,576,19371,150,34,79,16,0,0,0,0,0,0,0,-32286,0,0,0,0,0,2782260,0
2730081,8674,-2666,1446,-1115,381,400,1028,23,-92,1470,480,19376,134,34,79,16,0,0,0,0,0,0,0,-32286,0,0,0,0,0,2782265,0
2730086,8472,-2628,1534,-1158,407,414,1028,-5,-139,1400,424,19376,134,34,79,16,0,0,0,0,0,0,0,-32286,0,0,0,0,0,2782280,0
2730091,8494,-2712,1538,-1102,382,384,1029,0,-125,1344,400,19379,116,34,79,16,0,0,0,0,0,0,0,-32285,0,0,0,0,0,2782285,0
2730096,8638,-2412,1464,-835,270,334,1028,0,-82,1278,384,19379,116,34,79,16,0,0,0,0,0,0,0,-32286,0,0,0,0,0,2782300,0
2730101,8686,-2158,1444,-816,271,324,1028,-7,-37,1233,360,19384,95,34,79,16,0,0,0,0,0,0,0,-32286,0,0,0,0,0,2782304,0
2730106,8782,-1960,1462,-847,277,308,1028,0,-13,1183,328,19384,95,34,79,16,0,0,0,0,0,0,0,-32286,0,0,0,0,0,2782320,0
2730111,8762,-1844,1452,-849,293,308,1027,2,2,1132,312,19387,85,34,79,16,0,0,0,0,0,0,0,-32286,0,0,0,0,0,2782324,0
2730116,8834,-1582,1460,-810,271,256,1026,-2,-3,1074,288,19387,85,34,79,16,0,0,0,0,0,0,0,-32286,0,0,0,0,0,2782339,0
2730121,8820,-1424,1456,-839,295,257,1023,-11,-6,1020,272,19389,91,34,79,16,0,0,0,0,0,0,0,-32286,0,0,0,0,0,2782344,0
2730126,8938,-1288,1496,-849,295,250,1021,-15,-3,969,264,19389,91,34,79,16,0,0,0,0,0,0,0,-32286,0,0,0,0,0,2782359,0
2730131,9166,-1294,1520,-922,331,256,1018,-25,-14,920,232,19388,84,33,79,16,0,0,0,0,0,0,0,-32286,0,0,0,0,0,2782364,0
2730136,9712,-1744,1810,-1197,434,307,1013,-35,-14,872,176,19388,84,33,79,16,0,0,0,0,0,0,0,-32286,0,0,0,0,0,2782379,0
2730141,10056,-2286,2002,-1364,491,363,1002,-51,-20,815,152,19385,83,34,79,16,0,0,0,0,0,0,0,-32286,0,0,0,0,0,2782384,0
2730146,10484,-2822,2136,-1491,529,419,990,-55,-40,754,144,19385,83,34,79,16,0,0,0,0,0,0,0,-32286,0,0,0,0,0,2782399,0
2730151,10910,-3254,2158,-1508,529,434,979,-46,-36,689,176,19384,71,34,79,16,0,0,0,0,0,0,0,-32286,0,0,0,0,0,2782404,0
2730156,11840,-4088,1846,-1446,550,498,980,4,0,632,176,19384,71,34,79,16,0,0,0,0,0,0,0,-32286,0,0,0,0,0,2782419,0
2730161,11800,-4494,1734,-1618,620,597,982,8,40,599,152,19384,70,34,79,16,0,0,0,0,0,0,0,-32286,0,0,0,0,0,2782424,0
2730166,12056,-5092,1708,-1688,640,638,980,-7,59,544,128,19384,70,34,79,16,0,0,0,0,0,0,0,-32286,0,0,0,0,0,2782439,0
2730171,12146,-5696,1806,-1589,679,640,982,-2,41,486,120,19384,72,34,79,16,0,0,0,0,0,0,0,-32286,0,0,0,0,0,2782444,0
2730176,12098,-5950,2214,-1213,762,565,982,0,17,433,96,19384,72,34,79,16,0,0,0,0,0,0,0,-32286,0,0,0,0,0,2782459,0
2730181,11778,-5868,2372,-1143,869,519,984,1,2,382,80,19385,74,34,79,16,0,0,0,0,0,0,0,-32286,0,0,0,0,0,2782464,0
2730186,11404,-5800,2294,-1076,985,461,985,0,3,331,64,19385,74,34,79,16,0,0,0,0,0,0,0,-32286,0,0,0,0,0,2782479,0
2730191,10920,-5894,2190,-954,1047,372,984,-5,4,277,48,19387,73,34,79,16,0,0,0,0,0,0,0,-32285,0,0,0,0,0,2782484,0
2730196,10080,-6852,1866,-203,880,96,985,-2,0,226,32,19387,73,34,79,16,0,0,0,0,0,0,0,-32286,0,0,0,0,0,2782499,0
2730201,9324,-6228,1938,82,818,-26,986,1,-5,176,16,19391,65,34,79,16,0,0,0,0,0,0,0,-32286,0,0,0,0,0,2782504,0
2730206,8998,-6160,1584,279,710,-119,984,-8,-1,122,8,19391,65,34,79,16,0,0,0,0,0,0,0,-32286,0,0,0,0,0,2782519,0
2730211,8412,-6218,1394,379,625,-171,983,-5,-1,74,0,19391,59,34,79,16,0,0,0,0,0,0,0,-32286,0,0,0,0,0,2782524,0
2730216,6814,-5716,516,259,404,-176,983,0,-3,27,-16,19391,59,34,79,16,0,0,0,0,0,0,0,-32286,0,0,0,0,0,2782539,0
2730221,5980,-5500,44,149,301,-140,981,-12,-2,-19,-32,19392,61,34,79,16,0,0,0,0,0,0,0,-32286,0,0,0,0,0,2782544,0
2730226,5314,-5558,-244,168,138,-103,979,-9,2,-71,-32,19392,61,34,79,16,0,0,0,0,0,0,0,-32286,0,0,0,0,0,2782559,0
2730231,4890,-5350,-430,272,-63,-76,979,-5,-1,-120,-48,19388,69,34,79,16,0,0,0,0,0,0,0,-32286,0,0,0,0,0,2782564,0
2730236,4610,-4304,-58,485,-265,-41,975,-15,-4,-170,-72,19388,69,34,79,16,0,0,0,0,0,0,0,-32286,0,0,0,0,0,2782582,0
2730241,4566,-4000,24,579,-386,-40,969,-28,-13,-221,-104,19387,65,34,79,16,0,0,0,0,0,0,0,-32286,0,0,0,0,0,2782587,0
2730246,4538,-3634,-28,685,-487,-14,959,-49,-24,-271,-152,19387,65,34,79,16,0,0,0,0,0,0,0,-32286,0,0,0,0,0,2782602,0
2730251,4434,-3202,-28,704,-526,41,940,-88,-48,-310,-216,19389,64,34,79,16,0,0,0,0,0,0,0,-32286,0,0,0,0,0,2782606,0
2730256,3970,-1992,196,-125,-249,320,910,-137,-83,-353,-328,19389,64,34,79,16,0,0,0,0,0,0,0,-32286,0,0,0,0,0,2782621,0
2730261,4356,-2228,10,-441,54,470,877,-144,-103,-422,-432,19390,59,34,79,16,0,0,0,0,0,0,0,-32286,0,0,0,0,0,2782626,0
2730266,3842,-1874,366,-626,209,531,837,-178,-112,-460,-536,19390,59,34,79,16,0,0,0,0,0,0,0,-32286,0,0,0,0,0,2782641,0
2730271,4056,-1998,432,-534,248,510,793,-196,-98,-546,-608,19391,61,34,79,16,0,0,0,0,0,0,0,-32286,0,0,0,0,0,2782646,0
2730276,4096,-1730,132,37,217,402,741,-222,-92,-592,-744,19391,61,34,79,16,0,0,0,0,0,0,0,-32285,0,0,0,0,0,2782661,0
2730281,3804,-1520,-2,93,188,393,680,-273,-95,-639,-872,19387,70,34,79,16,0,0,0,0,0,0,0,-32286,0,0,0,0,0,2782666,0
2730286,3762,-1836,-502,-276,267,565,605,-322,-120,-720,-1024,19387,70,34,79,16,0,0,0,0,0,0,0,-32286,0,0,0,0,0,2782681,0
2730291,3374,-3546,-668,-1521,592,1198,533,-315,-124,-797,-936,19385,92,34,79,16,0,0,0,0,0,0,0,-32286,0,0,0,0,0,2782686,0
2730296,5342,-4360,412,-1863,1183,1187,465,-292,-93,-864,-928,19385,92,34,79,16,0,0,0,0,0,0,0,-32286,0,0,0,0,0,2782701,0
2730301,3552,-4662,1486,-1429,1294,1262,409,-239,-20,-938,-744,19383,104,34,79,16,0,0,0,0,0,0,0,-32286,0,0,0,0,0,2782706,0
2730306,4064,-5112,1452,-1154,1095,1232,369,-162,71,-1009,-592,19383,104,34,79,16,0,0,0,0,0,0,0,-32286,0,0,0,0,0,2782721,0
2730311,4946,-5450,572,-852,994,1326,349,-80,170,-1059,-520,19382,111,34,79,16,0,0,0,0,0,0,0,-32286,0,0,0,0,0,2782726,0
2730316,5216,-5350,-40,-675,424,1372,341,-34,218,-1123,-440,19382,111,34,79,16,0,0,0,0,0,0,0,-32286,0,0,0,0,0,2782741,0
2730321,6324,-5306,-520,-505,152,1379,343,5,234,-1176,-424,19383,102,34,79,16,0,0,0,0,0,0,0,-32286,0,0,0,0,0,2782746,0
2730326,6566,-4780,-392,-536,-98,1371,344,3,189,-1214,-464,19383,102,34,79,16,0,0,0,0,0,0,0,-32287,0,0,0,0,0,2782761,0
2730331,7238,-4558,-536,-699,-276,1338,343,0,115,-1267,-504,19385,105,34,79,16,0,0,0,0,0,0,0,-32286,0,0,0,0,0,2782766,0
2730336,8090,-4662,-320,-937,-475,1272,343,-5,40,-1331,-536,19385,105,34,79,16,0,0,0,0,0,0,0,-32287,0,0,0,0,0,2782781,0
2730341,8384,-4702,-252,-892,-557,1211,342,0,5,-1378,-512,19382,100,34,79,16,0,0,0,0,0,0,0,-32286,0,0,0,0,0,2782786,0
2730346,8496,-4546,-128,-885,-547,1178,342,6,-4,-1387,-512,19382,100,34,79,16,0,0,0,0,0,0,0,-32287,0,0,0,0,0,2782801,0
2730351,8548,-4504,-78,-912,-535,1112,342,-1,0,-1390,-504,19383,95,34,79,16,0,0,0,0,0,0,0,-32288,0,0,0,0,0,2782806,0
2730356,8368,-4400,80,-921,-380,922,342,5,0,-1390,-504,19383,95,34,79,16,0,0,0,0,0,0,0,-32286,0,0,0,0,0,2782821,0
2730361,8282,-4402,174,-861,-300,825,344,7,5,-1388,-504,19382,98,34,79,16,0,0,0,0,0,0,0,-32287,0,0,0,0,0,2782826,0
2730366,8032,-4414,212,-800,-243,693,344,5,3,-1387,-504,19382,98,34,79,16,0,0,0,0,0,0,0,-32286,0,0,0,0,0,2782841,0
2730371,7882,-4440,180,-746,-179,577,346,11,6,-1386,-512,19384,94,34,79,16,0,0,0,0,0,0,0,-32287,0,0,0,0,0,2782846,0
2730376,7224,-4556,206,-728,-113,421,348,5,3,-1386,-504,19384,94,34,79,16,0,0,0,0,0,0,0,-32287,0,0,0,0,0,2782861,0
2730381,6944,-4796,164,-700,-110,344,351,8,2,-1388,-488,19383,94,33,79,16,0,0,0,0,0,0,0,-32286,0,0,0,0,0,2782866,0
2730386,6542,-4946,154,-646,-145,285,353,5,4,-1397,-456,19383,94,33,79,16,0,0,0,0,0,0,0,-32286,0,0,0,0,0,2782881,0
2730391,6272,-5134,214,-566,-198,243,357,21,10,-1395,-432,19383,91,33,79,16,0,0,0,0,0,0,0,-32286,0,0,0,0,0,2782886,0
2730396,5738,-5392,322,-334,-351,166,368,47,17,-1402,-368,19383,91,33,79,16,0,0,0,0,0,0,0,-32286,0,0,0,0,0,2782901,0
2730401,5740,-5400,342,-119,-435,140,383,81,42,-1432,-224,19383,92,34,79,16,0,0,0,0,0,0,0,-32286,0,0,0,0,0,2782906,0
2730406,5692,-5342,366,111,-603,87,413,135,83,-1417,-184,19383,92,34,79,16,0,0,0,0,0,0,0,-32287,0,0,0,0,0,2782921,0
2730411,5914,-5344,216,279,-679,97,448,159,115,-1388,-160,19385,88,34,79,16,0,0,0,0,0,0,0,-32287,0,0,0,0,0,2782931,0
2730416,6346,-4796,250,504,-809,80,494,201,137,-1385,-128,19385,88,34,79,16,0,0,0,0,0,0,0,-32287,0,0,0,0,0,2782940,0
2730421,6086,-4292,456,539,-884,60,546,228,137,-1381,-128,19388,74,34,79,16,0,0,0,0,0,0,0,-32286,0,0,0,0,0,2782945,0
2730426,6472,-4310,434,553,-830,93,600,236,116,-1380,-120,19388,74,34,79,16,0,0,0,0,0,0,0,-32286,0,0,0,0,0,2782960,0
2730431,6446,-4128,632,602,-862,105,654,239,83,-1394,-80,19390,64,34,79,16,0,0,0,0,0,0,0,-32286,0,0,0,0,0,2782965,0
2730436,6808,-3720,792,718,-736,154,712,251,58,-1385,-96,19390,64,34,79,16,0,0,0,0,0,0,0,-32286,0,0,0,0,0,2782980,0
2730441,6596,-3580,942,702,-742,166,769,250,31,-1381,-88,19390,57,34,79,16,0,0,0,0,0,0,0,-32285,0,0,0,0,0,2782985,0
2730446,6796,-3330,898,709,-722,133,831,271,29,-1387,-80,19390,57,34,79,16,0,0,0,0,0,0,0,-32286,0,0,0,0,0,2783000,0
2730451,6924,-3284,682,764,-666,154,900,300,38,-1375,-48,19389,64,34,79,16,0,0,0,0,0,0,0,-32285,0,0,0,0,0,2783005,0
2730456,7072,-2908,414,907,-852,88,978,343,62,-1381,-40,19389,64,34,79,16,0,0,0,0,0,0,0,-32286,0,0,0,0,0,2783020,0
2730461,6924,-2692,306,886,-859,104,1057,346,80,-1378,-40,19391,60,34,79,16,0,0,0,0,0,0,0,-32286,0,0,0,0,0,2783025,0
2730466,6980,-2310,270,801,-933,66,1141,366,89,-1381,-32,19391,60,34,79,16,0,0,0,0,0,0,0,-32287,0,0,0,0,0,2783040,0
2730471,7138,-2418,102,743,-903,75,1225,376,70,-1379,-32,19394,61,33,79,16,0,0,0,0,0,0,0,-32286,0,0,0,0,0,2783045,0
2730476,7036,-2500,82,689,-1007,13,1317,407,57,-1382,-8,19394,61,33,79,16,0,0,0,0,0,0,0,-32287,0,0,0,0,0,2783060,0
2730481,6840,-2620,40,753,-1074,-9,1415,441,57,-1381,8,19396,51,34,79,16,0,0,0,0,0,0,0,-32286,0,0,0,0,0,2783065,0
2730486,6734,-2838,-44,755,-1161,-7,1516,441,78,-1378,-8,19396,51,34,79,16,0,0,0,0,0,0,0,-32286,0,0,0,0,0,2783080,0
2730491,6704,-2788,-56,712,-1203,-5,1619,447,70,-1378,0,19396,47,34,79,16,0,0,0,0,0,0,0,-32285,0,0,0,0,0,2783085,0
2730496,6566,-2862,80,628,-1287,23,1719,441,56,-1391,-8,19396,47,34,79,16,0,0,0,0,0,0,0,-32285,0,0,0,0,0,2783100,0
2730501,6768,-3068,-22,656,-1327,27,1822,451,29,-1391,16,19397,37,34,79,16,0,0,0,0,0,0,0,-32286,0,0,0,0,0,2783105,0
2730506,6694,-3086,128,711,-1367,20,1926,452,5,-1378,-16,19397,37,34,79,16,0,0,0,0,0,0,0,-32287,0,0,0,0,0,2783120,0
2730511,6720,-3118,236,665,-1362,68,2020,410,-9,-1390,-40,19399,35,34,79,16,0,0,0,0,0,0,0,-32286,0,0,0,0,0,2783125,0
2730516,6870,-3128,520,474,-1216,160,2103,364,-40,-1389,-56,19399,35,34,79,16,0,0,0,0,0,0,0,-32286,0,0,0,0,0,2783140,0
2730521,6936,-3186,732,394,-1160,178,2177,317,-97,-1393,-72,19400,34,34,79,16,0,0,0,0,0,0,0,-32286,0,0,0,0,0,2783145,0
2730526,7092,-3400,802,404,-1047,202,2241,284,-133,-1399,-96,19400,34,34,79,16,0,0,0,0,0,0,0,-32286,0,0,0,0,0,2783160,0
2730531,7148,-3472,950,459,-962,232,2301,262,-140,-1394,-96,19400,41,34,79,16,0,0,0,0,0,0,0,-32285,0,0,0,0,0,2783165,0
2730536,7248,-3528,970,543,-802,288,2353,230,-127,-1390,-152,19400,41,34,79,16,0,0,0,0,0,0,0,-32285,0,0,0,0,0,2783180,0
2730541,7244,-3276,988,464,-670,320,2396,178,-119,-1381,-184,19397,59,34,79,16,0,0,0,0,0,0,0,-32285,0,0,0,0,0,2783185,0
2730546,7548,-3510,896,456,-592,363,2431,152,-114,-1383,-232,19397,59,34,79,16,0,0,0,0,0,0,0,-32286,0,0,0,0,0,2783200,0
2730551,7244,-3186,952,436,-482,347,2462,144,-116,-1398,-176,19392,64,34,79,16,0,0,0,0,0,0,0,-32285,0,0,0,0,0,2783205,0
2730556,7232,-3476,682,596,-386,370,2493,130,-94,-1378,-264,19392,64,34,79,16,0,0,0,0,0,0,0,-32285,0,0,0,0,0,2783220,0
2730561,7432,-3172,568,635,-404,333,2520,120,-72,-1377,-256,19389,72,34,79,16,0,0,0,0,0,0,0,-32286,0,0,0,0,0,2783225,0
2730566,7228,-2958,280,815,-489,282,2544,100,-44,-1379,-288,19389,72,34,79,16,0,0,0,0,0,0,0,-32286,0,0,0,0,0,2783239,0
2730571,7808,-2636,294,334,-227,434,2564,87,-43,-1382,-264,19386,81,33,79,16,0,0,0,0,0,0,0,-32286,0,0,0,0,0,2783244,0
2730576,7774,-3464,494,512,-167,330,2594,128,-30,-1416,-176,19386,81,33,79,16,0,0,0,0,0,0,0,-32286,0,0,0,0,0,2783259,0
2730581,7088,-3304,574,772,-270,303,2630,169,14,-1399,-152,19386,85,33,79,16,0,0,0,0,0,0,0,-32286,0,0,0,0,0,2783264,0
2730586,7480,-2876,272,912,-372,201,2677,212,65,-1385,-120,19386,85,33,79,16,0,0,0,0,0,0,0,-32286,0,0,0,0,0,2783279,0
2730591,7526,-2700,30,918,-293,207,2733,257,111,-1392,-64,19387,86,34,79,16,0,0,0,0,0,0,0,-32287,0,0,0,0,0,2783284,0
2730596,7346,-2520,-258,896,-438,104,2798,289,142,-1372,-56,19387,86,34,79,16,0,0,0,0,0,0,0,-32287,0,0,0,0,0,2783299,0
2730601,7210,-2382,-232,859,-533,67,2867,302,129,-1377,-56,19389,79,34,79,16,0,0,0,0,0,0,0,-32286,0,0,0,0,0,2783304,0
2730606,7490,-2500,-332,911,-602,26,2940,327,110,-1381,-40,19389,79,34,79,16,0,0,0,0,0,0,0,-32286,0,0,0,0,0,2783319,0
2730611,7250,-2586,-170,891,-606,48,3014,323,82,-1463,-88,19390,64,34,79,16,0,0,0,0,0,0,0,-32285,0,0,0,0,0,2783324,0
2730616,7262,-2770,82,658,-585,119,3078,286,33,-1603,-136,19390,64,34,79,16,0,0,0,0,0,0,0,-32285,0,0,0,0,0,2783339,0
2730621,7018,-2892,374,554,-514,166,3135,245,-21,-1717,-256,19393,62,34,79,16,0,0,0,0,0,0,0,-32285,0,0,0,0,0,2783344,0
2730626,7002,-3030,544,468,-404,220,3176,180,-89,-1813,-424,19393,62,34,79,16,0,0,0,0,0,0,0,-32285,0,0,0,0,0,2783359,0
2730631,7002,-3356,660,422,-294,313,3200,89,-152,-1891,-672,19391,67,34,79,16,0,0,0,0,0,0,0,-32285,0,0,0,0,0,2783364,0
2730636,6740,-3574,954,219,-8,460,3205,17,-212,-1993,-840,19391,67,34,79,16,0,0,0,0,0,0,0,-32285,0,0,0,0,0,2783379,0
2730641,6724,-3720,858,252,155,540,3200,-27,-239,-2120,-960,19386,93,34,79,16,0,0,0,0,0,0,0,-32285,0,0,0,0,0,2783384,0
2730646,6374,-3906,910,349,238,586,3189,-50,-225,-2244,-1040,19386,93,34,79,16,0,0,0,0,0,0,0,-32285,0,0,0,0,0,2783399,0
2730651,6442,-4010,652,465,258,628,3176,-59,-174,-2361,-1128,19382,136,34,79,16,0,0,0,0,0,0,0,-32285,0,0,0,0,0,2783404,0
2730656,6484,-3532,158,697,324,666,3163,-48,-99,-2488,-1088,19382,136,34,79,16,0,0,0,0,0,0,0,-32285,0,0,0,0,0,2783419,0
2730661,6674,-3334,-142,774,304,662,3158,-14,-32,-2609,-1040,19373,178,34,79,16,0,0,0,0,0,0,0,-32285,0,0,0,0,0,2783424,0
2730666,6672,-3204,-364,843,246,665,3159,3,22,-2697,-1048,19373,178,34,79,16,0,0,0,0,0,0,0,-32285,0,0,0,0,0,2783439,0
2730671,6716,-3004,-428,825,182,667,3157,-5,56,-2773,-1080,19368,208,34,79,16,0,0,0,0,0,0,0,-32285,0,0,0,0,0,2783444,0
2730676,7096,-2596,-466,724,94,652,3158,-1,55,-2867,-1120,19368,208,34,79,16,0,0,0,0,0,0,0,-32285,0,0,0,0,0,2783459,0
2730681,7246,-2642,-390,658,71,646,3157,-7,27,-2953,-1152,19358,216,34,79,16,0,0,0,0,0,0,0,-32284,0,0,0,0,0,2783464,0
2730686,7434,-2692,-264,632,67,638,3156,-8,6,-3037,-1192,19358,216,34,79,16,0,0,0,0,0,0,0,-32284,0,0,0,0,0,2783479,0
2730691,7380,-2706,-10,612,70,614,3156,-5,-4,-3113,-1216,19356,225,34,79,16,0,0,0,0,0,0,0,-32284,0,0,0,0,0,2783484,0
2730696,7806,-3046,316,656,128,576,3156,-1,0,-3188,-1240,19356,225,34,79,16,0,0,0,0,0,0,0,-32285,0,0,0,0,0,2783499,0
2730701,7838,-3138,456,696,174,557,3155,-4,2,-3270,-1256,19353,242,34,79,16,0,0,0,0,0,0,0,-32284,0,0,0,0,0,2783504,0
2730706,8012,-3270,530,719,223,539,3154,-4,2,-3337,-1264,19353,242,34,79,16,0,0,0,0,0,0,0,-32284,0,0,0,0,0,2783519,0
2730711,8094,-3348,586,750,291,522,3155,-1,3,-3396,-1264,19350,254,34,79,16,0,0,0,0,0,0,0,-32284,0,0,0,0,0,2783524,0
2730716,8222,-3570,572,803,406,483,3154,-1,3,-3444,-1280,19350,254,34,79,16,0,0,0,0,0,0,0,-32284,0,0,0,0,0,2783539,0
2730721,8272,-3732,538,857,443,470,3155,-2,3,-3498,-1336,19345,266,34,79,16,0,0,0,0,0,0,0,-32284,0,0,0,0,0,2783544,0
2730726,8256,-3766,430,906,464,457,3154,-3,6,-3542,-1344,19345,266,34,79,16,0,0,0,0,0,0,0,-32284,0,0,0,0,0,2783559,0
2730731,8150,-3824,444,929,449,453,3155,-5,0,-3588,-1352,19343,286,34,79,16,0,0,0,0,0,0,0,-32284,0,0,0,0,0,2783564,0
2730736,8220,-3730,78,1008,478,431,3156,5,5,-3626,-1344,19343,286,34,79,16,0,0,0,0,0,0,0,-32285,0,0,0,0,0,2783579,0
2730741,8238,-3650,-10,1059,450,409,3155,2,1,-3653,-1360,19341,306,34,79,16,0,0,0,0,0,0,0,-32284,0,0,0,0,0,2783584,0
2730746,8184,-3634,-72,1098,417,400,3154,-1,4,-3675,-1368,19341,306,34,79,16,0,0,0,0,0,0,0,-32284,0,0,0,0,0,2783599,0
2730751,8094,-3532,-116,1125,366,382,3155,-2,1,-3691,-1376,19338,314,34,79,16,0,0,0,0,0,0,0,-32284,0,0,0,0,0,2783604,0
2730756,7992,-3344,-152,1156,395,362,3158,6,2,-3700,-1360,19338,314,34,79,16,0,0,0,0,0,0,0,-32284,0,0,0,0,0,2783619,0
2730761,8134,-3306,-250,1208,326,336,3158,4,4,-3703,-1344,19335,322,34,79,16,0,0,0,0,0,0,0,-32284,0,0,0,0,0,2783624,0
2730766,8180,-3204,-360,1260,311,318,3158,0,5,-3694,-1368,19335,322,34,79,16,0,0,0,0,0,0,0,-32284,0,0,0,0,0,2783639,0
2730771,8118,-3082,-308,1277,261,306,3160,3,-3,-3688,-1376,19335,319,34,79,16,0,0,0,0,0,0,0,-32284,0,0,0,0,0,2783644,0
2730776,8390,-2822,-274,1293,236,294,3162,4,1,-3676,-1376,19335,319,34,79,16,0,0,0,0,0,0,0,-32284,0,0,0,0,0,2783660,0
2730781,8480,-2798,-196,1298,202,277,3164,16,5,-3671,-1352,19335,318,34,79,16,0,0,0,0,0,0,0,-32285,0,0,0,0,0,2783665,0
2730786,8674,-2750,-166,1313,192,280,3166,3,1,-3653,-1336,19335,318,34,79,16,0,0,0,0,0,0,0,-32284,0,0,0,0,0,2783679,0
2730791,8646,-2646,-28,1326,165,260,3167,9,3,-3628,-1320,19335,314,34,79,16,0,0,0,0,0,0,0,-32284,0,0,0,0,0,2783684,0
2730796,9044,-2488,64,1362,198,232,3172,15,4,-3608,-1304,19335,314,34,79,16,0,0,0,0,0,0,0,-32284,0,0,0,0,0,2783699,0
2730801,9238,-2550,70,1368,208,186,3175,16,3,-3569,-1288,19334,314,34,79,16,0,0,0,0,0,0,0,-32285,0,0,0,0,0,2783703,0
2730806,9436,-2716,96,1381,225,141,3179,22,10,-3538,-1264,19334,314,34,79,16,0,0,0,0,0,0,0,-32285,0,0,0,0,0,2783718,0
2730811,9708,-2960,46,1399,250,90,3184,25,7,-3516,-1224,19335,310,34,79,16,0,0,0,0,0,0,0,-32284,0,0,0,0,0,2783723,0
2730816,10016,-3462,-100,1516,311,-16,3193,41,15,-3479,-1184,19335,310,34,79,16,0,0,0,0,0,0,0,-32284,0,0,0,0,0,2783738,0
2730821,9922,-3610,-146,1573,267,-116,3210,80,35,-3459,-1032,19338,305,34,79,16,0,0,0,0,0,0,0,-32285,0,0,0,0,0,2783743,0
2730826,9880,-3786,-336,1664,132,-222,3241,143,74,-3458,-824,19338,305,34,79,16,0,0,0,0,0,0,0,-32285,0,0,0,0,0,2783758,0
2730831,9688,-4258,-548,1696,-54,-248,3284,185,121,-3356,-792,19347,298,34,79,16,0,0,0,0,0,0,0,-32285,0,0,0,0,0,2783763,0
2730836,9388,-4456,-930,1650,-623,-360,3333,222,158,-3292,-680,19347,298,34,79,16,0,0,0,0,0,0,0,-32286,0,0,0,0,0,2783778,0
2730841,8916,-4054,-848,1633,-960,-437,3392,259,162,-3259,-568,19354,261,34,79,16,0,0,0,0,0,0,0,-32287,0,0,0,0,0,2783783,0
2730846,8926,-3876,-896,1592,-1221,-473,3456,294,144,-3181,-480,19354,261,34,79,16,0,0,0,0,0,0,0,-32287,0,0,0,0,0,2783798,0
2730851,8812,-3632,-758,1526,-1539,-501,3528,319,120,-3152,-368,19364,217,34,79,16,0,0,0,0,0,0,0,-32288,0,0,0,0,0,2783803,0
2730856,8838,-2936,-584,1569,-2081,-619,3611,368,116,-3081,-256,19364,217,34,79,16,0,0,0,0,0,0,0,-32287,0,0,0,0,0,2783818,0
2730861,8836,-2358,-354,1604,-2333,-710,3705,419,132,-2999,-184,19370,159,34,79,16,0,0,0,0,0,0,0,-32286,0,0,0,0,0,2783823,0
2730866,9060,-1990,-152,1567,-2417,-751,3798,419,129,-2932,-216,19370,159,34,79,16,0,0,0,0,0,0,0,-32286,0,0,0,0,0,2783838,0
2730871,9074,-1492,228,1529,-2505,-850,3891,408,99,-2891,-192,19377,126,34,79,16,0,0,0,0,0,0,0,-32285,0,0,0,0,0,2783843,0
2730876,9342,-1336,996,1430,-2402,-1030,3984,406,53,-2813,-184,19377,126,34,79,16,0,0,0,0,0,0,0,-32285,0,0,0,0,0,2783858,0
2730881,9592,-1488,1214,1411,-2240,-1129,4072,392,10,-2735,-224,19381,105,34,79,16,0,0,0,0,0,0,0,-32285,0,0,0,0,0,2783863,0
2730886,9608,-1922,1576,1399,-2040,-1219,4155,355,-27,-2669,-248,19381,105,34,79,16,0,0,0,0,0,0,0,-32287,0,0,0,0,0,2783878,0
2730891,9642,-2456,1736,1366,-1845,-1270,4223,287,-76,-2587,-360,19381,96,34,79,16,0,0,0,0,0,0,0,-32287,0,0,0,0,0,2783883,0
2730896,9560,-3518,2008,1311,-1386,-1375,4269,201,-130,-2505,-480,19381,96,34,79,16,0,0,0,0,0,0,0,-32287,0,0,0,0,0,2783898,0
2730901,9498,-4504,2016,1324,-1224,-1370,4299,120,-197,-2420,-672,19379,86,33,79,16,0,0,0,0,0,0,0,-32287,0,0,0,0,0,2783903,0
2730906,9038,-5026,1970,1249,-1034,-1333,4301,-9,-278,-2287,-880,19379,86,33,79,16,0,0,0,0,0,0,0,-32287,0,0,0,0,0,2783918,0
2730911,8868,-5440,1862,1197,-889,-1319,4281,-98,-317,-2241,-960,19377,104,34,79,16,0,0,0,0,0,0,0,-32287,0,0,0,0,0,2783923,0
2730916,8034,-6010,1654,1282,-747,-1364,4257,-99,-311,-2208,-936,19377,104,34,79,16,0,0,0,0,0,0,0,-32287,0,0,0,0,0,2783938,0
2730921,7528,-6532,1372,1423,-809,-1356,4232,-120,-249,-2117,-1056,19375,141,33,79,16,0,0,0,0,0,0,0,-32287,0,0,0,0,0,2783943,0
2730926,6808,-6574,1078,1469,-938,-1319,4191,-190,-176,-2009,-1184,19375,141,33,79,16,0,0,0,0,0,0,0,-32286,0,0,0,0,0,2783958,0
2730931,6356,-6416,838,1414,-1050,-1303,4127,-298,-150,-1949,-1360,19371,168,33,79,16,0,0,0,0,0,0,0,-32286,0,0,0,0,0,2783963,0
2730936,5250,-6288,996,1048,-1050,-1166,4042,-386,-202,-1862,-1560,19371,168,33,79,16,0,0,0,0,0,0,0,-32286,0,0,0,0,0,2783978,0
2730941,4648,-6646,1188,893,-1008,-1070,3934,-485,-287,-1790,-1808,19365,197,34,79,16,0,0,0,0,0,0,0,-32285,0,0,0,0,0,2783983,0
2730946,4370,-7046,1260,848,-988,-957,3795,-614,-336,-1753,-2032,19365,197,34,79,16,0,0,0,0,0,0,0,-32285,0,0,0,0,0,2783998,0
2730951,4018,-7352,1470,857,-914,-852,3665,-739,-377,-1681,-2280,19359,216,34,79,16,0,0,0,0,0,0,0,-32286,0,0,0,0,0,2784003,0
2730956,3398,-7858,1764,1036,-755,-617,3480,-826,-400,-1621,-2472,19359,216,34,79,16,0,0,0,0,0,0,0,-32287,0,0,0,0,0,2784018,0
2730961,3338,-7930,1696,1173,-722,-494,3271,-921,-402,-1519,-2600,19352,249,34,79,16,0,0,0,0,0,0,0,-32286,0,0,0,0,0,2784023,0
2730966,3340,-7922,1596,1277,-681,-361,3043,-1014,-383,-1441,-2760,19352,249,34,79,16,0,0,0,0,0,0,0,-32286,0,0,0,0,0,2784038,0
2730971,3512,-7632,1608,1398,-689,-240,2797,-1083,-341,-1377,-2888,19347,264,34,79,16,0,0,0,0,0,0,0,-32286,0,0,0,0,0,2784043,0
2730976,4042,-7008,1336,1650,-740,-28,2538,-1146,-294,-1293,-3000,19347,264,34,79,16,0,0,0,0,0,0,0,-32286,0,0,0,0,0,2784058,0
2730981,4800,-6700,830,1749,-788,61,2269,-1195,-249,-1211,-3040,19343,271,34,79,16,0,0,0,0,0,0,0,-32285,0,0,0,0,0,2784063,0
2730986,5218,-5916,672,1829,-901,87,1990,-1229,-208,-1141,-3064,19343,271,34,79,16,0,0,0,0,0,0,0,-32286,0,0,0,0,0,2784078,0
2730991,5984,-5592,478,1800,-945,158,1701,-1279,-176,-1076,-3200,19344,258,34,79,16,0,0,0,0,0,0,0,-32286,0,0,0,0,0,2784083,0
2730996,7262,-4092,230,1553,-1051,196,1405,-1309,-154,-998,-3224,19344,258,34,79,16,0,0,0,0,0,0,0,-32285,0,0,0,0,0,2784098,0
2731001,7720,-3492,278,1402,-1111,186,1101,-1343,-141,-914,-3168,19346,248,34,79,16,0,0,0,0,0,0,0,-32287,0,0,0,0,0,2784103,0
2731006,8414,-3066,260,1257,-1141,150,793,-1361,-115,-867,-3200,19346,248,34,79,16,0,0,0,0,0,0,0,-32286,0,0,0,0,0,2784118,0
2731011,9028,-2480,316,1139,-1210,97,479,-1371,-100,-786,-3136,19351,229,34,79,16,0,0,0,0,0,0,0,-32286,0,0,0,0,0,2784123,0
2731016,9848,-1666,596,682,-1223,37,164,-1379,-78,-703,-3096,19351,229,34,79,16,0,0,0,0,0,0,0,-32286,0,0,0,0,0,2784138,0
2731021,10368,-1420,868,451,-1175,-10,-149,-1377,-43,-659,-3072,19353,213,34,79,16,0,0,0,0,0,0,0,-32286,0,0,0,0,0,2784143,0
2731026,10580,-1128,1126,288,-1170,-84,-454,-1343,0,-570,-2904,19353,213,34,79,16,0,0,0,0,0,0,0,-32286,0,0,0,0,0,2784158,0
2731031,10884,-1004,1268,164,-1134,-155,-747,-1289,59,-510,-2768,19360,185,34,79,16,0,0,0,0,0,0,0,-32286,0,0,0,0,0,2784163,0
2731036,11282,-874,1720,-179,-996,-265,-1030,-1233,104,-461,-2648,19360,185,34,79,16,0,0,0,0,0,0,0,-32286,0,0,0,0,0,2784177,0
2731041,11756,-672,1326,-218,-921,-374,-1295,-1162,161,-383,-2464,19369,162,34,79,16,0,0,0,0,0,0,0,-32286,0,0,0,0,0,2784182,0
2731046,11476,128,2708,-367,-444,-471,-1539,-1067,211,-333,-2184,19369,162,34,79,16,0,0,0,0,0,0,0,-32286,0,0,0,0,0,2784197,0
2731051,10870,-294,2398,-549,-419,-566,-1767,-993,245,-273,-1976,19374,131,34,79,16,0,0,0,0,0,0,0,-32286,0,0,0,0,0,2784202,0
2731056,10512,-972,1992,-593,-244,-709,-1974,-900,278,-226,-1760,19374,131,34,79,16,0,0,0,0,0,0,0,-32286,0,0,0,0,0,2784217,0
2731061,10060,-1076,1984,-590,-68,-757,-2164,-823,364,-174,-1504,19379,110,34,79,16,0,0,0,0,0,0,0,-32286,0,0,0,0,0,2784222,0
2731066,9976,-1544,2032,-725,95,-784,-2333,-735,323,-128,-1224,19379,110,34,79,16,0,0,0,0,0,0,0,-32286,0,0,0,0,0,2784237,0
2731071,9620,-1712,2430,-853,347,-776,-2483,-643,226,-95,-944,19379,89,34,79,16,0,0,0,0,0,0,0,-32286,0,0,0,0,0,2784242,0
2731076,8836,-2452,2398,-1037,744,-770,-2611,-550,245,-50,-616,19379,89,34,79,16,0,0,0,0,0,0,0,-32286,0,0,0,0,0,2784257,0
2731081,8716,-2978,2254,-873,887,-797,-2718,-462,210,-2,-320,19385,70,34,79,16,0,0,0,0,0,0,0,-32286,0,0,0,0,0,2784262,0
2731086,8262,-3440,2050,-572,899,-843,-2803,-364,234,52,-136,19385,70,34,79,16,0,0,0,0,0,0,0,-32286,0,0,0,0,0,2784277,0
2731091,8076,-3480,1672,-288,883,-886,-2866,-271,324,116,-48,19388,66,34,79,16,0,0,0,0,0,0,0,-32286,0,0,0,0,0,2784282,0
2731096,7412,-3146,844,-572,1101,-732,-2906,-167,337,180,-8,19388,66,34,79,16,0,0,0,0,0,0,0,-32286,0,0,0,0,0,2784297,0
2731101,6824,-2848,650,-935,1250,-646,-2926,-80,335,202,48,19390,67,34,79,16,0,0,0,0,0,0,0,-32286,0,0,0,0,0,2784302,0
2731106,6314,-3142,152,-1075,1177,-580,-2924,21,337,219,96,19390,67,34,79,16,0,0,0,0,0,0,0,-32286,0,0,0,0,0,2784317,0
2731111,6162,-3650,-398,-987,1075,-518,-2910,54,320,259,128,19390,71,34,79,16,0,0,0,0,0,0,0,-32286,0,0,0,0,0,2784322,0
2731116,5760,-3638,228,-923,1219,-402,-2896,62,259,317,144,19390,71,34,79,16,0,0,0,0,0,0,0,-32286,0,0,0,0,0,2784337,0
2731121,6102,-3964,366,-821,1267,-345,-2887,42,164,362,168,19389,73,34,79,16,0,0,0,0,0,0,0,-32286,0,0,0,0,0,2784342,0
2731126,6750,-3990,788,-537,1192,-444,-2874,60,70,391,184,19389,73,34,79,16,0,0,0,0,0,0,0,-32286,0,0,0,0,0,2784357,0
2731131,6596,-1298,654,992,52,-1187,-2866,27,3,456,160,19390,74,34,79,16,0,0,0,0,0,0,0,-32286,0,0,0,0,0,2784362,0
2731136,3774,-1416,458,271,-338,-763,-2860,30,-20,490,168,19390,74,34,79,16,0,0,0,0,0,0,0,-32286,0,0,0,0,0,2784377,0
2731141,7494,-3080,-2258,180,-723,-746,-2861,-10,-36,549,128,19390,77,34,79,16,0,0,0,0,0,0,0,-32285,0,0,0,0,0,2784382,0
2731146,6938,-2072,-2348,-99,-851,-716,-2869,-33,-54,579,144,19390,77,34,79,16,0,0,0,0,0,0,0,-32286,0,0,0,0,0,2784397,0
2731151,6772,-1566,-1006,-291,-881,-834,-2874,-27,-71,616,144,19390,74,34,79,16,0,0,0,0,0,0,0,-32286,0,0,0,0,0,2784402,0
2731156,7976,-2228,282,-370,-599,-869,-2887,-51,-56,671,112,19390,74,34,79,16,0,0,0,0,0,0,0,-32286,0,0,0,0,0,2784417,0
2731161,7396,-2002,1152,-550,-351,-858,-2911,-118,-74,723,64,19388,63,34,79,16,0,0,0,0,0,0,0,-32286,0,0,0,0,0,2784422,0
2731166,7762,-2328,1360,-758,-53,-805,-2952,-186,-106,752,32,19388,63,34,79,16,0,0,0,0,0,0,0,-32286,0,0,0,0,0,2784437,0
2731171,7612,-2756,1618,-892,262,-701,-3005,-239,-153,778,32,19388,56,34,79,16,0,0,0,0,0,0,0,-32286,0,0,0,0,0,2784442,0
2731176,7078,-3728,1644,-1001,630,-503,-3071,-300,-201,814,-8,19388,56,34,79,16,0,0,0,0,0,0,0,-32286,0,0,0,0,0,2784457,0
2731181,6432,-3640,1648,-1036,767,-397,-3156,-378,-218,841,-32,19388,63,34,79,16,0,0,0,0,0,0,0,-32286,0,0,0,0,0,2784462,0
2731186,6284,-3426,1522,-1032,862,-332,-3251,-421,-215,890,-32,19388,63,34,79,16,0,0,0,0,0,0,0,-32286,0,0,0,0,0,2784477,0
2731191,6206,-3482,1304,-997,961,-247,-3351,-439,-201,938,-48,19390,55,34,79,16,0,0,0,0,0,0,0,-32286,0,0,0,0,0,2784482,0
2731196,5936,-3164,964,-958,1053,-143,-3450,-435,-155,1001,-48,19390,55,34,79,16,0,0,0,0,0,0,0,-32286,0,0,0,0,0,2784497,0
2731201,5722,-2764,940,-969,1054,-111,-3551,-441,-92,1043,-64,19391,50,34,79,16,0,0,0,0,0,0,0,-32286,0,0,0,0,0,2784502,0
2731206,5822,-2674,808,-1013,1114,-78,-3653,-439,-37,1076,-32,19391,50,34,79,16,0,0,0,0,0,0,0,-32286,0,0,0,0,0,2784517,0
2731211,5824,-2316,780,-953,1106,-93,-3742,-378,5,1147,16,19393,36,34,79,16,0,0,0,0,0,0,0,-32286,0,0,0,0,0,2784522,0
2731216,5942,-2140,558,-715,996,-160,-3812,-291,72,1203,72,19393,36,34,79,16,0,0,0,0,0,0,0,-32286,0,0,0,0,0,2784536,0
2731221,6108,-1982,340,-687,963,-169,-3867,-233,152,1239,120,19394,41,34,79,16,0,0,0,0,0,0,0,-32287,0,0,0,0,0,2784541,0
2731226,6116,-1886,254,-734,926,-160,-3908,-180,213,1271,152,19394,41,34,79,16,0,0,0,0,0,0,0,-32287,0,0,0,0,0,2784556,0
2731231,6188,-1580,194,-797,905,-193,-3937,-121,230,1273,264,19393,54,34,79,16,0,0,0,0,0,0,0,-32287,0,0,0,0,0,2784561,0
2731236,6172,-1928,174,-801,861,-159,-3956,-72,216,1312,352,19393,54,34,79,16,0,0,0,0,0,0,0,-32287,0,0,0,0,0,2784579,0
2731241,6272,-1842,212,-790,824,-161,-3965,-31,184,1326,472,19385,75,33,79,16,0,0,0,0,0,0,0,-32287,0,0,0,0,0,2784584,0
2731246,6398,-1838,152,-806,858,-130,-3963,6,167,1360,560,19385,75,33,79,16,0,0,0,0,0,0,0,-32286,0,0,0,0,0,2784599,0
2731251,6208,-1828,176,-917,896,-86,-3960,6,146,1448,560,19381,86,34,79,16,0,0,0,0,0,0,0,-32287,0,0,0,0,0,2784604,0
2731256,6120,-1866,206,-1108,992,28,-3960,1,101,1487,560,19381,86,34,79,16,0,0,0,0,0,0,0,-32287,0,0,0,0,0,2784619,0
2731261,5962,-2002,312,-1137,1023,80,-3960,1,48,1511,600,19383,97,34,79,16,0,0,0,0,0,0,0,-32287,0,0,0,0,0,2784624,0
2731266,5922,-2082,320,-1144,1052,111,-3956,20,16,1550,632,19383,97,34,79,16,0,0,0,0,0,0,0,-32286,0,0,0,0,0,2784639,0
2731271,5954,-2080,298,-1144,1068,171,-3953,13,4,1589,640,19383,113,34,79,16,0,0,0,0,0,0,0,-32287,0,0,0,0,0,2784644,0
2731276,5818,-1750,270,-1264,1121,229,-3947,27,22,1628,672,19383,113,34,79,16,0,0,0,0,0,0,0,-32286,0,0,0,0,0,2784659,0
2731281,5910,-1718,270,-1323,1162,256,-3938,44,24,1648,744,19383,119,34,79,16,0,0,0,0,0,0,0,-32286,0,0,0,0,0,2784664,0
2731286,5818,-1606,270,-1329,1156,251,-3919,89,43,1665,848,19383,119,34,79,16,0,0,0,0,0,0,0,-32287,0,0,0,0,0,2784679,0
2731291,5928,-1446,260,-1286,1121,209,-3883,164,89,1679,1000,19376,121,34,79,16,0,0,0,0,0,0,0,-32287,0,0,0,0,0,2784684,0
2731296,5530,-1208,116,-1295,1083,194,-3834,225,144,1698,1288,19376,121,34,79,16,0,0,0,0,0,0,0,-32287,0,0,0,0,0,2784699,0
2731301,5944,-1354,-58,-1181,993,142,-3763,330,205,1737,1536,19373,129,34,79,16,0,0,0,0,0,0,0,-32287,0,0,0,0,0,2784704,0
2731306,5832,-1152,-66,-1032,838,68,-3657,475,279,1773,1888,19373,129,34,79,16,0,0,0,0,0,0,0,-32286,0,0,0,0,0,2784719,0
2731311,5852,-1000,-208,-902,656,-24,-3518,634,364,1875,2168,19366,163,34,79,16,0,0,0,0,0,0,0,-32286,0,0,0,0,0,2784724,0
2731316,6156,-696,-374,-681,242,-183,-3345,767,440,1916,2584,19366,163,34,79,16,0,0,0,0,0,0,0,-32285,0,0,0,0,0,2784739,0
2731321,6480,-450,-328,-595,62,-296,-3142,921,495,1914,2808,19354,217,34,79,16,0,0,0,0,0,0,0,-32286,0,0,0,0,0,2784744,0
2731326,6708,-360,-276,-562,-75,-360,-2911,1026,498,1942,3080,19354,217,34,79,16,0,0,0,0,0,0,0,-32287,0,0,0,0,0,2784759,0
2731331,6946,-126,-16,-568,-188,-453,-2655,1129,468,1983,3280,19343,287,34,79,16,0,0,0,0,0,0,0,-32285,0,0,0,0,0,2784764,0
2731336,7520,-284,226,-531,-300,-606,-2382,1206,419,1999,3424,19343,287,34,79,16,0,0,0,0,0,0,0,-32286,0,0,0,0,0,2784779,0
2731341,7858,-134,466,-485,-332,-693,-2093,1274,361,2028,3584,19328,350,34,79,16,0,0,0,0,0,0,0,-32287,0,0,0,0,0,2784784,0
2731346,8146,-266,496,-558,-238,-744,-1795,1307,283,2069,3688,19328,350,34,79,16,0,0,0,0,0,0,0,-32285,0,0,0,0,0,2784799,0
2731351,8266,-140,822,-619,-185,-792,-1492,1341,219,2082,3664,19320,397,34,79,16,0,0,0,0,0,0,0,-32288,0,0,0,0,0,2784804,0
2731356,8726,-540,1228,-705,44,-820,-1189,1340,151,2099,3600,19320,397,34,79,16,0,0,0,0,0,0,0,-32286,0,0,0,0,0,2784819,0
2731361,8718,-540,1454,-779,186,-824,-889,1318,79,2146,3664,19312,432,34,79,16,0,0,0,0,0,0,0,-32285,0,0,0,0,0,2784824,0
2731366,9040,-892,1626,-829,352,-785,-594,1291,16,2157,3504,19312,432,34,79,16,0,0,0,0,0,0,0,-32286,0,0,0,0,0,2784839,0
2731371,8850,-964,1632,-943,532,-752,-309,1245,-36,2168,3336,19312,461,34,79,16,0,0,0,0,0,0,0,-32285,0,0,0,0,0,2784844,0
2731376,8678,-1626,1692,-1114,775,-643,-37,1184,-95,2183,3200,19312,461,34,79,16,0,0,0,0,0,0,0,-32286,0,0,0,0,0,2784859,0
2731381,8638,-2120,1644,-1170,886,-574,218,1112,-152,2198,3080,19308,473,34,79,16,0,0,0,0,0,0,0,-32287,0,0,0,0,0,2784864,0
2731386,8370,-2150,1578,-1234,990,-505,457,1045,-193,2210,3000,19308,473,34,79,16,0,0,0,0,0,0,0,-32285,0,0,0,0,0,2784879,0
2731391,8154,-2484,1416,-1269,1038,-451,683,986,-224,2240,2904,19309,454,34,79,16,0,0,0,0,0,0,0,-32286,0,0,0,0,0,2784884,0
2731396,7704,-2896,1054,-1261,1057,-337,893,914,-227,2219,2688,19309,454,34,79,16,0,0,0,0,0,0,0,-32287,0,0,0,0,0,2784899,0
2731401,7646,-3052,1086,-1234,1055,-285,1092,863,-221,2255,2672,19313,432,33,79,16,0,0,0,0,0,0,0,-32286,0,0,0,0,0,2784904,0
2731406,7416,-2824,1000,-1250,1017,-252,1277,811,-217,2270,2488,19313,432,33,79,16,0,0,0,0,0,0,0,-32285,0,0,0,0,0,2784919,0
2731411,7486,-2804,784,-1263,983,-228,1450,754,-198,2269,2448,19320,405,33,79,16,0,0,0,0,0,0,0,-32286,0,0,0,0,0,2784924,0
2731416,7490,-3012,584,-1189,862,-174,1616,717,-188,2289,2384,19320,405,33,79,16,0,0,0,0,0,0,0,-32287,0,0,0,0,0,2784939,0
2731421,7628,-3030,620,-1182,791,-180,1771,680,-168,2282,2320,19325,384,34,79,16,0,0,0,0,0,0,0,-32287,0,0,0,0,0,2784944,0
2731426,7824,-3142,688,-1114,703,-171,1921,660,-143,2282,2200,19325,384,34,79,16,0,0,0,0,0,0,0,-32286,0,0,0,0,0,2784959,0
2731431,7876,-3414,688,-1084,602,-149,2064,616,-129,2311,2120,19327,366,34,79,16,0,0,0,0,0,0,0,-32285,0,0,0,0,0,2784964,0
2731436,8334,-3438,804,-998,415,-162,2196,580,-119,2296,2056,19327,366,34,79,16,0,0,0,0,0,0,0,-32285,0,0,0,0,0,2784978,0
2731441,8470,-3506,998,-958,335,-154,2324,554,-112,2319,1952,19330,355,34,79,16,0,0,0,0,0,0,0,-32287,0,0,0,0,0,2784983,0
2731446,8428,-3682,1078,-933,251,-139,2437,487,-123,2321,1808,19330,355,34,79,16,0,0,0,0,0,0,0,-32287,0,0,0,0,0,2784998,0
2731451,8634,-3438,1132,-873,179,-165,2538,433,-143,2281,1736,19334,336,34,79,16,0,0,0,0,0,0,0,-32287,0,0,0,0,0,2785003,0
2731456,8774,-3392,1500,-794,167,-171,2628,388,-166,2316,1640,19334,336,34,79,16,0,0,0,0,0,0,0,-32286,0,0,0,0,0,2785018,0
2731461,8838,-3642,1534,-879,243,-99,2700,320,-187,2331,1456,19338,309,34,79,16,0,0,0,0,0,0,0,-32285,0,0,0,0,0,2785023,0
2731466,8444,-3536,1784,-845,228,-113,2764,260,-195,2336,1344,19338,309,34,79,16,0,0,0,0,0,0,0,-32285,0,0,0,0,0,2785038,0
2731471,8510,-3638,1612,-710,213,-94,2810,189,-203,2304,1176,19347,289,34,79,16,0,0,0,0,0,0,0,-32285,0,0,0,0,0,2785043,0
2731476,8226,-2636,1646,-692,269,-67,2841,130,-206,2326,1056,19347,289,34,79,16,0,0,0,0,0,0,0,-32285,0,0,0,0,0,2785058,0
2731481,8546,-2814,1492,-731,374,6,2863,91,-213,2304,952,19355,259,34,79,16,0,0,0,0,0,0,0,-32285,0,0,0,0,0,2785063,0
2731486,8428,-2844,1556,-839,432,53,2875,47,-199,2281,896,19355,259,34,79,16,0,0,0,0,0,0,0,-32286,0,0,0,0,0,2785078,0
2731491,8934,-3162,1542,-862,474,100,2883,30,-167,2248,896,19362,226,34,79,16,0,0,0,0,0,0,0,-32286,0,0,0,0,0,2785083,0
2731496,9966,-3768,1804,-733,449,163,2895,53,-115,2203,968,19362,226,34,79,16,0,0,0,0,0,0,0,-32286,0,0,0,0,0,2785098,0
2731501,10748,-4034,1712,-699,400,220,2912,80,-51,2168,1032,19363,191,34,79,16,0,0,0,0,0,0,0,-32286,0,0,0,0,0,2785103,0
2731506,11116,-4134,1472,-782,361,311,2932,89,12,2179,984,19363,191,34,79,16,0,0,0,0,0,0,0,-32286,0,0,0,0,0,2785118,0
2731511,11522,-4306,1074,-963,318,399,2949,77,38,2174,928,19364,184,34,79,16,0,0,0,0,0,0,0,-32286,0,0,0,0,0,2785123,0
2731516,12236,-4702,940,-933,226,420,2970,99,43,2123,968,19364,184,34,79,16,0,0,0,0,0,0,0,-32286,0,0,0,0,0,2785138,0
2731521,12314,-4974,1204,-918,248,462,2998,113,32,2088,992,19364,183,34,79,16,0,0,0,0,0,0,0,-32287,0,0,0,0,0,2785143,0
2731526,12450,-4758,1736,-882,275,384,3029,140,36,2035,1120,19364,183,34,79,16,0,0,0,0,0,0,0,-32286,0,0,0,0,0,2785158,0
2731531,12928,-4802,2150,-753,397,293,3071,185,70,2007,1152,19364,182,34,79,16,0,0,0,0,0,0,0,-32287,0,0,0,0,0,2785163,0
2731536,12820,-4864,2726,-558,610,93,3121,220,102,2015,1184,19364,182,34,79,16,0,0,0,0,0,0,0,-32287,0,0,0,0,0,2785178,0
2731541,12582,-4994,2586,-558,700,-9,3178,251,111,1949,1336,19364,179,34,79,16,0,0,0,0,0,0,0,-32287,0,0,0,0,0,2785183,0
2731546,12048,-5192,2324,-500,660,-114,3242,282,121,1938,1344,19364,179,34,79,16,0,0,0,0,0,0,0,-32287,0,0,0,0,0,2785198,0
2731551,11312,-5512,1856,-425,608,-181,3307,287,109,1908,1376,19364,177,34,79,16,0,0,0,0,0,0,0,-32286,0,0,0,0,0,2785203,0
2731556,9484,-5378,1164,-325,424,-275,3376,305,82,1880,1296,19364,177,34,79,16,0,0,0,0,0,0,0,-32286,0,0,0,0,0,2785218,0
2731561,8382,-5566,834,-317,350,-268,3441,291,56,1844,1264,19363,178,34,79,16,0,0,0,0,0,0,0,-32286,0,0,0,0,0,2785223,0
2731566,7196,-5432,636,-281,246,-262,3504,274,18,1814,1160,19363,178,34,79,16,0,0,0,0,0,0,0,-32285,0,0,0,0,0,2785238,0
2731571,6314,-5418,518,-186,165,-219,3560,246,-18,1754,1192,19365,180,34,79,16,0,0,0,0,0,0,0,-32285,0,0,0,0,0,2785243,0
2731576,5146,-5268,782,-149,137,-131,3615,235,-40,1713,1112,19365,180,34,79,16,0,0,0,0,0,0,0,-32285,0,0,0,0,0,2785258,0
2731581,4724,-5386,912,-50,114,-42,3676,262,-41,1684,1176,19369,180,34,79,16,0,0,0,0,0,0,0,-32286,0,0,0,0,0,2785263,0
2731586,4208,-5188,960,62,66,31,3736,264,-18,1642,1128,19369,180,34,79,16,0,0,0,0,0,0,0,-32286,0,0,0,0,0,2785278,0
2731591,4070,-4900,800,128,32,94,3795,264,6,1611,1144,19369,170,34,79,16,0,0,0,0,0,0,0,-32286,0,0,0,0,0,2785283,0
2731596,3816,-3886,514,203,-38,224,3859,280,21,1531,1144,19369,170,34,79,16,0,0,0,0,0,0,0,-32286,0,0,0,0,0,2785298,0
2731601,3828,-3286,370,164,-43,264,3925,301,31,1517,1200,19370,164,34,79,16,0,0,0,0,0,0,0,-32287,0,0,0,0,0,2785303,0
2731606,3964,-2646,218,123,-71,284,4001,334,42,1426,1288,19370,164,34,79,16,0,0,0,0,0,0,0,-32286,0,0,0,0,0,2785318,0
2731611,4148,-2158,186,135,-95,252,4092,407,87,1382,1472,19369,155,34,79,16,0,0,0,0,0,0,0,-32287,0,0,0,0,0,2785323,0
2731616,4386,-1434,28,87,-11,287,4198,469,142,1350,1560,19369,155,34,79,16,0,0,0,0,0,0,0,-32286,0,0,0,0,0,2785338,0
2731621,4410,-1002,-2,-73,41,261,4313,516,182,1328,1624,19370,163,34,79,16,0,0,0,0,0,0,0,-32286,0,0,0,0,0,2785343,0
2731626,4702,-1122,-230,-166,134,277,4439,555,192,1285,1704,19370,163,34,79,16,0,0,0,0,0,0,0,-32286,0,0,0,0,0,2785358,0
2731631,4550,-1006,-104,-200,146,250,4581,630,186,1238,1872,19370,173,33,79,16,0,0,0,0,0,0,0,-32286,0,0,0,0,0,2785363,0
2731636,4494,-1532,-346,-210,191,196,4733,672,183,1200,1936,19370,173,33,79,16,0,0,0,0,0,0,0,-32287,0,0,0,0,0,2785378,0
2731641,4516,-1786,-390,-238,169,178,4891,697,180,1117,1928,19367,184,33,79,16,0,0,0,0,0,0,0,-32287,0,0,0,0,0,2785383,0
2731646,4612,-2218,-438,-233,162,170,5061,736,162,1070,1920,19367,184,33,79,16,0,0,0,0,0,0,0,-32286,0,0,0,0,0,2785398,0
2731651,4702,-2694,-402,-237,131,179,5232,755,137,1034,1968,19365,185,34,79,16,0,0,0,0,0,0,0,-32285,0,0,0,0,0,2785403,0
2731656,5072,-3800,-86,-266,50,220,5398,735,88,972,1904,19365,185,34,79,16,0,0,0,0,0,0,0,-32286,0,0,0,0,0,2785418,0
2731661,5284,-4374,246,-276,8,280,5561,705,32,930,1720,19365,170,34,79,16,0,0,0,0,0,0,0,-32286,0,0,0,0,0,2785423,0
2731666,5570,-4920,578,-312,13,353,5710,650,-32,882,1552,19365,170,34,79,16,0,0,0,0,0,0,0,-32286,0,0,0,0,0,2785438,0
2731671,5872,-5262,890,-358,4,456,5839,556,-110,835,1280,19368,151,34,79,16,0,0,0,0,0,0,0,-32286,0,0,0,0,0,2785442,0
2731676,6250,-6116,1206,-537,53,716,5944,448,-200,763,1016,19368,151,34,79,16,0,0,0,0,0,0,0,-32286,0,0,0,0,0,2785457,0
2731681,6314,-6482,1118,-664,62,870,6020,326,-286,717,760,19373,138,34,79,16,0,0,0,0,0,0,0,-32286,0,0,0,0,0,2785462,0
2731686,6208,-6500,942,-760,45,982,6068,201,-352,706,456,19373,138,34,79,16,0,0,0,0,0,0,0,-32286,0,0,0,0,0,2785477,0
2731691,6288,-6778,610,-799,31,1092,6092,96,-397,672,232,19379,115,34,79,16,0,0,0,0,0,0,0,-32286,0,0,0,0,0,2785482,0
2731696,6220,-6472,144,-754,-63,1222,6095,1,-404,606,120,19379,115,34,79,16,0,0,0,0,0,0,0,-32286,0,0,0,0,0,2785497,0
2731701,6308,-5970,38,-638,-148,1182,6086,-36,-366,518,96,19386,94,34,79,16,0,0,0,0,0,0,0,-32286,0,0,0,0,0,2785502,0
2731706,6610,-5692,-150,-477,-174,1132,6080,-21,-271,453,112,19386,94,34,79,16,0,0,0,0,0,0,0,-32286,0,0,0,0,0,2785517,0
2731711,6638,-5238,-202,-334,-248,1052,6077,-10,-151,404,96,19389,73,33,79,16,0,0,0,0,0,0,0,-32286,0,0,0,0,0,2785522,0
2731716,7086,-4334,-468,-216,-352,879,6076,-7,-46,359,72,19389,73,33,79,16,0,0,0,0,0,0,0,-32286,0,0,0,0,0,2785537,0
2731721,7182,-4010,-586,-282,-376,791,6071,-22,8,308,48,19389,61,34,79,16,0,0,0,0,0,0,0,-32286,0,0,0,0,0,2785542,0
2731726,7146,-3768,-590,-381,-393,702,6063,-38,7,262,16,19389,61,34,79,16,0,0,0,0,0,0,0,-32286,0,0,0,0,0,2785557,0
2731731,7116,-3682,-550,-487,-404,653,6044,-89,-38,216,-16,19389,58,34,79,16,0,0,0,0,0,0,0,-32286,0,0,0,0,0,2785562,0
2731736,6970,-3762,-228,-698,-420,517,6013,-137,-87,165,-32,19389,58,34,79,16,0,0,0,0,0,0,0,-32286,0,0,0,0,0,2785577,0
2731741,6862,-4156,-52,-723,-416,502,5978,-164,-118,117,-80,19391,68,34,79,16,0,0,0,0,0,0,0,-32286,0,0,0,0,0,2785582,0
2731746,6630,-4298,186,-747,-441,482,5934,-201,-130,61,-88,19391,68,34,79,16,0,0,0,0,0,0,0,-32286,0,0,0,0,0,2785597,0
2731751,6676,-4406,438,-665,-490,431,5891,-190,-110,17,-104,19393,67,34,79,16,0,0,0,0,0,0,0,-32286,0,0,0,0,0,2785602,0
2731756,7018,-4490,782,-271,-513,334,5850,-180,-67,-22,-112,19393,67,34,79,16,0,0,0,0,0,0,0,-32286,0,0,0,0,0,2785617,0
2731761,7052,-4110,1124,6,-577,219,5809,-176,-31,-64,-120,19394,78,34,79,16,0,0,0,0,0,0,0,-32286,0,0,0,0,0,2785622,0
2731766,7524,-4278,1070,345,-574,148,5769,-181,3,-106,-184,19394,78,34,79,16,0,0,0,0,0,0,0,-32286,0,0,0,0,0,2785637,0
2731771,7610,-3588,1290,604,-544,105,5703,-316,-20,-662,-1520,19392,86,34,79,16,0,0,0,0,0,0,0,-32286,0,0,0,0,0,2785642,0
2731776,7452,-3136,1030,417,-468,153,5560,-666,-216,-1290,-2528,19392,86,34,79,16,0,0,0,0,0,0,0,-32286,0,0,0,0,0,2785659,0
2731781,7628,-3422,620,433,-388,150,5321,-1097,-562,-1526,-3504,19384,133,34,79,16,0,0,0,0,0,0,0,-32285,0,0,0,0,0,2785664,0
2731786,7110,-3084,518,461,-457,141,4979,-1547,-973,-1659,-4608,19384,133,34,79,16,0,0,0,0,0,0,0,-32287,0,0,0,0,0,2785677,0
2731791,6796,-2880,280,224,21,337,4532,-2011,-1329,-1789,-5648,19361,233,33,79,16,0,0,0,0,0,0,0,-32285,0,0,0,0,0,2785682,0
2731796,4982,-2470,-1176,-1971,163,1119,3985,-2462,-1515,-1906,-6616,19361,233,33,79,16,0,0,0,0,0,0,0,-32287,0,0,0,0,0,2785697,0
2731801,4144,-7868,-1768,-7125,2435,3334,3373,-2705,-1512,-2145,-6768,19321,402,34,79,16,0,0,0,0,0,0,0,-32286,0,0,0,0,0,2785702,0
2731806,3332,-564,4216,-6176,1707,2503,2731,-2833,-1315,-2151,-6920,19321,402,34,79,16,0,0,0,0,0,0,0,-32285,0,0,0,0,0,2785717,0
2731811,9592,-12764,6028,-7075,6828,4422,2111,-2714,-927,-2350,-6528,19272,618,34,79,16,0,0,0,0,0,0,0,-32285,0,0,0,0,0,2785722,0
2731816,2234,-18638,4994,-1777,3714,4145,1545,-2460,-376,-2412,-5824,19272,618,34,79,16,0,0,0,0,0,0,0,-32286,0,0,0,0,0,2785736,0
2731821,3324,-14580,2950,1710,2870,3957,1043,-2176,205,-2467,-5168,19231,777,34,79,16,0,0,0,0,0,0,0,-32287,0,0,0,0,0,2785741,0
2731826,4176,-5890,1110,2214,2288,3566,614,-1851,636,-2585,-4560,19231,777,34,79,16,0,0,0,0,0,0,0,-32285,0,0,0,0,0,2785756,0
2731831,6972,-622,-1584,1073,2343,3296,257,-1542,930,-2630,-3848,19218,828,33,79,16,0,0,0,0,0,0,0,-32287,0,0,0,0,0,2785761,0
2731836,7778,-354,-3096,-337,889,2479,-36,-1266,1040,-2735,-3320,19218,828,33,79,16,0,0,0,0,0,0,0,-32285,0,0,0,0,0,2785776,0
2731841,8282,-1368,-3730,361,-25,2040,-267,-991,1048,-2798,-2792,19232,761,34,79,16,0,0,0,0,0,0,0,-32286,0,0,0,0,0,2785781,0
2731846,8694,-916,-3386,846,-561,1692,-440,-746,1006,-2876,-2344,19232,761,34,79,16,0,0,0,0,0,0,0,-32287,0,0,0,0,0,2785796,0
2731851,9356,302,-2870,833,-821,1326,-550,-460,955,-2986,-1688,19264,627,34,79,16,0,0,0,0,0,0,0,-32287,0,0,0,0,0,2785801,0
2731856,9658,-370,-1842,531,-1285,791,-609,-232,923,-3008,-1416,19264,627,34,79,16,0,0,0,0,0,0,0,-32286,0,0,0,0,0,2785816,0
2731861,9316,-868,-1514,629,-1693,554,-626,-60,872,-3173,-1200,19294,497,34,79,16,0,0,0,0,0,0,0,-32285,0,0,0,0,0,2785821,0
2731866,9598,-1296,-1346,673,-1833,430,-620,25,756,-3250,-1152,19294,497,34,79,16,0,0,0,0,0,0,0,-32285,0,0,0,0,0,2785836,0
2731871,9346,-1434,-814,516,-1844,377,-616,20,576,-3267,-1216,19322,376,34,79,16,0,0,0,0,0,0,0,-32285,0,0,0,0,0,2785841,0
2731876,9314,-2306,436,180,-1660,429,-615,3,334,-3320,-1264,19322,376,34,79,16,0,0,0,0,0,0,0,-32286,0,0,0,0,0,2785856,0
2731881,9270,-2702,1026,195,-1583,428,-616,0,128,-3387,-1304,19340,313,34,79,16,0,0,0,0,0,0,0,-32285,0,0,0,0,0,2785861,0
2731886,9248,-3032,1482,209,-1435,434,-616,-4,10,-3451,-1320,19340,313,34,79,16,0,0,0,0,0,0,0,-32285,0,0,0,0,0,2785876,0
2731891,9200,-3246,1860,224,-1248,452,-616,3,-22,-3496,-1344,19344,292,33,79,16,0,0,0,0,0,0,0,-32285,0,0,0,0,0,2785881,0
2731896,8726,-3674,2318,271,-826,490,-618,-7,-13,-3546,-1352,19344,292,33,79,16,0,0,0,0,0,0,0,-32285,0,0,0,0,0,2785896,0
2731901,8638,-3826,2274,364,-598,525,-619,-8,-4,-3587,-1352,19341,305,34,79,16,0,0,0,0,0,0,0,-32285,0,0,0,0,0,2785901,0
2731906,8122,-3796,2336,450,-411,546,-620,-3,-6,-3619,-1376,19341,305,34,79,16,0,0,0,0,0,0,0,-32285,0,0,0,0,0,2785916,0
2731911,8032,-3804,2100,545,-213,563,-619,-3,1,-3643,-1392,19336,321,34,79,16,0,0,0,0,0,0,0,-32285,0,0,0,0,0,2785921,0
2731916,7462,-3604,1564,641,101,616,-621,-2,0,-3668,-1392,19336,321,34,79,16,0,0,0,0,0,0,0,-32285,0,0,0,0,0,2785936,0
2731921,7304,-3410,1352,626,195,640,-624,-12,-2,-3680,-1424,19333,335,34,79,16,0,0,0,0,0,0,0,-32285,0,0,0,0,0,2785941,0
2731926,7164,-3352,1180,580,276,664,-627,-14,-5,-3692,-1432,19333,335,34,79,16,0,0,0,0,0,0,0,-32285,0,0,0,0,0,2785956,0
2731931,6952,-3392,964,571,326,685,-633,-32,-20,-3703,-1440,19336,347,34,79,16,0,0,0,0,0,0,0,-32285,0,0,0,0,0,2785961,0
2731936,6552,-3404,574,693,345,702,-641,-39,-21,-3701,-1432,19336,347,34,79,16,0,0,0,0,0,0,0,-32285,0,0,0,0,0,2785976,0
2731941,6616,-3228,478,757,295,649,-650,-39,-29,-3711,-1392,19340,364,34,79,16,0,0,0,0,0,0,0,-32285,0,0,0,0,0,2785981,0
2731946,6502,-2972,-178,700,231,658,-649,2,-6,-3703,-1344,19340,364,34,79,16,0,0,0,0,0,0,0,-32285,0,0,0,0,0,2785996,0
2731951,6062,-2970,230,682,224,643,-647,4,18,-3681,-1352,19339,361,34,79,16,0,0,0,0,0,0,0,-32285,0,0,0,0,0,2786001,0
2731956,6084,-3264,-158,780,-35,592,-648,-3,39,-3658,-1344,19339,361,34,79,16,0,0,0,0,0,0,0,-32285,0,0,0,0,0,2786016,0
2731961,6142,-3132,-228,745,-106,583,-646,10,34,-3646,-1320,19333,352,34,79,16,0,0,0,0,0,0,0,-32284,0,0,0,0,0,2786021,0
2731966,6098,-3156,-190,682,-190,582,-647,5,13,-3621,-1312,19333,352,34,79,16,0,0,0,0,0,0,0,-32285,0,0,0,0,0,2786036,0
2731971,6164,-3304,-176,657,-288,572,-647,3,4,-3591,-1312,19330,331,34,79,16,0,0,0,0,0,0,0,-32285,0,0,0,0,0,2786041,0
2731976,6268,-3444,-30,712,-438,573,-646,0,4,-3563,-1296,19330,331,34,79,16,0,0,0,0,0,0,0,-32285,0,0,0,0,0,2786056,0
2731981,6358,-3434,90,709,-479,569,-645,-1,5,-3534,-1272,19332,320,34,79,16,0,0,0,0,0,0,0,-32285,0,0,0,0,0,2786061,0
2731986,6496,-3458,166,700,-496,573,-642,9,3,-3504,-1248,19332,320,34,79,16,0,0,0,0,0,0,0,-32285,0,0,0,0,0,2786076,0
2731991,6658,-3560,230,715,-496,584,-641,15,1,-3463,-1224,19334,309,34,79,16,0,0,0,0,0,0,0,-32285,0,0,0,0,0,2786080,0
2731996,7002,-3524,418,770,-481,583,-637,18,10,-3422,-1200,19334,309,34,79,16,0,0,0,0,0,0,0,-32285,0,0,0,0,0,2786095,0
2732001,7122,-3460,554,774,-448,580,-632,17,15,-3376,-1176,19338,292,33,79,16,0,0,0,0,0,0,0,-32285,0,0,0,0,0,2786100,0
2732006,7334,-3426,606,787,-416,575,-625,29,20,-3343,-1144,19338,292,33,79,16,0,0,0,0,0,0,0,-32285,0,0,0,0,0,2786115,0
2732011,7530,-3304,602,836,-377,566,-609,65,33,-3305,-1000,19343,282,33,79,16,0,0,0,0,0,0,0,-32286,0,0,0,0,0,2786120,0
2732016,7864,-3106,538,979,-390,478,-579,141,82,-3285,-864,19343,282,33,79,16,0,0,0,0,0,0,0,-32286,0,0,0,0,0,2786135,0
2732021,7872,-2892,416,981,-370,447,-538,183,125,-3230,-648,19348,265,33,79,16,0,0,0,0,0,0,0,-32286,0,0,0,0,0,2786140,0
2732026,8222,-2626,268,1082,-419,380,-478,276,185,-3177,-448,19348,265,33,79,16,0,0,0,0,0,0,0,-32286,0,0,0,0,0,2786155,0
2732031,8172,-2268,268,1135,-459,300,-395,377,240,-3101,-192,19355,231,33,79,16,0,0,0,0,0,0,0,-32288,0,0,0,0,0,2786160,0
2732036,8538,-2030,-162,1172,-593,155,-290,477,286,-2999,-120,19355,231,33,79,16,0,0,0,0,0,0,0,-32287,0,0,0,0,0,2786175,0
2732041,8484,-1610,-222,1238,-752,15,-156,606,338,-2852,-24,19367,173,34,79,16,0,0,0,0,0,0,0,-32287,0,0,0,0,0,2786180,0
2732046,8742,-1560,-414,1302,-863,-110,14,762,403,-2759,24,19367,173,34,79,16,0,0,0,0,0,0,0,-32285,0,0,0,0,0,2786195,0
2732051,8712,-1414,-520,1376,-1055,-234,218,913,452,-2717,200,19383,90,34,79,16,0,0,0,0,0,0,0,-32285,0,0,0,0,0,2786200,0
2732056,8626,-1250,-610,1374,-1386,-464,450,1036,486,-2701,432,19383,90,34,79,16,0,0,0,0,0,0,0,-32287,0,0,0,0,0,2786215,0
2732061,8820,-1350,-528,1309,-1469,-525,705,1128,356,-2678,600,19401,4,34,79,16,0,0,0,0,0,0,0,-32286,0,0,0,0,0,2786220,0
2732066,8734,-1534,-240,1170,-1511,-575,970,1176,282,-2615,728,19401,4,34,79,16,0,0,0,0,0,0,0,-32285,0,0,0,0,0,2786235,0
2732071,8924,-1782,-152,1157,-1554,-631,1244,1213,349,-2557,832,19415,-57,33,79,16,0,0,0,0,0,0,0,-32287,0,0,0,0,0,2786240,0
2732076,9028,-2258,822,1250,-1502,-741,1528,1250,259,-2494,944,19415,-57,33,79,16,0,0,0,0,0,0,0,-32286,0,0,0,0,0,2786255,0
2732081,9172,-2444,802,1341,-1407,-796,1819,1287,263,-2430,1056,19425,-115,33,79,16,0,0,0,0,0,0,0,-32286,0,0,0,0,0,2786260,0
2732086,9278,-2562,1232,1392,-1322,-815,2119,1319,249,-2331,1144,19425,-115,33,79,16,0,0,0,0,0,0,0,-32287,0,0,0,0,0,2786275,0
2732091,9210,-2510,1398,1402,-1184,-847,2420,1331,116,-2266,1168,19431,-143,34,79,16,0,0,0,0,0,0,0,-32285,0,0,0,0,0,2786280,0
2732096,9238,-2714,1636,1518,-889,-885,2723,1336,95,-2198,1192,19431,-143,34,79,16,0,0,0,0,0,0,0,-32287,0,0,0,0,0,2786295,0
2732101,9472,-2862,1564,1598,-746,-909,3029,1352,66,-2108,1264,19432,-155,34,79,16,0,0,0,0,0,0,0,-32286,0,0,0,0,0,2786300,0
2732106,9288,-2664,1594,1635,-592,-920,3339,1365,47,-2039,1240,19432,-155,34,79,16,0,0,0,0,0,0,0,-32285,0,0,0,0,0,2786315,0
2732111,9178,-2752,1422,1588,-432,-888,3645,1338,28,-1951,1240,19432,-150,34,79,16,0,0,0,0,0,0,0,-32287,0,0,0,0,0,2786320,0
2732116,8926,-2552,984,1515,-190,-929,3946,1326,8,-1889,1200,19432,-150,34,79,16,0,0,0,0,0,0,0,-32285,0,0,0,0,0,2786335,0
2732121,8498,-2252,868,1512,-155,-948,4245,1307,-20,-1827,1168,19429,-141,34,79,16,0,0,0,0,0,0,0,-32286,0,0,0,0,0,2786340,0
2732126,8358,-2330,384,1424,-87,-917,4538,1287,-49,-1744,1160,19429,-141,34,79,16,0,0,0,0,0,0,0,-32287,0,0,0,0,0,2786355,0
2732131,8036,-2214,170,1344,-120,-903,4822,1250,-69,-1667,1120,19427,-129,34,79,16,0,0,0,0,0,0,0,-32286,0,0,0,0,0,2786360,0
2732136,7772,-2346,-236,1209,-123,-898,5100,1216,-82,-1596,1088,19427,-129,34,79,16,0,0,0,0,0,0,0,-32287,0,0,0,0,0,2786374,0
2732141,7568,-2356,-212,1241,-176,-903,5372,1185,-98,-1526,1104,19426,-109,34,79,16,0,0,0,0,0,0,0,-32286,0,0,0,0,0,2786379,0
2732146,7670,-2346,-204,1273,-210,-906,5639,1176,-92,-1457,1104,19426,-109,34,79,16,0,0,0,0,0,0,0,-32286,0,0,0,0,0,2786394,0
2732151,7492,-2490,-398,1238,-249,-885,5903,1155,-89,-1373,1104,19423,-89,34,79,16,0,0,0,0,0,0,0,-32287,0,0,0,0,0,2786399,0
2732156,7736,-2666,-244,1177,-295,-886,6164,1139,-72,-1294,1096,19423,-89,34,79,16,0,0,0,0,0,0,0,-32286,0,0,0,0,0,2786414,0
2732161,7726,-2782,-198,1206,-331,-939,6419,1129,-62,-1225,1120,19417,-68,34,79,16,0,0,0,0,0,0,0,-32286,0,0,0,0,0,2786419,0
2732166,8024,-3322,-318,1269,-349,-970,6677,1127,-43,-1150,1144,19417,-68,34,79,16,0,0,0,0,0,0,0,-32287,0,0,0,0,0,2786434,0
2732171,8148,-3622,-358,1343,-364,-1032,6937,1152,-29,-1079,1208,19412,-54,33,79,16,0,0,0,0,0,0,0,-32286,0,0,0,0,0,2786439,0
2732176,8548,-4670,-310,1586,-303,-1117,7200,1157,0,-997,1264,19412,-54,33,79,16,0,0,0,0,0,0,0,-32286,0,0,0,0,0,2786454,0
2732181,8758,-5282,-342,1705,-329,-1145,7466,1171,29,-927,1288,19408,-37,33,79,16,0,0,0,0,0,0,0,-32287,0,0,0,0,0,2786459,0
2732186,8902,-5602,-340,1826,-416,-1192,7733,1167,34,-861,1312,19408,-37,33,79,16,0,0,0,0,0,0,0,-32286,0,0,0,0,0,2786474,0
2732191,9142,-6052,-526,1981,-531,-1217,8000,1177,37,-798,1344,19410,-26,33,79,16,0,0,0,0,0,0,0,-32286,0,0,0,0,0,2786479,0
2732196,8962,-5968,-314,2147,-929,-1222,8265,1161,15,-720,1296,19410,-26,33,79,16,0,0,0,0,0,0,0,-32287,0,0,0,0,0,2786494,0
2732201,9024,-6484,-272,2062,-1062,-1011,8510,1066,-22,-985,528,19408,-19,33,79,16,0,0,0,0,0,0,0,-32286,0,0,0,0,0,2786499,0
2732206,8318,-5746,226,1653,-1205,-818,8696,785,-173,-1467,96,19408,-19,33,79,16,0,0,0,0,0,0,0,-32285,0,0,0,0,0,2786514,0
2732211,8746,-5388,674,1079,-1086,-501,8794,382,-456,-1873,-424,19406,-5,34,79,16,0,0,0,0,0,0,0,-32286,0,0,0,0,0,2786519,0
2732216,8104,-3728,2294,-499,-365,44,8795,-38,-843,-1915,-1088,19406,-5,34,79,16,0,0,0,0,0,0,0,-32286,0,0,0,0,0,2786534,0
2732221,8642,-4048,2806,-723,119,218,8743,-247,-1110,-1929,-1528,19397,37,34,79,16,0,0,0,0,0,0,0,-32286,0,0,0,0,0,2786539,0
2732226,7882,-4750,3268,-741,382,405,8646,-441,-1148,-2141,-1992,19397,37,34,79,16,0,0,0,0,0,0,0,-32285,0,0,0,0,0,2786553,0
2732231,7694,-4890,3262,-557,413,519,8511,-615,-982,-2374,-2456,19377,119,34,79,16,0,0,0,0,0,0,0,-32285,0,0,0,0,0,2786558,0
2732236,7910,-4042,2596,-635,723,779,8331,-802,-782,-2554,-2928,19377,119,34,79,16,0,0,0,0,0,0,0,-32286,0,0,0,0,0,2786576,0
2732241,8114,-3682,2208,-982,932,871,8109,-997,-659,-2712,-3296,19346,254,34,79,16,0,0,0,0,0,0,0,-32287,0,0,0,0,0,2786581,0
2732246,8226,-3334,1966,-1316,1150,907,7850,-1155,-638,-2866,-3672,19346,254,34,79,16,0,0,0,0,0,0,0,-32285,0,0,0,0,0,2786596,0
2732251,8304,-3922,1738,-1651,1438,963,7559,-1297,-615,-3019,-4024,19311,413,34,79,16,0,0,0,0,0,0,0,-32286,0,0,0,0,0,2786601,0
2732256,8560,-5010,1350,-1618,1866,910,7243,-1409,-564,-3154,-4376,19311,413,34,79,16,0,0,0,0,0,0,0,-32287,0,0,0,0,0,2786616,0
2732261,7946,-5644,1172,-1554,1949,933,6908,-1483,-485,-3250,-4472,19275,579,34,79,16,0,0,0,0,0,0,0,-32284,0,0,0,0,0,2786621,0
2732266,8008,-5942,1032,-1404,2025,909,6558,-1541,-390,-3379,-4600,19275,579,34,79,16,0,0,0,0,0,0,0,-32287,0,0,0,0,0,2786636,0
2732271,7906,-6292,1272,-1305,2052,881,6203,-1575,-292,-3474,-4704,19244,729,34,79,16,0,0,0,0,0,0,0,-32284,0,0,0,0,0,2786641,0
2732276,7518,-7218,618,-876,1756,794,5842,-1588,-207,-3549,-4776,19244,729,34,79,16,0,0,0,0,0,0,0,-32287,0,0,0,0,0,2786656,0
2732281,6784,-7188,456,-702,1545,743,5475,-1611,-135,-3597,-4792,19218,856,33,79,16,0,0,0,0,0,0,0,-32285,0,0,0,0,0,2786661,0
2732286,6894,-7066,238,-608,1383,661,5105,-1625,-105,-3647,-4776,19218,856,33,79,16,0,0,0,0,0,0,0,-32286,0,0,0,0,0,2786676,0
2732291,6796,-7342,-98,-591,1273,653,4730,-1644,-75,-3670,-4840,19198,936,33,79,16,0,0,0,0,0,0,0,-32285,0,0,0,0,0,2786681,0
2732296,5538,-7526,-302,-464,841,548,4350,-1665,-65,-3683,-4920,19198,936,33,79,16,0,0,0,0,0,0,0,-32286,0,0,0,0,0,2786696,0
2732301,5152,-7622,-74,-417,657,495,3967,-1685,-70,-3678,-4976,19186,980,34,79,16,0,0,0,0,0,0,0,-32286,0,0,0,0,0,2786701,0
2732306,4820,-8084,-68,-319,503,471,3583,-1682,-58,-3685,-4944,19186,980,34,79,16,0,0,0,0,0,0,0,-32286,0,0,0,0,0,2786716,0
2732311,4132,-8044,32,-88,298,413,3202,-1667,-39,-3654,-4944,19180,990,34,79,16,0,0,0,0,0,0,0,-32286,0,0,0,0,0,2786721,0
2732316,2812,-7888,218,224,-108,364,2826,-1644,-6,-3623,-4944,19180,990,34,79,16,0,0,0,0,0,0,0,-32286,0,0,0,0,0,2786736,0
2732321,3090,-7896,140,376,-195,368,2454,-1624,31,-3573,-4928,19179,991,34,79,16,0,0,0,0,0,0,0,-32287,0,0,0,0,0,2786740,0
2732326,2486,-8008,342,551,-417,334,2090,-1601,62,-3533,-4816,19179,991,34,79,16,0,0,0,0,0,0,0,-32286,0,0,0,0,0,2786755,0
2732331,2380,-8114,108,810,-658,354,1732,-1576,79,-3479,-4720,19183,978,33,79,16,0,0,0,0,0,0,0,-32287,0,0,0,0,0,2786760,0
2732336,2784,-7584,418,1191,-974,316,1374,-1571,81,-3416,-4712,19183,978,33,79,16,0,0,0,0,0,0,0,-32285,0,0,0,0,0,2786775,0
2732341,3036,-7614,652,1383,-1160,326,1019,-1564,65,-3370,-4672,19193,941,33,79,16,0,0,0,0,0,0,0,-32287,0,0,0,0,0,2786780,0
2732346,3222,-7214,684,1561,-1347,325,665,-1558,40,-3308,-4616,19193,941,33,79,16,0,0,0,0,0,0,0,-32284,0,0,0,0,0,2786795,0
2732351,3826,-6976,656,1694,-1483,356,309,-1566,28,-3228,-4496,19205,893,34,79,16,0,0,0,0,0,0,0,-32288,0,0,0,0,0,2786800,0
2732356,5128,-6276,906,1773,-1722,391,-49,-1578,9,-3146,-4480,19205,893,34,79,16,0,0,0,0,0,0,0,-32285,0,0,0,0,0,2786815,0
2732361,5542,-5654,1196,1835,-1851,390,-405,-1567,-8,-3055,-4448,19218,841,34,79,16,0,0,0,0,0,0,0,-32286,0,0,0,0,0,2786820,0
2732366,6254,-5048,1268,1861,-1962,363,-760,-1554,-6,-2925,-4328,19218,841,34,79,16,0,0,0,0,0,0,0,-32286,0,0,0,0,0,2786835,0
2732371,7204,-4876,1438,1811,-2021,391,-1113,-1542,5,-2811,-4272,19230,792,34,79,16,0,0,0,0,0,0,0,-32286,0,0,0,0,0,2786840,0
2732376,8374,-3356,1584,1734,-2138,306,-1460,-1524,20,-2693,-4288,19230,792,34,79,16,0,0,0,0,0,0,0,-32286,0,0,0,0,0,2786855,0
2732381,9076,-2838,1604,1658,-2120,246,-1800,-1490,48,-2576,-4136,19243,730,34,79,16,0,0,0,0,0,0,0,-32286,0,0,0,0,0,2786860,0
2732386,9542,-2302,1812,1557,-2064,210,-2131,-1445,78,-2485,-4040,19243,730,34,79,16,0,0,0,0,0,0,0,-32287,0,0,0,0,0,2786875,0
2732391,9846,-1464,2042,1408,-1986,134,-2451,-1401,106,-2373,-3784,19257,656,34,79,16,0,0,0,0,0,0,0,-32285,0,0,0,0,0,2786880,0
2732396,10544,-668,1914,1128,-1789,-68,-2758,-1343,140,-2273,-3632,19257,656,34,79,16,0,0,0,0,0,0,0,-32287,0,0,0,0,0,2786895,0
2732401,10560,-46,2152,1027,-1705,-199,-3044,-1247,182,-2122,-3384,19275,587,34,79,16,0,0,0,0,0,0,0,-32285,0,0,0,0,0,2786900,0
2732406,10750,-94,2040,879,-1562,-320,-3312,-1169,220,-1991,-3160,19275,587,34,79,16,0,0,0,0,0,0,0,-32286,0,0,0,0,0,2786915,0
2732411,10644,168,2364,763,-1486,-428,-3561,-1083,261,-1884,-2872,19295,504,34,79,16,0,0,0,0,0,0,0,-32287,0,0,0,0,0,2786920,0
2732416,10514,166,2244,485,-1266,-687,-3785,-976,293,-1763,-2584,19295,504,34,79,16,0,0,0,0,0,0,0,-32286,0,0,0,0,0,2786935,0
2732421,10460,-276,2174,414,-1128,-789,-3986,-872,319,-1608,-2272,19316,422,34,79,16,0,0,0,0,0,0,0,-32285,0,0,0,0,0,2786940,0
2732426,10192,-462,2214,353,-1065,-919,-4162,-766,343,-1497,-2008,19316,422,34,79,16,0,0,0,0,0,0,0,-32286,0,0,0,0,0,2786955,0
2732431,10152,-856,2092,342,-984,-1006,-4315,-667,358,-1377,-1744,19334,340,34,79,16,0,0,0,0,0,0,0,-32286,0,0,0,0,0,2786960,0
2732436,9708,-1578,2120,252,-898,-1160,-4448,-571,360,-1261,-1512,19334,340,34,79,16,0,0,0,0,0,0,0,-32286,0,0,0,0,0,2786975,0
2732441,8570,-1646,1340,359,-965,-1239,-4560,-486,343,-1118,-1272,19351,255,34,79,16,0,0,0,0,0,0,0,-32286,0,0,0,0,0,2786980,0
2732446,9834,-2224,2858,549,-524,-1320,-4652,-391,327,-1000,-1048,19351,255,34,79,16,0,0,0,0,0,0,0,-32286,0,0,0,0,0,2786994,0
2732451,8952,-2464,2338,413,-614,-1351,-4729,-330,311,-898,-904,19365,189,34,79,16,0,0,0,0,0,0,0,-32286,0,0,0,0,0,2786999,0
2732456,9054,-2774,1532,126,-471,-1385,-4794,-285,281,-781,-800,19365,189,34,79,16,0,0,0,0,0,0,0,-32286,0,0,0,0,0,2787014,0
2732461,8232,-2924,1384,131,-402,-1410,-4856,-269,224,-680,-696,19373,141,34,79,16,0,0,0,0,0,0,0,-32286,0,0,0,0,0,2787019,0
2732466,8554,-3756,1270,112,-320,-1363,-4913,-248,171,-563,-608,19373,141,34,79,16,0,0,0,0,0,0,0,-32286,0,0,0,0,0,2787034,0
2732471,7748,-3698,1514,-30,-159,-1235,-4966,-240,101,-472,-504,19376,107,34,79,16,0,0,0,0,0,0,0,-32286,0,0,0,0,0,2787039,0
2732476,7658,-3720,1664,-828,395,-1024,-5013,-199,75,-387,-352,19376,107,34,79,16,0,0,0,0,0,0,0,-32286,0,0,0,0,0,2787054,0
2732481,6664,-4638,1722,-910,575,-877,-5048,-149,82,-304,-144,19378,89,34,79,16,0,0,0,0,0,0,0,-32286,0,0,0,0,0,2787059,0
2732486,6226,-5258,1264,-885,580,-741,-5074,-105,110,-197,-72,19378,89,34,79,16,0,0,0,0,0,0,0,-32286,0,0,0,0,0,2787074,0
2732491,6306,-5632,1388,-559,530,-718,-5083,-38,145,-106,-16,19380,69,34,79,16,0,0,0,0,0,0,0,-32286,0,0,0,0,0,2787079,0
2732496,6008,-5028,786,292,434,-618,-5081,8,182,-28,8,19380,69,34,79,16,0,0,0,0,0,0,0,-32287,0,0,0,0,0,2787094,0
2732501,5502,-3838,764,9,467,-495,-5077,11,178,46,8,19381,63,34,79,16,0,0,0,0,0,0,0,-32286,0,0,0,0,0,2787099,0
2732506,5726,-3336,318,-496,611,-367,-5076,3,126,110,24,19381,63,34,79,16,0,0,0,0,0,0,0,-32286,0,0,0,0,0,2787114,0
2732511,5678,-3084,138,-821,688,-284,-5076,3,67,178,48,19385,58,34,79,16,0,0,0,0,0,0,0,-32286,0,0,0,0,0,2787119,0
2732516,5460,-4116,672,-904,837,-149,-5075,5,12,245,64,19385,58,34,79,16,0,0,0,0,0,0,0,-32286,0,0,0,0,0,2787134,0
2732521,5740,-4608,936,-578,817,-142,-5070,18,-1,310,96,19387,66,34,79,16,0,0,0,0,0,0,0,-32286,0,0,0,0,0,2787139,0
2732526,5444,-4266,732,-331,673,-130,-5065,23,8,379,120,19387,66,34,79,16,0,0,0,0,0,0,0,-32286,0,0,0,0,0,2787154,0
2732531,6732,-3440,1050,206,167,-522,-5067,-11,8,463,96,19387,59,34,79,16,0,0,0,0,0,0,0,-32286,0,0,0,0,0,2787159,0
2732536,6462,-2098,-1760,874,-562,-608,-5073,-21,-20,515,144,19387,59,34,79,16,0,0,0,0,0,0,0,-32286,0,0,0,0,0,2787174,0
2732541,6362,52,-400,197,-1024,-836,-5074,0,-26,576,168,19386,62,34,79,16,0,0,0,0,0,0,0,-32286,0,0,0,0,0,2787178,0
2732546,8284,-1842,-1670,-307,-927,-747,-5074,2,-18,651,184,19386,62,34,79,16,0,0,0,0,0,0,0,-32286,0,0,0,0,0,2787193,0
2732551,7192,-1850,-720,-541,-1159,-752,-5074,-2,-1,717,200,19388,72,34,79,16,0,0,0,0,0,0,0,-32286,0,0,0,0,0,2787198,0
2732556,7488,-2576,362,-365,-1262,-852,-5074,-3,14,792,216,19388,72,34,79,16,0,0,0,0,0,0,0,-32286,0,0,0,0,0,2787213,0
2732561,8146,-2492,1060,-272,-1023,-860,-5076,-6,11,854,240,19390,77,34,79,16,0,0,0,0,0,0,0,-32286,0,0,0,0,0,2787218,0
2732566,8138,-1836,1858,-297,-700,-891,-5075,0,-3,922,280,19390,77,34,79,16,0,0,0,0,0,0,0,-32286,0,0,0,0,0,2787233,0
2732571,8376,-1662,2154,-478,-376,-885,-5078,-8,-4,994,280,19389,77,34,79,16,0,0,0,0,0,0,0,-32286,0,0,0,0,0,2787238,0
2732576,8104,-2222,2342,-705,213,-803,-5076,0,4,1058,304,19389,77,34,79,16,0,0,0,0,0,0,0,-32286,0,0,0,0,0,2787253,0
2732581,7888,-2634,2128,-675,386,-756,-5077,-2,1,1125,328,19389,83,34,79,16,0,0,0,0,0,0,0,-32285,0,0,0,0,0,2787258,0
2732586,7558,-2692,1986,-606,500,-698,-5075,8,6,1190,360,19389,83,34,79,16,0,0,0,0,0,0,0,-32286,0,0,0,0,0,2787273,0
2732591,7400,-2610,1744,-569,598,-650,-5077,3,1,1247,416,19386,94,34,79,16,0,0,0,0,0,0,0,-32286,0,0,0,0,0,2787278,0
2732596,7096,-2400,1280,-646,853,-521,-5075,4,3,1316,440,19386,94,34,79,16,0,0,0,0,0,0,0,-32286,0,0,0,0,0,2787293,0
2732601,6798,-2306,1106,-709,970,-460,-5076,7,0,1380,464,19384,104,34,79,16,0,0,0,0,0,0,0,-32285,0,0,0,0,0,2787298,0
2732606,6568,-2294,920,-765,1064,-400,-5075,6,2,1437,488,19384,104,34,79,16,0,0,0,0,0,0,0,-32286,0,0,0,0,0,2787312,0
2732611,6438,-2348,804,-788,1139,-327,-5076,1,-4,1502,504,19382,107,34,79,16,0,0,0,0,0,0,0,-32285,0,0,0,0,0,2787317,0
2732616,6066,-2302,582,-860,1258,-191,-5074,5,0,1556,552,19382,107,34,79,16,0,0,0,0,0,0,0,-32286,0,0,0,0,0,2787332,0
2732621,5962,-2352,456,-903,1293,-117,-5072,10,6,1613,584,19380,110,34,79,16,0,0,0,0,0,0,0,-32285,0,0,0,0,0,2787337,0
2732626,5804,-2308,398,-946,1307,-43,-5070,12,8,1677,592,19380,110,34,79,16,0,0,0,0,0,0,0,-32285,0,0,0,0,0,2787352,0
2732631,5796,-2316,330,-996,1339,31,-5066,16,10,1725,624,19379,121,34,79,16,0,0,0,0,0,0,0,-32285,0,0,0,0,0,2787357,0
2732636,5550,-2138,120,-1092,1340,136,-5060,28,11,1775,664,19379,121,34,79,16,0,0,0,0,0,0,0,-32285,0,0,0,0,0,2787372,0
2732641,5500,-2018,52,-1119,1327,166,-5050,45,23,1811,752,19377,122,34,79,16,0,0,0,0,0,0,0,-32286,0,0,0,0,0,2787377,0
2732646,5500,-1850,40,-1113,1275,162,-5031,99,48,1820,992,19377,122,34,79,16,0,0,0,0,0,0,0,-32285,0,0,0,0,0,2787392,0
2732651,5690,-1672,-16,-1026,1200,114,-4987,197,106,1834,1264,19375,131,34,79,16,0,0,0,0,0,0,0,-32285,0,0,0,0,0,2787397,0
2732656,5722,-1290,-74,-924,1001,48,-4920,309,191,1926,1496,19375,131,34,79,16,0,0,0,0,0,0,0,-32286,0,0,0,0,0,2787411,0
2732661,5866,-1188,-184,-956,949,12,-4830,411,278,1968,1736,19371,153,34,79,16,0,0,0,0,0,0,0,-32286,0,0,0,0,0,2787416,0
2732666,5892,-1210,-204,-945,818,-35,-4714,525,342,2020,2040,19371,153,34,79,16,0,0,0,0,0,0,0,-32286,0,0,0,0,0,2787431,0
2732671,5874,-904,-172,-916,720,-113,-4569,656,376,2089,2328,19363,201,34,79,16,0,0,0,0,0,0,0,-32287,0,0,0,0,0,2787436,0
2732676,6116,-936,-254,-730,444,-271,-4391,793,412,2126,2672,19363,201,34,79,16,0,0,0,0,0,0,0,-32286,0,0,0,0,0,2787451,0
2732681,6080,-732,-218,-726,335,-357,-4186,917,431,2159,2888,19350,265,34,79,16,0,0,0,0,0,0,0,-32285,0,0,0,0,0,2787456,0
2732686,6288,-484,-198,-682,225,-429,-3956,1031,443,2178,3184,19350,265,34,79,16,0,0,0,0,0,0,0,-32286,0,0,0,0,0,2787471,0
2732691,6412,-456,-170,-688,182,-489,-3702,1129,426,2228,3416,19335,332,33,79,16,0,0,0,0,0,0,0,-32287,0,0,0,0,0,2787476,0
2732696,6750,-640,-10,-649,126,-635,-3426,1227,396,2231,3568,19335,332,33,79,16,0,0,0,0,0,0,0,-32286,0,0,0,0,0,2787491,0
2732701,6380,-446,342,-596,76,-697,-3133,1301,359,2236,3704,19319,389,33,79,16,0,0,0,0,0,0,0,-32286,0,0,0,0,0,2787496,0
2732706,6784,-622,502,-564,9,-750,-2823,1369,324,2281,3904,19319,389,33,79,16,0,0,0,0,0,0,0,-32286,0,0,0,0,0,2787511,0
2732711,6796,-594,674,-558,67,-785,-2502,1414,277,2295,3952,19305,453,34,79,16,0,0,0,0,0,0,0,-32285,0,0,0,0,0,2787516,0
2732716,6984,-546,720,-563,153,-870,-2175,1446,230,2291,4048,19305,453,34,79,16,0,0,0,0,0,0,0,-32287,0,0,0,0,0,2787531,0
2732721,7268,-950,698,-620,248,-870,-1842,1455,173,2318,4016,19296,508,34,79,16,0,0,0,0,0,0,0,-32285,0,0,0,0,0,2787535,0
2732726,7114,-920,904,-651,286,-893,-1508,1464,115,2325,4040,19296,508,34,79,16,0,0,0,0,0,0,0,-32287,0,0,0,0,0,2787550,0
2732731,7252,-1138,1062,-650,338,-916,-1176,1458,66,2320,3936,19291,538,34,79,16,0,0,0,0,0,0,0,-32286,0,0,0,0,0,2787555,0
2732736,7460,-1396,1112,-720,495,-903,-851,1426,17,2338,3936,19291,538,34,79,16,0,0,0,0,0,0,0,-32286,0,0,0,0,0,2787570,0
2732741,7644,-1792,1076,-765,593,-860,-533,1398,-31,2309,3720,19287,547,34,79,16,0,0,0,0,0,0,0,-32287,0,0,0,0,0,2787575,0
2732746,7504,-1758,1340,-840,638,-836,-231,1328,-87,2309,3568,19287,547,34,79,16,0,0,0,0,0,0,0,-32285,0,0,0,0,0,2787590,0
2732751,7690,-2214,1368,-938,736,-755,52,1241,-149,2295,3352,19288,533,34,79,16,0,0,0,0,0,0,0,-32287,0,0,0,0,0,2787595,0
2732756,7648,-2804,1244,-1096,894,-595,312,1129,-220,2254,3136,19288,533,34,79,16,0,0,0,0,0,0,0,-32286,0,0,0,0,0,2787610,0
2732761,7506,-2806,1264,-1155,934,-525,546,1023,-283,2198,2816,19292,507,34,79,16,0,0,0,0,0,0,0,-32285,0,0,0,0,0,2787615,0
2732766,7490,-3190,1238,-1233,1000,-431,757,910,-340,2152,2592,19292,507,34,79,16,0,0,0,0,0,0,0,-32286,0,0,0,0,0,2787630,0
2732771,7384,-3230,1098,-1294,1009,-358,941,801,-370,2145,2336,19303,456,33,79,16,0,0,0,0,0,0,0,-32287,0,0,0,0,0,2787635,0
2732776,7360,-3588,930,-1398,1026,-191,1099,690,-381,2099,2112,19303,456,33,79,16,0,0,0,0,0,0,0,-32286,0,0,0,0,0,2787653,0
2732781,7286,-3680,918,-1460,1002,-116,1227,548,-391,2076,1728,19318,402,33,79,16,0,0,0,0,0,0,0,-32285,0,0,0,0,0,2787658,0
2732786,7206,-3756,816,-1535,997,-35,1328,429,-411,1980,1480,19318,402,33,79,16,0,0,0,0,0,0,0,-32286,0,0,0,0,0,2787669,0
2732791,7308,-3918,764,-1554,933,14,1409,338,-407,1935,1320,19334,336,34,79,16,0,0,0,0,0,0,0,-32286,0,0,0,0,0,2787674,0
2732796,7346,-4314,730,-1549,807,147,1468,250,-391,1938,1064,19334,336,34,79,16,0,0,0,0,0,0,0,-32286,0,0,0,0,0,2787689,0
2732801,7190,-4158,790,-1631,725,179,1501,141,-374,1858,888,19345,266,34,79,16,0,0,0,0,0,0,0,-32287,0,0,0,0,0,2787694,0
2732806,7566,-4522,668,-1585,636,238,1513,45,-349,1814,656,19345,266,34,79,16,0,0,0,0,0,0,0,-32287,0,0,0,0,0,2787709,0
2732811,7434,-4542,826,-1576,555,283,1508,-27,-340,1768,544,19360,189,34,79,16,0,0,0,0,0,0,0,-32287,0,0,0,0,0,2787714,0
2732816,7992,-4538,1102,-1297,352,209,1499,-38,-298,1647,536,19360,189,34,79,16,0,0,0,0,0,0,0,-32287,0,0,0,0,0,2787729,0
2732821,8004,-4396,1356,-1115,223,164,1496,-11,-206,1546,552,19369,143,34,79,16,0,0,0,0,0,0,0,-32286,0,0,0,0,0,2787734,0
2732826,8262,-4342,1436,-961,120,137,1495,0,-92,1482,544,19369,143,34,79,16,0,0,0,0,0,0,0,-32287,0,0,0,0,0,2787749,0
2732831,8334,-4104,1488,-863,32,105,1494,-5,-3,1420,496,19378,114,33,79,16,0,0,0,0,0,0,0,-32286,0,0,0,0,0,2787753,0
2732836,8654,-3568,1508,-725,-53,62,1491,-12,24,1362,416,19378,114,33,79,16,0,0,0,0,0,0,0,-32286,0,0,0,0,0,2787768,0
2732841,8658,-3130,1554,-700,-65,20,1480,-56,-1,1299,272,19379,100,33,79,16,0,0,0,0,0,0,0,-32286,0,0,0,0,0,2787773,0
2732846,8774,-2924,1504,-735,11,36,1460,-98,-54,1229,128,19379,100,33,79,16,0,0,0,0,0,0,0,-32286,0,0,0,0,0,2787788,0
2732851,8570,-2748,1542,-929,133,119,1416,-205,-125,1136,56,19382,99,34,79,16,0,0,0,0,0,0,0,-32287,0,0,0,0,0,2787793,0
2732856,9068,-2966,1802,-1189,431,183,1358,-254,-184,1006,48,19382,99,34,79,16,0,0,0,0,0,0,0,-32286,0,0,0,0,0,2787808,0
2732861,9282,-3412,2186,-1239,558,275,1291,-302,-226,923,8,19385,79,34,79,16,0,0,0,0,0,0,0,-32286,0,0,0,0,0,2787813,0
2732866,9598,-3836,2402,-1366,722,382,1213,-352,-221,840,-40,19385,79,34,79,16,0,0,0,0,0,0,0,-32286,0,0,0,0,0,2787828,0
2732871,10088,-4302,2438,-1462,789,483,1120,-417,-199,765,-88,19389,58,34,79,16,0,0,0,0,0,0,0,-32286,0,0,0,0,0,2787833,0
2732876,11014,-4786,2230,-1731,896,707,1015,-471,-180,669,-136,19389,58,34,79,16,0,0,0,0,0,0,0,-32286,0,0,0,0,0,2787848,0
2732881,11578,-5072,1970,-1842,933,800,898,-515,-193,578,-136,19391,46,33,79,16,0,0,0,0,0,0,0,-32287,0,0,0,0,0,2787853,0
2732886,12042,-5178,1838,-1843,899,829,780,-525,-174,513,-192,19391,46,33,79,16,0,0,0,0,0,0,0,-32287,0,0,0,0,0,2787868,0
2732891,12566,-5448,1900,-1795,933,867,661,-527,-130,462,-248,19391,42,33,79,16,0,0,0,0,0,0,0,-32286,0,0,0,0,0,2787873,0
2732896,13326,-5714,2722,-1768,1112,873,541,-518,-70,381,-224,19391,42,33,79,16,0,0,0,0,0,0,0,-32286,0,0,0,0,0,2787888,0
2732901,13386,-6052,3046,-1754,1250,843,427,-501,-22,302,-224,19391,39,34,79,16,0,0,0,0,0,0,0,-32286,0,0,0,0,0,2787892,0
2732906,13160,-6140,3210,-1631,1353,758,322,-453,28,248,-216,19391,39,34,79,16,0,0,0,0,0,0,0,-32286,0,0,0,0,0,2787907,0
2732911,12824,-6340,3210,-1291,1314,571,230,-406,83,186,-208,19390,45,34,79,16,0,0,0,0,0,0,0,-32286,0,0,0,0,0,2787912,0
2732916,12156,-6310,2872,-15,1104,148,145,-382,114,97,-256,19390,45,34,79,16,0,0,0,0,0,0,0,-32287,0,0,0,0,0,2787927,0
2732921,11764,-5708,2888,359,1135,-49,60,-365,128,25,-368,19389,57,34,79,16,0,0,0,0,0,0,0,-32286,0,0,0,0,0,2787932,0
2732926,10518,-4726,1798,242,1030,-166,-24,-376,99,-32,-496,19389,57,34,79,16,0,0,0,0,0,0,0,-32286,0,0,0,0,0,2787947,0
2732931,10076,-4416,838,-226,1132,-162,-111,-382,43,-113,-640,19390,69,34,79,16,0,0,0,0,0,0,0,-32286,0,0,0,0,0,2787952,0
2732936,7320,-5708,430,-483,989,-260,-203,-408,0,-186,-856,19390,69,34,79,16,0,0,0,0,0,0,0,-32286,0,0,0,0,0,2787967,0
2732941,6230,-6390,206,-84,736,-315,-307,-461,-46,-268,-1056,19389,64,34,79,16,0,0,0,0,0,0,0,-32286,0,0,0,0,0,2787972,0
2732946,5332,-6480,242,284,513,-242,-428,-545,-109,-373,-1312,19389,64,34,79,16,0,0,0,0,0,0,0,-32286,0,0,0,0,0,2787987,0
2732951,3796,-5596,58,-19,429,-83,-564,-609,-174,-499,-1480,19387,62,34,79,16,0,0,0,0,0,0,0,-32287,0,0,0,0,0,2787992,0
2732956,3134,-4338,144,-917,645,243,-682,-645,-209,-582,-1640,19387,62,34,79,16,0,0,0,0,0,0,0,-32286,0,0,0,0,0,2788007,0
2732961,2948,-4796,200,-708,510,246,-839,-695,-221,-648,-1800,19381,74,34,79,16,0,0,0,0,0,0,0,-32286,0,0,0,0,0,2788012,0
2732966,2662,-4980,66,-306,289,281,-1010,-757,-211,-737,-1912,19381,74,34,79,16,0,0,0,0,0,0,0,-32286,0,0,0,0,0,2788027,0
2732971,2288,-5402,-278,-591,243,715,-1188,-781,-181,-860,-1952,19376,103,34,79,16,0,0,0,0,0,0,0,-32287,0,0,0,0,0,2788032,0
2732976,2908,-3258,2046,-1769,914,1038,-1360,-748,-128,-948,-1912,19376,103,34,79,16,0,0,0,0,0,0,0,-32287,0,0,0,0,0,2788047,0
2732981,3784,-4680,2042,-1423,1737,1368,-1519,-693,-41,-1021,-1696,19373,133,34,79,16,0,0,0,0,0,0,0,-32286,0,0,0,0,0,2788051,0
2732986,2418,-4986,3966,-1790,2359,1846,-1651,-569,100,-1157,-1296,19373,133,34,79,16,0,0,0,0,0,0,0,-32286,0,0,0,0,0,2788066,0
2732991,16,-4464,4488,-1657,2418,1777,-1731,-337,295,-1213,-928,19371,155,34,79,16,0,0,0,0,0,0,0,-32286,0,0,0,0,0,2788071,0
2732996,1632,-4500,-48,618,1265,1497,-1767,-141,481,-1308,-568,19371,155,34,79,16,0,0,0,0,0,0,0,-32286,0,0,0,0,0,2788086,0
2733001,2586,-2104,-1470,1077,733,1294,-1762,32,613,-1467,-320,19371,157,34,79,16,0,0,0,0,0,0,0,-32286,0,0,0,0,0,2788091,0
2733006,3158,144,-2134,552,665,1248,-1739,101,614,-1436,-280,19371,157,34,79,16,0,0,0,0,0,0,0,-32286,0,0,0,0,0,2788106,0
2733011,3100,922,-2236,-437,638,1178,-1713,116,475,-1412,-200,19375,134,34,79,16,0,0,0,0,0,0,0,-32286,0,0,0,0,0,2788111,0
2733016,3692,-1888,-1818,-905,257,960,-1675,181,307,-1421,-136,19375,134,34,79,16,0,0,0,0,0,0,0,-32286,0,0,0,0,0,2788126,0
2733021,3806,-2692,-1164,-497,-130,795,-1619,259,213,-1389,-88,19381,100,34,79,16,0,0,0,0,0,0,0,-32286,0,0,0,0,0,2788131,0
2733026,4860,-3368,-928,-151,-346,705,-1543,345,206,-1362,-32,19381,100,34,79,16,0,0,0,0,0,0,0,-32286,0,0,0,0,0,2788146,0
2733031,5324,-3204,-570,-43,-526,613,-1446,443,257,-1351,8,19388,77,34,79,16,0,0,0,0,0,0,0,-32286,0,0,0,0,0,2788151,0
2733036,6782,-3718,-512,-86,-1005,416,-1321,558,316,-1309,88,19388,77,34,79,16,0,0,0,0,0,0,0,-32286,0,0,0,0,0,2788166,0
2733041,7370,-4330,-458,-52,-1294,346,-1175,646,342,-1289,128,19392,59,34,79,16,0,0,0,0,0,0,0,-32286,0,0,0,0,0,2788171,0
2733046,7944,-4768,-300,-14,-1530,312,-1019,692,326,-1346,152,19392,59,34,79,16,0,0,0,0,0,0,0,-32287,0,0,0,0,0,2788186,0
2733051,8332,-4862,70,-14,-1677,270,-857,716,266,-1363,176,19396,38,34,79,16,0,0,0,0,0,0,0,-32286,0,0,0,0,0,2788190,0
2733056,8720,-5200,548,-214,-1686,343,-698,695,163,-1375,120,19396,38,34,79,16,0,0,0,0,0,0,0,-32286,0,0,0,0,0,2788205,0
2733061,8972,-5392,570,-337,-1585,377,-550,644,53,-1405,88,19398,23,34,79,16,0,0,0,0,0,0,0,-32286,0,0,0,0,0,2788210,0
2733066,8920,-5416,674,-373,-1442,382,-419,573,-115,-1426,96,19398,23,34,79,16,0,0,0,0,0,0,0,-32287,0,0,0,0,0,2788225,0
2733071,8894,-5486,742,-414,-1231,444,-310,463,-117,-1476,8,19399,17,34,79,16,0,0,0,0,0,0,0,-32286,0,0,0,0,0,2788230,0
2733076,8546,-5272,876,-657,-710,462,-228,347,-216,-1479,-80,19399,17,34,79,16,0,0,0,0,0,0,0,-32287,0,0,0,0,0,2788245,0
2733081,8222,-5212,988,-731,-403,465,-166,256,-241,-1419,-144,19397,27,33,79,16,0,0,0,0,0,0,0,-32286,0,0,0,0,0,2788250,0
2733086,7918,-5216,992,-754,-155,425,-122,188,-275,-1422,-152,19397,27,33,79,16,0,0,0,0,0,0,0,-32286,0,0,0,0,0,2788265,0
2733091,7798,-5440,742,-600,-2,382,-89,141,-317,-1383,-224,19392,46,33,79,16,0,0,0,0,0,0,0,-32286,0,0,0,0,0,2788270,0
2733096,7084,-5014,308,-396,178,236,-60,128,-251,-1382,-256,19392,46,33,79,16,0,0,0,0,0,0,0,-32285,0,0,0,0,0,2788285,0
2733101,6464,-5026,58,-452,255,253,-36,99,-171,-1369,-296,19385,64,34,79,16,0,0,0,0,0,0,0,-32286,0,0,0,0,0,2788290,0
2733106,5970,-4836,-54,-526,222,185,-18,79,-116,-1380,-280,19385,64,34,79,16,0,0,0,0,0,0,0,-32285,0,0,0,0,0,2788305,0
2733111,5796,-5126,-286,-435,177,136,4,109,-70,-1416,-216,19384,76,34,79,16,0,0,0,0,0,0,0,-32285,0,0,0,0,0,2788310,0
2733116,4934,-5620,-592,-153,-148,99,32,118,-27,-1392,-232,19384,76,34,79,16,0,0,0,0,0,0,0,-32285,0,0,0,0,0,2788325,0
2733121,4846,-5458,-628,-55,-340,77,60,132,8,-1390,-224,19382,82,34,79,16,0,0,0,0,0,0,0,-32286,0,0,0,0,0,2788330,0
2733126,4914,-5708,-674,50,-486,122,90,127,43,-1382,-256,19382,82,34,79,16,0,0,0,0,0,0,0,-32286,0,0,0,0,0,2788345,0
2733131,4568,-5650,-498,25,-643,180,117,110,27,-1385,-224,19383,83,34,79,16,0,0,0,0,0,0,0,-32286,0,0,0,0,0,2788350,0
2733136,5268,-5506,-184,329,-918,204,147,141,12,-1406,-192,19383,83,34,79,16,0,0,0,0,0,0,0,-32286,0,0,0,0,0,2788364,0
2733141,5360,-5186,64,463,-1053,194,185,164,17,-1393,-160,19384,75,34,79,16,0,0,0,0,0,0,0,-32285,0,0,0,0,0,2788369,0
2733146,5916,-4892,188,654,-1166,196,229,203,42,-1393,-144,19384,75,34,79,16,0,0,0,0,0,0,0,-32286,0,0,0,0,0,2788384,0
2733151,6082,-4502,378,701,-1162,205,280,224,74,-1393,-104,19386,74,34,79,16,0,0,0,0,0,0,0,-32286,0,0,0,0,0,2788389,0
2733156,6790,-3756,712,843,-1199,144,340,265,101,-1386,-88,19386,74,34,79,16,0,0,0,0,0,0,0,-32286,0,0,0,0,0,2788404,0
2733161,7190,-3678,836,930,-1190,99,410,328,118,-1370,-48,19389,63,34,79,16,0,0,0,0,0,0,0,-32286,0,0,0,0,0,2788409,0
2733166,7408,-3542,880,1046,-1197,54,492,369,138,-1360,-40,19389,63,34,79,16,0,0,0,0,0,0,0,-32287,0,0,0,0,0,2788424,0
2733171,7598,-3218,866,1114,-1190,17,583,401,150,-1366,-16,19390,51,34,79,16,0,0,0,0,0,0,0,-32287,0,0,0,0,0,2788429,0
2733176,7712,-2910,928,990,-1081,12,673,398,144,-1382,-32,19390,51,34,79,16,0,0,0,0,0,0,0,-32286,0,0,0,0,0,2788444,0
2733181,7782,-2966,968,903,-964,43,763,383,100,-1389,-8,19391,48,34,79,16,0,0,0,0,0,0,0,-32285,0,0,0,0,0,2788449,0
2733186,7550,-2906,1066,824,-929,20,849,379,37,-1398,-40,19391,48,34,79,16,0,0,0,0,0,0,0,-32285,0,0,0,0,0,2788464,0
2733191,7700,-3192,922,838,-858,32,938,388,0,-1391,-32,19391,48,34,79,16,0,0,0,0,0,0,0,-32285,0,0,0,0,0,2788469,0
2733196,7314,-3396,718,876,-845,43,1025,388,-8,-1382,-24,19391,48,34,79,16,0,0,0,0,0,0,0,-32286,0,0,0,0,0,2788484,0
2733201,7028,-3138,520,819,-858,51,1108,359,-15,-1396,-48,19393,50,34,79,16,0,0,0,0,0,0,0,-32286,0,0,0,0,0,2788489,0
2733206,7046,-3306,328,757,-837,85,1189,350,-24,-1397,-56,19393,50,34,79,16,0,0,0,0,0,0,0,-32287,0,0,0,0,0,2788504,0
2733211,6618,-3314,310,668,-863,108,1264,330,-35,-1392,-56,19398,59,34,79,16,0,0,0,0,0,0,0,-32286,0,0,0,0,0,2788509,0
2733216,6324,-3602,4,724,-973,130,1340,340,-47,-1387,-56,19398,59,34,79,16,0,0,0,0,0,0,0,-32286,0,0,0,0,0,2788524,0
2733221,6302,-3782,-160,791,-1085,131,1416,338,-41,-1383,-56,19399,64,34,79,16,0,0,0,0,0,0,0,-32286,0,0,0,0,0,2788529,0
2733226,6246,-3748,-282,833,-1154,169,1489,317,-16,-1384,-64,19399,64,34,79,16,0,0,0,0,0,0,0,-32286,0,0,0,0,0,2788544,0
2733231,6192,-3546,-232,778,-1211,200,1555,278,-32,-1400,-64,19400,65,34,79,16,0,0,0,0,0,0,0,-32286,0,0,0,0,0,2788549,0
2733236,6538,-3708,-134,640,-1182,272,1612,250,-52,-1401,-120,19400,65,34,79,16,0,0,0,0,0,0,0,-32286,0,0,0,0,0,2788567,0
2733241,6388,-3716,100,605,-1211,295,1660,204,-92,-1397,-160,19391,63,34,79,16,0,0,0,0,0,0,0,-32286,0,0,0,0,0,2788572,0
2733246,6622,-3670,238,618,-1149,279,1702,188,-117,-1398,-152,19391,63,34,79,16,0,0,0,0,0,0,0,-32285,0,0,0,0,0,2788587,0
2733251,6916,-3976,356,723,-1097,311,1744,168,-103,-1382,-176,19390,68,34,79,16,0,0,0,0,0,0,0,-32286,0,0,0,0,0,2788592,0
2733256,7084,-3984,440,801,-1026,351,1781,162,-79,-1384,-208,19390,68,34,79,16,0,0,0,0,0,0,0,-32286,0,0,0,0,0,2788607,0
2733261,6908,-3548,612,778,-984,336,1812,130,-68,-1388,-184,19388,75,34,79,16,0,0,0,0,0,0,0,-32286,0,0,0,0,0,2788612,0
2733266,7386,-3746,544,836,-905,343,1844,140,-50,-1388,-224,19388,75,34,79,16,0,0,0,0,0,0,0,-32286,0,0,0,0,0,2788627,0
2733271,7056,-3678,646,822,-824,381,1870,113,-55,-1372,-256,19386,85,34,79,16,0,0,0,0,0,0,0,-32287,0,0,0,0,0,2788632,0
2733276,7414,-3808,542,897,-690,416,1894,107,-45,-1368,-312,19386,85,34,79,16,0,0,0,0,0,0,0,-32286,0,0,0,0,0,2788647,0
2733281,7090,-3666,660,811,-639,465,1906,49,-59,-1342,-456,19384,88,34,79,16,0,0,0,0,0,0,0,-32286,0,0,0,0,0,2788652,0
2733286,7494,-3576,632,771,-522,504,1906,-13,-94,-1343,-504,19384,88,34,79,16,0,0,0,0,0,0,0,-32287,0,0,0,0,0,2788667,0
2733291,7478,-3280,798,720,-393,507,1904,-12,-122,-1381,-512,19383,92,34,79,16,0,0,0,0,0,0,0,-32287,0,0,0,0,0,2788672,0
2733296,6960,-3656,-270,833,-627,525,1905,6,-105,-1391,-488,19383,92,34,79,16,0,0,0,0,0,0,0,-32287,0,0,0,0,0,2788686,0
2733301,7586,-3088,336,865,-310,505,1904,0,-70,-1387,-512,19383,100,34,79,16,0,0,0,0,0,0,0,-32287,0,0,0,0,0,2788691,0
2733306,7508,-3242,822,976,-159,522,1904,0,-22,-1389,-480,19383,100,34,79,16,0,0,0,0,0,0,0,-32286,0,0,0,0,0,2788706,0
2733311,7014,-3302,582,947,-193,534,1907,11,5,-1389,-472,19381,108,34,79,16,0,0,0,0,0,0,0,-32287,0,0,0,0,0,2788711,0
2733316,7404,-2878,312,899,-112,517,1906,5,11,-1384,-480,19381,108,34,79,16,0,0,0,0,0,0,0,-32287,0,0,0,0,0,2788726,0
2733321,7198,-2876,230,910,-105,504,1907,0,1,-1385,-480,19381,98,34,79,16,0,0,0,0,0,0,0,-32287,0,0,0,0,0,2788731,0
2733326,7116,-2908,20,921,-130,505,1910,15,3,-1386,-456,19381,98,34,79,16,0,0,0,0,0,0,0,-32287,0,0,0,0,0,2788746,0
2733331,7018,-2816,-84,949,-186,501,1915,31,11,-1393,-424,19382,105,34,79,16,0,0,0,0,0,0,0,-32287,0,0,0,0,0,2788751,0
2733336,7004,-2660,-218,982,-332,428,1929,67,31,-1432,-256,19382,105,34,79,16,0,0,0,0,0,0,0,-32286,0,0,0,0,0,2788766,0
2733341,7224,-2514,-372,1093,-420,371,1957,138,68,-1448,-152,19383,102,34,79,16,0,0,0,0,0,0,0,-32286,0,0,0,0,0,2788771,0
2733346,7022,-2534,-406,1148,-546,327,2000,195,133,-1402,-104,19383,102,34,79,16,0,0,0,0,0,0,0,-32287,0,0,0,0,0,2788786,0
2733351,7172,-2310,-532,1224,-677,241,2058,256,183,-1385,-64,19387,91,34,79,16,0,0,0,0,0,0,0,-32287,0,0,0,0,0,2788791,0
2733356,7330,-2254,-556,1248,-773,160,2127,304,210,-1368,-32,19387,91,34,79,16,0,0,0,0,0,0,0,-32288,0,0,0,0,0,2788806,0
2733361,7492,-2290,-618,1303,-786,113,2210,367,213,-1372,-16,19391,83,34,79,16,0,0,0,0,0,0,0,-32286,0,0,0,0,0,2788811,0
2733366,7510,-2230,-476,1364,-831,66,2305,421,195,-1372,8,19391,83,34,79,16,0,0,0,0,0,0,0,-32285,0,0,0,0,0,2788826,0
2733371,7680,-2334,-444,1426,-849,19,2409,460,191,-1368,16,19397,62,34,79,16,0,0,0,0,0,0,0,-32285,0,0,0,0,0,2788837,0
2733376,7914,-2194,-248,1421,-793,-46,2521,489,172,-1363,40,19397,62,34,79,16,0,0,0,0,0,0,0,-32286,0,0,0,0,0,2788846,0
2733381,7818,-2028,-54,1371,-724,-82,2636,513,149,-1372,48,19402,49,34,79,16,0,0,0,0,0,0,0,-32286,0,0,0,0,0,2788851,0
2733386,7960,-2144,38,1355,-672,-130,2759,540,118,-1365,56,19402,49,34,79,16,0,0,0,0,0,0,0,-32287,0,0,0,0,0,2788866,0
2733391,7952,-2304,62,1360,-597,-143,2887,559,96,-1367,56,19399,44,34,79,16,0,0,0,0,0,0,0,-32286,0,0,0,0,0,2788871,0
2733396,8050,-2556,218,1276,-438,-178,3015,559,80,-1378,56,19399,44,34,79,16,0,0,0,0,0,0,0,-32286,0,0,0,0,0,2788886,0
2733401,7938,-2406,348,1227,-359,-200,3143,561,56,-1396,64,19398,42,34,79,16,0,0,0,0,0,0,0,-32285,0,0,0,0,0,2788891,0
2733406,8026,-2680,386,1208,-264,-218,3273,574,34,-1377,64,19398,42,34,79,16,0,0,0,0,0,0,0,-32286,0,0,0,0,0,2788906,0
2733411,7950,-2930,432,1173,-203,-182,3401,558,14,-1386,48,19398,41,34,79,16,0,0,0,0,0,0,0,-32286,0,0,0,0,0,2788911,0
2733416,8068,-3056,538,1073,-51,-153,3518,516,-9,-1403,16,19398,41,34,79,16,0,0,0,0,0,0,0,-32286,0,0,0,0,0,2788926,0
2733421,8098,-3194,644,1067,10,-163,3636,517,-38,-1402,32,19398,38,34,79,16,0,0,0,0,0,0,0,-32286,0,0,0,0,0,2788931,0
2733426,8164,-3310,672,1131,34,-163,3754,510,-54,-1389,24,19398,38,34,79,16,0,0,0,0,0,0,0,-32286,0,0,0,0,0,2788946,0
2733431,8094,-3432,656,1156,60,-164,3869,508,-42,-1390,8,19397,38,34,79,16,0,0,0,0,0,0,0,-32286,0,0,0,0,0,2788951,0
2733436,8248,-3174,472,1222,90,-214,3983,499,-27,-1393,32,19397,38,34,79,16,0,0,0,0,0,0,0,-32285,0,0,0,0,0,2788966,0
2733441,8362,-3014,350,1271,89,-263,4104,523,-3,-1382,48,19392,40,34,79,16,0,0,0,0,0,0,0,-32286,0,0,0,0,0,2788971,0
2733446,8292,-3136,196,1335,92,-271,4229,543,15,-1372,48,19392,40,34,79,16,0,0,0,0,0,0,0,-32286,0,0,0,0,0,2788986,0
2733451,8212,-3054,88,1352,43,-308,4352,541,38,-1387,40,19396,33,34,79,16,0,0,0,0,0,0,0,-32287,0,0,0,0,0,2788991,0
2733456,8290,-2666,-128,1337,23,-344,4477,543,38,-1388,48,19396,33,34,79,16,0,0,0,0,0,0,0,-32286,0,0,0,0,0,2789006,0
2733461,8198,-2596,-194,1299,7,-355,4601,546,25,-1392,48,19401,33,34,79,16,0,0,0,0,0,0,0,-32285,0,0,0,0,0,2789011,0
2733466,8358,-2682,-300,1268,-21,-329,4721,520,2,-1395,0,19401,33,34,79,16,0,0,0,0,0,0,0,-32285,0,0,0,0,0,2789026,0
2733471,8180,-2438,-242,1207,-42,-331,4832,481,-31,-1416,-16,19402,33,34,79,16,0,0,0,0,0,0,0,-32286,0,0,0,0,0,2789031,0
2733476,8394,-2126,-124,1111,2,-333,4935,454,-66,-1421,0,19402,33,34,79,16,0,0,0,0,0,0,0,-32286,0,0,0,0,0,2789046,0
2733481,8360,-1992,-90,1102,9,-360,5036,449,-85,-1406,8,19399,40,34,79,16,0,0,0,0,0,0,0,-32287,0,0,0,0,0,2789051,0
2733486,8346,-2130,-22,1104,17,-350,5137,439,-84,-1383,-24,19399,40,34,79,16,0,0,0,0,0,0,0,-32286,0,0,0,0,0,2789066,0
2733491,8374,-1898,-74,1101,31,-359,5231,418,-62,-1391,-16,19397,43,34,79,16,0,0,0,0,0,0,0,-32286,0,0,0,0,0,2789071,0
2733496,8540,-1754,64,1056,81,-395,5324,409,-47,-1393,-16,19397,43,34,79,16,0,0,0,0,0,0,0,-32286,0,0,0,0,0,2789086,0
2733501,8686,-1764,78,1071,77,-418,5416,401,-37,-1390,-40,19396,39,34,79,16,0,0,0,0,0,0,0,-32286,0,0,0,0,0,2789091,0
2733506,8724,-1910,28,1087,87,-457,5513,425,-25,-1388,-48,19396,39,34,79,16,0,0,0,0,0,0,0,-32286,0,0,0,0,0,2789106,0
2733511,8948,-2422,-22,1127,59,-469,5609,418,-3,-1386,-24,19396,31,34,79,16,0,0,0,0,0,0,0,-32286,0,0,0,0,0,2789111,0
2733516,9334,-2934,-290,1081,78,-515,5701,405,8,-1397,-16,19396,31,34,79,16,0,0,0,0,0,0,0,-32286,0,0,0,0,0,2789125,0
2733521,9192,-3172,-204,1032,55,-529,5791,391,-8,-1386,-32,19393,30,34,79,16,0,0,0,0,0,0,0,-32287,0,0,0,0,0,2789130,0
2733526,9392,-3552,-188,1030,-5,-558,5875,371,-31,-1384,-64,19393,30,34,79,16,0,0,0,0,0,0,0,-32287,0,0,0,0,0,2789145,0
2733531,9478,-3894,-188,1055,-84,-569,5955,352,-48,-1385,-56,19393,33,34,79,16,0,0,0,0,0,0,0,-32286,0,0,0,0,0,2789150,0
2733536,9482,-4532,-56,1024,-332,-573,6029,315,-63,-1387,-96,19393,33,34,79,16,0,0,0,0,0,0,0,-32286,0,0,0,0,0,2789165,0
2733541,9556,-4532,-6,968,-413,-544,6086,242,-93,-1401,-120,19390,35,34,79,16,0,0,0,0,0,0,0,-32286,0,0,0,0,0,2789170,0
2733546,9422,-4370,172,901,-490,-515,6132,189,-136,-1396,-200,19390,35,34,79,16,0,0,0,0,0,0,0,-32286,0,0,0,0,0,2789186,0
2733551,9252,-4230,332,773,-541,-478,6163,129,-180,-1374,-272,19389,52,34,79,16,0,0,0,0,0,0,0,-32286,0,0,0,0,0,2789191,0
2733556,9022,-3982,616,686,-610,-363,6177,53,-205,-1421,-560,19389,52,34,79,16,0,0,0,0,0,0,0,-32286,0,0,0,0,0,2789205,0
2733561,8888,-3320,890,610,-662,-364,6171,-33,-240,-1547,-760,19386,72,34,79,16,0,0,0,0,0,0,0,-32286,0,0,0,0,0,2789210,0
2733566,9120,-2974,978,598,-571,-349,6155,-70,-245,-1783,-888,19386,72,34,79,16,0,0,0,0,0,0,0,-32285,0,0,0,0,0,2789225,0
2733571,8764,-2430,1254,567,-565,-380,6128,-108,-225,-1956,-1032,19383,104,34,79,16,0,0,0,0,0,0,0,-32286,0,0,0,0,0,2789230,0
2733576,8730,-2390,1260,347,-477,-373,6086,-204,-213,-2079,-1312,19383,104,34,79,16,0,0,0,0,0,0,0,-32286,0,0,0,0,0,2789245,0
2733581,8756,-2432,1294,180,-396,-388,6024,-289,-214,-2197,-1720,19375,142,34,79,16,0,0,0,0,0,0,0,-32286,0,0,0,0,0,2789250,0
2733586,8518,-2790,1346,-105,-194,-322,5925,-451,-260,-2359,-2160,19375,142,34,79,16,0,0,0,0,0,0,0,-32287,0,0,0,0,0,2789265,0
2733591,8444,-2926,1552,-393,-30,-319,5787,-627,-366,-2564,-2616,19364,206,34,79,16,0,0,0,0,0,0,0,-32287,0,0,0,0,0,2789270,0
2733596,8324,-4560,1796,-835,499,-157,5608,-812,-487,-2700,-3080,19364,206,34,79,16,0,0,0,0,0,0,0,-32287,0,0,0,0,0,2789285,0
2733601,7930,-5550,1940,-1007,765,-24,5382,-1023,-576,-2835,-3552,19339,313,34,79,16,0,0,0,0,0,0,0,-32284,0,0,0,0,0,2789290,0
2733606,7660,-6252,2252,-1039,998,51,5110,-1210,-639,-2975,-4024,19339,313,34,79,16,0,0,0,0,0,0,0,-32286,0,0,0,0,0,2789305,0
2733611,7302,-7202,2286,-1047,1306,226,4793,-1411,-682,-3084,-4520,19306,449,34,79,16,0,0,0,0,0,0,0,-32287,0,0,0,0,0,2789310,0
2733616,6460,-8304,2184,-1004,1643,512,4428,-1625,-698,-3187,-4952,19306,449,34,79,16,0,0,0,0,0,0,0,-32285,0,0,0,0,0,2789325,0
2733621,5758,-8556,2104,-1053,1764,681,4021,-1813,-702,-3275,-5408,19267,614,34,79,16,0,0,0,0,0,0,0,-32287,0,0,0,0,0,2789330,0
2733626,5262,-8500,2212,-1094,1882,827,3577,-1965,-685,-3367,-5664,19267,614,34,79,16,0,0,0,0,0,0,0,-32285,0,0,0,0,0,2789345,0
2733631,4730,-8658,1790,-1032,2005,930,3098,-2113,-645,-3450,-5968,19224,799,34,79,16,0,0,0,0,0,0,0,-32286,0,0,0,0,0,2789350,0
2733636,3340,-8632,1168,-957,2023,1135,2595,-2224,-578,-3535,-6352,19224,799,34,79,16,0,0,0,0,0,0,0,-32287,0,0,0,0,0,2789365,0
2733641,3538,-8784,1254,-813,2055,1216,2072,-2308,-492,-3596,-6576,19182,979,34,79,16,0,0,0,0,0,0,0,-32284,0,0,0,0,0,2789369,0
2733646,2660,-8972,1508,-588,2013,1299,1532,-2381,-398,-3659,-6592,19182,979,34,79,16,0,0,0,0,0,0,0,-32286,0,0,0,0,0,2789384,0
2733651,2370,-8490,978,-367,1885,1293,974,-2456,-334,-3688,-6832,19143,1141,34,79,16,0,0,0,0,0,0,0,-32287,0,0,0,0,0,2789389,0
2733656,1994,-8326,574,170,1722,1325,403,-2517,-281,-3735,-6680,19143,1141,34,79,16,0,0,0,0,0,0,0,-32286,0,0,0,0,0,2789404,0
2733661,2120,-7584,622,358,1573,1302,-172,-2537,-233,-3741,-6800,19116,1264,34,79,16,0,0,0,0,0,0,0,-32284,0,0,0,0,0,2789409,0
2733666,2504,-7656,374,580,1455,1246,-740,-2495,-159,-3726,-6480,19116,1264,34,79,16,0,0,0,0,0,0,0,-32287,0,0,0,0,0,2789424,0
2733671,2868,-7478,242,854,1252,1185,-1291,-2407,-47,-3677,-6424,19107,1334,34,79,16,0,0,0,0,0,0,0,-32287,0,0,0,0,0,2789429,0
2733676,4184,-6578,-198,1387,714,1002,-1822,-2324,88,-3649,-6248,19107,1334,34,79,16,0,0,0,0,0,0,0,-32285,0,0,0,0,0,2789444,0
2733681,4914,-6076,-288,1547,346,918,-2330,-2227,210,-3636,-5912,19111,1329,33,79,16,0,0,0,0,0,0,0,-32287,0,0,0,0,0,2789449,0
2733686,5754,-5220,-450,1616,-52,796,-2817,-2135,292,-3602,-5760,19111,1329,33,79,16,0,0,0,0,0,0,0,-32286,0,0,0,0,0,2789464,0
2733691,6550,-4838,-620,1584,-426,726,-3280,-2036,320,-3585,-5616,19125,1277,33,79,16,0,0,0,0,0,0,0,-32284,0,0,0,0,0,2789469,0
2733696,8338,-3802,-958,1449,-1198,531,-3723,-1938,333,-3529,-5296,19125,1277,33,79,16,0,0,0,0,0,0,0,-32288,0,0,0,0,0,2789484,0
2733701,9222,-3320,-520,1337,-1543,427,-4139,-1817,340,-3463,-4992,19144,1195,34,79,16,0,0,0,0,0,0,0,-32284,0,0,0,0,0,2789489,0
2733706,9838,-2800,228,1230,-1813,308,-4527,-1696,361,-3364,-4720,19144,1195,34,79,16,0,0,0,0,0,0,0,-32287,0,0,0,0,0,2789504,0
2733711,10288,-2114,656,1087,-2028,178,-4884,-1562,392,-3321,-4432,19173,1080,34,79,16,0,0,0,0,0,0,0,-32285,0,0,0,0,0,2789509,0
2733716,11458,-1206,898,795,-2252,-124,-5211,-1423,427,-3236,-4056,19173,1080,34,79,16,0,0,0,0,0,0,0,-32288,0,0,0,0,0,2789524,0
2733721,11632,-1140,1310,606,-2319,-228,-5507,-1296,454,-3197,-3808,19202,951,33,79,16,0,0,0,0,0,0,0,-32285,0,0,0,0,0,2789529,0
2733726,11578,-488,1968,434,-2317,-396,-5776,-1163,457,-3094,-3568,19202,951,33,79,16,0,0,0,0,0,0,0,-32286,0,0,0,0,0,2789544,0
2733731,11706,-806,2252,287,-2231,-464,-6020,-1059,448,-2989,-3296,19233,815,33,79,16,0,0,0,0,0,0,0,-32287,0,0,0,0,0,2789549,0
2733736,11454,-860,2718,139,-2063,-697,-6238,-948,427,-2893,-2936,19233,815,33,79,16,0,0,0,0,0,0,0,-32285,0,0,0,0,0,2789564,0
2733741,10998,-728,3240,114,-1977,-817,-6435,-857,391,-2806,-2816,19259,689,34,79,16,0,0,0,0,0,0,0,-32285,0,0,0,0,0,2789569,0
2733746,11168,-1216,3310,120,-1787,-877,-6613,-775,370,-2705,-2536,19259,689,34,79,16,0,0,0,0,0,0,0,-32287,0,0,0,0,0,2789583,0
2733751,10628,-1120,3588,24,-1589,-940,-6776,-709,328,-2621,-2400,19285,572,34,79,16,0,0,0,0,0,0,0,-32287,0,0,0,0,0,2789588,0
2733756,10342,-1632,3704,-137,-1131,-1047,-6925,-649,285,-2514,-2304,19285,572,34,79,16,0,0,0,0,0,0,0,-32286,0,0,0,0,0,2789603,0
2733761,9994,-1886,3694,-174,-909,-1086,-7063,-607,243,-2424,-2160,19307,464,34,79,16,0,0,0,0,0,0,0,-32285,0,0,0,0,0,2789608,0
2733766,9808,-2040,3550,-220,-731,-1115,-7191,-557,203,-2303,-2032,19307,464,34,79,16,0,0,0,0,0,0,0,-32286,0,0,0,0,0,2789623,0
2733771,9672,-2436,3386,-251,-518,-1117,-7316,-538,170,-2167,-1944,19324,375,34,79,16,0,0,0,0,0,0,0,-32286,0,0,0,0,0,2789628,0
2733776,9808,-3606,2980,-260,-236,-1126,-7434,-515,136,-2096,-1792,19324,375,34,79,16,0,0,0,0,0,0,0,-32287,0,0,0,0,0,2789647,0
2733781,8778,-3212,3624,-102,151,-1105,-7549,-503,95,-1964,-1760,19338,312,33,79,16,0,0,0,0,0,0,0,-32287,0,0,0,0,0,2789652,0
2733786,8426,-3350,2926,-237,238,-1092,-7664,-509,73,-1855,-1736,19338,312,33,79,16,0,0,0,0,0,0,0,-32286,0,0,0,0,0,2789663,0
2733791,8532,-3610,2436,-320,427,-1035,-7784,-520,35,-1760,-1696,19349,256,33,79,16,0,0,0,0,0,0,0,-32285,0,0,0,0,0,2789668,0
2733796,7734,-3836,1874,-303,717,-1002,-7901,-517,6,-1647,-1656,19349,256,33,79,16,0,0,0,0,0,0,0,-32286,0,0,0,0,0,2789683,0
2733801,7274,-4070,1556,-278,797,-954,-8023,-535,-17,-1492,-1704,19357,222,34,79,16,0,0,0,0,0,0,0,-32285,0,0,0,0,0,2789688,0
2733806,6918,-4136,1212,-285,802,-911,-8148,-557,-30,-1390,-1696,19357,222,34,79,16,0,0,0,0,0,0,0,-32287,0,0,0,0,0,2789703,0
2733811,6678,-4174,948,-284,868,-854,-8275,-559,-41,-1293,-1616,19363,205,34,79,16,0,0,0,0,0,0,0,-32286,0,0,0,0,0,2789708,0
2733816,6174,-4016,494,-251,829,-781,-8399,-544,-34,-1170,-1584,19363,205,34,79,16,0,0,0,0,0,0,0,-32286,0,0,0,0,0,2789723,0
2733821,5890,-3908,174,-232,742,-754,-8524,-551,-21,-1053,-1536,19367,189,34,79,16,0,0,0,0,0,0,0,-32286,0,0,0,0,0,2789728,0
2733826,6010,-4242,-32,-291,622,-664,-8651,-554,-3,-974,-1504,19367,189,34,79,16,0,0,0,0,0,0,0,-32286,0,0,0,0,0,2789743,0
2733831,5562,-3738,404,-248,637,-650,-8773,-537,3,-875,-1400,19370,175,34,79,16,0,0,0,0,0,0,0,-32286,0,0,0,0,0,2789748,0
2733836,5700,-3726,-262,-349,354,-534,-8890,-507,17,-756,-1304,19370,175,34,79,16,0,0,0,0,0,0,0,-32286,0,0,0,0,0,2789763,0
2733841,5472,-3458,210,-316,363,-497,-9008,-515,33,-671,-1232,19375,147,34,79,16,0,0,0,0,0,0,0,-32287,0,0,0,0,0,2789768,0
2733846,5460,-3348,2,-408,262,-442,-9125,-517,37,-595,-1168,19375,147,34,79,16,0,0,0,0,0,0,0,-32286,0,0,0,0,0,2789783,0
2733851,5584,-3240,62,-535,220,-393,-9235,-483,36,-501,-1040,19378,133,34,79,16,0,0,0,0,0,0,0,-32286,0,0,0,0,0,2789788,0
2733856,5556,-3058,368,-627,169,-335,-9335,-438,47,-390,-896,19378,133,34,79,16,0,0,0,0,0,0,0,-32286,0,0,0,0,0,2789803,0
2733861,5648,-2942,434,-701,148,-308,-9433,-416,71,-306,-800,19383,108,34,79,16,0,0,0,0,0,0,0,-32286,0,0,0,0,0,2789808,0
2733866,5712,-2958,538,-827,189,-232,-9523,-395,93,-260,-664,19383,108,34,79,16,0,0,0,0,0,0,0,-32286,0,0,0,0,0,2789823,0
2733871,5744,-2564,880,-999,306,-198,-9603,-344,103,-190,-456,19386,93,34,79,16,0,0,0,0,0,0,0,-32286,0,0,0,0,0,2789828,0
2733876,5846,-3012,1264,-1123,500,-146,-9665,-269,132,-146,-168,19386,93,34,79,16,0,0,0,0,0,0,0,-32286,0,0,0,0,0,2789842,0
2733881,6014,-3394,1394,-1008,533,-119,-9709,-185,171,-52,-48,19389,80,34,79,16,0,0,0,0,0,0,0,-32286,0,0,0,0,0,2789847,0
2733886,6054,-3220,1452,-867,560,-134,-9724,-48,238,52,16,19389,80,34,79,16,0,0,0,0,0,0,0,-32286,0,0,0,0,0,2789862,0
2733891,6198,-3014,1358,-849,621,-82,-9716,50,318,95,64,19391,71,33,79,16,0,0,0,0,0,0,0,-32286,0,0,0,0,0,2789867,0
2733896,6482,-2948,1456,-810,666,-87,-9694,98,342,146,112,19391,71,33,79,16,0,0,0,0,0,0,0,-32286,0,0,0,0,0,2789882,0
2733901,6566,-3040,1428,-618,640,-107,-9669,105,299,211,144,19390,68,33,79,16,0,0,0,0,0,0,0,-32286,0,0,0,0,0,2789887,0
2733906,6678,-2608,1388,-470,598,-141,-9639,141,221,261,256,19390,68,33,79,16,0,0,0,0,0,0,0,-32286,0,0,0,0,0,2789902,0
2733911,6794,-2442,1178,-515,651,-111,-9599,175,137,315,360,19390,69,34,79,16,0,0,0,0,0,0,0,-32286,0,0,0,0,0,2789907,0
2733916,7014,-1912,1026,-799,745,-101,-9548,235,105,354,560,19390,69,34,79,16,0,0,0,0,0,0,0,-32286,0,0,0,0,0,2789922,0
2733921,6972,-1800,1068,-849,849,-104,-9487,278,130,426,704,19386,76,34,79,16,0,0,0,0,0,0,0,-32286,0,0,0,0,0,2789927,0
2733926,6974,-1878,1080,-922,920,-101,-9416,320,156,499,848,19386,76,34,79,16,0,0,0,0,0,0,0,-32286,0,0,0,0,0,2789942,0
2733931,6998,-2116,1042,-877,974,-102,-9332,378,164,557,992,19386,80,34,79,16,0,0,0,0,0,0,0,-32286,0,0,0,0,0,2789947,0
2733936,6768,-2070,1020,-772,1015,-118,-9229,449,178,608,1232,19386,80,34,79,16,0,0,0,0,0,0,0,-32286,0,0,0,0,0,2789962,0
2733941,6852,-2228,788,-772,1038,-106,-9103,573,219,688,1552,19385,85,34,79,16,0,0,0,0,0,0,0,-32286,0,0,0,0,0,2789967,0
2733946,6692,-2104,730,-792,1055,-82,-8942,716,295,797,1872,19385,85,34,79,16,0,0,0,0,0,0,0,-32285,0,0,0,0,0,2789982,0
2733951,6566,-2018,792,-788,1091,-96,-8752,855,371,835,2240,19379,90,34,79,16,0,0,0,0,0,0,0,-32286,0,0,0,0,0,2789987,0
2733956,7702,290,462,96,-20,-944,-8575,970,448,915,2464,19379,90,34,79,16,0,0,0,0,0,0,0,-32286,0,0,0,0,0,2790002,0
2733961,7988,-2928,-2232,534,5,-478,-8341,1037,450,968,2648,19373,122,34,79,16,0,0,0,0,0,0,0,-32286,0,0,0,0,0,2790007,0
2733966,4504,82,-558,-105,-540,-704,-8083,1148,416,996,2856,19373,122,34,79,16,0,0,0,0,0,0,0,-32285,0,0,0,0,0,2790022,0
2733971,8022,-1522,-1486,-66,-881,-820,-7810,1209,350,1103,2984,19367,167,34,79,16,0,0,0,0,0,0,0,-32286,0,0,0,0,0,2790027,0
2733976,6504,-322,-588,-448,-1089,-873,-7526,1251,286,1142,3160,19367,167,34,79,16,0,0,0,0,0,0,0,-32286,0,0,0,0,0,2790042,0
2733981,6768,-526,-286,-569,-932,-928,-7237,1276,216,1193,3216,19359,203,34,79,16,0,0,0,0,0,0,0,-32285,0,0,0,0,0,2790047,0
2733986,6864,-676,130,-627,-795,-983,-6947,1282,152,1232,3208,19359,203,34,79,16,0,0,0,0,0,0,0,-32287,0,0,0,0,0,2790062,0
2733991,6594,-738,712,-600,-564,-1029,-6653,1296,87,1307,3248,19353,240,34,79,16,0,0,0,0,0,0,0,-32286,0,0,0,0,0,2790067,0
2733996,6430,-946,1000,-728,-156,-1046,-6359,1295,52,1370,3384,19353,240,34,79,16,0,0,0,0,0,0,0,-32286,0,0,0,0,0,2790082,0
2734001,6106,-1032,1056,-790,21,-1041,-6065,1292,26,1405,3368,19347,276,34,79,16,0,0,0,0,0,0,0,-32287,0,0,0,0,0,2790086,0
2734006,5950,-1254,1016,-857,160,-1024,-5770,1300,11,1454,3360,19347,276,34,79,16,0,0,0,0,0,0,0,-32285,0,0,0,0,0,2790101,0
2734011,5828,-1434,982,-821,246,-1004,-5470,1323,19,1535,3472,19343,306,34,79,16,0,0,0,0,0,0,0,-32287,0,0,0,0,0,2790106,0
2734016,5700,-1500,746,-683,273,-997,-5162,1353,41,1589,3552,19343,306,34,79,16,0,0,0,0,0,0,0,-32286,0,0,0,0,0,2790121,0
2734021,5660,-1326,716,-653,288,-1000,-4849,1388,72,1626,3608,19337,332,34,79,16,0,0,0,0,0,0,0,-32286,0,0,0,0,0,2790126,0
2734026,5694,-1210,734,-639,280,-1004,-4526,1426,98,1688,3736,19337,332,34,79,16,0,0,0,0,0,0,0,-32287,0,0,0,0,0,2790141,0
2734031,5890,-1304,724,-617,264,-1008,-4198,1444,109,1723,3752,19330,359,34,79,16,0,0,0,0,0,0,0,-32285,0,0,0,0,0,2790146,0
2734036,6110,-1098,662,-558,212,-1049,-3862,1484,115,1801,3832,19330,359,34,79,16,0,0,0,0,0,0,0,-32287,0,0,0,0,0,2790161,0
2734041,6332,-998,702,-557,211,-1059,-3522,1495,104,1826,3872,19323,390,34,79,16,0,0,0,0,0,0,0,-32286,0,0,0,0,0,2790166,0
2734046,6628,-1086,730,-556,222,-1086,-3183,1497,80,1857,3888,19323,390,34,79,16,0,0,0,0,0,0,0,-32286,0,0,0,0,0,2790181,0
2734051,6712,-956,842,-553,210,-1123,-2843,1494,51,1893,3976,19316,423,34,79,16,0,0,0,0,0,0,0,-32287,0,0,0,0,0,2790186,0
2734056,7330,-1212,916,-597,198,-1141,-2506,1479,17,1945,3880,19316,423,34,79,16,0,0,0,0,0,0,0,-32286,0,0,0,0,0,2790201,0
2734061,7612,-1166,998,-643,256,-1145,-2174,1463,-17,1990,3888,19309,442,34,79,16,0,0,0,0,0,0,0,-32287,0,0,0,0,0,2790206,0
2734066,8064,-1606,1066,-696,318,-1108,-1850,1420,-198,2017,3784,19309,442,34,79,16,0,0,0,0,0,0,0,-32285,0,0,0,0,0,2790221,0
2734071,8052,-1546,1278,-758,307,-1096,-1532,1391,-142,2083,3760,19305,455,34,79,16,0,0,0,0,0,0,0,-32287,0,0,0,0,0,2790226,0
2734076,8548,-1980,1370,-829,417,-1013,-1222,1360,-16,2091,3600,19305,455,34,79,16,0,0,0,0,0,0,0,-32286,0,0,0,0,0,2790241,0
2734081,8802,-2016,1304,-883,489,-984,-922,1314,45,2135,3600,19301,470,34,79,16,0,0,0,0,0,0,0,-32285,0,0,0,0,0,2790245,0
2734086,9068,-2258,1256,-884,521,-947,-629,1285,29,2172,3520,19301,470,34,79,16,0,0,0,0,0,0,0,-32287,0,0,0,0,0,2790260,0
2734091,8982,-2178,1290,-952,599,-901,-348,1240,-130,2190,3368,19303,473,34,79,16,0,0,0,0,0,0,0,-32285,0,0,0,0,0,2790265,0
2734096,8852,-2534,1240,-1093,690,-785,-78,1179,-145,2209,3288,19303,473,34,79,16,0,0,0,0,0,0,0,-32286,0,0,0,0,0,2790280,0
2734101,8824,-2952,1134,-1108,680,-724,177,1129,-161,2231,3192,19308,464,33,79,16,0,0,0,0,0,0,0,-32287,0,0,0,0,0,2790285,0
2734106,8694,-2954,1162,-1086,667,-684,423,1071,-178,2246,3112,19308,464,33,79,16,0,0,0,0,0,0,0,-32285,0,0,0,0,0,2790300,0
2734111,8682,-2938,1150,-1051,628,-665,656,1020,-182,2262,2992,19313,449,33,79,16,0,0,0,0,0,0,0,-32286,0,0,0,0,0,2790305,0
2734116,8626,-3144,1060,-1043,601,-578,880,975,-179,2255,2840,19313,449,33,79,16,0,0,0,0,0,0,0,-32287,0,0,0,0,0,2790320,0
2734121,8712,-3402,1094,-1070,628,-516,1092,925,-176,2289,2816,19317,433,34,79,16,0,0,0,0,0,0,0,-32286,0,0,0,0,0,2790325,0
2734126,8464,-3364,1486,-1068,591,-497,1286,854,-178,2317,2584,19317,433,34,79,16,0,0,0,0,0,0,0,-32285,0,0,0,0,0,2790340,0
2734131,8756,-3528,1496,-978,541,-485,1470,799,-188,2298,2552,19318,416,34,79,16,0,0,0,0,0,0,0,-32286,0,0,0,0,0,2790345,0
2734136,8670,-3406,1420,-1010,547,-391,1636,726,-210,2316,2336,19318,416,34,79,16,0,0,0,0,0,0,0,-32287,0,0,0,0,0,2790360,0
2734141,8698,-3426,1540,-1058,542,-384,1786,659,-224,2294,2192,19323,392,34,79,16,0,0,0,0,0,0,0,-32286,0,0,0,0,0,2790365,0
2734146,8674,-3780,1550,-1063,542,-318,1924,596,-228,2308,2016,19323,392,34,79,16,0,0,0,0,0,0,0,-32285,0,0,0,0,0,2790380,0
2734151,8138,-3880,1624,-1117,522,-241,2046,524,-226,2299,1848,19329,355,34,79,16,0,0,0,0,0,0,0,-32285,0,0,0,0,0,2790385,0
2734156,8096,-3774,1392,-901,358,-178,2152,460,-232,2248,1768,19329,355,34,79,16,0,0,0,0,0,0,0,-32286,0,0,0,0,0,2790400,0
2734161,7900,-3410,1436,-867,313,-164,2244,406,-228,2260,1688,19338,317,34,79,16,0,0,0,0,0,0,0,-32286,0,0,0,0,0,2790405,0
2734166,7776,-3094,1322,-908,333,-130,2326,347,-224,2280,1480,19338,317,34,79,16,0,0,0,0,0,0,0,-32287,0,0,0,0,0,2790420,0
2734171,7560,-3078,1204,-954,338,-66,2392,275,-212,2263,1384,19344,286,33,79,16,0,0,0,0,0,0,0,-32287,0,0,0,0,0,2790425,0
2734176,7374,-2692,1180,-981,288,-37,2445,229,-204,2214,1256,19344,286,33,79,16,0,0,0,0,0,0,0,-32287,0,0,0,0,0,2790440,0
2734181,7492,-2898,1300,-953,246,12,2490,203,-189,2208,1176,19352,253,34,79,16,0,0,0,0,0,0,0,-32286,0,0,0,0,0,2790445,0
2734186,7686,-2634,1566,-1017,232,14,2531,177,-177,2141,1192,19352,253,34,79,16,0,0,0,0,0,0,0,-32286,0,0,0,0,0,2790460,0
2734191,8504,-3182,1718,-1037,248,71,2566,157,-132,2129,1080,19355,217,34,79,16,0,0,0,0,0,0,0,-32286,0,0,0,0,0,2790465,0
2734196,9726,-3928,2266,-1119,280,162,2604,166,-80,2094,1040,19355,217,34,79,16,0,0,0,0,0,0,0,-32286,0,0,0,0,0,2790480,0
2734201,10156,-4146,2322,-1194,272,222,2638,144,-59,2021,1072,19364,197,34,79,16,0,0,0,0,0,0,0,-32286,0,0,0,0,0,2790485,0
2734206,10940,-4578,2156,-1224,206,285,2671,159,-26,1965,1040,19364,197,34,79,16,0,0,0,0,0,0,0,-32285,0,0,0,0,0,2790500,0
2734211,11244,-5016,1910,-1317,202,381,2707,154,-13,1943,1040,19368,185,34,79,16,0,0,0,0,0,0,0,-32285,0,0,0,0,0,2790505,0
2734216,12266,-5552,1694,-1084,78,388,2749,178,9,1881,1056,19368,185,34,79,16,0,0,0,0,0,0,0,-32285,0,0,0,0,0,2790520,0
2734221,12172,-5158,2000,-969,94,326,2793,194,23,1800,1112,19372,183,34,79,16,0,0,0,0,0,0,0,-32285,0,0,0,0,0,2790525,0
2734226,12470,-5370,2236,-958,258,290,2839,205,50,1774,1088,19372,183,34,79,16,0,0,0,0,0,0,0,-32286,0,0,0,0,0,2790540,0
2734231,12480,-5398,2716,-841,371,163,2892,235,55,1697,1184,19376,185,34,79,16,0,0,0,0,0,0,0,-32286,0,0,0,0,0,2790545,0
2734236,12204,-6236,3130,-611,638,-44,2950,256,60,1642,1128,19376,185,34,79,16,0,0,0,0,0,0,0,-32286,0,0,0,0,0,2790563,0
2734241,11802,-6570,3136,-519,693,-117,3007,253,62,1625,1064,19371,186,34,79,16,0,0,0,0,0,0,0,-32286,0,0,0,0,0,2790567,0
2734246,11250,-6764,2958,-474,708,-199,3062,245,47,1533,1040,19371,186,34,79,16,0,0,0,0,0,0,0,-32286,0,0,0,0,0,2790582,0
2734251,10664,-7154,2508,-393,680,-230,3116,234,19,1481,936,19368,174,34,79,16,0,0,0,0,0,0,0,-32286,0,0,0,0,0,2790587,0
2734256,8508,-7130,1474,-182,492,-267,3161,196,-26,1398,952,19368,174,34,79,16,0,0,0,0,0,0,0,-32287,0,0,0,0,0,2790602,0
2734261,7566,-7060,952,7,398,-252,3205,186,-50,1323,840,19369,154,34,79,16,0,0,0,0,0,0,0,-32286,0,0,0,0,0,2790607,0
2734266,6320,-6334,710,133,350,-254,3242,163,-65,1287,728,19369,154,34,79,16,0,0,0,0,0,0,0,-32286,0,0,0,0,0,2790622,0
2734271,5468,-6212,318,126,348,-151,3269,104,-79,1217,616,19373,135,34,79,16,0,0,0,0,0,0,0,-32287,0,0,0,0,0,2790627,0
2734276,4082,-5492,148,76,322,-51,3290,90,-107,1125,600,19373,135,34,79,16,0,0,0,0,0,0,0,-32286,0,0,0,0,0,2790642,0
2734281,3466,-5434,202,161,282,29,3310,84,-96,1044,536,19379,117,34,79,16,0,0,0,0,0,0,0,-32286,0,0,0,0,0,2790647,0
2734286,3042,-5186,98,232,207,121,3326,67,-87,992,472,19379,117,34,79,16,0,0,0,0,0,0,0,-32286,0,0,0,0,0,2790662,0
2734291,3052,-4690,-56,307,139,180,3346,85,-53,911,488,19382,102,34,79,16,0,0,0,0,0,0,0,-32286,0,0,0,0,0,2790667,0
2734296,3436,-3714,-344,503,-55,212,3373,124,0,817,496,19382,102,34,79,16,0,0,0,0,0,0,0,-32286,0,0,0,0,0,2790682,0
2734301,3590,-2974,-306,378,-44,281,3398,107,26,769,416,19385,93,34,79,16,0,0,0,0,0,0,0,-32286,0,0,0,0,0,2790687,0
2734306,3796,-2030,-160,124,42,281,3422,110,30,684,424,19385,93,34,79,16,0,0,0,0,0,0,0,-32286,0,0,0,0,0,2790702,0
2734311,4046,-1928,-152,-59,213,350,3450,121,27,607,344,19390,86,34,79,16,0,0,0,0,0,0,0,-32286,0,0,0,0,0,2790707,0
2734316,3916,-2704,204,104,251,316,3478,124,11,552,344,19390,86,34,79,16,0,0,0,0,0,0,0,-32286,0,0,0,0,0,2790722,0
2734321,4156,-2826,-152,537,189,321,3512,157,19,463,312,19391,68,34,79,16,0,0,0,0,0,0,0,-32286,0,0,0,0,0,2790727,0
2734326,4414,-1742,390,748,198,259,3548,158,40,403,312,19391,68,34,79,16,0,0,0,0,0,0,0,-32286,0,0,0,0,0,2790742,0
2734331,5174,-1236,246,700,295,251,3583,153,39,335,232,19391,69,33,79,16,0,0,0,0,0,0,0,-32286,0,0,0,0,0,2790747,0
2734336,5420,-1062,-404,-105,214,318,3614,135,24,270,152,19391,69,33,79,16,0,0,0,0,0,0,0,-32286,0,0,0,0,0,2790762,0
2734341,5520,-1758,-416,-420,181,409,3643,130,-2,192,80,19388,66,33,79,16,0,0,0,0,0,0,0,-32286,0,0,0,0,0,2790767,0
2734346,5768,-2280,-144,-586,4,448,3660,65,-47,128,32,19388,66,33,79,16,0,0,0,0,0,0,0,-32286,0,0,0,0,0,2790782,0
2734351,6392,-2892,252,-567,-113,473,3663,8,-96,51,-8,19388,67,34,79,16,0,0,0,0,0,0,0,-32286,0,0,0,0,0,2790787,0
2734356,7400,-3174,930,-608,-223,529,3655,-33,-138,-18,-32,19388,67,34,79,16,0,0,0,0,0,0,0,-32287,0,0,0,0,0,2790802,0
2734361,7690,-3410,1064,-774,-181,620,3638,-76,-162,-82,-80,19388,68,34,79,16,0,0,0,0,0,0,0,-32286,0,0,0,0,0,2790807,0
2734366,7726,-3878,1096,-990,-128,721,3617,-97,-163,-151,-104,19388,68,34,79,16,0,0,0,0,0,0,0,-32286,0,0,0,0,0,2790822,0
2734371,7402,-3832,1186,-1405,162,860,3600,-66,-113,-223,-112,19391,65,34,79,16,0,0,0,0,0,0,0,-32286,0,0,0,0,0,2790827,0
2734376,7734,-4802,998,-1399,271,896,3582,-70,-55,-298,-184,19391,65,34,79,16,0,0,0,0,0,0,0,-32286,0,0,0,0,0,2790842,0
2734381,7610,-4898,1120,-1089,271,841,3553,-135,-33,-333,-328,19392,76,34,79,16,0,0,0,0,0,0,0,-32286,0,0,0,0,0,2790846,0
2734386,7488,-4978,850,-820,225,771,3516,-165,-50,-404,-480,19392,76,34,79,16,0,0,0,0,0,0,0,-32286,0,0,0,0,0,2790861,0
2734391,7250,-4886,298,-778,219,785,3465,-224,-93,-487,-640,19391,80,34,79,16,0,0,0,0,0,0,0,-32286,0,0,0,0,0,2790866,0
2734396,6958,-3884,-578,-939,165,666,3403,-289,-149,-554,-888,19391,80,34,79,16,0,0,0,0,0,0,0,-32286,0,0,0,0,0,2790881,0
2734401,6724,-3696,-818,-964,96,567,3319,-379,-202,-642,-1160,19389,83,34,79,16,0,0,0,0,0,0,0,-32286,0,0,0,0,0,2790886,0
2734406,6668,-3980,-944,-838,6,446,3211,-482,-235,-718,-1464,19389,83,34,79,16,0,0,0,0,0,0,0,-32286,0,0,0,0,0,2790901,0
2734411,6228,-3924,-1118,-732,-164,324,3080,-596,-292,-851,-1736,19389,105,34,79,16,0,0,0,0,0,0,0,-32285,0,0,0,0,0,2790906,0
2734416,5382,-5780,-1716,-2100,-239,894,2925,-687,-339,-953,-1976,19389,105,34,79,16,0,0,0,0,0,0,0,-32286,0,0,0,0,0,2790921,0
2734421,4334,-2930,-18,-3005,78,803,2756,-746,-343,-1016,-2008,19383,130,34,79,16,0,0,0,0,0,0,0,-32286,0,0,0,0,0,2790926,0
2734426,7218,-6366,-94,-2869,524,1007,2581,-765,-303,-1122,-2016,19383,130,34,79,16,0,0,0,0,0,0,0,-32287,0,0,0,0,0,2790941,0
2734431,2390,-6398,2488,-2873,979,1183,2419,-709,-195,-1205,-1944,19376,151,34,79,16,0,0,0,0,0,0,0,-32286,0,0,0,0,0,2790946,0
2734436,4464,-8722,966,-776,222,1026,2269,-646,-45,-1284,-1768,19376,151,34,79,16,0,0,0,0,0,0,0,-32286,0,0,0,0,0,2790961,0
2734441,4388,-7296,894,-11,-124,939,2144,-542,101,-1346,-1600,19368,168,34,79,16,0,0,0,0,0,0,0,-32286,0,0,0,0,0,2790966,0
2734446,5010,-5902,324,249,-291,889,2045,-430,229,-1359,-1344,19368,168,34,79,16,0,0,0,0,0,0,0,-32287,0,0,0,0,0,2790981,0
2734451,5434,-4566,-6,115,-411,838,1963,-343,308,-1394,-1104,19367,175,34,79,16,0,0,0,0,0,0,0,-32287,0,0,0,0,0,2790986,0
2734456,6294,-4310,-394,91,-756,663,1903,-258,333,-1433,-968,19367,175,34,79,16,0,0,0,0,0,0,0,-32287,0,0,0,0,0,2791001,0
2734461,6586,-4318,-244,330,-912,564,1863,-170,323,-1411,-736,19370,162,34,79,16,0,0,0,0,0,0,0,-32287,0,0,0,0,0,2791006,0
2734466,6958,-4320,-36,607,-1088,463,1844,-70,322,-1458,-552,19370,162,34,79,16,0,0,0,0,0,0,0,-32287,0,0,0,0,0,2791021,0
2734471,7246,-4022,116,807,-1181,445,1843,0,313,-1434,-448,19376,141,34,79,16,0,0,0,0,0,0,0,-32286,0,0,0,0,0,2791026,0
2734476,7746,-3532,618,840,-1273,413,1852,40,285,-1404,-416,19376,141,34,79,16,0,0,0,0,0,0,0,-32286,0,0,0,0,0,2791041,0
2734481,7978,-3262,860,822,-1176,417,1861,45,234,-1390,-392,19383,112,34,79,16,0,0,0,0,0,0,0,-32286,0,0,0,0,0,2791046,0
2734486,8000,-3084,1138,826,-1107,410,1875,58,160,-1402,-360,19383,112,34,79,16,0,0,0,0,0,0,0,-32286,0,0,0,0,0,2791061,0
2734491,8162,-2978,1228,855,-1004,394,1887,62,80,-1385,-384,19391,102,34,79,16,0,0,0,0,0,0,0,-32286,0,0,0,0,0,2791066,0
2734496,8124,-2588,1232,769,-736,435,1893,22,26,-1356,-480,19391,102,34,79,16,0,0,0,0,0,0,0,-32287,0,0,0,0,0,2791082,0
2734501,8238,-2396,1094,661,-554,455,1894,-6,-23,-1367,-504,19398,101,34,79,16,0,0,0,0,0,0,0,-32286,0,0,0,0,0,2791087,0
2734506,8080,-2444,972,627,-450,467,1893,0,-48,-1391,-504,19398,101,34,79,16,0,0,0,0,0,0,0,-32286,0,0,0,0,0,2791101,0
2734511,7850,-2518,740,618,-400,465,1893,-2,-50,-1385,-512,19398,103,34,79,16,0,0,0,0,0,0,0,-32286,0,0,0,0,0,2791106,0
2734516,7594,-2432,326,638,-390,473,1895,2,-34,-1384,-496,19398,103,34,79,16,0,0,0,0,0,0,0,-32286,0,0,0,0,0,2791121,0
2734521,7374,-2370,206,578,-429,491,1896,6,-6,-1386,-504,19394,102,34,79,16,0,0,0,0,0,0,0,-32287,0,0,0,0,0,2791126,0
2734526,7220,-2492,46,510,-468,501,1898,14,11,-1396,-464,19394,102,34,79,16,0,0,0,0,0,0,0,-32287,0,0,0,0,0,2791141,0
2734531,7082,-2518,-144,495,-532,507,1903,24,11,-1393,-456,19389,100,33,79,16,0,0,0,0,0,0,0,-32287,0,0,0,0,0,2791145,0
2734536,6918,-2590,-158,535,-694,494,1908,24,16,-1397,-424,19389,100,33,79,16,0,0,0,0,0,0,0,-32287,0,0,0,0,0,2791160,0
2734541,6978,-2566,-234,565,-760,471,1922,56,29,-1410,-304,19388,99,33,79,16,0,0,0,0,0,0,0,-32287,0,0,0,0,0,2791165,0
2734546,6974,-2464,-184,635,-836,434,1946,113,55,-1445,-184,19388,99,33,79,16,0,0,0,0,0,0,0,-32287,0,0,0,0,0,2791180,0
2734551,7028,-2560,-242,742,-975,380,1981,156,105,-1411,-168,19386,93,33,79,16,0,0,0,0,0,0,0,-32287,0,0,0,0,0,2791191,0
2734556,7210,-2540,-306,893,-1190,289,2030,210,137,-1387,-112,19386,93,33,79,16,0,0,0,0,0,0,0,-32286,0,0,0,0,0,2791200,0
2734561,7100,-2390,-226,849,-1190,314,2079,222,154,-1440,-144,19387,80,33,79,16,0,0,0,0,0,0,0,-32286,0,0,0,0,0,2791205,0
2734566,7278,-2506,-106,737,-1237,336,2120,179,109,-1575,-264,19387,80,33,79,16,0,0,0,0,0,0,0,-32286,0,0,0,0,0,2791220,0
2734571,7202,-2294,156,589,-1131,345,2152,137,25,-1681,-456,19387,75,34,79,16,0,0,0,0,0,0,0,-32286,0,0,0,0,0,2791225,0
2734576,7074,-3002,784,315,-854,509,2164,39,-79,-1755,-712,19387,75,34,79,16,0,0,0,0,0,0,0,-32286,0,0,0,0,0,2791240,0
2734581,7264,-3092,1088,274,-672,536,2157,-33,-175,-1886,-888,19385,85,34,79,16,0,0,0,0,0,0,0,-32286,0,0,0,0,0,2791245,0
2734586,7240,-3346,1298,339,-459,571,2142,-66,-230,-2045,-976,19385,85,34,79,16,0,0,0,0,0,0,0,-32286,0,0,0,0,0,2791260,0
2734591,7150,-3436,1416,450,-356,583,2128,-59,-208,-2184,-992,19379,109,34,79,16,0,0,0,0,0,0,0,-32287,0,0,0,0,0,2791265,0
2734596,7192,-3428,1126,717,-221,608,2117,-49,-131,-2319,-1016,19379,109,34,79,16,0,0,0,0,0,0,0,-32286,0,0,0,0,0,2791280,0
2734601,7104,-3300,924,707,-178,659,2100,-81,-53,-2406,-1144,19375,145,34,79,16,0,0,0,0,0,0,0,-32286,0,0,0,0,0,2791285,0
2734606,7024,-3154,704,563,-80,745,2067,-155,-49,-2488,-1344,19375,145,34,79,16,0,0,0,0,0,0,0,-32287,0,0,0,0,0,2791300,0
2734611,7050,-2958,678,405,13,784,2022,-201,-95,-2577,-1600,19368,172,34,79,16,0,0,0,0,0,0,0,-32287,0,0,0,0,0,2791305,0
2734616,6680,-3306,720,200,266,960,1959,-280,-166,-2708,-1688,19368,172,34,79,16,0,0,0,0,0,0,0,-32287,0,0,0,0,0,2791320,0
2734621,6762,-3534,740,168,409,1039,1883,-338,-211,-2822,-1896,19362,223,34,79,16,0,0,0,0,0,0,0,-32287,0,0,0,0,0,2791325,0
2734626,6658,-3604,838,168,520,1115,1795,-388,-225,-2917,-2000,19362,223,34,79,16,0,0,0,0,0,0,0,-32286,0,0,0,0,0,2791340,0
2734631,6720,-3680,740,203,578,1180,1700,-423,-200,-3012,-2104,19350,281,34,79,16,0,0,0,0,0,0,0,-32286,0,0,0,0,0,2791345,0
2734636,6718,-3538,546,185,700,1321,1594,-472,-180,-3106,-2248,19350,281,34,79,16,0,0,0,0,0,0,0,-32285,0,0,0,0,0,2791360,0
2734641,6768,-3282,486,138,762,1365,1480,-510,-153,-3214,-2328,19337,357,34,79,16,0,0,0,0,0,0,0,-32284,0,0,0,0,0,2791365,0
2734646,7138,-3298,376,139,842,1396,1365,-510,-128,-3265,-2384,19337,357,34,79,16,0,0,0,0,0,0,0,-32285,0,0,0,0,0,2791380,0
2734651,6850,-3122,516,178,816,1385,1250,-502,-97,-3334,-2376,19325,406,34,79,16,0,0,0,0,0,0,0,-32287,0,0,0,0,0,2791385,0
2734656,7360,-3052,284,390,788,1334,1138,-485,-43,-3431,-2280,19325,406,34,79,16,0,0,0,0,0,0,0,-32288,0,0,0,0,0,2791399,0
2734661,7660,-2794,140,529,767,1285,1041,-426,19,-3490,-2128,19313,446,34,79,16,0,0,0,0,0,0,0,-32287,0,0,0,0,0,2791404,0
2734666,7580,-2436,-180,611,679,1244,956,-369,93,-3514,-2072,19313,446,34,79,16,0,0,0,0,0,0,0,-32286,0,0,0,0,0,2791419,0
2734671,7456,-2196,144,539,695,1191,885,-302,149,-3599,-1920,19309,463,34,79,16,0,0,0,0,0,0,0,-32285,0,0,0,0,0,2791424,0
2734676,8026,-2210,-190,687,574,1049,831,-232,194,-3631,-1728,19309,463,34,79,16,0,0,0,0,0,0,0,-32284,0,0,0,0,0,2791439,0
2734681,8370,-2188,-314,779,440,976,795,-140,225,-3712,-1512,19310,453,34,79,16,0,0,0,0,0,0,0,-32284,0,0,0,0,0,2791444,0
2734686,8298,-1728,-288,812,357,850,783,-46,253,-3743,-1304,19310,453,34,79,16,0,0,0,0,0,0,0,-32284,0,0,0,0,0,2791459,0
2734691,8576,-1882,-476,856,279,783,788,25,292,-3746,-1248,19317,411,34,79,16,0,0,0,0,0,0,0,-32284,0,0,0,0,0,2791464,0
2734696,8304,-1868,-188,540,184,773,793,20,269,-3698,-1280,19317,411,34,79,16,0,0,0,0,0,0,0,-32285,0,0,0,0,0,2791479,0
2734701,8470,-2064,108,394,276,789,795,4,187,-3690,-1304,19326,363,34,79,16,0,0,0,0,0,0,0,-32284,0,0,0,0,0,2791484,0
2734706,8304,-2378,568,341,363,799,795,5,87,-3695,-1288,19326,363,34,79,16,0,0,0,0,0,0,0,-32285,0,0,0,0,0,2791499,0
2734711,8376,-2736,846,364,446,803,798,18,16,-3701,-1256,19333,331,34,79,16,0,0,0,0,0,0,0,-32284,0,0,0,0,0,2791504,0
2734716,8422,-3126,1256,477,644,802,805,29,-5,-3686,-1232,19333,331,34,79,16,0,0,0,0,0,0,0,-32285,0,0,0,0,0,2791519,0
2734721,8422,-3144,1384,489,753,798,813,34,16,-3666,-1232,19339,327,33,79,16,0,0,0,0,0,0,0,-32285,0,0,0,0,0,2791524,0
2734726,8382,-3212,1448,486,836,791,823,48,38,-3643,-1192,19339,327,33,79,16,0,0,0,0,0,0,0,-32285,0,0,0,0,0,2791539,0
2734731,8476,-3288,1390,530,904,749,845,95,50,-3637,-1088,19339,316,33,79,16,0,0,0,0,0,0,0,-32285,0,0,0,0,0,2791544,0
2734736,8230,-3580,1162,679,941,681,876,137,79,-3612,-1032,19339,316,33,79,16,0,0,0,0,0,0,0,-32284,0,0,0,0,0,2791559,0
2734741,8196,-3326,1012,689,931,619,912,166,103,-3582,-848,19343,299,33,79,16,0,0,0,0,0,0,0,-32285,0,0,0,0,0,2791564,0
2734746,8474,-3452,660,822,920,551,967,247,140,-3557,-728,19343,299,33,79,16,0,0,0,0,0,0,0,-32285,0,0,0,0,0,2791579,0
2734751,7858,-3292,586,901,855,473,1034,303,168,-3486,-552,19350,269,34,79,16,0,0,0,0,0,0,0,-32286,0,0,0,0,0,2791584,0
2734756,8080,-3170,-150,1035,643,305,1116,369,187,-3453,-352,19350,269,34,79,16,0,0,0,0,0,0,0,-32287,0,0,0,0,0,2791599,0
2734761,7738,-3058,-300,1088,519,236,1216,440,215,-3399,-200,19357,215,34,79,16,0,0,0,0,0,0,0,-32288,0,0,0,0,0,2791604,0
2734766,7810,-2926,-660,1197,286,131,1337,548,246,-3294,-40,19357,215,34,79,16,0,0,0,0,0,0,0,-32287,0,0,0,0,0,2791619,0
2734771,7612,-2566,-942,1324,22,-5,1491,683,290,-3169,-8,19368,154,34,79,16,0,0,0,0,0,0,0,-32286,0,0,0,0,0,2791624,0
2734776,7446,-2194,-1592,1422,-587,-229,1667,791,342,-3116,88,19368,154,34,79,16,0,0,0,0,0,0,0,-32285,0,0,0,0,0,2791639,0
2734781,7464,-1802,-1582,1431,-902,-352,1868,896,382,-3071,128,19385,92,34,79,16,0,0,0,0,0,0,0,-32286,0,0,0,0,0,2791649,0
2734786,7574,-1740,-1602,1374,-1177,-409,2084,960,381,-3029,160,19385,92,34,79,16,0,0,0,0,0,0,0,-32287,0,0,0,0,0,2791659,0
2734791,7524,-1616,-1284,1257,-1425,-470,2308,987,319,-3000,200,19401,21,34,79,16,0,0,0,0,0,0,0,-32285,0,0,0,0,0,2791664,0
2734796,7892,-1564,-482,1130,-1657,-608,2536,1005,237,-2942,272,19401,21,34,79,16,0,0,0,0,0,0,0,-32285,0,0,0,0,0,2791679,0
2734801,8120,-1626,166,1168,-1686,-674,2771,1033,158,-2895,288,19414,-34,34,79,16,0,0,0,0,0,0,0,-32287,0,0,0,0,0,2791684,0
2734806,8450,-1666,716,1261,-1662,-748,3014,1070,108,-2831,360,19414,-34,34,79,16,0,0,0,0,0,0,0,-32287,0,0,0,0,0,2791699,0
2734811,8442,-1620,1172,1284,-1594,-804,3262,1093,94,-2758,464,19421,-76,34,79,16,0,0,0,0,0,0,0,-32285,0,0,0,0,0,2791703,0
2734816,8726,-1772,1454,1298,-1312,-862,3512,1099,92,-2666,440,19421,-76,34,79,16,0,0,0,0,0,0,0,-32287,0,0,0,0,0,2791718,0
2734821,8954,-1742,1722,1352,-1199,-934,3758,1085,68,-2592,480,19425,-100,34,79,16,0,0,0,0,0,0,0,-32287,0,0,0,0,0,2791723,0
2734826,9020,-2006,1878,1398,-1012,-956,4005,1078,35,-2519,480,19425,-100,34,79,16,0,0,0,0,0,0,0,-32285,0,0,0,0,0,2791738,0
2734831,9080,-2070,1738,1432,-934,-1024,4253,1090,2,-2445,544,19427,-105,33,79,16,0,0,0,0,0,0,0,-32286,0,0,0,0,0,2791743,0
2734836,9474,-2780,1316,1609,-702,-1134,4502,1100,-1,-2350,600,19427,-105,33,79,16,0,0,0,0,0,0,0,-32287,0,0,0,0,0,2791758,0
2734841,9196,-3434,1144,1672,-579,-1141,4749,1087,0,-2271,584,19428,-96,34,79,16,0,0,0,0,0,0,0,-32285,0,0,0,0,0,2791763,0
2734846,9274,-3660,812,1703,-556,-1191,4992,1072,-5,-2204,576,19428,-96,34,79,16,0,0,0,0,0,0,0,-32286,0,0,0,0,0,2791778,0
2734851,9624,-4248,350,1804,-450,-1207,5230,1048,-20,-2120,552,19426,-94,34,79,16,0,0,0,0,0,0,0,-32287,0,0,0,0,0,2791783,0
2734856,9354,-5164,-258,1982,-625,-1240,5467,1035,-44,-2045,560,19426,-94,34,79,16,0,0,0,0,0,0,0,-32285,0,0,0,0,0,2791798,0
2734861,9476,-5552,-516,2124,-749,-1237,5701,1030,-54,-1944,600,19420,-86,34,79,16,0,0,0,0,0,0,0,-32286,0,0,0,0,0,2791803,0
2734866,9118,-5572,-502,2113,-974,-1215,5928,1001,-53,-1849,560,19420,-86,34,79,16,0,0,0,0,0,0,0,-32287,0,0,0,0,0,2791818,0
2734871,9250,-5534,-666,2081,-1235,-1172,6146,948,-72,-1764,416,19420,-78,34,79,16,0,0,0,0,0,0,0,-32286,0,0,0,0,0,2791823,0
2734876,9188,-5028,-424,1936,-1756,-1085,6349,886,-102,-1684,328,19420,-78,34,79,16,0,0,0,0,0,0,0,-32286,0,0,0,0,0,2791838,0
2734881,9436,-4812,-318,1912,-1924,-1026,6541,839,-142,-1594,224,19417,-53,34,79,16,0,0,0,0,0,0,0,-32286,0,0,0,0,0,2791843,0
2734886,9306,-4120,288,1861,-2029,-975,6714,753,-182,-1522,120,19417,-53,34,79,16,0,0,0,0,0,0,0,-32287,0,0,0,0,0,2791858,0
2734891,9518,-3378,976,1791,-2012,-958,6871,678,-223,-1457,72,19412,-34,34,79,16,0,0,0,0,0,0,0,-32286,0,0,0,0,0,2791863,0
2734896,9424,-2258,2100,1439,-1696,-888,7001,566,-251,-1395,-8,19412,-34,34,79,16,0,0,0,0,0,0,0,-32286,0,0,0,0,0,2791878,0
2734901,9698,-1950,2394,1134,-1473,-867,7100,419,-311,-1378,-40,19407,-10,34,79,16,0,0,0,0,0,0,0,-32286,0,0,0,0,0,2791883,0
2734906,9692,-1786,2748,833,-1148,-863,7170,296,-382,-1291,-64,19407,-10,34,79,16,0,0,0,0,0,0,0,-32286,0,0,0,0,0,2791898,0
2734911,9926,-2134,2962,652,-876,-879,7217,201,-413,-1137,-144,19399,13,34,79,16,0,0,0,0,0,0,0,-32286,0,0,0,0,0,2791903,0
2734916,9760,-3072,2830,519,-353,-960,7241,91,-418,-1023,-208,19399,13,34,79,16,0,0,0,0,0,0,0,-32286,0,0,0,0,0,2791918,0
2734921,9648,-3486,2364,526,-153,-1034,7250,39,-376,-928,-216,19393,38,33,79,16,0,0,0,0,0,0,0,-32286,0,0,0,0,0,2791923,0
2734926,9516,-4190,1888,597,26,-1091,7254,13,-299,-849,-232,19393,38,33,79,16,0,0,0,0,0,0,0,-32286,0,0,0,0,0,2791938,0
2734931,9276,-4670,1654,713,84,-1162,7254,0,-215,-773,-224,19388,67,33,79,16,0,0,0,0,0,0,0,-32286,0,0,0,0,0,2791943,0
2734936,8940,-5370,934,943,34,-1294,7254,2,-131,-707,-208,19388,67,33,79,16,0,0,0,0,0,0,0,-32286,0,0,0,0,0,2791958,0
2734941,8414,-5360,656,925,-53,-1339,7254,-3,-60,-634,-176,19387,89,33,79,16,0,0,0,0,0,0,0,-32286,0,0,0,0,0,2791963,0
2734946,8064,-5520,268,830,-158,-1334,7253,-4,-24,-568,-152,19387,89,33,79,16,0,0,0,0,0,0,0,-32286,0,0,0,0,0,2791978,0
2734951,7174,-5494,-188,450,-375,-1247,7250,-12,-12,-494,-136,19388,85,34,79,16,0,0,0,0,0,0,0,-32286,0,0,0,0,0,2791983,0
2734956,6046,-6040,-254,-640,-476,-1063,7249,-5,-6,-428,-120,19388,85,34,79,16,0,0,0,0,0,0,0,-32286,0,0,0,0,0,2791998,0
2734961,5528,-7778,-72,-756,-563,-924,7249,1,-5,-366,-80,19389,72,34,79,16,0,0,0,0,0,0,0,-32286,0,0,0,0,0,2792002,0
2734966,4026,-8620,-88,-304,-1165,-958,7248,-4,4,-302,-64,19389,72,34,79,16,0,0,0,0,0,0,0,-32286,0,0,0,0,0,2792017,0
2734971,5214,-9024,742,348,-1227,-900,7247,-1,6,-240,-48,19389,56,34,79,16,0,0,0,0,0,0,0,-32286,0,0,0,0,0,2792022,0
2734976,3808,-7796,1698,533,-1052,-741,7246,-3,4,-182,-40,19389,56,34,79,16,0,0,0,0,0,0,0,-32286,0,0,0,0,0,2792037,0
2734981,3206,-7794,1780,254,-986,-569,7247,3,7,-128,-24,19389,58,34,79,16,0,0,0,0,0,0,0,-32286,0,0,0,0,0,2792042,0
2734986,3042,-7934,1572,150,-926,-483,7245,0,-1,-75,-16,19389,58,34,79,16,0,0,0,0,0,0,0,-32286,0,0,0,0,0,2792057,0
2734991,3320,-8290,1828,70,-667,-294,7246,0,4,-26,-8,19388,59,34,79,16,0,0,0,0,0,0,0,-32286,0,0,0,0,0,2792062,0
2734996,2940,-8936,2356,375,-479,-45,7247,1,8,15,8,19388,59,34,79,16,0,0,0,0,0,0,0,-32286,0,0,0,0,0,2792077,0
2735001,4646,-6768,3206,1748,-864,-665,7244,-9,-4,63,0,19387,64,34,79,16,0,0,0,0,0,0,0,-32286,0,0,0,0,0,2792082,0
2735006,6556,-8182,3156,4228,-1143,-1098,7222,-109,-55,119,-64,19387,64,34,79,16,0,0,0,0,0,0,0,-32286,0,0,0,0,0,2792097,0
2735011,6356,-8940,1592,5078,-1601,-796,7170,-238,-157,149,-112,19388,64,34,79,16,0,0,0,0,0,0,0,-32286,0,0,0,0,0,2792102,0
2735016,7472,-2174,730,2523,-1384,-661,7085,-381,-295,181,-304,19388,64,34,79,16,0,0,0,0,0,0,0,-32286,0,0,0,0,0,2792117,0
2735021,8140,-2662,40,1254,-1089,-427,6956,-584,-437,243,-776,19391,60,34,79,16,0,0,0,0,0,0,0,-32286,0,0,0,0,0,2792122,0
2735026,7266,-3686,666,758,-944,-347,6776,-818,-568,270,-1168,19391,60,34,79,16,0,0,0,0,0,0,0,-32286,0,0,0,0,0,2792137,0
2735031,7160,-5178,132,1095,-1225,-329,6544,-1038,-664,319,-1632,19395,53,34,79,16,0,0,0,0,0,0,0,-32286,0,0,0,0,0,2792142,0
2735036,8114,-2874,736,877,-1111,-151,6262,-1262,-741,370,-2040,19395,53,34,79,16,0,0,0,0,0,0,0,-32286,0,0,0,0,0,2792157,0
2735041,9070,-2426,806,143,-727,74,5931,-1469,-770,400,-2440,19400,50,34,79,16,0,0,0,0,0,0,0,-32286,0,0,0,0,0,2792162,0
2735046,8762,-2248,1206,-558,-373,268,5560,-1648,-745,443,-2752,19400,50,34,79,16,0,0,0,0,0,0,0,-32286,0,0,0,0,0,2792177,0
2735051,8316,-3160,1320,-843,-250,421,5152,-1805,-690,484,-3000,19404,34,34,79,16,0,0,0,0,0,0,0,-32286,0,0,0,0,0,2792182,0
2735056,8474,-3144,1780,-730,-271,586,4713,-1930,-623,527,-3184,19404,34,34,79,16,0,0,0,0,0,0,0,-32287,0,0,0,0,0,2792197,0
2735061,8740,-2282,1826,-803,-172,610,4258,-2008,-517,571,-3272,19406,16,34,79,16,0,0,0,0,0,0,0,-32286,0,0,0,0,0,2792202,0
2735066,8986,-1728,1948,-1015,12,646,3795,-2035,-179,628,-3216,19406,16,34,79,16,0,0,0,0,0,0,0,-32287,0,0,0,0,0,2792217,0
2735071,9044,-1150,2274,-1213,182,617,3340,-1999,-29,681,-3048,19407,-21,34,79,16,0,0,0,0,0,0,0,-32286,0,0,0,0,0,2792222,0
2735076,8896,-1508,2338,-1210,344,502,2906,-1901,39,743,-2776,19407,-21,34,79,16,0,0,0,0,0,0,0,-32287,0,0,0,0,0,2792237,0
2735081,9084,-1530,2114,-1054,390,392,2501,-1767,-91,788,-2432,19410,-42,34,79,16,0,0,0,0,0,0,0,-32286,0,0,0,0,0,2792242,0
2735086,9042,-1398,2092,-890,395,258,2134,-1608,182,839,-2064,19410,-42,34,79,16,0,0,0,0,0,0,0,-32286,0,0,0,0,0,2792257,0
2735091,9134,-1266,2032,-788,369,104,1805,-1430,427,886,-1680,19414,-61,34,79,16,0,0,0,0,0,0,0,-32286,0,0,0,0,0,2792262,0
2735096,9098,-1050,1180,-597,235,-241,1516,-1250,527,932,-1288,19414,-61,34,79,16,0,0,0,0,0,0,0,-32286,0,0,0,0,0,2792277,0
2735101,9232,-1216,1016,-494,168,-411,1266,-1084,576,972,-864,19414,-61,34,79,16,0,0,0,0,0,0,0,-32286,0,0,0,0,0,2792282,0
2735106,9258,-1376,1032,-386,68,-526,1056,-906,602,1028,-480,19414,-61,34,79,16,0,0,0,0,0,0,0,-32286,0,0,0,0,0,2792297,0
2735111,9060,-1724,1110,-388,39,-586,883,-750,601,1069,-160,19411,-41,34,79,16,0,0,0,0,0,0,0,-32286,0,0,0,0,0,2792301,0
2735116,8806,-2312,486,-167,-266,-804,752,-551,602,1208,-96,19411,-41,34,79,16,0,0,0,0,0,0,0,-32287,0,0,0,0,0,2792316,0
2735121,8502,-2508,436,61,-434,-884,663,-377,609,1347,32,19408,-18,34,79,16,0,0,0,0,0,0,0,-32287,0,0,0,0,0,2792321,0
2735126,8432,-2470,572,240,-594,-1021,608,-230,606,1309,144,19408,-18,34,79,16,0,0,0,0,0,0,0,-32286,0,0,0,0,0,2792336,0
2735131,8632,-2300,556,354,-627,-1085,579,-122,573,1267,288,19402,9,34,79,16,0,0,0,0,0,0,0,-32286,0,0,0,0,0,2792341,0
2735136,8836,-1662,534,335,-512,-1287,567,-45,507,1275,368,19402,9,34,79,16,0,0,0,0,0,0,0,-32286,0,0,0,0,0,2792356,0
2735141,8660,-1570,572,203,-412,-1361,558,-36,379,1332,336,19395,36,34,79,16,0,0,0,0,0,0,0,-32286,0,0,0,0,0,2792361,0
2735146,8948,-1892,674,33,-200,-1340,540,-71,231,1413,240,19395,36,34,79,16,0,0,0,0,0,0,0,-32286,0,0,0,0,0,2792376,0
2735151,8588,-2154,1092,-205,14,-1268,512,-124,70,1449,240,19391,73,34,79,16,0,0,0,0,0,0,0,-32286,0,0,0,0,0,2792381,0
2735156,7970,-3324,1294,-283,443,-1098,478,-150,-48,1468,208,19391,73,34,79,16,0,0,0,0,0,0,0,-32286,0,0,0,0,0,2792396,0
2735161,7608,-3448,1354,-217,498,-1064,439,-182,-111,1517,176,19389,90,34,79,16,0,0,0,0,0,0,0,-32285,0,0,0,0,0,2792401,0
2735166,7560,-3774,1262,-151,576,-910,390,-218,-118,1562,104,19389,90,34,79,16,0,0,0,0,0,0,0,-32285,0,0,0,0,0,2792416,0
2735171,6932,-3216,1226,-261,659,-823,327,-284,-128,1577,80,19388,92,34,79,16,0,0,0,0,0,0,0,-32286,0,0,0,0,0,2792421,0
2735176,6550,-3312,782,-504,880,-582,249,-343,-154,1602,48,19388,92,34,79,16,0,0,0,0,0,0,0,-32286,0,0,0,0,0,2792436,0
2735181,6186,-3222,640,-583,919,-523,156,-415,-193,1630,32,19389,78,33,79,16,0,0,0,0,0,0,0,-32286,0,0,0,0,0,2792441,0
2735186,6240,-3362,442,-584,962,-421,50,-472,-213,1663,24,19389,78,33,79,16,0,0,0,0,0,0,0,-32287,0,0,0,0,0,2792456,0
2735191,5740,-3234,422,-650,977,-339,-68,-535,-216,1682,0,19392,64,34,79,16,0,0,0,0,0,0,0,-32287,0,0,0,0,0,2792461,0
2735196,5682,-3046,190,-822,987,-201,-195,-565,-202,1719,-16,19392,64,34,79,16,0,0,0,0,0,0,0,-32286,0,0,0,0,0,2792476,0
2735201,5614,-3104,174,-848,960,-166,-328,-581,-179,1766,-16,19397,42,34,79,16,0,0,0,0,0,0,0,-32285,0,0,0,0,0,2792481,0
2735206,5582,-3314,64,-862,920,-83,-467,-611,-141,1821,-48,19397,42,34,79,16,0,0,0,0,0,0,0,-32286,0,0,0,0,0,2792496,0
2735211,5390,-2958,168,-910,841,-60,-607,-609,-103,1864,-32,19400,21,34,79,16,0,0,0,0,0,0,0,-32286,0,0,0,0,0,2792501,0
2735216,5674,-3098,170,-844,707,-22,-740,-590,-55,1920,-48,19400,21,34,79,16,0,0,0,0,0,0,0,-32287,0,0,0,0,0,2792516,0
2735221,5630,-2906,362,-892,650,32,-873,-588,-9,1946,-16,19399,14,34,79,16,0,0,0,0,0,0,0,-32287,0,0,0,0,0,2792521,0
2735226,5680,-2714,390,-950,627,36,-1005,-575,15,1955,-8,19399,14,34,79,16,0,0,0,0,0,0,0,-32286,0,0,0,0,0,2792536,0
2735231,5942,-2754,576,-870,575,22,-1122,-515,52,2043,48,19399,19,33,79,16,0,0,0,0,0,0,0,-32286,0,0,0,0,0,2792541,0
2735236,6066,-2670,840,-724,472,34,-1230,-475,84,2078,48,19399,19,33,79,16,0,0,0,0,0,0,0,-32285,0,0,0,0,0,2792559,0
2735241,6284,-2516,808,-730,463,38,-1334,-449,114,2077,72,19396,28,33,79,16,0,0,0,0,0,0,0,-32286,0,0,0,0,0,2792564,0
2735246,6468,-2112,834,-699,469,-17,-1422,-385,143,2098,112,19396,28,33,79,16,0,0,0,0,0,0,0,-32287,0,0,0,0,0,2792579,0
2735251,6764,-2170,902,-590,457,-37,-1493,-301,164,2115,216,19396,42,34,79,16,0,0,0,0,0,0,0,-32287,0,0,0,0,0,2792584,0
2735256,6940,-1838,900,-537,473,-67,-1548,-234,198,2146,240,19396,42,34,79,16,0,0,0,0,0,0,0,-32287,0,0,0,0,0,2792599,0
2735261,6956,-1680,774,-645,540,-42,-1598,-207,208,2154,304,19392,64,34,79,16,0,0,0,0,0,0,0,-32287,0,0,0,0,0,2792604,0
2735266,6956,-1824,710,-775,610,3,-1645,-207,185,2144,376,19392,64,34,79,16,0,0,0,0,0,0,0,-32287,0,0,0,0,0,2792619,0
2735271,6834,-1694,766,-768,619,-17,-1684,-162,138,2165,424,19388,79,34,79,16,0,0,0,0,0,0,0,-32287,0,0,0,0,0,2792623,0
2735276,6638,-1798,748,-726,661,15,-1713,-132,102,2186,584,19388,79,34,79,16,0,0,0,0,0,0,0,-32287,0,0,0,0,0,2792638,0
2735281,6776,-2014,554,-742,717,50,-1733,-82,106,2178,664,19385,108,34,79,16,0,0,0,0,0,0,0,-32286,0,0,0,0,0,2792643,0
2735286,6550,-1806,558,-816,747,75,-1750,-73,118,2214,720,19385,108,34,79,16,0,0,0,0,0,0,0,-32286,0,0,0,0,0,2792658,0
2735291,6540,-1740,498,-846,765,80,-1756,-31,119,2208,864,19380,128,34,79,16,0,0,0,0,0,0,0,-32286,0,0,0,0,0,2792663,0
2735296,6434,-1752,354,-830,769,138,-1751,20,117,2236,880,19380,128,34,79,16,0,0,0,0,0,0,0,-32286,0,0,0,0,0,2792678,0
2735301,6248,-1674,260,-968,813,198,-1751,3,110,2282,864,19375,148,34,79,16,0,0,0,0,0,0,0,-32286,0,0,0,0,0,2792683,0
2735306,6250,-1624,224,-1067,867,228,-1750,-3,73,2285,872,19375,148,34,79,16,0,0,0,0,0,0,0,-32286,0,0,0,0,0,2792698,0
2735311,6182,-1758,306,-1102,905,286,-1752,-2,33,2288,880,19372,157,34,79,16,0,0,0,0,0,0,0,-32285,0,0,0,0,0,2792703,0
2735316,5990,-1810,426,-1176,934,348,-1749,5,4,2299,880,19372,157,34,79,16,0,0,0,0,0,0,0,-32286,0,0,0,0,0,2792718,0
2735321,5980,-1806,492,-1194,956,382,-1747,10,-6,2307,880,19370,170,34,79,16,0,0,0,0,0,0,0,-32286,0,0,0,0,0,2792723,0
2735326,5926,-1744,496,-1241,974,415,-1747,5,6,2309,888,19370,170,34,79,16,0,0,0,0,0,0,0,-32286,0,0,0,0,0,2792738,0
2735331,5894,-1702,484,-1303,1004,432,-1743,9,7,2310,888,19371,176,34,79,16,0,0,0,0,0,0,0,-32286,0,0,0,0,0,2792743,0
2735336,5842,-1746,482,-1381,1050,478,-1741,9,4,2306,912,19371,176,34,79,16,0,0,0,0,0,0,0,-32286,0,0,0,0,0,2792758,0
2735341,5812,-1732,488,-1418,1054,489,-1736,23,10,2305,920,19369,183,34,79,16,0,0,0,0,0,0,0,-32286,0,0,0,0,0,2792763,0
2735346,5816,-1794,464,-1426,1057,488,-1728,36,13,2299,968,19369,183,34,79,16,0,0,0,0,0,0,0,-32286,0,0,0,0,0,2792778,0
2735351,5822,-1746,460,-1410,1038,489,-1712,80,39,2280,1032,19369,181,34,79,16,0,0,0,0,0,0,0,-32286,0,0,0,0,0,2792783,0
2735356,6082,-1596,508,-1275,979,449,-1681,152,79,2250,1168,19369,181,34,79,16,0,0,0,0,0,0,0,-32288,0,0,0,0,0,2792798,0
2735361,5932,-1516,528,-1269,953,425,-1638,191,128,2224,1384,19368,191,34,79,16,0,0,0,0,0,0,0,-32288,0,0,0,0,0,2792803,0
2735366,6086,-1460,528,-1166,848,394,-1579,263,174,2228,1448,19368,191,34,79,16,0,0,0,0,0,0,0,-32287,0,0,0,0,0,2792818,0
2735371,6242,-1332,564,-1097,810,358,-1505,333,212,2240,1672,19365,206,34,79,16,0,0,0,0,0,0,0,-32287,0,0,0,0,0,2792823,0
2735376,6600,-1070,666,-941,670,248,-1412,420,229,2194,1816,19365,206,34,79,16,0,0,0,0,0,0,0,-32287,0,0,0,0,0,2792838,0
2735381,6768,-1102,748,-861,612,193,-1298,518,252,2203,2040,19360,234,34,79,16,0,0,0,0,0,0,0,-32286,0,0,0,0,0,2792843,0
2735386,6956,-1146,802,-798,541,152,-1167,583,280,2248,2120,19360,234,34,79,16,0,0,0,0,0,0,0,-32285,0,0,0,0,0,2792858,0
2735391,7100,-1108,858,-749,469,80,-1023,634,279,2201,2240,19351,264,34,79,16,0,0,0,0,0,0,0,-32285,0,0,0,0,0,2792863,0
2735396,7764,-988,950,-665,423,-49,-866,695,261,2156,2376,19351,264,34,79,16,0,0,0,0,0,0,0,-32286,0,0,0,0,0,2792878,0
2735401,7896,-1128,1108,-753,469,-73,-702,712,219,2133,2304,19344,290,34,79,16,0,0,0,0,0,0,0,-32287,0,0,0,0,0,2792883,0
2735406,7924,-1306,1304,-837,492,-107,-537,724,166,2083,2256,19344,290,34,79,16,0,0,0,0,0,0,0,-32286,0,0,0,0,0,2792898,0
2735411,8070,-1588,1350,-803,517,-140,-371,729,110,2070,2224,19340,306,34,79,16,0,0,0,0,0,0,0,-32285,0,0,0,0,0,2792903,0
2735416,7994,-1718,1430,-870,569,-126,-217,677,37,2058,2144,19340,306,34,79,16,0,0,0,0,0,0,0,-32285,0,0,0,0,0,2792918,0
2735421,8228,-1916,1302,-965,658,-96,-74,625,-39,1994,2032,19340,310,34,79,16,0,0,0,0,0,0,0,-32286,0,0,0,0,0,2792923,0
2735426,8042,-2194,1364,-1054,727,-64,55,562,-111,1969,1816,19340,310,34,79,16,0,0,0,0,0,0,0,-32287,0,0,0,0,0,2792938,0
2735431,7864,-2516,1414,-1106,768,17,168,479,-168,1916,1616,19342,287,34,79,16,0,0,0,0,0,0,0,-32286,0,0,0,0,0,2792943,0
2735436,7730,-2668,1276,-1164,781,104,261,405,-220,1864,1408,19342,287,34,79,16,0,0,0,0,0,0,0,-32286,0,0,0,0,0,2792958,0
2735441,7624,-2526,1266,-1215,796,178,336,324,-251,1849,1288,19350,251,34,79,16,0,0,0,0,0,0,0,-32285,0,0,0,0,0,2792963,0
2735446,7646,-2508,1254,-1291,816,236,395,258,-269,1815,1064,19350,251,34,79,16,0,0,0,0,0,0,0,-32285,0,0,0,0,0,2792978,0
2735451,7610,-2544,1290,-1345,816,306,437,177,-268,1786,912,19360,218,34,79,16,0,0,0,0,0,0,0,-32285,0,0,0,0,0,2792983,0
2735456,7664,-2454,1292,-1370,740,368,464,121,-257,1703,872,19360,218,34,79,16,0,0,0,0,0,0,0,-32285,0,0,0,0,0,2792998,0
2735461,7872,-2646,1208,-1379,758,435,482,74,-235,1688,720,19378,181,34,79,16,0,0,0,0,0,0,0,-32285,0,0,0,0,0,2793003,0
2735466,7652,-2438,1332,-1474,719,469,488,18,-209,1665,600,19378,181,34,79,16,0,0,0,0,0,0,0,-32286,0,0,0,0,0,2793018,0
2735471,7904,-2468,1292,-1521,719,491,486,-12,-189,1593,544,19384,147,34,79,16,0,0,0,0,0,0,0,-32285,0,0,0,0,0,2793023,0
2735476,8228,-2492,1340,-1388,607,462,484,-6,-139,1515,544,19384,147,34,79,16,0,0,0,0,0,0,0,-32285,0,0,0,0,0,2793038,0
2735481,8338,-2520,1406,-1338,550,457,485,0,-93,1467,520,19390,126,34,79,16,0,0,0,0,0,0,0,-32285,0,0,0,0,0,2793043,0
2735486,8446,-2508,1384,-1344,500,442,485,-3,-41,1423,504,19390,126,34,79,16,0,0,0,0,0,0,0,-32286,0,0,0,0,0,2793058,0
2735491,8684,-2586,1406,-1326,452,424,484,0,-2,1371,488,19385,114,34,79,16,0,0,0,0,0,0,0,-32286,0,0,0,0,0,2793063,0
2735496,8852,-2778,1546,-1260,401,393,485,4,5,1319,456,19385,114,34,79,16,0,0,0,0,0,0,0,-32285,0,0,0,0,0,2793078,0
2735501,8998,-2696,1678,-1156,380,356,484,-2,-1,1271,416,19384,108,34,79,16,0,0,0,0,0,0,0,-32285,0,0,0,0,0,2793083,0
2735506,9288,-2518,1724,-1052,393,299,483,-2,1,1209,408,19384,108,34,79,16,0,0,0,0,0,0,0,-32286,0,0,0,0,0,2793098,0
2735511,9436,-2240,1848,-1049,460,257,482,-9,-2,1167,360,19382,105,34,79,16,0,0,0,0,0,0,0,-32286,0,0,0,0,0,2793103,0
2735516,9612,-2120,1876,-1160,597,200,481,-11,-4,1112,344,19382,105,34,79,16,0,0,0,0,0,0,0,-32286,0,0,0,0,0,2793118,0
2735521,9512,-1910,1904,-1155,628,160,479,-9,-10,1050,312,19384,96,34,79,16,0,0,0,0,0,0,0,-32285,0,0,0,0,0,2793123,0
2735526,9392,-1924,1828,-1169,698,136,476,-14,-4,999,296,19384,96,34,79,16,0,0,0,0,0,0,0,-32285,0,0,0,0,0,2793137,0
2735531,9200,-1940,1636,-1193,682,123,476,-4,-3,939,280,19386,97,34,79,16,0,0,0,0,0,0,0,-32285,0,0,0,0,0,2793142,0
2735536,9212,-1538,1476,-1141,661,58,476,0,2,885,272,19386,97,34,79,16,0,0,0,0,0,0,0,-32286,0,0,0,0,0,2793157,0
2735541,9126,-1288,1548,-1239,635,23,474,-1,12,827,256,19388,89,33,79,16,0,0,0,0,0,0,0,-32285,0,0,0,0,0,2793162,0
2735546,9488,-1522,1704,-1372,672,6,474,-4,11,778,224,19388,89,33,79,16,0,0,0,0,0,0,0,-32286,0,0,0,0,0,2793177,0
2735551,9866,-1944,2044,-1498,711,-2,474,-5,3,723,200,19387,85,34,79,16,0,0,0,0,0,0,0,-32286,0,0,0,0,0,2793182,0
2735556,10924,-3150,2754,-1689,883,47,473,-1,3,660,184,19387,85,34,79,16,0,0,0,0,0,0,0,-32286,0,0,0,0,0,2793197,0
2735561,11286,-3684,2842,-1787,927,95,473,3,-2,608,168,19388,82,34,79,16,0,0,0,0,0,0,0,-32286,0,0,0,0,0,2793202,0
2735566,11718,-4324,2532,-1872,928,149,472,3,-2,554,152,19388,82,34,79,16,0,0,0,0,0,0,0,-32286,0,0,0,0,0,2793217,0
2735571,12020,-4978,2266,-1946,915,225,473,0,5,499,136,19392,73,34,79,16,0,0,0,0,0,0,0,-32286,0,0,0,0,0,2793222,0
2735576,11944,-6488,1956,-2039,940,438,472,1,3,442,112,19392,73,34,79,16,0,0,0,0,0,0,0,-32286,0,0,0,0,0,2793237,0
2735581,11872,-7180,2094,-1860,902,500,473,0,4,392,96,19393,64,34,79,16,0,0,0,0,0,0,0,-32286,0,0,0,0,0,2793242,0
2735586,11746,-7636,2262,-1458,762,467,475,5,-2,335,80,19393,64,34,79,16,0,0,0,0,0,0,0,-32286,0,0,0,0,0,2793257,0
2735591,11870,-8242,2512,-799,646,387,474,2,0,283,64,19392,62,34,79,16,0,0,0,0,0,0,0,-32286,0,0,0,0,0,2793262,0
2735596,11584,-6466,2940,-307,894,241,474,-1,-1,232,40,19392,62,34,79,16,0,0,0,0,0,0,0,-32286,0,0,0,0,0,2793277,0
2735601,11752,-6410,2710,-291,1099,176,474,-5,-7,175,32,19390,58,34,79,16,0,0,0,0,0,0,0,-32286,0,0,0,0,0,2793282,0
2735606,10588,-6044,2562,-398,1207,115,472,-6,-4,121,16,19390,58,34,79,16,0,0,0,0,0,0,0,-32286,0,0,0,0,0,2793297,0
2735611,9810,-6358,1194,-627,1110,97,471,-7,-6,73,8,19391,60,34,79,16,0,0,0,0,0,0,0,-32286,0,0,0,0,0,2793302,0
2735616,7872,-6506,656,-768,1097,18,470,-5,-10,23,-16,19391,60,34,79,16,0,0,0,0,0,0,0,-32286,0,0,0,0,0,2793317,0
2735621,7026,-7086,412,-490,912,-41,468,-8,-4,-26,-24,19392,60,34,79,16,0,0,0,0,0,0,0,-32286,0,0,0,0,0,2793322,0
2735626,5972,-7292,396,-94,640,-114,465,-11,-3,-78,-32,19392,60,34,79,16,0,0,0,0,0,0,0,-32286,0,0,0,0,0,2793337,0
2735631,5108,-7172,384,296,367,-168,461,-13,-10,-129,-40,19394,59,34,79,16,0,0,0,0,0,0,0,-32286,0,0,0,0,0,2793342,0
2735636,3788,-6170,200,651,-84,-170,455,-26,-14,-181,-64,19394,59,34,79,16,0,0,0,0,0,0,0,-32286,0,0,0,0,0,2793357,0
2735641,3296,-5680,228,421,10,-2,450,-23,-15,-234,-72,19392,62,34,79,16,0,0,0,0,0,0,0,-32286,0,0,0,0,0,2793362,0
2735646,2168,-4588,366,-176,43,96,447,-8,-4,-290,-88,19392,62,34,79,16,0,0,0,0,0,0,0,-32286,0,0,0,0,0,2793377,0
2735651,2874,-4736,-4,-321,121,136,447,-1,13,-344,-104,19393,66,34,79,16,0,0,0,0,0,0,0,-32286,0,0,0,0,0,2793382,0
2735656,1754,-4874,516,-205,198,196,447,1,21,-400,-120,19393,66,34,79,16,0,0,0,0,0,0,0,-32286,0,0,0,0,0,2793397,0
2735661,1850,-4906,356,-29,125,222,447,-4,26,-456,-136,19391,74,34,79,16,0,0,0,0,0,0,0,-32286,0,0,0,0,0,2793402,0
2735666,1954,-4236,288,121,24,213,447,-3,21,-515,-160,19391,74,34,79,16,0,0,0,0,0,0,0,-32286,0,0,0,0,0,2793417,0
2735671,2362,-3496,174,183,-35,190,448,-1,6,-575,-184,19391,76,34,79,16,0,0,0,0,0,0,0,-32287,0,0,0,0,0,2793422,0
2735676,2708,-2702,74,95,-152,141,448,2,-1,-632,-208,19391,76,34,79,16,0,0,0,0,0,0,0,-32286,0,0,0,0,0,2793437,0
2735681,2684,-2948,70,-5,-204,179,448,3,-2,-692,-224,19391,74,33,79,16,0,0,0,0,0,0,0,-32286,0,0,0,0,0,2793442,0
2735686,2628,-3368,92,-261,-234,294,447,8,2,-754,-248,19391,74,33,79,16,0,0,0,0,0,0,0,-32286,0,0,0,0,0,2793457,0
2735691,2660,-3678,292,-659,-159,471,448,3,1,-819,-256,19391,76,33,79,16,0,0,0,0,0,0,0,-32286,0,0,0,0,0,2793462,0
2735696,2898,-4550,1524,-1251,334,844,452,22,10,-889,-248,19391,76,33,79,16,0,0,0,0,0,0,0,-32286,0,0,0,0,0,2793477,0
2735701,2744,-5404,1924,-1099,336,918,459,32,21,-953,-264,19387,72,34,79,16,0,0,0,0,0,0,0,-32286,0,0,0,0,0,2793482,0
2735706,3262,-6298,1654,-687,203,948,465,20,30,-1002,-312,19387,72,34,79,16,0,0,0,0,0,0,0,-32287,0,0,0,0,0,2793497,0
2735711,3760,-6266,1392,-332,93,986,468,7,15,-1051,-376,19387,71,34,79,16,0,0,0,0,0,0,0,-32286,0,0,0,0,0,2793502,0
2735716,4708,-5430,1048,-294,-63,1053,467,-1,-5,-1116,-424,19387,71,34,79,16,0,0,0,0,0,0,0,-32287,0,0,0,0,0,2793517,0
2735721,5236,-5356,902,-335,-160,1069,466,-6,-26,-1184,-472,19386,76,34,79,16,0,0,0,0,0,0,0,-32287,0,0,0,0,0,2793522,0
2735726,5652,-5490,760,-317,-312,1051,466,-1,-30,-1250,-504,19386,76,34,79,16,0,0,0,0,0,0,0,-32287,0,0,0,0,0,2793537,0
2735731,6170,-5588,554,-260,-453,1037,465,-1,-17,-1317,-520,19385,83,34,79,16,0,0,0,0,0,0,0,-32287,0,0,0,0,0,2793541,0
2735736,6728,-5476,126,-216,-745,990,464,-3,-3,-1379,-512,19385,83,34,79,16,0,0,0,0,0,0,0,-32287,0,0,0,0,0,2793556,0
2735741,7020,-5474,-88,-224,-845,968,464,3,2,-1390,-512,19384,86,34,79,16,0,0,0,0,0,0,0,-32287,0,0,0,0,0,2793561,0
2735746,7134,-5410,-262,-237,-945,915,464,3,5,-1385,-504,19384,86,34,79,16,0,0,0,0,0,0,0,-32287,0,0,0,0,0,2793576,0
2735751,7406,-5356,-398,-209,-999,846,465,0,1,-1386,-512,19384,92,34,79,16,0,0,0,0,0,0,0,-32287,0,0,0,0,0,2793581,0
2735756,7486,-5216,-430,-138,-1077,699,466,6,4,-1390,-512,19384,92,34,79,16,0,0,0,0,0,0,0,-32286,0,0,0,0,0,2793596,0
2735761,7408,-5144,-368,-101,-1091,606,468,7,11,-1387,-512,19386,99,34,79,16,0,0,0,0,0,0,0,-32287,0,0,0,0,0,2793601,0
2735766,7364,-5144,-414,-70,-1061,527,470,5,3,-1389,-512,19386,99,34,79,16,0,0,0,0,0,0,0,-32286,0,0,0,0,0,2793616,0
2735771,7176,-5086,-334,-27,-1044,443,472,13,6,-1383,-496,19391,96,34,79,16,0,0,0,0,0,0,0,-32287,0,0,0,0,0,2793621,0
2735776,6908,-5160,-216,125,-1041,303,476,18,10,-1392,-472,19391,96,34,79,16,0,0,0,0,0,0,0,-32287,0,0,0,0,0,2793636,0
2735781,6814,-5124,-50,181,-1026,243,482,26,10,-1393,-464,19396,110,34,79,16,0,0,0,0,0,0,0,-32286,0,0,0,0,0,2793647,0
2735786,6678,-5152,92,248,-1011,198,489,36,16,-1401,-416,19396,110,34,79,16,0,0,0,0,0,0,0,-32287,0,0,0,0,0,2793656,0
2735791,6544,-5116,234,335,-1004,144,500,51,26,-1414,-352,19397,106,34,79,16,0,0,0,0,0,0,0,-32286,0,0,0,0,0,2793661,0
2735796,6536,-4932,354,647,-1042,-8,523,99,45,-1435,-224,19397,106,34,79,16,0,0,0,0,0,0,0,-32286,0,0,0,0,0,2793676,0
2735801,6606,-4934,294,796,-1087,-33,556,144,89,-1411,-208,19391,105,34,79,16,0,0,0,0,0,0,0,-32287,0,0,0,0,0,2793681,0
2735806,6476,-4680,336,829,-1124,-78,593,161,109,-1388,-152,19391,105,34,79,16,0,0,0,0,0,0,0,-32286,0,0,0,0,0,2793696,0
2735811,6762,-4546,278,898,-1141,-95,637,195,125,-1397,-128,19385,95,34,79,16,0,0,0,0,0,0,0,-32286,0,0,0,0,0,2793701,0
2735816,6872,-4396,366,1060,-1183,-133,694,246,120,-1388,-88,19385,95,34,79,16,0,0,0,0,0,0,0,-32286,0,0,0,0,0,2793716,0
2735821,6914,-4154,356,1135,-1198,-139,756,274,119,-1374,-72,19389,83,34,79,16,0,0,0,0,0,0,0,-32286,0,0,0,0,0,2793721,0
2735826,7092,-3984,332,1179,-1229,-162,822,305,128,-1383,-56,19389,83,34,79,16,0,0,0,0,0,0,0,-32286,0,0,0,0,0,2793736,0
2735831,7250,-3760,266,1266,-1247,-182,903,354,124,-1375,-24,19392,75,34,79,16,0,0,0,0,0,0,0,-32286,0,0,0,0,0,2793741,0
2735836,7230,-3238,192,1378,-1335,-223,993,403,126,-1373,0,19392,75,34,79,16,0,0,0,0,0,0,0,-32285,0,0,0,0,0,2793756,0
2735841,7324,-3106,94,1374,-1336,-222,1086,413,136,-1365,0,19395,65,34,79,16,0,0,0,0,0,0,0,-32287,0,0,0,0,0,2793761,0
2735846,7374,-2810,208,1356,-1370,-231,1184,426,120,-1380,16,19395,65,34,79,16,0,0,0,0,0,0,0,-32287,0,0,0,0,0,2793776,0
2735851,7372,-2740,262,1283,-1306,-216,1282,433,90,-1385,8,19396,50,34,79,16,0,0,0,0,0,0,0,-32287,0,0,0,0,0,2793781,0
2735856,7408,-2698,272,1229,-1278,-241,1388,466,65,-1384,48,19396,50,34,79,16,0,0,0,0,0,0,0,-32286,0,0,0,0,0,2793796,0
2735861,7172,-2952,260,1243,-1284,-218,1498,487,53,-1356,32,19398,37,34,79,16,0,0,0,0,0,0,0,-32286,0,0,0,0,0,2793801,0
2735866,7058,-3146,264,1258,-1337,-220,1608,484,60,-1358,40,19398,37,34,79,16,0,0,0,0,0,0,0,-32285,0,0,0,0,0,2793816,0
2735871,7192,-3094,162,1300,-1361,-200,1716,472,44,-1382,32,19402,37,33,79,16,0,0,0,0,0,0,0,-32286,0,0,0,0,0,2793821,0
2735876,7092,-2972,122,1214,-1368,-179,1828,488,30,-1385,16,19402,37,33,79,16,0,0,0,0,0,0,0,-32287,0,0,0,0,0,2793836,0
2735881,7032,-3078,194,1195,-1371,-124,1935,475,6,-1379,32,19404,23,33,79,16,0,0,0,0,0,0,0,-32287,0,0,0,0,0,2793841,0
2735886,6806,-3256,136,1114,-1369,-72,2036,429,-17,-1402,-24,19404,23,33,79,16,0,0,0,0,0,0,0,-32287,0,0,0,0,0,2793856,0
2735891,6796,-3438,214,1026,-1351,-4,2123,378,-59,-1418,-56,19403,34,34,79,16,0,0,0,0,0,0,0,-32287,0,0,0,0,0,2793861,0
2735896,6658,-3598,230,939,-1247,95,2202,339,-104,-1414,-48,19403,34,34,79,16,0,0,0,0,0,0,0,-32286,0,0,0,0,0,2793876,0
2735901,6582,-3642,268,981,-1233,129,2273,309,-141,-1402,-72,19400,39,34,79,16,0,0,0,0,0,0,0,-32286,0,0,0,0,0,2793881,0
2735906,6552,-3666,238,1031,-1229,160,2339,284,-133,-1395,-72,19400,39,34,79,16,0,0,0,0,0,0,0,-32286,0,0,0,0,0,2793896,0
2735911,6554,-3594,208,1047,-1207,222,2397,246,-120,-1400,-128,19395,49,34,79,16,0,0,0,0,0,0,0,-32285,0,0,0,0,0,2793901,0
2735916,6868,-3516,122,909,-1088,318,2442,199,-112,-1397,-152,19395,49,34,79,16,0,0,0,0,0,0,0,-32286,0,0,0,0,0,2793916,0
2735921,6802,-3338,132,933,-1060,336,2484,175,-120,-1398,-184,19391,63,33,79,16,0,0,0,0,0,0,0,-32286,0,0,0,0,0,2793921,0
2735926,6888,-3564,118,905,-980,391,2518,148,-123,-1375,-216,19391,63,33,79,16,0,0,0,0,0,0,0,-32286,0,0,0,0,0,2793935,0
2735931,6952,-3310,218,960,-1005,393,2544,110,-112,-1379,-288,19391,78,33,79,16,0,0,0,0,0,0,0,-32286,0,0,0,0,0,2793940,0
2735936,7072,-3086,310,866,-846,450,2563,79,-111,-1369,-320,19391,78,33,79,16,0,0,0,0,0,0,0,-32286,0,0,0,0,0,2793955,0
2735941,7474,-3100,280,909,-748,438,2582,88,-102,-1402,-256,19388,87,34,79,16,0,0,0,0,0,0,0,-32287,0,0,0,0,0,2793960,0
2735946,7492,-3160,310,989,-722,424,2606,104,-62,-1402,-248,19388,87,34,79,16,0,0,0,0,0,0,0,-32286,0,0,0,0,0,2793975,0
2735951,7494,-3230,266,1045,-727,420,2630,106,-23,-1384,-248,19386,82,34,79,16,0,0,0,0,0,0,0,-32286,0,0,0,0,0,2793980,0
2735956,7996,-2862,266,1100,-679,361,2660,134,24,-1396,-224,19386,82,34,79,16,0,0,0,0,0,0,0,-32287,0,0,0,0,0,2793995,0
2735961,7938,-2896,366,997,-650,366,2683,124,35,-1385,-224,19387,82,34,79,16,0,0,0,0,0,0,0,-32287,0,0,0,0,0,2794000,0
2735966,8228,-2668,418,976,-637,300,2715,152,35,-1402,-160,19387,82,34,79,16,0,0,0,0,0,0,0,-32287,0,0,0,0,0,2794015,0
2735971,8518,-2854,434,1059,-562,290,2753,167,46,-1390,-168,19387,83,34,79,16,0,0,0,0,0,0,0,-32287,0,0,0,0,0,2794020,0
2735976,8382,-3154,578,1201,-581,220,2794,186,53,-1375,-192,19387,83,34,79,16,0,0,0,0,0,0,0,-32287,0,0,0,0,0,2794035,0
2735981,8312,-2786,-152,991,-610,266,2829,150,34,-1382,-176,19389,82,34,79,16,0,0,0,0,0,0,0,-32287,0,0,0,0,0,2794040,0
2735986,8108,-2300,542,992,-402,228,2868,169,26,-1393,-176,19389,82,34,79,16,0,0,0,0,0,0,0,-32287,0,0,0,0,0,2794055,0
2735991,8138,-2592,588,922,-310,212,2910,184,9,-1385,-152,19388,78,34,79,16,0,0,0,0,0,0,0,-32287,0,0,0,0,0,2794060,0
2735996,7928,-2800,334,1026,-275,160,2953,193,12,-1388,-136,19388,78,34,79,16,0,0,0,0,0,0,0,-32286,0,0,0,0,0,2794075,0
2736001,7882,-2558,264,1084,-283,146,2999,201,26,-1390,-136,19388,68,34,79,16,0,0,0,0,0,0,0,-32286,0,0,0,0,0,2794080,0
2736006,7770,-2392,144,1043,-222,126,3047,219,40,-1386,-112,19388,68,34,79,16,0,0,0,0,0,0,0,-32286,0,0,0,0,0,2794095,0
2736011,7774,-2514,22,1040,-263,123,3104,255,55,-1389,-80,19386,63,34,79,16,0,0,0,0,0,0,0,-32286,0,0,0,0,0,2794100,0
2736016,7634,-2368,-156,1138,-355,42,3169,287,71,-1377,-80,19386,63,34,79,16,0,0,0,0,0,0,0,-32286,0,0,0,0,0,2794115,0
2736021,7596,-2344,-194,1156,-384,29,3239,319,99,-1375,-64,19388,59,34,79,16,0,0,0,0,0,0,0,-32285,0,0,0,0,0,2794120,0
2736026,7520,-2260,-174,1075,-381,39,3311,316,93,-1382,-64,19388,59,34,79,16,0,0,0,0,0,0,0,-32286,0,0,0,0,0,2794135,0
2736031,7456,-2212,-64,948,-350,48,3379,298,66,-1399,-80,19388,58,34,79,16,0,0,0,0,0,0,0,-32286,0,0,0,0,0,2794140,0
2736036,7286,-2570,150,825,-207,88,3442,282,13,-1393,-96,19388,58,34,79,16,0,0,0,0,0,0,0,-32287,0,0,0,0,0,2794155,0
2736041,7304,-2690,280,836,-162,84,3504,267,-27,-1405,-88,19390,63,33,79,16,0,0,0,0,0,0,0,-32287,0,0,0,0,0,2794160,0
2736046,7398,-2858,340,920,-131,84,3567,280,-34,-1391,-80,19390,63,33,79,16,0,0,0,0,0,0,0,-32286,0,0,0,0,0,2794175,0
2736051,7328,-2936,256,1003,-93,97,3634,300,-11,-1389,-64,19392,64,33,79,16,0,0,0,0,0,0,0,-32287,0,0,0,0,0,2794180,0
2736056,7414,-2806,40,1139,-76,101,3707,327,26,-1379,-72,19392,64,33,79,16,0,0,0,0,0,0,0,-32286,0,0,0,0,0,2794195,0
2736061,7236,-2508,48,1100,-98,101,3780,318,47,-1387,-56,19391,55,34,79,16,0,0,0,0,0,0,0,-32286,0,0,0,0,0,2794200,0
2736066,7528,-2418,-70,1078,-76,105,3854,331,15,-1386,-56,19391,55,34,79,16,0,0,0,0,0,0,0,-32286,0,0,0,0,0,2794215,0
2736071,7472,-2334,-38,1027,-55,123,3929,328,0,-1385,-48,19391,49,34,79,16,0,0,0,0,0,0,0,-32285,0,0,0,0,0,2794220,0
2736076,7832,-2210,-10,1014,-72,72,4007,349,7,-1380,-32,19391,49,34,79,16,0,0,0,0,0,0,0,-32286,0,0,0,0,0,2794235,0
2736081,7844,-2164,34,1023,-88,39,4092,377,45,-1380,-48,19390,47,34,79,16,0,0,0,0,0,0,0,-32285,0,0,0,0,0,2794240,0
2736086,8026,-2070,120,1042,-93,15,4180,391,66,-1372,-40,19390,47,34,79,16,0,0,0,0,0,0,0,-32287,0,0,0,0,0,2794255,0
2736091,8048,-2056,146,957,-87,4,4268,388,50,-1384,-8,19392,49,34,79,16,0,0,0,0,0,0,0,-32286,0,0,0,0,0,2794260,0
2736096,8320,-2180,308,812,17,-22,4358,396,52,-1385,0,19392,49,34,79,16,0,0,0,0,0,0,0,-32287,0,0,0,0,0,2794275,0
2736101,8252,-2224,366,781,28,-69,4447,393,27,-1382,-16,19394,40,34,79,16,0,0,0,0,0,0,0,-32287,0,0,0,0,0,2794280,0
2736106,8520,-2646,374,836,68,-88,4541,412,22,-1374,0,19394,40,34,79,16,0,0,0,0,0,0,0,-32286,0,0,0,0,0,2794295,0
2736111,8316,-2662,416,902,62,-130,4641,431,28,-1377,-24,19397,33,34,79,16,0,0,0,0,0,0,0,-32286,0,0,0,0,0,2794300,0
2736116,8380,-2682,252,894,98,-117,4735,414,32,-1394,-40,19397,33,34,79,16,0,0,0,0,0,0,0,-32286,0,0,0,0,0,2794315,0
2736121,8568,-2752,190,830,158,-107,4826,401,18,-1397,-8,19397,36,34,79,16,0,0,0,0,0,0,0,-32286,0,0,0,0,0,2794320,0
2736126,8450,-2694,198,809,177,-103,4915,393,-10,-1399,-8,19397,36,34,79,16,0,0,0,0,0,0,0,-32286,0,0,0,0,0,2794335,0
2736131,8410,-2732,158,829,190,-121,5006,405,-21,-1384,-16,19397,38,34,79,16,0,0,0,0,0,0,0,-32286,0,0,0,0,0,2794340,0
2736136,8330,-2776,36,950,187,-152,5099,406,-15,-1383,-32,19397,38,34,79,16,0,0,0,0,0,0,0,-32287,0,0,0,0,0,2794355,0
2736141,8178,-2494,48,936,174,-189,5192,406,1,-1385,-16,19396,43,34,79,16,0,0,0,0,0,0,0,-32287,0,0,0,0,0,2794360,0
2736146,8328,-2402,-124,937,193,-192,5284,402,6,-1389,-32,19396,43,34,79,16,0,0,0,0,0,0,0,-32286,0,0,0,0,0,2794375,0
2736151,8116,-2150,-134,894,200,-222,5375,410,6,-1384,-24,19395,48,34,79,16,0,0,0,0,0,0,0,-32285,0,0,0,0,0,2794380,0
2736156,8076,-1974,-224,949,184,-295,5471,414,1,-1386,-64,19395,48,34,79,16,0,0,0,0,0,0,0,-32286,0,0,0,0,0,2794395,0
2736161,8042,-2072,-264,954,136,-311,5569,435,14,-1381,-8,19395,49,34,79,16,0,0,0,0,0,0,0,-32285,0,0,0,0,0,2794399,0
2736166,7930,-1854,-342,930,101,-332,5665,423,20,-1394,-32,19395,49,34,79,16,0,0,0,0,0,0,0,-32286,0,0,0,0,0,2794414,0
2736171,8128,-1850,-332,866,123,-321,5756,397,9,-1395,-16,19394,50,34,79,16,0,0,0,0,0,0,0,-32286,0,0,0,0,0,2794419,0
2736176,8256,-1744,-136,749,135,-322,5842,381,-19,-1401,-24,19394,50,34,79,16,0,0,0,0,0,0,0,-32287,0,0,0,0,0,2794434,0
2736181,8278,-1812,-88,738,133,-323,5928,370,-41,-1390,-16,19395,44,33,79,16,0,0,0,0,0,0,0,-32287,0,0,0,0,0,2794439,0
2736186,8420,-1980,-26,738,121,-303,6011,362,-52,-1389,-48,19395,44,33,79,16,0,0,0,0,0,0,0,-32287,0,0,0,0,0,2794454,0
2736191,8542,-2162,44,660,154,-279,6083,314,-59,-1396,-64,19394,45,34,79,16,0,0,0,0,0,0,0,-32286,0,0,0,0,0,2794459,0
2736196,9028,-2702,20,488,246,-257,6150,281,-71,-1403,-88,19394,45,34,79,16,0,0,0,0,0,0,0,-32286,0,0,0,0,0,2794474,0
2736201,9020,-3008,30,466,257,-248,6206,249,-100,-1405,-112,19394,51,34,79,16,0,0,0,0,0,0,0,-32286,0,0,0,0,0,2794479,0
2736206,9182,-3136,24,509,241,-295,6265,254,-99,-1391,-88,19394,51,34,79,16,0,0,0,0,0,0,0,-32286,0,0,0,0,0,2794494,0
2736211,9388,-3430,0,610,228,-318,6324,266,-76,-1380,-88,19391,58,34,79,16,0,0,0,0,0,0,0,-32286,0,0,0,0,0,2794499,0
2736216,9434,-3432,-74,751,37,-396,6387,280,-24,-1382,-80,19391,58,34,79,16,0,0,0,0,0,0,0,-32286,0,0,0,0,0,2794514,0
2736221,9428,-3416,-160,757,14,-397,6452,284,11,-1369,-80,19390,54,34,79,16,0,0,0,0,0,0,0,-32286,0,0,0,0,0,2794519,0
2736226,9296,-3148,-154,669,-63,-412,6509,255,18,-1389,-120,19390,54,34,79,16,0,0,0,0,0,0,0,-32287,0,0,0,0,0,2794534,0
2736231,9540,-2978,-202,614,-93,-400,6561,223,-11,-1392,-144,19389,54,34,79,16,0,0,0,0,0,0,0,-32287,0,0,0,0,0,2794539,0
2736236,9122,-2400,72,340,-175,-349,6602,172,-60,-1387,-176,19389,54,34,79,16,0,0,0,0,0,0,0,-32287,0,0,0,0,0,2794557,0
2736241,9346,-2298,80,276,-201,-315,6634,136,-107,-1389,-248,19389,56,33,79,16,0,0,0,0,0,0,0,-32287,0,0,0,0,0,2794562,0
2736246,9084,-2024,306,147,-217,-274,6652,70,-135,-1354,-336,19389,56,33,79,16,0,0,0,0,0,0,0,-32287,0,0,0,0,0,2794577,0
2736251,9174,-1672,518,57,-267,-294,6667,57,-150,-1364,-360,19387,71,34,79,16,0,0,0,0,0,0,0,-32287,0,0,0,0,0,2794582,0
2736256,9230,-1564,838,-104,-305,-322,6676,45,-139,-1367,-432,19387,71,34,79,16,0,0,0,0,0,0,0,-32287,0,0,0,0,0,2794597,0
2736261,9420,-1840,868,-158,-301,-342,6680,17,-107,-1353,-520,19385,85,34,79,16,0,0,0,0,0,0,0,-32286,0,0,0,0,0,2794602,0
2736266,9424,-1894,900,-228,-276,-396,6679,-7,-91,-1372,-512,19385,85,34,79,16,0,0,0,0,0,0,0,-32287,0,0,0,0,0,2794617,0
2736271,9602,-2124,938,-230,-236,-462,6680,0,-60,-1389,-512,19386,94,34,79,16,0,0,0,0,0,0,0,-32287,0,0,0,0,0,2794622,0
2736276,9648,-2784,810,-163,-184,-606,6680,8,-46,-1385,-512,19386,94,34,79,16,0,0,0,0,0,0,0,-32287,0,0,0,0,0,2794637,0
2736281,9760,-3098,654,-95,-114,-670,6678,2,-27,-1386,-504,19387,88,34,79,16,0,0,0,0,0,0,0,-32287,0,0,0,0,0,2794642,0
2736286,9656,-3376,570,-51,-73,-748,6677,-4,-13,-1386,-528,19387,88,34,79,16,0,0,0,0,0,0,0,-32287,0,0,0,0,0,2794657,0
2736291,9638,-3800,444,-18,-62,-823,6674,-7,-10,-1378,-552,19387,97,33,79,16,0,0,0,0,0,0,0,-32287,0,0,0,0,0,2794662,0
2736296,9518,-4566,256,107,-73,-944,6668,-24,-11,-1380,-568,19387,97,33,79,16,0,0,0,0,0,0,0,-32287,0,0,0,0,0,2794677,0
2736301,9404,-4926,334,141,-130,-1014,6659,-41,-31,-1361,-664,19387,101,34,79,16,0,0,0,0,0,0,0,-32287,0,0,0,0,0,2794682,0
2736306,9228,-5160,364,131,-179,-1038,6633,-114,-60,-1336,-832,19387,101,34,79,16,0,0,0,0,0,0,0,-32287,0,0,0,0,0,2794697,0
2736311,8726,-5440,452,-51,-136,-1016,6583,-227,-133,-1316,-1120,19385,110,34,79,16,0,0,0,0,0,0,0,-32287,0,0,0,0,0,2794702,0
2736316,7770,-6092,890,-457,60,-916,6506,-346,-229,-1324,-1384,19385,110,34,79,16,0,0,0,0,0,0,0,-32286,0,0,0,0,0,2794717,0
2736321,6964,-6648,1138,-613,129,-842,6397,-489,-333,-1335,-1776,19382,121,34,79,16,0,0,0,0,0,0,0,-32286,0,0,0,0,0,2794722,0
2736326,6442,-7256,1356,-724,244,-742,6251,-654,-421,-1388,-2080,19382,121,34,79,16,0,0,0,0,0,0,0,-32286,0,0,0,0,0,2794737,0
2736331,5682,-7778,1660,-778,349,-624,6067,-826,-486,-1407,-2560,19376,163,34,79,16,0,0,0,0,0,0,0,-32286,0,0,0,0,0,2794742,0
2736336,4196,-8564,1984,-792,516,-329,5845,-999,-538,-1394,-2816,19376,163,34,79,16,0,0,0,0,0,0,0,-32287,0,0,0,0,0,2794757,0
2736341,3446,-8754,2024,-761,539,-183,5590,-1146,-565,-1386,-3184,19367,218,34,79,16,0,0,0,0,0,0,0,-32287,0,0,0,0,0,2794762,0
2736346,2972,-8984,2054,-743,644,-13,5298,-1296,-565,-1402,-3536,19367,218,34,79,16,0,0,0,0,0,0,0,-32285,0,0,0,0,0,2794777,0
2736351,2522,-8998,2316,-609,682,115,4980,-1415,-535,-1388,-3688,19355,275,34,79,16,0,0,0,0,0,0,0,-32286,0,0,0,0,0,2794782,0
2736356,2028,-8826,2044,-177,679,337,4635,-1526,-501,-1407,-3920,19355,275,34,79,16,0,0,0,0,0,0,0,-32286,0,0,0,0,0,2794797,0
2736361,2042,-8814,1784,-5,680,465,4271,-1611,-438,-1408,-4056,19345,312,34,79,16,0,0,0,0,0,0,0,-32288,0,0,0,0,0,2794802,0
2736366,2156,-8116,1690,146,638,534,3891,-1677,-380,-1409,-4136,19345,312,34,79,16,0,0,0,0,0,0,0,-32286,0,0,0,0,0,2794817,0
2736371,2568,-7798,1620,298,611,602,3501,-1713,-305,-1411,-4208,19334,342,34,79,16,0,0,0,0,0,0,0,-32286,0,0,0,0,0,2794822,0
2736376,3386,-7172,1044,699,355,679,3109,-1730,-228,-1389,-4248,19334,342,34,79,16,0,0,0,0,0,0,0,-32287,0,0,0,0,0,2794837,0
2736381,3790,-6202,796,823,191,672,2715,-1728,-146,-1389,-4272,19328,359,34,79,16,0,0,0,0,0,0,0,-32287,0,0,0,0,0,2794842,0
2736386,4764,-5590,760,894,132,673,2323,-1721,-77,-1394,-4256,19328,359,34,79,16,0,0,0,0,0,0,0,-32287,0,0,0,0,0,2794857,0
2736391,5414,-4884,702,919,0,630,1933,-1712,-24,-1397,-4256,19329,369,34,79,16,0,0,0,0,0,0,0,-32286,0,0,0,0,0,2794862,0
2736396,6738,-3666,394,842,-260,578,1544,-1710,8,-1395,-4256,19329,369,34,79,16,0,0,0,0,0,0,0,-32286,0,0,0,0,0,2794877,0
2736401,7794,-3248,554,750,-317,532,1154,-1714,15,-1409,-4248,19328,370,34,79,16,0,0,0,0,0,0,0,-32287,0,0,0,0,0,2794882,0
2736406,8312,-2670,778,632,-389,488,764,-1718,8,-1426,-4216,19328,370,34,79,16,0,0,0,0,0,0,0,-32286,0,0,0,0,0,2794896,0
2736411,8976,-2190,920,515,-480,413,373,-1717,0,-1419,-4176,19330,368,34,79,16,0,0,0,0,0,0,0,-32286,0,0,0,0,0,2794902,0
2736416,9892,-1208,1144,114,-499,316,-13,-1705,0,-1417,-4104,19330,368,34,79,16,0,0,0,0,0,0,0,-32286,0,0,0,0,0,2794916,0
2736421,10256,-952,1426,-78,-427,229,-395,-1668,14,-1420,-4000,19331,372,34,79,16,0,0,0,0,0,0,0,-32286,0,0,0,0,0,2794921,0
2736426,10380,-620,1726,-229,-368,122,-764,-1613,56,-1396,-3832,19331,372,34,79,16,0,0,0,0,0,0,0,-32286,0,0,0,0,0,2794936,0
2736431,10636,-718,1880,-384,-275,55,-1118,-1550,104,-1381,-3712,19330,370,34,79,16,0,0,0,0,0,0,0,-32286,0,0,0,0,0,2794941,0
2736436,10612,-406,2430,-557,-39,-179,-1453,-1467,169,-1377,-3608,19330,370,34,79,16,0,0,0,0,0,0,0,-32286,0,0,0,0,0,2794956,0
2736441,10640,-568,2602,-614,59,-297,-1767,-1372,226,-1382,-3376,19332,355,34,79,16,0,0,0,0,0,0,0,-32286,0,0,0,0,0,2794961,0
2736446,10596,-628,2652,-636,169,-410,-2062,-1281,270,-1372,-3128,19332,355,34,79,16,0,0,0,0,0,0,0,-32287,0,0,0,0,0,2794976,0
2736451,10490,-854,2842,-685,330,-515,-2336,-1200,296,-1396,-2936,19336,337,34,79,16,0,0,0,0,0,0,0,-32285,0,0,0,0,0,2794981,0
2736456,10452,-1298,3092,-685,661,-708,-2587,-1103,309,-1388,-2768,19336,337,34,79,16,0,0,0,0,0,0,0,-32286,0,0,0,0,0,2794996,0
2736461,10144,-1760,2924,-725,803,-782,-2821,-1025,313,-1379,-2568,19341,317,34,79,16,0,0,0,0,0,0,0,-32287,0,0,0,0,0,2795001,0
2736466,10088,-1950,2828,-692,900,-839,-3039,-946,304,-1383,-2528,19341,317,34,79,16,0,0,0,0,0,0,0,-32286,0,0,0,0,0,2795016,0
2736471,9762,-2398,2660,-715,1063,-855,-3246,-907,271,-1399,-2344,19348,294,34,79,16,0,0,0,0,0,0,0,-32285,0,0,0,0,0,2795021,0
2736476,9260,-2986,2140,-739,1261,-871,-3444,-869,233,-1366,-2344,19348,294,34,79,16,0,0,0,0,0,0,0,-32286,0,0,0,0,0,2795036,0
2736481,8678,-3024,2058,-784,1310,-865,-3637,-858,181,-1395,-2272,19353,265,34,79,16,0,0,0,0,0,0,0,-32287,0,0,0,0,0,2795041,0
2736486,8400,-3266,1584,-784,1295,-867,-3827,-835,130,-1376,-2312,19353,265,34,79,16,0,0,0,0,0,0,0,-32286,0,0,0,0,0,2795056,0
2736491,8332,-3358,1872,-761,1514,-802,-4012,-823,88,-1394,-2232,19356,241,34,79,16,0,0,0,0,0,0,0,-32285,0,0,0,0,0,2795061,0
2736496,7644,-3582,1000,-878,1478,-752,-4199,-819,56,-1382,-2264,19356,241,34,79,16,0,0,0,0,0,0,0,-32286,0,0,0,0,0,2795076,0
2736501,7184,-3662,794,-925,1473,-701,-4384,-814,37,-1387,-2224,19361,241,34,79,16,0,0,0,0,0,0,0,-32287,0,0,0,0,0,2795081,0
2736506,6886,-3728,770,-942,1403,-682,-4570,-818,19,-1386,-2232,19361,241,34,79,16,0,0,0,0,0,0,0,-32286,0,0,0,0,0,2795096,0
2736511,6910,-3758,790,-890,1394,-645,-4756,-814,6,-1390,-2248,19362,239,34,79,16,0,0,0,0,0,0,0,-32285,0,0,0,0,0,2795101,0
2736516,6556,-3528,600,-891,1231,-572,-4938,-795,6,-1386,-2192,19362,239,34,79,16,0,0,0,0,0,0,0,-32286,0,0,0,0,0,2795116,0
2736521,6474,-3506,590,-927,1180,-536,-5122,-801,11,-1387,-2256,19362,236,34,79,16,0,0,0,0,0,0,0,-32287,0,0,0,0,0,2795121,0
2736526,6416,-3374,640,-961,1100,-508,-5302,-796,16,-1388,-2208,19362,236,34,79,16,0,0,0,0,0,0,0,-32287,0,0,0,0,0,2795136,0
2736531,6504,-3424,792,-976,1105,-480,-5483,-796,16,-1388,-2208,19356,234,33,79,16,0,0,0,0,0,0,0,-32286,0,0,0,0,0,2795141,0
2736536,6662,-3068,972,-1004,1045,-447,-5661,-779,18,-1383,-2232,19356,234,33,79,16,0,0,0,0,0,0,0,-32286,0,0,0,0,0,2795156,0
2736541,6544,-2874,1006,-1074,1056,-417,-5836,-771,19,-1384,-2128,19356,229,34,79,16,0,0,0,0,0,0,0,-32287,0,0,0,0,0,2795161,0
2736546,6744,-2668,1080,-1152,1073,-410,-6009,-754,27,-1402,-2128,19356,229,34,79,16,0,0,0,0,0,0,0,-32286,0,0,0,0,0,2795176,0
2736551,6972,-2644,1218,-1168,1090,-404,-6173,-720,45,-1387,-2072,19356,223,34,79,16,0,0,0,0,0,0,0,-32286,0,0,0,0,0,2795181,0
2736556,6912,-2680,1438,-1182,1128,-373,-6332,-696,63,-1387,-1952,19356,223,34,79,16,0,0,0,0,0,0,0,-32285,0,0,0,0,0,2795196,0
2736561,7078,-2536,1508,-1168,1158,-381,-6485,-663,78,-1381,-1864,19358,219,34,79,16,0,0,0,0,0,0,0,-32286,0,0,0,0,0,2795201,0
2736566,7098,-2478,1542,-1167,1209,-350,-6631,-634,95,-1393,-1792,19358,219,34,79,16,0,0,0,0,0,0,0,-32287,0,0,0,0,0,2795216,0
2736571,7032,-2230,1620,-1232,1241,-339,-6771,-606,100,-1413,-1752,19363,215,34,79,16,0,0,0,0,0,0,0,-32286,0,0,0,0,0,2795221,0
2736576,7110,-2058,1642,-1260,1315,-353,-6899,-561,106,-1413,-1632,19363,215,34,79,16,0,0,0,0,0,0,0,-32286,0,0,0,0,0,2795236,0
2736581,7204,-1986,1608,-1240,1324,-365,-7014,-494,129,-1403,-1440,19365,205,33,79,16,0,0,0,0,0,0,0,-32285,0,0,0,0,0,2795241,0
2736586,7166,-2068,1582,-1235,1316,-375,-7116,-441,150,-1391,-1344,19365,205,33,79,16,0,0,0,0,0,0,0,-32286,0,0,0,0,0,2795256,0
2736591,7192,-2012,1522,-1243,1284,-398,-7207,-393,183,-1372,-1344,19367,190,33,79,16,0,0,0,0,0,0,0,-32286,0,0,0,0,0,2795261,0
2736596,7064,-1826,1430,-1325,1299,-428,-7287,-347,189,-1401,-1152,19367,190,33,79,16,0,0,0,0,0,0,0,-32286,0,0,0,0,0,2795276,0
2736601,7106,-1956,1378,-1319,1287,-425,-7351,-280,186,-1409,-1024,19370,176,34,79,16,0,0,0,0,0,0,0,-32287,0,0,0,0,0,2795281,0
2736606,6864,-1910,1384,-1311,1278,-449,-7403,-227,188,-1415,-872,19370,176,34,79,16,0,0,0,0,0,0,0,-32287,0,0,0,0,0,2795296,0
2736611,6896,-1856,1270,-1276,1258,-484,-7440,-154,195,-1412,-784,19375,156,34,79,16,0,0,0,0,0,0,0,-32286,0,0,0,0,0,2795301,0
2736616,6468,-1774,1216,-1334,1228,-468,-7468,-123,204,-1386,-736,19375,156,34,79,16,0,0,0,0,0,0,0,-32286,0,0,0,0,0,2795316,0
2736621,6626,-1772,1164,-1389,1229,-490,-7485,-75,188,-1423,-616,19377,141,34,79,16,0,0,0,0,0,0,0,-32287,0,0,0,0,0,2795321,0
2736626,6482,-1918,1156,-1401,1250,-488,-7492,-22,173,-1425,-536,19377,141,34,79,16,0,0,0,0,0,0,0,-32286,0,0,0,0,0,2795336,0
2736631,6252,-2042,1134,-1399,1218,-496,-7492,4,159,-1404,-504,19382,123,34,79,16,0,0,0,0,0,0,0,-32287,0,0,0,0,0,2795341,0
2736636,5980,-2182,1102,-1430,1260,-446,-7492,0,126,-1386,-512,19382,123,34,79,16,0,0,0,0,0,0,0,-32287,0,0,0,0,0,2795356,0
2736641,5954,-2242,1112,-1456,1306,-425,-7492,0,87,-1387,-504,19382,112,34,79,16,0,0,0,0,0,0,0,-32287,0,0,0,0,0,2795360,0
2736646,5758,-2280,1158,-1484,1329,-404,-7492,0,43,-1384,-504,19382,112,34,79,16,0,0,0,0,0,0,0,-32287,0,0,0,0,0,2795375,0
2736651,5750,-2370,1076,-1486,1354,-384,-7493,5,8,-1387,-504,19384,103,34,79,16,0,0,0,0,0,0,0,-32287,0,0,0,0,0,2795380,0
2736656,5648,-2452,968,-1440,1348,-366,-7492,1,-3,-1388,-504,19384,103,34,79,16,0,0,0,0,0,0,0,-32287,0,0,0,0,0,2795395,0
2736661,5558,-2396,906,-1430,1334,-348,-7491,3,-1,-1389,-504,19383,93,34,79,16,0,0,0,0,0,0,0,-32287,0,0,0,0,0,2795400,0
2736666,5588,-2384,886,-1425,1309,-326,-7493,-2,5,-1387,-504,19383,93,34,79,16,0,0,0,0,0,0,0,-32287,0,0,0,0,0,2795415,0
2736671,5560,-2370,866,-1421,1271,-309,-7490,3,0,-1388,-496,19382,97,34,79,16,0,0,0,0,0,0,0,-32287,0,0,0,0,0,2795420,0
2736676,5616,-2372,818,-1397,1179,-292,-7491,3,-3,-1389,-480,19382,97,34,79,16,0,0,0,0,0,0,0,-32287,0,0,0,0,0,2795435,0
2736681,5580,-2292,822,-1394,1128,-284,-7489,3,7,-1391,-472,19382,104,34,79,16,0,0,0,0,0,0,0,-32286,0,0,0,0,0,2795440,0
2736686,5704,-2306,784,-1380,1101,-266,-7488,7,0,-1386,-480,19382,104,34,79,16,0,0,0,0,0,0,0,-32287,0,0,0,0,0,2795455,0
2736691,5640,-2378,852,-1377,1062,-255,-7489,3,6,-1390,-480,19382,107,34,79,16,0,0,0,0,0,0,0,-32287,0,0,0,0,0,2795460,0
2736696,5746,-2592,986,-1322,981,-216,-7485,9,1,-1387,-472,19382,107,34,79,16,0,0,0,0,0,0,0,-32287,0,0,0,0,0,2795475,0
2736701,5710,-2624,1082,-1299,929,-205,-7482,11,8,-1389,-464,19383,100,34,79,16,0,0,0,0,0,0,0,-32286,0,0,0,0,0,2795480,0
2736706,5812,-2658,1094,-1267,904,-175,-7478,18,14,-1388,-472,19383,100,34,79,16,0,0,0,0,0,0,0,-32286,0,0,0,0,0,2795495,0
2736711,5878,-2652,1168,-1236,872,-150,-7474,18,12,-1385,-464,19386,83,34,79,16,0,0,0,0,0,0,0,-32287,0,0,0,0,0,2795500,0
2736716,5974,-2768,1322,-1211,822,-97,-7470,26,6,-1384,-472,19386,83,34,79,16,0,0,0,0,0,0,0,-32287,0,0,0,0,0,2795515,0
2736721,6020,-2812,1396,-1174,817,-62,-7468,12,6,-1384,-472,19387,80,34,79,16,0,0,0,0,0,0,0,-32287,0,0,0,0,0,2795520,0
2736726,5974,-2860,1458,-1156,804,-35,-7465,8,2,-1383,-488,19387,80,34,79,16,0,0,0,0,0,0,0,-32286,0,0,0,0,0,2795535,0
2736731,6092,-2878,1512,-1118,801,-16,-7462,9,-4,-1376,-504,19389,84,34,79,16,0,0,0,0,0,0,0,-32286,0,0,0,0,0,2795540,0
2736736,6256,-2898,1630,-1029,810,49,-7461,5,-7,-1384,-504,19389,84,34,79,16,0,0,0,0,0,0,0,-32286,0,0,0,0,0,2795555,0
2736741,6330,-2840,1670,-1000,802,61,-7459,3,-7,-1386,-512,19387,96,33,79,16,0,0,0,0,0,0,0,-32287,0,0,0,0,0,2795560,0
2736746,6506,-2868,1672,-960,809,86,-7455,19,-1,-1387,-496,19387,96,33,79,16,0,0,0,0,0,0,0,-32287,0,0,0,0,0,2795575,0
2736751,6458,-2794,1728,-930,810,103,-7453,13,2,-1397,-472,19387,95,33,79,16,0,0,0,0,0,0,0,-32286,0,0,0,0,0,2795580,0
2736756,6660,-2604,1776,-874,820,121,-7451,11,4,-1393,-464,19387,95,33,79,16,0,0,0,0,0,0,0,-32287,0,0,0,0,0,2795595,0
2736761,6732,-2558,1794,-861,821,126,-7444,23,6,-1396,-432,19387,94,34,79,16,0,0,0,0,0,0,0,-32287,0,0,0,0,0,2795600,0
2736766,6798,-2504,1818,-837,834,119,-7435,41,20,-1399,-400,19387,94,34,79,16,0,0,0,0,0,0,0,-32287,0,0,0,0,0,2795615,0
2736771,6858,-2342,1832,-779,800,103,-7418,86,39,-1432,-224,19388,91,34,79,16,0,0,0,0,0,0,0,-32287,0,0,0,0,0,2795620,0
2736776,7066,-2204,1618,-578,583,-21,-7381,167,84,-1438,-128,19388,91,34,79,16,0,0,0,0,0,0,0,-32287,0,0,0,0,0,2795635,0
2736781,7080,-2004,1520,-518,462,-90,-7329,241,152,-1388,-80,19390,91,34,79,16,0,0,0,0,0,0,0,-32287,0,0,0,0,0,2795647,0
2736786,7362,-2030,1262,-492,274,-117,-7261,302,215,-1374,-24,19390,91,34,79,16,0,0,0,0,0,0,0,-32287,0,0,0,0,0,2795655,0
2736791,7252,-1690,1378,-468,88,-200,-7174,386,248,-1359,-8,19390,80,34,79,16,0,0,0,0,0,0,0,-32287,0,0,0,0,0,2795660,0
2736796,7356,-1830,1386,-537,-214,-241,-7081,416,240,-1364,8,19390,80,34,79,16,0,0,0,0,0,0,0,-32286,0,0,0,0,0,2795675,0
2736801,7578,-2014,1418,-529,-311,-257,-6978,452,214,-1366,24,19390,62,34,79,16,0,0,0,0,0,0,0,-32286,0,0,0,0,0,2795680,0
2736806,7428,-1926,1650,-504,-437,-298,-6867,494,171,-1365,64,19390,62,34,79,16,0,0,0,0,0,0,0,-32286,0,0,0,0,0,2795695,0
2736811,7614,-2020,1720,-424,-550,-338,-6741,561,156,-1338,88,19392,50,34,79,16,0,0,0,0,0,0,0,-32286,0,0,0,0,0,2795700,0
2736816,7726,-1870,1780,-357,-772,-373,-6609,580,146,-1323,72,19392,50,34,79,16,0,0,0,0,0,0,0,-32287,0,0,0,0,0,2795715,0
2736821,7808,-1864,1864,-397,-828,-360,-6473,595,143,-1355,64,19398,38,34,79,16,0,0,0,0,0,0,0,-32287,0,0,0,0,0,2795720,0
2736826,7812,-1618,2062,-431,-852,-350,-6337,601,113,-1379,88,19398,38,34,79,16,0,0,0,0,0,0,0,-32287,0,0,0,0,0,2795735,0
2736831,7886,-1682,2228,-468,-845,-355,-6203,581,66,-1379,48,19402,36,34,79,16,0,0,0,0,0,0,0,-32286,0,0,0,0,0,2795740,0
2736836,8058,-1740,2456,-563,-734,-287,-6077,550,0,-1412,24,19402,36,34,79,16,0,0,0,0,0,0,0,-32286,0,0,0,0,0,2795755,0
2736841,8028,-1706,2642,-580,-645,-287,-5956,529,-42,-1408,0,19404,26,34,79,16,0,0,0,0,0,0,0,-32286,0,0,0,0,0,2795760,0
2736846,8186,-1680,2718,-559,-571,-281,-5835,530,-65,-1397,48,19404,26,34,79,16,0,0,0,0,0,0,0,-32287,0,0,0,0,0,2795775,0
2736851,8124,-1764,2708,-550,-497,-260,-5719,508,-66,-1385,8,19400,23,33,79,16,0,0,0,0,0,0,0,-32286,0,0,0,0,0,2795780,0
2736856,8268,-1670,2582,-570,-347,-226,-5607,487,-56,-1404,0,19400,23,33,79,16,0,0,0,0,0,0,0,-32287,0,0,0,0,0,2795795,0
2736861,8226,-1380,2622,-591,-309,-232,-5499,477,-48,-1417,-16,19399,23,33,79,16,0,0,0,0,0,0,0,-32286,0,0,0,0,0,2795799,0
2736866,8364,-1280,2494,-575,-255,-254,-5390,486,-44,-1407,-24,19399,23,33,79,16,0,0,0,0,0,0,0,-32286,0,0,0,0,0,2795814,0
2736871,8280,-1398,2392,-578,-237,-241,-5283,464,-36,-1393,-32,19397,29,34,79,16,0,0,0,0,0,0,0,-32286,0,0,0,0,0,2795819,0
2736876,8442,-1120,2280,-667,-128,-235,-5179,445,-35,-1406,-24,19397,29,34,79,16,0,0,0,0,0,0,0,-32286,0,0,0,0,0,2795834,0
2736881,8342,-904,2440,-743,-77,-248,-5083,420,-36,-1401,-8,19395,27,34,79,16,0,0,0,0,0,0,0,-32287,0,0,0,0,0,2795839,0
2736886,8434,-958,2488,-781,9,-264,-4988,418,-46,-1403,-32,19395,27,34,79,16,0,0,0,0,0,0,0,-32287,0,0,0,0,0,2795854,0
2736891,8406,-968,2468,-804,44,-287,-4892,414,-57,-1385,-24,19394,27,34,79,16,0,0,0,0,0,0,0,-32287,0,0,0,0,0,2795859,0
2736896,8468,-1002,2476,-880,156,-300,-4803,386,-45,-1396,-32,19394,27,34,79,16,0,0,0,0,0,0,0,-32287,0,0,0,0,0,2795874,0
2736901,8470,-1150,2608,-932,261,-296,-4719,371,-43,-1398,-32,19395,33,34,79,16,0,0,0,0,0,0,0,-32286,0,0,0,0,0,2795879,0
2736906,8548,-1134,2606,-962,332,-286,-4635,371,-47,-1403,-56,19395,33,34,79,16,0,0,0,0,0,0,0,-32286,0,0,0,0,0,2795894,0
2736911,8482,-1232,2698,-984,301,-311,-4548,389,-36,-1385,-40,19396,30,34,79,16,0,0,0,0,0,0,0,-32286,0,0,0,0,0,2795899,0
2736916,8630,-1422,2518,-954,290,-335,-4454,415,-5,-1380,-24,19396,30,34,79,16,0,0,0,0,0,0,0,-32286,0,0,0,0,0,2795914,0
2736921,8318,-1196,2530,-997,294,-360,-4362,414,28,-1379,-24,19398,35,34,79,16,0,0,0,0,0,0,0,-32286,0,0,0,0,0,2795919,0
2736926,8510,-1330,2390,-1031,318,-353,-4265,423,42,-1387,-16,19398,35,34,79,16,0,0,0,0,0,0,0,-32287,0,0,0,0,0,2795934,0
2736931,8244,-1070,2460,-1089,319,-386,-4167,443,39,-1384,0,19400,39,33,79,16,0,0,0,0,0,0,0,-32287,0,0,0,0,0,2795939,0
2736936,8266,-1304,2294,-1070,248,-449,-4059,484,49,-1371,8,19400,39,33,79,16,0,0,0,0,0,0,0,-32287,0,0,0,0,0,2795954,0
2736941,8414,-1722,2174,-1097,159,-447,-3940,517,72,-1332,24,19400,41,33,79,16,0,0,0,0,0,0,0,-32286,0,0,0,0,0,2795959,0
2736946,8658,-1970,2198,-1199,55,-439,-3816,550,101,-1349,40,19400,41,33,79,16,0,0,0,0,0,0,0,-32286,0,0,0,0,0,2795974,0
2736951,9162,-2592,2302,-1316,-33,-398,-3684,586,123,-1357,80,19400,40,34,79,16,0,0,0,0,0,0,0,-32286,0,0,0,0,0,2795979,0
2736956,10364,-2780,2588,-1215,-405,-630,-3520,750,155,-902,1320,19400,40,34,79,16,0,0,0,0,0,0,0,-32287,0,0,0,0,0,2795994,0
2736961,11882,-4120,1980,-573,-819,-788,-3326,1069,336,-102,2328,19395,39,34,79,16,0,0,0,0,0,0,0,-32287,0,0,0,0,0,2795999,0
2736966,11804,-4078,1352,33,-1537,-1065,-3006,1441,650,-46,3168,19395,39,34,79,16,0,0,0,0,0,0,0,-32286,0,0,0,0,0,2796014,0
2736971,13520,-4414,258,569,-2078,-1313,-2615,1746,959,1,3792,19394,47,34,79,16,0,0,0,0,0,0,0,-32286,0,0,0,0,0,2796019,0
2736976,14920,-3762,472,973,-2578,-1712,-2170,1986,1105,22,4208,19394,47,34,79,16,0,0,0,0,0,0,0,-32286,0,0,0,0,0,2796034,0
2736981,14378,-4102,434,963,-2519,-1768,-1686,2145,1022,40,4464,19390,66,34,79,16,0,0,0,0,0,0,0,-32286,0,0,0,0,0,2796039,0
2736986,14764,-4476,1810,971,-2368,-1928,-1178,2249,797,39,4592,19390,66,34,79,16,0,0,0,0,0,0,0,-32286,0,0,0,0,0,2796054,0
2736991,14518,-5554,2980,1060,-1897,-1948,-657,2299,569,38,4600,19386,81,33,79,16,0,0,0,0,0,0,0,-32286,0,0,0,0,0,2796059,0
2736996,12466,-6592,3846,308,-915,-1648,-133,2298,361,35,4528,19386,81,33,79,16,0,0,0,0,0,0,0,-32286,0,0,0,0,0,2796074,0
2737001,10610,-6850,4086,-341,-263,-1454,384,2275,177,22,4424,19384,91,34,79,16,0,0,0,0,0,0,0,-32286,0,0,0,0,0,2796079,0
2737006,9098,-7992,3752,-721,310,-1224,885,2199,16,9,4264,19384,91,34,79,16,0,0,0,0,0,0,0,-32287,0,0,0,0,0,2796094,0
2737011,7408,-8822,3510,-558,677,-1100,1370,2117,-112,0,4080,19385,87,34,79,16,0,0,0,0,0,0,0,-32286,0,0,0,0,0,2796099,0
2737016,5908,-9082,2310,1019,641,-1102,1832,2018,-209,-3,3888,19385,87,34,79,16,0,0,0,0,0,0,0,-32286,0,0,0,0,0,2796114,0
2737021,5568,-9072,1902,1281,561,-922,2268,1902,-286,-6,3640,19387,82,34,79,16,0,0,0,0,0,0,0,-32286,0,0,0,0,0,2796119,0
2737026,4730,-8146,1696,1109,643,-708,2678,1790,-344,-3,3408,19387,82,34,79,16,0,0,0,0,0,0,0,-32286,0,0,0,0,0,2796134,0
2737031,4376,-7660,1196,764,806,-436,3065,1691,-368,3,3160,19389,69,34,79,16,0,0,0,0,0,0,0,-32286,0,0,0,0,0,2796139,0
2737036,3776,-7360,-22,896,469,-320,3427,1582,-379,10,2896,19389,69,34,79,16,0,0,0,0,0,0,0,-32286,0,0,0,0,0,2796157,0
2737041,4148,-5758,-464,2665,-677,-1039,3757,1429,-392,31,2472,19392,65,34,79,16,0,0,0,0,0,0,0,-32286,0,0,0,0,0,2796162,0
2737046,4028,-7790,-1830,2849,-412,-350,4039,1223,-456,33,2016,19392,65,34,79,16,0,0,0,0,0,0,0,-32286,0,0,0,0,0,2796173,0
2737051,1534,-3166,-752,2237,-1048,-528,4279,1036,-541,11,1552,19398,69,34,79,16,0,0,0,0,0,0,0,-32286,0,0,0,0,0,2796178,0
2737056,3228,-1838,-1746,769,-612,-157,4467,800,-641,18,1032,19398,69,34,79,16,0,0,0,0,0,0,0,-32286,0,0,0,0,0,2796193,0
2737061,3468,-2864,-1354,13,-355,15,4610,606,-703,3,616,19405,71,34,79,16,0,0,0,0,0,0,0,-32286,0,0,0,0,0,2796198,0
2737066,3444,-3748,-900,-328,-122,154,4705,399,-759,-3,152,19405,71,34,79,16,0,0,0,0,0,0,0,-32286,0,0,0,0,0,2796213,0
2737071,3472,-4394,-478,-421,-2,265,4758,221,-734,-42,40,19404,65,34,79,16,0,0,0,0,0,0,0,-32286,0,0,0,0,0,2796218,0
2737076,3416,-4430,-20,-404,268,522,4768,30,-679,-33,-24,19404,65,34,79,16,0,0,0,0,0,0,0,-32287,0,0,0,0,0,2796233,0
2737081,3756,-3894,-84,-404,355,584,4754,-69,-613,0,-48,19401,64,34,79,16,0,0,0,0,0,0,0,-32287,0,0,0,0,0,2796238,0
2737086,4084,-3998,206,-109,354,566,4729,-114,-494,2,-48,19401,64,34,79,16,0,0,0,0,0,0,0,-32286,0,0,0,0,0,2796253,0
2737091,4248,-4558,306,407,91,515,4707,-89,-376,-5,-32,19394,62,34,79,16,0,0,0,0,0,0,0,-32286,0,0,0,0,0,2796258,0
2737096,4694,-4522,-758,977,-724,672,4689,-80,-196,-1,-40,19394,62,34,79,16,0,0,0,0,0,0,0,-32286,0,0,0,0,0,2796273,0
2737101,5258,-2970,-876,660,-889,768,4668,-97,-55,1,-40,19391,69,34,79,16,0,0,0,0,0,0,0,-32286,0,0,0,0,0,2796278,0
2737106,5914,-2182,-858,105,-927,860,4649,-81,10,-3,-24,19391,69,34,79,16,0,0,0,0,0,0,0,-32286,0,0,0,0,0,2796293,0
2737111,6254,-2326,-528,-389,-909,945,4635,-63,22,-1,-32,19390,66,34,79,16,0,0,0,0,0,0,0,-32286,0,0,0,0,0,2796298,0
2737116,6782,-3504,152,-685,-1055,1033,4615,-93,11,4,-48,19390,66,34,79,16,0,0,0,0,0,0,0,-32286,0,0,0,0,0,2796313,0
2737121,6956,-3570,536,-703,-1046,1028,4594,-88,-2,-5,-32,19390,66,33,79,16,0,0,0,0,0,0,0,-32286,0,0,0,0,0,2796318,0
2737126,7366,-3558,772,-627,-1093,976,4586,-24,15,-11,0,19390,66,33,79,16,0,0,0,0,0,0,0,-32286,0,0,0,0,0,2796333,0
2737131,7786,-3660,884,-507,-1083,928,4591,25,56,-8,16,19392,63,34,79,16,0,0,0,0,0,0,0,-32286,0,0,0,0,0,2796338,0
2737136,7854,-3806,1142,-324,-1031,819,4603,49,105,0,16,19392,63,34,79,16,0,0,0,0,0,0,0,-32286,0,0,0,0,0,2796353,0
2737141,7822,-3882,866,-270,-1023,762,4608,16,121,4,-8,19394,61,34,79,16,0,0,0,0,0,0,0,-32286,0,0,0,0,0,2796358,0
2737146,7650,-3638,658,-221,-1010,678,4605,-12,64,2,-16,19394,61,34,79,16,0,0,0,0,0,0,0,-32286,0,0,0,0,0,2796373,0
2737151,7644,-3382,436,-101,-1005,554,4603,-11,-17,-3,-8,19394,60,33,79,16,0,0,0,0,0,0,0,-32286,0,0,0,0,0,2796378,0
2737156,7008,-3456,-98,-65,-1032,441,4604,11,-44,-5,0,19394,60,33,79,16,0,0,0,0,0,0,0,-32286,0,0,0,0,0,2796393,0
2737161,6960,-3442,-204,-74,-1036,389,4605,1,-21,0,0,19393,51,33,79,16,0,0,0,0,0,0,0,-32286,0,0,0,0,0,2796398,0
2737166,6852,-3478,-68,-27,-1016,301,4605,-3,-2,0,-8,19393,51,33,79,16,0,0,0,0,0,0,0,-32286,0,0,0,0,0,2796413,0
2737171,6708,-3832,-34,121,-1064,230,4606,0,10,-2,-8,19391,61,34,79,16,0,0,0,0,0,0,0,-32286,0,0,0,0,0,2796418,0
2737176,6528,-4384,-164,450,-1312,154,4604,0,1,-1,0,19391,61,34,79,16,0,0,0,0,0,0,0,-32286,0,0,0,0,0,2796433,0
2737181,6620,-4360,-136,484,-1332,137,4606,2,-4,0,-8,19390,62,33,79,16,0,0,0,0,0,0,0,-32286,0,0,0,0,0,2796438,0
2737186,6740,-4156,-24,468,-1303,163,4606,0,-5,-1,-8,19390,62,33,79,16,0,0,0,0,0,0,0,-32286,0,0,0,0,0,2796453,0
2737191,6720,-4174,176,451,-1275,173,4605,-1,-1,0,-8,19390,70,33,79,16,0,0,0,0,0,0,0,-32286,0,0,0,0,0,2796458,0
2737196,6814,-4630,122,619,-1280,212,4606,4,-3,-1,0,19390,70,33,79,16,0,0,0,0,0,0,0,-32286,0,0,0,0,0,2796473,0
2737201,6828,-4574,172,775,-1298,229,4605,-1,0,0,-8,19390,73,33,79,16,0,0,0,0,0,0,0,-32286,0,0,0,0,0,2796478,0
2737206,6952,-4394,192,913,-1296,251,4605,-2,0,0,0,19390,73,33,79,16,0,0,0,0,0,0,0,-32286,0,0,0,0,0,2796493,0
2737211,7010,-4154,246,1021,-1290,262,4606,0,0,0,-8,19391,75,33,79,16,0,0,0,0,0,0,0,-32286,0,0,0,0,0,2796498,0
2737216,7290,-3734,350,1155,-1191,305,4606,-1,-1,-1,-8,19391,75,33,79,16,0,0,0,0,0,0,0,-32287,0,0,0,0,0,2796513,0
2737221,7302,-3492,388,1163,-1115,325,4606,5,-1,-2,0,19389,63,34,79,16,0,0,0,0,0,0,0,-32286,0,0,0,0,0,2796518,0
2737226,7572,-3372,282,1166,-1023,390,4607,6,3,-1,8,19389,63,34,79,16,0,0,0,0,0,0,0,-32287,0,0,0,0,0,2796533,0
2737231,7392,-3184,408,1077,-944,414,4609,7,3,-1,0,19389,59,34,79,16,0,0,0,0,0,0,0,-32286,0,0,0,0,0,2796538,0
2737236,7422,-3018,516,926,-679,529,4613,14,13,-2,8,19389,59,34,79,16,0,0,0,0,0,0,0,-32286,0,0,0,0,0,2796556,0
2737241,7394,-2928,632,905,-608,537,4618,27,21,-1,8,19389,58,34,79,16,0,0,0,0,0,0,0,-32286,0,0,0,0,0,2796561,0
2737246,7452,-3096,534,957,-524,547,4625,34,20,-2,8,19389,58,34,79,16,0,0,0,0,0,0,0,-32287,0,0,0,0,0,2796576,0
2737251,7316,-2996,496,1041,-490,542,4635,46,24,-4,24,19391,62,34,79,16,0,0,0,0,0,0,0,-32286,0,0,0,0,0,2796581,0
2737256,7574,-2522,240,1248,-452,466,4656,91,42,-10,64,19391,62,34,79,16,0,0,0,0,0,0,0,-32287,0,0,0,0,0,2796596,0
2737261,7752,-2472,66,1374,-490,432,4695,179,97,-7,112,19392,58,34,79,16,0,0,0,0,0,0,0,-32286,0,0,0,0,0,2796601,0
2737266,7710,-2144,-112,1448,-586,357,4752,256,158,-7,216,19392,58,34,79,16,0,0,0,0,0,0,0,-32286,0,0,0,0,0,2796616,0
2737271,7956,-2134,-420,1532,-699,309,4822,315,216,-2,296,19393,66,33,79,16,0,0,0,0,0,0,0,-32286,0,0,0,0,0,2796621,0
2737276,8018,-1630,-662,1545,-915,221,4908,383,244,-7,416,19393,66,33,79,16,0,0,0,0,0,0,0,-32287,0,0,0,0,0,2796636,0
2737281,8062,-1372,-714,1497,-1006,180,5007,443,237,-16,544,19392,64,33,79,16,0,0,0,0,0,0,0,-32286,0,0,0,0,0,2796640,0
2737286,8042,-1288,-706,1444,-1089,173,5112,469,215,0,600,19392,64,33,79,16,0,0,0,0,0,0,0,-32286,0,0,0,0,0,2796655,0
2737291,8004,-1282,-600,1343,-1150,165,5219,472,166,8,584,19391,70,34,79,16,0,0,0,0,0,0,0,-32286,0,0,0,0,0,2796660,0
2737296,8134,-1124,-308,1099,-1104,164,5328,464,111,7,552,19391,70,34,79,16,0,0,0,0,0,0,0,-32286,0,0,0,0,0,2796675,0
2737301,8018,-1250,-120,940,-1065,202,5436,471,58,1,584,19391,72,34,79,16,0,0,0,0,0,0,0,-32286,0,0,0,0,0,2796680,0
2737306,7996,-1400,42,800,-1011,214,5541,465,14,2,544,19391,72,34,79,16,0,0,0,0,0,0,0,-32287,0,0,0,0,0,2796695,0
2737311,8078,-1514,186,727,-923,227,5641,438,-16,4,488,19390,71,34,79,16,0,0,0,0,0,0,0,-32286,0,0,0,0,0,2796700,0
2737316,8022,-1712,546,661,-744,250,5733,404,-41,3,400,19390,71,34,79,16,0,0,0,0,0,0,0,-32286,0,0,0,0,0,2796715,0
2737321,8070,-1736,644,658,-667,243,5820,373,-67,11,336,19390,75,34,79,16,0,0,0,0,0,0,0,-32286,0,0,0,0,0,2796720,0
2737326,8086,-1826,624,637,-567,229,5903,359,-85,14,312,19390,75,34,79,16,0,0,0,0,0,0,0,-32286,0,0,0,0,0,2796735,0
2737331,8054,-1792,594,634,-497,210,5980,336,-89,8,248,19390,67,33,79,16,0,0,0,0,0,0,0,-32286,0,0,0,0,0,2796740,0
2737336,7908,-1812,510,584,-369,190,6050,302,-84,12,192,19390,67,33,79,16,0,0,0,0,0,0,0,-32287,0,0,0,0,0,2796755,0
2737341,8016,-1886,378,564,-313,178,6112,270,-95,0,144,19389,67,33,79,16,0,0,0,0,0,0,0,-32286,0,0,0,0,0,2796760,0
2737346,7884,-1948,268,507,-256,194,6163,217,-109,-9,104,19389,67,33,79,16,0,0,0,0,0,0,0,-32286,0,0,0,0,0,2796775,0
2737351,7680,-2030,168,453,-283,199,6202,174,-130,-9,64,19393,69,34,79,16,0,0,0,0,0,0,0,-32286,0,0,0,0,0,2796780,0
2737356,7492,-2404,64,401,-192,198,6240,163,-136,-5,64,19393,69,34,79,16,0,0,0,0,0,0,0,-32286,0,0,0,0,0,2796795,0
2737361,7280,-2490,78,441,-280,202,6273,144,-118,-3,64,19392,68,33,79,16,0,0,0,0,0,0,0,-32288,0,0,0,0,0,2796800,0
2737366,7484,-2524,70,508,-334,197,6308,157,-81,-6,72,19392,68,33,79,16,0,0,0,0,0,0,0,-32287,0,0,0,0,0,2796815,0
2737371,7510,-2316,120,426,-299,222,6343,157,-41,0,80,19393,74,33,79,16,0,0,0,0,0,0,0,-32287,0,0,0,0,0,2796820,0
2737376,7630,-2560,252,368,-184,213,6385,194,0,-3,104,19393,74,33,79,16,0,0,0,0,0,0,0,-32286,0,0,0,0,0,2796835,0
2737381,7428,-2592,388,448,-215,191,6431,211,34,1,120,19391,76,33,79,16,0,0,0,0,0,0,0,-32286,0,0,0,0,0,2796840,0
2737386,7510,-2884,278,545,-226,203,6476,192,54,3,96,19391,76,33,79,16,0,0,0,0,0,0,0,-32286,0,0,0,0,0,2796855,0
2737391,7372,-2708,228,657,-286,185,6521,197,44,0,104,19391,72,34,79,16,0,0,0,0,0,0,0,-32286,0,0,0,0,0,2796860,0
2737396,7456,-2508,44,676,-273,205,6575,227,33,0,128,19391,72,34,79,16,0,0,0,0,0,0,0,-32286,0,0,0,0,0,2796879,0
2737401,7328,-2366,32,629,-283,188,6626,229,23,3,128,19389,66,34,79,16,0,0,0,0,0,0,0,-32286,0,0,0,0,0,2796883,0
2737406,7474,-2464,-94,636,-298,181,6680,240,34,-6,160,19389,66,34,79,16,0,0,0,0,0,0,0,-32286,0,0,0,0,0,2796894,0
2737411,7452,-2388,-48,710,-318,154,6741,269,40,-7,200,19389,64,34,79,16,0,0,0,0,0,0,0,-32286,0,0,0,0,0,2796906,0
2737416,7502,-2208,-54,877,-364,56,6812,307,62,2,264,19389,64,34,79,16,0,0,0,0,0,0,0,-32286,0,0,0,0,0,2796914,0
2737421,7650,-2206,-148,943,-363,54,6890,354,89,0,288,19392,55,34,79,16,0,0,0,0,0,0,0,-32286,0,0,0,0,0,2796919,0
2737426,7568,-2158,-168,911,-360,69,6967,343,102,4,280,19392,55,34,79,16,0,0,0,0,0,0,0,-32286,0,0,0,0,0,2796934,0
2737431,7582,-1994,-134,850,-364,42,7043,337,81,0,256,19392,54,34,79,16,0,0,0,0,0,0,0,-32286,0,0,0,0,0,2796939,0
2737436,7488,-2136,-48,757,-271,80,7118,324,32,2,240,19392,54,34,79,16,0,0,0,0,0,0,0,-32286,0,0,0,0,0,2796954,0
2737441,7598,-2322,12,780,-269,84,7194,338,9,-3,280,19393,58,34,79,16,0,0,0,0,0,0,0,-32286,0,0,0,0,0,2796959,0
2737446,7610,-2464,30,841,-230,110,7274,345,-3,-1,288,19393,58,34,79,16,0,0,0,0,0,0,0,-32286,0,0,0,0,0,2796974,0
2737451,7498,-2444,60,892,-246,132,7355,351,12,4,272,19393,66,33,79,16,0,0,0,0,0,0,0,-32286,0,0,0,0,0,2796979,0
2737456,7524,-2308,96,844,-191,225,7428,324,6,8,216,19393,66,33,79,16,0,0,0,0,0,0,0,-32286,0,0,0,0,0,2796994,0
2737461,7698,-2214,86,791,-145,253,7498,308,-13,1,200,19392,68,33,79,16,0,0,0,0,0,0,0,-32287,0,0,0,0,0,2796999,0
2737466,7668,-2096,140,754,-91,280,7567,302,-36,1,184,19392,68,33,79,16,0,0,0,0,0,0,0,-32287,0,0,0,0,0,2797014,0
2737471,7794,-2040,130,746,-76,295,7635,304,-44,-7,216,19391,66,34,79,16,0,0,0,0,0,0,0,-32286,0,0,0,0,0,2797019,0
2737476,7794,-2078,190,784,-5,299,7706,311,-30,-5,224,19391,66,34,79,16,0,0,0,0,0,0,0,-32286,0,0,0,0,0,2797034,0
2737481,7798,-1960,150,807,-1,292,7779,326,-4,-4,248,19388,70,34,79,16,0,0,0,0,0,0,0,-32286,0,0,0,0,0,2797039,0
2737486,7788,-1944,194,791,21,291,7854,325,23,3,248,19388,70,34,79,16,0,0,0,0,0,0,0,-32286,0,0,0,0,0,2797054,0
2737491,7746,-1788,234,732,29,261,7928,331,21,-3,256,19386,76,34,79,16,0,0,0,0,0,0,0,-32287,0,0,0,0,0,2797059,0
2737496,7894,-1782,320,748,156,187,8007,346,26,-4,288,19386,76,34,79,16,0,0,0,0,0,0,0,-32286,0,0,0,0,0,2797073,0
2737501,7794,-1854,214,751,145,132,8090,369,29,-6,328,19385,78,34,79,16,0,0,0,0,0,0,0,-32286,0,0,0,0,0,2797078,0
2737506,7900,-2084,76,820,148,97,8181,403,50,-10,408,19385,78,34,79,16,0,0,0,0,0,0,0,-32286,0,0,0,0,0,2797093,0
2737511,7838,-2160,116,910,132,60,8279,435,76,-12,488,19385,73,34,79,16,0,0,0,0,0,0,0,-32286,0,0,0,0,0,2797098,0
2737516,7934,-2216,180,1031,112,-4,8378,441,88,-7,520,19385,73,34,79,16,0,0,0,0,0,0,0,-32286,0,0,0,0,0,2797113,0
2737521,8136,-2238,158,1077,139,-28,8485,462,94,-2,560,19384,60,34,79,16,0,0,0,0,0,0,0,-32286,0,0,0,0,0,2797118,0
2737526,7932,-2134,208,1102,129,-54,8594,482,72,0,624,19384,60,34,79,16,0,0,0,0,0,0,0,-32286,0,0,0,0,0,2797133,0
2737531,8046,-2114,-10,1174,154,-78,8707,496,62,-2,664,19385,58,34,79,16,0,0,0,0,0,0,0,-32286,0,0,0,0,0,2797138,0
2737536,7790,-2154,-408,1211,52,-105,8821,502,56,5,632,19385,58,34,79,16,0,0,0,0,0,0,0,-32286,0,0,0,0,0,2797153,0
2737541,8042,-1968,-354,1233,80,-120,8933,499,41,5,624,19387,59,34,79,16,0,0,0,0,0,0,0,-32286,0,0,0,0,0,2797158,0
2737546,7870,-1688,-198,1221,90,-142,9043,479,14,6,568,19387,59,34,79,16,0,0,0,0,0,0,0,-32287,0,0,0,0,0,2797173,0
2737551,8032,-1684,-170,1228,94,-156,9149,472,-10,-2,552,19391,58,34,79,16,0,0,0,0,0,0,0,-32286,0,0,0,0,0,2797177,0
2737556,8084,-1270,-42,1198,206,-175,9255,454,-32,5,488,19391,58,34,79,16,0,0,0,0,0,0,0,-32286,0,0,0,0,0,2797192,0
2737561,8004,-1024,-148,1100,264,-179,9349,411,-51,2,400,19395,52,34,79,16,0,0,0,0,0,0,0,-32286,0,0,0,0,0,2797197,0
2737566,7754,-984,-508,965,321,-168,9435,374,-75,9,320,19395,52,34,79,16,0,0,0,0,0,0,0,-32286,0,0,0,0,0,2797212,0
2737571,7694,-988,-778,854,259,-166,9517,359,-94,3,304,19398,55,33,79,16,0,0,0,0,0,0,0,-32286,0,0,0,0,0,2797217,0
2737576,7818,-1018,-364,827,247,-199,9599,359,-100,-5,312,19398,55,33,79,16,0,0,0,0,0,0,0,-32286,0,0,0,0,0,2797232,0
2737581,7884,-1216,-354,864,206,-206,9678,344,-72,8,256,19399,54,33,79,16,0,0,0,0,0,0,0,-32286,0,0,0,0,0,2797237,0
2737586,7976,-1174,-384,864,165,-215,9748,313,-53,10,216,19399,54,33,79,16,0,0,0,0,0,0,0,-32286,0,0,0,0,0,2797252,0
2737591,8226,-984,-300,858,174,-239,9816,294,-54,4,184,19395,58,34,79,16,0,0,0,0,0,0,0,-32286,0,0,0,0,0,2797257,0
2737596,8464,-1176,-298,794,150,-261,9880,274,-64,0,168,19395,58,34,79,16,0,0,0,0,0,0,0,-32286,0,0,0,0,0,2797272,0
2737601,8818,-1330,-166,880,165,-302,9950,304,-49,-6,240,19393,67,33,79,16,0,0,0,0,0,0,0,-32286,0,0,0,0,0,2797277,0
2737606,8790,-1614,-48,1015,155,-328,10025,329,-11,-5,296,19393,67,33,79,16,0,0,0,0,0,0,0,-32286,0,0,0,0,0,2797292,0
2737611,8960,-1612,64,1150,126,-386,10107,357,35,-5,328,19391,73,34,79,16,0,0,0,0,0,0,0,-32286,0,0,0,0,0,2797297,0
2737616,9180,-1974,-184,1272,131,-439,10188,357,60,2,312,19391,73,34,79,16,0,0,0,0,0,0,0,-32286,0,0,0,0,0,2797312,0
2737621,9548,-2322,-276,1315,144,-495,10270,359,63,-4,328,19390,78,34,79,16,0,0,0,0,0,0,0,-32286,0,0,0,0,0,2797324,0
2737626,9678,-2708,-288,1391,191,-550,10358,382,45,-7,400,19390,78,34,79,16,0,0,0,0,0,0,0,-32286,0,0,0,0,0,2797331,0
2737631,9992,-3138,-286,1554,194,-600,10452,405,43,-12,456,19389,80,34,79,16,0,0,0,0,0,0,0,-32286,0,0,0,0,0,2797336,0
2737636,10198,-3488,-208,1915,137,-676,10547,422,54,0,464,19389,80,34,79,16,0,0,0,0,0,0,0,-32286,0,0,0,0,0,2797351,0
2737641,10408,-3682,-358,1967,106,-690,10638,403,50,9,424,19388,76,34,79,16,0,0,0,0,0,0,0,-32286,0,0,0,0,0,2797356,0
2737646,10456,-3580,-542,2007,109,-703,10728,388,16,5,384,19388,76,34,79,16,0,0,0,0,0,0,0,-32286,0,0,0,0,0,2797371,0
2737651,10422,-3558,-628,1985,113,-682,10808,345,-22,14,280,19388,75,34,79,16,0,0,0,0,0,0,0,-32287,0,0,0,0,0,2797376,0
2737656,9990,-2850,-736,1692,-121,-608,10884,330,-53,12,232,19388,75,34,79,16,0,0,0,0,0,0,0,-32286,0,0,0,0,0,2797391,0
2737661,9966,-2186,-390,1339,-153,-536,10952,300,-89,9,176,19389,74,34,79,16,0,0,0,0,0,0,0,-32287,0,0,0,0,0,2797396,0
2737666,9308,-1824,-612,1039,-355,-517,11005,232,-110,3,80,19389,74,34,79,16,0,0,0,0,0,0,0,-32286,0,0,0,0,0,2797411,0
2737671,9512,-2212,-580,950,-531,-452,11041,143,-151,-8,24,19389,73,34,79,16,0,0,0,0,0,0,0,-32286,0,0,0,0,0,2797423,0
2737676,9218,-1328,-70,792,-835,-382,11059,78,-198,-7,8,19389,73,34,79,16,0,0,0,0,0,0,0,-32286,0,0,0,0,0,2797431,0
2737681,9794,-474,584,600,-652,-360,11060,-5,-243,11,-16,19389,72,33,79,16,0,0,0,0,0,0,0,-32287,0,0,0,0,0,2797436,0
2737686,9730,-292,1066,437,-545,-370,11055,-21,-250,2,-8,19389,72,33,79,16,0,0,0,0,0,0,0,-32286,0,0,0,0,0,2797451,0
2737691,9958,-616,1064,369,-503,-403,11055,3,-188,-4,0,19389,64,34,79,16,0,0,0,0,0,0,0,-32286,0,0,0,0,0,2797456,0
2737696,10408,-856,1240,230,-243,-472,11054,0,-103,-1,0,19389,64,34,79,16,0,0,0,0,0,0,0,-32286,0,0,0,0,0,2797471,0
2737701,10462,-1104,1180,25,-58,-519,11054,-4,-31,0,0,19388,57,34,79,16,0,0,0,0,0,0,0,-32287,0,0,0,0,0,2797476,0
2737706,10234,-1606,1182,-246,72,-564,11055,-3,5,-1,-8,19388,57,34,79,16,0,0,0,0,0,0,0,-32286,0,0,0,0,0,2797491,0
2737711,10014,-2300,1108,-481,209,-573,11054,-2,7,0,0,19389,70,34,79,16,0,0,0,0,0,0,0,-32286,0,0,0,0,0,2797495,0
2737716,9080,-3540,1268,-746,246,-608,11054,0,2,0,0,19389,70,34,79,16,0,0,0,0,0,0,0,-32286,0,0,0,0,0,2797510,0
2737721,8544,-4362,1282,-779,193,-599,11054,-2,-6,0,0,19392,76,34,79,16,0,0,0,0,0,0,0,-32286,0,0,0,0,0,2797515,0
2737726,8566,-4668,1272,-651,-44,-653,11052,-7,-3,2,-16,19392,76,34,79,16,0,0,0,0,0,0,0,-32286,0,0,0,0,0,2797530,0
2737731,8644,-4060,2118,532,-204,-1133,11038,-68,-23,9,-48,19392,71,33,79,16,0,0,0,0,0,0,0,-32286,0,0,0,0,0,2797535,0
2737736,8658,-4880,1690,1605,-1014,-1117,11006,-147,-79,12,-104,19392,71,33,79,16,0,0,0,0,0,0,0,-32286,0,0,0,0,0,2797550,0
2737741,6478,-2860,2334,672,-751,-1101,10950,-258,-172,18,-256,19393,69,34,79,16,0,0,0,0,0,0,0,-32286,0,0,0,0,0,2797555,0
2737746,6502,-4404,622,-40,-1088,-1001,10865,-381,-268,9,-472,19393,69,34,79,16,0,0,0,0,0,0,0,-32286,0,0,0,0,0,2797570,0
2737751,6814,-4526,1276,-414,-1019,-979,10751,-511,-350,35,-856,19392,65,34,79,16,0,0,0,0,0,0,0,-32286,0,0,0,0,0,2797580,0
2737756,4750,-6546,1182,-462,-1240,-914,10602,-674,-419,25,-1280,19392,65,34,79,16,0,0,0,0,0,0,0,-32286,0,0,0,0,0,2797590,0
2737761,4490,-6568,1576,-439,-1172,-788,10412,-853,-475,13,-1688,19391,70,34,79,16,0,0,0,0,0,0,0,-32286,0,0,0,0,0,2797595,0
2737766,4056,-6630,1886,-588,-1013,-621,10183,-1024,-533,14,-2080,19391,70,34,79,16,0,0,0,0,0,0,0,-32286,0,0,0,0,0,2797610,0
2737771,3602,-7000,2226,-791,-813,-402,9914,-1201,-579,12,-2480,19392,66,34,79,16,0,0,0,0,0,0,0,-32286,0,0,0,0,0,2797615,0
2737776,3484,-8112,2514,-728,-550,45,9606,-1370,-601,8,-2840,19392,66,34,79,16,0,0,0,0,0,0,0,-32286,0,0,0,0,0,2797630,0
2737781,3164,-7892,2654,-562,-487,230,9261,-1537,-603,-2,-3168,19393,73,34,79,16,0,0,0,0,0,0,0,-32286,0,0,0,0,0,2797643,0
2737786,3672,-7792,2508,-433,-374,437,8877,-1700,-595,-3,-3496,19393,73,34,79,16,0,0,0,0,0,0,0,-32286,0,0,0,0,0,2797650,0
2737791,3954,-7234,2394,-301,-306,610,8463,-1841,-579,-14,-3752,19392,84,33,79,16,0,0,0,0,0,0,0,-32286,0,0,0,0,0,2797655,0
2737796,4576,-6196,1806,-314,-197,912,8019,-1959,-549,-18,-3952,19392,84,33,79,16,0,0,0,0,0,0,0,-32286,0,0,0,0,0,2797670,0
2737801,5142,-5910,1146,-314,-192,1062,7552,-2052,-493,-15,-4096,19389,87,33,79,16,0,0,0,0,0,0,0,-32286,0,0,0,0,0,2797682,0
2737806,5542,-5188,992,-269,-219,1120,7076,-2101,-414,-20,-4160,19389,87,33,79,16,0,0,0,0,0,0,0,-32286,0,0,0,0,0,2797689,0
2737811,6088,-4790,542,-218,-345,1174,6594,-2120,-313,-5,-4208,19385,85,34,79,16,0,0,0,0,0,0,0,-32286,0,0,0,0,0,2797694,0
2737816,7458,-3110,-298,-242,-616,1197,6111,-2121,-197,0,-4200,19385,85,34,79,16,0,0,0,0,0,0,0,-32286,0,0,0,0,0,2797709,0
2737821,8190,-2340,-402,-356,-744,1185,5627,-2126,-109,-1,-4216,19383,86,34,79,16,0,0,0,0,0,0,0,-32285,0,0,0,0,0,2797714,0
2737826,8772,-1932,-396,-517,-886,1207,5144,-2127,-49,0,-4208,19383,86,34,79,16,0,0,0,0,0,0,0,-32287,0,0,0,0,0,2797733,0
2737831,9326,-1376,-332,-703,-1043,1174,4661,-2120,-11,-6,-4160,19385,84,34,79,16,0,0,0,0,0,0,0,-32286,0,0,0,0,0,2797738,0
2737836,10786,-550,74,-707,-1346,955,4181,-2108,10,-15,-4112,19385,84,34,79,16,0,0,0,0,0,0,0,-32286,0,0,0,0,0,2797749,0
2737841,11274,-58,334,-587,-1533,787,3710,-2077,28,-7,-4048,19386,87,34,79,16,0,0,0,0,0,0,0,-32287,0,0,0,0,0,2797754,0
2737846,11988,380,560,-547,-1631,640,3249,-2022,59,0,-3904,19386,87,34,79,16,0,0,0,0,0,0,0,-32286,0,0,0,0,0,2797769,0
2737851,12610,762,1104,-646,-1535,513,2802,-1963,112,5,-3808,19387,85,34,79,16,0,0,0,0,0,0,0,-32286,0,0,0,0,0,2797774,0
2737856,13030,872,3092,-1051,-768,320,2369,-1899,161,8,-3672,19387,85,34,79,16,0,0,0,0,0,0,0,-32287,0,0,0,0,0,2797789,0
2737861,13252,354,3394,-1148,-389,209,1952,-1823,197,0,-3520,19387,78,34,79,16,0,0,0,0,0,0,0,-32286,0,0,0,0,0,2797794,0
2737866,13124,-126,3950,-1115,142,113,1550,-1763,216,6,-3384,19387,78,34,79,16,0,0,0,0,0,0,0,-32286,0,0,0,0,0,2797809,0
2737871,12620,-564,4144,-1021,602,41,1162,-1698,229,-2,-3240,19389,77,34,79,16,0,0,0,0,0,0,0,-32286,0,0,0,0,0,2797814,0
2737876,11560,-1214,3552,-900,1276,-115,788,-1641,229,-5,-3088,19389,77,34,79,16,0,0,0,0,0,0,0,-32286,0,0,0,0,0,2797829,0
2737881,10850,-1530,2814,-898,1548,-127,429,-1581,222,-10,-2952,19390,81,34,79,16,0,0,0,0,0,0,0,-32286,0,0,0,0,0,2797838,0
2737886,10052,-1908,2124,-920,1721,-125,85,-1502,217,-9,-2752,19390,81,34,79,16,0,0,0,0,0,0,0,-32286,0,0,0,0,0,2797848,0
2737891,8776,-2108,1482,-1062,1905,-63,-240,-1421,229,-13,-2552,19391,80,34,79,16,0,0,0,0,0,0,0,-32286,0,0,0,0,0,2797853,0
2737896,7464,-2424,910,-1322,2108,52,-542,-1314,257,-9,-2304,19391,80,34,79,16,0,0,0,0,0,0,0,-32286,0,0,0,0,0,2797868,0
2737901,6886,-3284,256,-1184,1974,67,-817,-1196,297,-7,-2032,19388,77,34,79,16,0,0,0,0,0,0,0,-32286,0,0,0,0,0,2797873,0
2737906,6456,-3504,-206,-939,1785,69,-1066,-1085,350,-2,-1784,19388,77,34,79,16,0,0,0,0,0,0,0,-32286,0,0,0,0,0,2797888,0
2737911,6150,-3232,-554,-751,1575,74,-1287,-967,381,0,-1552,19388,79,34,79,16,0,0,0,0,0,0,0,-32286,0,0,0,0,0,2797893,0
2737916,5872,-2600,-820,-688,1249,29,-1485,-860,397,0,-1368,19388,79,34,79,16,0,0,0,0,0,0,0,-32286,0,0,0,0,0,2797908,0
2737921,5746,-2670,-1044,-786,1107,87,-1661,-766,392,1,-1160,19388,87,34,79,16,0,0,0,0,0,0,0,-32286,0,0,0,0,0,2797913,0
2737926,5622,-2536,-838,-870,962,86,-1818,-685,364,6,-1008,19388,87,34,79,16,0,0,0,0,0,0,0,-32286,0,0,0,0,0,2797928,0
2737931,5738,-2642,-618,-844,859,63,-1959,-614,335,0,-840,19389,86,34,79,16,0,0,0,0,0,0,0,-32286,0,0,0,0,0,2797933,0
2737936,5662,-3026,-32,-754,665,119,-2085,-548,295,5,-688,19389,86,34,79,16,0,0,0,0,0,0,0,-32286,0,0,0,0,0,2797948,0
2737941,5832,-3056,220,-712,635,151,-2201,-499,254,11,-584,19388,74,34,79,16,0,0,0,0,0,0,0,-32286,0,0,0,0,0,2797953,0
2737946,5842,-2908,600,-709,647,191,-2305,-460,217,10,-504,19388,74,34,79,16,0,0,0,0,0,0,0,-32286,0,0,0,0,0,2797968,0
2737951,6010,-2908,864,-741,698,245,-2396,-401,196,3,-368,19388,66,33,79,16,0,0,0,0,0,0,0,-32286,0,0,0,0,0,2797973,0
2737956,6110,-2814,1226,-796,831,332,-2479,-361,178,-3,-296,19388,66,33,79,16,0,0,0,0,0,0,0,-32286,0,0,0,0,0,2797988,0
2737961,6178,-2746,1150,-741,793,338,-2541,-341,160,0,-264,19387,68,33,79,16,0,0,0,0,0,0,0,-32287,0,0,0,0,0,2797993,0
2737966,6422,-2632,1190,-608,835,341,-2612,-306,138,-4,-208,19387,68,33,79,16,0,0,0,0,0,0,0,-32286,0,0,0,0,0,2798008,0
2737971,6382,-2238,1234,-636,873,384,-2678,-290,116,1,-184,19388,64,33,79,16,0,0,0,0,0,0,0,-32286,0,0,0,0,0,2798013,0
2737976,6598,-1820,1110,-795,930,382,-2741,-273,89,-2,-144,19388,64,33,79,16,0,0,0,0,0,0,0,-32287,0,0,0,0,0,2798028,0
2737981,6582,-1980,1040,-785,930,409,-2795,-236,84,9,-120,19390,70,33,79,16,0,0,0,0,0,0,0,-32286,0,0,0,0,0,2798040,0
2737986,6414,-1830,1030,-722,874,380,-2839,-190,100,10,-96,19390,70,33,79,16,0,0,0,0,0,0,0,-32286,0,0,0,0,0,2798052,0
2737991,6528,-1742,924,-670,883,371,-2874,-156,114,4,-48,19391,61,34,79,16,0,0,0,0,0,0,0,-32286,0,0,0,0,0,2798057,0
2737996,6450,-1418,762,-639,845,351,-2899,-104,138,4,-48,19391,61,34,79,16,0,0,0,0,0,0,0,-32287,0,0,0,0,0,2798067,0
2738001,6266,-1172,800,-681,814,313,-2922,-106,121,3,-40,19391,60,33,79,16,0,0,0,0,0,0,0,-32286,0,0,0,0,0,2798072,0
2738006,6308,-1232,640,-651,793,286,-2937,-66,115,-5,-24,19391,60,33,79,16,0,0,0,0,0,0,0,-32286,0,0,0,0,0,2798087,0
2738011,6202,-1184,542,-618,756,265,-2941,-14,109,-6,0,19391,58,34,79,16,0,0,0,0,0,0,0,-32286,0,0,0,0,0,2798092,0
2738016,5990,-1180,424,-585,666,246,-2940,14,113,-3,0,19391,58,34,79,16,0,0,0,0,0,0,0,-32287,0,0,0,0,0,2798107,0
2738021,5820,-1118,414,-595,621,239,-2939,7,97,0,0,19393,74,34,79,16,0,0,0,0,0,0,0,-32287,0,0,0,0,0,2798112,0
2738026,5864,-1062,442,-606,600,254,-2938,0,75,0,-8,19393,74,34,79,16,0,0,0,0,0,0,0,-32287,0,0,0,0,0,2798127,0
2738031,5798,-966,474,-662,613,265,-2938,1,27,0,0,19391,77,34,79,16,0,0,0,0,0,0,0,-32287,0,0,0,0,0,2798132,0
2738036,5772,-988,550,-712,671,278,-2938,0,-2,0,0,19391,77,34,79,16,0,0,0,0,0,0,0,-32286,0,0,0,0,0,2798147,0
2738041,5772,-1040,528,-664,677,287,-2938,0,-8,0,0,19391,78,34,79,16,0,0,0,0,0,0,0,-32286,0,0,0,0,0,2798156,0
2738046,5734,-1014,466,-608,654,279,-2936,7,1,0,0,19391,78,34,79,16,0,0,0,0,0,0,0,-32287,0,0,0,0,0,2798167,0
2738051,5814,-862,454,-567,629,277,-2937,4,1,0,0,19390,75,34,79,16,0,0,0,0,0,0,0,-32287,0,0,0,0,0,2798172,0
2738056,5788,-526,496,-635,642,265,-2934,9,8,0,0,19390,75,34,79,16,0,0,0,0,0,0,0,-32286,0,0,0,0,0,2798187,0
2738061,5824,-468,482,-689,653,257,-2935,6,6,0,0,19391,68,34,79,16,0,0,0,0,0,0,0,-32286,0,0,0,0,0,2798192,0
2738066,5746,-406,484,-723,642,231,-2936,-1,2,0,0,19391,68,34,79,16,0,0,0,0,0,0,0,-32287,0,0,0,0,0,2798207,0
2738071,5842,-406,424,-727,627,218,-2934,1,-2,0,0,19390,64,34,79,16,0,0,0,0,0,0,0,-32286,0,0,0,0,0,2798212,0
2738076,5864,-206,504,-739,581,161,-2935,0,4,1,-8,19390,64,34,79,16,0,0,0,0,0,0,0,-32287,0,0,0,0,0,2798227,0
2738081,5944,-128,520,-753,572,133,-2936,-3,-3,-1,0,19391,62,34,79,16,0,0,0,0,0,0,0,-32287,0,0,0,0,0,2798231,0
2738086,5884,128,350,-825,573,120,-2934,-3,-3,0,0,19391,62,34,79,16,0,0,0,0,0,0,0,-32286,0,0,0,0,0,2798246,0
2738091,5808,282,294,-1119,671,169,-2930,18,5,-3,8,19390,70,34,79,16,0,0,0,0,0,0,0,-32286,0,0,0,0,0,2798251,0
2738096,6028,-350,380,-1278,678,129,-2924,36,17,-1,16,19390,70,34,79,16,0,0,0,0,0,0,0,-32286,0,0,0,0,0,2798266,0
2738101,5938,-442,402,-1139,557,66,-2916,34,25,0,8,19390,66,34,79,16,0,0,0,0,0,0,0,-32287,0,0,0,0,0,2798271,0
2738106,6196,-678,168,-1042,384,35,-2913,12,20,2,-8,19390,66,34,79,16,0,0,0,0,0,0,0,-32286,0,0,0,0,0,2798286,0
2738111,6412,-678,274,-997,285,0,-2914,0,2,1,0,19388,70,34,79,16,0,0,0,0,0,0,0,-32286,0,0,0,0,0,2798291,0
2738116,6818,-894,834,-1091,240,-11,-2913,1,-26,-1,0,19388,70,34,79,16,0,0,0,0,0,0,0,-32286,0,0,0,0,0,2798306,0
2738121,7230,-1196,1002,-1161,237,-12,-2914,1,-32,0,0,19388,69,34,79,16,0,0,0,0,0,0,0,-32286,0,0,0,0,0,2798311,0
2738126,7404,-1402,1252,-1245,275,-2,-2913,8,-11,0,0,19388,69,34,79,16,0,0,0,0,0,0,0,-32286,0,0,0,0,0,2798326,0
2738131,7794,-1700,1402,-1299,330,-1,-2909,14,1,-1,0,19387,74,34,79,16,0,0,0,0,0,0,0,-32286,0,0,0,0,0,2798331,0
2738136,8450,-2070,1662,-1202,354,-94,-2907,11,11,0,8,19387,74,34,79,16,0,0,0,0,0,0,0,-32286,0,0,0,0,0,2798346,0
2738141,8700,-2382,1646,-1063,275,-152,-2904,9,14,1,0,19388,77,33,79,16,0,0,0,0,0,0,0,-32286,0,0,0,0,0,2798360,0
2738146,9070,-2456,1600,-936,158,-209,-2906,-5,3,3,-8,19388,77,33,79,16,0,0,0,0,0,0,0,-32286,0,0,0,0,0,2798366,0
2738151,9464,-2484,1616,-872,90,-261,-2907,-11,-11,0,-8,19389,80,34,79,16,0,0,0,0,0,0,0,-32286,0,0,0,0,0,2798371,0
2738156,9614,-2518,1712,-1026,52,-280,-2907,-9,-20,0,0,19389,80,34,79,16,0,0,0,0,0,0,0,-32286,0,0,0,0,0,2798386,0
2738161,9494,-2720,1742,-1135,70,-276,-2907,-2,-11,-1,-8,19389,75,34,79,16,0,0,0,0,0,0,0,-32286,0,0,0,0,0,2798390,0
2738166,9200,-2942,1832,-1130,85,-284,-2907,5,-2,-1,0,19389,75,34,79,16,0,0,0,0,0,0,0,-32287,0,0,0,0,0,2798408,0
2738171,8948,-3060,1742,-1039,63,-280,-2907,-1,-1,0,-8,19390,69,34,79,16,0,0,0,0,0,0,0,-32286,0,0,0,0,0,2798413,0
2738176,8562,-2710,1614,-867,55,-322,-2909,-1,2,0,0,19390,69,34,79,16,0,0,0,0,0,0,0,-32286,0,0,0,0,0,2798425,0
2738181,8266,-2348,1658,-858,93,-327,-2910,-8,2,1,0,19390,62,34,79,16,0,0,0,0,0,0,0,-32286,0,0,0,0,0,2798430,0
2738186,8216,-2086,1650,-853,144,-326,-2909,-1,-1,1,-8,19390,62,34,79,16,0,0,0,0,0,0,0,-32286,0,0,0,0,0,2798445,0
2738191,8140,-1894,1694,-828,180,-340,-2911,-5,-2,0,0,19392,63,33,79,16,0,0,0,0,0,0,0,-32286,0,0,0,0,0,2798450,0
2738196,8206,-1536,1804,-524,175,-424,-2910,-2,2,0,-8,19392,63,33,79,16,0,0,0,0,0,0,0,-32286,0,0,0,0,0,2798465,0
2738201,8316,-1234,1826,-375,126,-475,-2911,-3,1,0,-8,19391,67,34,79,16,0,0,0,0,0,0,0,-32286,0,0,0,0,0,2798470,0
2738206,8606,-870,1824,-333,110,-514,-2912,-8,0,0,-8,19391,67,34,79,16,0,0,0,0,0,0,0,-32286,0,0,0,0,0,2798485,0
2738211,9038,-818,1742,-467,88,-521,-2914,-10,-6,0,-8,19393,67,34,79,16,0,0,0,0,0,0,0,-32286,0,0,0,0,0,2798490,0
2738216,10586,-2046,2150,-910,204,-471,-2914,3,-2,-1,0,19393,67,34,79,16,0,0,0,0,0,0,0,-32286,0,0,0,0,0,2798507,0
2738221,11330,-2786,2560,-1042,270,-429,-2913,5,3,0,-8,19392,62,34,79,16,0,0,0,0,0,0,0,-32286,0,0,0,0,0,2798512,0
2738226,12366,-3612,2848,-1075,328,-397,-2913,0,5,1,0,19392,62,34,79,16,0,0,0,0,0,0,0,-32286,0,0,0,0,0,2798525,0
2738231,13330,-4456,3080,-1110,443,-347,-2914,3,7,0,0,19393,56,33,79,16,0,0,0,0,0,0,0,-32287,0,0,0,0,0,2798530,0
2738236,14650,-6500,3022,-1390,752,-132,-2913,-1,-3,0,0,19393,56,33,79,16,0,0,0,0,0,0,0,-32286,0,0,0,0,0,2798547,0
2738241,14992,-7340,2916,-1415,841,-72,-2913,11,1,-1,0,19391,60,34,79,16,0,0,0,0,0,0,0,-32286,0,0,0,0,0,2798552,0
2738246,14680,-7896,2760,-1223,884,-71,-2912,3,1,0,0,19391,60,34,79,16,0,0,0,0,0,0,0,-32287,0,0,0,0,0,2798567,0
2738251,13824,-7752,2712,-908,913,-125,-2911,1,5,0,0,19390,58,34,79,16,0,0,0,0,0,0,0,-32286,0,0,0,0,0,2798572,0
2738256,11228,-6882,2504,-408,1014,-310,-2910,0,0,0,0,19390,58,34,79,16,0,0,0,0,0,0,0,-32286,0,0,0,0,0,2798587,0
2738261,10104,-6618,2454,-314,1105,-374,-2911,1,1,-1,0,19389,68,34,79,16,0,0,0,0,0,0,0,-32286,0,0,0,0,0,2798592,0
2738266,8994,-6424,2454,-352,1159,-445,-2911,-6,-5,0,0,19389,68,34,79,16,0,0,0,0,0,0,0,-32286,0,0,0,0,0,2798607,0
2738271,8236,-6732,2300,-428,1211,-507,-2911,-4,-5,1,0,19391,72,34,79,16,0,0,0,0,0,0,0,-32286,0,0,0,0,0,2798612,0
2738276,6832,-7498,1618,-271,1107,-672,-2910,-6,-1,1,-8,19391,72,34,79,16,0,0,0,0,0,0,0,-32286,0,0,0,0,0,2798627,0
2738281,6128,-7684,1186,-71,962,-692,-2910,0,3,0,0,19391,75,34,79,16,0,0,0,0,0,0,0,-32286,0,0,0,0,0,2798632,0
2738286,5444,-7690,762,97,731,-707,-2910,1,1,0,-8,19391,75,34,79,16,0,0,0,0,0,0,0,-32286,0,0,0,0,0,2798647,0
2738291,4976,-7358,314,204,463,-689,-2911,-2,-2,0,0,19394,78,34,79,16,0,0,0,0,0,0,0,-32286,0,0,0,0,0,2798652,0
2738296,3802,-6434,-230,155,7,-557,-2910,-2,2,1,-8,19394,78,34,79,16,0,0,0,0,0,0,0,-32286,0,0,0,0,0,2798667,0
2738301,3426,-6064,-206,91,-196,-484,-2910,1,2,0,0,19392,76,34,79,16,0,0,0,0,0,0,0,-32286,0,0,0,0,0,2798672,0
2738306,3368,-5978,-58,128,-429,-441,-2910,1,3,0,0,19392,76,34,79,16,0,0,0,0,0,0,0,-32286,0,0,0,0,0,2798687,0
2738311,3468,-5828,326,314,-627,-410,-2909,0,4,0,0,19392,71,34,79,16,0,0,0,0,0,0,0,-32286,0,0,0,0,0,2798692,0
2738316,3920,-4972,972,847,-917,-408,-2907,10,4,0,0,19392,71,34,79,16,0,0,0,0,0,0,0,-32286,0,0,0,0,0,2798707,0
2738321,4238,-4450,878,1002,-1011,-398,-2906,4,6,1,0,19395,65,34,79,16,0,0,0,0,0,0,0,-32286,0,0,0,0,0,2798712,0
2738326,4446,-3924,662,902,-1008,-331,-2906,6,2,0,0,19395,65,34,79,16,0,0,0,0,0,0,0,-32286,0,0,0,0,0,2798727,0
2738331,4694,-3458,436,557,-903,-221,-2903,11,1,-2,8,19397,69,34,79,16,0,0,0,0,0,0,0,-32287,0,0,0,0,0,2798732,0
2738336,5334,-3062,582,-30,-425,-93,-2897,34,12,-1,16,19397,69,34,79,16,0,0,0,0,0,0,0,-32287,0,0,0,0,0,2798747,0
2738341,5712,-3274,580,82,-196,-90,-2880,81,34,-5,48,19397,71,34,79,16,0,0,0,0,0,0,0,-32286,0,0,0,0,0,2798752,0
2738346,5882,-3586,806,259,-27,-50,-2842,176,96,-14,128,19397,71,34,79,16,0,0,0,0,0,0,0,-32286,0,0,0,0,0,2798767,0
2738351,6310,-4146,596,267,223,142,-2777,296,183,-15,328,19397,74,34,79,16,0,0,0,0,0,0,0,-32286,0,0,0,0,0,2798771,0
2738356,5892,-4526,-682,556,-115,198,-2681,441,289,-28,616,19397,74,34,79,16,0,0,0,0,0,0,0,-32286,0,0,0,0,0,2798786,0
2738361,6502,-3970,-1550,1133,-383,154,-2559,554,378,-24,936,19393,71,34,79,16,0,0,0,0,0,0,0,-32287,0,0,0,0,0,2798791,0
2738366,6770,-2642,-1970,1399,-828,28,-2410,664,421,3,1184,19393,71,34,79,16,0,0,0,0,0,0,0,-32287,0,0,0,0,0,2798806,0
2738371,7732,-1624,-2346,1317,-1006,-45,-2238,762,419,7,1376,19391,65,34,79,16,0,0,0,0,0,0,0,-32286,0,0,0,0,0,2798811,0
2738376,8594,-1132,-2140,647,-1307,-132,-2049,836,389,6,1512,19391,65,34,79,16,0,0,0,0,0,0,0,-32286,0,0,0,0,0,2798826,0
2738381,8888,-1394,-1778,407,-1376,-162,-1848,883,324,11,1576,19393,72,34,79,16,0,0,0,0,0,0,0,-32286,0,0,0,0,0,2798831,0
2738386,9038,-1922,-1252,282,-1388,-187,-1641,916,257,9,1640,19393,72,34,79,16,0,0,0,0,0,0,0,-32286,0,0,0,0,0,2798846,0
2738391,9030,-2240,-700,184,-1348,-213,-1432,922,179,10,1616,19396,67,34,79,16,0,0,0,0,0,0,0,-32287,0,0,0,0,0,2798851,0
2738396,8906,-2758,128,-108,-1124,-210,-1221,936,112,0,1632,19396,67,34,79,16,0,0,0,0,0,0,0,-32286,0,0,0,0,0,2798866,0
2738401,8496,-3032,502,-296,-986,-202,-1014,911,52,14,1568,19397,66,34,79,16,0,0,0,0,0,0,0,-32286,0,0,0,0,0,2798871,0
2738406,8230,-3502,592,-383,-894,-199,-804,919,21,4,1560,19397,66,34,79,16,0,0,0,0,0,0,0,-32286,0,0,0,0,0,2798886,0
2738411,7830,-3932,670,-371,-826,-196,-599,900,-11,5,1520,19398,65,34,79,16,0,0,0,0,0,0,0,-32286,0,0,0,0,0,2798891,0
2738416,7418,-4518,810,-23,-801,-220,-397,885,-17,2,1472,19398,65,34,79,16,0,0,0,0,0,0,0,-32286,0,0,0,0,0,2798906,0
2738421,7222,-4332,880,140,-787,-259,-201,856,-43,11,1392,19398,67,34,79,16,0,0,0,0,0,0,0,-32286,0,0,0,0,0,2798911,0
2738426,7270,-4280,814,248,-754,-270,-11,832,-57,1,1336,19398,67,34,79,16,0,0,0,0,0,0,0,-32286,0,0,0,0,0,2798926,0
2738431,7028,-4108,752,286,-700,-281,172,804,-76,3,1272,19394,72,34,79,16,0,0,0,0,0,0,0,-32286,0,0,0,0,0,2798931,0
2738436,6874,-3960,466,309,-599,-323,347,764,-94,2,1168,19394,72,34,79,16,0,0,0,0,0,0,0,-32286,0,0,0,0,0,2798946,0
2738441,6744,-4014,378,363,-564,-346,512,723,-109,0,1080,19393,72,33,79,16,0,0,0,0,0,0,0,-32286,0,0,0,0,0,2798951,0
2738446,6554,-4078,302,432,-551,-355,670,679,-119,5,968,19393,72,33,79,16,0,0,0,0,0,0,0,-32286,0,0,0,0,0,2798966,0
2738451,6412,-4174,166,501,-542,-357,813,623,-141,2,856,19393,72,34,79,16,0,0,0,0,0,0,0,-32286,0,0,0,0,0,2798971,0
2738456,6152,-3984,-90,510,-518,-337,948,588,-151,0,800,19393,72,34,79,16,0,0,0,0,0,0,0,-32286,0,0,0,0,0,2798986,0
2738461,6074,-4048,-202,511,-501,-300,1074,550,-159,-2,680,19391,79,34,79,16,0,0,0,0,0,0,0,-32287,0,0,0,0,0,2798990,0
2738466,5812,-4082,-242,499,-520,-263,1188,495,-153,1,544,19391,79,34,79,16,0,0,0,0,0,0,0,-32286,0,0,0,0,0,2799005,0
2738471,5834,-4096,-384,513,-530,-248,1294,457,-151,-6,488,19390,67,33,79,16,0,0,0,0,0,0,0,-32286,0,0,0,0,0,2799010,0
2738476,5858,-3930,-520,707,-649,-237,1395,449,-138,-18,504,19390,67,33,79,16,0,0,0,0,0,0,0,-32286,0,0,0,0,0,2799025,0
2738481,5860,-3890,-664,726,-730,-187,1491,421,-120,-6,448,19388,57,33,79,16,0,0,0,0,0,0,0,-32286,0,0,0,0,0,2799030,0
2738486,5938,-3570,-706,685,-799,-174,1580,389,-108,3,368,19388,57,33,79,16,0,0,0,0,0,0,0,-32286,0,0,0,0,0,2799045,0
2738491,6116,-3448,-774,628,-836,-137,1663,361,-86,8,304,19389,56,34,79,16,0,0,0,0,0,0,0,-32286,0,0,0,0,0,2799050,0
2738496,6356,-3364,-760,674,-996,-128,1742,350,-80,1,312,19389,56,34,79,16,0,0,0,0,0,0,0,-32287,0,0,0,0,0,2799065,0
2738501,6300,-3254,-666,717,-1089,-123,1824,352,-74,-1,304,19394,66,34,79,16,0,0,0,0,0,0,0,-32286,0,0,0,0,0,2799070,0
2738506,6536,-3206,-690,745,-1174,-95,1905,353,-46,1,304,19394,66,34,79,16,0,0,0,0,0,0,0,-32286,0,0,0,0,0,2799085,0
2738511,6632,-3052,-576,714,-1181,-46,1979,320,-24,10,232,19395,62,34,79,16,0,0,0,0,0,0,0,-32286,0,0,0,0,0,2799090,0
2738516,6882,-2974,-292,579,-1137,53,2049,309,-31,2,216,19395,62,34,79,16,0,0,0,0,0,0,0,-32286,0,0,0,0,0,2799105,0
2738521,6948,-2990,-118,520,-1101,87,2118,303,-47,2,216,19394,56,34,79,16,0,0,0,0,0,0,0,-32286,0,0,0,0,0,2799110,0
2738526,7110,-2964,30,537,-1059,128,2190,314,-43,-6,248,19394,56,34,79,16,0,0,0,0,0,0,0,-32286,0,0,0,0,0,2799125,0
2738531,7274,-2942,260,576,-993,165,2266,335,-12,-8,312,19391,61,34,79,16,0,0,0,0,0,0,0,-32286,0,0,0,0,0,2799129,0
2738536,7578,-2910,310,701,-905,237,2349,371,30,-9,352,19391,61,34,79,16,0,0,0,0,0,0,0,-32286,0,0,0,0,0,2799144,0
2738541,7640,-2680,384,754,-836,264,2432,381,56,0,368,19389,66,34,79,16,0,0,0,0,0,0,0,-32287,0,0,0,0,0,2799149,0
2738546,7918,-2530,348,802,-772,277,2522,396,69,-14,432,19389,66,34,79,16,0,0,0,0,0,0,0,-32286,0,0,0,0,0,2799164,0
2738551,8000,-2442,290,836,-708,288,2620,424,69,-15,504,19389,68,34,79,16,0,0,0,0,0,0,0,-32286,0,0,0,0,0,2799169,0
2738556,8372,-2164,34,960,-610,243,2724,462,77,-10,616,19389,68,34,79,16,0,0,0,0,0,0,0,-32287,0,0,0,0,0,2799184,0
2738561,8360,-2208,-70,988,-580,256,2834,487,96,0,664,19390,64,34,79,16,0,0,0,0,0,0,0,-32286,0,0,0,0,0,2799189,0
2738566,8338,-1994,-68,999,-535,227,2951,516,99,4,720,19390,64,34,79,16,0,0,0,0,0,0,0,-32286,0,0,0,0,0,2799204,0
2738571,8482,-2048,-168,993,-484,211,3071,530,97,1,752,19391,65,34,79,16,0,0,0,0,0,0,0,-32286,0,0,0,0,0,2799209,0
2738576,8454,-1982,-136,976,-396,160,3198,556,89,-2,816,19391,65,34,79,16,0,0,0,0,0,0,0,-32286,0,0,0,0,0,2799224,0
2738581,8416,-2078,-202,977,-349,155,3328,578,79,4,872,19393,61,33,79,16,0,0,0,0,0,0,0,-32286,0,0,0,0,0,2799229,0
2738586,8160,-2176,-192,935,-330,146,3461,581,74,10,840,19393,61,33,79,16,0,0,0,0,0,0,0,-32286,0,0,0,0,0,2799244,0
2738591,8248,-2044,-198,904,-299,114,3595,589,55,7,856,19392,70,33,79,16,0,0,0,0,0,0,0,-32286,0,0,0,0,0,2799249,0
2738596,8020,-2202,-176,888,-241,82,3733,611,48,2,880,19392,70,33,79,16,0,0,0,0,0,0,0,-32286,0,0,0,0,0,2799264,0
2738601,7880,-2194,-176,849,-270,58,3870,601,31,0,864,19392,67,34,79,16,0,0,0,0,0,0,0,-32287,0,0,0,0,0,2799269,0
2738606,7904,-2212,-214,828,-265,43,4006,599,19,-1,864,19392,67,34,79,16,0,0,0,0,0,0,0,-32286,0,0,0,0,0,2799283,0
2738611,7824,-2136,-174,808,-286,28,4147,619,15,-2,904,19393,72,34,79,16,0,0,0,0,0,0,0,-32286,0,0,0,0,0,2799288,0
2738616,7614,-2224,-96,738,-323,-4,4283,607,9,3,872,19393,72,34,79,16,0,0,0,0,0,0,0,-32286,0,0,0,0,0,2799303,0
2738621,7580,-2350,-82,719,-343,0,4418,591,2,3,832,19393,74,34,79,16,0,0,0,0,0,0,0,-32286,0,0,0,0,0,2799308,0
2738626,7562,-2222,-30,738,-355,-26,4554,600,-10,-1,856,19393,74,34,79,16,0,0,0,0,0,0,0,-32286,0,0,0,0,0,2799323,0
2738631,7482,-2218,50,767,-354,-36,4690,596,-7,2,832,19393,82,33,79,16,0,0,0,0,0,0,0,-32287,0,0,0,0,0,2799328,0
2738636,7484,-2158,38,738,-329,-20,4820,576,-15,2,784,19393,82,33,79,16,0,0,0,0,0,0,0,-32286,0,0,0,0,0,2799343,0
2738641,7426,-2118,124,774,-294,-27,4949,567,-22,-7,784,19391,80,33,79,16,0,0,0,0,0,0,0,-32287,0,0,0,0,0,2799348,0
2738646,7432,-2020,148,794,-252,-16,5077,561,-29,0,760,19391,80,33,79,16,0,0,0,0,0,0,0,-32287,0,0,0,0,0,2799363,0
2738651,7390,-2066,124,802,-206,19,5200,536,-38,10,672,19391,78,34,79,16,0,0,0,0,0,0,0,-32286,0,0,0,0,0,2799368,0
2738656,7486,-1868,38,808,-133,62,5320,524,-41,-1,656,19391,78,34,79,16,0,0,0,0,0,0,0,-32286,0,0,0,0,0,2799383,0
2738661,7432,-1830,18,794,-99,92,5437,512,-47,-9,656,19392,67,34,79,16,0,0,0,0,0,0,0,-32287,0,0,0,0,0,2799388,0
2738666,7446,-1836,-28,777,-53,111,5551,502,-50,-3,616,19392,67,34,79,16,0,0,0,0,0,0,0,-32286,0,0,0,0,0,2799403,0
2738671,7482,-1706,-132,773,-29,138,5661,488,-51,-3,592,19391,52,34,79,16,0,0,0,0,0,0,0,-32286,0,0,0,0,0,2799408,0
2738676,7494,-1728,-140,712,25,170,5768,462,-51,-2,544,19391,52,34,79,16,0,0,0,0,0,0,0,-32287,0,0,0,0,0,2799423,0
2738681,7738,-1768,-304,740,80,188,5873,457,-45,-1,528,19392,59,34,79,16,0,0,0,0,0,0,0,-32286,0,0,0,0,0,2799428,0
2738686,7590,-1750,-224,754,117,212,5979,467,-43,-3,552,19392,59,34,79,16,0,0,0,0,0,0,0,-32286,0,0,0,0,0,2799443,0
2738691,7726,-1890,-254,760,131,223,6083,460,-32,4,536,19392,68,34,79,16,0,0,0,0,0,0,0,-32286,0,0,0,0,0,2799448,0
2738696,7922,-1862,-360,744,207,265,6184,443,-19,-3,504,19392,68,34,79,16,0,0,0,0,0,0,0,-32287,0,0,0,0,0,2799463,0
2738701,8030,-1932,-382,725,214,285,6284,443,-16,-4,512,19392,64,34,79,16,0,0,0,0,0,0,0,-32286,0,0,0,0,0,2799467,0
2738706,8238,-1882,-400,722,228,301,6388,458,-15,-4,568,19392,64,34,79,16,0,0,0,0,0,0,0,-32286,0,0,0,0,0,2799482,0
2738711,8288,-1752,-354,723,212,312,6490,461,-8,0,560,19394,71,34,79,16,0,0,0,0,0,0,0,-32287,0,0,0,0,0,2799487,0
2738716,8446,-1750,-340,658,185,325,6592,448,2,9,512,19394,71,34,79,16,0,0,0,0,0,0,0,-32286,0,0,0,0,0,2799502,0
2738721,8562,-1490,-232,598,232,316,6692,436,-2,0,488,19396,73,34,79,16,0,0,0,0,0,0,0,-32286,0,0,0,0,0,2799507,0
2738726,8556,-1292,-76,545,253,279,6794,449,-6,-6,536,19396,73,34,79,16,0,0,0,0,0,0,0,-32286,0,0,0,0,0,2799522,0
2738731,8608,-1348,34,535,304,230,6901,469,1,-5,592,19396,70,34,79,16,0,0,0,0,0,0,0,-32286,0,0,0,0,0,2799527,0
2738736,8376,-1620,152,520,399,152,7008,463,15,4,560,19396,70,34,79,16,0,0,0,0,0,0,0,-32287,0,0,0,0,0,2799542,0
2738741,8348,-1780,116,504,459,130,7115,474,32,0,576,19395,67,34,79,16,0,0,0,0,0,0,0,-32286,0,0,0,0,0,2799547,0
2738746,8090,-1942,200,501,500,86,7229,502,32,-9,672,19395,67,34,79,16,0,0,0,0,0,0,0,-32286,0,0,0,0,0,2799562,0
2738751,7996,-2118,134,545,529,46,7348,528,41,-4,744,19390,59,34,79,16,0,0,0,0,0,0,0,-32286,0,0,0,0,0,2799567,0
2738756,7662,-2518,78,692,504,17,7469,533,60,13,720,19390,59,34,79,16,0,0,0,0,0,0,0,-32286,0,0,0,0,0,2799582,0
2738761,7610,-2642,-16,782,493,6,7593,544,63,6,744,19389,69,34,79,16,0,0,0,0,0,0,0,-32286,0,0,0,0,0,2799586,0
2738766,7556,-2596,-10,862,466,-22,7724,578,62,-4,872,19389,69,34,79,16,0,0,0,0,0,0,0,-32286,0,0,0,0,0,2799601,0
2738771,7576,-2630,-34,946,448,-36,7857,595,60,9,856,19389,77,34,79,16,0,0,0,0,0,0,0,-32287,0,0,0,0,0,2799606,0
2738776,7532,-2554,-126,1075,362,-54,7993,597,58,12,864,19389,77,34,79,16,0,0,0,0,0,0,0,-32286,0,0,0,0,0,2799621,0
2738781,7588,-2362,-174,1106,367,-69,8129,594,53,2,848,19390,75,34,79,16,0,0,0,0,0,0,0,-32286,0,0,0,0,0,2799626,0
2738786,7612,-2146,-196,1137,357,-86,8267,604,39,6,856,19390,75,34,79,16,0,0,0,0,0,0,0,-32286,0,0,0,0,0,2799641,0
2738791,7618,-2304,-250,1140,355,-58,8401,586,12,11,792,19392,81,34,79,16,0,0,0,0,0,0,0,-32287,0,0,0,0,0,2799646,0
2738796,7640,-1862,-348,1135,329,-28,8528,555,-16,3,712,19392,81,34,79,16,0,0,0,0,0,0,0,-32287,0,0,0,0,0,2799661,0
2738801,7630,-1672,-396,1111,318,5,8650,532,-47,-4,656,19393,75,33,79,16,0,0,0,0,0,0,0,-32286,0,0,0,0,0,2799665,0
2738806,7772,-1428,-386,1076,331,24,8766,502,-73,-3,576,19393,75,33,79,16,0,0,0,0,0,0,0,-32286,0,0,0,0,0,2799680,0
2738811,7776,-1248,-384,1009,360,65,8873,473,-95,-3,504,19391,67,33,79,16,0,0,0,0,0,0,0,-32286,0,0,0,0,0,2799685,0
2738816,7820,-838,-412,842,385,141,8969,422,-108,0,400,19391,67,33,79,16,0,0,0,0,0,0,0,-32286,0,0,0,0,0,2799700,0
2738821,7954,-620,-376,771,409,144,9058,388,-126,3,344,19390,69,34,79,16,0,0,0,0,0,0,0,-32286,0,0,0,0,0,2799705,0
2738826,7982,-486,-360,714,444,143,9145,384,-127,2,336,19390,69,34,79,16,0,0,0,0,0,0,0,-32286,0,0,0,0,0,2799720,0
2738831,8038,-454,-344,682,453,142,9228,373,-95,4,296,19391,64,34,79,16,0,0,0,0,0,0,0,-32286,0,0,0,0,0,2799725,0
2738836,8082,-358,-298,617,445,136,9306,339,-82,8,256,19391,64,34,79,16,0,0,0,0,0,0,0,-32286,0,0,0,0,0,2799740,0
2738841,8226,-430,-330,551,465,136,9378,319,-63,-1,224,19393,65,34,79,16,0,0,0,0,0,0,0,-32286,0,0,0,0,0,2799745,0
2738846,8128,-450,-270,465,461,121,9450,308,-62,-1,232,19393,65,34,79,16,0,0,0,0,0,0,0,-32287,0,0,0,0,0,2799760,0
2738851,8182,-548,-306,462,462,80,9526,336,-54,-12,288,19392,61,34,79,16,0,0,0,0,0,0,0,-32286,0,0,0,0,0,2799765,0
2738856,8206,-940,-300,638,372,-32,9607,368,-11,-11,352,19392,61,34,79,16,0,0,0,0,0,0,0,-32286,0,0,0,0,0,2799780,0
2738861,8396,-1186,-352,749,327,-69,9693,388,37,-2,368,19391,54,34,79,16,0,0,0,0,0,0,0,-32286,0,0,0,0,0,2799785,0
2738866,8348,-1162,-266,774,255,-144,9781,390,63,3,392,19391,54,34,79,16,0,0,0,0,0,0,0,-32286,0,0,0,0,0,2799799,0
2738871,8900,-1384,-360,858,278,-171,9875,407,70,-7,440,19392,61,34,79,16,0,0,0,0,0,0,0,-32286,0,0,0,0,0,2799804,0
2738876,9110,-1956,-406,964,199,-332,9974,447,68,-18,568,19392,61,34,79,16,0,0,0,0,0,0,0,-32286,0,0,0,0,0,2799819,0
2738881,9046,-2300,-424,1172,234,-344,10083,478,71,-11,648,19393,62,33,79,16,0,0,0,0,0,0,0,-32286,0,0,0,0,0,2799824,0
2738886,8982,-2582,-400,1326,129,-377,10196,490,87,3,664,19393,62,33,79,16,0,0,0,0,0,0,0,-32286,0,0,0,0,0,2799839,0
2738891,9190,-2660,-536,1391,59,-397,10309,502,90,5,680,19393,64,34,79,16,0,0,0,0,0,0,0,-32286,0,0,0,0,0,2799844,0
2738896,9324,-2314,-436,1455,-95,-436,10425,512,71,4,704,19393,64,34,79,16,0,0,0,0,0,0,0,-32286,0,0,0,0,0,2799859,0
2738901,9294,-2326,-398,1457,-175,-439,10541,511,38,6,688,19391,67,34,79,16,0,0,0,0,0,0,0,-32286,0,0,0,0,0,2799864,0
2738906,9332,-2106,-316,1413,-251,-432,10651,475,13,12,568,19391,67,34,79,16,0,0,0,0,0,0,0,-32286,0,0,0,0,0,2799879,0
2738911,9270,-1850,-142,1336,-303,-438,10753,447,-20,0,488,19388,65,34,79,16,0,0,0,0,0,0,0,-32286,0,0,0,0,0,2799884,0
2738916,9276,-1544,192,932,-325,-389,10847,412,-67,0,424,19388,65,34,79,16,0,0,0,0,0,0,0,-32286,0,0,0,0,0,2799899,0
2738921,9658,-1344,320,641,-212,-369,10934,375,-102,5,328,19387,65,34,79,16,0,0,0,0,0,0,0,-32287,0,0,0,0,0,2799904,0
2738926,9414,-1674,398,436,-185,-354,11013,348,-117,12,272,19387,65,34,79,16,0,0,0,0,0,0,0,-32286,0,0,0,0,0,2799919,0
2738931,9494,-2044,442,390,-153,-349,11080,290,-121,13,168,19391,67,34,79,16,0,0,0,0,0,0,0,-32286,0,0,0,0,0,2799924,0
2738936,9684,-2484,598,558,-209,-392,11138,249,-137,-4,128,19391,67,34,79,16,0,0,0,0,0,0,0,-32286,0,0,0,0,0,2799938,0
2738941,9792,-2586,632,700,-235,-469,11182,182,-157,-4,72,19391,75,33,79,16,0,0,0,0,0,0,0,-32286,0,0,0,0,0,2799943,0
2738946,9948,-2850,554,713,-235,-458,11207,100,-183,-5,24,19391,75,33,79,16,0,0,0,0,0,0,0,-32286,0,0,0,0,0,2799958,0
2738951,10022,-2460,698,559,-217,-477,11213,15,-223,0,-8,19391,67,33,79,16,0,0,0,0,0,0,0,-32287,0,0,0,0,0,2799963,0
2738956,10056,-2692,974,87,-113,-529,11213,-6,-236,3,0,19391,67,33,79,16,0,0,0,0,0,0,0,-32287,0,0,0,0,0,2799978,0
2738961,10058,-3276,1064,-18,-100,-510,11212,-1,-203,0,-8,19389,66,34,79,16,0,0,0,0,0,0,0,-32286,0,0,0,0,0,2799983,0
2738966,9920,-3600,1252,-78,-135,-476,11213,1,-129,0,0,19389,66,34,79,16,0,0,0,0,0,0,0,-32286,0,0,0,0,0,2799998,0
2738971,9678,-3826,1498,-174,-165,-464,11213,5,-56,1,0,19389,53,34,79,16,0,0,0,0,0,0,0,-32286,0,0,0,0,0,2800003,0
2738976,9306,-4114,1632,-417,-102,-375,11212,3,-6,3,-8,19389,53,34,79,16,0,0,0,0,0,0,0,-32286,0,0,0,0,0,2800018,0
2738981,8730,-4056,1710,-465,-174,-381,11211,-2,2,2,-8,19388,57,34,79,16,0,0,0,0,0,0,0,-32286,0,0,0,0,0,2800023,0
2738986,8898,-4432,1636,-525,-200,-395,11209,-12,-3,0,-8,19388,57,34,79,16,0,0,0,0,0,0,0,-32286,0,0,0,0,0,2800038,0
2738991,8334,-4510,1642,-642,-190,-380,11207,-11,-10,0,-8,19387,60,34,79,16,0,0,0,0,0,0,0,-32286,0,0,0,0,0,2800043,0
2738996,7544,-5346,1496,-855,-251,-362,11203,-18,-13,2,-16,19387,60,34,79,16,0,0,0,0,0,0,0,-32286,0,0,0,0,0,2800058,0
2739001,7176,-5792,1582,-860,-316,-384,11198,-26,-20,1,-16,19387,63,34,79,16,0,0,0,0,0,0,0,-32286,0,0,0,0,0,2800063,0
2739006,7972,-4784,2382,8,-486,-920,11184,-79,-35,7,-56,19387,63,34,79,16,0,0,0,0,0,0,0,-32286,0,0,0,0,0,2800078,0
2739011,7630,-7496,2014,1465,-539,-1126,11151,-157,-92,13,-112,19389,64,34,79,16,0,0,0,0,0,0,0,-32286,0,0,0,0,0,2800083,0
2739016,6528,-5292,2612,1436,-755,-1050,11096,-249,-176,13,-232,19389,64,34,79,16,0,0,0,0,0,0,0,-32286,0,0,0,0,0,2800098,0
2739021,6752,-5544,1764,740,-600,-949,11017,-355,-259,9,-440,19392,59,34,79,16,0,0,0,0,0,0,0,-32286,0,0,0,0,0,2800103,0
2739026,6040,-5822,1582,268,-409,-791,10904,-503,-347,37,-824,19392,59,34,79,16,0,0,0,0,0,0,0,-32286,0,0,0,0,0,2800118,0
2739031,5362,-6682,1582,180,-362,-709,10759,-651,-408,22,-1232,19394,61,34,79,16,0,0,0,0,0,0,0,-32286,0,0,0,0,0,2800123,0
2739036,5050,-7820,1680,447,-321,-434,10576,-821,-471,9,-1616,19394,61,34,79,16,0,0,0,0,0,0,0,-32287,0,0,0,0,0,2800138,0
2739041,4780,-7450,1828,459,-211,-232,10352,-1004,-532,11,-2016,19395,60,34,79,16,0,0,0,0,0,0,0,-32286,0,0,0,0,0,2800143,0
2739046,4828,-7240,1802,389,-155,-35,10088,-1181,-574,5,-2416,19395,60,34,79,16,0,0,0,0,0,0,0,-32286,0,0,0,0,0,2800158,0
2739051,4984,-6720,1846,208,-49,184,9786,-1350,-599,4,-2800,19393,66,34,79,16,0,0,0,0,0,0,0,-32286,0,0,0,0,0,2800163,0
2739056,5234,-6178,1840,68,99,603,9444,-1516,-606,0,-3128,19393,66,34,79,16,0,0,0,0,0,0,0,-32286,0,0,0,0,0,2800178,0
2739061,5308,-6008,2022,-204,340,875,9066,-1675,-596,-9,-3424,19391,73,34,79,16,0,0,0,0,0,0,0,-32286,0,0,0,0,0,2800182,0
2739066,5154,-5924,1668,-151,173,973,8662,-1796,-375,-19,-3624,19391,73,34,79,16,0,0,0,0,0,0,0,-32286,0,0,0,0,0,2800197,0
2739071,5936,-5446,1372,92,96,1051,8231,-1897,-308,-23,-3800,19386,80,34,79,16,0,0,0,0,0,0,0,-32286,0,0,0,0,0,2800202,0
2739076,6646,-3654,966,126,-80,1189,7782,-1984,-332,-21,-3928,19386,80,34,79,16,0,0,0,0,0,0,0,-32286,0,0,0,0,0,2800217,0
2739081,7258,-2524,868,-136,-66,1197,7322,-2023,-240,-19,-3984,19387,84,34,79,16,0,0,0,0,0,0,0,-32286,0,0,0,0,0,2800222,0
2739086,7742,-2058,782,-375,-47,1199,6859,-2036,-340,-7,-4016,19387,84,34,79,16,0,0,0,0,0,0,0,-32286,0,0,0,0,0,2800237,0
2739091,7966,-1844,624,-514,-128,1172,6398,-2022,-350,-2,-3976,19387,84,34,79,16,0,0,0,0,0,0,0,-32286,0,0,0,0,0,2800242,0
2739096,9074,-1338,904,-569,-306,1070,5941,-2006,-265,0,-3928,19387,84,34,79,16,0,0,0,0,0,0,0,-32286,0,0,0,0,0,2800257,0
2739101,9352,-1128,1156,-545,-436,963,5492,-1979,0,-7,-3848,19387,83,34,79,16,0,0,0,0,0,0,0,-32286,0,0,0,0,0,2800262,0
2739106,9932,-802,1272,-514,-522,845,5047,-1950,56,-6,-3792,19387,83,34,79,16,0,0,0,0,0,0,0,-32286,0,0,0,0,0,2800277,0
2739111,10334,-554,1326,-447,-554,700,4611,-1921,85,0,-3712,19387,78,34,79,16,0,0,0,0,0,0,0,-32286,0,0,0,0,0,2800282,0
2739116,10628,-382,1596,-428,-625,472,4180,-1890,89,-3,-3640,19387,78,34,79,16,0,0,0,0,0,0,0,-32286,0,0,0,0,0,2800297,0
2739121,10816,-272,1890,-524,-582,391,3758,-1853,104,-8,-3552,19386,77,34,79,16,0,0,0,0,0,0,0,-32286,0,0,0,0,0,2800302,0
2739126,10988,-406,2116,-632,-424,316,3350,-1795,114,-2,-3424,19386,77,34,79,16,0,0,0,0,0,0,0,-32286,0,0,0,0,0,2800316,0
2739131,10814,-786,2600,-700,-205,254,2952,-1735,138,2,-3304,19387,74,34,79,16,0,0,0,0,0,0,0,-32286,0,0,0,0,0,2800321,0
2739136,10422,-1658,3358,-588,216,173,2571,-1672,176,3,-3176,19387,74,34,79,16,0,0,0,0,0,0,0,-32286,0,0,0,0,0,2800336,0
2739141,10068,-1918,3410,-545,500,159,2208,-1592,199,1,-3024,19390,74,33,79,16,0,0,0,0,0,0,0,-32287,0,0,0,0,0,2800341,0
2739146,9642,-1966,3410,-549,803,173,1860,-1520,230,1,-2864,19390,74,33,79,16,0,0,0,0,0,0,0,-32286,0,0,0,0,0,2800356,0
2739151,9038,-2044,3110,-534,1029,140,1527,-1449,248,-3,-2704,19389,69,33,79,16,0,0,0,0,0,0,0,-32286,0,0,0,0,0,2800361,0
2739156,7942,-2572,2414,-444,1301,199,1213,-1380,246,-4,-2528,19389,69,33,79,16,0,0,0,0,0,0,0,-32286,0,0,0,0,0,2800376,0
2739161,7682,-2720,1796,-442,1392,218,914,-1307,249,-18,-2344,19388,72,34,79,16,0,0,0,0,0,0,0,-32286,0,0,0,0,0,2800381,0
2739166,7078,-2710,1380,-390,1419,229,635,-1226,252,-11,-2160,19388,72,34,79,16,0,0,0,0,0,0,0,-32286,0,0,0,0,0,2800396,0
2739171,6756,-2734,1006,-362,1428,270,373,-1144,261,-8,-1960,19389,75,34,79,16,0,0,0,0,0,0,0,-32286,0,0,0,0,0,2800400,0
2739176,6188,-2556,188,-423,1302,324,134,-1044,275,-6,-1728,19389,75,34,79,16,0,0,0,0,0,0,0,-32286,0,0,0,0,0,2800415,0
2739181,6046,-2488,-10,-366,1187,319,-85,-960,293,-4,-1528,19388,67,34,79,16,0,0,0,0,0,0,0,-32286,0,0,0,0,0,2800420,0
2739186,6004,-2456,-186,-217,994,292,-285,-874,310,-2,-1360,19388,67,34,79,16,0,0,0,0,0,0,0,-32286,0,0,0,0,0,2800435,0
2739191,5968,-2288,-376,-117,776,285,-469,-806,304,6,-1232,19390,64,34,79,16,0,0,0,0,0,0,0,-32285,0,0,0,0,0,2800440,0
2739196,6232,-1676,-466,-290,521,305,-637,-738,283,4,-1080,19390,64,34,79,16,0,0,0,0,0,0,0,-32286,0,0,0,0,0,2800455,0
2739201,6164,-1612,-300,-544,481,370,-794,-683,251,2,-976,19391,66,34,79,16,0,0,0,0,0,0,0,-32286,0,0,0,0,0,2800460,0
2739206,6218,-1638,-2,-753,472,408,-942,-647,218,4,-920,19391,66,34,79,16,0,0,0,0,0,0,0,-32286,0,0,0,0,0,2800475,0
2739211,6338,-1768,394,-782,469,405,-1077,-586,190,-5,-776,19391,76,34,79,16,0,0,0,0,0,0,0,-32286,0,0,0,0,0,2800480,0
2739216,6618,-2138,926,-621,431,378,-1202,-548,176,4,-688,19391,76,34,79,16,0,0,0,0,0,0,0,-32286,0,0,0,0,0,2800495,0
2739221,6850,-1948,1088,-605,456,395,-1323,-528,157,16,-656,19390,64,34,79,16,0,0,0,0,0,0,0,-32286,0,0,0,0,0,2800500,0
2739226,6840,-1710,1210,-688,521,376,-1433,-480,144,3,-528,19390,64,34,79,16,0,0,0,0,0,0,0,-32286,0,0,0,0,0,2800514,0
2739231,6968,-1576,1224,-792,590,405,-1535,-439,131,4,-456,19390,56,34,79,16,0,0,0,0,0,0,0,-32286,0,0,0,0,0,2800519,0
2739236,6846,-1832,1212,-955,651,447,-1631,-424,119,12,-456,19390,56,34,79,16,0,0,0,0,0,0,0,-32286,0,0,0,0,0,2800537,0
2739241,6770,-1910,1208,-951,644,459,-1724,-407,103,1,-432,19391,60,34,79,16,0,0,0,0,0,0,0,-32286,0,0,0,0,0,2800542,0
2739246,6826,-1946,1158,-929,632,456,-1814,-386,92,-4,-384,19391,60,34,79,16,0,0,0,0,0,0,0,-32286,0,0,0,0,0,2800557,0
2739251,6742,-1794,1172,-880,593,430,-1897,-364,76,-14,-312,19391,66,34,79,16,0,0,0,0,0,0,0,-32286,0,0,0,0,0,2800562,0
2739256,6616,-1564,1068,-861,548,412,-1971,-331,73,-11,-248,19391,66,34,79,16,0,0,0,0,0,0,0,-32287,0,0,0,0,0,2800577,0
2739261,6592,-1606,966,-877,526,397,-2041,-304,88,-1,-216,19389,67,34,79,16,0,0,0,0,0,0,0,-32286,0,0,0,0,0,2800582,0
2739266,6370,-1560,1014,-866,497,370,-2108,-298,90,-4,-184,19389,67,34,79,16,0,0,0,0,0,0,0,-32286,0,0,0,0,0,2800597,0
2739271,6340,-1498,926,-831,470,355,-2168,-268,78,-3,-144,19388,70,33,79,16,0,0,0,0,0,0,0,-32286,0,0,0,0,0,2800602,0
2739276,6140,-1392,800,-847,432,283,-2227,-246,70,1,-120,19388,70,33,79,16,0,0,0,0,0,0,0,-32286,0,0,0,0,0,2800617,0
2739281,6222,-1662,736,-792,435,275,-2276,-212,78,5,-104,19390,68,33,79,16,0,0,0,0,0,0,0,-32286,0,0,0,0,0,2800621,0
2739286,6104,-1378,926,-701,457,215,-2314,-160,87,0,-64,19390,68,33,79,16,0,0,0,0,0,0,0,-32286,0,0,0,0,0,2800636,0
2739291,6198,-1544,868,-693,507,230,-2347,-143,118,5,-48,19391,65,34,79,16,0,0,0,0,0,0,0,-32286,0,0,0,0,0,2800641,0
2739296,6060,-1484,382,-744,455,203,-2368,-91,127,-4,-32,19391,65,34,79,16,0,0,0,0,0,0,0,-32286,0,0,0,0,0,2800656,0
2739301,5862,-1422,396,-759,441,215,-2382,-60,131,-1,-32,19392,59,33,79,16,0,0,0,0,0,0,0,-32286,0,0,0,0,0,2800661,0
2739306,5816,-1512,328,-779,401,216,-2396,-58,120,1,-32,19392,59,33,79,16,0,0,0,0,0,0,0,-32287,0,0,0,0,0,2800676,0
2739311,5758,-1564,362,-752,376,205,-2404,-29,91,-2,-8,19391,54,34,79,16,0,0,0,0,0,0,0,-32286,0,0,0,0,0,2800681,0
2739316,5904,-1588,466,-665,314,207,-2403,6,83,-4,8,19391,54,34,79,16,0,0,0,0,0,0,0,-32286,0,0,0,0,0,2800696,0
2739321,5934,-1520,474,-684,298,235,-2400,14,80,0,0,19391,56,34,79,16,0,0,0,0,0,0,0,-32287,0,0,0,0,0,2800701,0
2739326,6044,-1480,520,-710,298,249,-2400,-1,67,1,-8,19391,56,34,79,16,0,0,0,0,0,0,0,-32286,0,0,0,0,0,2800715,0
2739331,6122,-1448,588,-708,282,246,-2400,1,42,-2,-8,19389,71,34,79,16,0,0,0,0,0,0,0,-32286,0,0,0,0,0,2800720,0
2739336,6354,-1492,726,-664,268,260,-2400,0,4,-2,0,19389,71,34,79,16,0,0,0,0,0,0,0,-32286,0,0,0,0,0,2800735,0
2739341,6472,-1446,730,-645,269,255,-2400,0,-10,-2,0,19389,70,34,79,16,0,0,0,0,0,0,0,-32286,0,0,0,0,0,2800740,0
2739346,6544,-1430,730,-630,257,251,-2400,-2,-5,0,0,19389,70,34,79,16,0,0,0,0,0,0,0,-32286,0,0,0,0,0,2800755,0
2739351,6668,-1324,734,-611,257,249,-2399,4,4,0,-8,19390,75,34,79,16,0,0,0,0,0,0,0,-32286,0,0,0,0,0,2800760,0
2739356,6872,-1182,756,-593,236,219,-2400,-1,-1,0,-8,19390,75,34,79,16,0,0,0,0,0,0,0,-32286,0,0,0,0,0,2800775,0
2739361,6994,-1084,748,-586,248,213,-2400,2,-3,0,0,19391,66,34,79,16,0,0,0,0,0,0,0,-32286,0,0,0,0,0,2800780,0
2739366,6986,-1024,758,-618,243,192,-2400,-3,-2,0,-8,19391,66,34,79,16,0,0,0,0,0,0,0,-32288,0,0,0,0,0,2800794,0
2739371,7034,-968,632,-650,244,176,-2400,1,2,-1,0,19393,59,34,79,16,0,0,0,0,0,0,0,-32286,0,0,0,0,0,2800799,0
2739376,6890,-948,454,-891,322,241,-2399,10,4,-3,0,19393,59,34,79,16,0,0,0,0,0,0,0,-32286,0,0,0,0,0,2800814,0
2739381,6838,-880,508,-1012,363,243,-2397,11,10,-3,0,19392,55,34,79,16,0,0,0,0,0,0,0,-32286,0,0,0,0,0,2800819,0
2739386,6998,-1114,546,-930,343,210,-2395,7,7,-2,0,19392,55,34,79,16,0,0,0,0,0,0,0,-32286,0,0,0,0,0,2800834,0
2739391,6906,-1284,566,-750,240,152,-2395,1,10,0,-8,19392,60,33,79,16,0,0,0,0,0,0,0,-32286,0,0,0,0,0,2800839,0
2739396,7036,-928,204,-716,108,124,-2395,-1,-2,0,-8,19392,60,33,79,16,0,0,0,0,0,0,0,-32286,0,0,0,0,0,2800854,0
2739401,6994,-702,224,-864,98,81,-2395,-4,-8,-1,0,19390,62,33,79,16,0,0,0,0,0,0,0,-32286,0,0,0,0,0,2800859,0
2739406,6734,-1028,192,-1018,32,42,-2393,7,-8,-1,0,19390,62,33,79,16,0,0,0,0,0,0,0,-32286,0,0,0,0,0,2800874,0
2739411,7124,-1496,8,-954,1,5,-2392,5,1,0,0,19389,68,34,79,16,0,0,0,0,0,0,0,-32286,0,0,0,0,0,2800879,0
2739416,7086,-1864,446,-711,-205,-66,-2392,5,6,0,0,19389,68,34,79,16,0,0,0,0,0,0,0,-32286,0,0,0,0,0,2800893,0
2739421,7336,-1706,604,-640,-251,-61,-2392,4,3,0,0,19388,66,34,79,16,0,0,0,0,0,0,0,-32286,0,0,0,0,0,2800898,0
2739426,7400,-1488,810,-671,-320,-85,-2391,2,-1,-2,0,19388,66,34,79,16,0,0,0,0,0,0,0,-32287,0,0,0,0,0,2800913,0
2739431,7740,-1540,828,-756,-310,-80,-2393,-4,-3,-2,0,19391,71,34,79,16,0,0,0,0,0,0,0,-32287,0,0,0,0,0,2800918,0
2739436,7908,-2092,1150,-841,-249,-110,-2391,0,-5,-1,0,19391,71,34,79,16,0,0,0,0,0,0,0,-32287,0,0,0,0,0,2800933,0
2739441,7960,-2416,1360,-737,-231,-115,-2390,4,3,0,0,19391,75,34,79,16,0,0,0,0,0,0,0,-32286,0,0,0,0,0,2800938,0
2739446,8118,-2428,1538,-632,-219,-110,-2390,1,7,0,0,19391,75,34,79,16,0,0,0,0,0,0,0,-32286,0,0,0,0,0,2800953,0
2739451,8292,-2256,1720,-582,-180,-102,-2389,3,-1,0,0,19394,76,34,79,16,0,0,0,0,0,0,0,-32286,0,0,0,0,0,2800958,0
2739456,8720,-1794,1700,-678,-72,-101,-2389,-3,-7,-1,-8,19394,76,34,79,16,0,0,0,0,0,0,0,-32287,0,0,0,0,0,2800973,0
2739461,8842,-1920,1656,-717,-21,-123,-2388,1,0,0,0,19392,78,34,79,16,0,0,0,0,0,0,0,-32286,0,0,0,0,0,2800977,0
2739466,8836,-2048,1552,-683,16,-160,-2389,1,1,0,-8,19392,78,34,79,16,0,0,0,0,0,0,0,-32286,0,0,0,0,0,2800992,0
2739471,8800,-2322,1526,-597,24,-182,-2388,2,-1,-1,-8,19394,73,34,79,16,0,0,0,0,0,0,0,-32286,0,0,0,0,0,2800997,0
2739476,8832,-2240,1478,-411,-3,-195,-2390,-3,-7,-1,-8,19394,73,34,79,16,0,0,0,0,0,0,0,-32286,0,0,0,0,0,2801012,0
2739481,8968,-2042,1432,-365,12,-179,-2389,-1,-4,-1,-8,19390,65,34,79,16,0,0,0,0,0,0,0,-32286,0,0,0,0,0,2801017,0
2739486,8964,-1836,1462,-377,30,-172,-2388,0,-2,0,0,19390,65,34,79,16,0,0,0,0,0,0,0,-32286,0,0,0,0,0,2801032,0
2739491,9048,-1698,1410,-397,77,-144,-2389,-1,2,0,-8,19391,53,34,79,16,0,0,0,0,0,0,0,-32286,0,0,0,0,0,2801037,0
2739496,8990,-1590,1440,-470,203,-90,-2390,-3,-1,-1,-8,19391,53,34,79,16,0,0,0,0,0,0,0,-32286,0,0,0,0,0,2801052,0
2739501,9016,-1524,1480,-487,297,-59,-2390,-7,-2,0,0,19392,53,34,79,16,0,0,0,0,0,0,0,-32287,0,0,0,0,0,2801057,0
2739506,8926,-1300,1560,-493,379,-23,-2390,1,-4,0,-8,19392,53,34,79,16,0,0,0,0,0,0,0,-32286,0,0,0,0,0,2801072,0
2739511,9022,-1002,1544,-484,441,-1,-2391,-2,-1,0,0,19392,55,34,79,16,0,0,0,0,0,0,0,-32286,0,0,0,0,0,2801077,0
2739516,8986,-376,1568,-526,578,3,-2389,4,6,-1,-8,19392,55,34,79,16,0,0,0,0,0,0,0,-32286,0,0,0,0,0,2801091,0
2739521,8938,-166,1506,-576,631,0,-2391,0,2,-2,-8,19391,55,34,79,16,0,0,0,0,0,0,0,-32286,0,0,0,0,0,2801096,0
2739526,8772,-20,1440,-631,683,-10,-2389,1,2,-2,0,19391,55,34,79,16,0,0,0,0,0,0,0,-32286,0,0,0,0,0,2801111,0
2739531,8628,-8,1438,-662,706,-22,-2391,1,-1,0,-8,19391,60,33,79,16,0,0,0,0,0,0,0,-32287,0,0,0,0,0,2801116,0
2739536,8718,-88,1466,-745,724,-42,-2391,2,2,-1,0,19391,60,33,79,16,0,0,0,0,0,0,0,-32286,0,0,0,0,0,2801131,0
2739541,8940,-258,1622,-851,771,-45,-2393,-2,0,0,-8,19392,62,33,79,16,0,0,0,0,0,0,0,-32286,0,0,0,0,0,2801136,0
2739546,9344,-652,1860,-1002,842,-28,-2393,-1,2,-1,0,19392,62,33,79,16,0,0,0,0,0,0,0,-32286,0,0,0,0,0,2801151,0
2739551,9772,-1296,2104,-1181,914,4,-2391,-2,0,0,-8,19394,74,33,79,16,0,0,0,0,0,0,0,-32286,0,0,0,0,0,2801156,0
2739556,10744,-2960,2280,-1393,976,105,-2391,3,4,0,-8,19394,74,33,79,16,0,0,0,0,0,0,0,-32286,0,0,0,0,0,2801171,0
2739561,11166,-3748,2164,-1473,971,166,-2392,-1,4,-1,0,19393,76,33,79,16,0,0,0,0,0,0,0,-32286,0,0,0,0,0,2801176,0
2739566,11616,-4652,1940,-1571,955,243,-2392,4,-1,-1,-8,19393,76,33,79,16,0,0,0,0,0,0,0,-32286,0,0,0,0,0,2801191,0
2739571,12048,-5538,1802,-1630,886,295,-2391,2,-2,0,-8,19391,85,34,79,16,0,0,0,0,0,0,0,-32286,0,0,0,0,0,2801195,0
2739576,12424,-6776,1748,-1495,727,365,-2392,-3,-1,-1,0,19391,85,34,79,16,0,0,0,0,0,0,0,-32286,0,0,0,0,0,2801210,0
2739581,12332,-6712,1790,-1352,673,358,-2391,1,-1,0,-8,19389,79,34,79,16,0,0,0,0,0,0,0,-32286,0,0,0,0,0,2801215,0
2739586,11894,-6294,2056,-1255,729,316,-2392,2,2,-2,0,19389,79,34,79,16,0,0,0,0,0,0,0,-32286,0,0,0,0,0,2801230,0
2739591,11026,-5894,2090,-1232,805,256,-2392,-4,1,0,-8,19391,72,33,79,16,0,0,0,0,0,0,0,-32286,0,0,0,0,0,2801235,0
2739596,9334,-5428,2178,-1067,1055,83,-2392,-2,-2,-1,0,19391,72,33,79,16,0,0,0,0,0,0,0,-32286,0,0,0,0,0,2801250,0
2739601,8384,-5538,2210,-972,1167,-16,-2392,-2,4,0,0,19393,73,34,79,16,0,0,0,0,0,0,0,-32286,0,0,0,0,0,2801255,0
2739606,7476,-6098,2024,-877,1159,-94,-2391,1,-2,0,-8,19393,73,34,79,16,0,0,0,0,0,0,0,-32287,0,0,0,0,0,2801270,0
2739611,6672,-6892,1648,-764,1067,-124,-2392,-1,-1,0,-8,19397,75,34,79,16,0,0,0,0,0,0,0,-32286,0,0,0,0,0,2801275,0
2739616,5386,-8126,1068,-532,693,-110,-2393,-5,-1,0,-8,19397,75,34,79,16,0,0,0,0,0,0,0,-32286,0,0,0,0,0,2801290,0
2739621,4954,-8184,838,-413,494,-72,-2393,1,-4,0,-8,19403,81,34,79,16,0,0,0,0,0,0,0,-32287,0,0,0,0,0,2801295,0
2739626,4738,-7958,820,-226,323,-42,-2393,1,2,-2,-8,19403,81,34,79,16,0,0,0,0,0,0,0,-32286,0,0,0,0,0,2801309,0
2739631,4462,-7466,636,-59,116,-11,-2393,-8,-3,-1,-8,19403,80,34,79,16,0,0,0,0,0,0,0,-32286,0,0,0,0,0,2801314,0
2739636,4574,-6316,548,284,-332,33,-2393,-1,3,-1,0,19403,80,34,79,16,0,0,0,0,0,0,0,-32286,0,0,0,0,0,2801329,0
2739641,4990,-5456,426,338,-554,59,-2394,-3,1,0,-8,19398,75,33,79,16,0,0,0,0,0,0,0,-32286,0,0,0,0,0,2801334,0
2739646,5412,-4534,632,344,-707,75,-2394,-5,-3,-1,0,19398,75,33,79,16,0,0,0,0,0,0,0,-32286,0,0,0,0,0,2801349,0
2739651,5656,-4092,1114,229,-700,132,-2393,3,0,-1,0,19391,69,34,79,16,0,0,0,0,0,0,0,-32286,0,0,0,0,0,2801354,0
2739656,6326,-3424,1934,187,-617,126,-2393,7,5,0,-8,19391,69,34,79,16,0,0,0,0,0,0,0,-32286,0,0,0,0,0,2801369,0
2739661,6584,-3248,2096,401,-638,72,-2394,-2,2,0,0,19393,65,33,79,16,0,0,0,0,0,0,0,-32286,0,0,0,0,0,2801373,0
2739666,6626,-3344,1920,417,-507,150,-2392,0,1,-1,0,19393,65,33,79,16,0,0,0,0,0,0,0,-32286,0,0,0,0,0,2801388,0
2739671,6468,-3052,1710,89,-301,277,-2388,14,10,-3,8,19393,63,33,79,16,0,0,0,0,0,0,0,-32286,0,0,0,0,0,2801393,0
2739676,6862,-2736,1364,-205,156,335,-2381,26,20,-1,16,19393,63,33,79,16,0,0,0,0,0,0,0,-32286,0,0,0,0,0,2801408,0
2739681,6874,-2746,1160,-16,228,292,-2372,37,26,-3,16,19394,62,34,79,16,0,0,0,0,0,0,0,-32286,0,0,0,0,0,2801413,0
2739686,6978,-2710,760,314,180,222,-2357,78,45,-6,40,19394,62,34,79,16,0,0,0,0,0,0,0,-32286,0,0,0,0,0,2801428,0
2739691,7066,-2710,302,593,120,178,-2329,141,70,-9,72,19394,65,34,79,16,0,0,0,0,0,0,0,-32286,0,0,0,0,0,2801433,0
2739696,6434,-2572,-650,416,-10,301,-2294,153,97,-2,88,19394,65,34,79,16,0,0,0,0,0,0,0,-32286,0,0,0,0,0,2801448,0
2739701,6284,-2820,-1032,-29,-23,480,-2245,223,133,-10,168,19394,63,34,79,16,0,0,0,0,0,0,0,-32286,0,0,0,0,0,2801453,0
2739706,6144,-2902,-1000,-465,50,602,-2176,306,176,-1,288,19394,63,34,79,16,0,0,0,0,0,0,0,-32286,0,0,0,0,0,2801468,0
2739711,6476,-3080,-718,-580,135,651,-2093,379,206,-8,424,19394,73,34,79,16,0,0,0,0,0,0,0,-32287,0,0,0,0,0,2801473,0
2739716,6274,-4228,-434,-211,-116,632,-1990,458,235,-27,632,19394,73,34,79,16,0,0,0,0,0,0,0,-32286,0,0,0,0,0,2801488,0
2739721,6724,-4118,-648,93,-357,530,-1869,539,263,-19,880,19393,77,34,79,16,0,0,0,0,0,0,0,-32286,0,0,0,0,0,2801492,0
2739726,7244,-3646,-728,256,-550,442,-1730,620,276,4,1040,19393,77,34,79,16,0,0,0,0,0,0,0,-32286,0,0,0,0,0,2801507,0
2739731,7492,-3410,-788,186,-723,395,-1579,668,271,15,1104,19394,75,34,79,16,0,0,0,0,0,0,0,-32286,0,0,0,0,0,2801512,0
2739736,7998,-3338,-686,-256,-908,357,-1423,695,230,11,1136,19394,75,34,79,16,0,0,0,0,0,0,0,-32286,0,0,0,0,0,2801527,0
2739741,8038,-3866,-350,-410,-896,370,-1262,718,185,5,1152,19392,79,34,79,16,0,0,0,0,0,0,0,-32286,0,0,0,0,0,2801532,0
2739746,7956,-4404,62,-447,-868,372,-1100,710,119,15,1112,19392,79,34,79,16,0,0,0,0,0,0,0,-32286,0,0,0,0,0,2801547,0
2739751,7846,-4856,368,-355,-846,372,-943,700,60,7,1088,19390,73,34,79,16,0,0,0,0,0,0,0,-32286,0,0,0,0,0,2801552,0
2739756,7504,-5004,756,-16,-759,355,-783,701,21,0,1072,19390,73,34,79,16,0,0,0,0,0,0,0,-32286,0,0,0,0,0,2801567,0
2739761,7330,-4730,892,51,-671,334,-631,671,-16,7,1000,19389,62,34,79,16,0,0,0,0,0,0,0,-32286,0,0,0,0,0,2801572,0
2739766,7304,-4432,876,102,-567,297,-480,660,-32,-1,992,19389,62,34,79,16,0,0,0,0,0,0,0,-32286,0,0,0,0,0,2801587,0
2739771,7210,-4224,854,136,-477,254,-331,658,-35,6,960,19394,72,34,79,16,0,0,0,0,0,0,0,-32286,0,0,0,0,0,2801592,0
2739776,6880,-3898,812,226,-327,144,-189,626,-55,11,888,19394,72,34,79,16,0,0,0,0,0,0,0,-32286,0,0,0,0,0,2801607,0
2739781,6772,-3810,624,302,-294,70,-54,597,-61,0,832,19394,77,33,79,16,0,0,0,0,0,0,0,-32286,0,0,0,0,0,2801612,0
2739786,6594,-3832,460,390,-302,8,80,589,-67,-1,800,19394,77,33,79,16,0,0,0,0,0,0,0,-32286,0,0,0,0,0,2801627,0
2739791,6362,-3842,264,443,-338,-21,207,555,-73,2,704,19394,80,33,79,16,0,0,0,0,0,0,0,-32286,0,0,0,0,0,2801632,0
2739796,5964,-3468,-68,415,-407,-70,326,522,-80,-7,632,19394,80,33,79,16,0,0,0,0,0,0,0,-32286,0,0,0,0,0,2801647,0
2739801,5808,-3286,-176,359,-458,-86,441,496,-85,-2,576,19390,70,33,79,16,0,0,0,0,0,0,0,-32286,0,0,0,0,0,2801652,0
2739806,5702,-3222,-256,332,-516,-84,550,481,-91,-5,528,19390,70,33,79,16,0,0,0,0,0,0,0,-32286,0,0,0,0,0,2801666,0
2739811,5512,-3282,-312,325,-581,-69,654,450,-91,-2,472,19389,67,34,79,16,0,0,0,0,0,0,0,-32286,0,0,0,0,0,2801671,0
2739816,5522,-2934,-428,309,-737,-53,752,425,-84,-5,432,19389,67,34,79,16,0,0,0,0,0,0,0,-32286,0,0,0,0,0,2801686,0
2739821,5522,-2666,-418,303,-816,-56,842,406,-83,-2,408,19388,61,34,79,16,0,0,0,0,0,0,0,-32286,0,0,0,0,0,2801691,0
2739826,5704,-2610,-464,295,-869,-44,937,403,-73,-7,424,19388,61,34,79,16,0,0,0,0,0,0,0,-32286,0,0,0,0,0,2801706,0
2739831,5722,-2432,-468,274,-963,-51,1030,410,-55,-6,440,19388,66,33,79,16,0,0,0,0,0,0,0,-32286,0,0,0,0,0,2801711,0
2739836,6110,-2318,-512,186,-1112,-22,1121,399,-23,2,424,19388,66,33,79,16,0,0,0,0,0,0,0,-32286,0,0,0,0,0,2801726,0
2739841,6378,-2278,-508,138,-1164,24,1211,388,-12,3,392,19389,73,33,79,16,0,0,0,0,0,0,0,-32286,0,0,0,0,0,2801731,0
2739846,6542,-2108,-328,116,-1244,31,1301,399,-16,-2,432,19389,73,33,79,16,0,0,0,0,0,0,0,-32286,0,0,0,0,0,2801746,0
2739851,6840,-2198,-264,97,-1272,69,1398,425,0,-9,496,19389,70,34,79,16,0,0,0,0,0,0,0,-32286,0,0,0,0,0,2801751,0
2739856,7310,-2220,-6,111,-1306,133,1499,440,27,-11,544,19389,70,34,79,16,0,0,0,0,0,0,0,-32286,0,0,0,0,0,2801766,0
2739861,7536,-2042,200,93,-1289,154,1602,450,47,-3,560,19389,72,34,79,16,0,0,0,0,0,0,0,-32286,0,0,0,0,0,2801771,0
2739866,7936,-1968,342,51,-1214,205,1707,470,59,-4,640,19389,72,34,79,16,0,0,0,0,0,0,0,-32286,0,0,0,0,0,2801786,0
2739871,8084,-1886,630,43,-1119,213,1823,512,61,-9,768,19393,73,33,79,16,0,0,0,0,0,0,0,-32286,0,0,0,0,0,2801791,0
2739876,8570,-2080,852,98,-878,254,1948,559,79,2,856,19393,73,33,79,16,0,0,0,0,0,0,0,-32286,0,0,0,0,0,2801806,0
2739881,8754,-1984,916,125,-773,257,2078,575,107,11,896,19393,72,33,79,16,0,0,0,0,0,0,0,-32286,0,0,0,0,0,2801810,0
2739886,8898,-2028,934,138,-625,245,2218,617,118,4,984,19393,72,33,79,16,0,0,0,0,0,0,0,-32286,0,0,0,0,0,2801825,0
2739891,9020,-1974,894,158,-508,248,2367,662,126,-1,1080,19393,70,33,79,16,0,0,0,0,0,0,0,-32286,0,0,0,0,0,2801830,0
2739896,8968,-2164,822,189,-255,242,2523,689,123,1,1152,19393,70,33,79,16,0,0,0,0,0,0,0,-32286,0,0,0,0,0,2801845,0
2739901,8998,-2320,662,238,-161,232,2687,731,128,-4,1240,19391,69,34,79,16,0,0,0,0,0,0,0,-32286,0,0,0,0,0,2801850,0
2739906,8892,-2344,692,281,-49,247,2862,771,131,0,1312,19391,69,34,79,16,0,0,0,0,0,0,0,-32286,0,0,0,0,0,2801865,0
2739911,8542,-2422,512,297,-17,230,3045,817,135,-5,1432,19391,70,34,79,16,0,0,0,0,0,0,0,-32286,0,0,0,0,0,2801870,0
2739916,8344,-2394,24,470,-13,197,3238,851,135,0,1472,19391,70,34,79,16,0,0,0,0,0,0,0,-32286,0,0,0,0,0,2801885,0
2739921,8148,-2402,-84,487,16,198,3438,884,138,0,1568,19390,65,34,79,16,0,0,0,0,0,0,0,-32286,0,0,0,0,0,2801890,0
2739926,7818,-2238,-192,435,19,166,3647,917,134,7,1608,19390,65,34,79,16,0,0,0,0,0,0,0,-32286,0,0,0,0,0,2801905,0
2739931,7824,-2190,-252,442,34,138,3861,940,124,3,1640,19389,56,34,79,16,0,0,0,0,0,0,0,-32286,0,0,0,0,0,2801910,0
2739936,7204,-2380,-360,431,-29,100,4080,959,107,6,1680,19389,56,34,79,16,0,0,0,0,0,0,0,-32286,0,0,0,0,0,2801925,0
2739941,7180,-2486,-380,409,-39,110,4300,973,86,4,1688,19388,54,34,79,16,0,0,0,0,0,0,0,-32286,0,0,0,0,0,2801930,0
2739946,6848,-2514,-322,328,-60,106,4520,972,64,7,1680,19388,54,34,79,16,0,0,0,0,0,0,0,-32286,0,0,0,0,0,2801945,0
2739951,6766,-2560,-454,273,-101,123,4742,964,37,4,1664,19388,56,34,79,16,0,0,0,0,0,0,0,-32287,0,0,0,0,0,2801950,0
2739956,6530,-2730,46,135,-122,159,4958,950,10,3,1640,19388,56,34,79,16,0,0,0,0,0,0,0,-32286,0,0,0,0,0,2801965,0
2739961,6516,-2834,96,67,-50,215,5172,942,-6,-3,1640,19388,53,34,79,16,0,0,0,0,0,0,0,-32286,0,0,0,0,0,2801970,0
2739966,6200,-2914,326,56,-94,220,5341,927,-36,4,1584,19388,53,34,79,16,0,0,0,0,0,0,0,-32286,0,0,0,0,0,2801985,0
2739971,6374,-3350,330,166,-106,233,5546,906,-52,0,1520,19387,61,34,79,16,0,0,0,0,0,0,0,-32286,0,0,0,0,0,2801990,0
2739976,6252,-3160,658,322,-69,251,5746,870,-63,3,1456,19387,61,34,79,16,0,0,0,0,0,0,0,-32286,0,0,0,0,0,2802005,0
2739981,6312,-3036,648,351,-17,275,5936,838,-83,2,1384,19392,62,33,79,16,0,0,0,0,0,0,0,-32286,0,0,0,0,0,2802010,0
2739986,6240,-2958,618,354,17,312,6120,804,-99,5,1296,19392,62,33,79,16,0,0,0,0,0,0,0,-32286,0,0,0,0,0,2802025,0
2739991,6262,-2994,554,361,41,332,6293,758,-113,5,1168,19392,69,33,79,16,0,0,0,0,0,0,0,-32286,0,0,0,0,0,2802029,0
2739996,6348,-3016,330,432,130,401,6457,724,-132,3,1096,19392,69,33,79,16,0,0,0,0,0,0,0,-32286,0,0,0,0,0,2802044,0
2740001,6140,-2872,232,459,117,428,6608,663,-143,6,936,19392,65,33,79,16,0,0,0,0,0,0,0,-32286,0,0,0,0,0,2802049,0
2740006,6296,-2998,-42,508,81,439,6747,603,-160,6,800,19392,65,33,79,16,0,0,0,0,0,0,0,-32286,0,0,0,0,0,2802064,0
2740011,6312,-2782,-468,603,-35,461,6879,567,-162,1,712,19387,67,34,79,16,0,0,0,0,0,0,0,-32286,0,0,0,0,0,2802069,0
2740016,6410,-2772,-288,369,76,524,6995,512,-175,-1,568,19387,67,34,79,16,0,0,0,0,0,0,0,-32286,0,0,0,0,0,2802084,0
2740021,6314,-3320,-426,373,16,605,7099,454,-182,-6,432,19389,64,34,79,16,0,0,0,0,0,0,0,-32286,0,0,0,0,0,2802089,0
2740026,6572,-2994,-224,419,-26,605,7189,395,-191,-9,352,19389,64,34,79,16,0,0,0,0,0,0,0,-32286,0,0,0,0,0,2802104,0
2740031,6962,-2758,-58,393,90,591,7273,367,-177,-2,296,19390,63,33,79,16,0,0,0,0,0,0,0,-32286,0,0,0,0,0,2802109,0
2740036,6696,-3248,-224,423,140,635,7351,340,-162,10,224,19390,63,33,79,16,0,0,0,0,0,0,0,-32286,0,0,0,0,0,2802124,0
2740041,6794,-3364,-334,522,98,604,7414,277,-145,13,128,19391,62,34,79,16,0,0,0,0,0,0,0,-32286,0,0,0,0,0,2802135,0
2740046,7108,-3696,-606,707,113,598,7468,229,-140,-11,104,19391,62,34,79,16,0,0,0,0,0,0,0,-32286,0,0,0,0,0,2802144,0
2740051,6934,-3614,-552,848,51,620,7510,183,-163,-4,64,19389,59,34,79,16,0,0,0,0,0,0,0,-32286,0,0,0,0,0,2802149,0
2740056,7302,-3232,-748,783,46,625,7544,141,-167,-7,40,19389,59,34,79,16,0,0,0,0,0,0,0,-32286,0,0,0,0,0,2802164,0
2740061,7188,-3142,-742,683,47,616,7565,93,-166,0,24,19388,61,34,79,16,0,0,0,0,0,0,0,-32286,0,0,0,0,0,2802169,0
2740066,7460,-3192,-808,761,-3,580,7584,75,-145,-1,32,19388,61,34,79,16,0,0,0,0,0,0,0,-32287,0,0,0,0,0,2802184,0
2740071,7352,-3284,-702,843,-63,556,7605,94,-111,-1,40,19387,56,34,79,16,0,0,0,0,0,0,0,-32286,0,0,0,0,0,2802189,0
2740076,7540,-3080,-622,803,-96,538,7624,87,-61,2,16,19387,56,34,79,16,0,0,0,0,0,0,0,-32286,0,0,0,0,0,2802204,0
2740081,7502,-2938,-462,734,-112,500,7636,58,-40,0,24,19387,59,33,79,16,0,0,0,0,0,0,0,-32286,0,0,0,0,0,2802209,0
2740086,7612,-3096,-426,672,-104,480,7652,76,-15,-4,40,19387,59,33,79,16,0,0,0,0,0,0,0,-32286,0,0,0,0,0,2802224,0
2740091,7624,-2956,-218,668,-87,430,7678,111,1,-3,48,19392,69,33,79,16,0,0,0,0,0,0,0,-32286,0,0,0,0,0,2802229,0
2740096,7456,-3172,98,772,-74,349,7703,111,30,-2,56,19392,69,33,79,16,0,0,0,0,0,0,0,-32286,0,0,0,0,0,2802244,0
2740101,7634,-3094,118,917,-107,263,7741,170,62,-9,104,19394,74,33,79,16,0,0,0,0,0,0,0,-32286,0,0,0,0,0,2802249,0
2740106,7674,-3146,166,1089,-98,207,7788,214,100,3,136,19394,74,33,79,16,0,0,0,0,0,0,0,-32286,0,0,0,0,0,2802264,0
2740111,7552,-3002,258,1205,-163,159,7844,241,126,10,144,19395,71,34,79,16,0,0,0,0,0,0,0,-32286,0,0,0,0,0,2802269,0
2740116,7996,-2462,164,1384,-189,-16,7908,274,131,0,208,19395,71,34,79,16,0,0,0,0,0,0,0,-32286,0,0,0,0,0,2802284,0
2740121,8012,-2332,138,1444,-156,-60,7981,332,144,0,288,19392,61,34,79,16,0,0,0,0,0,0,0,-32287,0,0,0,0,0,2802289,0
2740126,7916,-2260,106,1481,-166,-112,8065,365,135,-4,352,19392,61,34,79,16,0,0,0,0,0,0,0,-32286,0,0,0,0,0,2802304,0
2740131,8128,-2012,-10,1639,-219,-221,8160,421,138,-11,472,19392,61,34,79,16,0,0,0,0,0,0,0,-32287,0,0,0,0,0,2802309,0
2740136,8380,-1390,-182,1851,-254,-362,8263,461,154,-12,576,19392,61,34,79,16,0,0,0,0,0,0,0,-32286,0,0,0,0,0,2802324,0
2740141,8806,-1136,-378,1856,-236,-407,8369,473,143,0,600,19390,68,33,79,16,0,0,0,0,0,0,0,-32286,0,0,0,0,0,2802329,0
2740146,8788,-758,-472,1820,-225,-447,8481,493,114,3,632,19390,68,33,79,16,0,0,0,0,0,0,0,-32286,0,0,0,0,0,2802344,0
2740151,9066,-480,-638,1711,-202,-488,8593,496,87,5,648,19389,65,33,79,16,0,0,0,0,0,0,0,-32286,0,0,0,0,0,2802349,0
2740156,9390,-282,-854,1627,-190,-567,8709,510,61,6,680,19389,65,33,79,16,0,0,0,0,0,0,0,-32287,0,0,0,0,0,2802364,0
2740161,9468,-192,-872,1561,-196,-583,8824,509,37,2,640,19389,67,34,79,16,0,0,0,0,0,0,0,-32286,0,0,0,0,0,2802369,0
2740166,9652,-286,-926,1426,-217,-578,8937,490,19,4,592,19389,67,34,79,16,0,0,0,0,0,0,0,-32286,0,0,0,0,0,2802384,0
2740171,10002,-434,-954,1295,-217,-614,9043,470,-10,3,544,19392,71,34,79,16,0,0,0,0,0,0,0,-32286,0,0,0,0,0,2802389,0
2740176,10776,-1428,-902,1047,-181,-652,9150,464,-32,-5,536,19392,71,34,79,16,0,0,0,0,0,0,0,-32286,0,0,0,0,0,2802404,0
2740181,11062,-2204,-934,966,-151,-617,9251,435,-50,4,432,19393,61,34,79,16,0,0,0,0,0,0,0,-32286,0,0,0,0,0,2802408,0
2740186,11106,-2646,-742,863,-200,-592,9344,404,-61,5,376,19393,61,34,79,16,0,0,0,0,0,0,0,-32286,0,0,0,0,0,2802423,0
2740191,11174,-3082,-600,719,-279,-561,9423,349,-89,13,264,19395,62,33,79,16,0,0,0,0,0,0,0,-32286,0,0,0,0,0,2802429,0
2740196,11284,-3664,-258,414,-315,-411,9495,304,-121,10,192,19395,62,33,79,16,0,0,0,0,0,0,0,-32286,0,0,0,0,0,2802443,0
2740201,10962,-3696,-86,211,-341,-321,9558,268,-148,1,152,19394,60,33,79,16,0,0,0,0,0,0,0,-32286,0,0,0,0,0,2802448,0
2740206,10690,-3940,-96,126,-389,-215,9613,238,-140,-3,104,19394,60,33,79,16,0,0,0,0,0,0,0,-32286,0,0,0,0,0,2802463,0
2740211,10302,-3648,142,96,-407,-128,9654,175,-146,0,48,19393,69,33,79,16,0,0,0,0,0,0,0,-32286,0,0,0,0,0,2802468,0
2740216,9756,-2992,452,-17,-462,38,9674,73,-169,-4,8,19393,69,33,79,16,0,0,0,0,0,0,0,-32286,0,0,0,0,0,2802483,0
2740221,9876,-2600,558,-3,-436,83,9677,7,-215,0,-8,19393,76,33,79,16,0,0,0,0,0,0,0,-32286,0,0,0,0,0,2802488,0
2740226,9776,-2140,812,34,-450,69,9676,6,-226,3,-8,19393,76,33,79,16,0,0,0,0,0,0,0,-32286,0,0,0,0,0,2802503,0
2740231,9852,-1750,870,27,-461,32,9676,0,-192,2,0,19390,70,34,79,16,0,0,0,0,0,0,0,-32286,0,0,0,0,0,2802508,0
2740236,10120,-1466,720,-108,-430,-130,9675,0,-117,2,0,19390,70,34,79,16,0,0,0,0,0,0,0,-32286,0,0,0,0,0,2802526,0
2740241,10176,-1514,702,-118,-364,-257,9676,5,-31,1,0,19390,74,34,79,16,0,0,0,0,0,0,0,-32286,0,0,0,0,0,2802531,0
2740246,10066,-1894,732,-163,-284,-367,9676,-3,-2,0,0,19390,74,34,79,16,0,0,0,0,0,0,0,-32287,0,0,0,0,0,2802546,0
2740251,10010,-2320,654,-208,-311,-489,9675,0,0,0,-8,19390,70,34,79,16,0,0,0,0,0,0,0,-32286,0,0,0,0,0,2802551,0
2740256,10100,-3422,524,-375,-194,-629,9675,-1,-3,0,0,19390,70,34,79,16,0,0,0,0,0,0,0,-32286,0,0,0,0,0,2802566,0
2740261,9852,-4306,516,-544,-175,-663,9675,-1,-5,-1,-8,19389,68,34,79,16,0,0,0,0,0,0,0,-32286,0,0,0,0,0,2802571,0
2740266,9750,-5334,478,-657,-99,-633,9673,-11,-2,0,-8,19389,68,34,79,16,0,0,0,0,0,0,0,-32286,0,0,0,0,0,2802586,0
2740271,9180,-6096,482,-655,-144,-609,9672,-15,-4,1,-16,19386,63,34,79,16,0,0,0,0,0,0,0,-32286,0,0,0,0,0,2802591,0
2740276,8594,-7086,472,-675,-292,-475,9668,-24,-10,1,-16,19386,63,34,79,16,0,0,0,0,0,0,0,-32286,0,0,0,0,0,2802606,0
2740281,8186,-7188,788,-803,-261,-389,9663,-26,-16,2,-24,19387,71,34,79,16,0,0,0,0,0,0,0,-32287,0,0,0,0,0,2802611,0
2740286,7674,-7348,1026,-854,-155,-318,9653,-42,-21,4,-32,19387,71,34,79,16,0,0,0,0,0,0,0,-32287,0,0,0,0,0,2802626,0
2740291,7066,-7618,1436,-743,-138,-276,9638,-70,-39,2,-32,19387,69,33,79,16,0,0,0,0,0,0,0,-32286,0,0,0,0,0,2802631,0
2740296,8078,-6378,2396,325,-404,-730,9625,-57,-41,0,-32,19387,69,33,79,16,0,0,0,0,0,0,0,-32286,0,0,0,0,0,2802646,0
2740301,7478,-7280,2678,2144,-367,-1121,9605,-93,-42,5,-72,19389,70,33,79,16,0,0,0,0,0,0,0,-32286,0,0,0,0,0,2802651,0
2740306,6280,-8286,1952,2597,-751,-894,9564,-188,-76,15,-144,19389,70,33,79,16,0,0,0,0,0,0,0,-32287,0,0,0,0,0,2802666,0
2740311,6318,-4550,3156,1998,-657,-1026,9501,-290,-144,13,-320,19390,67,33,79,16,0,0,0,0,0,0,0,-32286,0,0,0,0,0,2802671,0
2740316,5742,-5278,942,673,-426,-749,9404,-442,-254,36,-648,19390,67,33,79,16,0,0,0,0,0,0,0,-32286,0,0,0,0,0,2802686,0
2740321,4818,-5846,1270,328,-419,-654,9268,-625,-387,43,-1200,19392,65,33,79,16,0,0,0,0,0,0,0,-32286,0,0,0,0,0,2802691,0
2740326,4694,-6816,954,370,-460,-561,9080,-843,-506,15,-1688,19392,65,33,79,16,0,0,0,0,0,0,0,-32286,0,0,0,0,0,2802706,0
2740331,4602,-7038,1130,451,-345,-414,8846,-1047,-613,2,-2120,19392,58,34,79,16,0,0,0,0,0,0,0,-32286,0,0,0,0,0,2802711,0
2740336,4288,-6970,1306,294,-87,-108,8565,-1259,-695,-1,-2560,19392,58,34,79,16,0,0,0,0,0,0,0,-32286,0,0,0,0,0,2802726,0
2740341,4448,-6992,1544,173,165,113,8238,-1455,-718,0,-2960,19392,59,34,79,16,0,0,0,0,0,0,0,-32286,0,0,0,0,0,2802731,0
2740346,4326,-7148,1464,-86,360,432,7871,-1626,-710,-10,-3280,19392,59,34,79,16,0,0,0,0,0,0,0,-32286,0,0,0,0,0,2802746,0
2740351,3998,-7800,2208,-536,864,793,7473,-1759,-665,-27,-3488,19390,73,34,79,16,0,0,0,0,0,0,0,-32286,0,0,0,0,0,2802751,0
2740356,4450,-8794,1050,531,321,1013,7059,-1831,-576,-18,-3616,19390,73,34,79,16,0,0,0,0,0,0,0,-32286,0,0,0,0,0,2802766,0
2740361,4540,-7212,914,1064,54,1051,6633,-1877,-452,-1,-3728,19389,83,34,79,16,0,0,0,0,0,0,0,-32286,0,0,0,0,0,2802771,0
2740366,5484,-5614,402,1025,30,1161,6199,-1910,-310,0,-3792,19389,83,34,79,16,0,0,0,0,0,0,0,-32287,0,0,0,0,0,2802786,0
2740371,6062,-4046,204,659,59,1213,5762,-1924,-197,0,-3832,19388,83,34,79,16,0,0,0,0,0,0,0,-32287,0,0,0,0,0,2802798,0
2740376,7320,-2868,-170,223,-61,1217,5318,-1953,-128,3,-3904,19388,83,34,79,16,0,0,0,0,0,0,0,-32286,0,0,0,0,0,2802805,0
2740381,7934,-2288,10,179,-180,1169,4870,-1976,-94,-1,-3928,19387,82,34,79,16,0,0,0,0,0,0,0,-32286,0,0,0,0,0,2802810,0
2740386,8634,-1860,108,70,-236,1138,4415,-2000,-83,-11,-3936,19387,82,34,79,16,0,0,0,0,0,0,0,-32286,0,0,0,0,0,2802825,0
2740391,9110,-1302,220,-101,-309,1064,3962,-1992,-74,-18,-3864,19385,94,33,79,16,0,0,0,0,0,0,0,-32286,0,0,0,0,0,2802830,0
2740396,10216,-550,834,-378,-366,802,3515,-1964,-47,-12,-3792,19385,94,33,79,16,0,0,0,0,0,0,0,-32287,0,0,0,0,0,2802845,0
2740401,10636,-528,1236,-330,-379,618,3080,-1907,16,-4,-3680,19387,87,33,79,16,0,0,0,0,0,0,0,-32286,0,0,0,0,0,2802850,0
2740406,10978,-454,1344,-214,-395,433,2659,-1845,94,3,-3560,19387,87,33,79,16,0,0,0,0,0,0,0,-32286,0,0,0,0,0,2802865,0
2740411,11206,-324,1656,-159,-407,242,2254,-1779,157,6,-3440,19385,85,33,79,16,0,0,0,0,0,0,0,-32286,0,0,0,0,0,2802870,0
2740416,11452,-116,2452,-439,-16,18,1861,-1721,196,9,-3320,19385,85,33,79,16,0,0,0,0,0,0,0,-32286,0,0,0,0,0,2802885,0
2740421,11304,-326,2908,-598,256,-92,1480,-1669,208,2,-3216,19385,71,33,79,16,0,0,0,0,0,0,0,-32286,0,0,0,0,0,2802890,0
2740426,11290,-992,3298,-613,645,-188,1108,-1631,194,-3,-3112,19385,71,33,79,16,0,0,0,0,0,0,0,-32286,0,0,0,0,0,2802905,0
2740431,10810,-1600,3550,-541,938,-257,746,-1587,171,-12,-2992,19383,70,34,79,16,0,0,0,0,0,0,0,-32286,0,0,0,0,0,2802910,0
2740436,9922,-2090,3448,-428,1554,-334,393,-1541,157,-11,-2880,19383,70,34,79,16,0,0,0,0,0,0,0,-32286,0,0,0,0,0,2802925,0
2740441,9488,-2306,2976,-499,1810,-359,54,-1488,154,-9,-2736,19383,77,34,79,16,0,0,0,0,0,0,0,-32286,0,0,0,0,0,2802935,0
2740446,8632,-2538,2296,-546,1876,-387,-271,-1423,167,-7,-2584,19383,77,34,79,16,0,0,0,0,0,0,0,-32286,0,0,0,0,0,2802945,0
2740451,8038,-2942,1586,-560,2051,-351,-578,-1350,193,-4,-2416,19383,80,33,79,16,0,0,0,0,0,0,0,-32286,0,0,0,0,0,2802950,0
2740456,6856,-3222,882,-512,2049,-345,-867,-1254,228,-2,-2208,19383,80,33,79,16,0,0,0,0,0,0,0,-32286,0,0,0,0,0,2802965,0
2740461,6006,-3228,322,-504,1920,-306,-1134,-1167,255,0,-2016,19384,77,33,79,16,0,0,0,0,0,0,0,-32286,0,0,0,0,0,2802970,0
2740466,5810,-3198,-72,-581,1829,-255,-1382,-1078,287,-5,-1816,19384,77,33,79,16,0,0,0,0,0,0,0,-32286,0,0,0,0,0,2802985,0
2740471,5586,-3108,-234,-601,1733,-252,-1605,-971,313,-9,-1592,19384,69,34,79,16,0,0,0,0,0,0,0,-32286,0,0,0,0,0,2802990,0
2740476,5226,-3230,-472,-447,1341,-282,-1808,-881,323,-2,-1400,19384,69,34,79,16,0,0,0,0,0,0,0,-32286,0,0,0,0,0,2803005,0
2740481,5298,-3262,-554,-270,1106,-309,-1990,-790,326,-3,-1208,19386,67,34,79,16,0,0,0,0,0,0,0,-32286,0,0,0,0,0,2803010,0
2740486,5284,-3000,-494,-219,912,-307,-2155,-719,323,5,-1064,19386,67,34,79,16,0,0,0,0,0,0,0,-32286,0,0,0,0,0,2803027,0
2740491,5404,-2694,-312,-297,795,-279,-2309,-668,296,2,-960,19390,60,34,79,16,0,0,0,0,0,0,0,-32286,0,0,0,0,0,2803032,0
2740496,5652,-2558,290,-559,737,-198,-2449,-611,255,0,-840,19390,60,34,79,16,0,0,0,0,0,0,0,-32286,0,0,0,0,0,2803044,0
2740501,5756,-2690,598,-655,730,-166,-2578,-568,214,6,-736,19394,59,33,79,16,0,0,0,0,0,0,0,-32286,0,0,0,0,0,2803049,0
2740506,5956,-2820,800,-678,752,-117,-2699,-530,189,8,-648,19394,59,33,79,16,0,0,0,0,0,0,0,-32286,0,0,0,0,0,2803064,0
2740511,5936,-2870,1126,-670,786,-116,-2810,-475,166,6,-520,19396,71,33,79,16,0,0,0,0,0,0,0,-32286,0,0,0,0,0,2803069,0
2740516,6156,-2562,1194,-549,739,-141,-2910,-429,156,3,-424,19396,71,33,79,16,0,0,0,0,0,0,0,-32286,0,0,0,0,0,2803084,0
2740521,6178,-2352,1232,-559,702,-151,-3001,-398,151,5,-376,19397,78,34,79,16,0,0,0,0,0,0,0,-32286,0,0,0,0,0,2803089,0
2740526,6306,-2222,1144,-590,697,-163,-3085,-368,146,-7,-312,19397,78,34,79,16,0,0,0,0,0,0,0,-32286,0,0,0,0,0,2803104,0
2740531,6346,-2204,1122,-656,703,-160,-3167,-361,131,-5,-296,19396,82,34,79,16,0,0,0,0,0,0,0,-32286,0,0,0,0,0,2803109,0
2740536,6392,-2322,1120,-694,683,-175,-3240,-321,105,-12,-224,19396,82,34,79,16,0,0,0,0,0,0,0,-32286,0,0,0,0,0,2803124,0
2740541,6200,-2234,1158,-671,656,-193,-3304,-275,97,-9,-160,19394,71,34,79,16,0,0,0,0,0,0,0,-32286,0,0,0,0,0,2803129,0
2740546,6248,-2246,1126,-619,642,-210,-3358,-230,109,1,-112,19394,71,34,79,16,0,0,0,0,0,0,0,-32286,0,0,0,0,0,2803144,0
2740551,6184,-2376,1048,-605,641,-186,-3404,-205,121,6,-80,19391,76,34,79,16,0,0,0,0,0,0,0,-32286,0,0,0,0,0,2803149,0
2740556,6028,-2148,1062,-557,622,-187,-3447,-190,135,7,-96,19391,76,34,79,16,0,0,0,0,0,0,0,-32286,0,0,0,0,0,2803164,0
2740561,5892,-1922,1080,-545,589,-185,-3482,-150,118,0,-56,19390,65,34,79,16,0,0,0,0,0,0,0,-32286,0,0,0,0,0,2803169,0
2740566,5872,-2002,958,-568,617,-151,-3513,-140,96,5,-56,19390,65,34,79,16,0,0,0,0,0,0,0,-32286,0,0,0,0,0,2803184,0
2740571,5660,-1724,990,-567,576,-173,-3539,-106,81,-1,-48,19388,67,34,79,16,0,0,0,0,0,0,0,-32286,0,0,0,0,0,2803189,0
2740576,5386,-1628,804,-576,528,-123,-3565,-118,74,5,-64,19388,67,34,79,16,0,0,0,0,0,0,0,-32286,0,0,0,0,0,2803204,0
2740581,5532,-1542,676,-597,473,-134,-3591,-119,50,0,-48,19390,69,33,79,16,0,0,0,0,0,0,0,-32287,0,0,0,0,0,2803209,0
2740586,5470,-1502,622,-599,476,-133,-3606,-66,41,-5,-24,19390,69,33,79,16,0,0,0,0,0,0,0,-32286,0,0,0,0,0,2803224,0
2740591,5364,-1448,670,-593,433,-116,-3617,-44,62,-1,-16,19391,75,33,79,16,0,0,0,0,0,0,0,-32286,0,0,0,0,0,2803229,0
2740596,5310,-1486,684,-666,378,-94,-3622,-29,74,0,-16,19391,75,33,79,16,0,0,0,0,0,0,0,-32286,0,0,0,0,0,2803244,0
2740601,5404,-1524,750,-680,373,-78,-3626,-18,83,-1,-8,19391,70,33,79,16,0,0,0,0,0,0,0,-32286,0,0,0,0,0,2803249,0
2740606,5358,-1500,876,-695,359,-68,-3625,8,78,-1,0,19391,70,33,79,16,0,0,0,0,0,0,0,-32286,0,0,0,0,0,2803264,0
2740611,5426,-1508,918,-706,342,-77,-3626,-3,46,1,0,19393,75,33,79,16,0,0,0,0,0,0,0,-32286,0,0,0,0,0,2803269,0
2740616,5558,-1508,946,-697,365,-82,-3625,2,37,0,0,19393,75,33,79,16,0,0,0,0,0,0,0,-32286,0,0,0,0,0,2803284,0
2740621,5686,-1520,974,-708,377,-76,-3625,3,17,0,-8,19393,77,34,79,16,0,0,0,0,0,0,0,-32286,0,0,0,0,0,2803289,0
2740626,5746,-1566,976,-726,399,-95,-3626,-1,7,2,-8,19393,77,34,79,16,0,0,0,0,0,0,0,-32286,0,0,0,0,0,2803304,0
2740631,5868,-1602,972,-725,413,-89,-3627,-7,-3,1,0,19393,74,34,79,16,0,0,0,0,0,0,0,-32286,0,0,0,0,0,2803309,0
2740636,6096,-1642,956,-709,414,-103,-3625,1,-1,1,0,19393,74,34,79,16,0,0,0,0,0,0,0,-32286,0,0,0,0,0,2803324,0
2740641,6282,-1626,950,-702,404,-111,-3626,-3,-1,1,0,19391,66,33,79,16,0,0,0,0,0,0,0,-32286,0,0,0,0,0,2803329,0
2740646,6396,-1582,998,-705,399,-138,-3625,6,5,0,0,19391,66,33,79,16,0,0,0,0,0,0,0,-32286,0,0,0,0,0,2803344,0
2740651,6654,-1640,972,-701,398,-146,-3626,-6,-3,1,-8,19391,69,33,79,16,0,0,0,0,0,0,0,-32286,0,0,0,0,0,2803349,0
2740656,6920,-1502,920,-708,336,-169,-3626,0,-1,0,0,19391,69,33,79,16,0,0,0,0,0,0,0,-32287,0,0,0,0,0,2803364,0
2740661,6984,-1396,886,-771,307,-168,-3625,1,-2,-1,0,19392,71,33,79,16,0,0,0,0,0,0,0,-32286,0,0,0,0,0,2803369,0
2740666,7072,-1376,882,-878,314,-162,-3625,9,1,-2,0,19392,71,33,79,16,0,0,0,0,0,0,0,-32287,0,0,0,0,0,2803384,0
2740671,7190,-1376,880,-1021,396,-121,-3624,7,2,0,0,19391,61,34,79,16,0,0,0,0,0,0,0,-32286,0,0,0,0,0,2803389,0
2740676,7482,-1658,1168,-1020,414,-166,-3623,-1,3,1,0,19391,61,34,79,16,0,0,0,0,0,0,0,-32287,0,0,0,0,0,2803404,0
2740681,7688,-1860,1186,-840,348,-220,-3623,-1,1,2,0,19391,57,34,79,16,0,0,0,0,0,0,0,-32286,0,0,0,0,0,2803409,0
2740686,7858,-1886,1058,-745,268,-244,-3623,0,1,2,-8,19391,57,34,79,16,0,0,0,0,0,0,0,-32287,0,0,0,0,0,2803424,0
2740691,7842,-1614,912,-838,248,-225,-3622,-1,-8,0,0,19391,63,34,79,16,0,0,0,0,0,0,0,-32286,0,0,0,0,0,2803429,0
2740696,8022,-1566,746,-1093,176,-217,-3623,-3,-4,1,0,19391,63,34,79,16,0,0,0,0,0,0,0,-32286,0,0,0,0,0,2803444,0
2740701,8108,-1674,944,-1154,180,-201,-3623,-2,0,0,0,19391,65,33,79,16,0,0,0,0,0,0,0,-32286,0,0,0,0,0,2803448,0
2740706,8158,-1916,1188,-1157,176,-205,-3620,9,-1,0,0,19391,65,33,79,16,0,0,0,0,0,0,0,-32286,0,0,0,0,0,2803463,0
2740711,8288,-2188,1392,-1101,187,-219,-3620,6,2,0,0,19393,67,34,79,16,0,0,0,0,0,0,0,-32286,0,0,0,0,0,2803468,0
2740716,8466,-2276,1808,-961,268,-218,-3619,4,5,0,0,19393,67,34,79,16,0,0,0,0,0,0,0,-32286,0,0,0,0,0,2803483,0
2740721,8632,-2298,1902,-942,327,-224,-3619,1,-1,0,-8,19392,67,34,79,16,0,0,0,0,0,0,0,-32286,0,0,0,0,0,2803488,0
2740726,8742,-2320,1948,-954,411,-215,-3619,5,-3,2,0,19392,67,34,79,16,0,0,0,0,0,0,0,-32286,0,0,0,0,0,2803503,0
2740731,8852,-2322,2024,-998,501,-213,-3617,3,-2,2,0,19393,65,34,79,16,0,0,0,0,0,0,0,-32286,0,0,0,0,0,2803508,0
2740736,8898,-2476,2106,-1017,643,-199,-3617,7,-5,0,-8,19393,65,34,79,16,0,0,0,0,0,0,0,-32286,0,0,0,0,0,2803523,0
2740741,8912,-2518,2080,-978,679,-219,-3617,-1,0,0,0,19391,66,33,79,16,0,0,0,0,0,0,0,-32286,0,0,0,0,0,2803528,0
2740746,8996,-2548,1988,-942,704,-212,-3614,11,-2,0,0,19391,66,33,79,16,0,0,0,0,0,0,0,-32286,0,0,0,0,0,2803543,0
2740751,8988,-2496,1944,-944,726,-214,-3613,10,-2,0,0,19391,71,34,79,16,0,0,0,0,0,0,0,-32286,0,0,0,0,0,2803548,0
2740756,9022,-2426,1808,-974,724,-228,-3611,17,7,0,8,19391,71,34,79,16,0,0,0,0,0,0,0,-32286,0,0,0,0,0,2803563,0
2740761,8936,-2426,1794,-987,690,-242,-3608,7,4,-1,8,19390,65,34,79,16,0,0,0,0,0,0,0,-32286,0,0,0,0,0,2803568,0
2740766,8922,-2404,1748,-981,649,-252,-3602,22,13,0,8,19390,65,34,79,16,0,0,0,0,0,0,0,-32286,0,0,0,0,0,2803583,0
2740771,8888,-2472,1720,-966,602,-270,-3590,54,24,0,24,19390,66,34,79,16,0,0,0,0,0,0,0,-32286,0,0,0,0,0,2803588,0
2740776,8948,-2508,1748,-942,511,-295,-3572,80,48,-2,32,19390,66,34,79,16,0,0,0,0,0,0,0,-32287,0,0,0,0,0,2803603,0
2740781,8786,-2494,1928,-966,484,-282,-3555,63,57,5,16,19388,66,34,79,16,0,0,0,0,0,0,0,-32286,0,0,0,0,0,2803608,0
2740786,8656,-2394,2066,-973,472,-284,-3548,24,33,7,0,19388,66,34,79,16,0,0,0,0,0,0,0,-32286,0,0,0,0,0,2803624,0
2740791,8830,-2426,2118,-944,501,-305,-3549,-2,-22,5,-8,19390,68,33,79,16,0,0,0,0,0,0,0,-32286,0,0,0,0,0,2803629,0
2740796,8792,-2222,2398,-848,595,-338,-3549,-1,-68,-1,0,19390,68,33,79,16,0,0,0,0,0,0,0,-32287,0,0,0,0,0,2803643,0
2740801,8708,-2122,2452,-854,654,-350,-3549,-1,-74,0,0,19390,70,34,79,16,0,0,0,0,0,0,0,-32286,0,0,0,0,0,2803648,0
2740806,8782,-2100,2410,-861,719,-343,-3549,1,-44,0,0,19390,70,34,79,16,0,0,0,0,0,0,0,-32286,0,0,0,0,0,2803663,0
2740811,8676,-1968,2352,-893,773,-331,-3547,6,-5,0,0,19391,66,33,79,16,0,0,0,0,0,0,0,-32286,0,0,0,0,0,2803668,0
2740816,8566,-1816,2184,-963,851,-323,-3548,8,5,-1,8,19391,66,33,79,16,0,0,0,0,0,0,0,-32286,0,0,0,0,0,2803683,0
2740821,8568,-1632,2122,-985,886,-324,-3543,19,8,-2,8,19394,60,34,79,16,0,0,0,0,0,0,0,-32286,0,0,0,0,0,2803688,0
2740826,8596,-1480,2024,-988,916,-349,-3528,73,27,-2,40,19394,60,34,79,16,0,0,0,0,0,0,0,-32286,0,0,0,0,0,2803703,0
2740831,8600,-1316,1942,-940,882,-401,-3493,165,89,-9,112,19395,66,34,79,16,0,0,0,0,0,0,0,-32286,0,0,0,0,0,2803708,0
2740836,8620,-1012,1700,-787,692,-521,-3440,243,163,-7,208,19395,66,34,79,16,0,0,0,0,0,0,0,-32286,0,0,0,0,0,2803723,0
2740841,8892,-986,1474,-747,576,-561,-3367,335,238,-7,352,19397,69,34,79,16,0,0,0,0,0,0,0,-32286,0,0,0,0,0,2803728,0
2740846,9014,-712,1456,-752,428,-650,-3268,444,297,-18,576,19397,69,34,79,16,0,0,0,0,0,0,0,-32286,0,0,0,0,0,2803743,0
2740851,9436,-712,1514,-785,295,-706,-3145,551,326,-34,912,19392,65,34,79,16,0,0,0,0,0,0,0,-32286,0,0,0,0,0,2803748,0
2740856,10400,-1154,1952,-946,77,-828,-3001,640,347,0,1104,19392,65,34,79,16,0,0,0,0,0,0,0,-32286,0,0,0,0,0,2803763,0
2740861,10804,-1382,2246,-1060,40,-889,-2838,731,345,8,1288,19392,70,34,79,16,0,0,0,0,0,0,0,-32286,0,0,0,0,0,2803768,0
2740866,11282,-1850,2410,-1162,51,-932,-2655,815,335,1,1472,19392,70,34,79,16,0,0,0,0,0,0,0,-32287,0,0,0,0,0,2803783,0
2740871,11750,-2646,2492,-1296,86,-943,-2452,894,312,3,1632,19391,73,34,79,16,0,0,0,0,0,0,0,-32286,0,0,0,0,0,2803788,0
2740876,12502,-4254,2242,-1279,90,-1007,-2234,969,293,-3,1792,19391,73,34,79,16,0,0,0,0,0,0,0,-32286,0,0,0,0,0,2803803,0
2740881,12852,-5130,2002,-1135,115,-1020,-2002,1027,276,3,1920,19393,79,34,79,16,0,0,0,0,0,0,0,-32286,0,0,0,0,0,2803808,0
2740886,12754,-5588,1744,-1070,201,-1020,-1759,1072,244,4,2008,19393,79,34,79,16,0,0,0,0,0,0,0,-32286,0,0,0,0,0,2803823,0
2740891,12546,-5978,1364,-1013,324,-1031,-1508,1106,211,1,2056,19398,77,33,79,16,0,0,0,0,0,0,0,-32286,0,0,0,0,0,2803828,0
2740896,11148,-6632,964,-834,611,-1009,-1249,1134,172,3,2112,19398,77,33,79,16,0,0,0,0,0,0,0,-32286,0,0,0,0,0,2803843,0
2740901,10230,-6938,820,-746,770,-966,-991,1143,130,13,2080,19397,78,33,79,16,0,0,0,0,0,0,0,-32286,0,0,0,0,0,2803848,0
2740906,9362,-7082,638,-709,901,-874,-730,1147,85,11,2064,19397,78,33,79,16,0,0,0,0,0,0,0,-32286,0,0,0,0,0,2803863,0
2740911,8324,-7172,556,-717,1072,-773,-473,1134,40,8,2024,19397,75,34,79,16,0,0,0,0,0,0,0,-32286,0,0,0,0,0,2803868,0
2740916,6692,-7304,574,-523,1247,-626,-219,1112,5,8,1952,19397,75,34,79,16,0,0,0,0,0,0,0,-32287,0,0,0,0,0,2803883,0
2740921,5694,-7098,518,-390,1191,-599,27,1083,-35,3,1864,19392,70,33,79,16,0,0,0,0,0,0,0,-32287,0,0,0,0,0,2803888,0
2740926,5220,-7044,10,-286,1130,-560,265,1046,-66,0,1800,19392,70,33,79,16,0,0,0,0,0,0,0,-32287,0,0,0,0,0,2803903,0
2740931,4536,-6628,-300,-226,1045,-519,493,1005,-97,2,1704,19396,74,34,79,16,0,0,0,0,0,0,0,-32286,0,0,0,0,0,2803908,0
2740936,3858,-6360,-752,-162,817,-449,711,954,-122,5,1616,19396,74,34,79,16,0,0,0,0,0,0,0,-32286,0,0,0,0,0,2803923,0
2740941,3670,-6316,-850,-132,681,-407,915,895,-147,2,1480,19395,73,33,79,16,0,0,0,0,0,0,0,-32286,0,0,0,0,0,2803928,0
2740946,3634,-6408,-1222,-93,531,-349,1107,838,-167,1,1368,19395,73,33,79,16,0,0,0,0,0,0,0,-32287,0,0,0,0,0,2803943,0
2740951,3512,-6200,-1270,-118,399,-296,1282,759,-191,7,1176,19393,74,34,79,16,0,0,0,0,0,0,0,-32287,0,0,0,0,0,2803948,0
2740956,3772,-6002,-1138,-210,174,-174,1445,712,-205,2,1064,19393,74,34,79,16,0,0,0,0,0,0,0,-32287,0,0,0,0,0,2803963,0
2740961,3994,-5892,-980,-308,100,-60,1591,640,-219,3,904,19389,72,34,79,16,0,0,0,0,0,0,0,-32286,0,0,0,0,0,2803968,0
2740966,4278,-5830,-734,-318,15,22,1695,567,-230,8,712,19389,72,34,79,16,0,0,0,0,0,0,0,-32286,0,0,0,0,0,2803982,0
2740971,4520,-5870,-460,-277,-66,105,1814,515,-234,-7,592,19387,68,34,79,16,0,0,0,0,0,0,0,-32286,0,0,0,0,0,2803987,0
2740976,5292,-5282,114,-244,-200,270,1922,468,-220,-3,472,19387,68,34,79,16,0,0,0,0,0,0,0,-32286,0,0,0,0,0,2804002,0
2740981,5678,-4872,342,-338,-185,372,2010,390,-226,1,336,19389,62,34,79,16,0,0,0,0,0,0,0,-32286,0,0,0,0,0,2804007,0
2740986,5816,-4394,574,-620,-47,488,2088,337,-216,4,232,19389,62,34,79,16,0,0,0,0,0,0,0,-32286,0,0,0,0,0,2804022,0
2740991,6248,-4208,774,-750,-4,515,2157,303,-197,-1,200,19390,60,34,79,16,0,0,0,0,0,0,0,-32286,0,0,0,0,0,2804027,0
2740996,6496,-3802,1038,-645,81,555,2222,284,-169,-3,176,19390,60,34,79,16,0,0,0,0,0,0,0,-32287,0,0,0,0,0,2804042,0
2741001,6708,-3438,928,-601,83,526,2285,280,-118,-9,192,19390,62,34,79,16,0,0,0,0,0,0,0,-32286,0,0,0,0,0,2804047,0
2741006,6870,-3216,664,-594,98,500,2348,281,-64,-2,168,19390,62,34,79,16,0,0,0,0,0,0,0,-32287,0,0,0,0,0,2804062,0
2741011,6808,-3070,556,-626,66,467,2407,253,-37,-2,152,19388,70,33,79,16,0,0,0,0,0,0,0,-32286,0,0,0,0,0,2804067,0
2741016,6614,-2866,394,-664,-107,334,2464,259,-34,-12,168,19388,70,33,79,16,0,0,0,0,0,0,0,-32286,0,0,0,0,0,2804082,0
2741021,6666,-3048,286,-668,-185,249,2525,265,-21,-5,184,19390,73,33,79,16,0,0,0,0,0,0,0,-32286,0,0,0,0,0,2804087,0
2741026,6572,-3404,310,-658,-272,185,2588,281,0,-2,208,19390,73,33,79,16,0,0,0,0,0,0,0,-32286,0,0,0,0,0,2804102,0
2741031,6322,-3684,422,-623,-387,135,2655,300,19,-1,256,19393,85,33,79,16,0,0,0,0,0,0,0,-32287,0,0,0,0,0,2804107,0
2741036,5862,-4164,606,-519,-592,19,2730,328,53,0,280,19393,85,33,79,16,0,0,0,0,0,0,0,-32286,0,0,0,0,0,2804122,0
2741041,5802,-4654,514,-427,-664,12,2812,362,76,0,320,19393,77,33,79,16,0,0,0,0,0,0,0,-32287,0,0,0,0,0,2804127,0
2741046,5414,-4756,572,-292,-797,-39,2898,375,86,0,368,19393,77,33,79,16,0,0,0,0,0,0,0,-32286,0,0,0,0,0,2804142,0
2741051,5390,-5118,436,-145,-913,-36,2989,399,83,-13,432,19393,79,34,79,16,0,0,0,0,0,0,0,-32286,0,0,0,0,0,2804147,0
2741056,5272,-5204,362,143,-1172,-73,3084,423,76,-14,504,19393,79,34,79,16,0,0,0,0,0,0,0,-32286,0,0,0,0,0,2804162,0
2741061,5306,-5138,400,284,-1271,-96,3188,462,78,-12,608,19389,71,34,79,16,0,0,0,0,0,0,0,-32286,0,0,0,0,0,2804167,0
2741066,5380,-5178,420,441,-1364,-96,3298,493,91,-4,680,19389,71,34,79,16,0,0,0,0,0,0,0,-32286,0,0,0,0,0,2804182,0
2741071,5426,-5162,574,588,-1416,-126,3413,510,97,3,728,19390,69,34,79,16,0,0,0,0,0,0,0,-32287,0,0,0,0,0,2804187,0
2741076,5744,-4962,610,942,-1520,-207,3533,528,67,6,752,19390,69,34,79,16,0,0,0,0,0,0,0,-32286,0,0,0,0,0,2804202,0
2741081,6114,-4676,610,1156,-1538,-261,3656,548,47,4,800,19388,69,34,79,16,0,0,0,0,0,0,0,-32286,0,0,0,0,0,2804207,0
2741086,6198,-4666,648,1285,-1528,-277,3782,557,89,10,776,19388,69,34,79,16,0,0,0,0,0,0,0,-32286,0,0,0,0,0,2804222,0
2741091,6344,-4330,658,1315,-1496,-287,3906,543,68,13,712,19389,67,33,79,16,0,0,0,0,0,0,0,-32286,0,0,0,0,0,2804227,0
2741096,6640,-4092,658,1281,-1340,-267,4027,529,67,1,688,19389,67,33,79,16,0,0,0,0,0,0,0,-32286,0,0,0,0,0,2804242,0
2741101,6706,-4232,632,1294,-1264,-242,4145,526,-7,-3,688,19389,67,34,79,16,0,0,0,0,0,0,0,-32286,0,0,0,0,0,2804247,0
2741106,6722,-4090,642,1331,-1204,-219,4259,495,-36,11,560,19389,67,34,79,16,0,0,0,0,0,0,0,-32286,0,0,0,0,0,2804262,0
2741111,6774,-4034,624,1413,-1183,-184,4364,456,-56,5,464,19390,63,34,79,16,0,0,0,0,0,0,0,-32286,0,0,0,0,0,2804267,0
2741116,7020,-3644,484,1477,-1104,-130,4461,425,-81,-5,424,19390,63,34,79,16,0,0,0,0,0,0,0,-32286,0,0,0,0,0,2804282,0
2741121,7080,-3300,458,1421,-1057,-73,4556,411,-95,-7,424,19390,62,33,79,16,0,0,0,0,0,0,0,-32286,0,0,0,0,0,2804291,0
2741126,7188,-3192,408,1379,-1024,-5,4646,390,-95,5,344,19390,62,33,79,16,0,0,0,0,0,0,0,-32286,0,0,0,0,0,2804301,0
2741131,7146,-2974,404,1369,-1000,25,4725,340,-92,17,248,19391,59,33,79,16,0,0,0,0,0,0,0,-32286,0,0,0,0,0,2804306,0
2741136,7386,-2650,314,1440,-1035,91,4798,313,-95,4,208,19391,59,33,79,16,0,0,0,0,0,0,0,-32286,0,0,0,0,0,2804321,0
2741141,7504,-2348,298,1369,-1041,132,4864,283,-107,-1,184,19392,58,34,79,16,0,0,0,0,0,0,0,-32287,0,0,0,0,0,2804326,0
2741146,7614,-2174,298,1274,-1015,183,4929,282,-102,-4,168,19392,58,34,79,16,0,0,0,0,0,0,0,-32287,0,0,0,0,0,2804341,0
2741151,7564,-2036,360,1221,-1006,219,4992,270,-79,1,168,19391,63,34,79,16,0,0,0,0,0,0,0,-32286,0,0,0,0,0,2804346,0
2741156,7862,-1642,446,1187,-982,227,5056,282,-47,0,168,19391,63,34,79,16,0,0,0,0,0,0,0,-32286,0,0,0,0,0,2804361,0
2741161,7830,-1602,588,1121,-923,270,5114,252,-32,6,136,19390,69,34,79,16,0,0,0,0,0,0,0,-32286,0,0,0,0,0,2804366,0
2741166,7852,-1570,508,1113,-931,270,5168,234,-33,-7,128,19390,69,34,79,16,0,0,0,0,0,0,0,-32286,0,0,0,0,0,2804381,0
2741171,7866,-1324,490,1135,-900,251,5222,242,-44,-1,128,19390,68,34,79,16,0,0,0,0,0,0,0,-32286,0,0,0,0,0,2804386,0
2741176,7916,-1196,366,1058,-848,293,5276,240,-38,1,128,19390,68,34,79,16,0,0,0,0,0,0,0,-32286,0,0,0,0,0,2804401,0
2741181,7934,-948,328,1004,-810,268,5330,241,-30,-3,144,19393,61,34,79,16,0,0,0,0,0,0,0,-32286,0,0,0,0,0,2804406,0
2741186,8004,-1072,156,959,-782,285,5386,254,-2,-6,176,19393,61,34,79,16,0,0,0,0,0,0,0,-32286,0,0,0,0,0,2804421,0
2741191,7964,-1092,112,938,-780,307,5447,272,10,0,192,19393,64,34,79,16,0,0,0,0,0,0,0,-32286,0,0,0,0,0,2804426,0
2741196,8004,-886,142,862,-739,279,5511,284,34,3,200,19393,64,34,79,16,0,0,0,0,0,0,0,-32286,0,0,0,0,0,2804441,0
2741201,8060,-888,54,796,-713,294,5578,282,45,7,176,19391,69,34,79,16,0,0,0,0,0,0,0,-32286,0,0,0,0,0,2804446,0
2741206,8142,-1002,2,766,-705,294,5644,286,40,-2,216,19391,69,34,79,16,0,0,0,0,0,0,0,-32286,0,0,0,0,0,2804461,0
2741211,8002,-1058,90,711,-667,297,5712,295,33,0,200,19388,66,34,79,16,0,0,0,0,0,0,0,-32287,0,0,0,0,0,2804466,0
2741216,8134,-988,204,605,-566,259,5778,288,12,0,208,19388,66,34,79,16,0,0,0,0,0,0,0,-32286,0,0,0,0,0,2804481,0
2741221,8106,-1002,300,549,-516,247,5848,305,6,-4,216,19388,71,34,79,16,0,0,0,0,0,0,0,-32286,0,0,0,0,0,2804486,0
2741226,8206,-1256,346,514,-458,241,5920,317,19,-2,264,19388,71,34,79,16,0,0,0,0,0,0,0,-32286,0,0,0,0,0,2804501,0
2741231,8270,-1440,420,517,-397,243,5999,335,33,-1,280,19388,69,33,79,16,0,0,0,0,0,0,0,-32286,0,0,0,0,0,2804506,0
2741236,8118,-1682,514,475,-310,232,6076,343,44,3,280,19388,69,33,79,16,0,0,0,0,0,0,0,-32286,0,0,0,0,0,2804524,0
2741241,8150,-1810,484,485,-242,256,6156,339,48,2,288,19390,74,33,79,16,0,0,0,0,0,0,0,-32286,0,0,0,0,0,2804529,0
2741246,7908,-1758,564,465,-223,243,6234,348,20,-3,288,19390,74,33,79,16,0,0,0,0,0,0,0,-32287,0,0,0,0,0,2804544,0
2741251,8020,-1886,488,476,-192,235,6316,362,18,-6,320,19393,69,34,79,16,0,0,0,0,0,0,0,-32286,0,0,0,0,0,2804549,0
2741256,7898,-1904,444,578,-160,185,6402,383,21,-9,376,19393,69,34,79,16,0,0,0,0,0,0,0,-32287,0,0,0,0,0,2804563,0
2741261,7842,-1978,338,599,-130,192,6488,381,31,2,336,19393,69,34,79,16,0,0,0,0,0,0,0,-32286,0,0,0,0,0,2804568,0
2741266,7774,-1820,372,564,-141,181,6573,367,30,7,312,19393,69,34,79,16,0,0,0,0,0,0,0,-32286,0,0,0,0,0,2804583,0
2741271,7758,-1786,280,517,-99,205,6652,352,6,5,272,19393,59,34,79,16,0,0,0,0,0,0,0,-32286,0,0,0,0,0,2804588,0
2741276,7608,-1862,254,429,-65,213,6730,338,-21,4,256,19393,59,34,79,16,0,0,0,0,0,0,0,-32286,0,0,0,0,0,2804603,0
2741281,7434,-1910,292,449,-64,214,6807,337,-48,1,272,19391,67,34,79,16,0,0,0,0,0,0,0,-32286,0,0,0,0,0,2804608,0
2741286,7358,-1976,272,472,-63,216,6881,328,-34,-1,248,19391,67,34,79,16,0,0,0,0,0,0,0,-32286,0,0,0,0,0,2804623,0
2741291,7192,-2022,218,463,-49,237,6952,302,-35,9,192,19391,72,34,79,16,0,0,0,0,0,0,0,-32286,0,0,0,0,0,2804628,0
2741296,7068,-1808,154,372,-24,233,7014,269,-51,0,136,19391,72,34,79,16,0,0,0,0,0,0,0,-32286,0,0,0,0,0,2804643,0
2741301,6920,-1850,140,287,-11,266,7067,232,-68,-10,120,19390,68,33,79,16,0,0,0,0,0,0,0,-32286,0,0,0,0,0,2804648,0
2741306,6908,-2020,100,213,-12,290,7114,204,-104,-9,96,19390,68,33,79,16,0,0,0,0,0,0,0,-32287,0,0,0,0,0,2804663,0
2741311,6764,-2026,152,187,2,256,7159,203,-109,-3,104,19390,58,33,79,16,0,0,0,0,0,0,0,-32286,0,0,0,0,0,2804668,0
2741316,6588,-2292,226,379,-53,262,7208,211,-72,-3,128,19390,58,33,79,16,0,0,0,0,0,0,0,-32287,0,0,0,0,0,2804683,0
2741321,6818,-2460,174,438,-76,257,7258,222,-32,-1,128,19394,50,33,79,16,0,0,0,0,0,0,0,-32286,0,0,0,0,0,2804688,0
2741326,6926,-2394,184,481,-82,272,7310,230,10,3,128,19394,50,33,79,16,0,0,0,0,0,0,0,-32286,0,0,0,0,0,2804703,0
2741331,6730,-2452,198,545,-165,280,7363,229,24,6,104,19395,46,34,79,16,0,0,0,0,0,0,0,-32287,0,0,0,0,0,2804708,0
2741336,7174,-1922,402,368,-97,303,7409,206,4,4,88,19395,46,34,79,16,0,0,0,0,0,0,0,-32287,0,0,0,0,0,2804723,0
2741341,7320,-2136,370,298,-38,318,7451,183,-17,-1,88,19397,48,34,79,16,0,0,0,0,0,0,0,-32286,0,0,0,0,0,2804728,0
2741346,7308,-2262,440,339,-58,318,7494,188,-36,0,88,19397,48,34,79,16,0,0,0,0,0,0,0,-32286,0,0,0,0,0,2804743,0
2741351,7276,-2356,494,384,-74,298,7536,185,-45,1,88,19400,59,34,79,16,0,0,0,0,0,0,0,-32287,0,0,0,0,0,2804748,0
2741356,7486,-2388,476,496,-61,261,7578,190,-25,-3,96,19400,59,34,79,16,0,0,0,0,0,0,0,-32287,0,0,0,0,0,2804763,0
2741361,7530,-2392,462,511,-109,234,7628,228,3,-5,136,19398,67,34,79,16,0,0,0,0,0,0,0,-32286,0,0,0,0,0,2804768,0
2741366,7620,-2256,456,542,-88,184,7685,260,39,0,176,19398,67,34,79,16,0,0,0,0,0,0,0,-32286,0,0,0,0,0,2804783,0
2741371,7702,-2402,388,567,-97,136,7751,294,78,-2,240,19394,72,34,79,16,0,0,0,0,0,0,0,-32287,0,0,0,0,0,2804788,0
2741376,7648,-2686,280,689,-107,75,7824,323,106,3,248,19394,72,34,79,16,0,0,0,0,0,0,0,-32286,0,0,0,0,0,2804803,0
2741381,7514,-2590,294,700,-130,23,7898,328,108,3,264,19389,67,34,79,16,0,0,0,0,0,0,0,-32286,0,0,0,0,0,2804808,0
2741386,7776,-2706,142,728,-115,-15,7981,367,94,-4,328,19389,67,34,79,16,0,0,0,0,0,0,0,-32287,0,0,0,0,0,2804823,0
2741391,7622,-2722,136,763,-126,-46,8066,378,83,-4,352,19389,68,34,79,16,0,0,0,0,0,0,0,-32287,0,0,0,0,0,2804828,0
2741396,7850,-2938,-2,905,-165,-118,8158,402,73,-9,416,19389,68,34,79,16,0,0,0,0,0,0,0,-32287,0,0,0,0,0,2804843,0
2741401,7694,-2924,20,973,-205,-170,8254,429,73,-7,472,19391,70,34,79,16,0,0,0,0,0,0,0,-32286,0,0,0,0,0,2804848,0
2741406,7956,-2948,-112,1027,-202,-168,8351,419,71,0,440,19391,70,34,79,16,0,0,0,0,0,0,0,-32286,0,0,0,0,0,2804863,0
2741411,7962,-2676,-90,1025,-226,-205,8448,429,54,0,456,19391,69,34,79,16,0,0,0,0,0,0,0,-32287,0,0,0,0,0,2804868,0
2741416,8164,-2628,-178,1023,-202,-227,8543,408,23,1,440,19391,69,34,79,16,0,0,0,0,0,0,0,-32287,0,0,0,0,0,2804883,0
2741421,8240,-2590,-142,1030,-218,-236,8637,413,0,2,432,19390,75,34,79,16,0,0,0,0,0,0,0,-32286,0,0,0,0,0,2804888,0
2741426,8308,-2554,-98,1053,-229,-259,8729,409,-18,1,416,19390,75,34,79,16,0,0,0,0,0,0,0,-32286,0,0,0,0,0,2804903,0
2741431,8434,-2550,-116,1062,-210,-241,8817,383,-19,6,344,19390,69,34,79,16,0,0,0,0,0,0,0,-32286,0,0,0,0,0,2804908,0
2741436,8750,-2388,-110,996,-202,-233,8899,360,-36,16,280,19390,69,34,79,16,0,0,0,0,0,0,0,-32286,0,0,0,0,0,2804923,0
2741441,8632,-2258,8,952,-186,-221,8974,322,-60,11,216,19390,64,33,79,16,0,0,0,0,0,0,0,-32286,0,0,0,0,0,2804928,0
2741446,8750,-2152,38,935,-187,-221,9044,300,-83,8,200,19390,64,33,79,16,0,0,0,0,0,0,0,-32286,0,0,0,0,0,2804943,0
2741451,8754,-2026,92,941,-178,-223,9108,277,-97,-2,168,19390,63,33,79,16,0,0,0,0,0,0,0,-32286,0,0,0,0,0,2804948,0
2741456,9038,-1896,122,968,-142,-255,9172,277,-79,-1,160,19390,63,33,79,16,0,0,0,0,0,0,0,-32287,0,0,0,0,0,2804963,0
2741461,8970,-2014,114,937,-125,-215,9229,244,-72,4,104,19391,65,34,79,16,0,0,0,0,0,0,0,-32286,0,0,0,0,0,2804968,0
2741466,8954,-1942,142,884,-136,-209,9275,205,-70,-1,72,19391,65,34,79,16,0,0,0,0,0,0,0,-32286,0,0,0,0,0,2804983,0
2741471,9064,-1926,76,837,-97,-211,9316,178,-90,-8,80,19390,72,34,79,16,0,0,0,0,0,0,0,-32286,0,0,0,0,0,2804988,0
2741476,8984,-2230,190,831,-91,-192,9349,139,-106,-3,40,19390,72,34,79,16,0,0,0,0,0,0,0,-32286,0,0,0,0,0,2805003,0
2741481,9092,-2280,228,866,-127,-203,9375,114,-119,-6,48,19391,58,33,79,16,0,0,0,0,0,0,0,-32287,0,0,0,0,0,2805007,0
2741486,9164,-2488,214,915,-92,-173,9399,99,-104,2,32,19391,58,33,79,16,0,0,0,0,0,0,0,-32286,0,0,0,0,0,2805022,0
2741491,9014,-2522,322,937,-106,-174,9412,57,-99,3,24,19391,58,33,79,16,0,0,0,0,0,0,0,-32286,0,0,0,0,0,2805027,0
2741496,9248,-2670,328,1080,-103,-193,9430,85,-80,-5,40,19391,58,33,79,16,0,0,0,0,0,0,0,-32286,0,0,0,0,0,2805042,0
2741501,9388,-2954,294,1223,-111,-227,9456,113,-35,-5,48,19392,62,34,79,16,0,0,0,0,0,0,0,-32286,0,0,0,0,0,2805047,0
2741506,9320,-3184,216,1329,-131,-246,9483,123,8,-1,56,19392,62,34,79,16,0,0,0,0,0,0,0,-32286,0,0,0,0,0,2805062,0
2741511,9526,-3090,100,1474,-172,-315,9517,150,49,-5,80,19389,70,34,79,16,0,0,0,0,0,0,0,-32286,0,0,0,0,0,2805067,0
2741516,9464,-3052,110,1622,-239,-407,9551,153,65,3,80,19389,70,34,79,16,0,0,0,0,0,0,0,-32286,0,0,0,0,0,2805082,0
2741521,9780,-3032,-58,1673,-265,-470,9592,181,57,-1,80,19388,70,34,79,16,0,0,0,0,0,0,0,-32286,0,0,0,0,0,2805087,0
2741526,9656,-2956,-14,1653,-277,-485,9628,158,44,8,64,19388,70,34,79,16,0,0,0,0,0,0,0,-32286,0,0,0,0,0,2805102,0
2741531,9556,-2940,-62,1528,-373,-480,9658,120,19,5,24,19388,71,33,79,16,0,0,0,0,0,0,0,-32286,0,0,0,0,0,2805107,0
2741536,9408,-2762,326,1122,-333,-411,9668,35,-55,7,0,19388,71,33,79,16,0,0,0,0,0,0,0,-32286,0,0,0,0,0,2805122,0
2741541,9306,-2832,500,1078,-379,-425,9668,1,-125,2,0,19390,71,33,79,16,0,0,0,0,0,0,0,-32286,0,0,0,0,0,2805127,0
2741546,9312,-3094,764,1098,-367,-377,9668,0,-161,0,0,19390,71,33,79,16,0,0,0,0,0,0,0,-32286,0,0,0,0,0,2805142,0
2741551,8952,-2940,1022,1111,-395,-368,9668,0,-130,0,-8,19390,72,34,79,16,0,0,0,0,0,0,0,-32286,0,0,0,0,0,2805147,0
2741556,8790,-2726,1022,1074,-350,-290,9669,0,-68,0,0,19390,72,34,79,16,0,0,0,0,0,0,0,-32286,0,0,0,0,0,2805162,0
2741561,8812,-2772,974,1137,-421,-302,9669,2,-12,0,0,19390,57,34,79,16,0,0,0,0,0,0,0,-32286,0,0,0,0,0,2805167,0
2741566,8744,-2960,662,1336,-546,-317,9666,-5,-2,1,-8,19390,57,34,79,16,0,0,0,0,0,0,0,-32287,0,0,0,0,0,2805182,0
2741571,8752,-2596,756,1438,-508,-309,9662,-23,-12,2,-24,19390,49,34,79,16,0,0,0,0,0,0,0,-32286,0,0,0,0,0,2805187,0
2741576,8720,-2276,488,814,-371,-246,9655,-30,-21,3,-24,19390,49,34,79,16,0,0,0,0,0,0,0,-32286,0,0,0,0,0,2805202,0
2741581,8496,-2600,298,465,-282,-220,9646,-42,-30,2,-24,19391,51,33,79,16,0,0,0,0,0,0,0,-32286,0,0,0,0,0,2805207,0
2741586,8152,-3064,150,379,-353,-252,9635,-37,-36,0,-16,19391,51,33,79,16,0,0,0,0,0,0,0,-32286,0,0,0,0,0,2805222,0
2741591,8422,-3634,308,265,-326,-189,9632,-11,-19,-2,0,19391,51,34,79,16,0,0,0,0,0,0,0,-32286,0,0,0,0,0,2805227,0
2741596,7586,-4324,926,-45,-278,-105,9631,-1,12,-1,0,19391,51,34,79,16,0,0,0,0,0,0,0,-32286,0,0,0,0,0,2805242,0
2741601,7292,-5016,1268,14,-285,-61,9631,2,36,0,0,19391,49,33,79,16,0,0,0,0,0,0,0,-32286,0,0,0,0,0,2805247,0
2741606,8156,-4054,2324,1061,-696,-625,9627,-25,34,5,-32,19391,49,33,79,16,0,0,0,0,0,0,0,-32286,0,0,0,0,0,2805262,0
2741611,9584,-5512,3300,3458,-795,-1165,9598,-139,-31,15,-96,19390,45,33,79,16,0,0,0,0,0,0,0,-32287,0,0,0,0,0,2805267,0
2741616,7100,-1108,3388,2361,-1032,-948,9547,-240,-138,14,-208,19390,45,33,79,16,0,0,0,0,0,0,0,-32286,0,0,0,0,0,2805282,0
2741621,9000,-3164,626,1450,-632,-670,9462,-397,-271,23,-536,19390,56,34,79,16,0,0,0,0,0,0,0,-32286,0,0,0,0,0,2805287,0
2741626,7046,-2316,1076,667,-672,-520,9333,-586,-397,50,-1136,19390,56,34,79,16,0,0,0,0,0,0,0,-32286,0,0,0,0,0,2805302,0
2741631,7052,-3862,896,163,-651,-416,9150,-829,-532,31,-1688,19391,51,33,79,16,0,0,0,0,0,0,0,-32286,0,0,0,0,0,2805307,0
2741636,6706,-4886,1442,-94,-578,-153,8912,-1073,-657,15,-2224,19391,51,33,79,16,0,0,0,0,0,0,0,-32287,0,0,0,0,0,2805322,0
2741641,6122,-5066,1806,-310,-395,15,8621,-1312,-760,6,-2712,19391,64,33,79,16,0,0,0,0,0,0,0,-32286,0,0,0,0,0,2805327,0
2741646,6170,-5482,1990,-456,-296,192,8280,-1527,-807,-4,-3152,19391,64,33,79,16,0,0,0,0,0,0,0,-32286,0,0,0,0,0,2805342,0
2741651,6080,-5618,2390,-615,-42,403,7892,-1720,-805,-3,-3536,19391,59,34,79,16,0,0,0,0,0,0,0,-32286,0,0,0,0,0,2805347,0
2741656,5994,-6160,2714,-799,429,852,7468,-1881,-758,-14,-3808,19391,59,34,79,16,0,0,0,0,0,0,0,-32287,0,0,0,0,0,2805362,0
2741661,6158,-6426,2788,-863,678,1120,7017,-1992,-670,-18,-3984,19390,77,34,79,16,0,0,0,0,0,0,0,-32286,0,0,0,0,0,2805367,0
2741666,4486,-6876,3240,-960,987,1335,6563,-2004,-527,-25,-3960,19390,77,34,79,16,0,0,0,0,0,0,0,-32286,0,0,0,0,0,2805382,0
2741671,5088,-7828,2020,-412,482,1355,6109,-1986,-350,-13,-3896,19393,83,34,79,16,0,0,0,0,0,0,0,-32286,0,0,0,0,0,2805387,0
2741676,6234,-4720,876,855,59,1218,5661,-1967,-161,-3,-3864,19393,83,34,79,16,0,0,0,0,0,0,0,-32287,0,0,0,0,0,2805402,0
2741681,7154,-3138,2,744,45,1187,5218,-1945,-26,1,-3800,19394,82,34,79,16,0,0,0,0,0,0,0,-32286,0,0,0,0,0,2805407,0
2741686,7412,-1720,-248,275,37,1143,4781,-1927,52,-3,-3752,19394,82,34,79,16,0,0,0,0,0,0,0,-32286,0,0,0,0,0,2805422,0
2741691,7986,-1358,-560,-118,-20,1059,4347,-1906,72,-7,-3680,19394,85,34,79,16,0,0,0,0,0,0,0,-32286,0,0,0,0,0,2805427,0
2741696,9018,-1260,-750,-230,-369,792,3918,-1880,72,-9,-3600,19394,85,34,79,16,0,0,0,0,0,0,0,-32286,0,0,0,0,0,2805442,0
2741701,9482,-1000,-564,-134,-597,645,3501,-1839,78,-7,-3504,19390,82,33,79,16,0,0,0,0,0,0,0,-32286,0,0,0,0,0,2805447,0
2741706,10032,-652,-304,-103,-772,502,3093,-1789,99,0,-3408,19390,82,33,79,16,0,0,0,0,0,0,0,-32286,0,0,0,0,0,2805462,0
2741711,10544,-306,-38,-188,-898,368,2700,-1727,141,7,-3312,19387,78,33,79,16,0,0,0,0,0,0,0,-32286,0,0,0,0,0,2805467,0
2741716,11252,-122,692,-576,-901,192,2318,-1671,170,7,-3200,19387,78,33,79,16,0,0,0,0,0,0,0,-32287,0,0,0,0,0,2805482,0
2741721,11524,-244,1198,-713,-845,107,1951,-1612,186,4,-3088,19387,71,33,79,16,0,0,0,0,0,0,0,-32286,0,0,0,0,0,2805487,0
2741726,11622,-468,1800,-772,-715,29,1593,-1575,190,3,-3008,19387,71,33,79,16,0,0,0,0,0,0,0,-32287,0,0,0,0,0,2805502,0
2741731,11950,-790,2580,-723,-415,-21,1242,-1534,181,-8,-2912,19388,69,33,79,16,0,0,0,0,0,0,0,-32286,0,0,0,0,0,2805507,0
2741736,11490,-1004,3280,-693,170,-118,901,-1505,156,-5,-2824,19388,69,33,79,16,0,0,0,0,0,0,0,-32287,0,0,0,0,0,2805522,0
2741741,11108,-980,3254,-707,485,-134,571,-1446,145,-13,-2688,19390,67,33,79,16,0,0,0,0,0,0,0,-32286,0,0,0,0,0,2805527,0
2741746,10724,-942,3132,-763,797,-172,251,-1396,140,-6,-2552,19390,67,33,79,16,0,0,0,0,0,0,0,-32286,0,0,0,0,0,2805542,0
2741751,10274,-1046,2882,-815,1090,-192,-59,-1356,153,-11,-2448,19389,67,33,79,16,0,0,0,0,0,0,0,-32286,0,0,0,0,0,2805547,0
2741756,9130,-1492,2170,-835,1448,-225,-353,-1286,169,-8,-2288,19389,67,33,79,16,0,0,0,0,0,0,0,-32286,0,0,0,0,0,2805562,0
2741761,8474,-1504,1878,-788,1539,-270,-632,-1221,188,-6,-2136,19391,69,33,79,16,0,0,0,0,0,0,0,-32286,0,0,0,0,0,2805566,0
2741766,8228,-1860,1516,-739,1629,-260,-899,-1167,206,-5,-2032,19391,69,33,79,16,0,0,0,0,0,0,0,-32286,0,0,0,0,0,2805582,0
2741771,7326,-1752,1132,-771,1672,-234,-1148,-1095,216,1,-1872,19392,74,33,79,16,0,0,0,0,0,0,0,-32286,0,0,0,0,0,2805586,0
2741776,6394,-1970,362,-1281,1744,-67,-1382,-1026,225,-1,-1720,19392,74,33,79,16,0,0,0,0,0,0,0,-32287,0,0,0,0,0,2805601,0
2741781,6192,-2396,280,-1277,1731,-37,-1594,-922,243,-5,-1488,19393,73,33,79,16,0,0,0,0,0,0,0,-32286,0,0,0,0,0,2805606,0
2741786,5720,-2774,362,-1124,1613,-34,-1789,-851,255,0,-1336,19393,73,33,79,16,0,0,0,0,0,0,0,-32286,0,0,0,0,0,2805623,0
2741791,5724,-2880,230,-901,1438,-55,-1968,-771,276,-5,-1152,19393,76,33,79,16,0,0,0,0,0,0,0,-32286,0,0,0,0,0,2805628,0
2741796,5582,-2564,146,-705,1254,-12,-2130,-709,275,0,-1040,19393,76,33,79,16,0,0,0,0,0,0,0,-32286,0,0,0,0,0,2805641,0
2741801,5712,-2452,164,-777,1233,32,-2279,-648,261,-1,-912,19392,76,33,79,16,0,0,0,0,0,0,0,-32286,0,0,0,0,0,2805646,0
2741806,5636,-2396,376,-851,1216,81,-2415,-590,234,-2,-792,19392,76,33,79,16,0,0,0,0,0,0,0,-32286,0,0,0,0,0,2805661,0
2741811,5636,-2446,426,-905,1190,126,-2540,-545,216,2,-672,19391,72,33,79,16,0,0,0,0,0,0,0,-32286,0,0,0,0,0,2805666,0
2741816,5728,-2662,470,-917,1155,208,-2654,-505,189,8,-592,19391,72,33,79,16,0,0,0,0,0,0,0,-32286,0,0,0,0,0,2805681,0
2741821,5494,-2560,576,-913,1107,232,-2760,-458,171,4,-464,19391,69,33,79,16,0,0,0,0,0,0,0,-32286,0,0,0,0,0,2805686,0
2741826,5584,-2398,608,-911,1099,240,-2853,-406,161,7,-384,19391,69,33,79,16,0,0,0,0,0,0,0,-32287,0,0,0,0,0,2805701,0
2741831,5714,-2440,530,-824,1014,249,-2937,-361,152,-2,-304,19392,67,34,79,16,0,0,0,0,0,0,0,-32286,0,0,0,0,0,2805706,0
2741836,5866,-2102,818,-628,963,225,-3016,-337,149,-6,-248,19392,67,34,79,16,0,0,0,0,0,0,0,-32286,0,0,0,0,0,2805721,0
2741841,5928,-2016,566,-680,904,259,-3090,-322,130,-5,-224,19393,72,34,79,16,0,0,0,0,0,0,0,-32287,0,0,0,0,0,2805726,0
2741846,5878,-1740,500,-851,883,305,-3161,-316,100,-2,-224,19393,72,34,79,16,0,0,0,0,0,0,0,-32287,0,0,0,0,0,2805741,0
2741851,5988,-1732,420,-976,866,315,-3226,-277,78,-2,-152,19393,65,34,79,16,0,0,0,0,0,0,0,-32286,0,0,0,0,0,2805746,0
2741856,5778,-1864,566,-1048,738,307,-3283,-251,72,-4,-120,19393,65,34,79,16,0,0,0,0,0,0,0,-32286,0,0,0,0,0,2805761,0
2741861,5964,-2036,540,-990,675,312,-3331,-208,83,2,-96,19392,65,34,79,16,0,0,0,0,0,0,0,-32286,0,0,0,0,0,2805766,0
2741866,5944,-2076,628,-948,587,328,-3370,-164,113,6,-72,19392,65,34,79,16,0,0,0,0,0,0,0,-32287,0,0,0,0,0,2805781,0
2741871,5894,-1944,738,-963,550,313,-3403,-137,122,5,-48,19391,53,34,79,16,0,0,0,0,0,0,0,-32286,0,0,0,0,0,2805786,0
2741876,5926,-1866,826,-993,521,324,-3433,-124,112,5,-64,19391,53,34,79,16,0,0,0,0,0,0,0,-32287,0,0,0,0,0,2805801,0
2741881,5948,-1664,958,-977,468,272,-3461,-117,93,-1,-48,19392,49,33,79,16,0,0,0,0,0,0,0,-32286,0,0,0,0,0,2805806,0
2741886,6094,-1782,882,-923,485,263,-3480,-82,79,-6,-32,19392,49,33,79,16,0,0,0,0,0,0,0,-32286,0,0,0,0,0,2805821,0
2741891,5818,-1636,966,-931,472,240,-3496,-69,69,0,-32,19391,58,33,79,16,0,0,0,0,0,0,0,-32286,0,0,0,0,0,2805826,0
2741896,5868,-1510,952,-983,518,203,-3513,-71,59,1,-24,19391,58,33,79,16,0,0,0,0,0,0,0,-32286,0,0,0,0,0,2805841,0
2741901,5942,-1590,934,-922,518,163,-3520,-27,63,-3,-8,19390,67,33,79,16,0,0,0,0,0,0,0,-32286,0,0,0,0,0,2805846,0
2741906,5842,-1532,866,-855,503,123,-3518,11,70,-4,0,19390,67,33,79,16,0,0,0,0,0,0,0,-32286,0,0,0,0,0,2805861,0
2741911,5806,-1524,756,-840,498,115,-3518,5,82,0,0,19388,79,34,79,16,0,0,0,0,0,0,0,-32286,0,0,0,0,0,2805866,0
2741916,5752,-1380,632,-859,495,73,-3517,1,68,1,-8,19388,79,34,79,16,0,0,0,0,0,0,0,-32286,0,0,0,0,0,2805881,0
2741921,5744,-1468,588,-858,486,55,-3516,0,43,0,-8,19390,71,33,79,16,0,0,0,0,0,0,0,-32286,0,0,0,0,0,2805886,0
2741926,5694,-1464,546,-843,448,41,-3516,4,10,2,0,19390,71,33,79,16,0,0,0,0,0,0,0,-32286,0,0,0,0,0,2805901,0
2741931,5684,-1466,460,-829,410,20,-3518,-9,-7,2,0,19390,72,33,79,16,0,0,0,0,0,0,0,-32286,0,0,0,0,0,2805906,0
2741936,5638,-1482,292,-988,406,85,-3518,-2,-6,1,0,19390,72,33,79,16,0,0,0,0,0,0,0,-32286,0,0,0,0,0,2805921,0
2741941,5440,-1442,374,-1208,466,137,-3516,0,-2,0,0,19391,71,33,79,16,0,0,0,0,0,0,0,-32286,0,0,0,0,0,2805926,0
2741946,5660,-1620,448,-1280,479,166,-3512,19,13,1,0,19391,71,33,79,16,0,0,0,0,0,0,0,-32286,0,0,0,0,0,2805941,0
2741951,5760,-1956,586,-1140,425,138,-3511,11,12,1,0,19389,71,34,79,16,0,0,0,0,0,0,0,-32286,0,0,0,0,0,2805946,0
2741956,6094,-2028,400,-848,197,120,-3512,-1,7,1,0,19389,71,34,79,16,0,0,0,0,0,0,0,-32286,0,0,0,0,0,2805961,0
2741961,6172,-1764,410,-951,193,152,-3510,3,-7,1,-8,19390,64,34,79,16,0,0,0,0,0,0,0,-32286,0,0,0,0,0,2805966,0
2741966,6398,-1656,552,-1047,195,157,-3512,4,-12,0,0,19390,64,34,79,16,0,0,0,0,0,0,0,-32287,0,0,0,0,0,2805981,0
2741971,6492,-1732,496,-1146,165,187,-3510,1,-5,0,0,19390,53,34,79,16,0,0,0,0,0,0,0,-32286,0,0,0,0,0,2805986,0
2741976,6928,-1988,598,-1069,33,148,-3510,0,-3,0,-8,19390,53,34,79,16,0,0,0,0,0,0,0,-32287,0,0,0,0,0,2806001,0
2741981,7086,-2034,678,-957,-10,131,-3508,3,-1,2,0,19391,50,34,79,16,0,0,0,0,0,0,0,-32287,0,0,0,0,0,2806006,0
2741986,7300,-1874,848,-910,14,132,-3508,1,2,3,-8,19391,50,34,79,16,0,0,0,0,0,0,0,-32286,0,0,0,0,0,2806021,0
2741991,7410,-1676,970,-978,32,126,-3508,0,1,0,0,19393,70,34,79,16,0,0,0,0,0,0,0,-32286,0,0,0,0,0,2806026,0
2741996,7654,-1924,1214,-1059,175,119,-3508,-3,-2,0,0,19393,70,34,79,16,0,0,0,0,0,0,0,-32286,0,0,0,0,0,2806041,0
2742001,7704,-2142,1302,-1007,209,119,-3508,-1,-1,0,0,19393,81,34,79,16,0,0,0,0,0,0,0,-32286,0,0,0,0,0,2806046,0
2742006,7658,-2312,1308,-922,208,96,-3506,6,0,0,0,19393,81,34,79,16,0,0,0,0,0,0,0,-32286,0,0,0,0,0,2806061,0
2742011,7662,-2510,1294,-854,229,103,-3505,4,5,0,0,19392,78,34,79,16,0,0,0,0,0,0,0,-32286,0,0,0,0,0,2806066,0
2742016,7588,-2466,1428,-910,353,159,-3504,3,3,0,0,19392,78,34,79,16,0,0,0,0,0,0,0,-32286,0,0,0,0,0,2806081,0
2742021,7534,-2608,1458,-1019,417,188,-3500,14,10,0,8,19389,67,33,79,16,0,0,0,0,0,0,0,-32287,0,0,0,0,0,2806086,0
2742026,7524,-2868,1508,-1096,471,233,-3497,23,10,1,8,19389,67,33,79,16,0,0,0,0,0,0,0,-32286,0,0,0,0,0,2806101,0
2742031,7452,-3146,1554,-1118,530,277,-3493,20,11,1,8,19391,67,33,79,16,0,0,0,0,0,0,0,-32286,0,0,0,0,0,2806106,0
2742036,7540,-3198,1628,-1015,562,302,-3485,27,23,1,16,19391,67,33,79,16,0,0,0,0,0,0,0,-32286,0,0,0,0,0,2806121,0
2742041,7686,-3138,1510,-898,520,264,-3472,55,32,-4,32,19391,69,34,79,16,0,0,0,0,0,0,0,-32286,0,0,0,0,0,2806125,0
2742046,7834,-2924,1356,-755,419,203,-3450,111,57,-8,64,19391,69,34,79,16,0,0,0,0,0,0,0,-32286,0,0,0,0,0,2806140,0
2742051,8074,-2856,1162,-602,268,157,-3412,167,101,0,80,19389,73,34,79,16,0,0,0,0,0,0,0,-32286,0,0,0,0,0,2806145,0
2742056,8312,-2502,888,-583,-36,54,-3371,193,139,1,104,19389,73,34,79,16,0,0,0,0,0,0,0,-32287,0,0,0,0,0,2806160,0
2742061,8428,-2546,858,-578,-116,19,-3326,203,138,0,136,19390,74,33,79,16,0,0,0,0,0,0,0,-32286,0,0,0,0,0,2806165,0
2742066,8480,-2616,958,-554,-276,-28,-3271,243,125,0,152,19390,74,33,79,16,0,0,0,0,0,0,0,-32286,0,0,0,0,0,2806180,0
2742071,8544,-2752,1070,-504,-371,-80,-3209,262,102,11,168,19390,69,33,79,16,0,0,0,0,0,0,0,-32286,0,0,0,0,0,2806185,0
2742076,8748,-3028,1296,-438,-462,-98,-3145,282,68,2,184,19390,69,33,79,16,0,0,0,0,0,0,0,-32286,0,0,0,0,0,2806200,0
2742081,8548,-3194,1622,-461,-459,-64,-3083,272,54,15,136,19390,64,34,79,16,0,0,0,0,0,0,0,-32286,0,0,0,0,0,2806205,0
2742086,8530,-3122,1860,-491,-415,-72,-3029,236,35,-4,112,19390,64,34,79,16,0,0,0,0,0,0,0,-32286,0,0,0,0,0,2806220,0
2742091,8740,-3174,2002,-483,-303,-41,-2981,212,-16,-9,104,19388,63,34,79,16,0,0,0,0,0,0,0,-32286,0,0,0,0,0,2806225,0
2742096,8650,-3010,2508,-425,-77,-18,-2937,186,-36,0,80,19388,63,34,79,16,0,0,0,0,0,0,0,-32286,0,0,0,0,0,2806240,0
2742101,8904,-3090,2466,-352,48,17,-2901,159,-56,-1,56,19389,70,33,79,16,0,0,0,0,0,0,0,-32286,0,0,0,0,0,2806245,0
2742106,8720,-2780,2504,-289,163,6,-2873,119,-99,-1,48,19389,70,33,79,16,0,0,0,0,0,0,0,-32286,0,0,0,0,0,2806260,0
2742111,8890,-2580,2306,-207,232,-6,-2847,107,-92,-1,40,19389,70,33,79,16,0,0,0,0,0,0,0,-32287,0,0,0,0,0,2806265,0
2742116,8702,-1870,2058,-193,373,21,-2827,80,-89,5,24,19389,70,33,79,16,0,0,0,0,0,0,0,-32286,0,0,0,0,0,2806280,0
2742121,8828,-1580,1812,-195,442,8,-2817,39,-90,1,16,19391,61,33,79,16,0,0,0,0,0,0,0,-32286,0,0,0,0,0,2806285,0
2742126,8706,-1248,1650,-231,462,-1,-2810,31,-92,0,16,19391,61,33,79,16,0,0,0,0,0,0,0,-32286,0,0,0,0,0,2806300,0
2742131,8710,-964,1456,-304,476,12,-2800,42,-75,0,16,19391,52,33,79,16,0,0,0,0,0,0,0,-32286,0,0,0,0,0,2806305,0
2742136,8734,-442,1332,-374,496,1,-2788,54,-48,1,16,19391,52,33,79,16,0,0,0,0,0,0,0,-32286,0,0,0,0,0,2806320,0
2742141,8680,-234,1358,-427,477,-5,-2779,40,-3,3,8,19392,47,33,79,16,0,0,0,0,0,0,0,-32286,0,0,0,0,0,2806325,0
2742146,8900,-106,1292,-493,456,-14,-2775,8,-3,4,-8,19392,47,33,79,16,0,0,0,0,0,0,0,-32287,0,0,0,0,0,2806340,0
2742151,9276,-64,1398,-595,455,-18,-2774,0,-26,3,0,19393,47,33,79,16,0,0,0,0,0,0,0,-32286,0,0,0,0,0,2806345,0
2742156,10006,-680,1874,-987,495,71,-2775,-5,-43,0,0,19393,47,33,79,16,0,0,0,0,0,0,0,-32286,0,0,0,0,0,2806360,0
2742161,10544,-1382,2230,-1330,610,188,-2773,9,-44,-1,8,19394,50,34,79,16,0,0,0,0,0,0,0,-32287,0,0,0,0,0,2806365,0
2742166,10936,-1914,2676,-1755,841,335,-2762,55,-4,-5,40,19394,50,34,79,16,0,0,0,0,0,0,0,-32286,0,0,0,0,0,2806380,0
2742171,11776,-2510,3116,-1881,977,341,-2728,163,73,-17,136,19398,71,34,79,16,0,0,0,0,0,0,0,-32286,0,0,0,0,0,2806385,0
2742176,12592,-4350,2832,-1547,829,312,-2667,291,181,-18,320,19398,71,34,79,16,0,0,0,0,0,0,0,-32286,0,0,0,0,0,2806400,0
2742181,13316,-4782,2292,-1330,698,258,-2574,418,300,-19,560,19403,80,34,79,16,0,0,0,0,0,0,0,-32286,0,0,0,0,0,2806405,0
2742186,13348,-4988,1998,-1205,618,208,-2450,551,392,-32,944,19403,80,34,79,16,0,0,0,0,0,0,0,-32286,0,0,0,0,0,2806420,0
2742191,13530,-4962,1754,-1029,446,69,-2298,684,449,-4,1256,19406,88,34,79,16,0,0,0,0,0,0,0,-32286,0,0,0,0,0,2806425,0
2742196,13364,-4902,1496,-664,212,-194,-2118,803,451,4,1504,19406,88,34,79,16,0,0,0,0,0,0,0,-32286,0,0,0,0,0,2806440,0
2742201,12842,-4654,1576,-674,228,-307,-1916,891,432,15,1648,19402,83,33,79,16,0,0,0,0,0,0,0,-32286,0,0,0,0,0,2806445,0
2742206,12372,-4838,1670,-705,310,-391,-1701,950,391,16,1728,19402,83,33,79,16,0,0,0,0,0,0,0,-32286,0,0,0,0,0,2806460,0
2742211,11664,-5370,1766,-755,386,-447,-1476,987,319,14,1776,19395,75,34,79,16,0,0,0,0,0,0,0,-32286,0,0,0,0,0,2806465,0
2742216,10008,-6950,1946,-702,468,-488,-1247,1013,228,9,1816,19395,75,34,79,16,0,0,0,0,0,0,0,-32286,0,0,0,0,0,2806480,0
2742221,8890,-7454,1580,-631,398,-471,-1017,1009,150,11,1800,19389,70,33,79,16,0,0,0,0,0,0,0,-32286,0,0,0,0,0,2806485,0
2742226,8054,-7852,1300,-522,375,-433,-786,1012,77,6,1768,19389,70,33,79,16,0,0,0,0,0,0,0,-32287,0,0,0,0,0,2806500,0
2742231,6686,-8216,1086,-369,285,-370,-558,1000,36,6,1736,19386,71,33,79,16,0,0,0,0,0,0,0,-32286,0,0,0,0,0,2806505,0
2742236,5480,-8362,1246,51,72,-235,-331,997,0,2,1712,19386,71,33,79,16,0,0,0,0,0,0,0,-32286,0,0,0,0,0,2806523,0
2742241,4940,-7998,1208,209,39,-179,-114,953,-30,10,1616,19388,64,33,79,16,0,0,0,0,0,0,0,-32286,0,0,0,0,0,2806528,0
2742246,4588,-7502,1054,308,48,-108,98,930,-52,5,1528,19388,64,33,79,16,0,0,0,0,0,0,0,-32286,0,0,0,0,0,2806543,0
2742251,4236,-6872,1036,328,46,-45,301,889,-87,8,1448,19388,67,34,79,16,0,0,0,0,0,0,0,-32286,0,0,0,0,0,2806548,0
2742256,3710,-5900,722,393,1,30,495,849,-105,2,1344,19388,67,34,79,16,0,0,0,0,0,0,0,-32286,0,0,0,0,0,2806563,0
2742261,3386,-5562,310,519,-88,50,679,798,-129,8,1224,19388,65,34,79,16,0,0,0,0,0,0,0,-32286,0,0,0,0,0,2806568,0
2742266,3086,-5192,-106,657,-265,44,846,731,-150,2,1088,19388,65,34,79,16,0,0,0,0,0,0,0,-32286,0,0,0,0,0,2806583,0
2742271,2882,-4658,-294,755,-417,61,1004,684,-173,-2,984,19388,64,33,79,16,0,0,0,0,0,0,0,-32286,0,0,0,0,0,2806588,0
2742276,2844,-3314,-370,618,-558,149,1146,620,-192,3,840,19388,64,33,79,16,0,0,0,0,0,0,0,-32286,0,0,0,0,0,2806603,0
2742281,3114,-2932,-346,425,-488,188,1273,559,-201,5,680,19389,66,33,79,16,0,0,0,0,0,0,0,-32286,0,0,0,0,0,2806607,0
2742286,3284,-2690,-152,274,-405,245,1387,501,-209,-14,568,19389,66,33,79,16,0,0,0,0,0,0,0,-32286,0,0,0,0,0,2806622,0
2742291,3436,-2640,64,141,-304,292,1492,452,-207,-15,456,19391,61,33,79,16,0,0,0,0,0,0,0,-32286,0,0,0,0,0,2806627,0
2742296,3388,-2650,234,-63,-73,410,1585,405,-193,-8,392,19391,61,33,79,16,0,0,0,0,0,0,0,-32286,0,0,0,0,0,2806642,0
2742301,3418,-2828,154,-77,7,453,1669,364,-174,2,320,19389,61,33,79,16,0,0,0,0,0,0,0,-32286,0,0,0,0,0,2806647,0
2742306,3416,-2780,212,-26,45,456,1753,364,-146,-2,352,19389,61,33,79,16,0,0,0,0,0,0,0,-32286,0,0,0,0,0,2806662,0
2742311,3528,-3102,30,49,17,469,1840,386,-104,-8,368,19390,70,34,79,16,0,0,0,0,0,0,0,-32287,0,0,0,0,0,2806667,0
2742316,3952,-3312,-342,-34,-108,542,1924,382,-47,1,352,19390,70,34,79,16,0,0,0,0,0,0,0,-32286,0,0,0,0,0,2806682,0
2742321,4234,-3302,-306,-182,-171,557,2007,360,-9,6,320,19390,70,33,79,16,0,0,0,0,0,0,0,-32287,0,0,0,0,0,2806687,0
2742326,4734,-3772,-278,-309,-197,604,2087,355,-7,2,312,19390,70,33,79,16,0,0,0,0,0,0,0,-32286,0,0,0,0,0,2806702,0
2742331,4990,-4176,-60,-359,-251,644,2167,354,-15,-2,312,19392,69,34,79,16,0,0,0,0,0,0,0,-32286,0,0,0,0,0,2806707,0
2742336,5980,-5008,332,-250,-421,717,2248,351,-19,-3,320,19392,69,34,79,16,0,0,0,0,0,0,0,-32286,0,0,0,0,0,2806722,0
2742341,6508,-5196,512,-155,-494,766,2331,359,-8,0,304,19391,71,33,79,16,0,0,0,0,0,0,0,-32287,0,0,0,0,0,2806727,0
2742346,6958,-5352,672,-148,-536,832,2406,328,-5,9,248,19391,71,33,79,16,0,0,0,0,0,0,0,-32286,0,0,0,0,0,2806742,0
2742351,7274,-5326,688,-209,-583,884,2477,309,-24,3,208,19390,65,33,79,16,0,0,0,0,0,0,0,-32286,0,0,0,0,0,2806747,0
2742356,7530,-5260,494,-296,-633,950,2541,282,-53,1,168,19390,65,33,79,16,0,0,0,0,0,0,0,-32286,0,0,0,0,0,2806762,0
2742361,7638,-4998,338,-291,-669,923,2599,250,-78,-4,144,19390,61,33,79,16,0,0,0,0,0,0,0,-32286,0,0,0,0,0,2806767,0
2742366,7844,-4856,102,-270,-675,905,2652,229,-90,-7,128,19390,61,33,79,16,0,0,0,0,0,0,0,-32286,0,0,0,0,0,2806782,0
2742371,7822,-4664,22,-242,-693,860,2702,209,-89,0,96,19390,60,34,79,16,0,0,0,0,0,0,0,-32287,0,0,0,0,0,2806787,0
2742376,7934,-4142,-176,-267,-591,707,2746,196,-76,4,80,19390,60,34,79,16,0,0,0,0,0,0,0,-32288,0,0,0,0,0,2806802,0
2742381,7690,-3910,-162,-323,-581,591,2785,168,-71,-2,72,19390,53,33,79,16,0,0,0,0,0,0,0,-32287,0,0,0,0,0,2806807,0
2742386,7706,-4220,-254,-386,-489,540,2815,115,-73,1,32,19390,53,33,79,16,0,0,0,0,0,0,0,-32287,0,0,0,0,0,2806822,0
2742391,7330,-4076,-72,-434,-493,429,2838,96,-98,-3,40,19389,57,33,79,16,0,0,0,0,0,0,0,-32286,0,0,0,0,0,2806827,0
2742396,6972,-4564,140,-247,-529,263,2861,107,-90,0,32,19389,57,33,79,16,0,0,0,0,0,0,0,-32286,0,0,0,0,0,2806842,0
2742401,6890,-4684,142,-69,-623,147,2879,76,-82,4,32,19391,63,33,79,16,0,0,0,0,0,0,0,-32286,0,0,0,0,0,2806847,0
2742406,6758,-5004,108,139,-736,71,2900,88,-55,-3,40,19391,63,33,79,16,0,0,0,0,0,0,0,-32286,0,0,0,0,0,2806862,0
2742411,6402,-5078,10,224,-845,32,2925,106,-5,-1,32,19392,60,33,79,16,0,0,0,0,0,0,0,-32286,0,0,0,0,0,2806867,0
2742416,6030,-4936,-32,171,-988,23,2942,73,-2,6,24,19392,60,33,79,16,0,0,0,0,0,0,0,-32286,0,0,0,0,0,2806882,0
2742421,6068,-4958,82,116,-991,14,2956,62,-17,-1,24,19394,61,34,79,16,0,0,0,0,0,0,0,-32286,0,0,0,0,0,2806887,0
2742426,5940,-5016,124,122,-1003,13,2974,77,-24,-4,40,19394,61,34,79,16,0,0,0,0,0,0,0,-32286,0,0,0,0,0,2806902,0
2742431,5966,-5262,212,206,-1022,31,2994,84,-16,0,32,19393,63,33,79,16,0,0,0,0,0,0,0,-32286,0,0,0,0,0,2806907,0
2742436,6112,-5084,378,501,-1068,39,3011,79,-5,-1,40,19393,63,33,79,16,0,0,0,0,0,0,0,-32287,0,0,0,0,0,2806922,0
2742441,6354,-4766,424,632,-1064,26,3038,126,24,-10,72,19392,66,33,79,16,0,0,0,0,0,0,0,-32286,0,0,0,0,0,2806927,0
2742446,6490,-4606,504,729,-1017,56,3076,171,57,-4,88,19392,66,33,79,16,0,0,0,0,0,0,0,-32287,0,0,0,0,0,2806942,0
2742451,6444,-4374,664,780,-977,55,3124,228,98,0,144,19391,66,34,79,16,0,0,0,0,0,0,0,-32286,0,0,0,0,0,2806947,0
2742456,6648,-4070,376,1087,-1072,66,3183,260,137,-2,208,19391,66,34,79,16,0,0,0,0,0,0,0,-32286,0,0,0,0,0,2806962,0
2742461,6836,-3842,322,1280,-1114,59,3254,311,166,0,248,19392,66,34,79,16,0,0,0,0,0,0,0,-32286,0,0,0,0,0,2806967,0
2742466,6916,-3440,250,1309,-1164,55,3331,338,155,6,288,19392,66,34,79,16,0,0,0,0,0,0,0,-32287,0,0,0,0,0,2806982,0
2742471,7300,-3028,112,1306,-1151,68,3410,359,137,3,304,19391,66,34,79,16,0,0,0,0,0,0,0,-32286,0,0,0,0,0,2806987,0
2742476,7326,-2484,222,1171,-1133,77,3491,360,98,0,312,19391,66,34,79,16,0,0,0,0,0,0,0,-32286,0,0,0,0,0,2807001,0
2742481,7564,-2476,162,1185,-1105,66,3577,378,60,-2,360,19390,67,34,79,16,0,0,0,0,0,0,0,-32286,0,0,0,0,0,2807006,0
2742486,7500,-2350,202,1221,-1094,46,3666,399,52,-6,408,19390,67,34,79,16,0,0,0,0,0,0,0,-32286,0,0,0,0,0,2807021,0
2742491,7596,-2548,78,1260,-1095,62,3760,406,53,-5,416,19389,60,33,79,16,0,0,0,0,0,0,0,-32286,0,0,0,0,0,2807026,0
2742496,7490,-2632,-136,1168,-1096,85,3853,412,46,-3,440,19389,60,33,79,16,0,0,0,0,0,0,0,-32286,0,0,0,0,0,2807041,0
2742501,7358,-2696,-168,1118,-1064,117,3945,404,33,0,424,19388,62,34,79,16,0,0,0,0,0,0,0,-32286,0,0,0,0,0,2807046,0
2742506,7302,-2764,-204,1109,-1093,119,4039,422,12,-4,456,19388,62,34,79,16,0,0,0,0,0,0,0,-32286,0,0,0,0,0,2807061,0
2742511,7270,-2874,-208,1136,-1116,125,4135,433,8,-6,488,19389,63,34,79,16,0,0,0,0,0,0,0,-32286,0,0,0,0,0,2807066,0
2742516,7074,-2832,-240,1183,-1141,197,4231,418,15,0,448,19389,63,34,79,16,0,0,0,0,0,0,0,-32286,0,0,0,0,0,2807081,0
2742521,7068,-2784,-184,1135,-1144,228,4322,400,6,7,400,19388,67,33,79,16,0,0,0,0,0,0,0,-32286,0,0,0,0,0,2807086,0
2742526,7046,-2654,-180,1038,-1089,266,4408,373,-14,9,336,19388,67,33,79,16,0,0,0,0,0,0,0,-32286,0,0,0,0,0,2807101,0
2742531,7122,-2668,-188,957,-1059,288,4496,384,-35,5,352,19388,68,33,79,16,0,0,0,0,0,0,0,-32286,0,0,0,0,0,2807106,0
2742536,7080,-2802,-30,829,-958,324,4583,386,-41,0,352,19388,68,33,79,16,0,0,0,0,0,0,0,-32286,0,0,0,0,0,2807121,0
2742541,7190,-3108,-62,841,-899,356,4665,358,-25,6,280,19390,70,33,79,16,0,0,0,0,0,0,0,-32287,0,0,0,0,0,2807126,0
2742546,7112,-3054,56,915,-913,343,4741,325,-37,9,240,19390,70,33,79,16,0,0,0,0,0,0,0,-32286,0,0,0,0,0,2807141,0
2742551,7298,-3098,68,992,-885,363,4810,301,-57,0,192,19389,77,34,79,16,0,0,0,0,0,0,0,-32286,0,0,0,0,0,2807146,0
2742556,7412,-2682,160,1005,-808,311,4876,286,-84,-1,192,19389,77,34,79,16,0,0,0,0,0,0,0,-32286,0,0,0,0,0,2807161,0
2742561,7490,-2588,146,960,-738,296,4937,274,-85,-6,160,19390,59,34,79,16,0,0,0,0,0,0,0,-32286,0,0,0,0,0,2807166,0
2742566,7532,-2692,88,922,-695,298,4994,254,-71,-4,152,19390,59,34,79,16,0,0,0,0,0,0,0,-32286,0,0,0,0,0,2807181,0
2742571,7572,-2774,88,947,-673,281,5050,238,-56,-3,112,19391,49,33,79,16,0,0,0,0,0,0,0,-32286,0,0,0,0,0,2807186,0
2742576,7600,-2808,0,967,-617,247,5098,208,-55,9,72,19391,49,33,79,16,0,0,0,0,0,0,0,-32286,0,0,0,0,0,2807201,0
2742581,7622,-2666,-2,959,-594,233,5135,160,-80,-2,72,19392,40,33,79,16,0,0,0,0,0,0,0,-32286,0,0,0,0,0,2807206,0
2742586,7638,-2598,6,926,-527,222,5164,124,-104,-3,48,19392,40,33,79,16,0,0,0,0,0,0,0,-32286,0,0,0,0,0,2807221,0
2742591,7532,-2462,94,886,-494,172,5193,137,-110,-3,64,19393,49,33,79,16,0,0,0,0,0,0,0,-32286,0,0,0,0,0,2807226,0
2742596,7462,-2650,90,948,-409,174,5220,113,-88,3,40,19393,49,33,79,16,0,0,0,0,0,0,0,-32286,0,0,0,0,0,2807241,0
2742601,7626,-2672,-12,977,-430,143,5241,87,-65,2,40,19393,62,33,79,16,0,0,0,0,0,0,0,-32286,0,0,0,0,0,2807246,0
2742606,7688,-2666,-94,1020,-394,133,5264,103,-40,-1,32,19393,62,33,79,16,0,0,0,0,0,0,0,-32286,0,0,0,0,0,2807261,0
2742611,7568,-2572,-86,1003,-384,158,5283,83,-33,3,24,19393,73,33,79,16,0,0,0,0,0,0,0,-32286,0,0,0,0,0,2807266,0
2742616,7942,-2472,-470,894,-388,151,5299,66,-42,0,32,19393,73,33,79,16,0,0,0,0,0,0,0,-32286,0,0,0,0,0,2807281,0
2742621,7454,-2330,-184,931,-327,144,5323,104,-21,-6,56,19396,76,33,79,16,0,0,0,0,0,0,0,-32286,0,0,0,0,0,2807286,0
2742626,7432,-2414,-136,929,-324,159,5351,124,13,-2,48,19396,76,33,79,16,0,0,0,0,0,0,0,-32286,0,0,0,0,0,2807301,0
2742631,7392,-2254,-108,933,-312,140,5383,149,38,-6,88,19396,71,33,79,16,0,0,0,0,0,0,0,-32286,0,0,0,0,0,2807306,0
2742636,7382,-2264,-294,1090,-278,107,5420,158,67,0,72,19396,71,33,79,16,0,0,0,0,0,0,0,-32286,0,0,0,0,0,2807321,0
2742641,7210,-1988,-288,1148,-331,58,5461,182,72,0,104,19393,75,33,79,16,0,0,0,0,0,0,0,-32286,0,0,0,0,0,2807325,0
2742646,7356,-2044,-460,1134,-284,73,5507,200,64,2,120,19393,75,33,79,16,0,0,0,0,0,0,0,-32286,0,0,0,0,0,2807340,0
2742651,7152,-1942,-454,1074,-281,68,5551,196,62,3,80,19388,69,33,79,16,0,0,0,0,0,0,0,-32286,0,0,0,0,0,2807345,0
2742656,7212,-2098,-538,955,-241,100,5597,199,36,0,104,19388,69,33,79,16,0,0,0,0,0,0,0,-32286,0,0,0,0,0,2807360,0
2742661,7196,-2136,-420,971,-217,92,5641,199,22,-3,120,19388,64,33,79,16,0,0,0,0,0,0,0,-32286,0,0,0,0,0,2807365,0
2742666,7234,-2332,-418,986,-239,119,5687,198,9,1,88,19388,64,33,79,16,0,0,0,0,0,0,0,-32286,0,0,0,0,0,2807380,0
2742671,7244,-2244,-348,972,-240,130,5731,198,-6,3,88,19388,63,34,79,16,0,0,0,0,0,0,0,-32286,0,0,0,0,0,2807385,0
2742676,7540,-2040,-242,894,-206,152,5773,183,-2,0,104,19388,63,34,79,16,0,0,0,0,0,0,0,-32286,0,0,0,0,0,2807400,0
2742681,7796,-2220,-258,887,-178,167,5819,201,-4,-1,112,19389,64,33,79,16,0,0,0,0,0,0,0,-32286,0,0,0,0,0,2807405,0
2742686,7846,-2066,-104,929,-178,145,5868,218,2,5,112,19389,64,33,79,16,0,0,0,0,0,0,0,-32286,0,0,0,0,0,2807420,0
2742691,8016,-2040,-46,922,-148,126,5920,230,19,0,144,19390,75,33,79,16,0,0,0,0,0,0,0,-32286,0,0,0,0,0,2807425,0
2742696,8316,-1916,66,888,-54,88,5976,254,43,0,160,19390,75,33,79,16,0,0,0,0,0,0,0,-32286,0,0,0,0,0,2807440,0
2742701,8408,-1938,112,817,12,73,6035,252,51,4,160,19391,74,34,79,16,0,0,0,0,0,0,0,-32286,0,0,0,0,0,2807445,0
2742706,8578,-2136,44,780,72,69,6096,271,47,-2,192,19391,74,34,79,16,0,0,0,0,0,0,0,-32286,0,0,0,0,0,2807460,0
2742711,8554,-2222,110,789,125,42,6161,282,51,3,208,19390,68,34,79,16,0,0,0,0,0,0,0,-32286,0,0,0,0,0,2807465,0
2742716,8504,-2298,156,826,207,-40,6232,311,48,2,248,19390,68,34,79,16,0,0,0,0,0,0,0,-32286,0,0,0,0,0,2807480,0
2742721,8632,-2446,76,883,228,-67,6310,352,66,-6,328,19390,61,34,79,16,0,0,0,0,0,0,0,-32286,0,0,0,0,0,2807485,0
2742726,8548,-2482,38,945,223,-103,6402,403,92,-14,440,19390,61,34,79,16,0,0,0,0,0,0,0,-32286,0,0,0,0,0,2807500,0
2742731,8578,-2632,-80,1044,182,-124,6499,431,117,-16,496,19390,58,34,79,16,0,0,0,0,0,0,0,-32286,0,0,0,0,0,2807505,0
2742736,8698,-2414,-212,1134,114,-185,6605,464,134,-2,600,19390,58,34,79,16,0,0,0,0,0,0,0,-32286,0,0,0,0,0,2807520,0
2742741,8706,-2136,-232,1134,132,-216,6715,489,128,0,672,19390,67,34,79,16,0,0,0,0,0,0,0,-32286,0,0,0,0,0,2807525,0
2742746,8730,-2064,-236,1143,113,-259,6836,535,118,-5,792,19390,67,34,79,16,0,0,0,0,0,0,0,-32286,0,0,0,0,0,2807540,0
2742751,8876,-2046,-324,1193,106,-295,6964,567,115,3,864,19390,64,33,79,16,0,0,0,0,0,0,0,-32286,0,0,0,0,0,2807545,0
2742756,8846,-1800,-408,1218,46,-343,7097,580,114,16,856,19390,64,33,79,16,0,0,0,0,0,0,0,-32286,0,0,0,0,0,2807560,0
2742761,8954,-1624,-344,1225,82,-359,7234,609,101,6,912,19389,65,33,79,16,0,0,0,0,0,0,0,-32286,0,0,0,0,0,2807565,0
2742766,8834,-1484,-298,1178,77,-382,7375,623,89,2,912,19389,65,33,79,16,0,0,0,0,0,0,0,-32286,0,0,0,0,0,2807580,0
2742771,8848,-1306,-324,1101,92,-381,7513,606,57,8,864,19391,61,33,79,16,0,0,0,0,0,0,0,-32286,0,0,0,0,0,2807585,0
2742776,8772,-1176,-292,1032,125,-398,7650,600,31,1,840,19391,61,33,79,16,0,0,0,0,0,0,0,-32286,0,0,0,0,0,2807600,0
2742781,8848,-1014,-282,1008,111,-426,7787,605,9,-3,848,19391,53,33,79,16,0,0,0,0,0,0,0,-32286,0,0,0,0,0,2807605,0
2742786,8804,-1062,-302,959,138,-407,7919,577,-17,3,752,19391,53,33,79,16,0,0,0,0,0,0,0,-32286,0,0,0,0,0,2807623,0
2742791,8716,-964,-252,881,141,-419,8048,561,-30,-4,728,19392,51,33,79,16,0,0,0,0,0,0,0,-32286,0,0,0,0,0,2807628,0
2742796,8752,-946,-204,704,210,-425,8172,546,-46,-4,696,19392,51,33,79,16,0,0,0,0,0,0,0,-32286,0,0,0,0,0,2807640,0
2742801,8780,-1170,-170,652,233,-418,8293,531,-54,-4,648,19393,56,33,79,16,0,0,0,0,0,0,0,-32286,0,0,0,0,0,2807645,0
2742806,8706,-1416,-132,582,247,-412,8408,506,-66,-4,600,19393,56,33,79,16,0,0,0,0,0,0,0,-32287,0,0,0,0,0,2807660,0
2742811,8896,-1826,-172,541,259,-411,8516,475,-69,-4,544,19393,65,34,79,16,0,0,0,0,0,0,0,-32286,0,0,0,0,0,2807665,0
2742816,9052,-2822,-324,541,310,-413,8623,463,-77,-7,512,19393,65,34,79,16,0,0,0,0,0,0,0,-32286,0,0,0,0,0,2807680,0
2742821,9264,-3450,-444,614,352,-414,8725,455,-70,-2,504,19391,68,34,79,16,0,0,0,0,0,0,0,-32286,0,0,0,0,0,2807685,0
2742826,9290,-3914,-494,690,336,-400,8824,427,-62,-2,448,19391,68,34,79,16,0,0,0,0,0,0,0,-32286,0,0,0,0,0,2807700,0
2742831,9340,-4098,-602,756,279,-394,8918,408,-62,2,408,19394,64,33,79,16,0,0,0,0,0,0,0,-32286,0,0,0,0,0,2807705,0
2742836,9392,-4240,-470,821,107,-366,9004,369,-66,12,320,19394,64,33,79,16,0,0,0,0,0,0,0,-32286,0,0,0,0,0,2807720,0
2742841,9646,-4246,-394,839,11,-344,9085,354,-74,10,288,19394,68,34,79,16,0,0,0,0,0,0,0,-32286,0,0,0,0,0,2807725,0
2742846,9480,-3858,-100,817,-85,-333,9162,335,-84,5,248,19394,68,34,79,16,0,0,0,0,0,0,0,-32286,0,0,0,0,0,2807740,0
2742851,9450,-3698,32,702,-191,-288,9231,290,-89,12,136,19395,73,33,79,16,0,0,0,0,0,0,0,-32286,0,0,0,0,0,2807745,0
2742856,9360,-3378,450,372,-266,-160,9285,234,-105,8,72,19395,73,33,79,16,0,0,0,0,0,0,0,-32286,0,0,0,0,0,2807760,0
2742861,9218,-3264,772,272,-293,-124,9327,178,-132,-13,56,19391,70,34,79,16,0,0,0,0,0,0,0,-32286,0,0,0,0,0,2807765,0
2742866,9186,-3124,1154,185,-189,-58,9350,94,-184,-5,16,19391,70,34,79,16,0,0,0,0,0,0,0,-32286,0,0,0,0,0,2807780,0
2742871,9032,-3028,1262,217,-254,-86,9356,24,-223,0,0,19390,65,33,79,16,0,0,0,0,0,0,0,-32286,0,0,0,0,0,2807785,0
2742876,9138,-2574,1412,442,-244,-164,9356,-1,-227,0,0,19390,65,33,79,16,0,0,0,0,0,0,0,-32286,0,0,0,0,0,2807800,0
2742881,9444,-2532,1322,437,-210,-209,9356,-5,-193,-2,0,19391,55,33,79,16,0,0,0,0,0,0,0,-32286,0,0,0,0,0,2807805,0
2742886,9508,-2472,1208,363,-157,-254,9356,0,-121,-1,0,19391,55,33,79,16,0,0,0,0,0,0,0,-32286,0,0,0,0,0,2807820,0
2742891,9508,-2668,982,266,-119,-321,9358,6,-51,-1,-8,19390,53,33,79,16,0,0,0,0,0,0,0,-32286,0,0,0,0,0,2807824,0
2742896,9694,-3536,570,402,-128,-486,9356,0,-7,-2,-8,19390,53,33,79,16,0,0,0,0,0,0,0,-32287,0,0,0,0,0,2807839,0
2742901,9530,-3874,412,447,-187,-571,9357,-2,2,0,-8,19388,48,33,79,16,0,0,0,0,0,0,0,-32286,0,0,0,0,0,2807844,0
2742906,9618,-4182,214,381,-190,-588,9358,7,-2,0,0,19388,48,33,79,16,0,0,0,0,0,0,0,-32286,0,0,0,0,0,2807859,0
2742911,9494,-4378,276,237,-95,-566,9355,-3,1,-1,0,19389,57,33,79,16,0,0,0,0,0,0,0,-32286,0,0,0,0,0,2807864,0
2742916,8770,-5458,460,-152,-39,-491,9356,0,-4,1,-8,19389,57,33,79,16,0,0,0,0,0,0,0,-32286,0,0,0,0,0,2807879,0
2742921,8280,-5956,726,-205,-15,-425,9355,-4,-5,0,-8,19389,65,33,79,16,0,0,0,0,0,0,0,-32286,0,0,0,0,0,2807884,0
2742926,7910,-6330,944,-230,-42,-368,9355,-2,4,-2,0,19389,65,33,79,16,0,0,0,0,0,0,0,-32286,0,0,0,0,0,2807899,0
2742931,7350,-6518,1110,-187,-80,-335,9354,-3,-1,-1,-8,19391,64,33,79,16,0,0,0,0,0,0,0,-32286,0,0,0,0,0,2807904,0
2742936,7010,-6436,1506,-191,-148,-225,9353,-11,-2,-1,0,19391,64,33,79,16,0,0,0,0,0,0,0,-32286,0,0,0,0,0,2807919,0
2742941,6608,-6452,1702,-285,-113,-184,9353,-12,-5,-1,-8,19391,65,33,79,16,0,0,0,0,0,0,0,-32286,0,0,0,0,0,2807924,0
2742946,6108,-6790,1868,-306,-65,-146,9352,-5,-3,-1,-8,19391,65,33,79,16,0,0,0,0,0,0,0,-32286,0,0,0,0,0,2807939,0
2742951,6880,-6550,2102,-71,-234,-256,9346,-25,-6,4,-24,19391,61,33,79,16,0,0,0,0,0,0,0,-32286,0,0,0,0,0,2807944,0
2742956,5072,-8114,2120,2692,-616,-841,9317,-140,-54,17,-112,19391,61,33,79,16,0,0,0,0,0,0,0,-32286,0,0,0,0,0,2807959,0
2742961,5922,-5628,2508,2719,-881,-857,9260,-260,-156,11,-208,19391,67,33,79,16,0,0,0,0,0,0,0,-32286,0,0,0,0,0,2807964,0
2742966,6238,-4084,2290,1943,-478,-780,9175,-396,-269,10,-456,19391,67,33,79,16,0,0,0,0,0,0,0,-32287,0,0,0,0,0,2807979,0
2742971,5518,-4286,1368,1019,-265,-656,9084,-504,-380,37,-832,19389,59,34,79,16,0,0,0,0,0,0,0,-32286,0,0,0,0,0,2807984,0
2742976,4596,-6774,1712,569,25,-443,8935,-670,-459,21,-1272,19389,59,34,79,16,0,0,0,0,0,0,0,-32286,0,0,0,0,0,2807999,0
2742981,4506,-7582,1608,837,-57,-326,8746,-852,-510,9,-1656,19388,59,33,79,16,0,0,0,0,0,0,0,-32286,0,0,0,0,0,2808004,0
2742986,4442,-7358,1862,1080,6,-205,8513,-1041,-574,5,-2064,19388,59,33,79,16,0,0,0,0,0,0,0,-32286,0,0,0,0,0,2808019,0
2742991,4862,-7358,1788,908,211,124,8239,-1219,-613,-3,-2424,19390,62,33,79,16,0,0,0,0,0,0,0,-32286,0,0,0,0,0,2808024,0
2742996,4238,-7488,1136,477,302,584,7929,-1384,-628,-7,-2768,19390,62,33,79,16,0,0,0,0,0,0,0,-32286,0,0,0,0,0,2808039,0
2743001,4412,-6972,1086,714,243,737,7584,-1528,-598,-3,-3056,19391,64,33,79,16,0,0,0,0,0,0,0,-32286,0,0,0,0,0,2808044,0
2743006,4876,-6216,926,870,154,847,7210,-1649,-556,-3,-3280,19391,64,33,79,16,0,0,0,0,0,0,0,-32287,0,0,0,0,0,2808059,0
2743011,5178,-5146,674,850,109,954,6814,-1751,-491,-3,-3488,19390,63,34,79,16,0,0,0,0,0,0,0,-32286,0,0,0,0,0,2808064,0
2743016,6168,-3506,250,363,102,1121,6400,-1826,-418,3,-3656,19390,63,34,79,16,0,0,0,0,0,0,0,-32286,0,0,0,0,0,2808079,0
2743021,6628,-3100,222,185,63,1163,5972,-1886,-341,4,-3800,19387,63,34,79,16,0,0,0,0,0,0,0,-32286,0,0,0,0,0,2808084,0
2743026,7112,-2822,306,109,-39,1155,5529,-1956,-285,2,-3904,19387,63,34,79,16,0,0,0,0,0,0,0,-32286,0,0,0,0,0,2808099,0
2743031,7530,-2454,184,-17,-136,1179,5077,-1996,-231,-13,-3984,19385,70,34,79,16,0,0,0,0,0,0,0,-32286,0,0,0,0,0,2808104,0
2743036,8546,-1514,418,-370,-203,1130,4615,-2033,-194,-15,-4016,19385,70,34,79,16,0,0,0,0,0,0,0,-32286,0,0,0,0,0,2808119,0
2743041,8810,-1286,772,-482,-244,1054,4151,-2042,-154,-20,-3992,19386,79,33,79,16,0,0,0,0,0,0,0,-32286,0,0,0,0,0,2808124,0
2743046,9232,-1238,846,-534,-325,933,3693,-2016,-89,-13,-3904,19386,79,33,79,16,0,0,0,0,0,0,0,-32287,0,0,0,0,0,2808139,0
2743051,9820,-978,896,-439,-362,772,3246,-1957,-2,-11,-3776,19386,87,33,79,16,0,0,0,0,0,0,0,-32286,0,0,0,0,0,2808144,0
2743056,10426,-736,1368,-173,-424,422,2813,-1894,86,3,-3648,19386,87,33,79,16,0,0,0,0,0,0,0,-32286,0,0,0,0,0,2808159,0
2743061,10406,-428,1604,-235,-438,284,2396,-1828,162,6,-3520,19385,79,33,79,16,0,0,0,0,0,0,0,-32286,0,0,0,0,0,2808164,0
2743066,10600,-344,1608,-407,-341,167,1996,-1761,208,7,-3400,19385,79,33,79,16,0,0,0,0,0,0,0,-32286,0,0,0,0,0,2808179,0
2743071,10746,-718,1780,-580,-140,89,1608,-1701,227,8,-3280,19383,82,33,79,16,0,0,0,0,0,0,0,-32286,0,0,0,0,0,2808184,0
2743076,10148,-1734,2804,-630,277,-70,1231,-1656,377,-2,-3176,19383,82,33,79,16,0,0,0,0,0,0,0,-32286,0,0,0,0,0,2808199,0
2743081,9922,-2308,2764,-571,440,-135,864,-1611,355,-7,-3048,19385,73,33,79,16,0,0,0,0,0,0,0,-32286,0,0,0,0,0,2808204,0
2743086,9618,-2626,2524,-505,636,-137,507,-1566,76,-12,-2936,19385,73,33,79,16,0,0,0,0,0,0,0,-32287,0,0,0,0,0,2808219,0
2743091,9020,-2670,2424,-526,850,-144,162,-1514,70,-10,-2800,19387,74,33,79,16,0,0,0,0,0,0,0,-32286,0,0,0,0,0,2808223,0
2743096,7938,-3172,1948,-607,1116,-125,-169,-1451,-7,-12,-2656,19387,74,33,79,16,0,0,0,0,0,0,0,-32286,0,0,0,0,0,2808238,0
2743101,7448,-3462,1518,-593,1240,-62,-486,-1386,14,0,-2504,19389,68,33,79,16,0,0,0,0,0,0,0,-32286,0,0,0,0,0,2808243,0
2743106,6868,-3378,1232,-549,1257,-26,-784,-1306,209,-7,-2328,19389,68,33,79,16,0,0,0,0,0,0,0,-32286,0,0,0,0,0,2808258,0
2743111,6604,-3496,820,-524,1303,18,-1067,-1227,229,-3,-2160,19389,70,33,79,16,0,0,0,0,0,0,0,-32286,0,0,0,0,0,2808263,0
2743116,5914,-3358,304,-483,1198,74,-1331,-1151,254,2,-2016,19389,70,33,79,16,0,0,0,0,0,0,0,-32286,0,0,0,0,0,2808278,0
2743121,5754,-3246,128,-445,1092,102,-1577,-1072,258,1,-1832,19390,70,33,79,16,0,0,0,0,0,0,0,-32286,0,0,0,0,0,2808283,0
2743126,5604,-3040,-32,-418,972,109,-1810,-1013,269,3,-1712,19390,70,33,79,16,0,0,0,0,0,0,0,-32286,0,0,0,0,0,2808298,0
2743131,5640,-2934,-84,-386,825,120,-2026,-954,253,4,-1608,19391,69,34,79,16,0,0,0,0,0,0,0,-32286,0,0,0,0,0,2808303,0
2743136,5528,-2680,-32,-609,628,228,-2233,-906,231,3,-1512,19391,69,34,79,16,0,0,0,0,0,0,0,-32286,0,0,0,0,0,2808318,0
2743141,5702,-2726,114,-697,585,262,-2428,-854,208,0,-1400,19391,67,33,79,16,0,0,0,0,0,0,0,-32287,0,0,0,0,0,2808323,0
2743146,5696,-2622,372,-753,584,312,-2613,-808,182,-1,-1296,19391,67,33,79,16,0,0,0,0,0,0,0,-32286,0,0,0,0,0,2808338,0
2743151,5824,-2696,624,-734,530,310,-2789,-778,167,-2,-1216,19389,67,33,79,16,0,0,0,0,0,0,0,-32286,0,0,0,0,0,2808343,0
2743156,6106,-2666,700,-588,410,294,-2954,-728,154,-2,-1104,19389,67,33,79,16,0,0,0,0,0,0,0,-32286,0,0,0,0,0,2808358,0
2743161,6230,-2666,762,-596,382,320,-3113,-686,153,-2,-1016,19387,64,33,79,16,0,0,0,0,0,0,0,-32287,0,0,0,0,0,2808363,0
2743166,6440,-2092,1174,-489,521,258,-3263,-655,134,-3,-936,19387,64,33,79,16,0,0,0,0,0,0,0,-32286,0,0,0,0,0,2808378,0
2743171,6752,-1676,1228,-532,561,247,-3403,-611,129,-5,-848,19388,71,34,79,16,0,0,0,0,0,0,0,-32286,0,0,0,0,0,2808383,0
2743176,6726,-1728,1172,-808,701,264,-3536,-583,131,1,-800,19388,71,34,79,16,0,0,0,0,0,0,0,-32286,0,0,0,0,0,2808398,0
2743181,6780,-1954,988,-826,689,249,-3663,-551,125,3,-688,19390,78,34,79,16,0,0,0,0,0,0,0,-32286,0,0,0,0,0,2808403,0
2743186,6792,-2150,940,-725,670,237,-3780,-510,114,-5,-576,19390,78,34,79,16,0,0,0,0,0,0,0,-32286,0,0,0,0,0,2808418,0
2743191,6718,-1956,940,-678,622,237,-3886,-462,129,6,-480,19390,72,33,79,16,0,0,0,0,0,0,0,-32286,0,0,0,0,0,2808423,0
2743196,6746,-1784,804,-758,592,236,-3985,-429,131,11,-432,19390,72,33,79,16,0,0,0,0,0,0,0,-32286,0,0,0,0,0,2808438,0
2743201,6648,-1720,744,-824,577,225,-4078,-410,132,9,-408,19387,64,33,79,16,0,0,0,0,0,0,0,-32286,0,0,0,0,0,2808443,0
2743206,6594,-1718,738,-827,540,200,-4159,-350,127,-12,-272,19387,64,33,79,16,0,0,0,0,0,0,0,-32286,0,0,0,0,0,2808458,0
2743211,6538,-1816,682,-790,532,208,-4230,-304,133,-17,-184,19388,59,33,79,16,0,0,0,0,0,0,0,-32286,0,0,0,0,0,2808463,0
2743216,6288,-1888,626,-780,492,208,-4289,-258,147,0,-144,19388,59,33,79,16,0,0,0,0,0,0,0,-32286,0,0,0,0,0,2808478,0
2743221,6068,-1624,690,-785,470,196,-4343,-225,152,10,-128,19389,59,34,79,16,0,0,0,0,0,0,0,-32287,0,0,0,0,0,2808483,0
2743226,6174,-1648,606,-798,489,179,-4389,-201,144,2,-80,19389,59,34,79,16,0,0,0,0,0,0,0,-32287,0,0,0,0,0,2808498,0
2743231,6104,-1660,604,-807,489,185,-4427,-171,125,0,-72,19390,64,34,79,16,0,0,0,0,0,0,0,-32286,0,0,0,0,0,2808503,0
2743236,6062,-1672,624,-827,524,157,-4455,-116,120,5,-48,19390,64,34,79,16,0,0,0,0,0,0,0,-32286,0,0,0,0,0,2808521,0
2743241,5966,-1786,634,-852,554,178,-4479,-102,120,4,-48,19389,65,34,79,16,0,0,0,0,0,0,0,-32286,0,0,0,0,0,2808526,0
2743246,5840,-1712,694,-866,554,153,-4499,-80,107,-2,-32,19389,65,34,79,16,0,0,0,0,0,0,0,-32286,0,0,0,0,0,2808541,0
2743251,6058,-1710,678,-815,601,138,-4508,-27,102,-10,0,19391,80,33,79,16,0,0,0,0,0,0,0,-32287,0,0,0,0,0,2808546,0
2743256,6038,-1752,622,-810,632,132,-4504,15,119,-5,8,19391,80,33,79,16,0,0,0,0,0,0,0,-32287,0,0,0,0,0,2808561,0
2743261,5996,-1708,542,-865,647,136,-4502,13,115,2,0,19393,80,33,79,16,0,0,0,0,0,0,0,-32286,0,0,0,0,0,2808566,0
2743266,6124,-1670,508,-906,679,138,-4501,2,98,1,0,19393,80,33,79,16,0,0,0,0,0,0,0,-32286,0,0,0,0,0,2808581,0
2743271,6162,-1624,558,-904,692,109,-4502,3,50,0,0,19393,73,33,79,16,0,0,0,0,0,0,0,-32287,0,0,0,0,0,2808586,0
2743276,6274,-1660,602,-844,669,48,-4502,1,3,0,0,19393,73,33,79,16,0,0,0,0,0,0,0,-32286,0,0,0,0,0,2808601,0
2743281,6414,-1624,522,-844,661,32,-4502,0,-14,0,0,19390,61,33,79,16,0,0,0,0,0,0,0,-32286,0,0,0,0,0,2808606,0
2743286,6434,-1550,526,-878,670,5,-4501,1,-4,0,0,19390,61,33,79,16,0,0,0,0,0,0,0,-32286,0,0,0,0,0,2808621,0
2743291,6528,-1570,502,-926,676,-18,-4502,0,1,0,0,19391,56,33,79,16,0,0,0,0,0,0,0,-32286,0,0,0,0,0,2808626,0
2743296,6624,-1656,562,-924,638,-58,-4502,-2,0,1,0,19391,56,33,79,16,0,0,0,0,0,0,0,-32286,0,0,0,0,0,2808641,0
2743301,6674,-1688,618,-898,615,-94,-4503,-5,-2,0,0,19393,60,33,79,16,0,0,0,0,0,0,0,-32286,0,0,0,0,0,2808646,0
2743306,6684,-1676,602,-895,590,-115,-4501,0,-4,0,0,19393,60,33,79,16,0,0,0,0,0,0,0,-32286,0,0,0,0,0,2808661,0
2743311,6716,-1658,554,-953,576,-122,-4502,0,1,0,0,19392,67,34,79,16,0,0,0,0,0,0,0,-32286,0,0,0,0,0,2808666,0
2743316,6484,-1724,692,-1294,703,-57,-4502,2,2,0,0,19392,67,34,79,16,0,0,0,0,0,0,0,-32286,0,0,0,0,0,2808681,0
2743321,6578,-1820,794,-1317,713,-74,-4499,13,7,-1,0,19391,67,34,79,16,0,0,0,0,0,0,0,-32286,0,0,0,0,0,2808686,0
2743326,6634,-2090,956,-1156,669,-132,-4497,11,8,1,0,19391,67,34,79,16,0,0,0,0,0,0,0,-32286,0,0,0,0,0,2808701,0
2743331,6642,-2300,898,-1021,570,-167,-4496,6,12,2,-8,19388,67,33,79,16,0,0,0,0,0,0,0,-32286,0,0,0,0,0,2808706,0
2743336,6772,-2022,680,-1024,481,-171,-4495,3,-1,0,0,19388,67,33,79,16,0,0,0,0,0,0,0,-32286,0,0,0,0,0,2808721,0
2743341,6718,-1966,626,-1122,405,-177,-4495,5,-6,0,0,19390,70,33,79,16,0,0,0,0,0,0,0,-32286,0,0,0,0,0,2808726,0
2743346,6864,-2150,624,-1205,402,-169,-4496,-2,-7,1,0,19390,70,33,79,16,0,0,0,0,0,0,0,-32286,0,0,0,0,0,2808741,0
2743351,6912,-2164,776,-1268,381,-156,-4496,-1,-8,0,0,19393,76,33,79,16,0,0,0,0,0,0,0,-32286,0,0,0,0,0,2808746,0
2743356,7134,-2596,1040,-1265,313,-188,-4494,8,0,0,0,19393,76,33,79,16,0,0,0,0,0,0,0,-32287,0,0,0,0,0,2808761,0
2743361,7238,-2758,1214,-1195,283,-192,-4493,9,4,0,0,19393,73,33,79,16,0,0,0,0,0,0,0,-32286,0,0,0,0,0,2808766,0
2743366,7468,-2830,1276,-1135,277,-202,-4493,4,1,0,0,19393,73,33,79,16,0,0,0,0,0,0,0,-32286,0,0,0,0,0,2808781,0
2743371,7592,-2832,1454,-1099,277,-223,-4493,0,-1,0,0,19391,69,33,79,16,0,0,0,0,0,0,0,-32287,0,0,0,0,0,2808785,0
2743376,7870,-2868,1568,-1080,381,-217,-4494,-1,-4,2,0,19391,69,33,79,16,0,0,0,0,0,0,0,-32287,0,0,0,0,0,2808800,0
2743381,8006,-2900,1580,-1111,423,-224,-4493,5,-3,1,0,19388,59,33,79,16,0,0,0,0,0,0,0,-32286,0,0,0,0,0,2808805,0
2743386,8032,-2966,1534,-1092,444,-230,-4492,11,-1,0,0,19388,59,33,79,16,0,0,0,0,0,0,0,-32286,0,0,0,0,0,2808820,0
2743391,8102,-3076,1412,-1038,443,-242,-4493,-3,0,0,0,19389,57,33,79,16,0,0,0,0,0,0,0,-32287,0,0,0,0,0,2808825,0
2743396,8164,-3032,1238,-910,371,-258,-4493,-1,0,0,-8,19389,57,33,79,16,0,0,0,0,0,0,0,-32286,0,0,0,0,0,2808840,0
2743401,8210,-2940,1136,-893,329,-254,-4494,-1,-1,0,0,19389,60,33,79,16,0,0,0,0,0,0,0,-32286,0,0,0,0,0,2808845,0
2743406,8208,-2916,1126,-907,289,-253,-4494,-4,1,0,0,19389,60,33,79,16,0,0,0,0,0,0,0,-32286,0,0,0,0,0,2808860,0
2743411,8182,-2914,1120,-904,232,-249,-4492,2,-4,0,0,19390,62,33,79,16,0,0,0,0,0,0,0,-32286,0,0,0,0,0,2808865,0
2743416,8250,-2918,1180,-823,126,-266,-4494,-3,4,0,0,19390,62,33,79,16,0,0,0,0,0,0,0,-32287,0,0,0,0,0,2808880,0
2743421,8344,-2896,1218,-779,92,-271,-4492,6,2,0,-8,19392,65,33,79,16,0,0,0,0,0,0,0,-32287,0,0,0,0,0,2808885,0
2743426,8294,-2806,1348,-770,77,-256,-4492,5,-2,0,0,19392,65,33,79,16,0,0,0,0,0,0,0,-32286,0,0,0,0,0,2808900,0
2743431,8402,-2772,1416,-770,78,-237,-4493,1,2,0,0,19395,66,33,79,16,0,0,0,0,0,0,0,-32287,0,0,0,0,0,2808905,0
2743436,8542,-2514,1654,-765,175,-207,-4494,-1,-2,0,0,19395,66,33,79,16,0,0,0,0,0,0,0,-32287,0,0,0,0,0,2808920,0
2743441,8402,-2254,1780,-818,275,-185,-4493,0,-3,0,0,19397,72,33,79,16,0,0,0,0,0,0,0,-32287,0,0,0,0,0,2808925,0
2743446,8548,-2230,1698,-828,350,-159,-4493,8,-1,1,0,19397,72,33,79,16,0,0,0,0,0,0,0,-32286,0,0,0,0,0,2808940,0
2743451,8448,-2168,1852,-768,420,-158,-4493,-3,0,0,-8,19401,77,33,79,16,0,0,0,0,0,0,0,-32286,0,0,0,0,0,2808945,0
2743456,8508,-1660,1638,-623,449,-178,-4493,0,-4,0,0,19401,77,33,79,16,0,0,0,0,0,0,0,-32286,0,0,0,0,0,2808960,0
2743461,8768,-1468,1382,-596,445,-199,-4494,-4,-3,0,-8,19399,81,34,79,16,0,0,0,0,0,0,0,-32286,0,0,0,0,0,2808965,0
2743466,8590,-1338,1346,-662,461,-184,-4494,-7,-5,0,-8,19399,81,34,79,16,0,0,0,0,0,0,0,-32287,0,0,0,0,0,2808980,0
2743471,8568,-1282,1316,-773,472,-144,-4495,0,-4,-1,0,19397,83,34,79,16,0,0,0,0,0,0,0,-32286,0,0,0,0,0,2808985,0
2743476,8510,-1314,1194,-990,428,-97,-4495,1,0,1,0,19397,83,34,79,16,0,0,0,0,0,0,0,-32287,0,0,0,0,0,2809000,0
2743481,8608,-1650,1236,-1038,344,-91,-4495,0,1,0,0,19392,87,33,79,16,0,0,0,0,0,0,0,-32286,0,0,0,0,0,2809005,0
2743486,8956,-2268,1278,-1073,238,-77,-4496,-3,6,0,0,19392,87,33,79,16,0,0,0,0,0,0,0,-32286,0,0,0,0,0,2809020,0
2743491,9502,-3032,1492,-1145,137,-52,-4494,0,4,0,0,19391,83,33,79,16,0,0,0,0,0,0,0,-32286,0,0,0,0,0,2809025,0
2743496,10966,-4500,2106,-1331,-1,45,-4495,0,0,0,-8,19391,83,33,79,16,0,0,0,0,0,0,0,-32287,0,0,0,0,0,2809040,0
2743501,11736,-5296,2328,-1388,-13,124,-4495,0,4,0,0,19389,80,33,79,16,0,0,0,0,0,0,0,-32286,0,0,0,0,0,2809045,0
2743506,12310,-5940,2488,-1478,15,211,-4495,0,-3,0,0,19389,80,33,79,16,0,0,0,0,0,0,0,-32287,0,0,0,0,0,2809060,0
2743511,12796,-6560,2396,-1604,92,299,-4496,-7,5,0,0,19390,74,34,79,16,0,0,0,0,0,0,0,-32286,0,0,0,0,0,2809065,0
2743516,12704,-7602,2180,-1673,322,456,-4494,0,-2,0,0,19390,74,34,79,16,0,0,0,0,0,0,0,-32286,0,0,0,0,0,2809080,0
2743521,12032,-7918,2078,-1542,382,473,-4496,-2,0,0,-8,19390,68,34,79,16,0,0,0,0,0,0,0,-32286,0,0,0,0,0,2809085,0
2743526,11362,-7992,1896,-1259,420,442,-4495,-2,4,0,0,19390,68,34,79,16,0,0,0,0,0,0,0,-32286,0,0,0,0,0,2809100,0
2743531,10450,-7766,1744,-965,459,413,-4495,-6,-2,0,0,19390,71,33,79,16,0,0,0,0,0,0,0,-32287,0,0,0,0,0,2809105,0
2743536,8898,-7362,1544,-686,503,338,-4495,0,6,0,-8,19390,71,33,79,16,0,0,0,0,0,0,0,-32286,0,0,0,0,0,2809120,0
2743541,8136,-7740,1502,-676,490,320,-4494,4,2,0,0,19387,74,33,79,16,0,0,0,0,0,0,0,-32286,0,0,0,0,0,2809125,0
2743546,7408,-8300,1358,-620,402,304,-4495,1,0,0,0,19387,74,33,79,16,0,0,0,0,0,0,0,-32286,0,0,0,0,0,2809140,0
2743551,6882,-8796,1256,-462,218,264,-4495,-4,-1,-1,0,19388,72,33,79,16,0,0,0,0,0,0,0,-32286,0,0,0,0,0,2809145,0
2743556,6066,-8700,878,-52,-252,202,-4495,0,0,1,0,19388,72,33,79,16,0,0,0,0,0,0,0,-32287,0,0,0,0,0,2809159,0
2743561,5908,-8154,632,85,-454,206,-4494,-1,0,0,0,19391,68,33,79,16,0,0,0,0,0,0,0,-32286,0,0,0,0,0,2809164,0
2743566,5690,-7504,584,106,-563,199,-4495,-3,0,0,0,19391,68,33,79,16,0,0,0,0,0,0,0,-32286,0,0,0,0,0,2809179,0
2743571,5620,-6744,628,126,-684,149,-4494,-1,0,0,0,19392,62,33,79,16,0,0,0,0,0,0,0,-32286,0,0,0,0,0,2809184,0
2743576,5910,-5710,802,389,-755,54,-4494,2,-1,0,-8,19392,62,33,79,16,0,0,0,0,0,0,0,-32286,0,0,0,0,0,2809199,0
2743581,5760,-5270,1004,299,-715,73,-4493,12,1,1,0,19394,68,33,79,16,0,0,0,0,0,0,0,-32286,0,0,0,0,0,2809204,0
2743586,5932,-5012,1214,211,-601,75,-4494,2,-1,1,0,19394,68,33,79,16,0,0,0,0,0,0,0,-32286,0,0,0,0,0,2809219,0
2743591,5944,-4686,1466,297,-558,31,-4493,11,-1,0,0,19391,60,33,79,16,0,0,0,0,0,0,0,-32287,0,0,0,0,0,2809224,0
2743596,6138,-4400,1498,788,-626,-70,-4494,6,-3,0,0,19391,60,33,79,16,0,0,0,0,0,0,0,-32286,0,0,0,0,0,2809239,0
2743601,6216,-3796,1422,675,-419,11,-4492,20,0,-2,8,19391,60,33,79,16,0,0,0,0,0,0,0,-32286,0,0,0,0,0,2809244,0
2743606,6052,-2828,1500,351,-189,55,-4488,19,7,-1,8,19391,60,33,79,16,0,0,0,0,0,0,0,-32286,0,0,0,0,0,2809259,0
2743611,6256,-2474,1454,171,82,68,-4483,25,19,0,8,19391,57,33,79,16,0,0,0,0,0,0,0,-32286,0,0,0,0,0,2809264,0
2743616,6166,-2576,784,384,136,-56,-4481,10,14,2,0,19391,57,33,79,16,0,0,0,0,0,0,0,-32286,0,0,0,0,0,2809279,0
2743621,6056,-2424,426,506,121,-91,-4479,0,3,1,0,19389,71,34,79,16,0,0,0,0,0,0,0,-32286,0,0,0,0,0,2809284,0
2743626,5896,-2400,-10,367,167,-35,-4480,0,-14,1,0,19389,71,34,79,16,0,0,0,0,0,0,0,-32286,0,0,0,0,0,2809299,0
2743631,5482,-2616,-258,-148,312,161,-4474,21,-6,-2,24,19390,74,34,79,16,0,0,0,0,0,0,0,-32286,0,0,0,0,0,2809304,0
2743636,4810,-3392,1066,-1049,1005,502,-4452,93,29,-8,64,19390,74,34,79,16,0,0,0,0,0,0,0,-32286,0,0,0,0,0,2809319,0
2743641,6094,-4286,738,-586,1113,576,-4404,234,121,-20,216,19391,76,33,79,16,0,0,0,0,0,0,0,-32286,0,0,0,0,0,2809324,0
2743646,4554,-5446,2290,-346,1403,669,-4313,416,260,-31,584,19391,76,33,79,16,0,0,0,0,0,0,0,-32286,0,0,0,0,0,2809339,0
2743651,4540,-5232,452,122,563,470,-4184,585,411,-37,1080,19393,70,33,79,16,0,0,0,0,0,0,0,-32286,0,0,0,0,0,2809344,0
2743656,5712,-3360,-1928,1079,-465,121,-4012,766,537,-6,1440,19393,70,33,79,16,0,0,0,0,0,0,0,-32287,0,0,0,0,0,2809359,0
2743661,6530,-2398,-2638,886,-837,9,-3814,890,588,11,1656,19393,75,33,79,16,0,0,0,0,0,0,0,-32286,0,0,0,0,0,2809364,0
2743666,6698,-1672,-2488,448,-1176,-95,-3591,989,550,15,1840,19393,75,33,79,16,0,0,0,0,0,0,0,-32286,0,0,0,0,0,2809379,0
2743671,7086,-2166,-2180,93,-1414,-145,-3354,1050,460,14,1920,19393,72,33,79,16,0,0,0,0,0,0,0,-32286,0,0,0,0,0,2809384,0
2743676,7250,-3538,-956,-124,-1732,-239,-3108,1083,350,6,1976,19393,72,33,79,16,0,0,0,0,0,0,0,-32286,0,0,0,0,0,2809399,0
2743681,7310,-4062,-296,-126,-1739,-263,-2861,1089,234,4,1976,19392,77,33,79,16,0,0,0,0,0,0,0,-32286,0,0,0,0,0,2809404,0
2743686,7288,-4392,158,-126,-1735,-294,-2615,1085,135,2,1952,19392,77,33,79,16,0,0,0,0,0,0,0,-32287,0,0,0,0,0,2809419,0
2743691,7364,-4848,492,-164,-1602,-271,-2371,1068,51,8,1904,19392,71,33,79,16,0,0,0,0,0,0,0,-32286,0,0,0,0,0,2809424,0
2743696,6846,-5300,1238,-130,-1341,-254,-2130,1063,6,2,1880,19392,71,33,79,16,0,0,0,0,0,0,0,-32286,0,0,0,0,0,2809439,0
2743701,6664,-5408,1446,-74,-1164,-228,-1894,1035,-29,5,1824,19388,72,33,79,16,0,0,0,0,0,0,0,-32286,0,0,0,0,0,2809444,0
2743706,6628,-5232,1514,32,-1029,-246,-1663,1026,-46,-1,1808,19388,72,33,79,16,0,0,0,0,0,0,0,-32286,0,0,0,0,0,2809459,0
2743711,6638,-5028,1490,140,-857,-238,-1437,988,-64,1,1720,19387,67,33,79,16,0,0,0,0,0,0,0,-32286,0,0,0,0,0,2809464,0
2743716,6538,-4868,1424,322,-580,-280,-1214,978,-66,1,1688,19387,67,33,79,16,0,0,0,0,0,0,0,-32286,0,0,0,0,0,2809479,0
2743721,6416,-4776,1112,395,-504,-310,-997,950,-73,9,1624,19388,67,33,79,16,0,0,0,0,0,0,0,-32286,0,0,0,0,0,2809484,0
2743726,6414,-4622,988,478,-464,-349,-786,929,-71,0,1560,19388,67,33,79,16,0,0,0,0,0,0,0,-32286,0,0,0,0,0,2809499,0
2743731,6306,-4454,826,532,-425,-380,-584,885,-84,6,1456,19389,68,33,79,16,0,0,0,0,0,0,0,-32286,0,0,0,0,0,2809504,0
2743736,6092,-4084,280,627,-384,-462,-386,861,-90,3,1392,19389,68,33,79,16,0,0,0,0,0,0,0,-32286,0,0,0,0,0,2809519,0
2743741,5870,-3960,162,633,-379,-498,-200,814,-105,9,1272,19392,65,33,79,16,0,0,0,0,0,0,0,-32287,0,0,0,0,0,2809524,0
2743746,5868,-3972,46,666,-379,-514,-24,766,-118,2,1176,19392,65,33,79,16,0,0,0,0,0,0,0,-32286,0,0,0,0,0,2809539,0
2743751,5712,-3872,-156,668,-394,-537,143,726,-145,0,1072,19390,71,33,79,16,0,0,0,0,0,0,0,-32286,0,0,0,0,0,2809544,0
2743756,5548,-3662,-800,572,-484,-517,296,677,-149,5,960,19390,71,33,79,16,0,0,0,0,0,0,0,-32286,0,0,0,0,0,2809559,0
2743761,5380,-3628,-968,476,-576,-502,437,617,-163,6,832,19389,72,33,79,16,0,0,0,0,0,0,0,-32286,0,0,0,0,0,2809564,0
2743766,5414,-3630,-1030,379,-650,-474,571,579,-168,3,736,19389,72,33,79,16,0,0,0,0,0,0,0,-32286,0,0,0,0,0,2809579,0
2743771,5474,-3692,-1008,322,-715,-426,694,538,-165,-2,656,19391,66,33,79,16,0,0,0,0,0,0,0,-32286,0,0,0,0,0,2809584,0
2743776,5436,-3628,-862,230,-905,-349,804,480,-160,-10,496,19391,66,33,79,16,0,0,0,0,0,0,0,-32287,0,0,0,0,0,2809599,0
2743781,5656,-3590,-720,246,-976,-317,908,450,-160,-16,472,19393,63,33,79,16,0,0,0,0,0,0,0,-32286,0,0,0,0,0,2809604,0
2743786,5764,-3558,-558,317,-1056,-306,1007,431,-141,-19,456,19393,63,33,79,16,0,0,0,0,0,0,0,-32286,0,0,0,0,0,2809623,0
2743791,5992,-3628,-452,378,-1120,-280,1101,408,-119,0,408,19393,69,33,79,16,0,0,0,0,0,0,0,-32286,0,0,0,0,0,2809628,0
2743796,6466,-3400,-320,412,-1214,-250,1187,375,-95,11,328,19393,69,33,79,16,0,0,0,0,0,0,0,-32286,0,0,0,0,0,2809638,0
2743801,6736,-3184,-176,409,-1235,-252,1269,351,-89,12,296,19390,63,33,79,16,0,0,0,0,0,0,0,-32286,0,0,0,0,0,2809643,0
2743806,7022,-3196,-64,422,-1214,-231,1349,353,-83,2,280,19390,63,33,79,16,0,0,0,0,0,0,0,-32287,0,0,0,0,0,2809658,0
2743811,7090,-3202,132,423,-1176,-223,1431,364,-56,-2,320,19389,56,33,79,16,0,0,0,0,0,0,0,-32286,0,0,0,0,0,2809663,0
2743816,7442,-3410,454,425,-1020,-155,1508,337,-37,4,280,19389,56,33,79,16,0,0,0,0,0,0,0,-32286,0,0,0,0,0,2809678,0
2743821,7582,-3482,560,457,-940,-128,1582,323,-26,3,240,19390,53,33,79,16,0,0,0,0,0,0,0,-32286,0,0,0,0,0,2809683,0
2743826,7614,-3712,564,453,-806,-69,1653,313,-31,0,232,19390,53,33,79,16,0,0,0,0,0,0,0,-32286,0,0,0,0,0,2809698,0
2743831,7552,-3754,648,434,-703,-16,1726,322,-38,-7,256,19391,54,33,79,16,0,0,0,0,0,0,0,-32286,0,0,0,0,0,2809703,0
2743836,7400,-3908,642,436,-486,89,1807,355,-18,-12,320,19391,54,33,79,16,0,0,0,0,0,0,0,-32286,0,0,0,0,0,2809718,0
2743841,7412,-4000,532,538,-425,114,1895,392,30,-10,424,19389,57,33,79,16,0,0,0,0,0,0,0,-32286,0,0,0,0,0,2809723,0
2743846,7384,-3986,460,660,-335,144,1986,403,67,-6,432,19389,57,33,79,16,0,0,0,0,0,0,0,-32286,0,0,0,0,0,2809738,0
2743851,7338,-3758,480,762,-291,145,2080,422,79,-4,480,19391,61,33,79,16,0,0,0,0,0,0,0,-32286,0,0,0,0,0,2809743,0
2743856,7492,-3426,254,878,-202,163,2181,450,77,-9,576,19391,61,33,79,16,0,0,0,0,0,0,0,-32286,0,0,0,0,0,2809758,0
2743861,7494,-3462,100,935,-170,145,2290,482,78,-17,704,19391,59,33,79,16,0,0,0,0,0,0,0,-32286,0,0,0,0,0,2809763,0
2743866,7442,-3346,-112,992,-222,132,2407,513,91,1,744,19391,59,33,79,16,0,0,0,0,0,0,0,-32286,0,0,0,0,0,2809778,0
2743871,7390,-3356,-316,1028,-270,118,2528,540,103,10,808,19395,61,33,79,16,0,0,0,0,0,0,0,-32287,0,0,0,0,0,2809783,0
2743876,7352,-3022,-462,1024,-359,66,2654,558,99,5,832,19395,61,33,79,16,0,0,0,0,0,0,0,-32286,0,0,0,0,0,2809798,0
2743881,7428,-2956,-656,1008,-442,39,2788,589,93,4,928,19395,78,33,79,16,0,0,0,0,0,0,0,-32287,0,0,0,0,0,2809803,0
2743886,7336,-3056,-698,994,-514,13,2923,601,87,12,920,19395,78,33,79,16,0,0,0,0,0,0,0,-32286,0,0,0,0,0,2809818,0
2743891,7326,-2938,-630,992,-570,-11,3063,614,77,2,936,19394,82,33,79,16,0,0,0,0,0,0,0,-32286,0,0,0,0,0,2809823,0
2743896,7358,-2812,-378,923,-601,-76,3203,618,59,3,928,19394,82,33,79,16,0,0,0,0,0,0,0,-32286,0,0,0,0,0,2809838,0
2743901,7460,-3006,-306,909,-590,-79,3347,628,49,1,936,19393,81,33,79,16,0,0,0,0,0,0,0,-32286,0,0,0,0,0,2809843,0
2743906,7264,-2942,-128,861,-605,-93,3485,609,25,5,888,19393,81,33,79,16,0,0,0,0,0,0,0,-32286,0,0,0,0,0,2809858,0
2743911,7458,-2912,-44,847,-568,-111,3627,611,11,1,880,19390,69,33,79,16,0,0,0,0,0,0,0,-32286,0,0,0,0,0,2809863,0
2743916,7428,-3090,226,910,-500,-155,3767,617,2,1,888,19390,69,33,79,16,0,0,0,0,0,0,0,-32286,0,0,0,0,0,2809878,0
2743921,7416,-3030,302,930,-467,-160,3905,600,-3,4,864,19389,70,33,79,16,0,0,0,0,0,0,0,-32286,0,0,0,0,0,2809883,0
2743926,7450,-2912,360,957,-417,-175,4042,599,-15,0,848,19389,70,33,79,16,0,0,0,0,0,0,0,-32286,0,0,0,0,0,2809898,0
2743931,7504,-2876,412,990,-360,-199,4178,600,-15,-4,856,19388,67,34,79,16,0,0,0,0,0,0,0,-32287,0,0,0,0,0,2809903,0
2743936,7436,-2710,332,1005,-236,-169,4311,584,-17,6,816,19388,67,34,79,16,0,0,0,0,0,0,0,-32287,0,0,0,0,0,2809918,0
2743941,7448,-2782,228,1023,-174,-158,4441,570,-30,2,760,19389,63,33,79,16,0,0,0,0,0,0,0,-32286,0,0,0,0,0,2809923,0
2743946,7488,-2562,194,1033,-132,-142,4569,566,-28,-7,760,19389,63,33,79,16,0,0,0,0,0,0,0,-32286,0,0,0,0,0,2809938,0
2743951,7400,-2542,104,1056,-91,-126,4694,547,-36,0,704,19390,66,33,79,16,0,0,0,0,0,0,0,-32286,0,0,0,0,0,2809943,0
2743956,7390,-2408,-160,1002,-39,-68,4812,519,-45,1,680,19390,66,33,79,16,0,0,0,0,0,0,0,-32286,0,0,0,0,0,2809958,0
2743961,7406,-2112,-168,990,-14,-42,4929,512,-51,-7,672,19388,69,33,79,16,0,0,0,0,0,0,0,-32286,0,0,0,0,0,2809963,0
2743966,7360,-2136,-246,974,-10,-30,5045,503,-50,-6,656,19388,69,33,79,16,0,0,0,0,0,0,0,-32286,0,0,0,0,0,2809978,0
2743971,7438,-2062,-310,944,6,-16,5135,495,-47,0,592,19389,78,33,79,16,0,0,0,0,0,0,0,-32287,0,0,0,0,0,2809983,0
2743976,7474,-2122,-460,936,29,23,5244,479,-44,0,552,19389,78,33,79,16,0,0,0,0,0,0,0,-32286,0,0,0,0,0,2809998,0
2743981,7578,-1814,-420,877,63,40,5348,457,-46,-4,512,19390,72,33,79,16,0,0,0,0,0,0,0,-32287,0,0,0,0,0,2810003,0
2743986,7676,-1652,-446,836,71,41,5449,443,-55,-9,496,19390,72,33,79,16,0,0,0,0,0,0,0,-32286,0,0,0,0,0,2810018,0
2743991,7946,-2038,-294,750,193,91,5549,434,-52,3,456,19391,70,33,79,16,0,0,0,0,0,0,0,-32286,0,0,0,0,0,2810023,0
2743996,7778,-2270,-436,693,206,153,5644,420,-48,-3,464,19391,70,33,79,16,0,0,0,0,0,0,0,-32286,0,0,0,0,0,2810038,0
2744001,8014,-2146,-434,718,234,187,5735,395,-52,1,400,19391,58,33,79,16,0,0,0,0,0,0,0,-32287,0,0,0,0,0,2810043,0
2744006,7960,-1974,-286,677,208,186,5823,385,-48,4,384,19391,58,33,79,16,0,0,0,0,0,0,0,-32286,0,0,0,0,0,2810058,0
2744011,8184,-2012,-314,634,220,185,5912,389,-47,6,376,19387,62,33,79,16,0,0,0,0,0,0,0,-32286,0,0,0,0,0,2810063,0
2744016,8214,-1950,-258,571,277,171,6001,393,-24,5,360,19387,62,33,79,16,0,0,0,0,0,0,0,-32286,0,0,0,0,0,2810078,0
2744021,8246,-1912,-180,491,307,138,6088,377,-14,2,352,19388,53,33,79,16,0,0,0,0,0,0,0,-32286,0,0,0,0,0,2810083,0
2744026,8328,-2034,-184,431,365,131,6171,376,-15,-5,344,19388,53,33,79,16,0,0,0,0,0,0,0,-32286,0,0,0,0,0,2810098,0
2744031,8296,-2048,-74,390,431,108,6254,368,-19,0,320,19389,54,34,79,16,0,0,0,0,0,0,0,-32286,0,0,0,0,0,2810103,0
2744036,8322,-2252,22,402,494,16,6342,386,-8,-5,376,19389,54,34,79,16,0,0,0,0,0,0,0,-32286,0,0,0,0,0,2810118,0
2744041,8254,-2390,58,463,501,-19,6437,426,20,-13,472,19389,59,33,79,16,0,0,0,0,0,0,0,-32286,0,0,0,0,0,2810123,0
2744046,8074,-2518,56,504,493,-41,6531,418,41,-8,472,19389,59,33,79,16,0,0,0,0,0,0,0,-32286,0,0,0,0,0,2810138,0
2744051,8064,-2488,34,515,466,-67,6629,429,56,-4,488,19389,62,33,79,16,0,0,0,0,0,0,0,-32286,0,0,0,0,0,2810143,0
2744056,8056,-2576,100,527,456,-147,6729,443,44,-1,536,19389,62,33,79,16,0,0,0,0,0,0,0,-32286,0,0,0,0,0,2810158,0
2744061,8170,-2536,140,604,441,-195,6839,475,58,-5,640,19389,70,33,79,16,0,0,0,0,0,0,0,-32286,0,0,0,0,0,2810163,0
2744066,8122,-2734,150,674,426,-205,6953,508,66,4,688,19389,70,33,79,16,0,0,0,0,0,0,0,-32287,0,0,0,0,0,2810178,0
2744071,8000,-2646,176,727,387,-236,7069,517,73,10,688,19390,68,33,79,16,0,0,0,0,0,0,0,-32286,0,0,0,0,0,2810182,0
2744076,7982,-2376,124,797,374,-291,7189,527,76,0,736,19390,68,33,79,16,0,0,0,0,0,0,0,-32286,0,0,0,0,0,2810197,0
2744081,8172,-2178,4,838,374,-302,7311,546,9,0,776,19394,65,33,79,16,0,0,0,0,0,0,0,-32286,0,0,0,0,0,2810202,0
2744086,8004,-2156,-42,826,363,-293,7435,541,14,14,720,19394,65,33,79,16,0,0,0,0,0,0,0,-32286,0,0,0,0,0,2810217,0
2744091,8046,-1840,-52,797,327,-314,7557,536,0,10,688,19394,61,33,79,16,0,0,0,0,0,0,0,-32286,0,0,0,0,0,2810222,0
2744096,8162,-1406,-24,789,339,-340,7679,537,69,4,696,19394,61,33,79,16,0,0,0,0,0,0,0,-32286,0,0,0,0,0,2810237,0
2744101,8064,-1388,2,758,336,-361,7801,540,53,0,712,19393,65,33,79,16,0,0,0,0,0,0,0,-32287,0,0,0,0,0,2810242,0
2744106,8124,-1264,-76,708,346,-357,7921,526,-9,6,664,19393,65,33,79,16,0,0,0,0,0,0,0,-32287,0,0,0,0,0,2810257,0
2744111,8078,-1134,-36,680,346,-351,8038,509,-15,-3,624,19389,59,33,79,16,0,0,0,0,0,0,0,-32286,0,0,0,0,0,2810262,0
2744116,8026,-982,50,568,375,-357,8153,503,-24,-6,632,19389,59,33,79,16,0,0,0,0,0,0,0,-32286,0,0,0,0,0,2810279,0
2744121,8076,-1244,70,554,400,-358,8268,505,-27,-2,632,19390,66,34,79,16,0,0,0,0,0,0,0,-32287,0,0,0,0,0,2810284,0
2744126,7982,-1338,94,532,397,-347,8380,496,-28,1,608,19390,66,34,79,16,0,0,0,0,0,0,0,-32286,0,0,0,0,0,2810297,0
2744131,7940,-1410,126,532,374,-334,8490,474,-23,0,528,19388,75,33,79,16,0,0,0,0,0,0,0,-32286,0,0,0,0,0,2810302,0
2744136,7926,-1516,220,548,338,-335,8597,467,-28,-7,536,19388,75,33,79,16,0,0,0,0,0,0,0,-32286,0,0,0,0,0,2810317,0
2744141,8026,-1744,230,584,335,-339,8704,473,-27,-5,560,19390,80,33,79,16,0,0,0,0,0,0,0,-32287,0,0,0,0,0,2810322,0
2744146,8026,-2088,240,626,312,-352,8811,466,-26,-2,544,19390,80,33,79,16,0,0,0,0,0,0,0,-32286,0,0,0,0,0,2810337,0
2744151,8068,-2218,212,647,294,-372,8914,449,-22,0,504,19391,80,33,79,16,0,0,0,0,0,0,0,-32286,0,0,0,0,0,2810342,0
2744156,8304,-2914,76,700,261,-396,9015,448,-17,0,496,19391,80,33,79,16,0,0,0,0,0,0,0,-32287,0,0,0,0,0,2810357,0
2744161,8446,-3456,-58,770,236,-445,9114,436,-26,-2,488,19390,77,33,79,16,0,0,0,0,0,0,0,-32286,0,0,0,0,0,2810362,0
2744166,8620,-3910,-170,871,215,-473,9215,443,-28,-4,496,19390,77,33,79,16,0,0,0,0,0,0,0,-32287,0,0,0,0,0,2810377,0
2744171,8684,-4298,-256,973,153,-472,9310,413,-28,5,448,19390,65,33,79,16,0,0,0,0,0,0,0,-32286,0,0,0,0,0,2810382,0
2744176,8860,-4596,-318,1022,-44,-493,9397,376,-31,11,320,19390,65,33,79,16,0,0,0,0,0,0,0,-32286,0,0,0,0,0,2810397,0
2744181,8874,-4448,-286,988,-137,-498,9477,350,-65,12,280,19390,67,33,79,16,0,0,0,0,0,0,0,-32286,0,0,0,0,0,2810401,0
2744186,8994,-4230,-292,892,-202,-485,9552,333,-86,9,240,19390,67,33,79,16,0,0,0,0,0,0,0,-32286,0,0,0,0,0,2810416,0
2744191,9122,-3864,-32,731,-170,-480,9623,307,-99,6,200,19389,69,33,79,16,0,0,0,0,0,0,0,-32286,0,0,0,0,0,2810421,0
2744196,8792,-4222,174,606,-301,-422,9679,245,-101,11,96,19389,69,33,79,16,0,0,0,0,0,0,0,-32286,0,0,0,0,0,2810436,0
2744201,8622,-3888,420,638,-398,-403,9720,171,-126,-8,48,19390,63,33,79,16,0,0,0,0,0,0,0,-32286,0,0,0,0,0,2810441,0
2744206,8622,-3442,648,640,-406,-410,9745,101,-182,-5,24,19390,63,33,79,16,0,0,0,0,0,0,0,-32286,0,0,0,0,0,2810457,0
2744211,8638,-2982,908,637,-446,-431,9760,64,-206,0,16,19390,61,33,79,16,0,0,0,0,0,0,0,-32286,0,0,0,0,0,2810461,0
2744216,8706,-2566,1082,494,-437,-446,9763,6,-212,6,-8,19390,61,33,79,16,0,0,0,0,0,0,0,-32286,0,0,0,0,0,2810476,0
2744221,9006,-2408,1016,455,-447,-477,9764,-1,-178,1,-8,19391,63,33,79,16,0,0,0,0,0,0,0,-32286,0,0,0,0,0,2810481,0
2744226,9050,-2424,956,494,-462,-549,9763,-5,-134,0,-8,19391,63,33,79,16,0,0,0,0,0,0,0,-32286,0,0,0,0,0,2810496,0
2744231,9278,-2616,844,553,-535,-603,9764,0,-68,1,0,19391,60,33,79,16,0,0,0,0,0,0,0,-32286,0,0,0,0,0,2810501,0
2744236,9618,-2944,852,359,-492,-680,9763,0,-37,3,-8,19391,60,33,79,16,0,0,0,0,0,0,0,-32286,0,0,0,0,0,2810519,0
2744241,9726,-3338,866,121,-450,-674,9763,-1,-2,2,-8,19392,60,33,79,16,0,0,0,0,0,0,0,-32286,0,0,0,0,0,2810524,0
2744246,9482,-3930,832,-95,-402,-645,9762,-5,1,2,-8,19392,60,33,79,16,0,0,0,0,0,0,0,-32286,0,0,0,0,0,2810539,0
2744251,9156,-4506,1078,-248,-396,-616,9762,-2,1,1,-8,19394,59,33,79,16,0,0,0,0,0,0,0,-32286,0,0,0,0,0,2810544,0
2744256,8474,-5540,1288,-306,-426,-545,9762,0,1,1,-8,19394,59,33,79,16,0,0,0,0,0,0,0,-32286,0,0,0,0,0,2810559,0
2744261,8326,-5976,1324,-301,-451,-476,9762,1,1,1,-8,19393,66,33,79,16,0,0,0,0,0,0,0,-32287,0,0,0,0,0,2810564,0
2744266,7688,-6008,1534,-358,-463,-408,9761,-4,1,0,-8,19393,66,33,79,16,0,0,0,0,0,0,0,-32287,0,0,0,0,0,2810579,0
2744271,7256,-6280,1578,-403,-489,-351,9761,-2,1,0,-8,19393,73,33,79,16,0,0,0,0,0,0,0,-32286,0,0,0,0,0,2810584,0
2744276,7978,-6160,2132,-76,-679,-537,9760,-3,1,1,-16,19393,73,33,79,16,0,0,0,0,0,0,0,-32286,0,0,0,0,0,2810599,0
2744281,8162,-6016,2844,1413,-590,-982,9751,-53,-15,8,-40,19398,82,34,79,16,0,0,0,0,0,0,0,-32286,0,0,0,0,0,2810604,0
2744286,7056,-7722,2222,2473,-937,-969,9723,-130,-64,13,-96,19398,82,34,79,16,0,0,0,0,0,0,0,-32286,0,0,0,0,0,2810619,0
2744291,6646,-6034,3018,2150,-920,-923,9674,-229,-140,17,-208,19399,88,34,79,16,0,0,0,0,0,0,0,-32286,0,0,0,0,0,2810624,0
2744296,6610,-5306,1090,891,-642,-798,9591,-378,-254,19,-496,19399,88,34,79,16,0,0,0,0,0,0,0,-32286,0,0,0,0,0,2810639,0
2744301,6174,-5754,1114,581,-527,-715,9475,-515,-364,33,-856,19399,81,33,79,16,0,0,0,0,0,0,0,-32286,0,0,0,0,0,2810644,0
2744306,5668,-6602,1268,547,-420,-591,9323,-685,-448,21,-1320,19399,81,33,79,16,0,0,0,0,0,0,0,-32286,0,0,0,0,0,2810659,0
2744311,5300,-7152,1396,604,-408,-459,9124,-892,-525,14,-1784,19390,73,33,79,16,0,0,0,0,0,0,0,-32286,0,0,0,0,0,2810664,0
2744316,5192,-6988,1746,545,-190,-110,8878,-1098,-600,7,-2232,19390,73,33,79,16,0,0,0,0,0,0,0,-32286,0,0,0,0,0,2810679,0
2744321,5312,-6796,1748,360,-6,119,8585,-1307,-661,1,-2672,19388,70,33,79,16,0,0,0,0,0,0,0,-32286,0,0,0,0,0,2810684,0
2744326,5388,-6506,1838,196,163,329,8246,-1507,-706,-3,-3064,19388,70,33,79,16,0,0,0,0,0,0,0,-32286,0,0,0,0,0,2810699,0
2744331,5582,-6470,1830,52,300,557,7866,-1699,-713,-11,-3432,19388,68,33,79,16,0,0,0,0,0,0,0,-32286,0,0,0,0,0,2810704,0
2744336,4580,-6298,2086,-338,540,1022,7455,-1826,-675,-19,-3640,19388,68,33,79,16,0,0,0,0,0,0,0,-32286,0,0,0,0,0,2810719,0
2744341,5482,-6786,1180,-19,373,1127,7022,-1904,-594,-16,-3784,19387,70,33,79,16,0,0,0,0,0,0,0,-32286,0,0,0,0,0,2810724,0
2744346,5516,-5806,900,311,176,1184,6577,-1962,-476,-7,-3912,19387,70,33,79,16,0,0,0,0,0,0,0,-32286,0,0,0,0,0,2810739,0
2744351,6056,-4576,636,331,32,1222,6125,-1990,-342,-4,-3960,19385,72,33,79,16,0,0,0,0,0,0,0,-32287,0,0,0,0,0,2810744,0
2744356,7082,-2328,-62,-188,-78,1206,5671,-2007,-215,2,-3984,19385,72,33,79,16,0,0,0,0,0,0,0,-32286,0,0,0,0,0,2810759,0
2744361,7446,-2098,-228,-416,-209,1197,5211,-2022,-131,0,-4000,19386,77,33,79,16,0,0,0,0,0,0,0,-32286,0,0,0,0,0,2810764,0
2744366,7938,-1730,-10,-524,-357,1132,4751,-2022,-79,-7,-3968,19386,77,33,79,16,0,0,0,0,0,0,0,-32287,0,0,0,0,0,2810779,0
2744371,8532,-1628,190,-581,-458,1065,4292,-2017,-52,-17,-3920,19387,82,33,79,16,0,0,0,0,0,0,0,-32286,0,0,0,0,0,2810784,0
2744376,9534,-1008,314,-580,-742,815,3837,-1985,-15,-12,-3840,19387,82,33,79,16,0,0,0,0,0,0,0,-32288,0,0,0,0,0,2810799,0
2744381,10108,-720,780,-522,-796,637,3392,-1945,30,-4,-3744,19389,78,33,79,16,0,0,0,0,0,0,0,-32286,0,0,0,0,0,2810804,0
2744386,10414,-632,1272,-471,-867,491,2963,-1887,83,0,-3648,19389,78,33,79,16,0,0,0,0,0,0,0,-32286,0,0,0,0,0,2810819,0
2744391,10682,-538,1406,-500,-921,365,2548,-1824,144,7,-3512,19390,83,33,79,16,0,0,0,0,0,0,0,-32286,0,0,0,0,0,2810824,0
2744396,11502,-492,2474,-691,-471,166,2149,-1748,193,5,-3376,19390,83,33,79,16,0,0,0,0,0,0,0,-32286,0,0,0,0,0,2810839,0
2744401,11312,-862,3234,-735,-192,105,1761,-1699,213,9,-3280,19390,87,34,79,16,0,0,0,0,0,0,0,-32286,0,0,0,0,0,2810844,0
2744406,11208,-1360,3456,-667,69,52,1387,-1648,214,0,-3168,19390,87,34,79,16,0,0,0,0,0,0,0,-32287,0,0,0,0,0,2810858,0
2744411,11114,-1482,3630,-611,367,-22,1023,-1596,204,-5,-3048,19389,84,33,79,16,0,0,0,0,0,0,0,-32286,0,0,0,0,0,2810863,0
2744416,10482,-1726,3442,-651,1064,-74,673,-1536,192,-13,-2880,19389,84,33,79,16,0,0,0,0,0,0,0,-32286,0,0,0,0,0,2810878,0
2744421,9808,-1802,3194,-661,1313,-123,335,-1481,183,-13,-2736,19389,77,33,79,16,0,0,0,0,0,0,0,-32286,0,0,0,0,0,2810883,0
2744426,9674,-2432,2616,-648,1468,-112,12,-1417,190,-11,-2560,19389,77,33,79,16,0,0,0,0,0,0,0,-32287,0,0,0,0,0,2810898,0
2744431,8642,-2432,2294,-619,1572,-154,-296,-1351,207,-11,-2416,19387,80,33,79,16,0,0,0,0,0,0,0,-32286,0,0,0,0,0,2810903,0
2744436,7522,-2600,1196,-527,1641,-109,-584,-1269,221,-4,-2232,19387,80,33,79,16,0,0,0,0,0,0,0,-32286,0,0,0,0,0,2810918,0
2744441,7140,-2748,694,-534,1623,-91,-853,-1172,247,-4,-2024,19389,73,33,79,16,0,0,0,0,0,0,0,-32286,0,0,0,0,0,2810923,0
2744446,6634,-2712,204,-611,1604,-47,-1103,-1084,277,-4,-1824,19389,73,33,79,16,0,0,0,0,0,0,0,-32286,0,0,0,0,0,2810938,0
2744451,6270,-2772,-122,-740,1552,22,-1329,-987,297,-2,-1624,19390,68,33,79,16,0,0,0,0,0,0,0,-32286,0,0,0,0,0,2810943,0
2744456,5870,-2908,-382,-684,1312,13,-1535,-895,311,-1,-1408,19390,68,33,79,16,0,0,0,0,0,0,0,-32287,0,0,0,0,0,2810958,0
2744461,5696,-2930,-410,-522,1094,-3,-1721,-804,323,-1,-1240,19390,66,33,79,16,0,0,0,0,0,0,0,-32286,0,0,0,0,0,2810963,0
2744466,5690,-2842,-518,-419,877,-14,-1891,-733,310,6,-1088,19390,66,33,79,16,0,0,0,0,0,0,0,-32286,0,0,0,0,0,2810978,0
2744471,5850,-2626,-480,-439,754,17,-2044,-662,293,0,-952,19389,55,34,79,16,0,0,0,0,0,0,0,-32286,0,0,0,0,0,2810983,0
2744476,5960,-2330,8,-727,681,104,-2188,-621,261,5,-864,19389,55,34,79,16,0,0,0,0,0,0,0,-32286,0,0,0,0,0,2810998,0
2744481,5980,-2486,262,-864,692,155,-2321,-575,222,-1,-744,19388,61,33,79,16,0,0,0,0,0,0,0,-32286,0,0,0,0,0,2811003,0
2744486,6180,-2522,572,-879,697,205,-2442,-529,187,6,-648,19388,61,33,79,16,0,0,0,0,0,0,0,-32286,0,0,0,0,0,2811018,0
2744491,6184,-2802,792,-900,737,250,-2555,-488,170,11,-552,19392,67,33,79,16,0,0,0,0,0,0,0,-32287,0,0,0,0,0,2811023,0
2744496,6424,-2802,1070,-839,766,313,-2657,-444,155,5,-464,19392,67,33,79,16,0,0,0,0,0,0,0,-32286,0,0,0,0,0,2811038,0
2744501,6478,-2424,1248,-715,745,263,-2751,-413,145,5,-408,19394,70,33,79,16,0,0,0,0,0,0,0,-32287,0,0,0,0,0,2811043,0
2744506,6776,-2142,1150,-674,730,231,-2836,-371,146,-9,-304,19394,70,33,79,16,0,0,0,0,0,0,0,-32286,0,0,0,0,0,2811058,0
2744511,6818,-1784,1052,-748,727,208,-2910,-326,140,-11,-240,19395,64,33,79,16,0,0,0,0,0,0,0,-32286,0,0,0,0,0,2811063,0
2744516,6978,-1616,946,-969,783,182,-2981,-304,131,-3,-192,19395,64,33,79,16,0,0,0,0,0,0,0,-32286,0,0,0,0,0,2811078,0
2744521,6768,-1648,938,-1027,749,147,-3044,-269,122,-2,-152,19391,67,33,79,16,0,0,0,0,0,0,0,-32286,0,0,0,0,0,2811083,0
2744526,6854,-1916,848,-1008,733,110,-3102,-254,104,5,-136,19391,67,33,79,16,0,0,0,0,0,0,0,-32286,0,0,0,0,0,2811098,0
2744531,6726,-2064,792,-958,690,87,-3157,-240,84,-1,-120,19390,57,33,79,16,0,0,0,0,0,0,0,-32286,0,0,0,0,0,2811103,0
2744536,6394,-1828,804,-845,612,8,-3205,-206,76,-4,-80,19390,57,33,79,16,0,0,0,0,0,0,0,-32286,0,0,0,0,0,2811118,0
2744541,6326,-1980,662,-873,599,28,-3244,-172,84,-2,-72,19390,62,33,79,16,0,0,0,0,0,0,0,-32286,0,0,0,0,0,2811123,0
2744546,5996,-1734,702,-905,559,-9,-3274,-126,99,1,-40,19390,62,33,79,16,0,0,0,0,0,0,0,-32286,0,0,0,0,0,2811138,0
2744551,6106,-1960,588,-893,550,5,-3293,-84,129,0,-40,19391,61,33,79,16,0,0,0,0,0,0,0,-32286,0,0,0,0,0,2811143,0
2744556,5680,-1926,588,-868,462,-8,-3307,-62,132,-2,-24,19391,61,33,79,16,0,0,0,0,0,0,0,-32286,0,0,0,0,0,2811158,0
2744561,5714,-1860,586,-833,449,-24,-3311,-15,130,-6,0,19391,66,33,79,16,0,0,0,0,0,0,0,-32287,0,0,0,0,0,2811163,0
2744566,5612,-1854,644,-797,425,-26,-3310,10,122,-6,0,19391,66,33,79,16,0,0,0,0,0,0,0,-32286,0,0,0,0,0,2811178,0
2744571,5566,-1902,652,-806,428,-14,-3307,8,106,2,0,19391,56,33,79,16,0,0,0,0,0,0,0,-32287,0,0,0,0,0,2811183,0
2744576,5592,-1828,612,-829,446,-20,-3307,4,69,1,-8,19391,56,33,79,16,0,0,0,0,0,0,0,-32286,0,0,0,0,0,2811198,0
2744581,5596,-1838,692,-810,467,-21,-3307,0,35,-1,-8,19391,58,34,79,16,0,0,0,0,0,0,0,-32287,0,0,0,0,0,2811203,0
2744586,5632,-1884,704,-790,477,-9,-3309,-5,0,-1,8,19391,58,34,79,16,0,0,0,0,0,0,0,-32286,0,0,0,0,0,2811218,0
2744591,5720,-1948,668,-783,498,-11,-3308,-5,-10,0,-8,19394,73,33,79,16,0,0,0,0,0,0,0,-32286,0,0,0,0,0,2811223,0
2744596,5748,-2020,564,-767,514,25,-3308,-1,-4,0,-8,19394,73,33,79,16,0,0,0,0,0,0,0,-32286,0,0,0,0,0,2811238,0
2744601,5764,-2012,550,-765,510,27,-3307,8,1,0,0,19394,76,33,79,16,0,0,0,0,0,0,0,-32286,0,0,0,0,0,2811243,0
2744606,5890,-2032,452,-751,491,32,-3307,3,0,-1,-8,19394,76,33,79,16,0,0,0,0,0,0,0,-32286,0,0,0,0,0,2811258,0
2744611,5952,-2032,422,-738,477,35,-3308,-1,2,0,-8,19390,74,33,79,16,0,0,0,0,0,0,0,-32286,0,0,0,0,0,2811263,0
2744616,6152,-2022,336,-729,434,35,-3308,-3,0,1,-8,19390,74,33,79,16,0,0,0,0,0,0,0,-32287,0,0,0,0,0,2811278,0
2744621,6290,-2042,318,-746,417,50,-3308,-2,-5,0,-8,19388,69,33,79,16,0,0,0,0,0,0,0,-32286,0,0,0,0,0,2811283,0
2744626,6334,-2078,306,-770,405,76,-3307,0,-2,-1,0,19388,69,33,79,16,0,0,0,0,0,0,0,-32286,0,0,0,0,0,2811298,0
2744631,6404,-2074,400,-806,403,89,-3306,6,-1,0,0,19388,73,33,79,16,0,0,0,0,0,0,0,-32287,0,0,0,0,0,2811302,0
2744636,6618,-2162,516,-828,376,102,-3308,-1,2,-1,0,19388,73,33,79,16,0,0,0,0,0,0,0,-32286,0,0,0,0,0,2811317,0
2744641,6740,-2212,556,-793,348,108,-3307,3,2,-2,0,19389,70,33,79,16,0,0,0,0,0,0,0,-32286,0,0,0,0,0,2811322,0
2744646,6826,-2260,578,-759,313,106,-3307,-4,-3,-1,0,19389,70,33,79,16,0,0,0,0,0,0,0,-32287,0,0,0,0,0,2811337,0
2744651,6910,-2226,592,-731,272,95,-3306,-9,5,0,0,19388,71,33,79,16,0,0,0,0,0,0,0,-32287,0,0,0,0,0,2811342,0
2744656,7204,-2188,616,-709,192,88,-3305,0,0,0,-8,19388,71,33,79,16,0,0,0,0,0,0,0,-32287,0,0,0,0,0,2811357,0
2744661,7322,-2100,714,-695,144,63,-3305,0,0,0,0,19389,64,33,79,16,0,0,0,0,0,0,0,-32286,0,0,0,0,0,2811362,0
2744666,7490,-2240,694,-686,122,54,-3305,2,-4,0,0,19389,64,33,79,16,0,0,0,0,0,0,0,-32287,0,0,0,0,0,2811377,0
2744671,7476,-2232,694,-709,103,63,-3305,-2,-1,0,0,19391,59,33,79,16,0,0,0,0,0,0,0,-32286,0,0,0,0,0,2811382,0
2744676,7676,-2304,868,-710,87,41,-3305,3,-1,0,0,19391,59,33,79,16,0,0,0,0,0,0,0,-32287,0,0,0,0,0,2811397,0
2744681,7750,-2366,862,-694,80,50,-3305,-4,-1,-1,0,19393,56,33,79,16,0,0,0,0,0,0,0,-32286,0,0,0,0,0,2811402,0
2744686,7752,-2402,908,-673,86,45,-3304,4,0,0,-8,19393,56,33,79,16,0,0,0,0,0,0,0,-32286,0,0,0,0,0,2811417,0
2744691,7820,-2358,968,-626,59,28,-3305,-5,-4,0,-8,19392,59,33,79,16,0,0,0,0,0,0,0,-32286,0,0,0,0,0,2811422,0
2744696,7912,-2376,810,-598,-12,30,-3305,-2,3,0,0,19392,59,33,79,16,0,0,0,0,0,0,0,-32286,0,0,0,0,0,2811437,0
2744701,7976,-2372,938,-613,5,26,-3303,5,-5,0,-8,19394,70,33,79,16,0,0,0,0,0,0,0,-32287,0,0,0,0,0,2811442,0
2744706,8078,-2382,1022,-629,17,38,-3304,0,-2,0,-8,19394,70,33,79,16,0,0,0,0,0,0,0,-32287,0,0,0,0,0,2811457,0
2744711,8086,-2418,1154,-637,15,34,-3304,2,3,-2,0,19392,71,33,79,16,0,0,0,0,0,0,0,-32286,0,0,0,0,0,2811462,0
2744716,8348,-2422,1310,-612,32,28,-3303,4,-2,0,0,19392,71,33,79,16,0,0,0,0,0,0,0,-32286,0,0,0,0,0,2811477,0
2744721,8454,-2406,1414,-615,63,16,-3303,7,0,0,0,19392,68,33,79,16,0,0,0,0,0,0,0,-32286,0,0,0,0,0,2811482,0
2744726,8612,-2384,1490,-627,126,22,-3303,2,2,0,0,19392,68,33,79,16,0,0,0,0,0,0,0,-32286,0,0,0,0,0,2811497,0
2744731,8630,-2352,1628,-645,176,17,-3303,2,-1,-1,-8,19395,65,34,79,16,0,0,0,0,0,0,0,-32286,0,0,0,0,0,2811511,0
2744736,8788,-2270,1674,-645,257,9,-3301,2,0,-1,0,19395,65,34,79,16,0,0,0,0,0,0,0,-32286,0,0,0,0,0,2811517,0
2744741,8822,-2230,1710,-638,293,-3,-3300,3,-1,-1,0,19400,62,34,79,16,0,0,0,0,0,0,0,-32286,0,0,0,0,0,2811522,0
2744746,8840,-2236,1692,-621,345,-8,-3301,0,2,0,0,19400,62,34,79,16,0,0,0,0,0,0,0,-32287,0,0,0,0,0,2811537,0
2744751,8794,-2178,1752,-616,384,-10,-3299,0,0,0,-8,19402,61,33,79,16,0,0,0,0,0,0,0,-32286,0,0,0,0,0,2811542,0
2744756,8850,-2158,1752,-602,428,-42,-3299,2,-3,0,-8,19402,61,33,79,16,0,0,0,0,0,0,0,-32286,0,0,0,0,0,2811557,0
2744761,8890,-2184,1788,-585,460,-51,-3297,6,2,-1,0,19395,65,33,79,16,0,0,0,0,0,0,0,-32286,0,0,0,0,0,2811562,0
2744766,8816,-2168,1794,-567,476,-60,-3297,9,0,0,0,19395,65,33,79,16,0,0,0,0,0,0,0,-32287,0,0,0,0,0,2811577,0
2744771,8860,-2102,1818,-569,491,-56,-3297,2,1,0,0,19389,73,33,79,16,0,0,0,0,0,0,0,-32286,0,0,0,0,0,2811582,0
2744776,8804,-1930,1880,-639,592,-89,-3296,6,-2,0,0,19389,73,33,79,16,0,0,0,0,0,0,0,-32287,0,0,0,0,0,2811597,0
2744781,8786,-1860,1920,-660,650,-105,-3295,9,3,0,0,19386,75,33,79,16,0,0,0,0,0,0,0,-32286,0,0,0,0,0,2811602,0
2744786,8656,-1836,1980,-679,721,-121,-3294,5,2,0,0,19386,75,33,79,16,0,0,0,0,0,0,0,-32286,0,0,0,0,0,2811617,0
2744791,8442,-1880,2000,-685,767,-138,-3292,2,0,0,0,19388,72,33,79,16,0,0,0,0,0,0,0,-32287,0,0,0,0,0,2811627,0
2744796,8142,-1866,1752,-603,806,-181,-3291,2,5,0,0,19388,72,33,79,16,0,0,0,0,0,0,0,-32287,0,0,0,0,0,2811637,0
2744801,8022,-1692,1622,-578,813,-198,-3289,10,3,0,0,19390,78,34,79,16,0,0,0,0,0,0,0,-32287,0,0,0,0,0,2811642,0
2744806,7898,-1534,1502,-605,819,-222,-3285,20,4,0,0,19390,78,34,79,16,0,0,0,0,0,0,0,-32287,0,0,0,0,0,2811657,0
2744811,7876,-1444,1412,-631,829,-233,-3281,23,7,-1,16,19390,77,34,79,16,0,0,0,0,0,0,0,-32286,0,0,0,0,0,2811662,0
2744816,7522,-1380,1356,-669,776,-260,-3274,35,17,-1,24,19390,77,34,79,16,0,0,0,0,0,0,0,-32286,0,0,0,0,0,2811681,0
2744821,7472,-1400,1244,-622,672,-285,-3254,81,40,-3,48,19388,81,34,79,16,0,0,0,0,0,0,0,-32287,0,0,0,0,0,2811686,0
2744826,7382,-1356,1120,-584,564,-287,-3228,123,74,-4,48,19388,81,34,79,16,0,0,0,0,0,0,0,-32286,0,0,0,0,0,2811697,0
2744831,7436,-1074,1066,-622,480,-279,-3198,130,99,-3,72,19387,70,33,79,16,0,0,0,0,0,0,0,-32286,0,0,0,0,0,2811711,0
2744836,7780,-632,1168,-800,357,-290,-3160,174,103,-6,104,19387,70,33,79,16,0,0,0,0,0,0,0,-32286,0,0,0,0,0,2811716,0
2744841,7736,-364,1316,-898,277,-333,-3116,192,106,2,104,19387,63,33,79,16,0,0,0,0,0,0,0,-32287,0,0,0,0,0,2811721,0
2744846,8120,-670,1236,-943,192,-303,-3071,194,91,2,88,19387,63,33,79,16,0,0,0,0,0,0,0,-32287,0,0,0,0,0,2811736,0
2744851,8314,-512,1532,-988,98,-349,-3022,214,71,-3,120,19388,59,33,79,16,0,0,0,0,0,0,0,-32286,0,0,0,0,0,2811741,0
2744856,9486,-1226,1938,-1194,35,-303,-2967,245,63,-5,176,19388,59,33,79,16,0,0,0,0,0,0,0,-32287,0,0,0,0,0,2811756,0
2744861,10264,-1526,2262,-1385,105,-288,-2903,286,72,-4,232,19388,59,33,79,16,0,0,0,0,0,0,0,-32286,0,0,0,0,0,2811761,0
2744866,11104,-2160,2606,-1536,214,-256,-2828,335,93,-2,320,19388,59,33,79,16,0,0,0,0,0,0,0,-32287,0,0,0,0,0,2811776,0
2744871,11712,-3098,2854,-1635,283,-216,-2738,407,139,-18,472,19389,59,33,79,16,0,0,0,0,0,0,0,-32287,0,0,0,0,0,2811781,0
2744876,12766,-5114,2524,-1663,293,-95,-2630,478,186,-26,672,19389,59,33,79,16,0,0,0,0,0,0,0,-32287,0,0,0,0,0,2811796,0
2744881,13022,-5988,2402,-1577,316,-70,-2503,564,227,-16,920,19390,65,33,79,16,0,0,0,0,0,0,0,-32286,0,0,0,0,0,2811801,0
2744886,13196,-6598,2136,-1438,359,-40,-2351,670,268,-6,1176,19390,65,33,79,16,0,0,0,0,0,0,0,-32286,0,0,0,0,0,2811816,0
2744891,12846,-6894,2004,-1185,358,-97,-2176,787,307,-4,1448,19390,63,33,79,16,0,0,0,0,0,0,0,-32286,0,0,0,0,0,2811821,0
2744896,11650,-7042,1336,-592,263,-267,-1979,876,337,-3,1632,19390,63,33,79,16,0,0,0,0,0,0,0,-32286,0,0,0,0,0,2811836,0
2744901,10904,-6864,1102,-368,205,-346,-1761,967,347,7,1808,19393,66,33,79,16,0,0,0,0,0,0,0,-32286,0,0,0,0,0,2811841,0
2744906,10122,-6740,968,-237,133,-425,-1531,1020,327,6,1888,19393,66,33,79,16,0,0,0,0,0,0,0,-32287,0,0,0,0,0,2811856,0
2744911,9352,-6738,994,-149,76,-466,-1292,1063,280,4,1968,19391,63,33,79,16,0,0,0,0,0,0,0,-32286,0,0,0,0,0,2811861,0
2744916,7708,-7140,1086,-18,-33,-491,-1046,1082,212,7,1968,19391,63,33,79,16,0,0,0,0,0,0,0,-32286,0,0,0,0,0,2811876,0
2744921,7198,-7260,776,68,-61,-510,-799,1100,146,8,1968,19390,67,33,79,16,0,0,0,0,0,0,0,-32286,0,0,0,0,0,2811890,0
2744926,6406,-7284,656,156,-36,-478,-553,1075,88,12,1920,19390,67,33,79,16,0,0,0,0,0,0,0,-32286,0,0,0,0,0,2811896,0
2744931,5572,-7568,934,248,-48,-437,-307,1076,37,10,1904,19387,68,33,79,16,0,0,0,0,0,0,0,-32286,0,0,0,0,0,2811910,0
2744936,4770,-7534,696,457,-124,-289,-69,1046,-2,13,1816,19387,68,33,79,16,0,0,0,0,0,0,0,-32286,0,0,0,0,0,2811915,0
2744941,4618,-7248,572,512,-95,-198,164,1022,-37,5,1760,19388,77,33,79,16,0,0,0,0,0,0,0,-32287,0,0,0,0,0,2811920,0
2744946,4462,-6776,464,502,-28,-107,388,980,-73,4,1656,19388,77,33,79,16,0,0,0,0,0,0,0,-32286,0,0,0,0,0,2811935,0
2744951,4304,-6234,338,486,19,-40,603,938,-97,6,1560,19388,80,33,79,16,0,0,0,0,0,0,0,-32286,0,0,0,0,0,2811940,0
2744956,3918,-5542,108,591,-25,55,805,886,-125,2,1432,19388,80,33,79,16,0,0,0,0,0,0,0,-32286,0,0,0,0,0,2811955,0
2744961,3832,-5160,-296,745,-139,73,994,826,-152,-3,1336,19387,77,33,79,16,0,0,0,0,0,0,0,-32286,0,0,0,0,0,2811960,0
2744966,3794,-4652,-684,818,-222,124,1170,766,-173,2,1192,19387,77,33,79,16,0,0,0,0,0,0,0,-32287,0,0,0,0,0,2811975,0
2744971,3846,-4014,-834,764,-316,153,1299,711,-198,6,1040,19387,82,33,79,16,0,0,0,0,0,0,0,-32287,0,0,0,0,0,2811980,0
2744976,4272,-3292,-866,471,-354,246,1448,647,-206,-1,896,19387,82,33,79,16,0,0,0,0,0,0,0,-32287,0,0,0,0,0,2811995,0
2744981,4446,-3004,-752,307,-339,289,1582,577,-217,3,728,19387,74,33,79,16,0,0,0,0,0,0,0,-32286,0,0,0,0,0,2812000,0
2744986,4780,-3000,-634,194,-321,340,1699,512,-229,-4,568,19387,74,33,79,16,0,0,0,0,0,0,0,-32286,0,0,0,0,0,2812015,0
2744991,5046,-2976,-328,176,-335,354,1801,449,-236,-17,448,19387,68,33,79,16,0,0,0,0,0,0,0,-32286,0,0,0,0,0,2812020,0
2744996,5618,-3272,70,67,-259,542,1895,400,-222,-10,376,19387,68,33,79,16,0,0,0,0,0,0,0,-32287,0,0,0,0,0,2812035,0
2745001,5460,-2658,400,-152,-251,574,1975,346,-208,15,248,19389,79,33,79,16,0,0,0,0,0,0,0,-32286,0,0,0,0,0,2812040,0
2745006,6204,-2958,324,-206,-206,632,2047,307,-184,13,192,19389,79,33,79,16,0,0,0,0,0,0,0,-32286,0,0,0,0,0,2812055,0
2745011,6206,-2944,504,-198,-194,671,2109,279,-164,3,160,19390,75,33,79,16,0,0,0,0,0,0,0,-32286,0,0,0,0,0,2812060,0
2745016,6734,-3194,498,-91,-313,690,2172,275,-132,-10,176,19390,75,33,79,16,0,0,0,0,0,0,0,-32287,0,0,0,0,0,2812075,0
2745021,6742,-3074,530,-28,-420,671,2234,278,-83,0,184,19391,69,33,79,16,0,0,0,0,0,0,0,-32286,0,0,0,0,0,2812080,0
2745026,6936,-2898,538,-15,-514,611,2296,284,-43,-5,192,19391,69,33,79,16,0,0,0,0,0,0,0,-32287,0,0,0,0,0,2812095,0
2745031,7274,-2960,492,-34,-566,580,2360,283,-7,4,160,19390,53,33,79,16,0,0,0,0,0,0,0,-32286,0,0,0,0,0,2812100,0
2745036,7426,-3190,628,-93,-684,503,2420,258,0,0,152,19390,53,33,79,16,0,0,0,0,0,0,0,-32286,0,0,0,0,0,2812115,0
2745041,7366,-3148,714,-89,-676,433,2478,262,-13,-8,168,19390,55,33,79,16,0,0,0,0,0,0,0,-32286,0,0,0,0,0,2812120,0
2745046,7346,-3190,680,-113,-661,364,2537,258,-21,-2,168,19390,55,33,79,16,0,0,0,0,0,0,0,-32286,0,0,0,0,0,2812135,0
2745051,7298,-3530,600,-119,-654,329,2597,263,-15,-1,168,19388,59,33,79,16,0,0,0,0,0,0,0,-32287,0,0,0,0,0,2812140,0
2745056,6758,-3732,472,13,-708,227,2660,283,5,-1,208,19388,59,33,79,16,0,0,0,0,0,0,0,-32286,0,0,0,0,0,2812159,0
2745061,6716,-3752,266,107,-761,166,2726,293,26,1,216,19388,64,34,79,16,0,0,0,0,0,0,0,-32287,0,0,0,0,0,2812164,0
2745066,6656,-3864,74,201,-819,139,2797,305,44,0,216,19388,64,34,79,16,0,0,0,0,0,0,0,-32286,0,0,0,0,0,2812174,0
2745071,6504,-3808,-78,242,-888,118,2865,304,37,5,208,19388,66,33,79,16,0,0,0,0,0,0,0,-32286,0,0,0,0,0,2812179,0
2745076,6358,-3790,-290,261,-992,76,2938,318,40,-6,248,19388,66,33,79,16,0,0,0,0,0,0,0,-32287,0,0,0,0,0,2812195,0
2745081,6192,-3736,-268,264,-1059,43,3010,317,-9,0,232,19388,62,33,79,16,0,0,0,0,0,0,0,-32286,0,0,0,0,0,2812208,0
2745086,6360,-3844,-290,313,-1116,18,3085,339,-18,-4,280,19388,62,33,79,16,0,0,0,0,0,0,0,-32286,0,0,0,0,0,2812214,0
2745091,6414,-3890,-280,366,-1156,-3,3162,342,3,-3,304,19391,59,33,79,16,0,0,0,0,0,0,0,-32286,0,0,0,0,0,2812219,0
2745096,6616,-3982,-164,495,-1204,-23,3245,365,52,-6,328,19391,59,33,79,16,0,0,0,0,0,0,0,-32286,0,0,0,0,0,2812234,0
2745101,6660,-3898,-28,539,-1213,-33,3330,370,70,0,344,19394,63,33,79,16,0,0,0,0,0,0,0,-32287,0,0,0,0,0,2812239,0
2745106,6818,-3870,8,582,-1209,-30,3413,375,49,3,328,19394,63,33,79,16,0,0,0,0,0,0,0,-32286,0,0,0,0,0,2812254,0
2745111,7016,-3810,78,621,-1169,-15,3495,359,25,5,304,19395,63,33,79,16,0,0,0,0,0,0,0,-32286,0,0,0,0,0,2812259,0
2745116,7394,-3544,244,682,-1118,-15,3578,363,1,-2,312,19395,63,33,79,16,0,0,0,0,0,0,0,-32286,0,0,0,0,0,2812274,0
2745121,7514,-3336,392,716,-1093,-20,3662,380,-4,-5,344,19393,71,33,79,16,0,0,0,0,0,0,0,-32286,0,0,0,0,0,2812279,0
2745126,7712,-3316,372,717,-1026,12,3744,355,2,2,296,19393,71,33,79,16,0,0,0,0,0,0,0,-32286,0,0,0,0,0,2812294,0
2745131,7698,-3066,508,671,-984,15,3825,346,-9,5,280,19389,75,33,79,16,0,0,0,0,0,0,0,-32287,0,0,0,0,0,2812299,0
2745136,7752,-2900,546,594,-815,45,3898,320,-23,0,224,19389,75,33,79,16,0,0,0,0,0,0,0,-32286,0,0,0,0,0,2812314,0
2745141,7802,-2848,542,588,-745,52,3969,309,-38,0,216,19389,70,33,79,16,0,0,0,0,0,0,0,-32286,0,0,0,0,0,2812319,0
2745146,7838,-2854,518,611,-665,50,4039,315,-55,-5,224,19389,70,33,79,16,0,0,0,0,0,0,0,-32286,0,0,0,0,0,2812334,0
2745151,7756,-2868,522,637,-617,52,4113,319,-33,-3,240,19389,71,33,79,16,0,0,0,0,0,0,0,-32287,0,0,0,0,0,2812348,0
2745156,7496,-2978,430,643,-535,124,4186,316,-13,7,208,19389,71,33,79,16,0,0,0,0,0,0,0,-32287,0,0,0,0,0,2812354,0
2745161,7336,-2956,404,579,-511,149,4253,292,0,7,176,19388,64,33,79,16,0,0,0,0,0,0,0,-32286,0,0,0,0,0,2812359,0
2745166,7214,-2958,352,556,-458,179,4317,279,-18,4,152,19388,64,33,79,16,0,0,0,0,0,0,0,-32286,0,0,0,0,0,2812374,0
2745171,7048,-3016,308,530,-428,197,4375,253,-47,-3,128,19388,63,33,79,16,0,0,0,0,0,0,0,-32286,0,0,0,0,0,2812379,0
2745176,6878,-3344,174,558,-430,252,4432,250,-65,-9,160,19388,63,33,79,16,0,0,0,0,0,0,0,-32286,0,0,0,0,0,2812398,0
2745181,6716,-3282,180,641,-452,247,4492,272,-43,-4,184,19388,64,33,79,16,0,0,0,0,0,0,0,-32286,0,0,0,0,0,2812403,0
2745186,6672,-3218,66,707,-488,241,4556,283,-14,1,184,19388,64,33,79,16,0,0,0,0,0,0,0,-32287,0,0,0,0,0,2812418,0
2745191,6766,-3280,-48,724,-504,279,4620,280,10,-2,176,19389,67,33,79,16,0,0,0,0,0,0,0,-32286,0,0,0,0,0,2812423,0
2745196,6428,-3196,-158,608,-542,348,4677,250,16,0,120,19389,67,33,79,16,0,0,0,0,0,0,0,-32286,0,0,0,0,0,2812434,0
2745201,6534,-3126,-334,573,-546,356,4730,227,-13,-10,128,19390,71,33,79,16,0,0,0,0,0,0,0,-32286,0,0,0,0,0,2812439,0
2745206,6524,-3266,-380,575,-571,392,4778,212,-46,-5,104,19390,71,33,79,16,0,0,0,0,0,0,0,-32286,0,0,0,0,0,2812454,0
2745211,6340,-3054,-372,572,-622,370,4825,206,-63,1,96,19390,74,33,79,16,0,0,0,0,0,0,0,-32286,0,0,0,0,0,2812458,0
2745216,6446,-2948,-484,541,-672,380,4868,190,-62,-4,112,19390,74,33,79,16,0,0,0,0,0,0,0,-32286,0,0,0,0,0,2812473,0
2745221,6612,-3100,-518,539,-669,391,4913,194,-39,0,96,19390,59,33,79,16,0,0,0,0,0,0,0,-32286,0,0,0,0,0,2812478,0
2745226,6624,-3040,-368,563,-711,376,4958,203,-20,5,96,19390,59,33,79,16,0,0,0,0,0,0,0,-32287,0,0,0,0,0,2812493,0
2745231,6774,-3024,-302,574,-693,364,5003,197,-11,-1,112,19393,52,33,79,16,0,0,0,0,0,0,0,-32287,0,0,0,0,0,2812498,0
2745236,7034,-2972,-40,624,-643,335,5046,193,-3,1,96,19393,52,33,79,16,0,0,0,0,0,0,0,-32287,0,0,0,0,0,2812516,0
2745241,7176,-3122,42,604,-614,350,5087,178,-7,6,56,19393,55,33,79,16,0,0,0,0,0,0,0,-32287,0,0,0,0,0,2812530,0
2745246,7152,-2996,128,543,-561,347,5115,121,-37,0,48,19393,55,33,79,16,0,0,0,0,0,0,0,-32287,0,0,0,0,0,2812536,0
2745251,7424,-2958,118,512,-491,348,5142,118,-62,-4,32,19392,62,33,79,16,0,0,0,0,0,0,0,-32287,0,0,0,0,0,2812541,0
2745256,7368,-3008,356,525,-388,308,5165,92,-80,4,40,19392,62,33,79,16,0,0,0,0,0,0,0,-32286,0,0,0,0,0,2812556,0
2745261,7650,-3060,264,638,-336,282,5194,126,-66,-4,64,19391,65,33,79,16,0,0,0,0,0,0,0,-32286,0,0,0,0,0,2812561,0
2745266,7550,-2982,312,713,-280,283,5222,123,-27,-1,48,19391,65,33,79,16,0,0,0,0,0,0,0,-32286,0,0,0,0,0,2812576,0
2745271,7524,-2768,338,728,-274,234,5249,118,6,0,64,19389,64,34,79,16,0,0,0,0,0,0,0,-32286,0,0,0,0,0,2812590,0
2745276,7698,-2692,102,739,-145,204,5279,132,10,-1,56,19389,64,34,79,16,0,0,0,0,0,0,0,-32286,0,0,0,0,0,2812596,0
2745281,7672,-2524,124,743,-136,148,5310,139,23,-2,72,19389,57,33,79,16,0,0,0,0,0,0,0,-32286,0,0,0,0,0,2812601,0
2745286,7884,-2576,-34,806,-108,112,5350,179,24,-2,96,19389,57,33,79,16,0,0,0,0,0,0,0,-32286,0,0,0,0,0,2812616,0
2745291,7800,-2550,10,882,-97,58,5392,201,49,0,128,19390,65,33,79,16,0,0,0,0,0,0,0,-32287,0,0,0,0,0,2812621,0
2745296,8262,-2518,-316,831,-126,57,5442,216,72,-1,128,19390,65,33,79,16,0,0,0,0,0,0,0,-32286,0,0,0,0,0,2812640,0
2745301,8034,-2160,60,717,-21,68,5499,248,85,-3,160,19390,70,33,79,16,0,0,0,0,0,0,0,-32286,0,0,0,0,0,2812650,0
2745306,7890,-2598,58,656,58,83,5558,258,89,5,160,19390,70,33,79,16,0,0,0,0,0,0,0,-32286,0,0,0,0,0,2812660,0
2745311,7694,-2630,70,662,39,47,5620,272,76,3,200,19394,75,33,79,16,0,0,0,0,0,0,0,-32286,0,0,0,0,0,2812665,0
2745316,7772,-2758,62,902,64,42,5687,299,62,0,224,19394,75,33,79,16,0,0,0,0,0,0,0,-32286,0,0,0,0,0,2812676,0
2745321,7696,-2764,6,950,47,13,5759,309,64,10,240,19393,77,33,79,16,0,0,0,0,0,0,0,-32286,0,0,0,0,0,2812681,0
2745326,7746,-2654,-164,1000,71,19,5834,338,56,-5,288,19393,77,33,79,16,0,0,0,0,0,0,0,-32286,0,0,0,0,0,2812700,0
2745331,7530,-2504,-156,997,83,10,5915,362,70,-3,352,19396,72,33,79,16,0,0,0,0,0,0,0,-32286,0,0,0,0,0,2812705,0
2745336,7682,-2688,-308,961,137,20,6003,386,77,-3,360,19396,72,33,79,16,0,0,0,0,0,0,0,-32287,0,0,0,0,0,2812715,0
2745341,7558,-2610,-182,969,118,16,6093,390,77,-1,384,19391,70,33,79,16,0,0,0,0,0,0,0,-32286,0,0,0,0,0,2812720,0
2745346,7802,-2686,-256,999,131,23,6184,401,72,-9,416,19391,70,33,79,16,0,0,0,0,0,0,0,-32286,0,0,0,0,0,2812735,0
2745351,7780,-2558,-166,1010,130,4,6275,395,48,-4,424,19389,61,33,79,16,0,0,0,0,0,0,0,-32286,0,0,0,0,0,2812749,0
2745356,7998,-2306,-60,1039,183,-31,6371,421,31,-9,480,19389,61,33,79,16,0,0,0,0,0,0,0,-32286,0,0,0,0,0,2812759,0
2745361,7910,-2360,32,1034,172,-27,6469,430,32,-2,488,19389,60,33,79,16,0,0,0,0,0,0,0,-32287,0,0,0,0,0,2812769,0
2745366,7864,-2316,84,993,190,-54,6565,421,31,4,472,19389,60,33,79,16,0,0,0,0,0,0,0,-32286,0,0,0,0,0,2812775,0
2745371,8066,-2304,20,964,225,-84,6660,410,19,4,432,19390,58,33,79,16,0,0,0,0,0,0,0,-32286,0,0,0,0,0,2812789,0
2745376,7964,-2164,108,888,281,-152,6756,420,5,-1,472,19390,58,33,79,16,0,0,0,0,0,0,0,-32287,0,0,0,0,0,2812795,0
2745381,7896,-2330,132,937,306,-190,6856,442,0,-6,520,19391,56,33,79,16,0,0,0,0,0,0,0,-32287,0,0,0,0,0,2812800,0
2745386,7746,-2522,122,968,303,-201,6956,440,11,-1,504,19391,56,33,79,16,0,0,0,0,0,0,0,-32286,0,0,0,0,0,2812815,0
2745391,7656,-2396,138,976,277,-249,7057,443,22,1,512,19392,64,33,79,16,0,0,0,0,0,0,0,-32287,0,0,0,0,0,2812829,0
2745396,7600,-2222,118,979,280,-296,7156,439,15,-4,504,19392,64,33,79,16,0,0,0,0,0,0,0,-32287,0,0,0,0,0,2812835,0
2745401,7554,-2398,82,1020,259,-315,7262,469,20,-8,608,19392,67,33,79,16,0,0,0,0,0,0,0,-32286,0,0,0,0,0,2812840,0
2745406,7508,-2380,94,1073,222,-351,7373,492,29,5,632,19392,67,33,79,16,0,0,0,0,0,0,0,-32286,0,0,0,0,0,2812855,0
2745411,7530,-2236,70,1119,194,-375,7486,495,47,9,616,19392,69,33,79,16,0,0,0,0,0,0,0,-32286,0,0,0,0,0,2812860,0
2745416,7582,-2072,46,1206,162,-430,7599,498,49,-1,648,19392,69,33,79,16,0,0,0,0,0,0,0,-32287,0,0,0,0,0,2812875,0
2745421,7656,-1908,64,1268,125,-467,7718,524,48,-4,728,19391,77,33,79,16,0,0,0,0,0,0,0,-32286,0,0,0,0,0,2812880,0
2745426,7790,-1792,56,1341,120,-501,7840,542,46,6,728,19391,77,33,79,16,0,0,0,0,0,0,0,-32286,0,0,0,0,0,2812895,0
2745431,7886,-1580,44,1352,118,-524,7965,546,48,8,744,19391,78,34,79,16,0,0,0,0,0,0,0,-32286,0,0,0,0,0,2812909,0
2745436,8064,-1136,6,1323,155,-562,8090,546,47,1,744,19391,78,34,79,16,0,0,0,0,0,0,0,-32286,0,0,0,0,0,2812915,0
2745441,8048,-986,58,1299,163,-609,8217,561,41,4,768,19391,75,33,79,16,0,0,0,0,0,0,0,-32286,0,0,0,0,0,2812919,0
2745446,8248,-968,-58,1293,180,-596,8346,559,24,11,752,19391,75,33,79,16,0,0,0,0,0,0,0,-32286,0,0,0,0,0,2812934,0
2745451,8172,-724,10,1248,190,-612,8471,550,15,6,712,19392,77,33,79,16,0,0,0,0,0,0,0,-32286,0,0,0,0,0,2812939,0
2745456,8458,-540,-62,1132,263,-604,8594,542,0,-4,704,19392,77,33,79,16,0,0,0,0,0,0,0,-32286,0,0,0,0,0,2812954,0
2745461,8482,-594,6,1079,273,-602,8716,536,-18,-6,696,19393,75,33,79,16,0,0,0,0,0,0,0,-32286,0,0,0,0,0,2812959,0
2745466,8576,-760,-26,1039,295,-608,8835,523,-25,-2,656,19393,75,33,79,16,0,0,0,0,0,0,0,-32287,0,0,0,0,0,2812974,0
2745471,8784,-840,-52,1012,304,-589,8951,510,-27,-2,616,19390,74,33,79,16,0,0,0,0,0,0,0,-32286,0,0,0,0,0,2812979,0
2745476,9276,-1392,-88,907,309,-615,9063,493,-42,-8,608,19390,74,33,79,16,0,0,0,0,0,0,0,-32286,0,0,0,0,0,2812994,0
2745481,9588,-1882,-206,905,341,-621,9176,492,-37,-8,624,19390,68,33,79,16,0,0,0,0,0,0,0,-32286,0,0,0,0,0,2812999,0
2745486,9744,-2414,-218,925,362,-611,9285,471,-37,3,552,19390,68,33,79,16,0,0,0,0,0,0,0,-32286,0,0,0,0,0,2813014,0
2745491,9732,-2686,-230,883,319,-601,9391,452,-34,6,464,19391,67,33,79,16,0,0,0,0,0,0,0,-32286,0,0,0,0,0,2813019,0
2745496,9870,-3224,-148,854,259,-586,9488,421,-48,1,440,19391,67,33,79,16,0,0,0,0,0,0,0,-32286,0,0,0,0,0,2813034,0
2745501,10078,-3400,-122,869,201,-590,9584,414,-58,-9,440,19392,57,33,79,16,0,0,0,0,0,0,0,-32286,0,0,0,0,0,2813039,0
2745506,9978,-3432,-76,872,106,-562,9675,393,-74,8,360,19392,57,33,79,16,0,0,0,0,0,0,0,-32286,0,0,0,0,0,2813054,0
2745511,9852,-3316,-72,778,14,-527,9752,333,-86,24,232,19392,63,33,79,16,0,0,0,0,0,0,0,-32287,0,0,0,0,0,2813059,0
2745516,9772,-3170,-92,396,-116,-386,9816,280,-107,20,128,19392,63,33,79,16,0,0,0,0,0,0,0,-32286,0,0,0,0,0,2813074,0
2745521,9524,-3186,86,223,-210,-301,9867,212,-155,-2,72,19393,59,33,79,16,0,0,0,0,0,0,0,-32286,0,0,0,0,0,2813079,0
2745526,9472,-2918,354,146,-309,-263,9905,169,-187,-10,72,19393,59,33,79,16,0,0,0,0,0,0,0,-32286,0,0,0,0,0,2813094,0
2745531,9506,-2876,578,65,-367,-184,9934,119,-194,-3,40,19395,67,33,79,16,0,0,0,0,0,0,0,-32286,0,0,0,0,0,2813099,0
2745536,9564,-2272,1174,-131,-425,-151,9958,108,-176,-3,32,19395,67,33,79,16,0,0,0,0,0,0,0,-32286,0,0,0,0,0,2813114,0
2745541,9584,-2296,1286,-186,-466,-151,9972,63,-146,4,8,19396,69,33,79,16,0,0,0,0,0,0,0,-32286,0,0,0,0,0,2813119,0
2745546,9634,-2360,1352,-202,-524,-200,9971,-6,-136,5,-8,19396,69,33,79,16,0,0,0,0,0,0,0,-32286,0,0,0,0,0,2813134,0
2745551,9866,-2434,1384,-175,-549,-296,9972,-5,-130,0,-8,19394,78,33,79,16,0,0,0,0,0,0,0,-32286,0,0,0,0,0,2813139,0
2745556,10100,-3008,1410,34,-563,-482,9973,5,-109,0,-8,19394,78,33,79,16,0,0,0,0,0,0,0,-32286,0,0,0,0,0,2813154,0
2745561,10192,-3250,1428,83,-565,-540,9971,-5,-67,0,0,19392,74,33,79,16,0,0,0,0,0,0,0,-32287,0,0,0,0,0,2813159,0
2745566,10058,-3500,1360,-37,-460,-591,9970,-9,-30,0,-8,19392,74,33,79,16,0,0,0,0,0,0,0,-32287,0,0,0,0,0,2813174,0
2745571,9904,-4016,1302,-256,-303,-595,9970,-1,-4,1,0,19390,77,33,79,16,0,0,0,0,0,0,0,-32287,0,0,0,0,0,2813179,0
2745576,9134,-5260,1192,-550,-122,-590,9969,-9,-1,0,0,19390,77,33,79,16,0,0,0,0,0,0,0,-32287,0,0,0,0,0,2813194,0
2745581,8760,-5832,1218,-579,-87,-582,9968,-3,-2,-1,-8,19390,70,33,79,16,0,0,0,0,0,0,0,-32287,0,0,0,0,0,2813199,0
2745586,8212,-6254,1086,-491,-105,-584,9968,-8,1,-1,-8,19390,70,33,79,16,0,0,0,0,0,0,0,-32286,0,0,0,0,0,2813214,0
2745591,7684,-6604,958,-394,-166,-566,9967,-3,3,0,-8,19391,80,33,79,16,0,0,0,0,0,0,0,-32286,0,0,0,0,0,2813219,0
2745596,6648,-6688,1200,-493,-154,-446,9967,0,0,0,-8,19391,80,33,79,16,0,0,0,0,0,0,0,-32287,0,0,0,0,0,2813234,0
2745601,6198,-6964,1324,-508,-100,-401,9967,1,0,0,-8,19392,83,33,79,16,0,0,0,0,0,0,0,-32286,0,0,0,0,0,2813239,0
2745606,5508,-7296,1538,-380,-110,-380,9966,-1,1,1,-8,19392,83,33,79,16,0,0,0,0,0,0,0,-32286,0,0,0,0,0,2813254,0
2745611,6602,-6224,2332,461,-367,-820,9959,-36,-6,7,-40,19392,78,33,79,16,0,0,0,0,0,0,0,-32286,0,0,0,0,0,2813259,0
2745616,5058,-7880,1836,2850,-798,-1075,9934,-106,-55,8,-56,19392,78,33,79,16,0,0,0,0,0,0,0,-32286,0,0,0,0,0,2813274,0
2745621,6006,-5060,2592,2520,-618,-1063,9898,-174,-110,14,-152,19392,67,33,79,16,0,0,0,0,0,0,0,-32287,0,0,0,0,0,2813279,0
2745626,5738,-4490,2042,1638,-327,-970,9832,-295,-196,17,-336,19392,67,33,79,16,0,0,0,0,0,0,0,-32286,0,0,0,0,0,2813294,0
2745631,5534,-5330,1312,957,-216,-812,9734,-461,-292,37,-704,19392,68,33,79,16,0,0,0,0,0,0,0,-32286,0,0,0,0,0,2813298,0
2745636,4546,-7326,1632,812,-113,-565,9596,-624,-395,41,-1184,19392,68,33,79,16,0,0,0,0,0,0,0,-32286,0,0,0,0,0,2813313,0
2745641,4782,-7398,1860,1000,-60,-429,9415,-808,-492,11,-1584,19392,67,33,79,16,0,0,0,0,0,0,0,-32286,0,0,0,0,0,2813318,0
2745646,4588,-7334,1942,1085,2,-243,9192,-1008,-580,10,-2048,19392,67,33,79,16,0,0,0,0,0,0,0,-32286,0,0,0,0,0,2813333,0
2745651,4802,-6778,1728,907,100,19,8922,-1200,-637,6,-2448,19389,65,33,79,16,0,0,0,0,0,0,0,-32286,0,0,0,0,0,2813338,0
2745656,4308,-6882,1386,319,348,519,8614,-1372,-650,-1,-2768,19389,65,33,79,16,0,0,0,0,0,0,0,-32286,0,0,0,0,0,2813353,0
2745661,4936,-6696,1184,609,231,636,8269,-1529,-644,-12,-3064,19390,61,33,79,16,0,0,0,0,0,0,0,-32286,0,0,0,0,0,2813369,0
2745666,5134,-5692,992,737,114,753,7892,-1678,-609,-6,-3376,19390,61,33,79,16,0,0,0,0,0,0,0,-32286,0,0,0,0,0,2813373,0
2745671,5530,-4668,590,599,55,880,7487,-1789,-551,-6,-3584,19390,68,33,79,16,0,0,0,0,0,0,0,-32286,0,0,0,0,0,2813378,0
2745676,6346,-2948,254,2,-12,1027,7062,-1880,-489,-3,-3752,19390,68,33,79,16,0,0,0,0,0,0,0,-32287,0,0,0,0,0,2813392,0
2745681,6706,-2602,180,-229,-142,1074,6619,-1941,-414,-4,-3872,19388,71,33,79,16,0,0,0,0,0,0,0,-32286,0,0,0,0,0,2813397,0
2745686,7218,-2274,222,-405,-223,1127,6167,-1990,-329,-2,-3984,19388,71,33,79,16,0,0,0,0,0,0,0,-32286,0,0,0,0,0,2813412,0
2745691,7676,-1924,534,-550,-301,1150,5708,-2025,-246,-1,-4056,19388,82,33,79,16,0,0,0,0,0,0,0,-32286,0,0,0,0,0,2813417,0
2745696,8692,-1380,946,-784,-446,1131,5245,-2044,-173,-6,-4072,19388,82,33,79,16,0,0,0,0,0,0,0,-32287,0,0,0,0,0,2813432,0
2745701,9120,-956,1182,-893,-498,1050,4781,-2041,-110,-15,-4032,19388,78,33,79,16,0,0,0,0,0,0,0,-32286,0,0,0,0,0,2813437,0
2745706,9772,-864,1508,-905,-529,938,4321,-2021,-63,-15,-3920,19388,78,33,79,16,0,0,0,0,0,0,0,-32286,0,0,0,0,0,2813452,0
2745711,10350,-666,2086,-738,-532,775,3866,-1996,-13,-18,-3840,19388,83,33,79,16,0,0,0,0,0,0,0,-32286,0,0,0,0,0,2813457,0
2745716,11062,-252,2478,-410,-525,379,3422,-1953,50,-9,-3744,19388,83,33,79,16,0,0,0,0,0,0,0,-32287,0,0,0,0,0,2813472,0
2745721,11412,140,2504,-470,-323,239,2994,-1880,104,-6,-3584,19388,84,33,79,16,0,0,0,0,0,0,0,-32286,0,0,0,0,0,2813477,0
2745726,11672,218,3222,-632,70,135,2582,-1808,163,6,-3456,19388,84,33,79,16,0,0,0,0,0,0,0,-32287,0,0,0,0,0,2813492,0
2745731,11294,-156,3778,-761,477,45,2184,-1739,205,11,-3344,19390,78,33,79,16,0,0,0,0,0,0,0,-32286,0,0,0,0,0,2813497,0
2745736,10784,-1598,3558,-744,1104,-75,1804,-1668,230,5,-3200,19390,78,33,79,16,0,0,0,0,0,0,0,-32286,0,0,0,0,0,2813511,0
2745741,10174,-1858,3270,-694,1361,-120,1437,-1603,240,-3,-3040,19391,77,33,79,16,0,0,0,0,0,0,0,-32286,0,0,0,0,0,2813516,0
2745746,9290,-1878,2780,-648,1530,-183,1085,-1538,237,-6,-2880,19391,77,33,79,16,0,0,0,0,0,0,0,-32286,0,0,0,0,0,2813531,0
2745751,8976,-2418,2188,-671,1602,-161,748,-1474,230,-13,-2712,19391,71,33,79,16,0,0,0,0,0,0,0,-32286,0,0,0,0,0,2813536,0
2745756,7756,-2496,1100,-760,1690,-134,429,-1400,232,-13,-2512,19391,71,33,79,16,0,0,0,0,0,0,0,-32287,0,0,0,0,0,2813551,0
2745761,6806,-2594,710,-851,1654,-101,131,-1299,248,-10,-2288,19387,68,33,79,16,0,0,0,0,0,0,0,-32287,0,0,0,0,0,2813556,0
2745766,6740,-2838,198,-924,1652,-55,-143,-1199,276,-15,-2032,19387,68,33,79,16,0,0,0,0,0,0,0,-32286,0,0,0,0,0,2813571,0
2745771,6240,-2848,250,-934,1607,-38,-393,-1086,313,-13,-1768,19387,72,33,79,16,0,0,0,0,0,0,0,-32286,0,0,0,0,0,2813576,0
2745776,5824,-3126,-390,-710,1279,-69,-612,-959,356,-5,-1496,19387,72,33,79,16,0,0,0,0,0,0,0,-32286,0,0,0,0,0,2813591,0
2745781,5876,-2862,-530,-508,1083,-105,-805,-840,393,-3,-1248,19388,75,33,79,16,0,0,0,0,0,0,0,-32286,0,0,0,0,0,2813596,0
2745786,5960,-2678,-608,-449,881,-115,-979,-757,397,4,-1096,19388,75,33,79,16,0,0,0,0,0,0,0,-32286,0,0,0,0,0,2813611,0
2745791,6060,-2400,-612,-515,697,-106,-1130,-661,386,0,-888,19388,67,33,79,16,0,0,0,0,0,0,0,-32286,0,0,0,0,0,2813622,0
2745796,6170,-2226,-104,-779,539,-26,-1268,-606,341,11,-808,19388,67,33,79,16,0,0,0,0,0,0,0,-32286,0,0,0,0,0,2813630,0
2745801,6392,-2402,214,-825,501,18,-1395,-557,283,11,-680,19388,61,33,79,16,0,0,0,0,0,0,0,-32286,0,0,0,0,0,2813635,0
2745806,6542,-2574,500,-869,467,96,-1509,-492,238,4,-528,19388,61,33,79,16,0,0,0,0,0,0,0,-32287,0,0,0,0,0,2813650,0
2745811,6624,-2376,886,-965,509,153,-1610,-444,208,13,-448,19389,67,33,79,16,0,0,0,0,0,0,0,-32286,0,0,0,0,0,2813655,0
2745816,6918,-2456,1448,-1087,706,236,-1706,-408,183,14,-400,19389,67,33,79,16,0,0,0,0,0,0,0,-32287,0,0,0,0,0,2813670,0
2745821,7040,-2372,1512,-1022,731,237,-1793,-382,160,1,-352,19387,71,33,79,16,0,0,0,0,0,0,0,-32286,0,0,0,0,0,2813675,0
2745826,7178,-2150,1468,-904,695,185,-1872,-342,139,-15,-264,19387,71,33,79,16,0,0,0,0,0,0,0,-32286,0,0,0,0,0,2813690,0
2745831,7272,-2098,1278,-847,677,195,-1944,-313,122,-10,-216,19387,72,33,79,16,0,0,0,0,0,0,0,-32287,0,0,0,0,0,2813695,0
2745836,7238,-1452,1444,-1016,838,205,-2010,-294,119,-1,-208,19387,72,33,79,16,0,0,0,0,0,0,0,-32287,0,0,0,0,0,2813710,0
2745841,7172,-1384,1432,-1195,913,203,-2073,-281,101,5,-184,19387,75,33,79,16,0,0,0,0,0,0,0,-32286,0,0,0,0,0,2813715,0
2745846,7072,-1634,1334,-1252,928,162,-2133,-260,85,-1,-144,19387,75,33,79,16,0,0,0,0,0,0,0,-32286,0,0,0,0,0,2813730,0
2745851,7058,-2020,1174,-1175,914,162,-2188,-238,69,4,-136,19388,76,33,79,16,0,0,0,0,0,0,0,-32286,0,0,0,0,0,2813735,0
2745856,6618,-1754,1190,-985,846,92,-2239,-232,55,2,-112,19388,76,33,79,16,0,0,0,0,0,0,0,-32286,0,0,0,0,0,2813750,0
2745861,6568,-1802,1026,-969,847,93,-2285,-200,65,-1,-96,19387,80,33,79,16,0,0,0,0,0,0,0,-32286,0,0,0,0,0,2813755,0
2745866,6226,-1632,980,-1007,805,74,-2321,-153,83,2,-64,19387,80,33,79,16,0,0,0,0,0,0,0,-32287,0,0,0,0,0,2813770,0
2745871,6180,-1758,806,-1064,806,108,-2352,-134,84,7,-48,19389,76,33,79,16,0,0,0,0,0,0,0,-32287,0,0,0,0,0,2813775,0
2745876,5844,-1934,728,-1038,738,95,-2376,-93,100,-1,-40,19389,76,33,79,16,0,0,0,0,0,0,0,-32286,0,0,0,0,0,2813790,0
2745881,5552,-1824,778,-989,686,102,-2398,-93,103,-1,-40,19390,77,33,79,16,0,0,0,0,0,0,0,-32286,0,0,0,0,0,2813795,0
2745886,5544,-1794,742,-927,636,66,-2414,-68,83,-6,-24,19390,77,33,79,16,0,0,0,0,0,0,0,-32286,0,0,0,0,0,2813810,0
2745891,5498,-1776,676,-865,622,57,-2416,-6,89,-7,0,19392,69,33,79,16,0,0,0,0,0,0,0,-32287,0,0,0,0,0,2813815,0
2745896,5330,-1614,668,-929,608,107,-2413,24,107,-6,8,19392,69,33,79,16,0,0,0,0,0,0,0,-32287,0,0,0,0,0,2813829,0
2745901,5340,-1650,710,-1004,615,129,-2407,28,108,0,8,19392,66,33,79,16,0,0,0,0,0,0,0,-32287,0,0,0,0,0,2813834,0
2745906,5362,-1812,704,-1026,612,142,-2408,0,86,2,-8,19392,66,33,79,16,0,0,0,0,0,0,0,-32286,0,0,0,0,0,2813849,0
2745911,5432,-1854,790,-990,607,140,-2409,-1,34,0,-8,19391,60,34,79,16,0,0,0,0,0,0,0,-32287,0,0,0,0,0,2813854,0
2745916,5578,-1844,852,-921,599,154,-2407,3,-10,0,0,19391,60,34,79,16,0,0,0,0,0,0,0,-32286,0,0,0,0,0,2813869,0
2745921,5620,-1810,908,-964,600,152,-2407,9,-17,0,0,19389,53,34,79,16,0,0,0,0,0,0,0,-32286,0,0,0,0,0,2813874,0
2745926,5696,-1806,860,-1004,625,163,-2408,3,-7,0,0,19389,53,34,79,16,0,0,0,0,0,0,0,-32286,0,0,0,0,0,2813889,0
2745931,5754,-1884,862,-1005,638,157,-2409,-4,-5,-2,-8,19389,64,33,79,16,0,0,0,0,0,0,0,-32286,0,0,0,0,0,2813894,0
2745936,5950,-1938,828,-919,558,114,-2408,-2,0,-1,-8,19389,64,33,79,16,0,0,0,0,0,0,0,-32286,0,0,0,0,0,2813909,0
2745941,6118,-1946,780,-884,525,82,-2408,2,1,0,0,19392,83,33,79,16,0,0,0,0,0,0,0,-32286,0,0,0,0,0,2813914,0
2745946,6240,-1924,782,-870,493,61,-2408,2,-1,-1,0,19392,83,33,79,16,0,0,0,0,0,0,0,-32287,0,0,0,0,0,2813929,0
2745951,6362,-1912,772,-849,452,55,-2408,0,-2,0,-8,19393,88,33,79,16,0,0,0,0,0,0,0,-32286,0,0,0,0,0,2813933,0
2745956,6640,-1940,790,-833,331,-1,-2408,0,0,0,-8,19393,88,33,79,16,0,0,0,0,0,0,0,-32286,0,0,0,0,0,2813948,0
2745961,6746,-1970,836,-820,280,-25,-2408,0,2,-2,0,19392,81,33,79,16,0,0,0,0,0,0,0,-32286,0,0,0,0,0,2813953,0
2745966,6936,-1958,912,-805,231,-32,-2407,1,-1,0,0,19392,81,33,79,16,0,0,0,0,0,0,0,-32286,0,0,0,0,0,2813968,0
2745971,7010,-1970,998,-812,180,-73,-2407,6,-2,0,0,19391,65,33,79,16,0,0,0,0,0,0,0,-32286,0,0,0,0,0,2813973,0
2745976,7248,-2038,1112,-799,130,-103,-2407,1,1,-1,0,19391,65,33,79,16,0,0,0,0,0,0,0,-32286,0,0,0,0,0,2813988,0
2745981,7284,-2114,1218,-802,104,-119,-2407,7,2,-2,-8,19389,58,33,79,16,0,0,0,0,0,0,0,-32287,0,0,0,0,0,2813993,0
2745986,7338,-2216,1314,-803,90,-141,-2408,0,-1,-1,0,19389,58,33,79,16,0,0,0,0,0,0,0,-32287,0,0,0,0,0,2814008,0
2745991,7416,-2316,1384,-791,90,-139,-2407,7,6,-1,0,19388,62,33,79,16,0,0,0,0,0,0,0,-32286,0,0,0,0,0,2814013,0
2745996,7366,-2380,1426,-787,70,-155,-2408,0,-2,0,-8,19388,62,33,79,16,0,0,0,0,0,0,0,-32286,0,0,0,0,0,2814028,0
2746001,7322,-2422,1346,-801,80,-132,-2407,0,-2,-1,0,19389,70,33,79,16,0,0,0,0,0,0,0,-32287,0,0,0,0,0,2814033,0
2746006,7226,-2382,1286,-876,101,-91,-2407,3,1,0,0,19389,70,33,79,16,0,0,0,0,0,0,0,-32286,0,0,0,0,0,2814048,0
2746011,7144,-2406,1366,-978,154,-46,-2405,13,6,-1,0,19394,75,33,79,16,0,0,0,0,0,0,0,-32286,0,0,0,0,0,2814053,0
2746016,7208,-2702,1518,-944,177,-21,-2404,8,5,0,8,19394,75,33,79,16,0,0,0,0,0,0,0,-32287,0,0,0,0,0,2814068,0
2746021,7272,-2770,1544,-814,116,-41,-2401,8,11,0,0,19395,84,33,79,16,0,0,0,0,0,0,0,-32286,0,0,0,0,0,2814072,0
2746026,7436,-2734,1488,-721,67,-48,-2401,3,1,0,-8,19395,84,33,79,16,0,0,0,0,0,0,0,-32286,0,0,0,0,0,2814087,0
2746031,7602,-2518,1484,-707,55,-58,-2401,0,-6,-1,-8,19396,83,33,79,16,0,0,0,0,0,0,0,-32286,0,0,0,0,0,2814092,0
2746036,7944,-2324,1624,-780,65,-52,-2401,0,-12,-1,0,19396,83,33,79,16,0,0,0,0,0,0,0,-32286,0,0,0,0,0,2814107,0
2746041,8138,-2474,1706,-762,64,-75,-2401,0,-10,-1,0,19392,72,33,79,16,0,0,0,0,0,0,0,-32286,0,0,0,0,0,2814112,0
2746046,8278,-2436,1792,-677,60,-96,-2401,-1,-1,-1,-8,19392,72,33,79,16,0,0,0,0,0,0,0,-32287,0,0,0,0,0,2814127,0
2746051,8548,-2420,1836,-550,17,-161,-2401,-4,-5,0,-8,19392,76,33,79,16,0,0,0,0,0,0,0,-32286,0,0,0,0,0,2814132,0
2746056,8894,-1892,1830,-571,69,-234,-2403,-6,-5,0,-8,19392,76,33,79,16,0,0,0,0,0,0,0,-32286,0,0,0,0,0,2814147,0
2746061,8948,-1814,1734,-727,141,-221,-2404,0,-7,0,-8,19389,69,33,79,16,0,0,0,0,0,0,0,-32286,0,0,0,0,0,2814152,0
2746066,8850,-1998,1692,-868,186,-220,-2402,8,0,-1,0,19389,69,33,79,16,0,0,0,0,0,0,0,-32286,0,0,0,0,0,2814167,0
2746071,8770,-2278,1698,-917,201,-214,-2404,2,4,0,0,19389,81,33,79,16,0,0,0,0,0,0,0,-32286,0,0,0,0,0,2814172,0
2746076,8740,-2504,1856,-787,178,-212,-2404,-5,0,0,-8,19389,81,33,79,16,0,0,0,0,0,0,0,-32286,0,0,0,0,0,2814187,0
2746081,8734,-2300,1892,-748,186,-215,-2404,-2,3,-1,-8,19388,77,33,79,16,0,0,0,0,0,0,0,-32286,0,0,0,0,0,2814192,0
2746086,8776,-2122,1984,-745,195,-219,-2403,-2,-6,-2,-8,19388,77,33,79,16,0,0,0,0,0,0,0,-32286,0,0,0,0,0,2814207,0
2746091,8752,-2030,1992,-758,229,-220,-2404,4,1,-1,-8,19388,73,33,79,16,0,0,0,0,0,0,0,-32286,0,0,0,0,0,2814212,0
2746096,8540,-1734,2018,-750,268,-218,-2404,1,3,-2,-8,19388,73,33,79,16,0,0,0,0,0,0,0,-32286,0,0,0,0,0,2814226,0
2746101,8354,-1658,1980,-745,286,-223,-2403,3,-2,-1,-8,19388,73,33,79,16,0,0,0,0,0,0,0,-32286,0,0,0,0,0,2814231,0
2746106,8110,-1570,1888,-719,280,-215,-2404,1,-2,0,-8,19388,73,33,79,16,0,0,0,0,0,0,0,-32286,0,0,0,0,0,2814246,0
2746111,7966,-1474,1788,-652,230,-222,-2403,1,1,-1,-8,19389,70,33,79,16,0,0,0,0,0,0,0,-32286,0,0,0,0,0,2814251,0
2746116,7966,-804,1644,-572,195,-247,-2406,-9,-7,0,0,19389,70,33,79,16,0,0,0,0,0,0,0,-32287,0,0,0,0,0,2814266,0
2746121,7940,-560,1690,-616,205,-237,-2403,1,1,1,0,19388,66,33,79,16,0,0,0,0,0,0,0,-32286,0,0,0,0,0,2814271,0
2746126,7902,-518,1632,-694,198,-245,-2403,1,0,0,0,19388,66,33,79,16,0,0,0,0,0,0,0,-32286,0,0,0,0,0,2814286,0
2746131,7840,-542,1576,-750,184,-223,-2405,-6,0,-1,-8,19387,62,33,79,16,0,0,0,0,0,0,0,-32286,0,0,0,0,0,2814291,0
2746136,7878,-530,1582,-831,108,-194,-2403,0,-6,-3,0,19387,62,33,79,16,0,0,0,0,0,0,0,-32286,0,0,0,0,0,2814306,0
2746141,8084,-568,1668,-850,47,-202,-2403,6,-2,-1,-8,19387,71,33,79,16,0,0,0,0,0,0,0,-32286,0,0,0,0,0,2814311,0
2746146,8430,-748,1756,-879,8,-207,-2404,0,4,-2,0,19387,71,33,79,16,0,0,0,0,0,0,0,-32286,0,0,0,0,0,2814326,0
2746151,8890,-1164,1974,-962,-12,-206,-2403,7,2,-1,-8,19389,67,33,79,16,0,0,0,0,0,0,0,-32286,0,0,0,0,0,2814331,0
2746156,9982,-2232,2316,-1083,25,-186,-2403,-1,-3,0,-8,19389,67,33,79,16,0,0,0,0,0,0,0,-32287,0,0,0,0,0,2814346,0
2746161,10714,-2848,2404,-1201,89,-167,-2404,-4,0,-1,-8,19391,70,33,79,16,0,0,0,0,0,0,0,-32286,0,0,0,0,0,2814351,0
2746166,11368,-3448,2342,-1360,168,-126,-2404,5,-2,-1,0,19391,70,33,79,16,0,0,0,0,0,0,0,-32286,0,0,0,0,0,2814366,0
2746171,11880,-4566,1984,-1602,280,-15,-2403,0,-2,0,0,19391,68,33,79,16,0,0,0,0,0,0,0,-32286,0,0,0,0,0,2814371,0
2746176,12484,-6548,1650,-2047,516,156,-2402,5,5,-1,0,19391,68,33,79,16,0,0,0,0,0,0,0,-32286,0,0,0,0,0,2814386,0
2746181,12498,-7570,1556,-1739,568,169,-2401,-2,5,-1,-8,19390,67,33,79,16,0,0,0,0,0,0,0,-32286,0,0,0,0,0,2814391,0
2746186,11826,-8318,1468,-1343,457,139,-2401,1,4,-2,0,19390,67,33,79,16,0,0,0,0,0,0,0,-32286,0,0,0,0,0,2814405,0
2746191,11220,-8192,1294,-1032,445,122,-2399,5,2,-3,8,19391,60,33,79,16,0,0,0,0,0,0,0,-32286,0,0,0,0,0,2814410,0
2746196,9558,-7708,1376,-979,566,186,-2396,8,2,-2,8,19391,60,33,79,16,0,0,0,0,0,0,0,-32286,0,0,0,0,0,2814425,0
2746201,8798,-7854,1488,-1075,643,203,-2393,21,6,-2,8,19391,53,33,79,16,0,0,0,0,0,0,0,-32286,0,0,0,0,0,2814430,0
2746206,8182,-8200,1484,-1005,651,219,-2391,5,10,0,0,19391,53,33,79,16,0,0,0,0,0,0,0,-32286,0,0,0,0,0,2814445,0
2746211,7582,-8656,1432,-829,567,182,-2391,2,2,0,0,19391,59,34,79,16,0,0,0,0,0,0,0,-32286,0,0,0,0,0,2814450,0
2746216,6568,-8894,988,-362,276,91,-2392,0,-4,0,0,19391,59,34,79,16,0,0,0,0,0,0,0,-32286,0,0,0,0,0,2814465,0
2746221,6140,-8624,760,-193,119,78,-2390,5,-14,0,-8,19390,70,33,79,16,0,0,0,0,0,0,0,-32286,0,0,0,0,0,2814470,0
2746226,5778,-8302,456,-70,-5,64,-2389,3,-12,0,0,19390,70,33,79,16,0,0,0,0,0,0,0,-32286,0,0,0,0,0,2814485,0
2746231,5392,-7998,258,11,-108,63,-2388,9,5,-1,0,19388,78,33,79,16,0,0,0,0,0,0,0,-32286,0,0,0,0,0,2814490,0
2746236,4966,-7512,124,246,-260,71,-2386,10,4,-2,8,19388,78,33,79,16,0,0,0,0,0,0,0,-32286,0,0,0,0,0,2814508,0
2746241,4798,-7182,100,378,-367,98,-2385,3,4,-2,8,19389,75,33,79,16,0,0,0,0,0,0,0,-32286,0,0,0,0,0,2814513,0
2746246,4744,-6698,164,477,-468,125,-2382,15,4,-1,8,19389,75,33,79,16,0,0,0,0,0,0,0,-32286,0,0,0,0,0,2814528,0
2746251,4844,-5958,358,576,-524,128,-2378,21,8,-4,16,19389,67,33,79,16,0,0,0,0,0,0,0,-32286,0,0,0,0,0,2814533,0
2746256,4958,-4892,610,866,-587,101,-2369,39,16,-4,24,19389,67,33,79,16,0,0,0,0,0,0,0,-32286,0,0,0,0,0,2814548,0
2746261,5004,-4428,482,917,-655,82,-2353,79,36,-6,48,19391,72,33,79,16,0,0,0,0,0,0,0,-32286,0,0,0,0,0,2814553,0
2746266,5242,-3970,306,862,-620,102,-2324,140,80,-7,64,19391,72,33,79,16,0,0,0,0,0,0,0,-32287,0,0,0,0,0,2814567,0
2746271,5318,-3504,310,720,-505,144,-2287,161,114,-2,112,19390,71,33,79,16,0,0,0,0,0,0,0,-32286,0,0,0,0,0,2814572,0
2746276,5800,-3588,354,613,-355,180,-2235,230,146,-6,168,19390,71,33,79,16,0,0,0,0,0,0,0,-32286,0,0,0,0,0,2814587,0
2746281,5796,-3732,530,610,-349,224,-2172,282,174,7,224,19390,64,33,79,16,0,0,0,0,0,0,0,-32286,0,0,0,0,0,2814592,0
2746286,5930,-3754,482,612,-297,262,-2096,331,181,1,312,19390,64,33,79,16,0,0,0,0,0,0,0,-32286,0,0,0,0,0,2814607,0
2746291,6092,-3594,318,575,-274,329,-2007,399,185,-10,464,19387,57,33,79,16,0,0,0,0,0,0,0,-32286,0,0,0,0,0,2814612,0
2746296,6414,-3262,112,478,-267,391,-1905,453,196,-18,600,19387,57,33,79,16,0,0,0,0,0,0,0,-32286,0,0,0,0,0,2814627,0
2746301,6656,-3090,-74,489,-301,398,-1786,535,199,-17,856,19387,61,33,79,16,0,0,0,0,0,0,0,-32286,0,0,0,0,0,2814632,0
2746306,6816,-3144,-258,527,-417,423,-1647,615,227,5,1040,19387,61,33,79,16,0,0,0,0,0,0,0,-32286,0,0,0,0,0,2814647,0
2746311,6940,-2908,-388,555,-598,409,-1494,680,252,11,1152,19388,67,33,79,16,0,0,0,0,0,0,0,-32286,0,0,0,0,0,2814652,0
2746316,7656,-2524,-664,608,-960,309,-1322,760,260,2,1328,19388,67,33,79,16,0,0,0,0,0,0,0,-32286,0,0,0,0,0,2814667,0
2746321,7798,-2400,-536,503,-1079,282,-1140,808,251,4,1408,19388,66,33,79,16,0,0,0,0,0,0,0,-32286,0,0,0,0,0,2814672,0
2746326,7876,-2336,-274,336,-1169,226,-950,845,229,8,1472,19388,66,33,79,16,0,0,0,0,0,0,0,-32286,0,0,0,0,0,2814687,0
2746331,8038,-2526,-50,218,-1200,166,-749,885,189,2,1528,19388,61,33,79,16,0,0,0,0,0,0,0,-32286,0,0,0,0,0,2814692,0
2746336,7734,-3260,590,112,-1157,77,-549,891,150,8,1536,19388,61,33,79,16,0,0,0,0,0,0,0,-32286,0,0,0,0,0,2814707,0
2746341,7646,-3692,684,137,-1088,38,-341,911,112,4,1560,19390,58,33,79,16,0,0,0,0,0,0,0,-32286,0,0,0,0,0,2814712,0
2746346,7414,-3968,938,193,-1024,-5,-134,909,73,10,1552,19390,58,33,79,16,0,0,0,0,0,0,0,-32286,0,0,0,0,0,2814727,0
2746351,7246,-4170,964,286,-963,-47,74,923,52,0,1568,19392,66,33,79,16,0,0,0,0,0,0,0,-32286,0,0,0,0,0,2814732,0
2746356,6838,-4412,964,488,-858,-95,284,918,27,10,1552,19392,66,33,79,16,0,0,0,0,0,0,0,-32286,0,0,0,0,0,2814747,0
2746361,6656,-4394,1002,565,-808,-123,490,913,12,4,1528,19393,66,33,79,16,0,0,0,0,0,0,0,-32286,0,0,0,0,0,2814752,0
2746366,6508,-4438,850,626,-750,-127,697,912,0,1,1536,19393,66,33,79,16,0,0,0,0,0,0,0,-32286,0,0,0,0,0,2814767,0
2746371,6294,-4300,774,667,-717,-124,896,880,-18,-1,1472,19395,71,33,79,16,0,0,0,0,0,0,0,-32286,0,0,0,0,0,2814772,0
2746376,6088,-4098,438,773,-672,-163,1094,869,-37,-3,1456,19395,71,33,79,16,0,0,0,0,0,0,0,-32287,0,0,0,0,0,2814786,0
2746381,5762,-4064,318,760,-674,-163,1283,845,-58,3,1400,19396,73,33,79,16,0,0,0,0,0,0,0,-32287,0,0,0,0,0,2814791,0
2746386,5698,-4060,124,790,-688,-188,1471,826,-59,-1,1376,19396,73,33,79,16,0,0,0,0,0,0,0,-32286,0,0,0,0,0,2814806,0
2746391,5544,-4188,36,810,-690,-179,1654,795,-74,0,1304,19396,86,33,79,16,0,0,0,0,0,0,0,-32286,0,0,0,0,0,2814811,0
2746396,5480,-4146,-192,894,-803,-190,1832,782,-73,-2,1280,19396,86,33,79,16,0,0,0,0,0,0,0,-32286,0,0,0,0,0,2814826,0
2746401,5308,-4080,-196,921,-857,-161,2005,759,-68,3,1224,19393,80,33,79,16,0,0,0,0,0,0,0,-32286,0,0,0,0,0,2814831,0
2746406,5292,-4040,-262,905,-917,-141,2173,736,-74,5,1168,19393,80,33,79,16,0,0,0,0,0,0,0,-32286,0,0,0,0,0,2814846,0
2746411,5456,-3934,-288,920,-972,-119,2337,720,-71,-5,1144,19391,77,33,79,16,0,0,0,0,0,0,0,-32286,0,0,0,0,0,2814851,0
2746416,5482,-3810,-226,955,-1109,-68,2495,686,-73,2,1064,19391,77,33,79,16,0,0,0,0,0,0,0,-32286,0,0,0,0,0,2814866,0
2746421,5702,-3760,-214,978,-1161,-49,2648,670,-73,1,1032,19388,71,33,79,16,0,0,0,0,0,0,0,-32286,0,0,0,0,0,2814871,0
2746426,5866,-3672,-182,997,-1206,-15,2798,660,-74,2,1000,19388,71,33,79,16,0,0,0,0,0,0,0,-32286,0,0,0,0,0,2814886,0
2746431,5976,-3608,-68,995,-1241,44,2941,632,-74,5,920,19388,72,33,79,16,0,0,0,0,0,0,0,-32286,0,0,0,0,0,2814891,0
2746436,6242,-3478,136,987,-1309,110,3079,608,-74,-1,872,19388,72,33,79,16,0,0,0,0,0,0,0,-32286,0,0,0,0,0,2814906,0
2746441,6516,-3402,278,1007,-1298,143,3213,587,-70,-1,808,19388,73,33,79,16,0,0,0,0,0,0,0,-32286,0,0,0,0,0,2814911,0
2746446,6666,-3514,382,1035,-1274,183,3343,568,-72,0,752,19388,73,33,79,16,0,0,0,0,0,0,0,-32286,0,0,0,0,0,2814926,0
2746451,6804,-3476,432,1029,-1266,217,3466,528,-76,-2,648,19390,75,33,79,16,0,0,0,0,0,0,0,-32286,0,0,0,0,0,2814931,0
2746456,7202,-3346,520,1051,-1170,267,3584,515,-79,-5,616,19390,75,33,79,16,0,0,0,0,0,0,0,-32286,0,0,0,0,0,2814946,0
2746461,7400,-3390,524,1102,-1133,279,3698,500,-82,-6,608,19390,69,33,79,16,0,0,0,0,0,0,0,-32286,0,0,0,0,0,2814951,0
2746466,7496,-3270,488,1121,-1080,308,3805,465,-82,-2,512,19390,69,33,79,16,0,0,0,0,0,0,0,-32286,0,0,0,0,0,2814966,0
2746471,7600,-3326,454,1134,-1045,346,3905,438,-84,-2,432,19394,66,34,79,16,0,0,0,0,0,0,0,-32286,0,0,0,0,0,2814971,0
2746476,7844,-3154,386,1140,-935,378,3997,403,-90,0,392,19394,66,34,79,16,0,0,0,0,0,0,0,-32287,0,0,0,0,0,2814986,0
2746481,7946,-3064,288,1153,-873,398,4089,397,-93,-4,400,19394,72,33,79,16,0,0,0,0,0,0,0,-32286,0,0,0,0,0,2814991,0
2746486,7962,-3012,208,1172,-840,417,4176,388,-86,6,336,19394,72,33,79,16,0,0,0,0,0,0,0,-32286,0,0,0,0,0,2815006,0
2746491,7924,-2894,116,1176,-792,438,4255,343,-69,18,256,19394,69,33,79,16,0,0,0,0,0,0,0,-32286,0,0,0,0,0,2815011,0
2746496,7926,-2680,-122,1142,-709,491,4326,310,-74,14,184,19394,69,33,79,16,0,0,0,0,0,0,0,-32286,0,0,0,0,0,2815026,0
2746501,7874,-2574,-128,1105,-678,491,4390,264,-97,8,120,19389,67,33,79,16,0,0,0,0,0,0,0,-32286,0,0,0,0,0,2815031,0
2746506,7840,-2486,-188,1122,-653,465,4447,250,-110,-1,120,19389,67,33,79,16,0,0,0,0,0,0,0,-32286,0,0,0,0,0,2815046,0
2746511,7764,-2276,-244,1128,-632,438,4502,234,-106,-5,112,19391,67,33,79,16,0,0,0,0,0,0,0,-32286,0,0,0,0,0,2815051,0
2746516,7818,-2190,-400,1054,-625,417,4554,229,-88,-1,120,19391,67,33,79,16,0,0,0,0,0,0,0,-32286,0,0,0,0,0,2815066,0
2746521,7800,-2044,-462,982,-607,392,4602,209,-63,0,96,19392,68,33,79,16,0,0,0,0,0,0,0,-32286,0,0,0,0,0,2815070,0
2746526,7782,-2170,-504,881,-612,402,4640,161,-57,2,48,19392,68,33,79,16,0,0,0,0,0,0,0,-32285,0,0,0,0,0,2815085,0
2746531,7616,-1998,-490,761,-620,377,4667,119,-96,-5,48,19392,69,33,79,16,0,0,0,0,0,0,0,-32287,0,0,0,0,0,2815090,0
2746536,7536,-2186,-308,625,-596,373,4688,91,-113,1,24,19392,69,33,79,16,0,0,0,0,0,0,0,-32286,0,0,0,0,0,2815105,0
2746541,7622,-2328,-102,650,-593,326,4700,51,-128,3,8,19392,61,33,79,16,0,0,0,0,0,0,0,-32286,0,0,0,0,0,2815110,0
2746546,7722,-2392,-12,727,-552,293,4706,25,-135,-1,16,19392,61,33,79,16,0,0,0,0,0,0,0,-32286,0,0,0,0,0,2815125,0
2746551,7770,-2190,162,793,-539,258,4712,25,-105,-2,16,19391,66,33,79,16,0,0,0,0,0,0,0,-32286,0,0,0,0,0,2815130,0
2746556,8002,-1984,282,750,-412,168,4726,53,-63,-5,32,19391,66,33,79,16,0,0,0,0,0,0,0,-32286,0,0,0,0,0,2815145,0
2746561,7958,-2002,280,716,-339,160,4747,90,1,-1,32,19391,66,33,79,16,0,0,0,0,0,0,0,-32286,0,0,0,0,0,2815150,0
2746566,7868,-1988,320,693,-282,153,4760,60,40,8,16,19391,66,33,79,16,0,0,0,0,0,0,0,-32286,0,0,0,0,0,2815165,0
2746571,7776,-1980,258,677,-268,126,4768,32,21,4,0,19393,67,33,79,16,0,0,0,0,0,0,0,-32286,0,0,0,0,0,2815170,0
2746576,7676,-1716,58,713,-235,64,4776,34,-18,0,16,19393,67,33,79,16,0,0,0,0,0,0,0,-32286,0,0,0,0,0,2815185,0
2746581,7770,-1762,-44,724,-203,44,4786,55,-39,-2,32,19392,74,33,79,16,0,0,0,0,0,0,0,-32286,0,0,0,0,0,2815190,0
2746586,7568,-1598,-46,667,-181,34,4805,93,-10,-4,40,19392,74,33,79,16,0,0,0,0,0,0,0,-32286,0,0,0,0,0,2815205,0
2746591,7550,-1626,-120,594,-155,47,4830,106,38,0,40,19394,74,33,79,16,0,0,0,0,0,0,0,-32286,0,0,0,0,0,2815210,0
2746596,7370,-1582,-344,558,-200,6,4856,122,74,-5,72,19394,74,33,79,16,0,0,0,0,0,0,0,-32287,0,0,0,0,0,2815225,0
2746601,7376,-1712,-420,628,-202,-22,4897,181,93,-5,104,19391,81,33,79,16,0,0,0,0,0,0,0,-32286,0,0,0,0,0,2815230,0
2746606,7266,-1496,-398,677,-238,-68,4947,228,107,3,144,19391,81,33,79,16,0,0,0,0,0,0,0,-32287,0,0,0,0,0,2815245,0
2746611,7440,-1540,-532,697,-241,-58,5006,257,128,-3,208,19393,69,33,79,16,0,0,0,0,0,0,0,-32286,0,0,0,0,0,2815250,0
2746616,7452,-1572,-596,655,-260,-114,5075,305,146,3,224,19393,69,33,79,16,0,0,0,0,0,0,0,-32286,0,0,0,0,0,2815265,0
2746621,7344,-1448,-508,601,-248,-114,5143,308,133,8,232,19391,73,33,79,16,0,0,0,0,0,0,0,-32286,0,0,0,0,0,2815270,0
2746626,7648,-1570,-528,543,-236,-125,5214,319,100,-1,232,19391,73,33,79,16,0,0,0,0,0,0,0,-32286,0,0,0,0,0,2815285,0
2746631,7782,-1820,-482,534,-196,-96,5286,323,64,-1,248,19390,69,33,79,16,0,0,0,0,0,0,0,-32287,0,0,0,0,0,2815290,0
2746636,7876,-2120,-340,513,-192,-69,5363,338,43,-4,280,19390,69,33,79,16,0,0,0,0,0,0,0,-32286,0,0,0,0,0,2815305,0
2746641,7876,-2166,-200,520,-170,-62,5440,345,34,-3,288,19390,73,33,79,16,0,0,0,0,0,0,0,-32287,0,0,0,0,0,2815310,0
2746646,7936,-2216,-162,503,-153,-68,5522,356,38,0,312,19390,73,33,79,16,0,0,0,0,0,0,0,-32286,0,0,0,0,0,2815325,0
2746651,8108,-2248,-186,483,-91,-41,5599,342,24,0,280,19390,70,33,79,16,0,0,0,0,0,0,0,-32286,0,0,0,0,0,2815330,0
2746656,8198,-2202,-62,357,6,-56,5677,341,18,-1,280,19390,70,33,79,16,0,0,0,0,0,0,0,-32287,0,0,0,0,0,2815345,0
2746661,8162,-2326,20,301,81,-67,5754,334,-4,4,264,19390,70,33,79,16,0,0,0,0,0,0,0,-32287,0,0,0,0,0,2815350,0
2746666,8160,-2406,36,273,140,-82,5830,332,-15,-1,272,19390,70,33,79,16,0,0,0,0,0,0,0,-32287,0,0,0,0,0,2815365,0
2746671,8250,-2656,-20,287,207,-97,5910,350,-3,-3,304,19390,61,33,79,16,0,0,0,0,0,0,0,-32286,0,0,0,0,0,2815370,0
2746676,8140,-3080,-46,366,247,-138,5997,380,16,-5,352,19390,61,33,79,16,0,0,0,0,0,0,0,-32287,0,0,0,0,0,2815385,0
2746681,7996,-3154,-52,412,260,-152,6082,383,35,-2,368,19395,52,33,79,16,0,0,0,0,0,0,0,-32286,0,0,0,0,0,2815390,0
2746686,8064,-3300,-102,441,249,-149,6171,389,48,-5,392,19395,52,33,79,16,0,0,0,0,0,0,0,-32287,0,0,0,0,0,2815405,0
2746691,7960,-3366,-98,481,253,-153,6261,405,33,-10,440,19396,47,33,79,16,0,0,0,0,0,0,0,-32286,0,0,0,0,0,2815410,0
2746696,8048,-3348,-110,635,212,-218,6359,434,42,-13,512,19396,47,33,79,16,0,0,0,0,0,0,0,-32286,0,0,0,0,0,2815425,0
2746701,7992,-3416,-74,730,181,-232,6463,469,60,-11,616,19396,52,33,79,16,0,0,0,0,0,0,0,-32286,0,0,0,0,0,2815430,0
2746706,7938,-3452,-78,798,171,-241,6573,489,76,0,664,19396,52,33,79,16,0,0,0,0,0,0,0,-32286,0,0,0,0,0,2815445,0
2746711,8026,-3278,-118,861,150,-274,6685,497,78,6,680,19391,63,33,79,16,0,0,0,0,0,0,0,-32286,0,0,0,0,0,2815450,0
2746716,7932,-2952,-168,993,135,-338,6801,518,73,1,728,19391,63,33,79,16,0,0,0,0,0,0,0,-32287,0,0,0,0,0,2815465,0
2746721,7974,-2810,-288,1095,136,-344,6924,539,68,4,760,19389,65,33,79,16,0,0,0,0,0,0,0,-32286,0,0,0,0,0,2815470,0
2746726,7704,-2626,-286,1102,113,-351,7045,528,52,12,696,19389,65,33,79,16,0,0,0,0,0,0,0,-32286,0,0,0,0,0,2815485,0
2746731,7846,-2346,-448,1085,95,-364,7163,520,39,4,664,19388,67,33,79,16,0,0,0,0,0,0,0,-32286,0,0,0,0,0,2815490,0
2746736,7836,-1780,-506,1049,126,-374,7285,529,15,-1,688,19388,67,33,79,16,0,0,0,0,0,0,0,-32286,0,0,0,0,0,2815504,0
2746741,7650,-1706,-502,982,118,-341,7401,509,-9,8,608,19390,56,34,79,16,0,0,0,0,0,0,0,-32286,0,0,0,0,0,2815509,0
2746746,7734,-1404,-508,921,106,-340,7511,482,-24,6,552,19390,56,34,79,16,0,0,0,0,0,0,0,-32286,0,0,0,0,0,2815524,0
2746751,7846,-1276,-490,852,143,-317,7612,450,-50,-3,480,19390,60,33,79,16,0,0,0,0,0,0,0,-32286,0,0,0,0,0,2815529,0
2746756,7864,-1226,-288,742,176,-311,7714,438,-69,-5,448,19390,60,33,79,16,0,0,0,0,0,0,0,-32286,0,0,0,0,0,2815544,0
2746761,7924,-1122,-188,735,176,-315,7811,431,-80,-5,440,19391,57,33,79,16,0,0,0,0,0,0,0,-32286,0,0,0,0,0,2815549,0
2746766,7986,-1060,-142,690,184,-306,7901,399,-64,6,384,19391,57,33,79,16,0,0,0,0,0,0,0,-32286,0,0,0,0,0,2815564,0
2746771,8050,-998,-74,646,211,-309,7991,394,-64,6,360,19392,61,33,79,16,0,0,0,0,0,0,0,-32287,0,0,0,0,0,2815569,0
2746776,8096,-1236,48,619,264,-317,8077,382,-60,2,336,19392,61,33,79,16,0,0,0,0,0,0,0,-32286,0,0,0,0,0,2815584,0
2746781,8230,-1428,40,654,259,-343,8166,391,-36,0,360,19395,67,33,79,16,0,0,0,0,0,0,0,-32286,0,0,0,0,0,2815589,0
2746786,8288,-1558,72,744,292,-349,8256,404,-17,2,384,19395,67,33,79,16,0,0,0,0,0,0,0,-32287,0,0,0,0,0,2815604,0
2746791,8098,-1892,90,761,275,-350,8347,395,8,-1,368,19396,64,33,79,16,0,0,0,0,0,0,0,-32286,0,0,0,0,0,2815616,0
2746796,8490,-2354,-166,861,296,-368,8441,409,16,-3,408,19396,64,33,79,16,0,0,0,0,0,0,0,-32286,0,0,0,0,0,2815624,0
2746801,8476,-2514,-248,915,291,-378,8532,402,20,-8,424,19393,69,33,79,16,0,0,0,0,0,0,0,-32286,0,0,0,0,0,2815629,0
2746806,8738,-2788,-464,988,262,-415,8627,418,12,-6,448,19393,69,33,79,16,0,0,0,0,0,0,0,-32286,0,0,0,0,0,2815644,0
2746811,8884,-3050,-576,1067,267,-442,8726,432,13,-5,472,19390,62,33,79,16,0,0,0,0,0,0,0,-32286,0,0,0,0,0,2815649,0
2746816,8994,-3564,-764,1234,168,-452,8823,423,30,0,464,19390,62,33,79,16,0,0,0,0,0,0,0,-32286,0,0,0,0,0,2815664,0
2746821,9120,-3598,-842,1269,83,-489,8917,417,19,1,448,19389,61,33,79,16,0,0,0,0,0,0,0,-32286,0,0,0,0,0,2815669,0
2746826,9234,-3588,-844,1266,49,-518,9009,399,-4,7,392,19389,61,33,79,16,0,0,0,0,0,0,0,-32286,0,0,0,0,0,2815684,0
2746831,9262,-3426,-710,1254,-7,-561,9096,388,-27,11,352,19390,62,33,79,16,0,0,0,0,0,0,0,-32287,0,0,0,0,0,2815689,0
2746836,9234,-3228,-502,1178,-130,-632,9182,381,-38,6,336,19390,62,33,79,16,0,0,0,0,0,0,0,-32286,0,0,0,0,0,2815704,0
2746841,9162,-3150,-398,1069,-192,-615,9258,328,-56,13,216,19389,64,33,79,16,0,0,0,0,0,0,0,-32286,0,0,0,0,0,2815709,0
2746846,9068,-2998,-306,893,-258,-602,9323,281,-82,10,152,19389,64,33,79,16,0,0,0,0,0,0,0,-32286,0,0,0,0,0,2815724,0
2746851,9014,-3086,-180,750,-283,-552,9372,208,-121,-5,72,19391,62,33,79,16,0,0,0,0,0,0,0,-32286,0,0,0,0,0,2815729,0
2746856,8898,-2878,320,600,-330,-510,9408,139,-169,-8,16,19391,62,33,79,16,0,0,0,0,0,0,0,-32286,0,0,0,0,0,2815744,0
2746861,8840,-2504,622,595,-363,-520,9428,82,-214,-9,32,19389,60,33,79,16,0,0,0,0,0,0,0,-32286,0,0,0,0,0,2815749,0
2746866,9004,-2322,712,581,-359,-503,9444,71,-199,0,16,19389,60,33,79,16,0,0,0,0,0,0,0,-32286,0,0,0,0,0,2815764,0
2746871,8922,-2120,906,474,-327,-473,9449,20,-179,5,0,19389,67,33,79,16,0,0,0,0,0,0,0,-32286,0,0,0,0,0,2815769,0
2746876,8996,-2124,968,173,-267,-438,9450,0,-144,1,0,19389,67,33,79,16,0,0,0,0,0,0,0,-32287,0,0,0,0,0,2815784,0
2746881,9104,-2248,928,88,-243,-416,9450,-3,-103,-3,-8,19389,64,33,79,16,0,0,0,0,0,0,0,-32286,0,0,0,0,0,2815789,0
2746886,9076,-2442,926,2,-252,-416,9450,3,-68,-3,0,19389,64,33,79,16,0,0,0,0,0,0,0,-32287,0,0,0,0,0,2815804,0
2746891,9480,-2794,876,-33,-267,-406,9449,0,-35,-1,0,19391,71,34,79,16,0,0,0,0,0,0,0,-32286,0,0,0,0,0,2815809,0
2746896,9352,-3798,964,287,-347,-528,9450,-1,-10,0,0,19391,71,34,79,16,0,0,0,0,0,0,0,-32286,0,0,0,0,0,2815824,0
2746901,9294,-3556,1214,300,-301,-508,9450,0,1,0,0,19391,69,33,79,16,0,0,0,0,0,0,0,-32286,0,0,0,0,0,2815829,0
2746906,9238,-3350,1300,63,-282,-501,9449,0,1,0,0,19391,69,33,79,16,0,0,0,0,0,0,0,-32286,0,0,0,0,0,2815844,0
2746911,9382,-3642,1146,-133,-173,-468,9449,0,-2,0,-8,19391,60,33,79,16,0,0,0,0,0,0,0,-32286,0,0,0,0,0,2815849,0
2746916,8330,-4550,1888,-789,287,-415,9449,1,-3,0,0,19391,60,33,79,16,0,0,0,0,0,0,0,-32287,0,0,0,0,0,2815864,0
2746921,8076,-5712,1278,-719,234,-400,9448,-6,-1,0,0,19389,69,33,79,16,0,0,0,0,0,0,0,-32286,0,0,0,0,0,2815869,0
2746926,7450,-6098,1356,-627,228,-362,9447,-9,0,0,-8,19389,69,33,79,16,0,0,0,0,0,0,0,-32287,0,0,0,0,0,2815884,0
2746931,6946,-6522,1398,-537,185,-331,9447,-1,0,0,-8,19390,67,33,79,16,0,0,0,0,0,0,0,-32286,0,0,0,0,0,2815889,0
2746936,8090,-5954,2008,-209,-107,-494,9447,-2,0,0,-8,19390,67,33,79,16,0,0,0,0,0,0,0,-32286,0,0,0,0,0,2815904,0
2746941,7952,-6336,2476,1261,-76,-979,9434,-62,-15,7,-40,19390,66,33,79,16,0,0,0,0,0,0,0,-32286,0,0,0,0,0,2815909,0
2746946,6454,-8014,2142,2385,-502,-980,9406,-129,-68,6,-72,19390,66,33,79,16,0,0,0,0,0,0,0,-32287,0,0,0,0,0,2815924,0
2746951,6104,-6168,2648,2140,-565,-888,9359,-229,-140,15,-176,19388,61,33,79,16,0,0,0,0,0,0,0,-32286,0,0,0,0,0,2815929,0
2746956,5892,-6068,560,1061,-432,-760,9281,-364,-241,22,-424,19388,61,33,79,16,0,0,0,0,0,0,0,-32287,0,0,0,0,0,2815944,0
2746961,5490,-6190,818,798,-310,-673,9165,-524,-346,41,-824,19387,66,33,79,16,0,0,0,0,0,0,0,-32287,0,0,0,0,0,2815949,0
2746966,4948,-6886,946,709,-216,-609,9010,-693,-441,21,-1248,19387,66,33,79,16,0,0,0,0,0,0,0,-32286,0,0,0,0,0,2815964,0
2746971,5056,-7428,1082,823,-186,-487,8811,-901,-538,7,-1688,19385,68,33,79,16,0,0,0,0,0,0,0,-32286,0,0,0,0,0,2815969,0
2746976,4426,-7182,1696,697,37,-130,8618,-1059,-610,8,-2128,19385,68,33,79,16,0,0,0,0,0,0,0,-32286,0,0,0,0,0,2815983,0
2746981,4994,-7200,1668,604,184,119,8337,-1265,-659,5,-2576,19386,67,33,79,16,0,0,0,0,0,0,0,-32286,0,0,0,0,0,2815989,0
2746986,4710,-6748,1800,445,334,355,8006,-1469,-696,4,-3000,19386,67,33,79,16,0,0,0,0,0,0,0,-32286,0,0,0,0,0,2816003,0
2746991,4918,-6692,1746,299,431,584,7632,-1660,-714,-1,-3400,19388,61,33,79,16,0,0,0,0,0,0,0,-32287,0,0,0,0,0,2816008,0
2746996,5264,-6276,2094,-140,886,1143,7221,-1819,-686,-11,-3680,19388,61,33,79,16,0,0,0,0,0,0,0,-32286,0,0,0,0,0,2816023,0
2747001,4126,-6438,1750,-205,723,1297,6787,-1921,-612,-19,-3856,19390,67,33,79,16,0,0,0,0,0,0,0,-32287,0,0,0,0,0,2816028,0
2747006,5314,-6542,930,129,390,1391,6340,-1980,-494,-11,-3952,19390,67,33,79,16,0,0,0,0,0,0,0,-32286,0,0,0,0,0,2816043,0
2747011,5532,-5176,778,533,131,1420,5885,-2013,-355,-4,-4032,19389,72,33,79,16,0,0,0,0,0,0,0,-32287,0,0,0,0,0,2816048,0
2747016,6990,-2476,154,329,-179,1451,5424,-2032,-226,-2,-4056,19389,72,33,79,16,0,0,0,0,0,0,0,-32287,0,0,0,0,0,2816063,0
2747021,7620,-1450,-58,-77,-280,1438,4957,-2057,-147,-7,-4096,19387,76,33,79,16,0,0,0,0,0,0,0,-32287,0,0,0,0,0,2816068,0
2747026,8396,-1186,-112,-353,-380,1394,4487,-2071,-99,-10,-4072,19387,76,33,79,16,0,0,0,0,0,0,0,-32287,0,0,0,0,0,2816083,0
2747031,8844,-882,70,-474,-538,1307,4017,-2071,-69,-22,-4040,19388,78,33,79,16,0,0,0,0,0,0,0,-32287,0,0,0,0,0,2816088,0
2747036,10154,-160,670,-534,-879,1052,3554,-2029,-25,-14,-3936,19388,78,33,79,16,0,0,0,0,0,0,0,-32286,0,0,0,0,0,2816103,0
2747041,10872,130,1162,-559,-954,889,3102,-1981,33,-3,-3832,19388,83,33,79,16,0,0,0,0,0,0,0,-32286,0,0,0,0,0,2816108,0
2747046,11240,276,1352,-586,-1005,726,2667,-1911,110,4,-3704,19388,83,33,79,16,0,0,0,0,0,0,0,-32287,0,0,0,0,0,2816123,0
2747051,11504,294,1410,-657,-1079,566,2245,-1846,172,4,-3576,19387,83,33,79,16,0,0,0,0,0,0,0,-32287,0,0,0,0,0,2816128,0
2747056,12228,100,2604,-871,-733,333,1838,-1785,216,7,-3464,19387,83,33,79,16,0,0,0,0,0,0,0,-32287,0,0,0,0,0,2816143,0
2747061,11966,-398,3218,-930,-526,252,1443,-1739,219,0,-3360,19385,86,33,79,16,0,0,0,0,0,0,0,-32287,0,0,0,0,0,2816148,0
2747066,11740,-904,3438,-900,-310,165,1060,-1685,203,-5,-3232,19385,86,33,79,16,0,0,0,0,0,0,0,-32287,0,0,0,0,0,2816163,0
2747071,11698,-1190,3514,-834,-21,106,686,-1632,185,-11,-3080,19384,77,33,79,16,0,0,0,0,0,0,0,-32286,0,0,0,0,0,2816168,0
2747076,10960,-1384,3670,-923,722,40,324,-1588,173,-10,-2952,19384,77,33,79,16,0,0,0,0,0,0,0,-32286,0,0,0,0,0,2816183,0
2747081,10128,-1578,3342,-971,1037,12,-25,-1536,329,-9,-2832,19384,78,33,79,16,0,0,0,0,0,0,0,-32286,0,0,0,0,0,2816188,0
2747086,9812,-2160,2914,-989,1273,-14,-356,-1457,337,-10,-2640,19384,78,33,79,16,0,0,0,0,0,0,0,-32286,0,0,0,0,0,2816203,0
2747091,9136,-2348,2382,-918,1449,-10,-672,-1378,276,-8,-2472,19388,81,33,79,16,0,0,0,0,0,0,0,-32287,0,0,0,0,0,2816208,0
2747096,7876,-2664,1314,-796,1614,2,-970,-1303,150,-1,-2304,19388,81,33,79,16,0,0,0,0,0,0,0,-32286,0,0,0,0,0,2816223,0
2747101,7564,-2816,940,-823,1667,59,-1245,-1202,178,4,-2104,19388,75,33,79,16,0,0,0,0,0,0,0,-32286,0,0,0,0,0,2816228,0
2747106,6946,-2676,386,-874,1664,94,-1500,-1113,286,1,-1896,19388,75,33,79,16,0,0,0,0,0,0,0,-32287,0,0,0,0,0,2816243,0
2747111,6694,-2976,8,-1004,1623,173,-1735,-1017,306,-9,-1688,19388,71,33,79,16,0,0,0,0,0,0,0,-32286,0,0,0,0,0,2816248,0
2747116,6256,-2992,-362,-1008,1413,200,-1948,-928,314,-3,-1496,19388,71,33,79,16,0,0,0,0,0,0,0,-32287,0,0,0,0,0,2816263,0
2747121,6014,-2872,-504,-876,1218,190,-2140,-843,316,0,-1320,19389,69,33,79,16,0,0,0,0,0,0,0,-32286,0,0,0,0,0,2816268,0
2747126,6092,-2654,-686,-776,1000,184,-2314,-759,317,-2,-1128,19389,69,33,79,16,0,0,0,0,0,0,0,-32286,0,0,0,0,0,2816283,0
2747131,6272,-2338,-710,-782,842,177,-2470,-688,307,3,-1000,19389,66,33,79,16,0,0,0,0,0,0,0,-32286,0,0,0,0,0,2816288,0
2747136,6468,-1938,-370,-1016,694,200,-2612,-616,284,0,-848,19389,66,33,79,16,0,0,0,0,0,0,0,-32287,0,0,0,0,0,2816303,0
2747141,6528,-1950,-110,-1126,651,211,-2742,-576,252,-1,-736,19388,72,33,79,16,0,0,0,0,0,0,0,-32286,0,0,0,0,0,2816308,0
2747146,6748,-2070,132,-1217,620,230,-2861,-514,225,3,-584,19388,72,33,79,16,0,0,0,0,0,0,0,-32286,0,0,0,0,0,2816323,0
2747151,6846,-2164,474,-1274,653,240,-2965,-460,199,8,-464,19389,60,33,79,16,0,0,0,0,0,0,0,-32286,0,0,0,0,0,2816328,0
2747156,7140,-2210,1174,-1344,778,256,-3060,-414,187,7,-384,19389,60,33,79,16,0,0,0,0,0,0,0,-32286,0,0,0,0,0,2816343,0
2747161,7330,-2266,1338,-1370,850,280,-3145,-379,178,-4,-320,19388,63,33,79,16,0,0,0,0,0,0,0,-32287,0,0,0,0,0,2816348,0
2747166,7408,-2170,1530,-1375,915,257,-3222,-331,164,-14,-216,19388,63,33,79,16,0,0,0,0,0,0,0,-32286,0,0,0,0,0,2816363,0
2747171,7586,-2432,1530,-1336,1000,262,-3285,-275,158,-13,-136,19389,59,33,79,16,0,0,0,0,0,0,0,-32286,0,0,0,0,0,2816368,0
2747176,7412,-2190,1548,-1140,1059,194,-3335,-212,160,3,-80,19389,59,33,79,16,0,0,0,0,0,0,0,-32286,0,0,0,0,0,2816383,0
2747181,7490,-2000,1326,-1125,1102,206,-3370,-152,186,15,-64,19391,57,33,79,16,0,0,0,0,0,0,0,-32286,0,0,0,0,0,2816388,0
2747186,7302,-1618,1178,-1172,1101,165,-3397,-111,198,5,-40,19391,57,33,79,16,0,0,0,0,0,0,0,-32287,0,0,0,0,0,2816403,0
2747191,7296,-1718,920,-1187,1138,135,-3415,-78,185,0,-40,19392,56,33,79,16,0,0,0,0,0,0,0,-32286,0,0,0,0,0,2816408,0
2747196,6682,-1722,678,-1270,1092,125,-3431,-72,155,5,-40,19392,56,33,79,16,0,0,0,0,0,0,0,-32286,0,0,0,0,0,2816423,0
2747201,6574,-1666,560,-1260,1052,97,-3448,-72,97,0,-24,19395,61,33,79,16,0,0,0,0,0,0,0,-32286,0,0,0,0,0,2816428,0
2747206,6308,-1614,506,-1250,1013,62,-3455,-22,70,-5,0,19395,61,33,79,16,0,0,0,0,0,0,0,-32287,0,0,0,0,0,2816443,0
2747211,6102,-1690,446,-1257,976,56,-3452,16,73,-3,0,19393,63,33,79,16,0,0,0,0,0,0,0,-32287,0,0,0,0,0,2816448,0
2747216,5568,-1784,400,-1348,922,73,-3448,15,83,1,0,19393,63,33,79,16,0,0,0,0,0,0,0,-32287,0,0,0,0,0,2816463,0
2747221,5416,-1754,450,-1347,897,48,-3448,1,77,2,0,19391,76,33,79,16,0,0,0,0,0,0,0,-32286,0,0,0,0,0,2816468,0
2747226,5412,-1942,446,-1282,884,35,-3449,1,44,0,-8,19391,76,33,79,16,0,0,0,0,0,0,0,-32286,0,0,0,0,0,2816482,0
2747231,5236,-1970,480,-1236,847,32,-3448,2,2,1,0,19387,72,33,79,16,0,0,0,0,0,0,0,-32287,0,0,0,0,0,2816487,0
2747236,5102,-1922,480,-1328,905,75,-3448,-1,-15,1,-8,19387,72,33,79,16,0,0,0,0,0,0,0,-32286,0,0,0,0,0,2816505,0
2747241,4990,-2004,532,-1384,943,97,-3448,-2,-11,1,-8,19387,71,33,79,16,0,0,0,0,0,0,0,-32286,0,0,0,0,0,2816510,0
2747246,4996,-2224,540,-1368,959,110,-3447,3,-1,0,0,19387,71,33,79,16,0,0,0,0,0,0,0,-32286,0,0,0,0,0,2816525,0
2747251,4998,-2370,540,-1308,946,125,-3447,0,3,0,-8,19387,74,33,79,16,0,0,0,0,0,0,0,-32286,0,0,0,0,0,2816530,0
2747256,5148,-2376,498,-1158,864,143,-3445,2,6,2,0,19387,74,33,79,16,0,0,0,0,0,0,0,-32286,0,0,0,0,0,2816545,0
2747261,5254,-2170,526,-1097,814,122,-3446,-1,-3,1,-8,19388,77,33,79,16,0,0,0,0,0,0,0,-32286,0,0,0,0,0,2816550,0
2747266,5430,-2240,448,-1040,760,130,-3446,-6,0,0,-8,19388,77,33,79,16,0,0,0,0,0,0,0,-32287,0,0,0,0,0,2816565,0
2747271,5406,-2142,392,-1046,726,128,-3445,10,-3,-1,0,19387,75,33,79,16,0,0,0,0,0,0,0,-32286,0,0,0,0,0,2816570,0
2747276,5618,-2300,366,-1080,669,163,-3445,1,-1,-1,0,19387,75,33,79,16,0,0,0,0,0,0,0,-32287,0,0,0,0,0,2816585,0
2747281,5646,-2270,466,-1052,606,152,-3446,-2,1,0,0,19388,63,33,79,16,0,0,0,0,0,0,0,-32287,0,0,0,0,0,2816590,0
2747286,5902,-2518,454,-982,540,163,-3444,4,0,0,0,19388,63,33,79,16,0,0,0,0,0,0,0,-32286,0,0,0,0,0,2816605,0
2747291,5822,-2396,422,-988,459,164,-3443,8,1,0,0,19394,66,33,79,16,0,0,0,0,0,0,0,-32286,0,0,0,0,0,2816610,0
2747296,6106,-2380,402,-1001,382,186,-3443,7,0,0,0,19394,66,33,79,16,0,0,0,0,0,0,0,-32286,0,0,0,0,0,2816625,0
2747301,6184,-2382,450,-964,286,167,-3442,2,1,2,-8,19401,69,33,79,16,0,0,0,0,0,0,0,-32286,0,0,0,0,0,2816630,0
2747306,6360,-2618,374,-919,219,159,-3442,0,-2,1,-8,19401,69,33,79,16,0,0,0,0,0,0,0,-32287,0,0,0,0,0,2816645,0
2747311,6356,-2542,440,-906,162,174,-3443,0,-2,0,0,19403,63,33,79,16,0,0,0,0,0,0,0,-32287,0,0,0,0,0,2816650,0
2747316,6530,-2570,566,-929,93,187,-3442,3,-4,-1,-8,19403,63,33,79,16,0,0,0,0,0,0,0,-32287,0,0,0,0,0,2816665,0
2747321,6644,-2738,586,-910,55,183,-3442,2,-3,-1,0,19397,58,33,79,16,0,0,0,0,0,0,0,-32286,0,0,0,0,0,2816670,0
2747326,6636,-2776,624,-856,-5,184,-3441,1,3,0,-8,19397,58,33,79,16,0,0,0,0,0,0,0,-32287,0,0,0,0,0,2816685,0
2747331,6730,-2786,652,-799,-60,191,-3440,0,1,2,0,19391,61,33,79,16,0,0,0,0,0,0,0,-32287,0,0,0,0,0,2816690,0
2747336,6868,-2838,778,-750,-128,185,-3440,0,-4,1,-8,19391,61,33,79,16,0,0,0,0,0,0,0,-32287,0,0,0,0,0,2816705,0
2747341,7032,-2944,834,-726,-136,195,-3439,5,-3,0,0,19389,64,33,79,16,0,0,0,0,0,0,0,-32287,0,0,0,0,0,2816710,0
2747346,7058,-2992,974,-694,-169,195,-3441,0,-3,1,-8,19389,64,33,79,16,0,0,0,0,0,0,0,-32286,0,0,0,0,0,2816725,0
2747351,7272,-3134,1032,-634,-188,204,-3439,2,-3,0,-8,19390,69,33,79,16,0,0,0,0,0,0,0,-32286,0,0,0,0,0,2816730,0
2747356,7560,-3172,1140,-556,-226,194,-3440,-3,-4,0,-8,19390,69,33,79,16,0,0,0,0,0,0,0,-32287,0,0,0,0,0,2816745,0
2747361,7810,-3218,1164,-516,-222,192,-3439,0,-1,2,-8,19390,61,33,79,16,0,0,0,0,0,0,0,-32286,0,0,0,0,0,2816750,0
2747366,7916,-3152,1268,-490,-216,187,-3440,-1,-4,0,-8,19390,61,33,79,16,0,0,0,0,0,0,0,-32286,0,0,0,0,0,2816765,0
2747371,8170,-3118,1290,-448,-199,190,-3441,-8,0,0,0,19389,64,33,79,16,0,0,0,0,0,0,0,-32286,0,0,0,0,0,2816770,0
2747376,8446,-3136,1386,-393,-144,160,-3440,0,2,0,0,19389,64,33,79,16,0,0,0,0,0,0,0,-32286,0,0,0,0,0,2816785,0
2747381,8616,-3222,1340,-347,-106,150,-3439,-3,-4,0,0,19388,64,34,79,16,0,0,0,0,0,0,0,-32288,0,0,0,0,0,2816790,0
2747386,8654,-3212,1396,-281,-101,146,-3439,1,3,1,-8,19388,64,34,79,16,0,0,0,0,0,0,0,-32287,0,0,0,0,0,2816805,0
2747391,8820,-3186,1436,-220,-76,129,-3439,0,0,1,-8,19388,69,34,79,16,0,0,0,0,0,0,0,-32286,0,0,0,0,0,2816810,0
2747396,9036,-3076,1454,-176,-6,95,-3440,0,1,0,0,19388,69,34,79,16,0,0,0,0,0,0,0,-32286,0,0,0,0,0,2816825,0
2747401,9038,-2958,1440,-188,18,105,-3440,-2,-4,2,-8,19389,76,33,79,16,0,0,0,0,0,0,0,-32287,0,0,0,0,0,2816830,0
2747406,9114,-2974,1418,-191,40,100,-3441,5,-1,1,-8,19389,76,33,79,16,0,0,0,0,0,0,0,-32286,0,0,0,0,0,2816845,0
2747411,9058,-2986,1458,-184,48,89,-3440,0,2,1,-8,19392,80,33,79,16,0,0,0,0,0,0,0,-32287,0,0,0,0,0,2816850,0
2747416,9126,-3016,1596,-100,94,82,-3438,5,1,0,-8,19392,80,33,79,16,0,0,0,0,0,0,0,-32286,0,0,0,0,0,2816865,0
2747421,9120,-2812,1738,-54,126,78,-3440,-1,2,0,-8,19391,75,33,79,16,0,0,0,0,0,0,0,-32287,0,0,0,0,0,2816870,0
2747426,9120,-2696,1816,-41,180,76,-3439,2,-1,-1,-8,19391,75,33,79,16,0,0,0,0,0,0,0,-32287,0,0,0,0,0,2816885,0
2747431,9010,-2606,1844,-50,227,73,-3439,1,-5,1,0,19391,66,33,79,16,0,0,0,0,0,0,0,-32287,0,0,0,0,0,2816890,0
2747436,9180,-2268,1858,48,375,56,-3440,2,1,0,-8,19391,66,33,79,16,0,0,0,0,0,0,0,-32286,0,0,0,0,0,2816905,0
2747441,9032,-1926,1946,69,469,32,-3440,-1,0,1,0,19391,64,33,79,16,0,0,0,0,0,0,0,-32286,0,0,0,0,0,2816910,0
2747446,8910,-1748,1892,23,564,21,-3440,-1,-1,2,0,19391,64,33,79,16,0,0,0,0,0,0,0,-32287,0,0,0,0,0,2816925,0
2747451,8674,-1608,1710,-23,611,27,-3439,3,-3,1,-8,19388,63,33,79,16,0,0,0,0,0,0,0,-32286,0,0,0,0,0,2816930,0
2747456,8630,-1164,1538,23,709,-11,-3441,0,0,1,-8,19388,63,33,79,16,0,0,0,0,0,0,0,-32286,0,0,0,0,0,2816944,0
2747461,8390,-956,1498,-48,756,3,-3440,-3,3,1,0,19388,63,33,79,16,0,0,0,0,0,0,0,-32287,0,0,0,0,0,2816949,0
2747466,8284,-776,1460,-153,792,-3,-3440,0,-4,1,-8,19388,63,33,79,16,0,0,0,0,0,0,0,-32287,0,0,0,0,0,2816964,0
2747471,8164,-688,1382,-281,821,27,-3439,4,1,0,-8,19389,64,33,79,16,0,0,0,0,0,0,0,-32287,0,0,0,0,0,2816969,0
2747476,7906,-494,1386,-459,790,60,-3437,12,3,-2,0,19389,64,33,79,16,0,0,0,0,0,0,0,-32287,0,0,0,0,0,2816984,0
2747481,7792,-320,1364,-546,733,59,-3437,9,3,0,8,19390,66,33,79,16,0,0,0,0,0,0,0,-32286,0,0,0,0,0,2816989,0
2747486,7828,-84,1242,-582,638,33,-3433,20,14,0,0,19390,66,33,79,16,0,0,0,0,0,0,0,-32287,0,0,0,0,0,2817004,0
2747491,8006,246,1206,-656,587,13,-3430,16,12,2,0,19389,63,33,79,16,0,0,0,0,0,0,0,-32287,0,0,0,0,0,2817009,0
2747496,8280,386,1514,-820,450,-69,-3427,17,8,2,0,19389,63,33,79,16,0,0,0,0,0,0,0,-32286,0,0,0,0,0,2817024,0
2747501,8582,228,1566,-853,352,-123,-3428,4,-4,1,0,19387,63,33,79,16,0,0,0,0,0,0,0,-32286,0,0,0,0,0,2817029,0
2747506,9000,198,1664,-939,277,-159,-3427,6,-10,1,0,19387,63,33,79,16,0,0,0,0,0,0,0,-32286,0,0,0,0,0,2817044,0
2747511,9598,206,1754,-1157,351,-147,-3424,14,-6,-1,8,19385,56,33,79,16,0,0,0,0,0,0,0,-32286,0,0,0,0,0,2817049,0
2747516,10666,-902,2546,-1820,797,-18,-3415,44,12,-4,24,19385,56,33,79,16,0,0,0,0,0,0,0,-32287,0,0,0,0,0,2817064,0
2747521,11128,-2316,2844,-2227,1109,142,-3391,116,49,-12,88,19385,67,33,79,16,0,0,0,0,0,0,0,-32287,0,0,0,0,0,2817069,0
2747526,11474,-3358,3168,-2345,1286,184,-3338,250,140,-21,248,19385,67,33,79,16,0,0,0,0,0,0,0,-32287,0,0,0,0,0,2817084,0
2747531,12258,-5046,3048,-2036,1270,135,-3245,425,274,-28,584,19387,67,33,79,16,0,0,0,0,0,0,0,-32286,0,0,0,0,0,2817089,0
2747536,12754,-6392,1646,-1089,664,-61,-3113,589,411,-33,1064,19387,67,33,79,16,0,0,0,0,0,0,0,-32286,0,0,0,0,0,2817104,0
2747541,12688,-5988,1034,-824,452,-177,-2949,739,513,1,1376,19390,67,33,79,16,0,0,0,0,0,0,0,-32286,0,0,0,0,0,2817109,0
2747546,12214,-5360,690,-743,298,-287,-2756,866,538,0,1632,19390,67,33,79,16,0,0,0,0,0,0,0,-32287,0,0,0,0,0,2817124,0
2747551,11656,-5178,542,-740,167,-416,-2537,977,510,8,1848,19390,69,33,79,16,0,0,0,0,0,0,0,-32286,0,0,0,0,0,2817129,0
2747556,10354,-5850,1006,-606,-17,-620,-2302,1048,446,7,1984,19390,69,33,79,16,0,0,0,0,0,0,0,-32286,0,0,0,0,0,2817144,0
2747561,9640,-6432,1268,-479,-46,-696,-2049,1117,377,3,2112,19393,71,33,79,16,0,0,0,0,0,0,0,-32286,0,0,0,0,0,2817149,0
2747566,8750,-6864,1350,-364,-117,-758,-1786,1161,299,6,2192,19393,71,33,79,16,0,0,0,0,0,0,0,-32286,0,0,0,0,0,2817164,0
2747571,8090,-7248,1314,-221,-196,-793,-1517,1182,234,6,2216,19393,65,33,79,16,0,0,0,0,0,0,0,-32286,0,0,0,0,0,2817169,0
2747576,6750,-7866,1198,155,-401,-815,-1240,1220,169,2,2272,19393,65,33,79,16,0,0,0,0,0,0,0,-32287,0,0,0,0,0,2817184,0
2747581,6218,-8002,1026,248,-480,-770,-965,1215,119,13,2232,19393,64,33,79,16,0,0,0,0,0,0,0,-32286,0,0,0,0,0,2817189,0
2747586,5874,-7720,1016,309,-446,-678,-688,1220,77,7,2216,19393,64,33,79,16,0,0,0,0,0,0,0,-32286,0,0,0,0,0,2817204,0
2747591,4898,-7960,1290,390,-517,-600,-414,1205,29,10,2168,19392,70,33,79,16,0,0,0,0,0,0,0,-32286,0,0,0,0,0,2817209,0
2747596,4676,-7462,902,603,-561,-407,-145,1174,0,10,2080,19392,70,33,79,16,0,0,0,0,0,0,0,-32287,0,0,0,0,0,2817224,0
2747601,4442,-6766,772,615,-502,-344,115,1157,-42,5,2024,19392,69,33,79,16,0,0,0,0,0,0,0,-32287,0,0,0,0,0,2817229,0
2747606,4368,-6246,614,635,-386,-269,366,1102,-75,4,1912,19392,69,33,79,16,0,0,0,0,0,0,0,-32287,0,0,0,0,0,2817244,0
2747611,4050,-5732,580,680,-340,-246,608,1062,-112,3,1816,19388,69,33,79,16,0,0,0,0,0,0,0,-32287,0,0,0,0,0,2817249,0
2747616,3768,-4980,54,950,-396,-203,836,994,-138,5,1664,19388,69,33,79,16,0,0,0,0,0,0,0,-32287,0,0,0,0,0,2817264,0
2747621,3638,-4352,-196,1035,-444,-184,1049,936,-159,0,1536,19389,66,33,79,16,0,0,0,0,0,0,0,-32286,0,0,0,0,0,2817269,0
2747626,3704,-3750,-592,977,-439,-146,1247,861,-197,5,1376,19389,66,33,79,16,0,0,0,0,0,0,0,-32286,0,0,0,0,0,2817284,0
2747631,3748,-3114,-532,823,-429,-113,1428,788,-219,1,1216,19389,69,33,79,16,0,0,0,0,0,0,0,-32286,0,0,0,0,0,2817289,0
2747636,3866,-2816,-426,489,-325,-31,1594,719,-236,3,1064,19389,69,33,79,16,0,0,0,0,0,0,0,-32286,0,0,0,0,0,2817304,0
2747641,4106,-2880,-402,479,-290,-21,1741,637,-246,6,888,19391,68,33,79,16,0,0,0,0,0,0,0,-32286,0,0,0,0,0,2817309,0
2747646,4286,-3040,-292,490,-268,22,1876,582,-246,-2,776,19391,68,33,79,16,0,0,0,0,0,0,0,-32286,0,0,0,0,0,2817324,0
2747651,4382,-3078,-156,407,-230,110,1995,515,-241,9,552,19392,62,33,79,16,0,0,0,0,0,0,0,-32286,0,0,0,0,0,2817329,0
2747656,5058,-3086,48,269,-180,212,2097,442,-236,-5,400,19392,62,33,79,16,0,0,0,0,0,0,0,-32287,0,0,0,0,0,2817344,0
2747661,5204,-3082,144,273,-229,265,2185,384,-238,-7,336,19390,66,33,79,16,0,0,0,0,0,0,0,-32286,0,0,0,0,0,2817349,0
2747666,5590,-3216,240,315,-289,312,2263,342,-221,4,272,19390,66,33,79,16,0,0,0,0,0,0,0,-32286,0,0,0,0,0,2817363,0
2747671,5892,-3636,274,130,-214,496,2335,311,-199,7,208,19390,72,33,79,16,0,0,0,0,0,0,0,-32287,0,0,0,0,0,2817369,0
2747676,6800,-3478,614,-154,-162,600,2397,264,-164,11,136,19390,72,33,79,16,0,0,0,0,0,0,0,-32286,0,0,0,0,0,2817383,0
2747681,6924,-3776,842,-116,-206,635,2451,235,-140,-9,120,19390,74,33,79,16,0,0,0,0,0,0,0,-32286,0,0,0,0,0,2817388,0
2747686,7286,-4014,980,28,-330,631,2501,221,-123,-8,112,19390,74,33,79,16,0,0,0,0,0,0,0,-32286,0,0,0,0,0,2817403,0
2747691,7666,-3842,952,148,-404,573,2548,205,-100,-2,96,19390,67,33,79,16,0,0,0,0,0,0,0,-32286,0,0,0,0,0,2817408,0
2747696,8134,-3294,684,124,-525,497,2593,192,-81,-1,96,19390,67,33,79,16,0,0,0,0,0,0,0,-32287,0,0,0,0,0,2817423,0
2747701,8352,-3274,516,1,-494,459,2641,205,-40,-2,112,19390,64,33,79,16,0,0,0,0,0,0,0,-32286,0,0,0,0,0,2817428,0
2747706,8246,-3164,504,-57,-530,412,2689,212,-14,1,104,19390,64,33,79,16,0,0,0,0,0,0,0,-32286,0,0,0,0,0,2817443,0
2747711,8176,-3168,380,-62,-540,303,2740,234,9,0,128,19390,63,33,79,16,0,0,0,0,0,0,0,-32286,0,0,0,0,0,2817448,0
2747716,7766,-3260,304,32,-549,167,2793,233,24,0,128,19390,63,33,79,16,0,0,0,0,0,0,0,-32286,0,0,0,0,0,2817463,0
2747721,7634,-3210,202,56,-546,65,2843,211,21,-1,120,19390,66,33,79,16,0,0,0,0,0,0,0,-32287,0,0,0,0,0,2817468,0
2747726,7486,-3262,142,93,-573,3,2893,218,11,-4,136,19390,66,33,79,16,0,0,0,0,0,0,0,-32286,0,0,0,0,0,2817483,0
2747731,7224,-3102,124,128,-603,-90,2948,234,7,-2,128,19390,62,33,79,16,0,0,0,0,0,0,0,-32286,0,0,0,0,0,2817488,0
2747736,6740,-3388,-6,77,-654,-159,3004,247,9,3,144,19390,62,33,79,16,0,0,0,0,0,0,0,-32286,0,0,0,0,0,2817503,0
2747741,6572,-3344,-50,74,-689,-208,3062,254,23,-7,184,19390,62,33,79,16,0,0,0,0,0,0,0,-32287,0,0,0,0,0,2817508,0
2747746,6480,-3554,-126,69,-706,-225,3127,287,45,-3,208,19390,62,33,79,16,0,0,0,0,0,0,0,-32287,0,0,0,0,0,2817523,0
2747751,6304,-3732,-134,82,-750,-231,3202,332,60,-3,296,19389,58,33,79,16,0,0,0,0,0,0,0,-32286,0,0,0,0,0,2817528,0
2747756,6140,-3982,-122,253,-849,-236,3281,351,89,-5,328,19389,58,33,79,16,0,0,0,0,0,0,0,-32287,0,0,0,0,0,2817543,0
2747761,6140,-3926,-68,342,-906,-251,3367,380,101,-3,360,19389,68,33,79,16,0,0,0,0,0,0,0,-32286,0,0,0,0,0,2817548,0
2747766,6342,-3836,-88,434,-942,-239,3456,400,99,-2,408,19389,68,33,79,16,0,0,0,0,0,0,0,-32286,0,0,0,0,0,2817563,0
2747771,6484,-3586,16,501,-979,-253,3548,411,82,-7,440,19389,69,33,79,16,0,0,0,0,0,0,0,-32286,0,0,0,0,0,2817568,0
2747776,7102,-3118,146,657,-1006,-264,3646,434,69,-10,504,19389,69,33,79,16,0,0,0,0,0,0,0,-32286,0,0,0,0,0,2817583,0
2747781,7240,-3034,274,687,-1004,-238,3749,445,66,-2,512,19388,71,33,79,16,0,0,0,0,0,0,0,-32286,0,0,0,0,0,2817588,0
2747786,7326,-3022,402,660,-972,-225,3852,456,62,0,544,19388,71,33,79,16,0,0,0,0,0,0,0,-32286,0,0,0,0,0,2817603,0
2747791,7594,-2884,496,632,-913,-198,3951,441,42,3,496,19388,65,33,79,16,0,0,0,0,0,0,0,-32286,0,0,0,0,0,2817616,0
2747796,7792,-2702,784,602,-772,-146,4051,446,18,-5,504,19388,65,33,79,16,0,0,0,0,0,0,0,-32286,0,0,0,0,0,2817623,0
2747801,7800,-2770,834,632,-682,-120,4155,458,0,-4,544,19388,65,33,79,16,0,0,0,0,0,0,0,-32286,0,0,0,0,0,2817628,0
2747806,7812,-2756,884,632,-592,-81,4253,437,2,6,472,19388,65,33,79,16,0,0,0,0,0,0,0,-32286,0,0,0,0,0,2817643,0
2747811,7790,-2526,920,612,-523,-65,4348,415,-8,7,432,19388,68,33,79,16,0,0,0,0,0,0,0,-32287,0,0,0,0,0,2817648,0
2747816,7622,-2384,782,551,-356,29,4440,397,-33,3,400,19388,68,33,79,16,0,0,0,0,0,0,0,-32286,0,0,0,0,0,2817663,0
2747821,7544,-2508,658,543,-297,67,4531,398,-41,-2,416,19388,62,33,79,16,0,0,0,0,0,0,0,-32287,0,0,0,0,0,2817668,0
2747826,7352,-2480,584,549,-281,93,4622,396,-40,-2,400,19388,62,33,79,16,0,0,0,0,0,0,0,-32286,0,0,0,0,0,2817683,0
2747831,7268,-2618,386,519,-243,142,4709,371,-33,14,320,19391,62,33,79,16,0,0,0,0,0,0,0,-32287,0,0,0,0,0,2817688,0
2747836,7024,-2542,164,435,-234,201,4789,350,-33,10,280,19391,62,33,79,16,0,0,0,0,0,0,0,-32287,0,0,0,0,0,2817703,0
2747841,6894,-2504,124,402,-252,230,4867,342,-48,3,272,19392,65,33,79,16,0,0,0,0,0,0,0,-32286,0,0,0,0,0,2817708,0
2747846,6918,-2548,84,396,-263,252,4943,340,-59,0,264,19392,65,33,79,16,0,0,0,0,0,0,0,-32286,0,0,0,0,0,2817723,0
2747851,6828,-2622,48,378,-299,265,5019,334,-47,0,264,19393,64,33,79,16,0,0,0,0,0,0,0,-32286,0,0,0,0,0,2817728,0
2747856,6820,-2676,-18,361,-336,320,5093,317,-30,5,208,19393,64,33,79,16,0,0,0,0,0,0,0,-32286,0,0,0,0,0,2817743,0
2747861,6768,-2576,56,294,-356,316,5159,293,-26,7,176,19391,69,33,79,16,0,0,0,0,0,0,0,-32286,0,0,0,0,0,2817748,0
2747866,7010,-2638,-4,264,-346,321,5222,274,-44,-1,152,19391,69,33,79,16,0,0,0,0,0,0,0,-32286,0,0,0,0,0,2817763,0
2747871,7020,-2764,16,246,-325,341,5282,262,-64,-5,136,19388,62,33,79,16,0,0,0,0,0,0,0,-32286,0,0,0,0,0,2817768,0
2747876,6894,-2738,238,210,-328,343,5338,246,-68,-7,144,19388,62,33,79,16,0,0,0,0,0,0,0,-32286,0,0,0,0,0,2817783,0
2747881,7060,-2770,240,208,-282,342,5393,241,-52,-11,144,19387,70,33,79,16,0,0,0,0,0,0,0,-32286,0,0,0,0,0,2817788,0
2747886,6930,-2912,306,203,-276,361,5447,236,-37,-4,136,19387,70,33,79,16,0,0,0,0,0,0,0,-32286,0,0,0,0,0,2817803,0
2747891,6946,-2866,316,237,-308,336,5505,247,-23,1,136,19388,72,33,79,16,0,0,0,0,0,0,0,-32286,0,0,0,0,0,2817808,0
2747896,7072,-2938,318,266,-267,358,5556,225,-11,3,104,19388,72,33,79,16,0,0,0,0,0,0,0,-32286,0,0,0,0,0,2817823,0
2747901,7040,-2724,404,242,-267,345,5606,217,-13,0,112,19388,71,33,79,16,0,0,0,0,0,0,0,-32286,0,0,0,0,0,2817828,0
2747906,7240,-2640,382,235,-214,317,5654,211,-26,-7,128,19388,71,33,79,16,0,0,0,0,0,0,0,-32287,0,0,0,0,0,2817843,0
2747911,7240,-2756,424,250,-195,320,5701,199,-30,1,96,19388,70,33,79,16,0,0,0,0,0,0,0,-32286,0,0,0,0,0,2817848,0
2747916,7460,-2774,406,308,-134,291,5746,191,-34,3,80,19388,70,33,79,16,0,0,0,0,0,0,0,-32286,0,0,0,0,0,2817863,0
2747921,7370,-2496,532,352,-142,232,5789,192,-26,-3,104,19387,65,33,79,16,0,0,0,0,0,0,0,-32286,0,0,0,0,0,2817868,0
2747926,7588,-2658,374,353,-80,216,5835,203,-16,-1,112,19387,65,33,79,16,0,0,0,0,0,0,0,-32286,0,0,0,0,0,2817884,0
2747931,7452,-2532,456,366,-74,192,5884,207,-4,2,112,19387,62,33,79,16,0,0,0,0,0,0,0,-32286,0,0,0,0,0,2817889,0
2747936,7680,-2624,332,454,-65,143,5935,228,22,-2,136,19387,62,33,79,16,0,0,0,0,0,0,0,-32287,0,0,0,0,0,2817902,0
2747941,7374,-2358,350,448,-45,116,5993,255,41,3,152,19391,65,33,79,16,0,0,0,0,0,0,0,-32286,0,0,0,0,0,2817907,0
2747946,7560,-2590,216,419,4,112,6047,244,45,2,152,19391,65,33,79,16,0,0,0,0,0,0,0,-32287,0,0,0,0,0,2817922,0
2747951,7432,-2650,188,388,-17,130,6106,256,36,-4,168,19390,64,33,79,16,0,0,0,0,0,0,0,-32287,0,0,0,0,0,2817927,0
2747956,7350,-2204,222,287,99,95,6165,258,31,0,168,19390,64,33,79,16,0,0,0,0,0,0,0,-32286,0,0,0,0,0,2817942,0
2747961,7184,-2876,160,376,39,102,6226,264,23,-3,184,19392,64,33,79,16,0,0,0,0,0,0,0,-32286,0,0,0,0,0,2817947,0
2747966,7198,-3010,120,487,11,116,6295,300,32,-3,248,19392,64,33,79,16,0,0,0,0,0,0,0,-32286,0,0,0,0,0,2817962,0
2747971,7230,-2616,278,551,-7,87,6371,342,56,-2,296,19390,59,33,79,16,0,0,0,0,0,0,0,-32286,0,0,0,0,0,2817967,0
2747976,7258,-2488,226,609,-26,30,6441,381,91,-7,368,19390,59,33,79,16,0,0,0,0,0,0,0,-32286,0,0,0,0,0,2817982,0
2747981,7228,-2528,114,663,-44,13,6527,393,105,2,392,19390,60,33,79,16,0,0,0,0,0,0,0,-32286,0,0,0,0,0,2817987,0
2747986,7288,-2566,12,737,-49,1,6617,395,102,-5,400,19390,60,33,79,16,0,0,0,0,0,0,0,-32286,0,0,0,0,0,2818002,0
2747991,7040,-2522,112,737,-65,-15,6711,407,78,-4,440,19391,52,33,79,16,0,0,0,0,0,0,0,-32286,0,0,0,0,0,2818007,0
2747996,7318,-2422,106,824,-20,-53,6808,431,54,-10,512,19391,52,33,79,16,0,0,0,0,0,0,0,-32286,0,0,0,0,0,2818022,0
2748001,7324,-2482,144,868,-19,-32,6913,458,54,-1,552,19393,64,33,79,16,0,0,0,0,0,0,0,-32286,0,0,0,0,0,2818027,0
2748006,7348,-2584,180,863,-20,-24,7018,460,59,6,544,19393,64,33,79,16,0,0,0,0,0,0,0,-32287,0,0,0,0,0,2818042,0
2748011,7480,-2594,230,853,-3,-37,7121,452,48,0,520,19391,66,33,79,16,0,0,0,0,0,0,0,-32286,0,0,0,0,0,2818047,0
2748016,7642,-2280,392,882,53,-67,7226,464,27,-5,584,19391,66,33,79,16,0,0,0,0,0,0,0,-32286,0,0,0,0,0,2818062,0
2748021,7644,-2368,488,881,79,-89,7333,476,13,0,600,19389,77,33,79,16,0,0,0,0,0,0,0,-32286,0,0,0,0,0,2818067,0
2748026,7770,-2364,392,876,114,-110,7438,461,11,11,544,19389,77,33,79,16,0,0,0,0,0,0,0,-32286,0,0,0,0,0,2818082,0
2748031,7776,-2234,372,857,146,-128,7542,447,9,3,504,19388,74,33,79,16,0,0,0,0,0,0,0,-32286,0,0,0,0,0,2818087,0
2748036,7856,-2362,390,856,201,-216,7646,461,-3,-3,552,19388,74,33,79,16,0,0,0,0,0,0,0,-32287,0,0,0,0,0,2818102,0
2748041,8054,-2322,410,891,207,-271,7753,473,-8,-6,584,19387,70,33,79,16,0,0,0,0,0,0,0,-32287,0,0,0,0,0,2818107,0
2748046,8072,-2428,368,954,211,-290,7862,476,11,0,584,19387,70,33,79,16,0,0,0,0,0,0,0,-32287,0,0,0,0,0,2818122,0
2748051,8038,-2448,354,980,186,-353,7972,486,28,1,608,19388,71,33,79,16,0,0,0,0,0,0,0,-32286,0,0,0,0,0,2818127,0
2748056,8210,-2330,308,1045,174,-421,8083,490,24,-1,632,19388,71,33,79,16,0,0,0,0,0,0,0,-32287,0,0,0,0,0,2818142,0
2748061,8210,-2352,298,1095,144,-479,8199,509,29,0,664,19387,71,33,79,16,0,0,0,0,0,0,0,-32286,0,0,0,0,0,2818147,0
2748066,8312,-2258,230,1157,139,-507,8319,530,41,7,704,19387,71,33,79,16,0,0,0,0,0,0,0,-32286,0,0,0,0,0,2818162,0
2748071,8278,-2188,210,1210,112,-556,8439,536,48,5,720,19386,76,33,79,16,0,0,0,0,0,0,0,-32286,0,0,0,0,0,2818167,0
2748076,8450,-1804,112,1245,103,-624,8561,540,43,-2,736,19386,76,33,79,16,0,0,0,0,0,0,0,-32287,0,0,0,0,0,2818182,0
2748081,8578,-1662,48,1289,109,-656,8685,553,-17,-2,768,19385,73,33,79,16,0,0,0,0,0,0,0,-32287,0,0,0,0,0,2818187,0
2748086,8508,-1610,6,1314,113,-673,8810,554,-28,0,752,19385,73,33,79,16,0,0,0,0,0,0,0,-32286,0,0,0,0,0,2818202,0
2748091,8542,-1418,-40,1328,79,-692,8937,552,-1,-1,752,19387,67,33,79,16,0,0,0,0,0,0,0,-32286,0,0,0,0,0,2818207,0
2748096,8704,-1044,-124,1325,60,-723,9060,541,-15,1,720,19387,67,33,79,16,0,0,0,0,0,0,0,-32287,0,0,0,0,0,2818222,0
2748101,8656,-860,-110,1326,44,-732,9186,557,28,-5,760,19388,56,33,79,16,0,0,0,0,0,0,0,-32286,0,0,0,0,0,2818227,0
2748106,8768,-806,-122,1278,36,-717,9308,538,44,2,712,19388,56,33,79,16,0,0,0,0,0,0,0,-32286,0,0,0,0,0,2818242,0
2748111,8794,-682,-86,1210,9,-696,9423,510,-24,0,632,19388,58,33,79,16,0,0,0,0,0,0,0,-32286,0,0,0,0,0,2818247,0
2748116,9144,-272,22,1065,17,-702,9537,496,-42,-8,632,19388,58,33,79,16,0,0,0,0,0,0,0,-32286,0,0,0,0,0,2818262,0
2748121,9302,-332,112,1005,29,-687,9647,489,-52,-9,592,19388,56,33,79,16,0,0,0,0,0,0,0,-32286,0,0,0,0,0,2818267,0
2748126,9326,-410,136,899,14,-659,9748,443,-61,8,464,19388,56,33,79,16,0,0,0,0,0,0,0,-32286,0,0,0,0,0,2818282,0
2748131,9382,-692,162,765,9,-632,9846,418,-76,0,432,19389,55,33,79,16,0,0,0,0,0,0,0,-32287,0,0,0,0,0,2818287,0
2748136,9468,-1556,126,640,19,-595,9937,403,-84,-1,416,19389,55,33,79,16,0,0,0,0,0,0,0,-32286,0,0,0,0,0,2818302,0
2748141,9690,-2016,102,674,8,-580,10025,389,-79,-2,384,19389,56,33,79,16,0,0,0,0,0,0,0,-32286,0,0,0,0,0,2818307,0
2748146,9710,-2406,140,704,-59,-583,10112,382,-78,7,328,19389,56,33,79,16,0,0,0,0,0,0,0,-32287,0,0,0,0,0,2818322,0
2748151,9914,-2820,106,680,-92,-563,10187,334,-66,17,248,19392,64,33,79,16,0,0,0,0,0,0,0,-32287,0,0,0,0,0,2818327,0
2748156,10122,-3254,76,511,-200,-495,10255,296,-76,5,176,19392,64,33,79,16,0,0,0,0,0,0,0,-32286,0,0,0,0,0,2818342,0
2748161,10116,-3350,174,403,-275,-485,10311,253,-110,1,120,19391,69,33,79,16,0,0,0,0,0,0,0,-32286,0,0,0,0,0,2818346,0
2748166,10302,-3576,286,342,-315,-495,10362,221,-131,-9,96,19391,69,33,79,16,0,0,0,0,0,0,0,-32286,0,0,0,0,0,2818361,0
2748171,10466,-3902,386,280,-299,-461,10403,179,-139,-2,72,19390,72,33,79,16,0,0,0,0,0,0,0,-32286,0,0,0,0,0,2818366,0
2748176,10012,-3958,742,58,-355,-359,10436,134,-131,-2,40,19390,72,33,79,16,0,0,0,0,0,0,0,-32286,0,0,0,0,0,2818381,0
2748181,9770,-3788,896,6,-408,-365,10459,100,-135,-3,48,19387,67,33,79,16,0,0,0,0,0,0,0,-32286,0,0,0,0,0,2818386,0
2748186,9790,-3862,936,-1,-441,-322,10480,88,-126,3,32,19387,67,33,79,16,0,0,0,0,0,0,0,-32286,0,0,0,0,0,2818401,0
2748191,9402,-3644,1152,-19,-496,-328,10488,31,-119,9,-8,19388,71,33,79,16,0,0,0,0,0,0,0,-32286,0,0,0,0,0,2818406,0
2748196,9612,-3514,1300,229,-680,-457,10488,-4,-123,4,0,19388,71,33,79,16,0,0,0,0,0,0,0,-32286,0,0,0,0,0,2818421,0
2748201,9644,-3496,1482,367,-731,-531,10487,-1,-112,0,-8,19391,81,33,79,16,0,0,0,0,0,0,0,-32286,0,0,0,0,0,2818426,0
2748206,9702,-3320,1612,366,-739,-575,10487,0,-89,0,0,19391,81,33,79,16,0,0,0,0,0,0,0,-32287,0,0,0,0,0,2818441,0
2748211,9804,-3200,1654,191,-677,-593,10485,-3,-53,0,-8,19389,73,33,79,16,0,0,0,0,0,0,0,-32286,0,0,0,0,0,2818446,0
2748216,9636,-3904,1490,-264,-588,-620,10482,-17,-14,0,-8,19389,73,33,79,16,0,0,0,0,0,0,0,-32287,0,0,0,0,0,2818461,0
2748221,9542,-4560,1586,-394,-525,-629,10483,-7,0,0,-8,19387,75,33,79,16,0,0,0,0,0,0,0,-32286,0,0,0,0,0,2818466,0
2748226,9086,-5224,1584,-431,-477,-616,10483,-1,-1,1,-8,19387,75,33,79,16,0,0,0,0,0,0,0,-32286,0,0,0,0,0,2818481,0
2748231,8596,-5662,1582,-332,-570,-632,10482,-3,5,1,0,19387,68,33,79,16,0,0,0,0,0,0,0,-32286,0,0,0,0,0,2818486,0
2748236,8052,-6002,1570,-440,-573,-528,10482,0,1,2,-8,19387,68,33,79,16,0,0,0,0,0,0,0,-32286,0,0,0,0,0,2818501,0
2748241,7336,-6208,1660,-547,-519,-466,10480,-7,3,2,-8,19387,68,33,79,16,0,0,0,0,0,0,0,-32286,0,0,0,0,0,2818509,0
2748246,6884,-6576,1790,-542,-439,-416,10479,-4,2,0,-8,19387,68,33,79,16,0,0,0,0,0,0,0,-32286,0,0,0,0,0,2818524,0
2748251,6990,-6656,1868,-248,-607,-552,10477,-9,-4,5,-24,19387,75,33,79,16,0,0,0,0,0,0,0,-32286,0,0,0,0,0,2818529,0
2748256,6842,-6972,2870,2397,-693,-1119,10458,-86,-33,13,-64,19387,75,33,79,16,0,0,0,0,0,0,0,-32286,0,0,0,0,0,2818544,0
2748261,6058,-6436,1820,2215,-993,-975,10424,-155,-90,13,-120,19387,67,33,79,16,0,0,0,0,0,0,0,-32286,0,0,0,0,0,2818549,0
2748266,6384,-4122,1906,1539,-778,-951,10363,-276,-177,16,-296,19387,67,33,79,16,0,0,0,0,0,0,0,-32286,0,0,0,0,0,2818564,0
2748271,6088,-4544,918,807,-556,-792,10272,-414,-274,29,-584,19388,64,33,79,16,0,0,0,0,0,0,0,-32286,0,0,0,0,0,2818569,0
2748276,5128,-6036,994,248,-542,-547,10145,-583,-386,41,-1096,19388,64,33,79,16,0,0,0,0,0,0,0,-32286,0,0,0,0,0,2818584,0
2748281,5002,-6674,1130,356,-575,-454,9974,-772,-470,15,-1528,19390,56,33,79,16,0,0,0,0,0,0,0,-32286,0,0,0,0,0,2818589,0
2748286,5208,-6654,1364,462,-511,-309,9764,-935,-547,1,-1872,19390,56,33,79,16,0,0,0,0,0,0,0,-32286,0,0,0,0,0,2818604,0
2748291,4884,-6598,1524,339,-397,-118,9513,-1127,-602,4,-2280,19390,60,33,79,16,0,0,0,0,0,0,0,-32287,0,0,0,0,0,2818609,0
2748296,5244,-6462,1260,62,-221,281,9221,-1302,-619,0,-2672,19390,60,33,79,16,0,0,0,0,0,0,0,-32287,0,0,0,0,0,2818624,0
2748301,5030,-6060,1230,-60,-194,421,8889,-1479,-626,0,-3016,19391,67,33,79,16,0,0,0,0,0,0,0,-32286,0,0,0,0,0,2818629,0
2748306,5514,-6194,916,-118,-155,603,8517,-1650,-615,-8,-3360,19391,67,33,79,16,0,0,0,0,0,0,0,-32286,0,0,0,0,0,2818644,0
2748311,5460,-5528,822,-93,-202,694,8116,-1796,-606,-12,-3624,19390,77,33,79,16,0,0,0,0,0,0,0,-32286,0,0,0,0,0,2818649,0
2748316,5766,-4608,410,-412,-174,969,7680,-1926,-565,-21,-3864,19390,77,33,79,16,0,0,0,0,0,0,0,-32286,0,0,0,0,0,2818664,0
2748321,6316,-4064,354,-539,-183,1025,7226,-2011,-508,-11,-4008,19388,82,33,79,16,0,0,0,0,0,0,0,-32286,0,0,0,0,0,2818669,0
2748326,6686,-3900,396,-649,-138,1108,6758,-2068,-432,-3,-4128,19388,82,33,79,16,0,0,0,0,0,0,0,-32286,0,0,0,0,0,2818684,0
2748331,6892,-3448,490,-763,-157,1145,6284,-2087,-323,-3,-4152,19387,83,33,79,16,0,0,0,0,0,0,0,-32286,0,0,0,0,0,2818689,0
2748336,7878,-2816,988,-833,-91,1143,5809,-2087,-206,-4,-4160,19387,83,33,79,16,0,0,0,0,0,0,0,-32286,0,0,0,0,0,2818704,0
2748341,8248,-2640,1254,-775,-101,1118,5333,-2091,-112,-11,-4136,19386,85,33,79,16,0,0,0,0,0,0,0,-32287,0,0,0,0,0,2818709,0
2748346,8634,-2106,1428,-687,-164,1019,4861,-2080,-45,-12,-4072,19386,85,33,79,16,0,0,0,0,0,0,0,-32286,0,0,0,0,0,2818724,0
2748351,9376,-1790,1616,-426,-192,851,4392,-2059,1,-9,-4016,19389,80,33,79,16,0,0,0,0,0,0,0,-32286,0,0,0,0,0,2818729,0
2748356,10022,-1116,1606,-122,-304,561,3928,-2046,29,-6,-3960,19389,80,33,79,16,0,0,0,0,0,0,0,-32286,0,0,0,0,0,2818744,0
2748361,10364,-784,1710,-235,-193,476,3474,-1998,58,-3,-3880,19389,91,33,79,16,0,0,0,0,0,0,0,-32286,0,0,0,0,0,2818749,0
2748366,10756,-698,2436,-408,151,434,3030,-1943,92,2,-3752,19389,91,33,79,16,0,0,0,0,0,0,0,-32286,0,0,0,0,0,2818764,0
2748371,10422,-1050,3212,-562,459,376,2599,-1885,129,-1,-3648,19388,88,33,79,16,0,0,0,0,0,0,0,-32286,0,0,0,0,0,2818769,0
2748376,10114,-2104,3274,-416,1016,286,2186,-1820,167,3,-3520,19388,88,33,79,16,0,0,0,0,0,0,0,-32286,0,0,0,0,0,2818784,0
2748381,9518,-2254,2968,-299,1232,246,1788,-1746,203,1,-3352,19388,85,33,79,16,0,0,0,0,0,0,0,-32287,0,0,0,0,0,2818789,0
2748386,8860,-2206,2592,-255,1439,230,1404,-1679,231,-1,-3208,19388,85,33,79,16,0,0,0,0,0,0,0,-32287,0,0,0,0,0,2818803,0
2748391,8394,-2166,2052,-377,1457,231,1034,-1615,231,-13,-3032,19387,70,33,79,16,0,0,0,0,0,0,0,-32286,0,0,0,0,0,2818808,0
2748396,7180,-2688,754,-757,1617,343,684,-1534,232,-14,-2832,19387,70,33,79,16,0,0,0,0,0,0,0,-32286,0,0,0,0,0,2818823,0
2748401,6670,-3168,602,-675,1586,347,354,-1445,250,-14,-2624,19388,70,33,79,16,0,0,0,0,0,0,0,-32286,0,0,0,0,0,2818828,0
2748406,6138,-3500,350,-465,1382,325,46,-1336,278,-12,-2344,19388,70,33,79,16,0,0,0,0,0,0,0,-32286,0,0,0,0,0,2818843,0
2748411,5860,-3520,86,-242,1154,302,-236,-1231,312,-15,-2096,19389,74,33,79,16,0,0,0,0,0,0,0,-32286,0,0,0,0,0,2818848,0
2748416,5534,-2856,-288,-180,916,305,-493,-1127,345,-3,-1880,19389,74,33,79,16,0,0,0,0,0,0,0,-32286,0,0,0,0,0,2818863,0
2748421,5608,-2626,-340,-257,854,305,-723,-999,374,0,-1608,19390,71,33,79,16,0,0,0,0,0,0,0,-32286,0,0,0,0,0,2818868,0
2748426,5550,-2626,-280,-242,745,292,-929,-900,381,1,-1400,19390,71,33,79,16,0,0,0,0,0,0,0,-32286,0,0,0,0,0,2818883,0
2748431,5592,-2752,-196,-179,611,256,-1115,-802,381,1,-1192,19391,66,33,79,16,0,0,0,0,0,0,0,-32286,0,0,0,0,0,2818888,0
2748436,5692,-2668,52,-73,424,240,-1282,-729,359,4,-1056,19391,66,33,79,16,0,0,0,0,0,0,0,-32286,0,0,0,0,0,2818903,0
2748441,5866,-2680,206,-85,377,238,-1433,-657,326,9,-904,19390,64,33,79,16,0,0,0,0,0,0,0,-32287,0,0,0,0,0,2818908,0
2748446,5946,-2702,406,-102,343,271,-1564,-573,294,-1,-696,19390,64,33,79,16,0,0,0,0,0,0,0,-32286,0,0,0,0,0,2818923,0
2748451,5992,-2710,618,-111,344,302,-1684,-520,268,7,-600,19390,71,33,79,16,0,0,0,0,0,0,0,-32286,0,0,0,0,0,2818928,0
2748456,6378,-2400,704,-28,307,282,-1794,-471,238,13,-512,19390,71,33,79,16,0,0,0,0,0,0,0,-32286,0,0,0,0,0,2818943,0
2748461,6398,-2198,702,-83,282,303,-1889,-411,214,12,-400,19392,70,33,79,16,0,0,0,0,0,0,0,-32286,0,0,0,0,0,2818948,0
2748466,6474,-2160,636,-209,289,360,-1974,-368,193,-1,-312,19392,70,33,79,16,0,0,0,0,0,0,0,-32286,0,0,0,0,0,2818963,0
2748471,6568,-2102,762,-281,286,374,-2051,-339,174,-2,-280,19391,72,33,79,16,0,0,0,0,0,0,0,-32287,0,0,0,0,0,2818968,0
2748476,6620,-2058,1366,-55,250,307,-2127,-329,149,-6,-256,19391,72,33,79,16,0,0,0,0,0,0,0,-32286,0,0,0,0,0,2818983,0
2748481,6872,-2200,604,-51,103,336,-2198,-309,110,-8,-224,19392,63,33,79,16,0,0,0,0,0,0,0,-32287,0,0,0,0,0,2818988,0
2748486,6776,-1558,614,-143,113,320,-2267,-304,70,-4,-208,19392,63,33,79,16,0,0,0,0,0,0,0,-32287,0,0,0,0,0,2819003,0
2748491,6924,-1348,568,-298,143,318,-2329,-262,57,-5,-144,19390,64,33,79,16,0,0,0,0,0,0,0,-32286,0,0,0,0,0,2819008,0
2748496,6528,-1570,940,-470,179,326,-2386,-239,64,2,-128,19390,64,33,79,16,0,0,0,0,0,0,0,-32286,0,0,0,0,0,2819023,0
2748501,6612,-1760,906,-374,168,270,-2436,-215,80,2,-104,19391,67,33,79,16,0,0,0,0,0,0,0,-32286,0,0,0,0,0,2819028,0
2748506,6506,-1908,902,-276,154,267,-2483,-210,81,0,-112,19391,67,33,79,16,0,0,0,0,0,0,0,-32287,0,0,0,0,0,2819043,0
2748511,6382,-1666,972,-205,121,213,-2527,-194,79,2,-112,19390,67,33,79,16,0,0,0,0,0,0,0,-32286,0,0,0,0,0,2819048,0
2748516,6316,-1366,892,-254,163,190,-2568,-167,58,-2,-72,19390,67,33,79,16,0,0,0,0,0,0,0,-32286,0,0,0,0,0,2819063,0
2748521,6284,-1398,814,-332,231,201,-2604,-157,56,2,-64,19388,62,33,79,16,0,0,0,0,0,0,0,-32286,0,0,0,0,0,2819068,0
2748526,6118,-1344,838,-363,229,183,-2634,-126,58,0,-64,19388,62,33,79,16,0,0,0,0,0,0,0,-32286,0,0,0,0,0,2819083,0
2748531,6126,-1596,730,-386,268,227,-2667,-144,59,6,-80,19388,61,33,79,16,0,0,0,0,0,0,0,-32286,0,0,0,0,0,2819088,0
2748536,6198,-1532,742,-365,282,219,-2697,-129,42,-5,-48,19388,61,33,79,16,0,0,0,0,0,0,0,-32286,0,0,0,0,0,2819103,0
2748541,6032,-1334,804,-407,310,225,-2723,-118,27,0,-48,19387,70,33,79,16,0,0,0,0,0,0,0,-32286,0,0,0,0,0,2819108,0
2748546,6110,-1326,748,-424,327,205,-2740,-72,42,-3,-24,19387,70,33,79,16,0,0,0,0,0,0,0,-32286,0,0,0,0,0,2819123,0
2748551,6182,-1356,622,-415,368,213,-2745,-5,73,-6,8,19386,76,33,79,16,0,0,0,0,0,0,0,-32286,0,0,0,0,0,2819128,0
2748556,6120,-1400,510,-500,389,270,-2741,25,122,-1,8,19386,76,33,79,16,0,0,0,0,0,0,0,-32286,0,0,0,0,0,2819143,0
2748561,6146,-1430,454,-553,392,283,-2736,20,128,2,8,19388,74,33,79,16,0,0,0,0,0,0,0,-32286,0,0,0,0,0,2819148,0
2748566,6184,-1458,408,-568,391,291,-2734,7,107,1,-8,19388,74,33,79,16,0,0,0,0,0,0,0,-32286,0,0,0,0,0,2819163,0
2748571,6264,-1534,370,-566,375,280,-2734,0,45,0,0,19393,77,33,79,16,0,0,0,0,0,0,0,-32286,0,0,0,0,0,2819168,0
2748576,6538,-1564,326,-527,330,265,-2734,-2,-11,0,0,19393,77,33,79,16,0,0,0,0,0,0,0,-32286,0,0,0,0,0,2819183,0
2748581,6620,-1532,326,-548,321,259,-2733,0,-20,0,0,19396,70,33,79,16,0,0,0,0,0,0,0,-32286,0,0,0,0,0,2819188,0
2748586,6758,-1598,360,-573,332,255,-2733,0,-12,2,0,19396,70,33,79,16,0,0,0,0,0,0,0,-32286,0,0,0,0,0,2819203,0
2748591,6860,-1604,398,-597,331,254,-2732,7,-1,2,0,19397,71,33,79,16,0,0,0,0,0,0,0,-32287,0,0,0,0,0,2819208,0
2748596,7056,-1650,564,-609,309,221,-2733,4,-4,1,0,19397,71,33,79,16,0,0,0,0,0,0,0,-32286,0,0,0,0,0,2819223,0
2748601,7212,-1646,638,-588,302,177,-2733,4,-2,3,-8,19392,71,33,79,16,0,0,0,0,0,0,0,-32286,0,0,0,0,0,2819228,0
2748606,7336,-1632,732,-583,302,144,-2734,-4,0,1,0,19392,71,33,79,16,0,0,0,0,0,0,0,-32287,0,0,0,0,0,2819243,0
2748611,7476,-1624,812,-599,312,115,-2734,-3,-2,0,0,19390,73,33,79,16,0,0,0,0,0,0,0,-32286,0,0,0,0,0,2819248,0
2748616,7572,-1614,854,-634,304,54,-2734,-1,-2,0,-8,19390,73,33,79,16,0,0,0,0,0,0,0,-32287,0,0,0,0,0,2819263,0
2748621,7588,-1664,870,-645,304,10,-2733,0,1,0,-8,19387,66,33,79,16,0,0,0,0,0,0,0,-32286,0,0,0,0,0,2819268,0
2748626,7600,-1692,842,-643,296,-27,-2735,-9,1,0,0,19387,66,33,79,16,0,0,0,0,0,0,0,-32286,0,0,0,0,0,2819283,0
2748631,7592,-1674,834,-643,269,-61,-2733,0,2,0,0,19389,56,33,79,16,0,0,0,0,0,0,0,-32286,0,0,0,0,0,2819287,0
2748636,7552,-1572,866,-715,245,-109,-2733,-1,-3,2,-8,19389,56,33,79,16,0,0,0,0,0,0,0,-32286,0,0,0,0,0,2819302,0
2748641,7544,-1654,918,-763,232,-136,-2734,0,4,2,0,19389,53,33,79,16,0,0,0,0,0,0,0,-32286,0,0,0,0,0,2819307,0
2748646,7518,-1758,962,-777,211,-154,-2733,0,-1,2,-8,19389,53,33,79,16,0,0,0,0,0,0,0,-32286,0,0,0,0,0,2819322,0
2748651,7622,-1878,1028,-794,193,-171,-2735,-7,0,2,0,19391,52,33,79,16,0,0,0,0,0,0,0,-32286,0,0,0,0,0,2819327,0
2748656,7710,-1976,1192,-821,182,-206,-2734,-1,2,1,0,19391,52,33,79,16,0,0,0,0,0,0,0,-32286,0,0,0,0,0,2819342,0
2748661,7718,-2032,1204,-844,179,-206,-2734,0,0,1,0,19390,60,33,79,16,0,0,0,0,0,0,0,-32287,0,0,0,0,0,2819347,0
2748666,7810,-2148,1238,-842,158,-215,-2732,2,1,0,-8,19390,60,33,79,16,0,0,0,0,0,0,0,-32287,0,0,0,0,0,2819362,0
2748671,7990,-2202,1252,-836,138,-222,-2733,9,1,-1,-8,19394,75,33,79,16,0,0,0,0,0,0,0,-32286,0,0,0,0,0,2819367,0
2748676,8240,-2078,1340,-836,146,-245,-2733,5,1,0,0,19394,75,33,79,16,0,0,0,0,0,0,0,-32286,0,0,0,0,0,2819382,0
2748681,8264,-2102,1418,-849,167,-253,-2733,5,-1,0,0,19394,74,33,79,16,0,0,0,0,0,0,0,-32286,0,0,0,0,0,2819387,0
2748686,8390,-2186,1452,-873,171,-254,-2733,2,-1,1,0,19394,74,33,79,16,0,0,0,0,0,0,0,-32287,0,0,0,0,0,2819402,0
2748691,8508,-2268,1522,-853,151,-272,-2734,1,3,1,0,19393,66,33,79,16,0,0,0,0,0,0,0,-32286,0,0,0,0,0,2819407,0
2748696,8674,-2286,1536,-840,120,-276,-2733,0,-4,1,-8,19393,66,33,79,16,0,0,0,0,0,0,0,-32287,0,0,0,0,0,2819422,0
2748701,8838,-2304,1494,-863,97,-270,-2733,2,-3,1,-8,19388,71,33,79,16,0,0,0,0,0,0,0,-32286,0,0,0,0,0,2819427,0
2748706,8876,-2276,1568,-889,144,-254,-2733,1,-1,0,0,19388,71,33,79,16,0,0,0,0,0,0,0,-32287,0,0,0,0,0,2819442,0
2748711,8846,-2344,1674,-928,222,-224,-2734,-1,-1,0,0,19390,74,33,79,16,0,0,0,0,0,0,0,-32286,0,0,0,0,0,2819447,0
2748716,8760,-2568,1774,-858,326,-158,-2734,-1,-5,0,-8,19390,74,33,79,16,0,0,0,0,0,0,0,-32286,0,0,0,0,0,2819462,0
2748721,8728,-2446,1708,-802,349,-124,-2734,-1,-1,0,-8,19390,78,33,79,16,0,0,0,0,0,0,0,-32287,0,0,0,0,0,2819467,0
2748726,8680,-2302,1658,-743,372,-117,-2734,-5,-1,-1,-8,19390,78,33,79,16,0,0,0,0,0,0,0,-32286,0,0,0,0,0,2819482,0
2748731,8646,-2096,1582,-711,397,-102,-2734,0,2,0,0,19389,72,33,79,16,0,0,0,0,0,0,0,-32286,0,0,0,0,0,2819487,0
2748736,8468,-1538,1482,-726,435,-92,-2734,-1,1,1,-8,19389,72,33,79,16,0,0,0,0,0,0,0,-32286,0,0,0,0,0,2819502,0
2748741,8352,-1350,1412,-735,454,-90,-2734,-4,-2,2,-8,19389,63,33,79,16,0,0,0,0,0,0,0,-32286,0,0,0,0,0,2819507,0
2748746,8268,-1260,1358,-717,422,-106,-2734,0,-1,1,0,19389,63,33,79,16,0,0,0,0,0,0,0,-32286,0,0,0,0,0,2819522,0
2748751,8224,-1062,1314,-687,392,-122,-2734,2,5,1,0,19388,58,33,79,16,0,0,0,0,0,0,0,-32287,0,0,0,0,0,2819527,0
2748756,8070,-794,1254,-699,349,-151,-2734,-2,2,0,0,19388,58,33,79,16,0,0,0,0,0,0,0,-32286,0,0,0,0,0,2819542,0
2748761,8018,-784,1260,-708,296,-168,-2734,-4,1,0,0,19389,60,33,79,16,0,0,0,0,0,0,0,-32286,0,0,0,0,0,2819547,0
2748766,8012,-712,1208,-707,245,-170,-2733,0,4,0,-8,19389,60,33,79,16,0,0,0,0,0,0,0,-32287,0,0,0,0,0,2819562,0
2748771,7986,-636,1166,-769,195,-170,-2734,-1,2,0,0,19390,64,33,79,16,0,0,0,0,0,0,0,-32286,0,0,0,0,0,2819567,0
2748776,8210,-948,1238,-1063,128,-114,-2733,-1,0,-1,0,19390,64,33,79,16,0,0,0,0,0,0,0,-32287,0,0,0,0,0,2819582,0
2748781,8608,-1426,1412,-1193,68,-84,-2733,0,-1,0,0,19394,71,33,79,16,0,0,0,0,0,0,0,-32286,0,0,0,0,0,2819587,0
2748786,9162,-2154,1658,-1244,-34,-70,-2733,0,0,1,0,19394,71,33,79,16,0,0,0,0,0,0,0,-32286,0,0,0,0,0,2819602,0
2748791,9834,-2914,1956,-1236,-123,-55,-2733,0,1,1,0,19392,70,33,79,16,0,0,0,0,0,0,0,-32287,0,0,0,0,0,2819607,0
2748796,11184,-4086,2186,-1212,-302,11,-2734,0,-2,1,0,19392,70,33,79,16,0,0,0,0,0,0,0,-32287,0,0,0,0,0,2819622,0
2748801,11754,-4664,2012,-1247,-363,35,-2734,-3,-2,1,-8,19392,58,33,79,16,0,0,0,0,0,0,0,-32286,0,0,0,0,0,2819627,0
2748806,12176,-5172,1754,-1290,-394,60,-2733,1,0,0,0,19392,58,33,79,16,0,0,0,0,0,0,0,-32286,0,0,0,0,0,2819642,0
2748811,12428,-5810,1558,-1320,-386,75,-2732,3,-4,1,0,19390,53,33,79,16,0,0,0,0,0,0,0,-32286,0,0,0,0,0,2819647,0
2748816,11472,-6960,1750,-1480,-35,251,-2732,4,3,-1,0,19390,53,33,79,16,0,0,0,0,0,0,0,-32286,0,0,0,0,0,2819662,0
2748821,10800,-7070,1956,-1569,104,254,-2727,25,11,-2,8,19393,65,33,79,16,0,0,0,0,0,0,0,-32286,0,0,0,0,0,2819667,0
2748826,10328,-7584,2020,-1319,261,208,-2723,21,21,0,8,19393,65,33,79,16,0,0,0,0,0,0,0,-32286,0,0,0,0,0,2819682,0
2748831,9160,-8058,1986,-998,356,180,-2717,19,23,2,8,19391,72,33,79,16,0,0,0,0,0,0,0,-32286,0,0,0,0,0,2819687,0
2748836,7532,-8754,1424,-511,415,136,-2713,18,7,2,-8,19391,72,33,79,16,0,0,0,0,0,0,0,-32286,0,0,0,0,0,2819702,0
2748841,6828,-8916,1210,-333,359,104,-2714,1,2,4,0,19393,78,33,79,16,0,0,0,0,0,0,0,-32286,0,0,0,0,0,2819707,0
2748846,6514,-8972,972,-125,251,54,-2713,0,-22,2,0,19393,78,33,79,16,0,0,0,0,0,0,0,-32286,0,0,0,0,0,2819722,0
2748851,6344,-8990,866,87,125,-15,-2714,-6,-24,0,0,19391,76,33,79,16,0,0,0,0,0,0,0,-32286,0,0,0,0,0,2819727,0
2748856,6118,-8528,532,455,-130,-161,-2713,1,-16,0,0,19391,76,33,79,16,0,0,0,0,0,0,0,-32286,0,0,0,0,0,2819742,0
2748861,6154,-7994,136,608,-256,-232,-2713,0,-7,2,0,19391,77,33,79,16,0,0,0,0,0,0,0,-32286,0,0,0,0,0,2819747,0
2748866,5930,-7462,-56,631,-248,-251,-2713,-6,-2,0,-8,19391,77,33,79,16,0,0,0,0,0,0,0,-32286,0,0,0,0,0,2819762,0
2748871,5750,-6892,-128,632,-223,-260,-2713,0,-1,-1,0,19388,73,33,79,16,0,0,0,0,0,0,0,-32286,0,0,0,0,0,2819767,0
2748876,5450,-6280,28,916,-225,-298,-2711,6,4,-2,0,19388,73,33,79,16,0,0,0,0,0,0,0,-32286,0,0,0,0,0,2819782,0
2748881,5456,-5654,246,1196,-237,-359,-2707,20,4,0,8,19388,62,33,79,16,0,0,0,0,0,0,0,-32286,0,0,0,0,0,2819787,0
2748886,5278,-5014,184,1430,-322,-397,-2703,25,12,2,8,19388,62,33,79,16,0,0,0,0,0,0,0,-32286,0,0,0,0,0,2819802,0
2748891,5148,-4456,68,1510,-391,-403,-2697,34,21,1,8,19390,64,33,79,16,0,0,0,0,0,0,0,-32286,0,0,0,0,0,2819807,0
2748896,5092,-3208,-226,1239,-457,-357,-2688,43,24,0,24,19390,64,33,79,16,0,0,0,0,0,0,0,-32286,0,0,0,0,0,2819822,0
2748901,5020,-3016,-152,1027,-401,-306,-2666,97,51,-6,56,19390,61,33,79,16,0,0,0,0,0,0,0,-32286,0,0,0,0,0,2819826,0
2748906,4962,-3330,-32,796,-330,-180,-2634,144,84,-4,64,19390,61,33,79,16,0,0,0,0,0,0,0,-32286,0,0,0,0,0,2819841,0
2748911,4952,-3576,304,603,-213,-81,-2589,199,124,-3,144,19389,64,33,79,16,0,0,0,0,0,0,0,-32286,0,0,0,0,0,2819846,0
2748916,5714,-3842,986,680,-70,12,-2523,298,177,-14,312,19389,64,33,79,16,0,0,0,0,0,0,0,-32286,0,0,0,0,0,2819861,0
2748921,6440,-4072,838,908,-86,42,-2431,414,241,-17,520,19387,70,33,79,16,0,0,0,0,0,0,0,-32286,0,0,0,0,0,2819866,0
2748926,6464,-3794,720,992,-156,71,-2313,527,298,-30,856,19387,70,33,79,16,0,0,0,0,0,0,0,-32287,0,0,0,0,0,2819881,0
2748931,6900,-3562,174,1058,-319,44,-2166,663,365,-11,1160,19389,67,33,79,16,0,0,0,0,0,0,0,-32286,0,0,0,0,0,2819886,0
2748936,7460,-2932,-1124,1169,-863,14,-1993,773,406,1,1400,19389,67,33,79,16,0,0,0,0,0,0,0,-32286,0,0,0,0,0,2819901,0
2748941,7756,-2616,-1570,1121,-1150,-27,-1795,875,409,6,1600,19391,65,33,79,16,0,0,0,0,0,0,0,-32286,0,0,0,0,0,2819906,0
2748946,8164,-2534,-1860,1100,-1450,-74,-1580,955,395,5,1760,19391,65,33,79,16,0,0,0,0,0,0,0,-32286,0,0,0,0,0,2819921,0
2748951,8334,-2362,-1840,1011,-1681,-108,-1350,1011,350,8,1880,19391,61,33,79,16,0,0,0,0,0,0,0,-32287,0,0,0,0,0,2819926,0
2748956,8780,-2346,-926,708,-1869,-156,-1110,1052,286,8,1928,19391,61,33,79,16,0,0,0,0,0,0,0,-32286,0,0,0,0,0,2819941,0
2748961,8684,-2542,-262,550,-1830,-180,-864,1087,222,11,1976,19389,57,33,79,16,0,0,0,0,0,0,0,-32286,0,0,0,0,0,2819946,0
2748966,8698,-3026,64,462,-1724,-159,-617,1098,152,9,1968,19389,57,33,79,16,0,0,0,0,0,0,0,-32286,0,0,0,0,0,2819961,0
2748971,8482,-3166,466,424,-1597,-180,-366,1100,99,9,1960,19389,58,33,79,16,0,0,0,0,0,0,0,-32286,0,0,0,0,0,2819966,0
2748976,8172,-3444,1078,424,-1226,-212,-169,1083,56,12,1904,19389,58,33,79,16,0,0,0,0,0,0,0,-32286,0,0,0,0,0,2819981,0
2748981,8170,-3672,1178,441,-1006,-213,74,1075,12,2,1872,19389,65,33,79,16,0,0,0,0,0,0,0,-32286,0,0,0,0,0,2819986,0
2748986,7668,-3598,1170,452,-803,-216,313,1044,-29,8,1792,19389,65,33,79,16,0,0,0,0,0,0,0,-32286,0,0,0,0,0,2820001,0
2748991,7510,-3640,986,491,-662,-244,545,1023,-64,4,1760,19390,59,33,79,16,0,0,0,0,0,0,0,-32286,0,0,0,0,0,2820006,0
2748996,6754,-3654,558,605,-443,-243,769,978,-84,4,1640,19390,59,33,79,16,0,0,0,0,0,0,0,-32286,0,0,0,0,0,2820021,0
2749001,6594,-3506,232,659,-407,-247,984,946,-97,-2,1584,19389,68,33,79,16,0,0,0,0,0,0,0,-32286,0,0,0,0,0,2820026,0
2749006,6398,-3394,132,664,-341,-231,1188,893,-125,0,1464,19389,68,33,79,16,0,0,0,0,0,0,0,-32286,0,0,0,0,0,2820041,0
2749011,6166,-3338,38,635,-320,-237,1381,845,-141,0,1368,19389,69,33,79,16,0,0,0,0,0,0,0,-32286,0,0,0,0,0,2820046,0
2749016,5848,-3402,-412,604,-329,-200,1565,801,-155,0,1272,19389,69,33,79,16,0,0,0,0,0,0,0,-32286,0,0,0,0,0,2820061,0
2749021,5822,-3534,-434,545,-372,-158,1738,754,-157,1,1184,19388,65,33,79,16,0,0,0,0,0,0,0,-32286,0,0,0,0,0,2820066,0
2749026,5760,-3490,-416,501,-389,-128,1902,727,-158,-4,1128,19388,65,33,79,16,0,0,0,0,0,0,0,-32286,0,0,0,0,0,2820081,0
2749031,5682,-3606,-336,468,-412,-76,2059,687,-144,3,1032,19386,67,33,79,16,0,0,0,0,0,0,0,-32286,0,0,0,0,0,2820086,0
2749036,5654,-3652,-332,454,-506,-1,2207,652,-134,-3,968,19386,67,33,79,16,0,0,0,0,0,0,0,-32286,0,0,0,0,0,2820101,0
2749041,5660,-3618,-148,495,-542,18,2352,638,-115,-7,944,19387,73,33,79,16,0,0,0,0,0,0,0,-32286,0,0,0,0,0,2820106,0
2749046,5700,-3530,-42,529,-598,27,2490,604,-101,4,880,19387,73,33,79,16,0,0,0,0,0,0,0,-32287,0,0,0,0,0,2820124,0
2749051,5940,-3612,-62,575,-629,59,2625,582,-89,-2,848,19388,69,33,79,16,0,0,0,0,0,0,0,-32286,0,0,0,0,0,2820129,0
2749056,6008,-3360,86,606,-697,86,2757,580,-71,0,832,19388,69,33,79,16,0,0,0,0,0,0,0,-32286,0,0,0,0,0,2820141,0
2749061,6040,-3172,98,573,-728,114,2887,563,-62,5,768,19388,66,33,79,16,0,0,0,0,0,0,0,-32286,0,0,0,0,0,2820146,0
2749066,6174,-3342,12,568,-768,138,3013,559,-48,0,752,19388,66,33,79,16,0,0,0,0,0,0,0,-32286,0,0,0,0,0,2820161,0
2749071,6166,-3200,94,573,-787,161,3138,553,-42,-5,768,19388,55,33,79,16,0,0,0,0,0,0,0,-32287,0,0,0,0,0,2820166,0
2749076,6316,-3272,152,660,-861,188,3264,549,-27,-2,760,19388,55,33,79,16,0,0,0,0,0,0,0,-32286,0,0,0,0,0,2820181,0
2749081,6396,-3108,216,699,-895,191,3389,548,-71,3,752,19388,60,33,79,16,0,0,0,0,0,0,0,-32287,0,0,0,0,0,2820185,0
2749086,6602,-3152,228,711,-892,225,3512,537,-66,6,704,19388,60,33,79,16,0,0,0,0,0,0,0,-32287,0,0,0,0,0,2820200,0
2749091,6754,-3020,334,720,-886,241,3636,544,-34,0,744,19387,65,33,79,16,0,0,0,0,0,0,0,-32287,0,0,0,0,0,2820205,0
2749096,7170,-3064,512,749,-777,279,3764,564,-31,3,784,19387,65,33,79,16,0,0,0,0,0,0,0,-32286,0,0,0,0,0,2820220,0
2749101,7344,-3222,570,797,-728,310,3890,556,31,8,760,19388,68,33,79,16,0,0,0,0,0,0,0,-32286,0,0,0,0,0,2820225,0
2749106,7522,-2992,586,877,-652,313,4017,558,46,1,768,19388,68,33,79,16,0,0,0,0,0,0,0,-32287,0,0,0,0,0,2820240,0
2749111,7702,-2994,588,953,-576,309,4149,582,77,-2,840,19389,69,33,79,16,0,0,0,0,0,0,0,-32286,0,0,0,0,0,2820245,0
2749116,7938,-2654,414,1068,-439,326,4283,590,28,10,832,19389,69,33,79,16,0,0,0,0,0,0,0,-32286,0,0,0,0,0,2820260,0
2749121,8100,-2552,260,1091,-386,323,4416,581,25,8,800,19391,71,33,79,16,0,0,0,0,0,0,0,-32286,0,0,0,0,0,2820265,0
2749126,8254,-2278,222,1116,-329,303,4549,591,31,-1,840,19391,71,33,79,16,0,0,0,0,0,0,0,-32286,0,0,0,0,0,2820280,0
2749131,8254,-2176,122,1115,-259,294,4682,578,17,1,784,19389,64,33,79,16,0,0,0,0,0,0,0,-32286,0,0,0,0,0,2820285,0
2749136,8314,-1940,-130,978,-146,282,4809,558,-10,0,728,19389,64,33,79,16,0,0,0,0,0,0,0,-32286,0,0,0,0,0,2820300,0
2749141,8228,-1872,-182,911,-100,260,4933,539,-29,-5,712,19390,62,33,79,16,0,0,0,0,0,0,0,-32286,0,0,0,0,0,2820305,0
2749146,8242,-1780,-280,852,-78,239,5052,533,-45,-4,696,19390,62,33,79,16,0,0,0,0,0,0,0,-32286,0,0,0,0,0,2820320,0
2749151,8076,-1836,-338,772,-45,251,5165,496,-64,6,568,19391,61,33,79,16,0,0,0,0,0,0,0,-32286,0,0,0,0,0,2820325,0
2749156,8126,-1836,-354,662,-22,209,5270,466,-75,-1,496,19391,61,33,79,16,0,0,0,0,0,0,0,-32286,0,0,0,0,0,2820340,0
2749161,7970,-1824,-180,619,-25,166,5368,433,-88,-7,464,19390,59,33,79,16,0,0,0,0,0,0,0,-32286,0,0,0,0,0,2820345,0
2749166,8050,-2006,-216,592,-13,160,5461,405,-96,-7,408,19390,59,33,79,16,0,0,0,0,0,0,0,-32286,0,0,0,0,0,2820360,0
2749171,7986,-1960,-124,562,-18,132,5547,374,-104,8,312,19389,61,33,79,16,0,0,0,0,0,0,0,-32286,0,0,0,0,0,2820365,0
2749176,8026,-2072,6,450,21,83,5624,333,-101,17,248,19389,61,33,79,16,0,0,0,0,0,0,0,-32286,0,0,0,0,0,2820380,0
2749181,7938,-2268,60,431,44,93,5696,314,-108,9,200,19388,59,33,79,16,0,0,0,0,0,0,0,-32286,0,0,0,0,0,2820385,0
2749186,7724,-2232,222,412,34,83,5757,266,-116,8,144,19388,59,33,79,16,0,0,0,0,0,0,0,-32286,0,0,0,0,0,2820400,0
2749191,7736,-2132,278,382,67,47,5811,236,-121,-7,112,19389,52,33,79,16,0,0,0,0,0,0,0,-32286,0,0,0,0,0,2820405,0
2749196,7660,-2262,346,332,159,38,5859,212,-119,0,96,19389,52,33,79,16,0,0,0,0,0,0,0,-32286,0,0,0,0,0,2820420,0
2749201,7514,-2072,414,316,183,-4,5903,185,-107,-3,96,19390,59,33,79,16,0,0,0,0,0,0,0,-32286,0,0,0,0,0,2820425,0
2749206,7536,-2270,308,319,215,7,5945,176,-91,1,64,19390,59,33,79,16,0,0,0,0,0,0,0,-32286,0,0,0,0,0,2820440,0
2749211,7280,-2086,344,327,204,-25,5983,163,-73,0,64,19392,63,33,79,16,0,0,0,0,0,0,0,-32287,0,0,0,0,0,2820445,0
2749216,7042,-1972,198,271,216,-17,6008,106,-69,1,32,19392,63,33,79,16,0,0,0,0,0,0,0,-32286,0,0,0,0,0,2820460,0
2749221,7140,-1884,38,256,219,-37,6029,90,-85,-7,40,19391,62,33,79,16,0,0,0,0,0,0,0,-32286,0,0,0,0,0,2820465,0
2749226,6992,-1794,-34,239,222,-41,6047,85,-93,2,24,19391,62,33,79,16,0,0,0,0,0,0,0,-32286,0,0,0,0,0,2820480,0
2749231,6882,-1726,-54,203,211,-46,6059,45,-91,5,8,19391,59,33,79,16,0,0,0,0,0,0,0,-32286,0,0,0,0,0,2820485,0
2749236,6840,-1652,-112,147,206,-59,6064,26,-89,0,8,19391,59,33,79,16,0,0,0,0,0,0,0,-32286,0,0,0,0,0,2820500,0
2749241,6748,-1812,-86,135,192,-50,6067,11,-73,-1,8,19390,51,33,79,16,0,0,0,0,0,0,0,-32286,0,0,0,0,0,2820508,0
2749246,6658,-1844,-202,52,126,-17,6074,37,-65,-3,16,19390,51,33,79,16,0,0,0,0,0,0,0,-32286,0,0,0,0,0,2820523,0
2749251,6902,-1554,-192,-17,130,-32,6090,77,-16,-5,40,19390,62,33,79,16,0,0,0,0,0,0,0,-32286,0,0,0,0,0,2820528,0
2749256,6860,-1938,-48,-4,136,-21,6114,104,49,0,32,19390,62,33,79,16,0,0,0,0,0,0,0,-32286,0,0,0,0,0,2820543,0
2749261,6868,-2000,-82,19,60,-21,6136,99,73,0,40,19388,77,33,79,16,0,0,0,0,0,0,0,-32286,0,0,0,0,0,2820548,0
2749266,7144,-1854,-86,78,31,-92,6165,130,80,-8,64,19388,77,33,79,16,0,0,0,0,0,0,0,-32286,0,0,0,0,0,2820563,0
2749271,7422,-1824,-112,150,106,-66,6198,156,69,0,88,19386,72,33,79,16,0,0,0,0,0,0,0,-32286,0,0,0,0,0,2820568,0
2749276,7632,-1676,12,87,96,-106,6245,209,74,-1,144,19386,72,33,79,16,0,0,0,0,0,0,0,-32286,0,0,0,0,0,2820583,0
2749281,7860,-1846,-28,169,146,-146,6303,267,112,-2,224,19387,69,33,79,16,0,0,0,0,0,0,0,-32286,0,0,0,0,0,2820588,0
2749286,7856,-1896,-8,287,113,-195,6377,324,161,-4,312,19387,69,33,79,16,0,0,0,0,0,0,0,-32287,0,0,0,0,0,2820603,0
2749291,8186,-2014,-96,433,102,-211,6464,390,188,-7,416,19388,61,33,79,16,0,0,0,0,0,0,0,-32286,0,0,0,0,0,2820608,0
2749296,8228,-1788,-84,418,60,-244,6558,415,200,-7,488,19388,61,33,79,16,0,0,0,0,0,0,0,-32287,0,0,0,0,0,2820623,0
2749301,8442,-1890,-180,374,137,-245,6658,438,174,-6,520,19390,66,33,79,16,0,0,0,0,0,0,0,-32286,0,0,0,0,0,2820628,0
2749306,8164,-1990,-80,336,152,-273,6764,474,138,-3,616,19390,66,33,79,16,0,0,0,0,0,0,0,-32286,0,0,0,0,0,2820643,0
2749311,8348,-2116,-126,401,160,-315,6881,525,123,0,760,19391,63,33,79,16,0,0,0,0,0,0,0,-32286,0,0,0,0,0,2820648,0
2749316,8012,-2440,-114,469,157,-361,7002,532,109,12,752,19391,63,33,79,16,0,0,0,0,0,0,0,-32286,0,0,0,0,0,2820663,0
2749321,8088,-2580,-236,469,208,-351,7126,540,106,10,752,19389,61,33,79,16,0,0,0,0,0,0,0,-32286,0,0,0,0,0,2820668,0
2749326,7898,-2646,-144,464,223,-370,7255,573,91,-2,840,19389,61,33,79,16,0,0,0,0,0,0,0,-32286,0,0,0,0,0,2820683,0
2749331,7796,-2962,-148,501,206,-381,7391,594,78,7,872,19388,57,33,79,16,0,0,0,0,0,0,0,-32286,0,0,0,0,0,2820687,0
2749336,7594,-3306,-178,650,149,-380,7524,593,59,13,848,19388,57,33,79,16,0,0,0,0,0,0,0,-32286,0,0,0,0,0,2820702,0
2749341,7606,-3244,-222,734,145,-387,7659,594,51,0,856,19388,64,33,79,16,0,0,0,0,0,0,0,-32286,0,0,0,0,0,2820707,0
2749346,7612,-3182,-252,825,137,-383,7798,604,38,-2,864,19388,64,33,79,16,0,0,0,0,0,0,0,-32286,0,0,0,0,0,2820722,0
2749351,7486,-3372,-192,872,99,-364,7935,594,19,4,824,19388,71,33,79,16,0,0,0,0,0,0,0,-32286,0,0,0,0,0,2820727,0
2749356,7766,-3170,-252,957,88,-359,8070,591,12,2,824,19388,71,33,79,16,0,0,0,0,0,0,0,-32286,0,0,0,0,0,2820742,0
2749361,7748,-3076,-172,1008,71,-340,8204,591,0,3,824,19389,72,33,79,16,0,0,0,0,0,0,0,-32286,0,0,0,0,0,2820747,0
2749366,7854,-2972,-144,1033,52,-322,8337,583,-14,8,776,19389,72,33,79,16,0,0,0,0,0,0,0,-32286,0,0,0,0,0,2820762,0
2749371,7936,-2896,-126,1043,62,-323,8463,555,-28,5,696,19389,64,33,79,16,0,0,0,0,0,0,0,-32286,0,0,0,0,0,2820767,0
2749376,8182,-2536,-110,1087,95,-277,8582,527,-47,-11,656,19389,64,33,79,16,0,0,0,0,0,0,0,-32286,0,0,0,0,0,2820782,0
2749381,8452,-2306,-130,1092,113,-283,8698,514,-65,-7,624,19390,62,33,79,16,0,0,0,0,0,0,0,-32286,0,0,0,0,0,2820787,0
2749386,8462,-2260,-168,1108,160,-258,8808,479,-80,-8,544,19390,62,33,79,16,0,0,0,0,0,0,0,-32287,0,0,0,0,0,2820802,0
2749391,8456,-1960,-216,1072,184,-245,8912,459,-83,-4,488,19389,65,33,79,16,0,0,0,0,0,0,0,-32286,0,0,0,0,0,2820807,0
2749396,8614,-1730,-346,1020,206,-214,9009,425,-83,-2,440,19389,65,33,79,16,0,0,0,0,0,0,0,-32286,0,0,0,0,0,2820822,0
2749401,8756,-1720,-378,1034,240,-208,9103,410,-88,-5,432,19389,64,33,79,16,0,0,0,0,0,0,0,-32286,0,0,0,0,0,2820827,0
2749406,8748,-1602,-284,1071,237,-212,9199,418,-73,-3,448,19389,64,33,79,16,0,0,0,0,0,0,0,-32286,0,0,0,0,0,2820842,0
2749411,8830,-1524,-336,1103,246,-197,9291,402,-48,5,408,19390,61,33,79,16,0,0,0,0,0,0,0,-32286,0,0,0,0,0,2820847,0
2749416,8806,-1208,-556,1033,263,-189,9378,383,-41,4,360,19390,61,33,79,16,0,0,0,0,0,0,0,-32286,0,0,0,0,0,2820862,0
2749421,8632,-1258,-690,963,220,-183,9461,373,-43,6,352,19393,62,33,79,16,0,0,0,0,0,0,0,-32286,0,0,0,0,0,2820867,0
2749426,8816,-1384,-694,998,177,-205,9548,385,-38,-4,384,19393,62,33,79,16,0,0,0,0,0,0,0,-32286,0,0,0,0,0,2820882,0
2749431,8958,-1602,-518,1078,162,-243,9638,394,-21,-7,408,19391,74,33,79,16,0,0,0,0,0,0,0,-32286,0,0,0,0,0,2820887,0
2749436,9156,-2174,-426,1192,113,-278,9726,378,1,1,376,19391,74,33,79,16,0,0,0,0,0,0,0,-32286,0,0,0,0,0,2820902,0
2749441,9314,-2266,-350,1213,146,-310,9812,380,14,11,352,19393,66,33,79,16,0,0,0,0,0,0,0,-32286,0,0,0,0,0,2820907,0
2749446,9308,-2478,-226,1201,174,-352,9897,370,-2,8,344,19393,66,33,79,16,0,0,0,0,0,0,0,-32286,0,0,0,0,0,2820922,0
2749451,9422,-2602,-238,1251,154,-422,9986,388,-10,-5,376,19391,61,33,79,16,0,0,0,0,0,0,0,-32286,0,0,0,0,0,2820927,0
2749456,9302,-2742,-270,1440,117,-550,10077,395,0,-7,416,19391,61,33,79,16,0,0,0,0,0,0,0,-32286,0,0,0,0,0,2820942,0
2749461,9126,-2628,-528,1432,76,-573,10163,381,13,2,352,19392,51,33,79,16,0,0,0,0,0,0,0,-32286,0,0,0,0,0,2820947,0
2749466,8932,-2566,-868,1360,-108,-576,10244,355,-4,11,312,19392,51,33,79,16,0,0,0,0,0,0,0,-32286,0,0,0,0,0,2820962,0
2749471,9212,-2366,-614,1237,-194,-572,10321,335,-31,9,264,19390,58,33,79,16,0,0,0,0,0,0,0,-32286,0,0,0,0,0,2820967,0
2749476,9116,-2100,56,980,-438,-554,10392,314,-60,2,232,19390,58,33,79,16,0,0,0,0,0,0,0,-32286,0,0,0,0,0,2820982,0
2749481,9102,-1890,182,800,-585,-513,10461,294,-67,9,192,19390,66,33,79,16,0,0,0,0,0,0,0,-32286,0,0,0,0,0,2820987,0
2749486,9258,-1496,578,637,-616,-488,10520,263,-75,5,120,19390,66,33,79,16,0,0,0,0,0,0,0,-32286,0,0,0,0,0,2821002,0
2749491,9170,-1316,932,443,-597,-449,10569,202,-83,9,56,19391,74,33,79,16,0,0,0,0,0,0,0,-32286,0,0,0,0,0,2821007,0
2749496,9214,-1330,1256,154,-593,-373,10602,147,-131,-8,48,19391,74,33,79,16,0,0,0,0,0,0,0,-32286,0,0,0,0,0,2821022,0
2749501,9322,-1378,1424,104,-550,-329,10618,69,-169,2,8,19392,78,33,79,16,0,0,0,0,0,0,0,-32286,0,0,0,0,0,2821027,0
2749506,9364,-1332,1570,71,-531,-334,10620,0,-211,9,-16,19392,78,33,79,16,0,0,0,0,0,0,0,-32286,0,0,0,0,0,2821042,0
2749511,9804,-1276,1764,91,-470,-408,10620,-3,-216,1,-8,19392,77,33,79,16,0,0,0,0,0,0,0,-32286,0,0,0,0,0,2821047,0
2749516,10042,-1730,1788,194,-334,-501,10620,-1,-158,0,-8,19392,77,33,79,16,0,0,0,0,0,0,0,-32286,0,0,0,0,0,2821062,0
2749521,10318,-1998,1626,232,-329,-567,10620,0,-91,1,-8,19393,81,33,79,16,0,0,0,0,0,0,0,-32286,0,0,0,0,0,2821067,0
2749526,10448,-2046,1470,150,-262,-583,10618,-10,-41,0,-16,19393,81,33,79,16,0,0,0,0,0,0,0,-32286,0,0,0,0,0,2821082,0
2749531,10464,-2142,1370,-91,-107,-587,10614,-18,-10,0,-8,19394,78,33,79,16,0,0,0,0,0,0,0,-32286,0,0,0,0,0,2821087,0
2749536,10214,-2832,1238,-725,157,-544,10612,-9,-10,0,-8,19394,78,33,79,16,0,0,0,0,0,0,0,-32286,0,0,0,0,0,2821102,0
2749541,9716,-3432,1190,-900,223,-518,10613,1,-6,0,-8,19392,75,33,79,16,0,0,0,0,0,0,0,-32286,0,0,0,0,0,2821107,0
2749546,9338,-4186,1172,-978,270,-522,10611,-1,7,0,-8,19392,75,33,79,16,0,0,0,0,0,0,0,-32286,0,0,0,0,0,2821122,0
2749551,8772,-4802,1156,-977,267,-497,10609,-8,14,0,-8,19392,66,33,79,16,0,0,0,0,0,0,0,-32286,0,0,0,0,0,2821127,0
2749556,7700,-5534,958,-967,177,-422,10610,0,4,1,-8,19392,66,33,79,16,0,0,0,0,0,0,0,-32286,0,0,0,0,0,2821142,0
2749561,7138,-5904,908,-1028,116,-374,10609,-2,1,1,-8,19388,65,33,79,16,0,0,0,0,0,0,0,-32286,0,0,0,0,0,2821147,0
2749566,6474,-6288,820,-1068,40,-329,10607,-5,4,1,-8,19388,65,33,79,16,0,0,0,0,0,0,0,-32286,0,0,0,0,0,2821162,0
2749571,6718,-6322,960,-928,-168,-401,10604,-18,-7,3,-32,19389,64,33,79,16,0,0,0,0,0,0,0,-32286,0,0,0,0,0,2821167,0
2749576,6232,-7868,1874,1554,-594,-1015,10583,-99,-35,11,-72,19389,64,33,79,16,0,0,0,0,0,0,0,-32286,0,0,0,0,0,2821182,0
2749581,6384,-6464,2098,1749,-933,-946,10545,-183,-101,15,-160,19389,59,33,79,16,0,0,0,0,0,0,0,-32286,0,0,0,0,0,2821187,0
2749586,5566,-4708,1918,1039,-700,-918,10477,-308,-203,18,-352,19389,59,33,79,16,0,0,0,0,0,0,0,-32286,0,0,0,0,0,2821202,0
2749591,5570,-5298,992,365,-624,-815,10382,-423,-302,24,-576,19390,59,33,79,16,0,0,0,0,0,0,0,-32286,0,0,0,0,0,2821207,0
2749596,4496,-6810,1628,-3,-352,-577,10256,-573,-383,37,-1048,19390,59,33,79,16,0,0,0,0,0,0,0,-32286,0,0,0,0,0,2821222,0
2749601,4580,-7614,1648,204,-377,-438,10091,-742,-442,15,-1456,19392,55,33,79,16,0,0,0,0,0,0,0,-32286,0,0,0,0,0,2821227,0
2749606,4516,-7456,2060,345,-273,-266,9882,-934,-508,13,-1872,19392,55,33,79,16,0,0,0,0,0,0,0,-32286,0,0,0,0,0,2821241,0
2749611,4550,-7254,2322,368,-150,-75,9631,-1122,-566,11,-2296,19392,58,33,79,16,0,0,0,0,0,0,0,-32286,0,0,0,0,0,2821246,0
2749616,5108,-6488,2310,119,126,387,9336,-1317,-627,9,-2728,19392,58,33,79,16,0,0,0,0,0,0,0,-32286,0,0,0,0,0,2821261,0
2749621,5290,-6378,2106,-68,305,629,8995,-1514,-659,2,-3120,19392,60,33,79,16,0,0,0,0,0,0,0,-32286,0,0,0,0,0,2821266,0
2749626,5556,-6272,2188,-328,520,902,8614,-1690,-668,-8,-3448,19392,60,33,79,16,0,0,0,0,0,0,0,-32286,0,0,0,0,0,2821281,0
2749631,4954,-6104,1990,-335,517,1034,8201,-1834,-649,-21,-3696,19391,70,33,79,16,0,0,0,0,0,0,0,-32286,0,0,0,0,0,2821286,0
2749636,6002,-5148,1128,45,204,1244,7761,-1952,-597,-20,-3912,19391,70,33,79,16,0,0,0,0,0,0,0,-32286,0,0,0,0,0,2821301,0
2749641,6588,-3694,778,-53,140,1260,7301,-2030,-508,-14,-4040,19391,72,33,79,16,0,0,0,0,0,0,0,-32286,0,0,0,0,0,2821306,0
2749646,7312,-2876,432,-269,131,1295,6829,-2080,-404,-9,-4144,19391,72,33,79,16,0,0,0,0,0,0,0,-32286,0,0,0,0,0,2821321,0
2749651,7596,-2204,204,-559,29,1287,6355,-2090,-294,-2,-4152,19392,85,33,79,16,0,0,0,0,0,0,0,-32286,0,0,0,0,0,2821326,0
2749656,8862,-1486,44,-870,-164,1192,5880,-2088,-188,3,-4144,19392,85,33,79,16,0,0,0,0,0,0,0,-32286,0,0,0,0,0,2821341,0
2749661,9294,-1232,140,-913,-308,1114,5404,-2087,-92,-4,-4128,19391,85,33,79,16,0,0,0,0,0,0,0,-32286,0,0,0,0,0,2821346,0
2749666,9612,-886,266,-1002,-451,1012,4929,-2081,-31,-10,-4088,19391,85,33,79,16,0,0,0,0,0,0,0,-32286,0,0,0,0,0,2821361,0
2749671,10312,-482,496,-1056,-571,873,4462,-2061,5,-20,-4000,19387,91,33,79,16,0,0,0,0,0,0,0,-32286,0,0,0,0,0,2821366,0
2749676,11144,-264,1242,-882,-719,510,4002,-2019,39,-17,-3872,19387,91,33,79,16,0,0,0,0,0,0,0,-32286,0,0,0,0,0,2821381,0
2749681,11398,-314,1308,-811,-794,357,3555,-1962,83,-7,-3744,19385,87,33,79,16,0,0,0,0,0,0,0,-32286,0,0,0,0,0,2821386,0
2749686,11518,-96,1386,-870,-775,227,3120,-1900,124,1,-3608,19385,87,33,79,16,0,0,0,0,0,0,0,-32286,0,0,0,0,0,2821401,0
2749691,11776,-4,1768,-1016,-535,138,2704,-1820,170,7,-3496,19384,85,33,79,16,0,0,0,0,0,0,0,-32286,0,0,0,0,0,2821406,0
2749696,11218,-1022,2754,-1188,-82,13,2303,-1756,214,9,-3376,19384,85,33,79,16,0,0,0,0,0,0,0,-32286,0,0,0,0,0,2821421,0
2749701,10948,-1462,2990,-1147,195,-21,1921,-1677,242,1,-3216,19385,77,33,79,16,0,0,0,0,0,0,0,-32286,0,0,0,0,0,2821426,0
2749706,10574,-1538,3002,-1129,499,-45,1554,-1608,252,-3,-3056,19385,77,33,79,16,0,0,0,0,0,0,0,-32286,0,0,0,0,0,2821441,0
2749711,10040,-1804,2908,-1143,793,-64,1201,-1544,250,-9,-2888,19386,76,33,79,16,0,0,0,0,0,0,0,-32286,0,0,0,0,0,2821446,0
2749716,8912,-2242,2494,-1176,1285,-32,863,-1479,237,-11,-2736,19386,76,33,79,16,0,0,0,0,0,0,0,-32286,0,0,0,0,0,2821461,0
2749721,8598,-2706,1958,-1162,1454,11,543,-1400,239,-10,-2544,19386,78,33,79,16,0,0,0,0,0,0,0,-32286,0,0,0,0,0,2821466,0
2749726,7962,-2702,1476,-1131,1594,43,242,-1316,245,-8,-2344,19386,78,33,79,16,0,0,0,0,0,0,0,-32286,0,0,0,0,0,2821481,0
2749731,7542,-2774,1150,-1115,1676,93,-39,-1227,261,-11,-2136,19389,78,33,79,16,0,0,0,0,0,0,0,-32286,0,0,0,0,0,2821486,0
2749736,6756,-2700,368,-1226,1683,201,-300,-1132,287,-11,-1912,19389,78,33,79,16,0,0,0,0,0,0,0,-32286,0,0,0,0,0,2821501,0
2749741,6502,-2648,36,-1187,1628,196,-538,-1044,303,-5,-1712,19390,79,33,79,16,0,0,0,0,0,0,0,-32286,0,0,0,0,0,2821506,0
2749746,6366,-2642,-296,-1039,1466,181,-754,-940,320,2,-1504,19390,79,33,79,16,0,0,0,0,0,0,0,-32286,0,0,0,0,0,2821521,0
2749751,6222,-2460,-648,-911,1264,177,-952,-874,325,5,-1376,19392,73,33,79,16,0,0,0,0,0,0,0,-32286,0,0,0,0,0,2821526,0
2749756,6318,-1874,-798,-1038,988,211,-1132,-781,310,5,-1192,19392,73,33,79,16,0,0,0,0,0,0,0,-32286,0,0,0,0,0,2821541,0
2749761,6254,-1580,-592,-1209,927,225,-1302,-736,285,6,-1112,19390,75,33,79,16,0,0,0,0,0,0,0,-32286,0,0,0,0,0,2821546,0
2749766,6322,-1676,-478,-1337,861,238,-1460,-689,247,2,-1000,19390,75,33,79,16,0,0,0,0,0,0,0,-32286,0,0,0,0,0,2821561,0
2749771,6392,-1878,-340,-1441,812,288,-1603,-626,211,-4,-872,19389,70,33,79,16,0,0,0,0,0,0,0,-32286,0,0,0,0,0,2821566,0
2749776,6510,-1932,306,-1534,781,337,-1742,-602,189,1,-840,19389,70,33,79,16,0,0,0,0,0,0,0,-32286,0,0,0,0,0,2821581,0
2749781,6626,-1980,574,-1534,789,335,-1869,-560,165,0,-720,19390,68,33,79,16,0,0,0,0,0,0,0,-32286,0,0,0,0,0,2821586,0
2749786,6812,-2010,762,-1551,806,366,-1984,-505,153,2,-584,19390,68,33,79,16,0,0,0,0,0,0,0,-32286,0,0,0,0,0,2821601,0
2749791,6844,-2060,1020,-1561,835,381,-2091,-469,158,14,-520,19390,70,33,79,16,0,0,0,0,0,0,0,-32286,0,0,0,0,0,2821606,0
2749796,7148,-1848,1224,-1529,894,390,-2190,-430,148,8,-432,19390,70,33,79,16,0,0,0,0,0,0,0,-32286,0,0,0,0,0,2821621,0
2749801,7180,-1806,1194,-1556,902,381,-2283,-401,140,1,-400,19391,62,33,79,16,0,0,0,0,0,0,0,-32286,0,0,0,0,0,2821626,0
2749806,7254,-1770,1220,-1540,946,376,-2367,-367,131,-12,-304,19391,62,33,79,16,0,0,0,0,0,0,0,-32286,0,0,0,0,0,2821641,0
2749811,7156,-1580,1212,-1551,988,352,-2442,-326,118,-11,-240,19389,61,33,79,16,0,0,0,0,0,0,0,-32286,0,0,0,0,0,2821646,0
2749816,6852,-1520,1140,-1565,1010,289,-2516,-314,113,-4,-232,19389,61,33,79,16,0,0,0,0,0,0,0,-32286,0,0,0,0,0,2821661,0
2749821,6786,-1494,950,-1510,1000,238,-2581,-283,105,-5,-168,19389,62,33,79,16,0,0,0,0,0,0,0,-32286,0,0,0,0,0,2821666,0
2749826,6594,-1494,774,-1463,1009,208,-2641,-256,90,-4,-136,19389,62,33,79,16,0,0,0,0,0,0,0,-32286,0,0,0,0,0,2821681,0
2749831,6360,-1530,676,-1473,1004,204,-2697,-238,91,2,-104,19390,67,33,79,16,0,0,0,0,0,0,0,-32286,0,0,0,0,0,2821686,0
2749836,5860,-1380,628,-1418,1011,94,-2745,-212,82,1,-88,19390,67,33,79,16,0,0,0,0,0,0,0,-32286,0,0,0,0,0,2821701,0
2749841,5728,-1588,414,-1386,998,104,-2781,-160,101,6,-72,19391,69,33,79,16,0,0,0,0,0,0,0,-32286,0,0,0,0,0,2821706,0
2749846,5394,-1484,316,-1392,950,65,-2810,-119,116,8,-40,19391,69,33,79,16,0,0,0,0,0,0,0,-32286,0,0,0,0,0,2821721,0
2749851,5470,-1598,138,-1349,907,57,-2825,-60,141,-1,-24,19397,75,33,79,16,0,0,0,0,0,0,0,-32286,0,0,0,0,0,2821726,0
2749856,5002,-1566,2,-1346,805,64,-2835,-36,150,0,-16,19397,75,33,79,16,0,0,0,0,0,0,0,-32286,0,0,0,0,0,2821741,0
2749861,5028,-1588,-144,-1351,758,84,-2842,-31,137,0,-16,19403,77,33,79,16,0,0,0,0,0,0,0,-32286,0,0,0,0,0,2821746,0
2749866,4964,-1488,-146,-1397,720,97,-2844,-11,111,-1,-8,19403,77,33,79,16,0,0,0,0,0,0,0,-32286,0,0,0,0,0,2821761,0
2749871,5006,-1506,-128,-1432,701,104,-2844,2,79,-3,-8,19404,73,33,79,16,0,0,0,0,0,0,0,-32286,0,0,0,0,0,2821765,0
2749876,5032,-1632,-14,-1441,662,129,-2844,5,51,0,-8,19404,73,33,79,16,0,0,0,0,0,0,0,-32286,0,0,0,0,0,2821780,0
2749881,5154,-1762,4,-1430,638,136,-2842,10,32,0,0,19397,69,33,79,16,0,0,0,0,0,0,0,-32286,0,0,0,0,0,2821785,0
2749886,5294,-1774,60,-1400,628,151,-2843,5,22,1,0,19397,69,33,79,16,0,0,0,0,0,0,0,-32286,0,0,0,0,0,2821800,0
2749891,5418,-1822,138,-1381,604,142,-2842,0,5,2,0,19391,64,33,79,16,0,0,0,0,0,0,0,-32285,0,0,0,0,0,2821805,0
2749896,5782,-1906,180,-1262,532,103,-2842,9,-3,2,0,19391,64,33,79,16,0,0,0,0,0,0,0,-32286,0,0,0,0,0,2821820,0
2749901,5918,-1910,236,-1224,500,83,-2843,-5,0,2,0,19388,61,33,79,16,0,0,0,0,0,0,0,-32286,0,0,0,0,0,2821825,0
2749906,6156,-1974,268,-1197,472,69,-2843,-3,-5,0,0,19388,61,33,79,16,0,0,0,0,0,0,0,-32286,0,0,0,0,0,2821840,0
2749911,6322,-2018,296,-1197,454,63,-2843,-3,-4,1,0,19388,58,33,79,16,0,0,0,0,0,0,0,-32286,0,0,0,0,0,2821845,0
2749916,6742,-2212,394,-1119,408,39,-2843,-4,1,1,-8,19388,58,33,79,16,0,0,0,0,0,0,0,-32286,0,0,0,0,0,2821860,0
2749921,6762,-2302,414,-1099,365,26,-2843,-3,-1,0,0,19387,64,33,79,16,0,0,0,0,0,0,0,-32286,0,0,0,0,0,2821865,0
2749926,6934,-2388,370,-1047,341,23,-2842,6,2,0,0,19387,64,33,79,16,0,0,0,0,0,0,0,-32286,0,0,0,0,0,2821880,0
2749931,6988,-2390,382,-1036,314,26,-2842,7,0,0,0,19388,60,33,79,16,0,0,0,0,0,0,0,-32286,0,0,0,0,0,2821885,0
2749936,7072,-2320,316,-1036,195,4,-2841,7,6,1,-8,19388,60,33,79,16,0,0,0,0,0,0,0,-32286,0,0,0,0,0,2821900,0
2749941,7262,-2512,298,-1008,132,-1,-2841,2,4,3,-8,19391,65,33,79,16,0,0,0,0,0,0,0,-32286,0,0,0,0,0,2821905,0
2749946,7186,-2462,320,-992,96,-19,-2841,-1,0,1,-8,19391,65,33,79,16,0,0,0,0,0,0,0,-32286,0,0,0,0,0,2821920,0
2749951,7264,-2498,348,-993,60,-11,-2842,-8,-7,0,-8,19392,63,33,79,16,0,0,0,0,0,0,0,-32286,0,0,0,0,0,2821925,0
2749956,7236,-2610,450,-1036,-5,-16,-2841,1,-6,0,0,19392,63,33,79,16,0,0,0,0,0,0,0,-32286,0,0,0,0,0,2821940,0
2749961,7294,-2746,528,-1008,-20,-17,-2840,3,-2,0,0,19391,68,33,79,16,0,0,0,0,0,0,0,-32286,0,0,0,0,0,2821945,0
2749966,7220,-2796,678,-931,-45,-8,-2841,2,2,1,0,19391,68,33,79,16,0,0,0,0,0,0,0,-32286,0,0,0,0,0,2821960,0
2749971,7332,-2844,764,-849,-75,1,-2841,-5,-1,0,0,19388,67,33,79,16,0,0,0,0,0,0,0,-32286,0,0,0,0,0,2821965,0
2749976,7558,-2778,946,-772,-87,10,-2840,0,0,0,0,19388,67,33,79,16,0,0,0,0,0,0,0,-32286,0,0,0,0,0,2821980,0
2749981,7646,-2670,1080,-751,-64,21,-2841,-4,-4,0,0,19386,67,33,79,16,0,0,0,0,0,0,0,-32286,0,0,0,0,0,2821985,0
2749986,7812,-2616,1188,-720,-29,47,-2840,-1,1,0,0,19386,67,33,79,16,0,0,0,0,0,0,0,-32286,0,0,0,0,0,2822000,0
2749991,7944,-2546,1288,-702,-5,47,-2839,2,-1,1,0,19386,58,33,79,16,0,0,0,0,0,0,0,-32286,0,0,0,0,0,2822005,0
2749996,8280,-2430,1376,-646,81,52,-2839,0,1,1,0,19386,58,33,79,16,0,0,0,0,0,0,0,-32285,0,0,0,0,0,2822020,0
2750001,8354,-2352,1408,-626,101,53,-2839,0,2,1,-8,19387,53,33,79,16,0,0,0,0,0,0,0,-32285,0,0,0,0,0,2822025,0
2750006,8532,-2272,1402,-604,130,58,-2839,0,0,0,0,19387,53,33,79,16,0,0,0,0,0,0,0,-32286,0,0,0,0,0,2822040,0
2750011,8630,-2220,1396,-592,153,65,-2839,5,-3,0,0,19387,48,33,79,16,0,0,0,0,0,0,0,-32286,0,0,0,0,0,2822045,0
2750016,8860,-2162,1452,-595,207,63,-2839,0,0,0,0,19387,48,33,79,16,0,0,0,0,0,0,0,-32286,0,0,0,0,0,2822060,0
2750021,8936,-2100,1468,-592,237,63,-2839,2,2,0,0,19388,46,33,79,16,0,0,0,0,0,0,0,-32286,0,0,0,0,0,2822065,0
2750026,8962,-1996,1520,-594,256,58,-2838,1,2,0,0,19388,46,33,79,16,0,0,0,0,0,0,0,-32286,0,0,0,0,0,2822080,0
2750031,9022,-1952,1552,-592,286,56,-2838,1,-1,0,0,19388,45,33,79,16,0,0,0,0,0,0,0,-32286,0,0,0,0,0,2822085,0
2750036,9040,-1946,1628,-608,354,50,-2838,-4,-1,1,0,19388,45,33,79,16,0,0,0,0,0,0,0,-32286,0,0,0,0,0,2822100,0
2750041,9040,-1946,1664,-599,391,45,-2837,0,1,2,0,19391,60,33,79,16,0,0,0,0,0,0,0,-32286,0,0,0,0,0,2822105,0
2750046,9052,-1846,1722,-582,416,45,-2835,9,2,1,0,19391,60,33,79,16,0,0,0,0,0,0,0,-32286,0,0,0,0,0,2822120,0
2750051,9014,-1790,1788,-544,438,6,-2838,-6,-5,1,0,19391,82,33,79,16,0,0,0,0,0,0,0,-32285,0,0,0,0,0,2822125,0
2750056,8956,-1558,1762,-531,519,-19,-2835,2,2,0,0,19391,82,33,79,16,0,0,0,0,0,0,0,-32286,0,0,0,0,0,2822140,0
2750061,8820,-1480,1798,-577,573,-35,-2834,9,2,0,0,19391,81,33,79,16,0,0,0,0,0,0,0,-32286,0,0,0,0,0,2822145,0
2750066,8758,-1414,1744,-610,605,-48,-2834,5,3,0,0,19391,81,33,79,16,0,0,0,0,0,0,0,-32286,0,0,0,0,0,2822160,0
2750071,8714,-1412,1696,-608,652,-43,-2834,-1,0,0,0,19387,78,33,79,16,0,0,0,0,0,0,0,-32286,0,0,0,0,0,2822165,0
2750076,8470,-1296,1772,-627,702,-69,-2832,11,5,-1,0,19387,78,33,79,16,0,0,0,0,0,0,0,-32286,0,0,0,0,0,2822180,0
2750081,8392,-1282,1712,-638,714,-75,-2831,9,2,0,8,19388,56,33,79,16,0,0,0,0,0,0,0,-32286,0,0,0,0,0,2822185,0
2750086,8270,-1172,1618,-649,719,-80,-2830,10,5,0,0,19388,56,33,79,16,0,0,0,0,0,0,0,-32286,0,0,0,0,0,2822200,0
2750091,8270,-1062,1566,-672,753,-71,-2827,14,4,0,8,19388,59,33,79,16,0,0,0,0,0,0,0,-32286,0,0,0,0,0,2822205,0
2750096,8016,-1144,1398,-798,771,-59,-2820,27,23,0,16,19388,59,33,79,16,0,0,0,0,0,0,0,-32286,0,0,0,0,0,2822220,0
2750101,8014,-1118,1286,-808,728,-56,-2805,66,35,-3,40,19389,62,33,79,16,0,0,0,0,0,0,0,-32286,0,0,0,0,0,2822225,0
2750106,7984,-1012,1250,-826,711,-47,-2780,115,73,-3,56,19389,62,33,79,16,0,0,0,0,0,0,0,-32286,0,0,0,0,0,2822240,0
2750111,7900,-902,1280,-901,709,-28,-2750,124,96,1,64,19388,66,33,79,16,0,0,0,0,0,0,0,-32286,0,0,0,0,0,2822245,0
2750116,8124,-1008,1114,-1044,624,-25,-2711,175,110,-3,96,19388,66,33,79,16,0,0,0,0,0,0,0,-32286,0,0,0,0,0,2822260,0
2750121,8244,-1030,1244,-1135,551,-44,-2663,214,126,2,144,19388,70,33,79,16,0,0,0,0,0,0,0,-32286,0,0,0,0,0,2822265,0
2750126,8758,-1576,1320,-1216,505,-3,-2609,235,118,0,144,19388,70,33,79,16,0,0,0,0,0,0,0,-32286,0,0,0,0,0,2822280,0
2750131,9166,-1736,1572,-1298,428,-13,-2546,277,116,-2,232,19388,64,33,79,16,0,0,0,0,0,0,0,-32286,0,0,0,0,0,2822285,0
2750136,10548,-2592,1992,-1463,357,18,-2469,344,134,-8,328,19388,64,33,79,16,0,0,0,0,0,0,0,-32286,0,0,0,0,0,2822300,0
2750141,11228,-3048,2094,-1513,309,20,-2381,396,150,-21,488,19388,62,33,79,16,0,0,0,0,0,0,0,-32286,0,0,0,0,0,2822304,0
2750146,11986,-3710,2086,-1506,298,33,-2271,485,182,-33,720,19388,62,33,79,16,0,0,0,0,0,0,0,-32286,0,0,0,0,0,2822319,0
2750151,12408,-4376,2136,-1471,275,21,-2141,574,235,-9,960,19387,64,33,79,16,0,0,0,0,0,0,0,-32286,0,0,0,0,0,2822324,0
2750156,13336,-5666,1920,-1188,143,-48,-1990,667,278,4,1160,19387,64,33,79,16,0,0,0,0,0,0,0,-32286,0,0,0,0,0,2822339,0
2750161,13428,-5810,1882,-943,114,-141,-1816,762,305,5,1352,19389,58,33,79,16,0,0,0,0,0,0,0,-32286,0,0,0,0,0,2822344,0
2750166,13238,-5712,1862,-726,107,-245,-1628,833,317,0,1504,19389,58,33,79,16,0,0,0,0,0,0,0,-32286,0,0,0,0,0,2822359,0
2750171,12580,-5572,1864,-709,195,-331,-1423,894,300,4,1616,19390,59,33,79,16,0,0,0,0,0,0,0,-32286,0,0,0,0,0,2822364,0
2750176,11084,-6138,1770,-640,430,-471,-1206,961,265,3,1736,19390,59,33,79,16,0,0,0,0,0,0,0,-32286,0,0,0,0,0,2822379,0
2750181,10086,-6686,1668,-551,478,-523,-985,982,223,10,1768,19389,58,33,79,16,0,0,0,0,0,0,0,-32286,0,0,0,0,0,2822384,0
2750186,9126,-7226,1524,-391,461,-561,-758,1008,172,6,1792,19389,58,33,79,16,0,0,0,0,0,0,0,-32286,0,0,0,0,0,2822399,0
2750191,8220,-7726,1320,-251,382,-571,-528,1004,114,13,1760,19389,63,33,79,16,0,0,0,0,0,0,0,-32286,0,0,0,0,0,2822404,0
2750196,6302,-8340,772,6,211,-519,-299,1011,77,6,1752,19389,63,33,79,16,0,0,0,0,0,0,0,-32286,0,0,0,0,0,2822419,0
2750201,5878,-8482,766,207,59,-474,-74,985,32,7,1696,19387,58,33,79,16,0,0,0,0,0,0,0,-32286,0,0,0,0,0,2822424,0
2750206,5248,-8264,1032,391,-8,-419,146,973,-8,5,1640,19387,58,33,79,16,0,0,0,0,0,0,0,-32286,0,0,0,0,0,2822439,0
2750211,4872,-8222,924,545,-62,-341,359,926,-46,1,1544,19387,53,33,79,16,0,0,0,0,0,0,0,-32286,0,0,0,0,0,2822444,0
2750216,4234,-7394,844,694,-66,-145,566,904,-72,3,1480,19387,53,33,79,16,0,0,0,0,0,0,0,-32286,0,0,0,0,0,2822459,0
2750221,4204,-6886,558,717,-65,-61,761,857,-100,3,1368,19387,54,33,79,16,0,0,0,0,0,0,0,-32286,0,0,0,0,0,2822464,0
2750226,3860,-6140,452,775,-97,-34,944,803,-125,0,1264,19387,54,33,79,16,0,0,0,0,0,0,0,-32286,0,0,0,0,0,2822479,0
2750231,3862,-5666,130,888,-156,-2,1116,749,-149,0,1128,19388,62,33,79,16,0,0,0,0,0,0,0,-32286,0,0,0,0,0,2822484,0
2750236,3496,-4476,-352,1108,-359,-38,1274,688,-171,5,1000,19388,62,33,79,16,0,0,0,0,0,0,0,-32286,0,0,0,0,0,2822499,0
2750241,3496,-3986,-580,1140,-443,-30,1421,638,-185,-2,904,19387,65,33,79,16,0,0,0,0,0,0,0,-32286,0,0,0,0,0,2822507,0
2750246,3494,-3452,-720,1041,-498,10,1553,573,-191,0,704,19387,65,33,79,16,0,0,0,0,0,0,0,-32286,0,0,0,0,0,2822522,0
2750251,3592,-2916,-752,870,-511,30,1669,506,-206,-2,560,19390,58,33,79,16,0,0,0,0,0,0,0,-32286,0,0,0,0,0,2822527,0
2750256,3818,-2572,-528,522,-351,57,1774,451,-212,-20,472,19390,58,33,79,16,0,0,0,0,0,0,0,-32286,0,0,0,0,0,2822542,0
2750261,3776,-2726,-300,411,-267,85,1869,417,-201,-16,424,19390,65,33,79,16,0,0,0,0,0,0,0,-32286,0,0,0,0,0,2822547,0
2750266,3914,-2868,-228,366,-171,137,1956,365,-183,8,312,19390,65,33,79,16,0,0,0,0,0,0,0,-32286,0,0,0,0,0,2822562,0
2750271,3958,-3072,-96,305,-134,180,2035,342,-161,12,264,19390,69,33,79,16,0,0,0,0,0,0,0,-32287,0,0,0,0,0,2822567,0
2750276,4430,-3258,-96,311,-130,271,2107,318,-132,5,224,19390,69,33,79,16,0,0,0,0,0,0,0,-32286,0,0,0,0,0,2822582,0
2750281,4814,-3406,-142,342,-188,307,2178,314,-108,-2,224,19389,73,33,79,16,0,0,0,0,0,0,0,-32286,0,0,0,0,0,2822587,0
2750286,5042,-3434,-104,304,-278,347,2250,317,-80,0,232,19389,73,33,79,16,0,0,0,0,0,0,0,-32286,0,0,0,0,0,2822602,0
2750291,5494,-3506,-132,251,-381,382,2321,308,-33,-7,240,19389,71,33,79,16,0,0,0,0,0,0,0,-32286,0,0,0,0,0,2822607,0
2750296,6396,-3588,66,131,-565,486,2389,295,-16,6,192,19389,71,33,79,16,0,0,0,0,0,0,0,-32286,0,0,0,0,0,2822622,0
2750301,7188,-3838,106,105,-623,542,2455,283,-19,0,184,19390,71,33,79,16,0,0,0,0,0,0,0,-32286,0,0,0,0,0,2822627,0
2750306,7512,-3938,282,75,-662,608,2519,276,-31,-5,192,19390,71,33,79,16,0,0,0,0,0,0,0,-32286,0,0,0,0,0,2822642,0
2750311,7826,-3846,492,38,-719,622,2580,261,-37,0,168,19390,74,33,79,16,0,0,0,0,0,0,0,-32286,0,0,0,0,0,2822647,0
2750316,8586,-3582,616,-17,-723,589,2642,274,-28,0,184,19390,74,33,79,16,0,0,0,0,0,0,0,-32286,0,0,0,0,0,2822662,0
2750321,8880,-3574,588,-73,-684,571,2707,278,-14,0,200,19388,68,33,79,16,0,0,0,0,0,0,0,-32286,0,0,0,0,0,2822667,0
2750326,8894,-3498,556,-99,-635,533,2772,288,2,6,192,19388,68,33,79,16,0,0,0,0,0,0,0,-32286,0,0,0,0,0,2822682,0
2750331,8726,-3342,488,-120,-563,460,2834,269,6,7,152,19387,65,33,79,16,0,0,0,0,0,0,0,-32286,0,0,0,0,0,2822687,0
2750336,8618,-2988,148,-97,-430,235,2895,264,-2,0,168,19387,65,33,79,16,0,0,0,0,0,0,0,-32286,0,0,0,0,0,2822702,0
2750341,8422,-3074,-48,-102,-372,154,2957,267,-7,0,160,19387,66,33,79,16,0,0,0,0,0,0,0,-32286,0,0,0,0,0,2822707,0
2750346,8008,-3018,-110,-118,-335,51,3017,258,-11,5,152,19387,66,33,79,16,0,0,0,0,0,0,0,-32286,0,0,0,0,0,2822722,0
2750351,7694,-2936,-154,-101,-332,-87,3080,277,-7,-6,184,19387,72,33,79,16,0,0,0,0,0,0,0,-32286,0,0,0,0,0,2822727,0
2750356,7028,-3620,-320,-74,-423,-206,3146,291,5,3,208,19387,72,33,79,16,0,0,0,0,0,0,0,-32286,0,0,0,0,0,2822742,0
2750361,6720,-3944,-340,-50,-532,-239,3216,316,23,-4,248,19390,77,33,79,16,0,0,0,0,0,0,0,-32286,0,0,0,0,0,2822747,0
2750366,6260,-4180,-338,-25,-620,-245,3286,326,37,4,256,19390,77,33,79,16,0,0,0,0,0,0,0,-32287,0,0,0,0,0,2822762,0
2750371,5988,-4198,-238,9,-736,-273,3361,327,43,1,264,19389,74,33,79,16,0,0,0,0,0,0,0,-32286,0,0,0,0,0,2822767,0
2750376,5822,-4400,-104,138,-909,-282,3434,325,30,0,264,19389,74,33,79,16,0,0,0,0,0,0,0,-32286,0,0,0,0,0,2822781,0
2750381,5994,-4450,40,230,-987,-301,3510,330,31,1,256,19391,67,33,79,16,0,0,0,0,0,0,0,-32286,0,0,0,0,0,2822786,0
2750386,6176,-4466,176,353,-1021,-296,3590,355,15,-5,320,19391,67,33,79,16,0,0,0,0,0,0,0,-32287,0,0,0,0,0,2822801,0
2750391,6272,-4310,410,470,-1047,-312,3676,388,32,-8,384,19390,58,33,79,16,0,0,0,0,0,0,0,-32287,0,0,0,0,0,2822806,0
2750396,6666,-4070,674,691,-1039,-285,3765,386,53,-1,360,19390,58,33,79,16,0,0,0,0,0,0,0,-32286,0,0,0,0,0,2822821,0
2750401,7002,-3976,682,734,-1018,-269,3856,392,62,-2,392,19390,59,33,79,16,0,0,0,0,0,0,0,-32286,0,0,0,0,0,2822831,0
2750406,7112,-3822,756,760,-938,-227,3946,395,49,-2,392,19390,59,33,79,16,0,0,0,0,0,0,0,-32286,0,0,0,0,0,2822841,0
2750411,7160,-3628,852,782,-914,-225,4038,406,30,-8,424,19389,61,33,79,16,0,0,0,0,0,0,0,-32286,0,0,0,0,0,2822846,0
2750416,7346,-3468,854,950,-812,-215,4134,428,22,-9,480,19389,61,33,79,16,0,0,0,0,0,0,0,-32286,0,0,0,0,0,2822861,0
2750421,7416,-3384,782,992,-762,-169,4231,421,30,2,456,19389,61,33,79,16,0,0,0,0,0,0,0,-32286,0,0,0,0,0,2822866,0
2750426,7368,-3088,796,1008,-736,-148,4327,418,25,4,432,19389,61,33,79,16,0,0,0,0,0,0,0,-32286,0,0,0,0,0,2822881,0
2750431,7442,-3038,642,992,-664,-100,4419,407,14,2,416,19390,53,33,79,16,0,0,0,0,0,0,0,-32286,0,0,0,0,0,2822886,0
2750436,7502,-2888,498,1019,-592,-75,4514,419,0,-3,464,19390,53,33,79,16,0,0,0,0,0,0,0,-32286,0,0,0,0,0,2822901,0
2750441,7342,-2764,474,1043,-576,-54,4614,439,-8,-8,488,19393,51,33,79,16,0,0,0,0,0,0,0,-32286,0,0,0,0,0,2822906,0
2750446,7338,-2722,376,1015,-563,-22,4705,404,1,8,400,19393,51,33,79,16,0,0,0,0,0,0,0,-32286,0,0,0,0,0,2822921,0
2750451,7256,-2668,286,972,-556,8,4796,390,-3,4,368,19393,61,33,79,16,0,0,0,0,0,0,0,-32286,0,0,0,0,0,2822926,0
2750456,7000,-2696,116,917,-585,63,4883,384,-27,1,376,19393,61,33,79,16,0,0,0,0,0,0,0,-32286,0,0,0,0,0,2822941,0
2750461,6996,-2848,94,931,-594,104,4974,401,-26,0,392,19392,70,33,79,16,0,0,0,0,0,0,0,-32286,0,0,0,0,0,2822946,0
2750466,6760,-2860,110,941,-644,126,5063,393,-23,-2,392,19392,70,33,79,16,0,0,0,0,0,0,0,-32286,0,0,0,0,0,2822961,0
2750471,6772,-3014,-104,953,-696,170,5149,372,-6,8,328,19390,61,33,79,16,0,0,0,0,0,0,0,-32286,0,0,0,0,0,2822966,0
2750476,6866,-2782,-144,927,-763,212,5231,360,-14,6,296,19390,61,33,79,16,0,0,0,0,0,0,0,-32286,0,0,0,0,0,2822981,0
2750481,6780,-2660,-82,884,-773,228,5312,348,-27,1,280,19388,67,33,79,16,0,0,0,0,0,0,0,-32286,0,0,0,0,0,2822986,0
2750486,6922,-2724,-70,860,-780,246,5391,343,-44,-2,288,19388,67,33,79,16,0,0,0,0,0,0,0,-32286,0,0,0,0,0,2823001,0
2750491,6932,-2598,-36,847,-777,255,5468,335,-37,0,256,19388,69,33,79,16,0,0,0,0,0,0,0,-32286,0,0,0,0,0,2823006,0
2750496,7030,-2634,-36,787,-761,265,5541,329,-31,0,232,19388,69,33,79,16,0,0,0,0,0,0,0,-32286,0,0,0,0,0,2823021,0
2750501,7090,-2400,48,741,-761,248,5607,293,-44,3,184,19388,81,33,79,16,0,0,0,0,0,0,0,-32286,0,0,0,0,0,2823026,0
2750506,7324,-2474,2,733,-709,235,5668,271,-56,-5,160,19388,81,33,79,16,0,0,0,0,0,0,0,-32286,0,0,0,0,0,2823041,0
2750511,7362,-2570,64,716,-666,261,5721,233,-81,-5,104,19390,83,33,79,16,0,0,0,0,0,0,0,-32286,0,0,0,0,0,2823046,0
2750516,7504,-2618,294,738,-591,238,5765,188,-101,-8,88,19390,83,33,79,16,0,0,0,0,0,0,0,-32286,0,0,0,0,0,2823061,0
2750521,7744,-2704,308,760,-523,252,5805,170,-109,-5,64,19390,68,33,79,16,0,0,0,0,0,0,0,-32286,0,0,0,0,0,2823066,0
2750526,7670,-2564,482,756,-460,223,5843,166,-95,-2,72,19390,68,33,79,16,0,0,0,0,0,0,0,-32286,0,0,0,0,0,2823081,0
2750531,7898,-2720,358,771,-406,228,5876,139,-82,2,48,19390,68,33,79,16,0,0,0,0,0,0,0,-32286,0,0,0,0,0,2823086,0
2750536,8060,-2486,382,850,-326,175,5910,145,-59,-4,80,19390,68,33,79,16,0,0,0,0,0,0,0,-32286,0,0,0,0,0,2823101,0
2750541,7958,-2356,372,862,-263,157,5942,135,-37,3,56,19388,69,33,79,16,0,0,0,0,0,0,0,-32286,0,0,0,0,0,2823106,0
2750546,8004,-2270,296,882,-248,109,5979,155,-14,2,64,19388,69,33,79,16,0,0,0,0,0,0,0,-32286,0,0,0,0,0,2823121,0
2750551,8004,-2388,144,878,-177,141,6004,108,-22,6,40,19388,67,33,79,16,0,0,0,0,0,0,0,-32285,0,0,0,0,0,2823126,0
2750556,8010,-2124,86,838,-138,98,6026,101,-26,-2,40,19388,67,33,79,16,0,0,0,0,0,0,0,-32286,0,0,0,0,0,2823141,0
2750561,7742,-2076,98,812,-89,106,6049,96,-49,0,40,19389,72,33,79,16,0,0,0,0,0,0,0,-32286,0,0,0,0,0,2823146,0
2750566,7674,-2438,372,893,-132,74,6068,83,-49,2,32,19389,72,33,79,16,0,0,0,0,0,0,0,-32286,0,0,0,0,0,2823161,0
2750571,7806,-2102,-918,863,-317,92,6089,94,-37,-2,48,19392,70,33,79,16,0,0,0,0,0,0,0,-32286,0,0,0,0,0,2823166,0
2750576,7542,-1656,100,774,-106,90,6116,117,-2,0,32,19392,70,33,79,16,0,0,0,0,0,0,0,-32287,0,0,0,0,0,2823181,0
2750581,7428,-1660,186,617,-55,116,6132,70,-4,6,16,19390,65,33,79,16,0,0,0,0,0,0,0,-32286,0,0,0,0,0,2823186,0
2750586,7614,-1794,-18,505,-28,96,6147,65,-11,-3,40,19390,65,33,79,16,0,0,0,0,0,0,0,-32286,0,0,0,0,0,2823201,0
2750591,7550,-1914,-68,568,44,99,6169,88,-18,-5,40,19391,58,33,79,16,0,0,0,0,0,0,0,-32286,0,0,0,0,0,2823206,0
2750596,7148,-2140,-118,714,-48,120,6189,86,-11,0,32,19391,58,33,79,16,0,0,0,0,0,0,0,-32286,0,0,0,0,0,2823221,0
2750601,7246,-1934,-272,762,-66,115,6212,101,-1,-2,56,19391,53,33,79,16,0,0,0,0,0,0,0,-32286,0,0,0,0,0,2823226,0
2750606,7282,-1774,-312,842,-79,102,6246,157,44,-8,80,19391,53,33,79,16,0,0,0,0,0,0,0,-32286,0,0,0,0,0,2823241,0
2750611,7250,-1704,-350,852,-70,116,6286,190,68,-1,120,19391,51,33,79,16,0,0,0,0,0,0,0,-32286,0,0,0,0,0,2823246,0
2750616,7498,-1492,-438,891,-121,79,6334,214,98,-1,136,19391,51,33,79,16,0,0,0,0,0,0,0,-32286,0,0,0,0,0,2823261,0
2750621,7526,-1370,-362,916,-145,63,6394,259,118,0,176,19390,55,33,79,16,0,0,0,0,0,0,0,-32286,0,0,0,0,0,2823266,0
2750626,7658,-1418,-324,925,-146,43,6458,281,125,6,192,19390,55,33,79,16,0,0,0,0,0,0,0,-32286,0,0,0,0,0,2823281,0
2750631,7698,-1264,-276,841,-141,39,6522,284,108,11,176,19388,63,33,79,16,0,0,0,0,0,0,0,-32286,0,0,0,0,0,2823286,0
2750636,7900,-1366,-182,670,-79,59,6584,275,66,1,168,19388,63,33,79,16,0,0,0,0,0,0,0,-32286,0,0,0,0,0,2823301,0
2750641,7830,-1458,-18,551,-57,44,6646,273,28,7,160,19388,64,33,79,16,0,0,0,0,0,0,0,-32286,0,0,0,0,0,2823306,0
2750646,7948,-1544,46,498,-1,12,6706,268,-7,-6,176,19388,64,33,79,16,0,0,0,0,0,0,0,-32286,0,0,0,0,0,2823320,0
2750651,8020,-1786,94,504,44,5,6771,288,-4,-3,200,19388,68,33,79,16,0,0,0,0,0,0,0,-32286,0,0,0,0,0,2823325,0
2750656,7992,-2272,190,626,59,-39,6845,333,16,-3,264,19388,68,33,79,16,0,0,0,0,0,0,0,-32286,0,0,0,0,0,2823340,0
2750661,7970,-2442,180,664,66,-41,6922,339,53,-1,272,19388,69,33,79,16,0,0,0,0,0,0,0,-32286,0,0,0,0,0,2823345,0
2750666,7894,-2358,154,638,71,-49,6998,341,70,0,280,19388,69,33,79,16,0,0,0,0,0,0,0,-32286,0,0,0,0,0,2823360,0
2750671,8030,-2362,90,624,83,-67,7078,345,58,0,296,19388,75,33,79,16,0,0,0,0,0,0,0,-32286,0,0,0,0,0,2823365,0
2750676,7924,-2464,66,615,82,-116,7162,362,38,-6,328,19388,75,33,79,16,0,0,0,0,0,0,0,-32286,0,0,0,0,0,2823380,0
2750681,8008,-2682,12,720,78,-130,7253,399,47,-10,416,19391,75,33,79,16,0,0,0,0,0,0,0,-32286,0,0,0,0,0,2823385,0
2750686,7910,-2682,62,784,53,-153,7351,432,66,-12,480,19391,75,33,79,16,0,0,0,0,0,0,0,-32286,0,0,0,0,0,2823400,0
2750691,7980,-2694,-50,816,34,-160,7447,428,72,2,464,19392,65,33,79,16,0,0,0,0,0,0,0,-32286,0,0,0,0,0,2823405,0
2750696,8068,-2474,-122,820,34,-197,7547,433,63,0,480,19392,65,33,79,16,0,0,0,0,0,0,0,-32286,0,0,0,0,0,2823420,0
2750701,8018,-2436,-58,852,12,-219,7650,460,50,-5,552,19391,58,33,79,16,0,0,0,0,0,0,0,-32286,0,0,0,0,0,2823425,0
2750706,8124,-2512,-94,901,-6,-250,7759,478,43,-7,616,19391,58,33,79,16,0,0,0,0,0,0,0,-32286,0,0,0,0,0,2823440,0
2750711,8240,-2440,-126,971,-17,-253,7870,489,47,2,624,19387,57,33,79,16,0,0,0,0,0,0,0,-32286,0,0,0,0,0,2823445,0
2750716,8406,-2298,-154,957,-46,-252,7981,486,48,8,616,19387,57,33,79,16,0,0,0,0,0,0,0,-32286,0,0,0,0,0,2823460,0
2750721,8560,-2032,-170,958,-18,-245,8092,485,40,2,592,19387,61,33,79,16,0,0,0,0,0,0,0,-32286,0,0,0,0,0,2823465,0
2750726,8530,-1882,-102,944,-38,-233,8204,490,18,3,616,19387,61,33,79,16,0,0,0,0,0,0,0,-32286,0,0,0,0,0,2823480,0
2750731,8704,-1824,-114,934,-25,-236,8317,489,9,6,592,19388,58,33,79,16,0,0,0,0,0,0,0,-32286,0,0,0,0,0,2823485,0
2750736,8894,-1456,-50,866,11,-224,8426,482,1,2,576,19388,58,33,79,16,0,0,0,0,0,0,0,-32286,0,0,0,0,0,2823500,0
2750741,8928,-1314,0,809,70,-209,8530,457,-12,-1,512,19390,58,33,79,16,0,0,0,0,0,0,0,-32286,0,0,0,0,0,2823505,0
2750746,8964,-1022,30,745,98,-222,8631,445,-33,-4,464,19390,58,33,79,16,0,0,0,0,0,0,0,-32286,0,0,0,0,0,2823520,0
2750751,9082,-990,4,701,135,-227,8734,451,-46,-4,504,19392,53,33,79,16,0,0,0,0,0,0,0,-32287,0,0,0,0,0,2823525,0
2750756,8956,-1256,54,644,191,-228,8829,423,-36,-1,456,19392,53,33,79,16,0,0,0,0,0,0,0,-32287,0,0,0,0,0,2823540,0
2750761,8966,-1256,-14,638,212,-229,8924,408,-38,0,432,19391,58,33,79,16,0,0,0,0,0,0,0,-32286,0,0,0,0,0,2823545,0
2750766,8874,-1188,18,629,230,-231,9016,400,-46,4,408,19391,58,33,79,16,0,0,0,0,0,0,0,-32286,0,0,0,0,0,2823560,0
2750771,8966,-1284,-18,644,221,-245,9110,413,-29,-3,448,19390,61,33,79,16,0,0,0,0,0,0,0,-32286,0,0,0,0,0,2823565,0
2750776,8946,-1708,-82,789,216,-261,9208,431,-9,-6,480,19390,61,33,79,16,0,0,0,0,0,0,0,-32287,0,0,0,0,0,2823580,0
2750781,8874,-1866,-114,821,197,-265,9305,424,8,-1,472,19388,64,33,79,16,0,0,0,0,0,0,0,-32287,0,0,0,0,0,2823585,0
2750786,8904,-1982,-156,832,171,-278,9401,410,19,2,432,19388,64,33,79,16,0,0,0,0,0,0,0,-32286,0,0,0,0,0,2823600,0
2750791,9022,-2016,-202,873,182,-274,9499,430,13,-2,488,19389,66,33,79,16,0,0,0,0,0,0,0,-32286,0,0,0,0,0,2823605,0
2750796,9050,-2702,-262,1045,138,-338,9602,451,15,-13,560,19389,66,33,79,16,0,0,0,0,0,0,0,-32287,0,0,0,0,0,2823621,0
2750801,8956,-3134,-340,1183,142,-313,9704,452,19,0,544,19390,65,33,79,16,0,0,0,0,0,0,0,-32286,0,0,0,0,0,2823626,0
2750806,8944,-3230,-340,1285,95,-337,9806,447,23,9,520,19390,65,33,79,16,0,0,0,0,0,0,0,-32286,0,0,0,0,0,2823640,0
2750811,9200,-3394,-474,1404,113,-325,9903,434,10,7,480,19389,62,33,79,16,0,0,0,0,0,0,0,-32286,0,0,0,0,0,2823645,0
2750816,9136,-3318,-380,1532,38,-340,9999,430,-9,-1,480,19389,62,33,79,16,0,0,0,0,0,0,0,-32286,0,0,0,0,0,2823660,0
2750821,9110,-3170,-346,1573,-4,-341,10095,416,-31,-1,464,19388,60,33,79,16,0,0,0,0,0,0,0,-32286,0,0,0,0,0,2823665,0
2750826,9006,-2902,-366,1510,-52,-305,10180,371,-40,15,328,19388,60,33,79,16,0,0,0,0,0,0,0,-32286,0,0,0,0,0,2823680,0
2750831,9102,-2378,-316,1342,-90,-279,10257,335,-66,21,248,19388,54,33,79,16,0,0,0,0,0,0,0,-32286,0,0,0,0,0,2823685,0
2750836,8996,-2166,90,898,-84,-233,10325,296,-109,14,176,19388,54,33,79,16,0,0,0,0,0,0,0,-32286,0,0,0,0,0,2823700,0
2750841,8976,-2380,318,865,-141,-214,10385,261,-129,1,128,19388,61,33,79,16,0,0,0,0,0,0,0,-32287,0,0,0,0,0,2823705,0
2750846,8776,-2116,602,887,-223,-264,10437,227,-130,0,88,19388,61,33,79,16,0,0,0,0,0,0,0,-32286,0,0,0,0,0,2823720,0
2750851,9016,-2042,668,897,-235,-273,10481,187,-132,-4,88,19388,57,33,79,16,0,0,0,0,0,0,0,-32286,0,0,0,0,0,2823725,0
2750856,8952,-1794,918,745,-230,-250,10516,151,-126,0,48,19388,57,33,79,16,0,0,0,0,0,0,0,-32286,0,0,0,0,0,2823740,0
2750861,9074,-1974,822,656,-227,-233,10540,102,-130,-1,32,19391,59,33,79,16,0,0,0,0,0,0,0,-32286,0,0,0,0,0,2823745,0
2750866,9008,-2102,844,568,-186,-199,10548,16,-158,10,-16,19391,59,33,79,16,0,0,0,0,0,0,0,-32286,0,0,0,0,0,2823760,0
2750871,9142,-2066,808,566,-243,-255,10543,-22,-183,5,-16,19392,56,33,79,16,0,0,0,0,0,0,0,-32286,0,0,0,0,0,2823765,0
2750876,9376,-2410,866,668,-220,-338,10540,-8,-170,-2,0,19392,56,33,79,16,0,0,0,0,0,0,0,-32286,0,0,0,0,0,2823779,0
2750881,9374,-2604,746,582,-228,-333,10541,1,-126,-1,0,19390,74,33,79,16,0,0,0,0,0,0,0,-32286,0,0,0,0,0,2823784,0
2750886,9296,-2694,616,417,-273,-304,10541,1,-60,0,-8,19390,74,33,79,16,0,0,0,0,0,0,0,-32286,0,0,0,0,0,2823799,0
2750891,9330,-2690,710,209,-238,-322,10540,2,2,4,-8,19391,70,33,79,16,0,0,0,0,0,0,0,-32286,0,0,0,0,0,2823804,0
2750896,8892,-3362,1138,-157,-45,-239,10540,0,11,3,-8,19391,70,33,79,16,0,0,0,0,0,0,0,-32286,0,0,0,0,0,2823819,0
2750901,8960,-3856,1146,-245,-64,-209,10537,-2,-2,2,-8,19391,75,33,79,16,0,0,0,0,0,0,0,-32286,0,0,0,0,0,2823824,0
2750906,8686,-4044,1248,-295,13,-175,10537,3,-2,0,-8,19391,75,33,79,16,0,0,0,0,0,0,0,-32286,0,0,0,0,0,2823839,0
2750911,8112,-4144,1338,-371,15,-175,10537,0,-4,0,-8,19390,63,33,79,16,0,0,0,0,0,0,0,-32286,0,0,0,0,0,2823844,0
2750916,7416,-4732,1386,-512,33,-133,10536,1,4,0,-8,19390,63,33,79,16,0,0,0,0,0,0,0,-32286,0,0,0,0,0,2823859,0
2750921,6932,-5070,1412,-611,21,-93,10536,8,3,1,-8,19387,66,33,79,16,0,0,0,0,0,0,0,-32286,0,0,0,0,0,2823864,0
2750926,6464,-5564,1404,-649,-16,-71,10535,3,1,0,-8,19387,66,33,79,16,0,0,0,0,0,0,0,-32286,0,0,0,0,0,2823879,0
2750931,6154,-5992,1470,-588,-72,-67,10534,-11,-2,0,-16,19387,79,33,79,16,0,0,0,0,0,0,0,-32286,0,0,0,0,0,2823884,0
2750936,6984,-7438,2556,1811,-370,-880,10516,-80,-26,9,-56,19387,79,33,79,16,0,0,0,0,0,0,0,-32286,0,0,0,0,0,2823899,0
2750941,6374,-6318,2518,2432,-989,-886,10482,-161,-90,16,-112,19389,79,33,79,16,0,0,0,0,0,0,0,-32286,0,0,0,0,0,2823904,0
2750946,6278,-3858,2702,1838,-620,-896,10425,-271,-186,17,-224,19389,79,33,79,16,0,0,0,0,0,0,0,-32286,0,0,0,0,0,2823919,0
2750951,6080,-4736,1618,903,-404,-756,10337,-397,-273,19,-488,19390,78,33,79,16,0,0,0,0,0,0,0,-32286,0,0,0,0,0,2823924,0
2750956,4824,-6870,1892,222,-49,-567,10218,-541,-362,41,-872,19390,78,33,79,16,0,0,0,0,0,0,0,-32286,0,0,0,0,0,2823939,0
2750961,4450,-8136,1806,481,-179,-458,10055,-736,-444,28,-1360,19391,71,33,79,16,0,0,0,0,0,0,0,-32287,0,0,0,0,0,2823944,0
2750966,4440,-8126,2086,759,-131,-332,9853,-902,-526,7,-1752,19391,71,33,79,16,0,0,0,0,0,0,0,-32286,0,0,0,0,0,2823959,0
2750971,4188,-7674,2096,864,-54,-166,9604,-1109,-593,14,-2216,19388,77,33,79,16,0,0,0,0,0,0,0,-32287,0,0,0,0,0,2823964,0
2750976,4578,-7370,2034,298,295,445,9309,-1311,-641,6,-2624,19388,77,33,79,16,0,0,0,0,0,0,0,-32286,0,0,0,0,0,2823979,0
2750981,3204,-7318,2058,-41,495,716,9045,-1457,-670,-7,-2976,19387,74,33,79,16,0,0,0,0,0,0,0,-32286,0,0,0,0,0,2823984,0
2750986,3784,-8316,1396,248,210,893,8680,-1625,-660,-7,-3304,19387,74,33,79,16,0,0,0,0,0,0,0,-32286,0,0,0,0,0,2823999,0
2750991,4188,-7402,1298,714,71,1021,8281,-1772,-627,-12,-3584,19387,76,33,79,16,0,0,0,0,0,0,0,-32287,0,0,0,0,0,2824004,0
2750996,5230,-4898,518,685,-72,1271,7853,-1893,-569,-16,-3792,19387,76,33,79,16,0,0,0,0,0,0,0,-32286,0,0,0,0,0,2824019,0
2751001,5764,-3700,332,325,-53,1314,7402,-1992,-500,-15,-3984,19385,73,33,79,16,0,0,0,0,0,0,0,-32287,0,0,0,0,0,2824024,0
2751006,6430,-3444,200,89,-68,1347,6934,-2057,-418,-12,-4104,19385,73,33,79,16,0,0,0,0,0,0,0,-32286,0,0,0,0,0,2824039,0
2751011,6756,-3176,136,-5,-192,1352,6457,-2094,-324,-9,-4152,19385,80,33,79,16,0,0,0,0,0,0,0,-32287,0,0,0,0,0,2824044,0
2751016,8154,-2326,66,-146,-402,1307,5975,-2118,-232,-1,-4224,19385,80,33,79,16,0,0,0,0,0,0,0,-32287,0,0,0,0,0,2824059,0
2751021,8690,-2004,182,-232,-530,1258,5491,-2132,-147,4,-4240,19383,78,33,79,16,0,0,0,0,0,0,0,-32286,0,0,0,0,0,2824064,0
2751026,9116,-1610,212,-396,-639,1198,5007,-2126,-84,-5,-4216,19383,78,33,79,16,0,0,0,0,0,0,0,-32286,0,0,0,0,0,2824079,0
2751031,9798,-1160,314,-490,-727,1096,4526,-2112,-32,-15,-4152,19383,71,33,79,16,0,0,0,0,0,0,0,-32286,0,0,0,0,0,2824084,0
2751036,11066,-718,880,-395,-898,768,4048,-2092,6,-17,-4072,19383,71,33,79,16,0,0,0,0,0,0,0,-32286,0,0,0,0,0,2824099,0
2751041,11506,-552,1084,-268,-987,590,3584,-2041,51,-8,-3936,19383,74,33,79,16,0,0,0,0,0,0,0,-32286,0,0,0,0,0,2824104,0
2751046,11860,-230,1206,-265,-1059,448,3134,-1980,107,-5,-3816,19383,74,33,79,16,0,0,0,0,0,0,0,-32287,0,0,0,0,0,2824119,0
2751051,12058,164,1424,-423,-996,315,2698,-1909,158,0,-3664,19382,78,33,79,16,0,0,0,0,0,0,0,-32286,0,0,0,0,0,2824124,0
2751056,12214,-132,2258,-791,-550,110,2281,-1831,204,4,-3536,19382,78,33,79,16,0,0,0,0,0,0,0,-32286,0,0,0,0,0,2824139,0
2751061,11806,-634,2734,-814,-366,7,1880,-1763,235,11,-3408,19382,80,33,79,16,0,0,0,0,0,0,0,-32286,0,0,0,0,0,2824144,0
2751066,11636,-996,3030,-745,-106,-89,1491,-1705,242,2,-3256,19382,80,33,79,16,0,0,0,0,0,0,0,-32286,0,0,0,0,0,2824159,0
2751071,11246,-1144,3052,-754,209,-146,1117,-1647,233,-6,-3120,19382,77,33,79,16,0,0,0,0,0,0,0,-32286,0,0,0,0,0,2824164,0
2751076,10210,-1602,2784,-860,814,-174,756,-1581,219,-12,-2944,19382,77,33,79,16,0,0,0,0,0,0,0,-32287,0,0,0,0,0,2824179,0
2751081,9504,-1782,2504,-911,1018,-178,411,-1514,213,-14,-2784,19385,71,33,79,16,0,0,0,0,0,0,0,-32286,0,0,0,0,0,2824184,0
2751086,8990,-2290,2090,-939,1165,-178,80,-1439,217,-14,-2568,19385,71,33,79,16,0,0,0,0,0,0,0,-32287,0,0,0,0,0,2824198,0
2751091,8426,-2332,1726,-881,1313,-149,-227,-1350,305,-8,-2376,19385,67,33,79,16,0,0,0,0,0,0,0,-32286,0,0,0,0,0,2824203,0
2751096,7208,-2428,964,-1044,1454,-34,-514,-1251,334,-5,-2160,19385,67,33,79,16,0,0,0,0,0,0,0,-32287,0,0,0,0,0,2824218,0
2751101,7050,-2650,782,-1043,1505,1,-773,-1126,223,-5,-1880,19387,72,33,79,16,0,0,0,0,0,0,0,-32286,0,0,0,0,0,2824223,0
2751106,6528,-2598,478,-946,1452,17,-1008,-1021,262,-4,-1640,19387,72,33,79,16,0,0,0,0,0,0,0,-32286,0,0,0,0,0,2824238,0
2751111,6540,-2530,168,-803,1281,-27,-1213,-899,229,1,-1416,19387,66,33,79,16,0,0,0,0,0,0,0,-32286,0,0,0,0,0,2824243,0
2751116,6326,-2000,-392,-622,984,-76,-1400,-806,386,7,-1216,19387,66,33,79,16,0,0,0,0,0,0,0,-32286,0,0,0,0,0,2824258,0
2751121,6434,-1886,-492,-722,891,-43,-1565,-715,379,-2,-1016,19388,68,33,79,16,0,0,0,0,0,0,0,-32286,0,0,0,0,0,2824263,0
2751126,6280,-1718,-196,-876,849,-19,-1716,-656,335,2,-920,19388,68,33,79,16,0,0,0,0,0,0,0,-32286,0,0,0,0,0,2824278,0
2751131,6352,-1844,-26,-974,789,1,-1854,-602,292,1,-808,19394,67,33,79,16,0,0,0,0,0,0,0,-32286,0,0,0,0,0,2824283,0
2751136,6428,-2104,374,-962,697,43,-1977,-531,252,4,-648,19394,67,33,79,16,0,0,0,0,0,0,0,-32287,0,0,0,0,0,2824298,0
2751141,6524,-2096,672,-1010,744,103,-2088,-482,222,17,-544,19394,67,33,79,16,0,0,0,0,0,0,0,-32287,0,0,0,0,0,2824303,0
2751146,6630,-1950,998,-1086,827,135,-2192,-449,196,8,-456,19394,67,33,79,16,0,0,0,0,0,0,0,-32286,0,0,0,0,0,2824318,0
2751151,6790,-1902,1208,-1115,930,156,-2283,-402,177,2,-376,19394,70,33,79,16,0,0,0,0,0,0,0,-32286,0,0,0,0,0,2824323,0
2751156,6948,-1900,1222,-1146,1005,176,-2364,-355,164,-10,-280,19394,70,33,79,16,0,0,0,0,0,0,0,-32286,0,0,0,0,0,2824338,0
2751161,6910,-1844,1176,-1105,976,159,-2435,-305,153,-11,-200,19388,70,33,79,16,0,0,0,0,0,0,0,-32286,0,0,0,0,0,2824343,0
2751166,7002,-1834,1010,-1029,941,161,-2500,-278,149,-5,-176,19388,70,33,79,16,0,0,0,0,0,0,0,-32286,0,0,0,0,0,2824358,0
2751171,7072,-1532,996,-995,901,125,-2560,-254,132,2,-136,19388,78,33,79,16,0,0,0,0,0,0,0,-32286,0,0,0,0,0,2824363,0
2751176,6844,-1124,888,-1121,916,81,-2613,-230,117,2,-120,19388,78,33,79,16,0,0,0,0,0,0,0,-32287,0,0,0,0,0,2824378,0
2751181,6850,-1456,670,-1236,894,99,-2662,-214,98,9,-120,19387,72,33,79,16,0,0,0,0,0,0,0,-32286,0,0,0,0,0,2824383,0
2751186,6536,-1456,702,-1247,856,45,-2707,-198,80,2,-96,19387,72,33,79,16,0,0,0,0,0,0,0,-32286,0,0,0,0,0,2824398,0
2751191,6388,-1684,654,-1214,835,13,-2746,-167,72,0,-64,19390,69,33,79,16,0,0,0,0,0,0,0,-32286,0,0,0,0,0,2824403,0
2751196,5776,-2112,608,-1104,745,-26,-2773,-119,82,7,-56,19390,69,33,79,16,0,0,0,0,0,0,0,-32286,0,0,0,0,0,2824418,0
2751201,5438,-2000,588,-1092,670,-36,-2798,-108,94,5,-40,19391,66,33,79,16,0,0,0,0,0,0,0,-32286,0,0,0,0,0,2824423,0
2751206,5404,-2028,536,-1049,613,-43,-2811,-51,109,-6,-8,19391,66,33,79,16,0,0,0,0,0,0,0,-32286,0,0,0,0,0,2824438,0
2751211,5174,-2092,538,-990,555,-64,-2812,0,127,-5,8,19390,71,33,79,16,0,0,0,0,0,0,0,-32286,0,0,0,0,0,2824443,0
2751216,4824,-2302,490,-933,446,-37,-2806,22,134,0,8,19390,71,33,79,16,0,0,0,0,0,0,0,-32286,0,0,0,0,0,2824458,0
2751221,4772,-2358,468,-893,395,-16,-2802,19,125,2,8,19389,71,33,79,16,0,0,0,0,0,0,0,-32286,0,0,0,0,0,2824463,0
2751226,4704,-2312,550,-839,355,-2,-2803,-3,88,1,-8,19389,71,33,79,16,0,0,0,0,0,0,0,-32286,0,0,0,0,0,2824478,0
2751231,4728,-2202,596,-786,308,3,-2802,-7,21,1,0,19388,63,33,79,16,0,0,0,0,0,0,0,-32286,0,0,0,0,0,2824483,0
2751236,4838,-2160,658,-747,297,40,-2802,1,-15,0,-8,19388,63,33,79,16,0,0,0,0,0,0,0,-32286,0,0,0,0,0,2824498,0
2751241,4902,-2174,608,-761,304,64,-2801,2,-16,3,-8,19390,60,33,79,16,0,0,0,0,0,0,0,-32286,0,0,0,0,0,2824506,0
2751246,4972,-2170,620,-756,313,101,-2801,2,-10,2,0,19390,60,33,79,16,0,0,0,0,0,0,0,-32286,0,0,0,0,0,2824521,0
2751251,5020,-2182,652,-750,318,130,-2801,3,-1,2,0,19391,54,33,79,16,0,0,0,0,0,0,0,-32286,0,0,0,0,0,2824526,0
2751256,5260,-2264,652,-677,300,171,-2801,3,1,1,0,19391,54,33,79,16,0,0,0,0,0,0,0,-32287,0,0,0,0,0,2824541,0
2751261,5376,-2168,628,-615,294,202,-2802,1,-2,1,0,19391,56,33,79,16,0,0,0,0,0,0,0,-32286,0,0,0,0,0,2824546,0
2751266,5594,-2090,634,-569,272,218,-2801,7,-2,1,0,19391,56,33,79,16,0,0,0,0,0,0,0,-32286,0,0,0,0,0,2824560,0
2751271,5804,-1904,682,-549,246,228,-2802,-3,-6,0,0,19391,64,33,79,16,0,0,0,0,0,0,0,-32286,0,0,0,0,0,2824565,0
2751276,6304,-1756,664,-548,217,254,-2802,-6,0,-1,0,19391,64,33,79,16,0,0,0,0,0,0,0,-32286,0,0,0,0,0,2824580,0
2751281,6592,-1778,662,-553,199,259,-2800,1,2,0,0,19391,69,33,79,16,0,0,0,0,0,0,0,-32286,0,0,0,0,0,2824585,0
2751286,6822,-1782,700,-543,183,260,-2798,5,8,0,0,19391,69,33,79,16,0,0,0,0,0,0,0,-32286,0,0,0,0,0,2824600,0
2751291,6966,-1770,712,-540,160,255,-2797,8,4,1,0,19390,73,33,79,16,0,0,0,0,0,0,0,-32286,0,0,0,0,0,2824605,0
2751296,7344,-1686,722,-551,108,262,-2797,0,3,2,0,19390,73,33,79,16,0,0,0,0,0,0,0,-32286,0,0,0,0,0,2824620,0
2751301,7442,-1668,724,-569,88,244,-2795,0,-1,2,0,19391,86,33,79,16,0,0,0,0,0,0,0,-32286,0,0,0,0,0,2824625,0
2751306,7626,-1692,702,-582,72,228,-2797,-4,-3,1,0,19391,86,33,79,16,0,0,0,0,0,0,0,-32286,0,0,0,0,0,2824640,0
2751311,7658,-1708,708,-555,35,198,-2795,-2,-2,1,0,19390,87,33,79,16,0,0,0,0,0,0,0,-32286,0,0,0,0,0,2824645,0
2751316,7812,-1668,642,-540,-31,184,-2796,-6,-7,0,0,19390,87,33,79,16,0,0,0,0,0,0,0,-32286,0,0,0,0,0,2824660,0
2751321,7888,-1770,624,-556,-60,162,-2796,0,0,0,0,19389,81,33,79,16,0,0,0,0,0,0,0,-32286,0,0,0,0,0,2824665,0
2751326,7902,-1720,634,-581,-71,160,-2795,0,0,0,0,19389,81,33,79,16,0,0,0,0,0,0,0,-32286,0,0,0,0,0,2824680,0
2751331,8018,-1788,694,-575,-96,143,-2796,-1,1,0,0,19387,70,33,79,16,0,0,0,0,0,0,0,-32286,0,0,0,0,0,2824685,0
2751336,8122,-1784,840,-579,-131,131,-2795,-1,4,0,0,19387,70,33,79,16,0,0,0,0,0,0,0,-32286,0,0,0,0,0,2824700,0
2751341,8212,-1810,918,-582,-114,135,-2795,0,2,2,0,19387,64,33,79,16,0,0,0,0,0,0,0,-32286,0,0,0,0,0,2824705,0
2751346,8176,-1838,908,-627,-122,123,-2794,2,6,2,0,19387,64,33,79,16,0,0,0,0,0,0,0,-32287,0,0,0,0,0,2824720,0
2751351,8524,-1996,866,-610,-150,115,-2794,-5,3,3,-8,19387,63,33,79,16,0,0,0,0,0,0,0,-32286,0,0,0,0,0,2824725,0
2751356,8702,-1850,1222,-612,-76,99,-2794,1,5,1,0,19387,63,33,79,16,0,0,0,0,0,0,0,-32286,0,0,0,0,0,2824740,0
2751361,8924,-1860,1260,-637,-9,106,-2793,2,1,1,0,19388,65,33,79,16,0,0,0,0,0,0,0,-32286,0,0,0,0,0,2824745,0
2751366,9006,-1804,1370,-670,68,105,-2793,1,-3,0,-8,19388,65,33,79,16,0,0,0,0,0,0,0,-32286,0,0,0,0,0,2824760,0
2751371,9174,-1874,1440,-687,129,103,-2793,-3,-1,0,0,19386,67,33,79,16,0,0,0,0,0,0,0,-32286,0,0,0,0,0,2824765,0
2751376,9398,-1834,1592,-697,276,76,-2792,7,2,0,0,19386,67,33,79,16,0,0,0,0,0,0,0,-32286,0,0,0,0,0,2824780,0
2751381,9486,-1772,1666,-711,336,74,-2793,-2,-1,-1,0,19386,72,33,79,16,0,0,0,0,0,0,0,-32286,0,0,0,0,0,2824785,0
2751386,9578,-1782,1728,-725,410,52,-2794,-8,0,1,0,19386,72,33,79,16,0,0,0,0,0,0,0,-32286,0,0,0,0,0,2824800,0
2751391,9592,-1808,1762,-747,465,30,-2791,1,2,1,0,19388,70,33,79,16,0,0,0,0,0,0,0,-32287,0,0,0,0,0,2824805,0
2751396,9578,-1784,1830,-773,599,-3,-2791,2,8,2,0,19388,70,33,79,16,0,0,0,0,0,0,0,-32286,0,0,0,0,0,2824820,0
2751401,9546,-1798,1882,-792,656,-33,-2791,0,3,2,0,19391,62,33,79,16,0,0,0,0,0,0,0,-32286,0,0,0,0,0,2824825,0
2751406,9448,-1818,1940,-806,721,-58,-2789,1,-1,1,0,19391,62,33,79,16,0,0,0,0,0,0,0,-32286,0,0,0,0,0,2824840,0
2751411,9428,-1896,1934,-812,791,-86,-2789,5,0,1,0,19393,67,33,79,16,0,0,0,0,0,0,0,-32286,0,0,0,0,0,2824845,0
2751416,9126,-1976,2052,-780,910,-112,-2790,-4,5,0,-8,19393,67,33,79,16,0,0,0,0,0,0,0,-32286,0,0,0,0,0,2824860,0
2751421,8964,-1922,2048,-759,954,-119,-2787,8,-2,0,0,19391,65,33,79,16,0,0,0,0,0,0,0,-32286,0,0,0,0,0,2824865,0
2751426,8830,-1958,2032,-746,986,-135,-2789,0,-5,0,0,19391,65,33,79,16,0,0,0,0,0,0,0,-32286,0,0,0,0,0,2824880,0
2751431,8674,-1916,1954,-731,1031,-137,-2789,-2,1,0,0,19389,72,33,79,16,0,0,0,0,0,0,0,-32286,0,0,0,0,0,2824885,0
2751436,8320,-1764,1858,-692,1022,-162,-2788,-3,-6,1,0,19389,72,33,79,16,0,0,0,0,0,0,0,-32287,0,0,0,0,0,2824900,0
2751441,8268,-1720,1754,-650,1033,-169,-2788,-3,6,2,0,19388,68,33,79,16,0,0,0,0,0,0,0,-32286,0,0,0,0,0,2824905,0
2751446,8136,-1462,1704,-651,1027,-176,-2786,5,2,1,0,19388,68,33,79,16,0,0,0,0,0,0,0,-32287,0,0,0,0,0,2824920,0
2751451,8042,-1302,1602,-707,1015,-187,-2786,2,3,1,0,19390,77,33,79,16,0,0,0,0,0,0,0,-32286,0,0,0,0,0,2824925,0
2751456,7900,-1076,1464,-834,991,-198,-2785,6,1,0,0,19390,77,33,79,16,0,0,0,0,0,0,0,-32286,0,0,0,0,0,2824940,0
2751461,7798,-1042,1492,-825,920,-223,-2783,6,3,0,0,19390,81,33,79,16,0,0,0,0,0,0,0,-32286,0,0,0,0,0,2824945,0
2751466,7894,-922,1416,-802,844,-256,-2783,4,7,0,0,19390,81,33,79,16,0,0,0,0,0,0,0,-32286,0,0,0,0,0,2824960,0
2751471,7754,-716,1466,-840,798,-282,-2781,5,5,0,0,19390,80,33,79,16,0,0,0,0,0,0,0,-32286,0,0,0,0,0,2824965,0
2751476,8022,-780,1474,-938,631,-310,-2780,5,2,0,0,19390,80,33,79,16,0,0,0,0,0,0,0,-32286,0,0,0,0,0,2824980,0
2751481,8194,-928,1582,-1076,549,-313,-2778,11,1,0,8,19387,73,33,79,16,0,0,0,0,0,0,0,-32287,0,0,0,0,0,2824985,0
2751486,8650,-1258,1730,-1270,518,-282,-2774,17,8,-1,8,19387,73,33,79,16,0,0,0,0,0,0,0,-32286,0,0,0,0,0,2825000,0
2751491,9170,-1544,2102,-1503,571,-234,-2767,41,17,0,16,19387,71,33,79,16,0,0,0,0,0,0,0,-32286,0,0,0,0,0,2825005,0
2751496,10236,-2900,2898,-2004,804,-77,-2749,85,39,-4,64,19387,71,33,79,16,0,0,0,0,0,0,0,-32286,0,0,0,0,0,2825020,0
2751501,10834,-3736,3212,-2146,969,-8,-2708,198,100,-17,160,19388,68,33,79,16,0,0,0,0,0,0,0,-32286,0,0,0,0,0,2825025,0
2751506,11392,-4678,3360,-2015,988,-16,-2636,323,200,-13,352,19388,68,33,79,16,0,0,0,0,0,0,0,-32287,0,0,0,0,0,2825040,0
2751511,11940,-5876,3082,-1729,843,-49,-2538,443,310,-25,640,19389,75,33,79,16,0,0,0,0,0,0,0,-32286,0,0,0,0,0,2825045,0
2751516,12750,-6576,2432,-1066,478,-205,-2405,589,401,-34,1080,19389,75,33,79,16,0,0,0,0,0,0,0,-32286,0,0,0,0,0,2825060,0
2751521,12900,-6398,2038,-776,266,-355,-2241,741,452,-8,1400,19388,72,33,79,16,0,0,0,0,0,0,0,-32286,0,0,0,0,0,2825065,0
2751526,12816,-6314,1708,-518,153,-485,-2046,875,481,1,1672,19388,72,33,79,16,0,0,0,0,0,0,0,-32286,0,0,0,0,0,2825080,0
2751531,12282,-6108,1508,-381,115,-611,-1826,971,477,5,1848,19389,68,33,79,16,0,0,0,0,0,0,0,-32286,0,0,0,0,0,2825085,0
2751536,11076,-6256,1502,-133,136,-825,-1588,1049,441,7,1984,19389,68,33,79,16,0,0,0,0,0,0,0,-32286,0,0,0,0,0,2825099,0
2751541,10198,-6432,1532,0,145,-912,-1337,1105,366,8,2080,19390,57,33,79,16,0,0,0,0,0,0,0,-32286,0,0,0,0,0,2825104,0
2751546,9602,-7030,1434,104,192,-921,-1077,1147,288,13,2120,19390,57,33,79,16,0,0,0,0,0,0,0,-32286,0,0,0,0,0,2825119,0
2751551,8564,-7312,1368,178,145,-938,-813,1166,208,13,2136,19390,64,33,79,16,0,0,0,0,0,0,0,-32286,0,0,0,0,0,2825124,0
2751556,6966,-8014,1016,267,98,-840,-550,1162,137,10,2104,19390,64,33,79,16,0,0,0,0,0,0,0,-32286,0,0,0,0,0,2825139,0
2751561,6162,-8306,1136,370,183,-732,-288,1151,66,9,2056,19389,64,33,79,16,0,0,0,0,0,0,0,-32286,0,0,0,0,0,2825144,0
2751566,5040,-8506,894,523,109,-666,-32,1118,8,9,1976,19389,64,33,79,16,0,0,0,0,0,0,0,-32286,0,0,0,0,0,2825159,0
2751571,4606,-8474,750,737,91,-582,215,1086,-37,3,1896,19388,72,33,79,16,0,0,0,0,0,0,0,-32287,0,0,0,0,0,2825164,0
2751576,3566,-7302,436,912,181,-396,455,1045,-75,6,1792,19388,72,33,79,16,0,0,0,0,0,0,0,-32286,0,0,0,0,0,2825179,0
2751581,3328,-6862,228,894,271,-300,685,1005,-105,8,1680,19389,73,33,79,16,0,0,0,0,0,0,0,-32286,0,0,0,0,0,2825184,0
2751586,2850,-6336,-146,908,266,-238,903,945,-130,3,1552,19389,73,33,79,16,0,0,0,0,0,0,0,-32286,0,0,0,0,0,2825199,0
2751591,2664,-5900,-590,1018,190,-200,1105,887,-158,3,1432,19389,69,33,79,16,0,0,0,0,0,0,0,-32286,0,0,0,0,0,2825204,0
2751596,2328,-4906,-1044,1167,-83,-154,1291,805,-190,7,1248,19389,69,33,79,16,0,0,0,0,0,0,0,-32286,0,0,0,0,0,2825219,0
2751601,2262,-4432,-1310,1067,-183,-91,1463,748,-214,2,1120,19389,67,33,79,16,0,0,0,0,0,0,0,-32286,0,0,0,0,0,2825224,0
2751606,2284,-3926,-1226,928,-293,-43,1617,664,-230,5,928,19389,67,33,79,16,0,0,0,0,0,0,0,-32286,0,0,0,0,0,2825239,0
2751611,2510,-3694,-1058,838,-380,-4,1752,586,-246,6,768,19389,64,33,79,16,0,0,0,0,0,0,0,-32286,0,0,0,0,0,2825244,0
2751616,3046,-3378,-436,751,-471,91,1872,526,-260,-4,608,19389,64,33,79,16,0,0,0,0,0,0,0,-32287,0,0,0,0,0,2825259,0
2751621,3494,-3422,-188,646,-434,188,1975,438,-260,3,360,19392,65,33,79,16,0,0,0,0,0,0,0,-32287,0,0,0,0,0,2825264,0
2751626,3778,-3196,182,472,-386,293,2057,361,-267,1,248,19392,65,33,79,16,0,0,0,0,0,0,0,-32287,0,0,0,0,0,2825279,0
2751631,4228,-3252,418,350,-346,362,2127,302,-260,6,168,19391,67,33,79,16,0,0,0,0,0,0,0,-32286,0,0,0,0,0,2825284,0
2751636,5278,-3476,844,474,-356,475,2184,246,-254,-3,112,19391,67,33,79,16,0,0,0,0,0,0,0,-32286,0,0,0,0,0,2825299,0
2751641,5570,-3294,942,492,-411,539,2231,205,-224,-8,80,19392,66,33,79,16,0,0,0,0,0,0,0,-32286,0,0,0,0,0,2825304,0
2751646,5982,-3440,750,207,-361,704,2269,169,-192,-10,88,19392,66,33,79,16,0,0,0,0,0,0,0,-32286,0,0,0,0,0,2825319,0
2751651,6292,-3130,838,-94,-323,820,2303,151,-151,-6,48,19387,56,33,79,16,0,0,0,0,0,0,0,-32286,0,0,0,0,0,2825324,0
2751656,7026,-3546,898,-141,-401,891,2333,130,-121,-3,56,19387,56,33,79,16,0,0,0,0,0,0,0,-32286,0,0,0,0,0,2825339,0
2751661,7470,-3882,750,-43,-491,923,2355,93,-97,1,16,19388,52,33,79,16,0,0,0,0,0,0,0,-32286,0,0,0,0,0,2825357,0
2751666,7638,-3498,698,-8,-638,887,2360,21,-104,6,0,19388,52,33,79,16,0,0,0,0,0,0,0,-32286,0,0,0,0,0,2825360,0
2751671,8140,-3236,392,-27,-688,838,2361,4,-131,3,0,19388,56,33,79,16,0,0,0,0,0,0,0,-32287,0,0,0,0,0,2825365,0
2751676,8438,-2782,192,-212,-731,739,2358,-6,-135,0,0,19388,56,33,79,16,0,0,0,0,0,0,0,-32286,0,0,0,0,0,2825379,0
2751681,8414,-2824,80,-286,-728,662,2359,3,-100,0,0,19389,67,33,79,16,0,0,0,0,0,0,0,-32286,0,0,0,0,0,2825384,0
2751686,8354,-2954,-40,-300,-725,577,2359,0,-52,-1,0,19389,67,33,79,16,0,0,0,0,0,0,0,-32286,0,0,0,0,0,2825398,0
2751691,8194,-3146,-100,-288,-721,481,2358,0,-7,-1,0,19390,76,33,79,16,0,0,0,0,0,0,0,-32286,0,0,0,0,0,2825403,0
2751696,7662,-3604,-284,-319,-702,377,2360,4,1,-2,0,19390,76,33,79,16,0,0,0,0,0,0,0,-32286,0,0,0,0,0,2825418,0
2751701,7180,-3764,-390,-446,-703,368,2360,7,0,-2,0,19391,77,33,79,16,0,0,0,0,0,0,0,-32287,0,0,0,0,0,2825423,0
2751706,6868,-3946,-468,-566,-662,380,2361,8,2,-3,8,19391,77,33,79,16,0,0,0,0,0,0,0,-32287,0,0,0,0,0,2825438,0
2751711,6586,-4158,-390,-599,-614,377,2366,20,7,-5,16,19392,78,33,79,16,0,0,0,0,0,0,0,-32286,0,0,0,0,0,2825443,0
2751716,6346,-4870,198,-461,-553,398,2384,84,31,-9,64,19392,78,33,79,16,0,0,0,0,0,0,0,-32286,0,0,0,0,0,2825458,0
2751721,5798,-5282,58,-198,-768,364,2420,167,98,-13,120,19391,75,33,79,16,0,0,0,0,0,0,0,-32286,0,0,0,0,0,2825463,0
2751726,6122,-5530,-324,262,-990,272,2478,266,175,-7,240,19391,75,33,79,16,0,0,0,0,0,0,0,-32286,0,0,0,0,0,2825478,0
2751731,6230,-5214,-410,722,-1220,207,2553,335,247,-8,352,19390,66,33,79,16,0,0,0,0,0,0,0,-32286,0,0,0,0,0,2825483,0
2751736,6806,-3990,-422,1027,-1503,78,2645,413,288,-12,512,19390,66,33,79,16,0,0,0,0,0,0,0,-32286,0,0,0,0,0,2825498,0
2751741,7214,-3624,-300,1036,-1529,34,2750,461,273,-14,624,19389,71,33,79,16,0,0,0,0,0,0,0,-32286,0,0,0,0,0,2825502,0
2751746,7390,-3476,-92,1012,-1546,33,2862,488,232,4,656,19389,71,33,79,16,0,0,0,0,0,0,0,-32286,0,0,0,0,0,2825517,0
2751751,7600,-3478,162,999,-1501,13,2974,500,177,13,664,19389,68,33,79,16,0,0,0,0,0,0,0,-32286,0,0,0,0,0,2825522,0
2751756,7830,-3494,672,982,-1333,74,3085,490,110,7,632,19389,68,33,79,16,0,0,0,0,0,0,0,-32286,0,0,0,0,0,2825537,0
2751761,7916,-3636,808,947,-1199,123,3197,491,41,-1,640,19389,69,33,79,16,0,0,0,0,0,0,0,-32286,0,0,0,0,0,2825542,0
2751766,7896,-3492,930,920,-1066,202,3303,475,2,2,576,19389,69,33,79,16,0,0,0,0,0,0,0,-32286,0,0,0,0,0,2825557,0
2751771,7786,-3516,1008,881,-933,266,3403,440,-27,5,464,19387,65,33,79,16,0,0,0,0,0,0,0,-32286,0,0,0,0,0,2825562,0
2751776,7698,-3362,958,870,-715,376,3493,394,-71,7,360,19387,65,33,79,16,0,0,0,0,0,0,0,-32286,0,0,0,0,0,2825577,0
2751781,7676,-3174,916,900,-629,416,3578,367,-88,10,304,19386,60,33,79,16,0,0,0,0,0,0,0,-32286,0,0,0,0,0,2825582,0
2751786,7652,-2966,830,929,-565,439,3660,363,-104,1,296,19386,60,33,79,16,0,0,0,0,0,0,0,-32286,0,0,0,0,0,2825597,0
2751791,7650,-2880,698,953,-518,476,3737,333,-94,6,232,19387,61,33,79,16,0,0,0,0,0,0,0,-32286,0,0,0,0,0,2825602,0
2751796,7454,-2600,496,855,-461,542,3805,298,-85,10,168,19387,61,33,79,16,0,0,0,0,0,0,0,-32287,0,0,0,0,0,2825619,0
2751801,7458,-2570,360,797,-420,606,3863,252,-90,1,104,19388,64,33,79,16,0,0,0,0,0,0,0,-32286,0,0,0,0,0,2825624,0
2751806,7154,-2312,370,728,-429,624,3912,209,-108,-3,72,19388,64,33,79,16,0,0,0,0,0,0,0,-32287,0,0,0,0,0,2825637,0
2751811,7178,-2462,218,614,-396,666,3954,180,-136,-14,88,19388,71,33,79,16,0,0,0,0,0,0,0,-32286,0,0,0,0,0,2825642,0
2751816,7014,-2384,164,564,-386,706,3992,164,-126,-5,64,19388,71,33,79,16,0,0,0,0,0,0,0,-32286,0,0,0,0,0,2825657,0
2751821,6832,-2266,204,579,-454,700,4033,178,-98,-2,80,19386,75,33,79,16,0,0,0,0,0,0,0,-32286,0,0,0,0,0,2825662,0
2751826,6898,-2382,80,596,-461,724,4072,168,-52,2,96,19386,75,33,79,16,0,0,0,0,0,0,0,-32287,0,0,0,0,0,2825677,0
2751831,6884,-2140,68,614,-534,715,4116,189,-7,0,80,19389,66,33,79,16,0,0,0,0,0,0,0,-32286,0,0,0,0,0,2825682,0
2751836,6892,-1954,-54,464,-582,742,4161,198,14,8,80,19389,66,33,79,16,0,0,0,0,0,0,0,-32286,0,0,0,0,0,2825697,0
2751841,7030,-1952,-172,363,-574,756,4194,142,5,2,48,19390,53,33,79,16,0,0,0,0,0,0,0,-32286,0,0,0,0,0,2825702,0
2751846,7038,-1798,-76,289,-621,722,4227,136,-24,-6,56,19390,53,33,79,16,0,0,0,0,0,0,0,-32286,0,0,0,0,0,2825717,0
2751851,7206,-2034,-100,236,-589,737,4252,108,-58,6,40,19390,53,33,79,16,0,0,0,0,0,0,0,-32286,0,0,0,0,0,2825722,0
2751856,7486,-2138,170,271,-570,676,4280,123,-65,0,56,19390,53,33,79,16,0,0,0,0,0,0,0,-32286,0,0,0,0,0,2825737,0
2751861,7458,-2174,384,244,-525,683,4305,99,-49,4,32,19388,59,33,79,16,0,0,0,0,0,0,0,-32286,0,0,0,0,0,2825741,0
2751866,7580,-2058,540,216,-468,648,4324,81,-36,3,32,19388,59,33,79,16,0,0,0,0,0,0,0,-32286,0,0,0,0,0,2825756,0
2751871,7862,-2076,588,225,-386,604,4345,100,-36,-3,40,19388,68,33,79,16,0,0,0,0,0,0,0,-32286,0,0,0,0,0,2825761,0
2751876,8000,-2250,770,229,-216,584,4367,93,-22,0,32,19388,68,33,79,16,0,0,0,0,0,0,0,-32286,0,0,0,0,0,2825776,0
2751881,8028,-2182,808,180,-151,541,4388,95,-16,-1,48,19386,62,33,79,16,0,0,0,0,0,0,0,-32286,0,0,0,0,0,2825781,0
2751886,8196,-2174,810,200,-58,474,4423,152,24,-8,88,19386,62,33,79,16,0,0,0,0,0,0,0,-32286,0,0,0,0,0,2825796,0
2751891,8240,-2348,770,296,18,447,4468,199,69,0,128,19387,62,33,79,16,0,0,0,0,0,0,0,-32286,0,0,0,0,0,2825801,0
2751896,8260,-2292,598,503,10,312,4522,247,115,0,160,19387,62,33,79,16,0,0,0,0,0,0,0,-32286,0,0,0,0,0,2825816,0
2751901,8174,-2138,544,551,2,250,4588,297,150,0,240,19387,60,33,79,16,0,0,0,0,0,0,0,-32286,0,0,0,0,0,2825821,0
2751906,8224,-2038,406,567,34,221,4657,307,153,9,224,19387,60,33,79,16,0,0,0,0,0,0,0,-32286,0,0,0,0,0,2825836,0
2751911,8098,-1856,332,505,23,177,4726,305,120,9,224,19387,59,33,79,16,0,0,0,0,0,0,0,-32286,0,0,0,0,0,2825841,0
2751916,8280,-1882,234,452,34,115,4797,313,77,0,232,19387,59,33,79,16,0,0,0,0,0,0,0,-32286,0,0,0,0,0,2825856,0
2751921,7966,-1856,-166,413,-105,115,4870,324,42,0,256,19386,53,33,79,16,0,0,0,0,0,0,0,-32286,0,0,0,0,0,2825861,0
2751926,7850,-1998,-20,434,2,89,4946,335,29,-4,272,19386,53,33,79,16,0,0,0,0,0,0,0,-32286,0,0,0,0,0,2825876,0
2751931,7648,-1974,256,475,-10,73,5025,345,30,-4,288,19385,55,33,79,16,0,0,0,0,0,0,0,-32286,0,0,0,0,0,2825881,0
2751936,7550,-1772,410,397,-4,68,5101,329,33,7,248,19385,55,33,79,16,0,0,0,0,0,0,0,-32286,0,0,0,0,0,2825896,0
2751941,7498,-1710,376,261,53,63,5173,311,14,10,216,19388,69,33,79,16,0,0,0,0,0,0,0,-32286,0,0,0,0,0,2825901,0
2751946,7556,-1794,308,239,138,87,5242,295,-15,6,184,19388,69,33,79,16,0,0,0,0,0,0,0,-32286,0,0,0,0,0,2825916,0
2751951,7108,-1874,386,240,126,76,5303,270,-45,3,152,19388,73,33,79,16,0,0,0,0,0,0,0,-32286,0,0,0,0,0,2825921,0
2751956,6960,-2416,90,363,102,153,5362,253,-63,-6,152,19388,73,33,79,16,0,0,0,0,0,0,0,-32286,0,0,0,0,0,2825936,0
2751961,6836,-2180,114,365,62,182,5418,241,-65,-8,136,19389,72,33,79,16,0,0,0,0,0,0,0,-32286,0,0,0,0,0,2825941,0
2751966,6956,-1960,-16,317,75,204,5470,229,-60,-1,112,19389,72,33,79,16,0,0,0,0,0,0,0,-32286,0,0,0,0,0,2825956,0
2751971,6986,-1998,-136,226,82,248,5517,200,-53,-2,104,19387,63,33,79,16,0,0,0,0,0,0,0,-32286,0,0,0,0,0,2825961,0
2751976,6870,-1974,-146,119,90,287,5557,164,-59,5,56,19387,63,33,79,16,0,0,0,0,0,0,0,-32286,0,0,0,0,0,2825976,0
2751981,6810,-1876,-42,85,48,289,5583,143,-81,-5,56,19387,64,33,79,16,0,0,0,0,0,0,0,-32286,0,0,0,0,0,2825981,0
2751986,6948,-1978,-72,48,58,311,5609,115,-97,0,40,19387,64,33,79,16,0,0,0,0,0,0,0,-32287,0,0,0,0,0,2825996,0
2751991,6968,-1906,46,-5,50,300,5636,114,-96,-1,56,19387,58,33,79,16,0,0,0,0,0,0,0,-32286,0,0,0,0,0,2826001,0
2751996,7144,-2190,110,-25,71,311,5664,123,-60,1,40,19387,58,33,79,16,0,0,0,0,0,0,0,-32287,0,0,0,0,0,2826016,0
2752001,7078,-2210,144,-38,53,306,5685,96,-39,7,32,19385,59,33,79,16,0,0,0,0,0,0,0,-32286,0,0,0,0,0,2826021,0
2752006,7228,-2330,90,-45,46,305,5707,98,-33,-3,48,19385,59,33,79,16,0,0,0,0,0,0,0,-32286,0,0,0,0,0,2826036,0
2752011,7156,-2376,124,-67,80,312,5733,108,-11,0,40,19385,56,33,79,16,0,0,0,0,0,0,0,-32286,0,0,0,0,0,2826040,0
2752016,7150,-2480,130,-54,59,291,5758,115,-3,-2,64,19385,56,33,79,16,0,0,0,0,0,0,0,-32286,0,0,0,0,0,2826055,0
2752021,7280,-2548,80,87,36,261,5796,173,35,-4,96,19386,56,33,79,16,0,0,0,0,0,0,0,-32286,0,0,0,0,0,2826060,0
2752026,7140,-2506,134,187,-9,222,5844,212,87,2,136,19386,56,33,79,16,0,0,0,0,0,0,0,-32286,0,0,0,0,0,2826075,0
2752031,7234,-2532,36,250,-67,200,5902,253,121,-2,200,19385,61,33,79,16,0,0,0,0,0,0,0,-32286,0,0,0,0,0,2826080,0
2752036,7380,-2224,-18,344,-143,103,5971,309,154,1,256,19385,61,33,79,16,0,0,0,0,0,0,0,-32286,0,0,0,0,0,2826095,0
2752041,7464,-2236,-122,355,-181,84,6048,330,155,7,288,19384,58,33,79,16,0,0,0,0,0,0,0,-32286,0,0,0,0,0,2826100,0
2752046,7496,-2198,-132,346,-232,44,6129,361,140,-3,312,19384,58,33,79,16,0,0,0,0,0,0,0,-32286,0,0,0,0,0,2826115,0
2752051,7622,-2304,-140,343,-235,22,6212,372,102,-1,336,19389,57,33,79,16,0,0,0,0,0,0,0,-32286,0,0,0,0,0,2826127,0
2752056,7808,-2232,-22,362,-253,-35,6298,388,78,-5,384,19389,57,33,79,16,0,0,0,0,0,0,0,-32287,0,0,0,0,0,2826135,0
2752061,7866,-2168,12,372,-244,-64,6392,414,64,-16,464,19389,54,33,79,16,0,0,0,0,0,0,0,-32286,0,0,0,0,0,2826140,0
2752066,7980,-2382,2,376,-213,-68,6487,416,67,-8,464,19389,54,33,79,16,0,0,0,0,0,0,0,-32286,0,0,0,0,0,2826155,0
2752071,7940,-2312,96,364,-225,-89,6586,423,56,2,472,19391,55,33,79,16,0,0,0,0,0,0,0,-32286,0,0,0,0,0,2826160,0
2752076,8190,-2098,10,361,-183,-130,6684,431,44,2,480,19391,55,33,79,16,0,0,0,0,0,0,0,-32286,0,0,0,0,0,2826175,0
2752081,8374,-2034,-22,381,-162,-159,6781,434,20,-3,512,19389,62,33,79,16,0,0,0,0,0,0,0,-32286,0,0,0,0,0,2826180,0
2752086,8416,-2048,-20,420,-127,-181,6887,457,23,-6,544,19389,62,33,79,16,0,0,0,0,0,0,0,-32286,0,0,0,0,0,2826195,0
2752091,8434,-2122,-62,415,-106,-188,6988,443,9,7,496,19391,69,33,79,16,0,0,0,0,0,0,0,-32286,0,0,0,0,0,2826200,0
2752096,8622,-1886,-174,415,-80,-218,7087,429,-10,0,472,19391,69,33,79,16,0,0,0,0,0,0,0,-32286,0,0,0,0,0,2826215,0
2752101,8592,-1794,-142,387,-69,-256,7186,436,16,-1,488,19391,67,33,79,16,0,0,0,0,0,0,0,-32287,0,0,0,0,0,2826220,0
2752106,8772,-1960,-184,410,-22,-281,7286,445,11,-4,504,19391,67,33,79,16,0,0,0,0,0,0,0,-32287,0,0,0,0,0,2826235,0
2752111,8756,-1958,-170,412,-12,-296,7384,436,32,5,464,19390,69,33,79,16,0,0,0,0,0,0,0,-32286,0,0,0,0,0,2826240,0
2752116,8912,-2000,-234,395,1,-333,7480,412,38,11,424,19390,69,33,79,16,0,0,0,0,0,0,0,-32287,0,0,0,0,0,2826255,0
2752121,9022,-2212,-222,399,20,-351,7574,406,-17,0,424,19387,73,33,79,16,0,0,0,0,0,0,0,-32286,0,0,0,0,0,2826260,0
2752126,9082,-2382,-266,418,16,-395,7668,421,-21,-6,448,19387,73,33,79,16,0,0,0,0,0,0,0,-32286,0,0,0,0,0,2826275,0
2752131,9328,-2756,-352,494,23,-437,7765,433,-13,-6,480,19386,72,33,79,16,0,0,0,0,0,0,0,-32286,0,0,0,0,0,2826280,0
2752136,9642,-3378,-566,638,20,-494,7863,431,1,2,464,19386,72,33,79,16,0,0,0,0,0,0,0,-32286,0,0,0,0,0,2826295,0
2752141,9738,-3524,-666,684,6,-531,7960,432,12,2,472,19385,64,33,79,16,0,0,0,0,0,0,0,-32286,0,0,0,0,0,2826300,0
2752146,9950,-3934,-748,748,25,-534,8053,418,11,1,432,19385,64,33,79,16,0,0,0,0,0,0,0,-32287,0,0,0,0,0,2826314,0
2752151,9868,-4034,-764,812,-40,-569,8149,414,-6,2,440,19386,55,33,79,16,0,0,0,0,0,0,0,-32286,0,0,0,0,0,2826319,0
2752156,10040,-4242,-780,901,-182,-619,8243,412,-18,5,424,19386,55,33,79,16,0,0,0,0,0,0,0,-32287,0,0,0,0,0,2826334,0
2752161,10064,-4182,-770,862,-224,-604,8330,383,-22,16,328,19387,65,33,79,16,0,0,0,0,0,0,0,-32286,0,0,0,0,0,2826339,0
2752166,10002,-3900,-552,722,-248,-576,8413,361,-47,13,280,19387,65,33,79,16,0,0,0,0,0,0,0,-32286,0,0,0,0,0,2826354,0
2752171,9990,-3830,-438,580,-270,-518,8485,318,-70,14,184,19387,61,33,79,16,0,0,0,0,0,0,0,-32286,0,0,0,0,0,2826359,0
2752176,9734,-3520,42,371,-340,-408,8549,280,-93,1,144,19387,61,33,79,16,0,0,0,0,0,0,0,-32286,0,0,0,0,0,2826374,0
2752181,9630,-3222,236,332,-401,-396,8605,240,-122,-7,104,19385,64,33,79,16,0,0,0,0,0,0,0,-32286,0,0,0,0,0,2826379,0
2752186,9746,-3110,450,343,-419,-383,8650,189,-133,-10,80,19385,64,33,79,16,0,0,0,0,0,0,0,-32286,0,0,0,0,0,2826394,0
2752191,9820,-2864,730,406,-457,-366,8688,158,-138,-7,48,19385,58,33,79,16,0,0,0,0,0,0,0,-32286,0,0,0,0,0,2826399,0
2752196,9720,-2128,976,294,-477,-351,8714,113,-142,-3,40,19385,58,33,79,16,0,0,0,0,0,0,0,-32287,0,0,0,0,0,2826414,0
2752201,9820,-1954,974,147,-399,-326,8729,63,-147,3,0,19387,66,33,79,16,0,0,0,0,0,0,0,-32286,0,0,0,0,0,2826419,0
2752206,9888,-1770,1044,-2,-345,-358,8728,-4,-168,8,-16,19387,66,33,79,16,0,0,0,0,0,0,0,-32286,0,0,0,0,0,2826434,0
2752211,10082,-1950,1038,-89,-297,-409,8726,-9,-169,-2,-8,19388,67,33,79,16,0,0,0,0,0,0,0,-32286,0,0,0,0,0,2826439,0
2752216,10112,-2686,1076,-202,-189,-480,8724,0,-137,-1,0,19388,67,33,79,16,0,0,0,0,0,0,0,-32286,0,0,0,0,0,2826454,0
2752221,9960,-3128,1054,-284,-110,-501,8725,1,-77,0,-8,19388,67,33,79,16,0,0,0,0,0,0,0,-32287,0,0,0,0,0,2826458,0
2752226,9808,-3354,1018,-389,-49,-520,8723,-1,-23,0,0,19388,67,33,79,16,0,0,0,0,0,0,0,-32286,0,0,0,0,0,2826473,0
2752231,9698,-3770,962,-511,13,-530,8724,-1,12,0,0,19387,61,33,79,16,0,0,0,0,0,0,0,-32286,0,0,0,0,0,2826478,0
2752236,9114,-4520,892,-712,149,-517,8724,0,3,1,-8,19387,61,33,79,16,0,0,0,0,0,0,0,-32286,0,0,0,0,0,2826493,0
2752241,8478,-4922,786,-759,142,-525,8723,-5,1,0,-8,19387,65,33,79,16,0,0,0,0,0,0,0,-32286,0,0,0,0,0,2826501,0
2752246,8348,-5372,812,-865,154,-488,8723,-3,-2,0,-8,19387,65,33,79,16,0,0,0,0,0,0,0,-32286,0,0,0,0,0,2826516,0
2752251,7786,-5718,928,-974,171,-451,8723,-1,-2,0,0,19391,78,33,79,16,0,0,0,0,0,0,0,-32286,0,0,0,0,0,2826521,0
2752256,6880,-6630,1262,-920,120,-417,8722,-4,1,0,0,19391,78,33,79,16,0,0,0,0,0,0,0,-32286,0,0,0,0,0,2826536,0
2752261,6816,-6890,1408,-695,-38,-523,8722,-1,5,0,-16,19390,78,33,79,16,0,0,0,0,0,0,0,-32286,0,0,0,0,0,2826541,0
2752266,7228,-5832,2372,760,-207,-1107,8712,-55,-11,7,-40,19390,78,33,79,16,0,0,0,0,0,0,0,-32287,0,0,0,0,0,2826556,0
2752271,6688,-8170,1582,1918,-426,-1140,8684,-118,-67,7,-80,19389,71,33,79,16,0,0,0,0,0,0,0,-32286,0,0,0,0,0,2826561,0
2752276,7192,-4678,2380,1140,-268,-1096,8639,-211,-138,13,-168,19389,71,33,79,16,0,0,0,0,0,0,0,-32286,0,0,0,0,0,2826576,0
2752281,6400,-5044,1582,376,-59,-968,8569,-327,-225,10,-360,19388,72,33,79,16,0,0,0,0,0,0,0,-32286,0,0,0,0,0,2826581,0
2752286,5816,-5808,1392,20,87,-887,8464,-472,-310,35,-720,19388,72,33,79,16,0,0,0,0,0,0,0,-32286,0,0,0,0,0,2826596,0
2752291,5158,-6846,1434,104,116,-788,8325,-630,-394,28,-1168,19387,72,33,79,16,0,0,0,0,0,0,0,-32286,0,0,0,0,0,2826600,0
2752296,4714,-7506,1608,463,202,-540,8143,-823,-484,2,-1568,19387,72,33,79,16,0,0,0,0,0,0,0,-32286,0,0,0,0,0,2826615,0
2752301,4256,-7174,1556,460,282,-386,7922,-990,-544,-2,-1920,19385,72,33,79,16,0,0,0,0,0,0,0,-32286,0,0,0,0,0,2826620,0
2752306,4582,-7048,1332,297,443,-160,7662,-1166,-589,4,-2304,19385,72,33,79,16,0,0,0,0,0,0,0,-32286,0,0,0,0,0,2826635,0
2752311,4766,-6800,1390,-138,843,176,7370,-1299,-600,-8,-2552,19386,73,33,79,16,0,0,0,0,0,0,0,-32286,0,0,0,0,0,2826640,0
2752316,4060,-7938,738,44,683,462,7053,-1403,-558,-9,-2728,19386,73,33,79,16,0,0,0,0,0,0,0,-32286,0,0,0,0,0,2826655,0
2752321,4430,-7448,488,551,520,526,6719,-1478,-475,-8,-2896,19385,76,33,79,16,0,0,0,0,0,0,0,-32287,0,0,0,0,0,2826660,0
2752326,4848,-6130,254,726,366,595,6368,-1545,-390,0,-3032,19385,76,33,79,16,0,0,0,0,0,0,0,-32287,0,0,0,0,0,2826675,0
2752331,5530,-4630,-162,520,334,648,6006,-1592,-301,0,-3128,19385,74,33,79,16,0,0,0,0,0,0,0,-32286,0,0,0,0,0,2826680,0
2752336,6534,-3404,-514,-26,157,684,5636,-1627,-239,4,-3216,19385,74,33,79,16,0,0,0,0,0,0,0,-32286,0,0,0,0,0,2826695,0
2752341,7066,-3204,-578,-152,2,678,5256,-1678,-188,5,-3328,19385,70,33,79,16,0,0,0,0,0,0,0,-32286,0,0,0,0,0,2826700,0
2752346,7562,-2756,-428,-244,-156,671,4866,-1716,-161,-7,-3368,19385,70,33,79,16,0,0,0,0,0,0,0,-32286,0,0,0,0,0,2826715,0
2752351,8122,-2488,-206,-391,-252,659,4468,-1750,-143,-13,-3400,19388,73,33,79,16,0,0,0,0,0,0,0,-32286,0,0,0,0,0,2826719,0
2752356,9052,-1828,292,-746,-417,579,4070,-1754,-128,-12,-3368,19388,73,33,79,16,0,0,0,0,0,0,0,-32286,0,0,0,0,0,2826734,0
2752361,9360,-1704,574,-855,-523,491,3676,-1733,-89,-14,-3296,19388,78,33,79,16,0,0,0,0,0,0,0,-32287,0,0,0,0,0,2826739,0
2752366,9806,-1576,1082,-805,-574,362,3291,-1688,-19,-4,-3200,19388,78,33,79,16,0,0,0,0,0,0,0,-32286,0,0,0,0,0,2826754,0
2752371,10294,-1610,1662,-629,-613,201,2916,-1642,55,5,-3120,19386,79,33,79,16,0,0,0,0,0,0,0,-32287,0,0,0,0,0,2826759,0
2752376,10748,-1326,2342,-398,-557,-74,2558,-1576,122,7,-3000,19386,79,33,79,16,0,0,0,0,0,0,0,-32287,0,0,0,0,0,2826774,0
2752381,11136,-1094,2966,-481,-187,-132,2211,-1523,166,6,-2888,19386,80,33,79,16,0,0,0,0,0,0,0,-32286,0,0,0,0,0,2826779,0
2752386,10902,-1084,3644,-597,192,-221,1878,-1466,198,2,-2776,19386,80,33,79,16,0,0,0,0,0,0,0,-32287,0,0,0,0,0,2826794,0
2752391,10660,-1594,3694,-638,523,-303,1556,-1411,195,-1,-2640,19387,76,33,79,16,0,0,0,0,0,0,0,-32288,0,0,0,0,0,2826799,0
2752396,9832,-2272,3192,-483,1045,-411,1246,-1361,191,-5,-2512,19387,76,33,79,16,0,0,0,0,0,0,0,-32287,0,0,0,0,0,2826814,0
2752401,9336,-2536,2758,-470,1276,-406,946,-1313,182,-7,-2384,19390,70,33,79,16,0,0,0,0,0,0,0,-32287,0,0,0,0,0,2826819,0
2752406,8610,-2554,2442,-504,1428,-430,659,-1261,180,-9,-2264,19390,70,33,79,16,0,0,0,0,0,0,0,-32286,0,0,0,0,0,2826834,0
2752411,8188,-2938,1742,-510,1558,-401,384,-1210,174,-5,-2152,19394,70,33,79,16,0,0,0,0,0,0,0,-32286,0,0,0,0,0,2826839,0
2752416,6908,-3232,434,-460,1508,-344,120,-1156,181,-4,-2024,19394,70,33,79,16,0,0,0,0,0,0,0,-32286,0,0,0,0,0,2826853,0
2752421,6340,-2942,66,-441,1443,-320,-129,-1102,179,-9,-1880,19400,79,33,79,16,0,0,0,0,0,0,0,-32286,0,0,0,0,0,2826858,0
2752426,6152,-3114,-226,-468,1364,-273,-365,-1031,194,-5,-1728,19400,79,33,79,16,0,0,0,0,0,0,0,-32286,0,0,0,0,0,2826873,0
2752431,5706,-3108,-380,-506,1299,-230,-588,-972,202,-4,-1600,19399,80,33,79,16,0,0,0,0,0,0,0,-32286,0,0,0,0,0,2826878,0
2752436,5356,-3088,-626,-516,1065,-147,-796,-911,208,-5,-1472,19399,80,33,79,16,0,0,0,0,0,0,0,-32287,0,0,0,0,0,2826893,0
2752441,5222,-2878,-682,-549,918,-143,-990,-852,208,0,-1352,19392,83,33,79,16,0,0,0,0,0,0,0,-32286,0,0,0,0,0,2826898,0
2752446,5494,-2912,-738,-518,824,-103,-1170,-787,216,0,-1216,19392,83,33,79,16,0,0,0,0,0,0,0,-32287,0,0,0,0,0,2826913,0
2752451,5374,-2946,-640,-563,720,-51,-1339,-741,207,4,-1128,19388,73,33,79,16,0,0,0,0,0,0,0,-32286,0,0,0,0,0,2826918,0
2752456,5628,-2886,-214,-684,605,37,-1499,-687,192,-1,-1016,19388,73,33,79,16,0,0,0,0,0,0,0,-32286,0,0,0,0,0,2826933,0
2752461,5644,-2814,38,-704,580,85,-1645,-639,185,2,-920,19389,67,33,79,16,0,0,0,0,0,0,0,-32287,0,0,0,0,0,2826938,0
2752466,5864,-2744,260,-653,508,79,-1785,-610,166,6,-864,19389,67,33,79,16,0,0,0,0,0,0,0,-32286,0,0,0,0,0,2826952,0
2752471,6138,-2704,334,-577,444,79,-1917,-569,156,-3,-744,19391,58,33,79,16,0,0,0,0,0,0,0,-32286,0,0,0,0,0,2826958,0
2752476,6278,-2510,500,-712,378,162,-2039,-535,138,9,-688,19391,58,33,79,16,0,0,0,0,0,0,0,-32287,0,0,0,0,0,2826972,0
2752481,6502,-2272,712,-811,433,195,-2158,-521,120,11,-656,19388,53,33,79,16,0,0,0,0,0,0,0,-32286,0,0,0,0,0,2826978,0
2752486,6592,-2400,966,-849,501,231,-2268,-493,112,3,-600,19388,53,33,79,16,0,0,0,0,0,0,0,-32286,0,0,0,0,0,2826992,0
2752491,6654,-2276,1242,-825,516,218,-2371,-446,104,0,-464,19385,63,33,79,16,0,0,0,0,0,0,0,-32287,0,0,0,0,0,2826997,0
2752496,6656,-2454,1262,-790,564,269,-2465,-408,107,2,-416,19385,63,33,79,16,0,0,0,0,0,0,0,-32286,0,0,0,0,0,2827012,0
2752501,6698,-2424,1262,-772,598,285,-2556,-390,107,0,-392,19385,68,33,79,16,0,0,0,0,0,0,0,-32287,0,0,0,0,0,2827017,0
2752506,6618,-2324,1292,-760,622,298,-2640,-368,109,-11,-328,19385,68,33,79,16,0,0,0,0,0,0,0,-32287,0,0,0,0,0,2827034,0
2752511,6498,-2260,1352,-754,651,309,-2720,-351,99,-7,-288,19385,77,33,79,16,0,0,0,0,0,0,0,-32286,0,0,0,0,0,2827039,0
2752516,6396,-2198,1320,-679,697,312,-2793,-311,89,-11,-224,19385,77,33,79,16,0,0,0,0,0,0,0,-32286,0,0,0,0,0,2827052,0
2752521,6156,-2036,1274,-640,694,303,-2856,-279,92,-5,-160,19385,82,33,79,16,0,0,0,0,0,0,0,-32286,0,0,0,0,0,2827057,0
2752526,6090,-1830,1094,-607,707,288,-2910,-234,107,2,-120,19385,82,33,79,16,0,0,0,0,0,0,0,-32286,0,0,0,0,0,2827072,0
2752531,6008,-1802,938,-625,728,301,-2956,-202,126,8,-96,19384,80,33,79,16,0,0,0,0,0,0,0,-32286,0,0,0,0,0,2827077,0
2752536,5630,-1622,726,-637,709,264,-2999,-185,129,-2,-72,19384,80,33,79,16,0,0,0,0,0,0,0,-32287,0,0,0,0,0,2827092,0
2752541,5604,-1696,596,-595,673,271,-3028,-128,119,0,-48,19384,68,33,79,16,0,0,0,0,0,0,0,-32286,0,0,0,0,0,2827097,0
2752546,5342,-1672,564,-593,640,269,-3054,-115,112,6,-48,19384,68,33,79,16,0,0,0,0,0,0,0,-32287,0,0,0,0,0,2827112,0
2752551,5294,-1564,472,-593,579,238,-3073,-73,112,-9,-24,19385,63,33,79,16,0,0,0,0,0,0,0,-32286,0,0,0,0,0,2827117,0
2752556,5190,-1600,424,-590,542,259,-3087,-58,104,-5,-24,19385,63,33,79,16,0,0,0,0,0,0,0,-32286,0,0,0,0,0,2827133,0
2752561,5148,-1616,324,-638,509,265,-3103,-71,87,0,-40,19389,66,33,79,16,0,0,0,0,0,0,0,-32286,0,0,0,0,0,2827138,0
2752566,5224,-1484,250,-702,506,255,-3122,-80,40,-2,-32,19389,66,33,79,16,0,0,0,0,0,0,0,-32286,0,0,0,0,0,2827151,0
2752571,5366,-1436,272,-690,506,239,-3132,-35,27,-7,-8,19390,73,33,79,16,0,0,0,0,0,0,0,-32287,0,0,0,0,0,2827156,0
2752576,5480,-1640,304,-620,448,217,-3129,16,36,-5,0,19390,73,33,79,16,0,0,0,0,0,0,0,-32287,0,0,0,0,0,2827171,0
2752581,5590,-1658,322,-617,400,221,-3124,23,75,3,8,19390,70,33,79,16,0,0,0,0,0,0,0,-32287,0,0,0,0,0,2827176,0
2752586,5766,-1600,310,-644,362,229,-3123,9,92,3,-8,19390,70,33,79,16,0,0,0,0,0,0,0,-32287,0,0,0,0,0,2827191,0
2752591,5934,-1438,348,-670,315,198,-3124,7,53,-1,0,19388,63,33,79,16,0,0,0,0,0,0,0,-32286,0,0,0,0,0,2827196,0
2752596,6320,-1382,432,-670,233,150,-3123,0,3,-2,-8,19388,63,33,79,16,0,0,0,0,0,0,0,-32286,0,0,0,0,0,2827211,0
2752601,6552,-1428,476,-669,220,129,-3123,5,-15,-1,0,19387,66,33,79,16,0,0,0,0,0,0,0,-32287,0,0,0,0,0,2827216,0
2752606,6724,-1406,546,-683,217,106,-3124,-5,-8,-2,0,19387,66,33,79,16,0,0,0,0,0,0,0,-32286,0,0,0,0,0,2827231,0
2752611,6800,-1450,646,-697,202,78,-3124,-1,-1,-2,0,19387,75,33,79,16,0,0,0,0,0,0,0,-32286,0,0,0,0,0,2827236,0
2752616,7122,-1526,768,-694,179,35,-3123,1,-2,-2,0,19387,75,33,79,16,0,0,0,0,0,0,0,-32286,0,0,0,0,0,2827251,0
2752621,7246,-1642,884,-703,220,38,-3125,-1,3,0,0,19387,82,33,79,16,0,0,0,0,0,0,0,-32286,0,0,0,0,0,2827255,0
2752626,7202,-1638,972,-752,237,31,-3123,0,5,0,0,19387,82,33,79,16,0,0,0,0,0,0,0,-32286,0,0,0,0,0,2827270,0
2752631,7266,-1606,992,-777,256,19,-3123,0,3,0,0,19386,73,33,79,16,0,0,0,0,0,0,0,-32286,0,0,0,0,0,2827275,0
2752636,7202,-1748,842,-788,190,-13,-3123,3,5,0,0,19386,73,33,79,16,0,0,0,0,0,0,0,-32286,0,0,0,0,0,2827290,0
2752641,7296,-1836,758,-807,155,-8,-3123,0,1,-1,0,19387,66,33,79,16,0,0,0,0,0,0,0,-32287,0,0,0,0,0,2827295,0
2752646,7224,-1828,706,-855,102,-22,-3122,3,4,-1,0,19387,66,33,79,16,0,0,0,0,0,0,0,-32286,0,0,0,0,0,2827310,0
2752651,7208,-1868,576,-851,18,-38,-3121,0,5,-1,0,19387,54,33,79,16,0,0,0,0,0,0,0,-32287,0,0,0,0,0,2827315,0
2752656,7194,-1978,772,-837,-65,-63,-3120,-3,4,0,0,19387,54,33,79,16,0,0,0,0,0,0,0,-32287,0,0,0,0,0,2827330,0
2752661,7368,-2122,860,-828,-78,-68,-3119,-4,3,-1,0,19386,54,33,79,16,0,0,0,0,0,0,0,-32287,0,0,0,0,0,2827335,0
2752666,7320,-2244,948,-821,-93,-81,-3119,0,-2,-2,0,19386,54,33,79,16,0,0,0,0,0,0,0,-32286,0,0,0,0,0,2827350,0
2752671,7482,-2348,978,-800,-95,-81,-3118,2,-5,0,0,19389,57,33,79,16,0,0,0,0,0,0,0,-32287,0,0,0,0,0,2827355,0
2752676,7686,-2466,1126,-760,-72,-77,-3117,5,1,0,0,19389,57,33,79,16,0,0,0,0,0,0,0,-32286,0,0,0,0,0,2827370,0
2752681,7882,-2540,1166,-742,-57,-84,-3116,6,1,1,0,19391,64,33,79,16,0,0,0,0,0,0,0,-32286,0,0,0,0,0,2827375,0
2752686,8062,-2496,1268,-710,-47,-97,-3116,4,1,0,-8,19391,64,33,79,16,0,0,0,0,0,0,0,-32287,0,0,0,0,0,2827391,0
2752691,8344,-2528,1256,-660,-62,-103,-3118,-2,-1,-1,0,19391,66,33,79,16,0,0,0,0,0,0,0,-32287,0,0,0,0,0,2827396,0
2752696,8702,-2606,1280,-623,-121,-118,-3118,-1,-6,-2,0,19391,66,33,79,16,0,0,0,0,0,0,0,-32286,0,0,0,0,0,2827409,0
2752701,8918,-2598,1278,-620,-141,-103,-3117,-4,-3,-1,0,19389,66,33,79,16,0,0,0,0,0,0,0,-32286,0,0,0,0,0,2827414,0
2752706,9036,-2564,1422,-623,-165,-101,-3117,1,0,-1,0,19389,66,33,79,16,0,0,0,0,0,0,0,-32287,0,0,0,0,0,2827429,0
2752711,9202,-2604,1606,-605,-148,-99,-3117,-4,2,-2,-8,19387,63,33,79,16,0,0,0,0,0,0,0,-32286,0,0,0,0,0,2827434,0
2752716,9332,-2418,1854,-514,-130,-125,-3117,-5,0,0,0,19387,63,33,79,16,0,0,0,0,0,0,0,-32287,0,0,0,0,0,2827449,0
2752721,9478,-2360,1786,-459,-156,-141,-3118,-3,-4,0,-8,19387,69,33,79,16,0,0,0,0,0,0,0,-32287,0,0,0,0,0,2827454,0
2752726,9422,-2224,1782,-452,-132,-144,-3118,-1,4,0,0,19387,69,33,79,16,0,0,0,0,0,0,0,-32286,0,0,0,0,0,2827469,0
2752731,9348,-1966,1854,-504,-108,-133,-3118,-8,-6,0,-8,19388,69,33,79,16,0,0,0,0,0,0,0,-32286,0,0,0,0,0,2827474,0
2752736,9356,-1830,1934,-571,-69,-130,-3119,-3,1,0,-8,19388,69,33,79,16,0,0,0,0,0,0,0,-32287,0,0,0,0,0,2827490,0
2752741,9238,-1362,2020,-638,-7,-128,-3119,-7,1,-2,0,19387,74,33,79,16,0,0,0,0,0,0,0,-32286,0,0,0,0,0,2827495,0
2752746,9358,-1098,2164,-627,40,-162,-3120,-5,-2,0,-8,19387,74,33,79,16,0,0,0,0,0,0,0,-32287,0,0,0,0,0,2827508,0
2752751,9670,-970,2302,-536,74,-213,-3120,-3,3,0,-8,19388,71,33,79,16,0,0,0,0,0,0,0,-32286,0,0,0,0,0,2827513,0
2752756,9928,-1530,2330,-687,65,-228,-3122,-10,-2,-2,0,19388,71,33,79,16,0,0,0,0,0,0,0,-32287,0,0,0,0,0,2827528,0
2752761,10386,-2074,2458,-801,113,-183,-3120,7,0,-2,0,19389,71,33,79,16,0,0,0,0,0,0,0,-32286,0,0,0,0,0,2827533,0
2752766,10930,-2536,2628,-887,148,-145,-3121,0,0,0,0,19389,71,33,79,16,0,0,0,0,0,0,0,-32286,0,0,0,0,0,2827548,0
2752771,11648,-2866,2762,-963,245,-121,-3122,-2,7,-1,0,19389,73,33,79,16,0,0,0,0,0,0,0,-32286,0,0,0,0,0,2827553,0
2752776,12684,-3622,2616,-1136,454,-60,-3122,-1,0,0,-8,19389,73,33,79,16,0,0,0,0,0,0,0,-32287,0,0,0,0,0,2827568,0
2752781,13058,-4378,2178,-1194,498,-22,-3121,-3,5,0,-8,19391,69,33,79,16,0,0,0,0,0,0,0,-32286,0,0,0,0,0,2827573,0
2752786,13118,-4900,1836,-1241,522,5,-3121,1,-1,0,0,19391,69,33,79,16,0,0,0,0,0,0,0,-32286,0,0,0,0,0,2827588,0
2752791,13212,-5476,1548,-1241,575,42,-3122,2,-1,0,0,19391,67,33,79,16,0,0,0,0,0,0,0,-32286,0,0,0,0,0,2827593,0
2752796,11820,-5512,1830,-1167,755,39,-3121,3,1,-2,-8,19391,67,33,79,16,0,0,0,0,0,0,0,-32287,0,0,0,0,0,2827611,0
2752801,10978,-5670,1706,-1008,897,-4,-3122,0,-2,-3,0,19390,67,33,79,16,0,0,0,0,0,0,0,-32286,0,0,0,0,0,2827615,0
2752806,9708,-5708,1642,-846,1049,-57,-3121,2,4,-2,0,19390,67,33,79,16,0,0,0,0,0,0,0,-32287,0,0,0,0,0,2827627,0
2752811,8604,-5568,1588,-739,1162,-115,-3122,-1,2,-1,-8,19388,64,33,79,16,0,0,0,0,0,0,0,-32286,0,0,0,0,0,2827632,0
2752816,6924,-5828,1202,-680,1201,-244,-3121,-4,0,0,0,19388,64,33,79,16,0,0,0,0,0,0,0,-32286,0,0,0,0,0,2827647,0
2752821,6134,-6404,1054,-685,1117,-292,-3121,0,0,0,0,19386,62,33,79,16,0,0,0,0,0,0,0,-32286,0,0,0,0,0,2827652,0
2752826,5638,-7148,870,-621,944,-295,-3121,2,-4,0,-8,19386,62,33,79,16,0,0,0,0,0,0,0,-32286,0,0,0,0,0,2827667,0
2752831,5088,-7734,794,-500,711,-294,-3123,0,0,0,-8,19386,66,33,79,16,0,0,0,0,0,0,0,-32287,0,0,0,0,0,2827672,0
2752836,5060,-7856,458,-164,134,-248,-3122,-1,-1,0,0,19386,66,33,79,16,0,0,0,0,0,0,0,-32286,0,0,0,0,0,2827687,0
2752841,5030,-7554,572,-133,-51,-168,-3123,-7,4,-2,0,19386,66,33,79,16,0,0,0,0,0,0,0,-32286,0,0,0,0,0,2827692,0
2752846,4978,-7356,792,-161,-174,-81,-3122,0,6,-2,0,19386,66,33,79,16,0,0,0,0,0,0,0,-32287,0,0,0,0,0,2827707,0
2752851,5042,-7128,1006,-121,-339,-18,-3122,5,4,-3,0,19386,56,33,79,16,0,0,0,0,0,0,0,-32286,0,0,0,0,0,2827712,0
2752856,5620,-6344,1338,332,-616,-27,-3118,9,5,-1,0,19386,56,33,79,16,0,0,0,0,0,0,0,-32286,0,0,0,0,0,2827727,0
2752861,5950,-5912,1300,600,-720,-33,-3119,-5,-2,-1,0,19387,56,33,79,16,0,0,0,0,0,0,0,-32287,0,0,0,0,0,2827732,0
2752866,5960,-5122,1362,611,-658,13,-3118,14,11,-2,8,19387,56,33,79,16,0,0,0,0,0,0,0,-32286,0,0,0,0,0,2827747,0
2752871,5926,-4424,1414,375,-506,81,-3116,12,4,0,8,19386,60,33,79,16,0,0,0,0,0,0,0,-32287,0,0,0,0,0,2827758,0
2752876,6084,-3838,1334,128,-216,106,-3111,16,7,2,0,19386,60,33,79,16,0,0,0,0,0,0,0,-32287,0,0,0,0,0,2827766,0
2752881,6268,-3862,1186,288,-153,58,-3108,7,14,3,0,19388,64,33,79,16,0,0,0,0,0,0,0,-32287,0,0,0,0,0,2827771,0
2752886,6348,-3712,1036,481,-147,-3,-3109,-6,11,2,0,19388,64,33,79,16,0,0,0,0,0,0,0,-32286,0,0,0,0,0,2827786,0
2752891,6352,-3626,706,610,-103,-29,-3108,3,-12,-1,0,19390,59,33,79,16,0,0,0,0,0,0,0,-32287,0,0,0,0,0,2827791,0
2752896,5728,-3730,88,224,148,178,-3105,9,-13,-5,8,19390,59,33,79,16,0,0,0,0,0,0,0,-32286,0,0,0,0,0,2827806,0
2752901,5248,-4358,-162,-480,463,507,-3096,46,11,-7,32,19393,61,33,79,16,0,0,0,0,0,0,0,-32286,0,0,0,0,0,2827811,0
2752906,4930,-3622,352,-773,736,499,-3073,105,52,-9,64,19393,61,33,79,16,0,0,0,0,0,0,0,-32286,0,0,0,0,0,2827826,0
2752911,5928,-4662,216,-368,851,475,-3026,221,128,-19,184,19391,67,33,79,16,0,0,0,0,0,0,0,-32287,0,0,0,0,0,2827831,0
2752916,4690,-5324,912,33,899,614,-2944,373,236,-24,480,19391,67,33,79,16,0,0,0,0,0,0,0,-32286,0,0,0,0,0,2827846,0
2752921,5046,-5492,-850,362,302,480,-2825,534,366,-41,912,19390,79,33,79,16,0,0,0,0,0,0,0,-32286,0,0,0,0,0,2827858,0
2752926,5722,-5202,-2184,866,-179,369,-2673,683,463,-6,1256,19390,79,33,79,16,0,0,0,0,0,0,0,-32287,0,0,0,0,0,2827866,0
2752931,5654,-4174,-2676,1133,-785,244,-2495,787,504,16,1400,19389,74,33,79,16,0,0,0,0,0,0,0,-32287,0,0,0,0,0,2827871,0
2752936,6946,-2772,-2832,696,-1425,103,-2301,859,472,12,1536,19389,74,33,79,16,0,0,0,0,0,0,0,-32287,0,0,0,0,0,2827886,0
2752941,7152,-2916,-2374,364,-1590,100,-2094,904,389,8,1624,19389,77,33,79,16,0,0,0,0,0,0,0,-32286,0,0,0,0,0,2827891,0
2752946,7348,-3404,-1876,138,-1686,111,-1884,921,281,16,1640,19389,77,33,79,16,0,0,0,0,0,0,0,-32287,0,0,0,0,0,2827906,0
2752951,7342,-3942,-1208,17,-1731,113,-1673,933,172,15,1624,19387,72,33,79,16,0,0,0,0,0,0,0,-32287,0,0,0,0,0,2827911,0
2752956,7250,-4600,-56,36,-1628,130,-1464,920,89,5,1568,19387,72,33,79,16,0,0,0,0,0,0,0,-32287,0,0,0,0,0,2827926,0
2752961,7300,-4794,382,117,-1544,109,-1258,914,27,2,1560,19385,74,33,79,16,0,0,0,0,0,0,0,-32286,0,0,0,0,0,2827931,0
2752966,7190,-4638,674,169,-1419,97,-1055,895,-10,4,1512,19385,74,33,79,16,0,0,0,0,0,0,0,-32287,0,0,0,0,0,2827945,0
2752971,7128,-4482,858,217,-1315,27,-853,888,-36,4,1488,19382,71,33,79,16,0,0,0,0,0,0,0,-32286,0,0,0,0,0,2827950,0
2752976,6950,-4228,998,317,-993,-58,-657,862,-45,3,1408,19382,71,33,79,16,0,0,0,0,0,0,0,-32286,0,0,0,0,0,2827965,0
2752981,7054,-4226,1084,396,-851,-125,-466,844,-52,2,1400,19384,67,33,79,16,0,0,0,0,0,0,0,-32287,0,0,0,0,0,2827970,0
2752986,6972,-4170,1056,502,-734,-164,-316,819,-63,8,1304,19384,67,33,79,16,0,0,0,0,0,0,0,-32287,0,0,0,0,0,2827985,0
2752991,6782,-4028,980,608,-665,-233,-139,781,-82,10,1208,19385,67,33,79,16,0,0,0,0,0,0,0,-32287,0,0,0,0,0,2827990,0
2752996,6548,-3858,622,811,-577,-331,35,754,-93,2,1152,19385,67,33,79,16,0,0,0,0,0,0,0,-32287,0,0,0,0,0,2828005,0
2753001,6390,-3744,416,867,-570,-365,200,715,-102,5,1056,19385,62,33,79,16,0,0,0,0,0,0,0,-32286,0,0,0,0,0,2828010,0
2753006,6270,-3688,274,873,-573,-379,356,682,-116,0,976,19385,62,33,79,16,0,0,0,0,0,0,0,-32287,0,0,0,0,0,2828025,0
2753011,6072,-3530,112,847,-608,-408,501,645,-130,1,904,19385,65,33,79,16,0,0,0,0,0,0,0,-32286,0,0,0,0,0,2828030,0
2753016,5716,-3526,-160,723,-657,-400,639,596,-132,2,792,19385,65,33,79,16,0,0,0,0,0,0,0,-32286,0,0,0,0,0,2828045,0
2753021,5626,-3572,-320,661,-697,-370,767,551,-138,-3,672,19385,67,33,79,16,0,0,0,0,0,0,0,-32286,0,0,0,0,0,2828050,0
2753026,5468,-3644,-352,664,-754,-379,887,523,-137,-13,632,19385,67,33,79,16,0,0,0,0,0,0,0,-32287,0,0,0,0,0,2828065,0
2753031,5516,-3534,-438,713,-819,-382,1000,499,-132,-17,608,19388,68,33,79,16,0,0,0,0,0,0,0,-32287,0,0,0,0,0,2828070,0
2753036,5444,-3506,-446,799,-1034,-340,1106,461,-122,-3,520,19388,68,33,79,16,0,0,0,0,0,0,0,-32287,0,0,0,0,0,2828085,0
2753041,5596,-3458,-502,793,-1102,-291,1205,432,-109,0,432,19389,63,33,79,16,0,0,0,0,0,0,0,-32287,0,0,0,0,0,2828090,0
2753046,5684,-3272,-374,768,-1177,-255,1296,405,-104,0,416,19389,63,33,79,16,0,0,0,0,0,0,0,-32287,0,0,0,0,0,2828105,0
2753051,5914,-3318,-266,742,-1232,-219,1388,409,-91,-7,432,19390,65,33,79,16,0,0,0,0,0,0,0,-32287,0,0,0,0,0,2828110,0
2753056,6368,-3400,48,829,-1308,-170,1479,396,-63,0,408,19390,65,33,79,16,0,0,0,0,0,0,0,-32287,0,0,0,0,0,2828126,0
2753061,6600,-3282,240,870,-1335,-172,1564,373,-43,7,344,19390,67,33,79,16,0,0,0,0,0,0,0,-32286,0,0,0,0,0,2828131,0
2753066,7036,-3294,308,867,-1275,-120,1647,352,-43,10,304,19390,67,33,79,16,0,0,0,0,0,0,0,-32286,0,0,0,0,0,2828145,0
2753071,7230,-3120,568,821,-1203,-82,1731,371,-35,-2,352,19388,64,33,79,16,0,0,0,0,0,0,0,-32286,0,0,0,0,0,2828150,0
2753076,7672,-3218,798,795,-1008,-6,1817,392,-24,-8,408,19388,64,33,79,16,0,0,0,0,0,0,0,-32287,0,0,0,0,0,2828165,0
2753081,7918,-3340,816,868,-905,31,1908,409,11,-8,456,19387,61,33,79,16,0,0,0,0,0,0,0,-32286,0,0,0,0,0,2828170,0
2753086,7982,-3268,962,962,-802,52,2002,403,42,-3,456,19387,61,33,79,16,0,0,0,0,0,0,0,-32286,0,0,0,0,0,2828184,0
2753091,8194,-3316,968,1034,-695,78,2098,423,9,-4,488,19385,63,33,79,16,0,0,0,0,0,0,0,-32287,0,0,0,0,0,2828189,0
2753096,8420,-3080,838,1112,-462,84,2197,445,0,-10,560,19385,63,33,79,16,0,0,0,0,0,0,0,-32287,0,0,0,0,0,2828204,0
2753101,8396,-3034,694,1209,-363,90,2305,476,72,-10,672,19385,60,33,79,16,0,0,0,0,0,0,0,-32286,0,0,0,0,0,2828209,0
2753106,8288,-3166,590,1294,-322,107,2420,502,90,4,696,19385,60,33,79,16,0,0,0,0,0,0,0,-32286,0,0,0,0,0,2828226,0
2753111,8262,-2948,416,1359,-300,92,2540,529,132,0,768,19385,64,33,79,16,0,0,0,0,0,0,0,-32286,0,0,0,0,0,2828231,0
2753116,8090,-2720,88,1434,-312,80,2665,555,142,-2,840,19385,64,33,79,16,0,0,0,0,0,0,0,-32286,0,0,0,0,0,2828244,0
2753121,8066,-2760,-62,1477,-350,73,2800,597,95,4,928,19386,62,33,79,16,0,0,0,0,0,0,0,-32286,0,0,0,0,0,2828249,0
2753126,7918,-2666,-122,1473,-377,66,2940,617,98,12,952,19386,62,33,79,16,0,0,0,0,0,0,0,-32286,0,0,0,0,0,2828264,0
2753131,7912,-2606,-182,1471,-422,73,3084,639,101,2,1000,19387,67,33,79,16,0,0,0,0,0,0,0,-32287,0,0,0,0,0,2828269,0
2753136,7560,-2574,-66,1415,-479,52,3234,664,93,0,1048,19387,67,33,79,16,0,0,0,0,0,0,0,-32287,0,0,0,0,0,2828284,0
2753141,7580,-2842,-272,1445,-548,43,3389,676,84,4,1064,19387,65,33,79,16,0,0,0,0,0,0,0,-32286,0,0,0,0,0,2828289,0
2753146,7390,-2620,-178,1449,-618,18,3544,678,68,11,1064,19387,65,33,79,16,0,0,0,0,0,0,0,-32286,0,0,0,0,0,2828304,0
2753151,7552,-2460,-160,1467,-626,-17,3703,701,58,4,1088,19388,58,33,79,16,0,0,0,0,0,0,0,-32287,0,0,0,0,0,2828309,0
2753156,7190,-2336,8,1324,-655,-36,3861,697,40,2,1072,19388,58,33,79,16,0,0,0,0,0,0,0,-32287,0,0,0,0,0,2828324,0
2753161,7320,-2374,-80,1245,-632,-47,4016,682,14,0,1040,19387,63,33,79,16,0,0,0,0,0,0,0,-32286,0,0,0,0,0,2828329,0
2753166,7270,-2452,26,1207,-601,-68,4171,687,1,-1,1040,19387,63,33,79,16,0,0,0,0,0,0,0,-32287,0,0,0,0,0,2828344,0
2753171,7226,-2610,132,1179,-571,-65,4321,658,-16,13,960,19387,61,33,79,16,0,0,0,0,0,0,0,-32286,0,0,0,0,0,2828349,0
2753176,7124,-2664,278,1197,-510,-66,4467,637,-34,7,920,19387,61,33,79,16,0,0,0,0,0,0,0,-32286,0,0,0,0,0,2828364,0
2753181,7224,-2708,288,1212,-459,-51,4611,628,-51,-5,904,19387,58,33,79,16,0,0,0,0,0,0,0,-32286,0,0,0,0,0,2828369,0
2753186,7198,-2666,334,1203,-397,-21,4747,593,-54,4,800,19387,58,33,79,16,0,0,0,0,0,0,0,-32286,0,0,0,0,0,2828384,0
2753191,7296,-2758,380,1222,-346,1,4876,563,-76,0,736,19388,55,33,79,16,0,0,0,0,0,0,0,-32287,0,0,0,0,0,2828389,0
2753196,7376,-2538,350,1277,-240,0,5000,544,-87,-9,696,19388,55,33,79,16,0,0,0,0,0,0,0,-32287,0,0,0,0,0,2828404,0
2753201,7494,-2622,200,1292,-155,75,5118,514,-89,0,616,19391,54,33,79,16,0,0,0,0,0,0,0,-32286,0,0,0,0,0,2828409,0
2753206,7298,-2286,174,1273,-151,62,5227,480,-105,-3,528,19391,54,33,79,16,0,0,0,0,0,0,0,-32286,0,0,0,0,0,2828424,0
2753211,7634,-2324,-68,1265,-98,99,5326,435,-111,-5,432,19389,56,33,79,16,0,0,0,0,0,0,0,-32286,0,0,0,0,0,2828429,0
2753216,7558,-2264,-160,1235,-34,178,5417,399,-121,-7,392,19389,56,33,79,16,0,0,0,0,0,0,0,-32286,0,0,0,0,0,2828444,0
2753221,7596,-2132,-204,1222,-16,215,5501,375,-126,4,320,19388,60,33,79,16,0,0,0,0,0,0,0,-32286,0,0,0,0,0,2828449,0
2753226,7670,-2136,-236,1198,16,256,5579,328,-122,14,232,19388,60,33,79,16,0,0,0,0,0,0,0,-32287,0,0,0,0,0,2828464,0
2753231,7658,-1948,-216,1175,26,258,5646,293,-122,7,184,19385,65,33,79,16,0,0,0,0,0,0,0,-32286,0,0,0,0,0,2828469,0
2753236,7754,-1610,-218,1060,141,318,5706,252,-118,0,120,19385,65,33,79,16,0,0,0,0,0,0,0,-32286,0,0,0,0,0,2828484,0
2753241,7916,-1752,-296,1021,212,325,5755,203,-131,-6,96,19385,66,33,79,16,0,0,0,0,0,0,0,-32286,0,0,0,0,0,2828491,0
2753246,7954,-1804,-276,1047,242,304,5800,195,-133,-6,80,19385,66,33,79,16,0,0,0,0,0,0,0,-32286,0,0,0,0,0,2828506,0
2753251,7920,-1846,-292,1081,284,316,5839,171,-118,0,72,19385,68,33,79,16,0,0,0,0,0,0,0,-32286,0,0,0,0,0,2828511,0
2753256,8062,-1958,-368,1126,273,289,5874,152,-94,0,56,19385,68,33,79,16,0,0,0,0,0,0,0,-32286,0,0,0,0,0,2828526,0
2753261,7906,-1686,-206,1040,291,281,5911,160,-73,-2,80,19387,74,33,79,16,0,0,0,0,0,0,0,-32286,0,0,0,0,0,2828531,0
2753266,7992,-1892,-344,871,356,341,5949,162,-36,3,80,19387,74,33,79,16,0,0,0,0,0,0,0,-32286,0,0,0,0,0,2828546,0
2753271,7806,-1902,-288,638,382,379,5987,177,-11,0,80,19386,72,33,79,16,0,0,0,0,0,0,0,-32286,0,0,0,0,0,2828551,0
2753276,7626,-2274,-166,411,476,429,6029,184,4,-1,104,19386,72,33,79,16,0,0,0,0,0,0,0,-32286,0,0,0,0,0,2828566,0
2753281,7646,-2748,-216,545,473,428,6077,214,30,-3,136,19387,67,33,79,16,0,0,0,0,0,0,0,-32286,0,0,0,0,0,2828571,0
2753286,7430,-2714,-82,725,378,404,6134,257,58,-2,192,19387,67,33,79,16,0,0,0,0,0,0,0,-32287,0,0,0,0,0,2828586,0
2753291,7574,-2598,-124,833,344,382,6200,293,89,-1,248,19388,57,33,79,16,0,0,0,0,0,0,0,-32287,0,0,0,0,0,2828591,0
2753296,7788,-2330,-246,913,256,312,6279,357,124,-1,352,19388,57,33,79,16,0,0,0,0,0,0,0,-32286,0,0,0,0,0,2828606,0
2753301,7766,-2294,-216,1001,200,249,6373,426,155,-18,504,19387,53,33,79,16,0,0,0,0,0,0,0,-32286,0,0,0,0,0,2828611,0
2753306,7854,-2352,-240,1127,107,205,6476,464,180,-19,616,19387,53,33,79,16,0,0,0,0,0,0,0,-32287,0,0,0,0,0,2828626,0
2753311,7790,-2372,-190,1174,46,169,6588,495,174,-1,680,19388,59,33,79,16,0,0,0,0,0,0,0,-32286,0,0,0,0,0,2828631,0
2753316,8078,-2144,-60,1147,7,90,6706,521,162,6,736,19388,59,33,79,16,0,0,0,0,0,0,0,-32286,0,0,0,0,0,2828646,0
2753321,8184,-2170,30,1166,-7,23,6832,556,132,2,832,19388,55,33,79,16,0,0,0,0,0,0,0,-32286,0,0,0,0,0,2828651,0
2753326,8232,-2428,84,1201,11,19,6964,580,114,8,872,19388,55,33,79,16,0,0,0,0,0,0,0,-32287,0,0,0,0,0,2828666,0
2753331,8066,-2426,182,1241,-15,-18,7095,579,89,18,832,19388,56,33,79,16,0,0,0,0,0,0,0,-32286,0,0,0,0,0,2828671,0
2753336,8306,-2262,176,1295,24,-47,7228,583,67,5,840,19388,56,33,79,16,0,0,0,0,0,0,0,-32287,0,0,0,0,0,2828686,0
2753341,8388,-2330,114,1287,59,-59,7362,594,44,6,832,19390,58,33,79,16,0,0,0,0,0,0,0,-32286,0,0,0,0,0,2828691,0
2753346,8342,-2238,36,1271,93,-62,7491,564,11,8,736,19390,58,33,79,16,0,0,0,0,0,0,0,-32286,0,0,0,0,0,2828706,0
2753351,8464,-2148,-96,1266,125,-58,7613,534,-18,-3,672,19390,64,33,79,16,0,0,0,0,0,0,0,-32286,0,0,0,0,0,2828711,0
2753356,8490,-1832,-254,1264,156,-73,7735,533,-39,-9,680,19390,64,33,79,16,0,0,0,0,0,0,0,-32287,0,0,0,0,0,2828726,0
2753361,8506,-1786,-412,1223,180,-39,7850,503,-63,-1,576,19390,73,33,79,16,0,0,0,0,0,0,0,-32286,0,0,0,0,0,2828731,0
2753366,8402,-1618,-482,1142,190,-27,7959,476,-72,-1,528,19390,73,33,79,16,0,0,0,0,0,0,0,-32286,0,0,0,0,0,2828746,0
2753371,8650,-1458,-610,1117,198,-18,8061,445,-80,-4,456,19389,67,33,79,16,0,0,0,0,0,0,0,-32286,0,0,0,0,0,2828751,0
2753376,8568,-1298,-530,1002,186,0,8159,428,-82,-5,440,19389,67,33,79,16,0,0,0,0,0,0,0,-32286,0,0,0,0,0,2828766,0
2753381,8644,-1244,-470,992,209,7,8257,431,-81,-1,440,19387,73,33,79,16,0,0,0,0,0,0,0,-32286,0,0,0,0,0,2828771,0
2753386,8608,-1244,-424,959,201,15,8348,393,-66,6,368,19387,73,33,79,16,0,0,0,0,0,0,0,-32286,0,0,0,0,0,2828786,0
2753391,8696,-1088,-420,910,199,2,8438,394,-52,3,352,19387,64,33,79,16,0,0,0,0,0,0,0,-32287,0,0,0,0,0,2828791,0
2753396,8832,-1250,-344,862,207,8,8524,372,-54,5,328,19387,64,33,79,16,0,0,0,0,0,0,0,-32288,0,0,0,0,0,2828806,0
2753401,9106,-1454,-274,898,200,-14,8609,371,-46,-1,320,19388,69,33,79,16,0,0,0,0,0,0,0,-32286,0,0,0,0,0,2828811,0
2753406,9208,-1584,-170,928,213,-29,8694,377,-40,-2,336,19388,69,33,79,16,0,0,0,0,0,0,0,-32286,0,0,0,0,0,2828826,0
2753411,9344,-1744,-38,943,208,-39,8781,382,-14,1,320,19389,72,33,79,16,0,0,0,0,0,0,0,-32286,0,0,0,0,0,2828831,0
2753416,9410,-2082,-206,936,230,-82,8863,362,-17,3,288,19389,72,33,79,16,0,0,0,0,0,0,0,-32287,0,0,0,0,0,2828846,0
2753421,9342,-2514,-558,907,224,-81,8940,343,-17,0,272,19388,67,33,79,16,0,0,0,0,0,0,0,-32287,0,0,0,0,0,2828851,0
2753426,9314,-2732,-690,906,137,-95,9015,330,-38,0,240,19388,67,33,79,16,0,0,0,0,0,0,0,-32286,0,0,0,0,0,2828866,0
2753431,9532,-2768,-484,965,103,-135,9086,313,-52,-2,224,19387,68,33,79,16,0,0,0,0,0,0,0,-32286,0,0,0,0,0,2828871,0
2753436,9572,-2982,-296,996,-81,-207,9160,320,-41,-1,240,19387,68,33,79,16,0,0,0,0,0,0,0,-32286,0,0,0,0,0,2828886,0
2753441,9524,-2914,-134,926,-101,-193,9230,292,-32,7,168,19387,63,33,79,16,0,0,0,0,0,0,0,-32286,0,0,0,0,0,2828891,0
2753446,9354,-2630,82,760,-169,-220,9288,253,-35,5,120,19387,63,33,79,16,0,0,0,0,0,0,0,-32287,0,0,0,0,0,2828906,0
2753451,9606,-2508,200,617,-171,-255,9341,220,-64,-5,80,19387,66,33,79,16,0,0,0,0,0,0,0,-32286,0,0,0,0,0,2828911,0
2753456,9348,-2564,618,459,-233,-295,9378,165,-109,-2,56,19387,66,33,79,16,0,0,0,0,0,0,0,-32286,0,0,0,0,0,2828926,0
2753461,9324,-2628,800,425,-230,-306,9403,96,-150,-5,24,19386,63,33,79,16,0,0,0,0,0,0,0,-32286,0,0,0,0,0,2828931,0
2753466,9120,-2486,1042,382,-243,-329,9413,38,-185,0,8,19386,63,33,79,16,0,0,0,0,0,0,0,-32287,0,0,0,0,0,2828946,0
2753471,9246,-2488,1120,322,-222,-321,9412,5,-192,0,0,19386,60,33,79,16,0,0,0,0,0,0,0,-32286,0,0,0,0,0,2828951,0
2753476,9128,-2378,1304,204,-225,-340,9413,0,-172,-1,0,19386,60,33,79,16,0,0,0,0,0,0,0,-32286,0,0,0,0,0,2828966,0
2753481,8988,-2352,1324,111,-244,-328,9413,-5,-126,0,-8,19387,60,33,79,16,0,0,0,0,0,0,0,-32286,0,0,0,0,0,2828971,0
2753486,9004,-2462,1242,11,-263,-321,9413,-1,-55,0,0,19387,60,33,79,16,0,0,0,0,0,0,0,-32286,0,0,0,0,0,2828986,0
2753491,9000,-2550,1154,-79,-261,-303,9413,3,-14,-1,0,19388,64,33,79,16,0,0,0,0,0,0,0,-32286,0,0,0,0,0,2828991,0
2753496,9056,-2796,1060,-284,-227,-277,9413,2,3,-1,-8,19388,64,33,79,16,0,0,0,0,0,0,0,-32286,0,0,0,0,0,2829006,0
2753501,9196,-3036,1218,-254,-254,-331,9411,0,1,-1,0,19393,68,33,79,16,0,0,0,0,0,0,0,-32286,0,0,0,0,0,2829011,0
2753506,9326,-3612,1162,-37,-332,-379,9412,-5,3,-1,0,19393,68,33,79,16,0,0,0,0,0,0,0,-32286,0,0,0,0,0,2829025,0
2753511,9186,-3728,1248,80,-366,-383,9412,-6,-6,-1,0,19393,64,33,79,16,0,0,0,0,0,0,0,-32286,0,0,0,0,0,2829030,0
2753516,9008,-3524,1282,-397,-246,-289,9411,-6,4,-2,0,19393,64,33,79,16,0,0,0,0,0,0,0,-32286,0,0,0,0,0,2829045,0
2753521,8820,-3738,1322,-752,-122,-212,9411,-8,1,0,0,19392,68,33,79,16,0,0,0,0,0,0,0,-32286,0,0,0,0,0,2829050,0
2753526,8382,-4116,1532,-1012,-37,-168,9411,-4,-1,0,0,19392,68,33,79,16,0,0,0,0,0,0,0,-32286,0,0,0,0,0,2829065,0
2753531,7986,-4802,1678,-1084,9,-133,9413,3,2,0,0,19391,75,33,79,16,0,0,0,0,0,0,0,-32286,0,0,0,0,0,2829070,0
2753536,7202,-5588,1926,-852,0,-109,9410,-4,-1,0,-8,19391,75,33,79,16,0,0,0,0,0,0,0,-32286,0,0,0,0,0,2829085,0
2753541,6768,-5836,1912,-768,-11,-93,9409,-3,-1,-1,-8,19389,76,33,79,16,0,0,0,0,0,0,0,-32286,0,0,0,0,0,2829090,0
2753546,6468,-6004,1840,-717,-26,-81,9408,-6,-10,0,-8,19389,76,33,79,16,0,0,0,0,0,0,0,-32286,0,0,0,0,0,2829105,0
2753551,6590,-5698,1876,-606,-166,-191,9402,-20,-6,2,-32,19388,66,33,79,16,0,0,0,0,0,0,0,-32286,0,0,0,0,0,2829110,0
2753556,5562,-7690,1532,1614,-511,-719,9375,-133,-52,11,-80,19388,66,33,79,16,0,0,0,0,0,0,0,-32286,0,0,0,0,0,2829125,0
2753561,6050,-5486,2458,1645,-612,-767,9329,-212,-133,5,-168,19388,64,33,79,16,0,0,0,0,0,0,0,-32287,0,0,0,0,0,2829130,0
2753566,6076,-4734,1964,1085,-317,-738,9260,-312,-223,8,-336,19388,64,33,79,16,0,0,0,0,0,0,0,-32286,0,0,0,0,0,2829145,0
2753571,5648,-5050,1052,469,-214,-634,9161,-446,-307,28,-632,19388,61,33,79,16,0,0,0,0,0,0,0,-32286,0,0,0,0,0,2829150,0
2753576,4906,-6600,1522,14,55,-500,9033,-574,-376,34,-1024,19388,61,33,79,16,0,0,0,0,0,0,0,-32286,0,0,0,0,0,2829165,0
2753581,4764,-7480,1572,218,25,-382,8870,-734,-419,10,-1392,19388,70,33,79,16,0,0,0,0,0,0,0,-32286,0,0,0,0,0,2829170,0
2753586,4494,-7652,1858,390,33,-242,8668,-904,-480,6,-1760,19388,70,33,79,16,0,0,0,0,0,0,0,-32286,0,0,0,0,0,2829185,0
2753591,4466,-7470,1890,422,25,-100,8426,-1079,-531,3,-2136,19387,61,33,79,16,0,0,0,0,0,0,0,-32286,0,0,0,0,0,2829190,0
2753596,4260,-7088,2222,-132,442,431,8147,-1246,-566,2,-2488,19387,61,33,79,16,0,0,0,0,0,0,0,-32286,0,0,0,0,0,2829205,0
2753601,4256,-7986,1530,-139,256,604,7834,-1391,-581,-2,-2768,19386,59,33,79,16,0,0,0,0,0,0,0,-32286,0,0,0,0,0,2829210,0
2753606,4702,-7800,1300,168,167,729,7492,-1526,-555,-5,-3032,19386,59,33,79,16,0,0,0,0,0,0,0,-32286,0,0,0,0,0,2829225,0
2753611,4806,-6932,1248,424,34,824,7124,-1632,-514,-6,-3248,19388,74,33,79,16,0,0,0,0,0,0,0,-32286,0,0,0,0,0,2829230,0
2753616,5604,-4872,556,187,-55,993,6736,-1713,-452,-2,-3416,19388,74,33,79,16,0,0,0,0,0,0,0,-32286,0,0,0,0,0,2829245,0
2753621,5984,-4266,292,-84,-84,1056,6328,-1797,-387,8,-3592,19388,80,33,79,16,0,0,0,0,0,0,0,-32286,0,0,0,0,0,2829250,0
2753626,6314,-3960,200,-242,-161,1088,5909,-1851,-323,1,-3712,19388,80,33,79,16,0,0,0,0,0,0,0,-32286,0,0,0,0,0,2829265,0
2753631,6666,-3576,322,-296,-272,1077,5475,-1904,-270,-2,-3816,19388,86,33,79,16,0,0,0,0,0,0,0,-32286,0,0,0,0,0,2829270,0
2753636,7456,-2968,270,-492,-526,1126,5031,-1958,-224,-9,-3928,19388,86,33,79,16,0,0,0,0,0,0,0,-32286,0,0,0,0,0,2829285,0
2753641,8020,-2726,470,-642,-569,1134,4578,-1995,-197,-19,-3928,19384,76,33,79,16,0,0,0,0,0,0,0,-32286,0,0,0,0,0,2829290,0
2753646,8298,-2314,880,-761,-642,1091,4122,-2005,-159,-21,-3920,19384,76,33,79,16,0,0,0,0,0,0,0,-32286,0,0,0,0,0,2829305,0
2753651,8612,-2166,970,-785,-751,1020,3672,-1974,-108,-13,-3816,19384,83,33,79,16,0,0,0,0,0,0,0,-32286,0,0,0,0,0,2829310,0
2753656,9768,-1616,1384,-524,-901,745,3232,-1916,-23,-7,-3704,19384,83,33,79,16,0,0,0,0,0,0,0,-32286,0,0,0,0,0,2829325,0
2753661,10140,-1356,1786,-348,-960,576,2807,-1859,59,4,-3584,19384,85,33,79,16,0,0,0,0,0,0,0,-32286,0,0,0,0,0,2829330,0
2753666,10426,-914,1942,-325,-947,432,2396,-1794,139,4,-3448,19384,85,33,79,16,0,0,0,0,0,0,0,-32286,0,0,0,0,0,2829345,0
2753671,10688,-650,1956,-437,-828,320,2000,-1739,193,3,-3344,19385,92,33,79,16,0,0,0,0,0,0,0,-32286,0,0,0,0,0,2829350,0
2753676,10856,-784,2860,-609,-327,118,1616,-1683,211,1,-3232,19385,92,33,79,16,0,0,0,0,0,0,0,-32286,0,0,0,0,0,2829365,0
2753681,10664,-1190,3126,-600,-73,35,1244,-1633,205,-2,-3112,19386,78,33,79,16,0,0,0,0,0,0,0,-32286,0,0,0,0,0,2829370,0
2753686,10472,-1670,3294,-530,196,-27,880,-1595,189,-6,-3024,19386,78,33,79,16,0,0,0,0,0,0,0,-32286,0,0,0,0,0,2829385,0
2753691,10098,-1832,3262,-498,508,-67,527,-1547,173,-10,-2904,19393,78,33,79,16,0,0,0,0,0,0,0,-32286,0,0,0,0,0,2829390,0
2753696,9098,-2184,2860,-505,1069,-112,186,-1493,166,-8,-2760,19393,78,33,79,16,0,0,0,0,0,0,0,-32286,0,0,0,0,0,2829405,0
2753701,8292,-2258,2276,-512,1215,-118,-140,-1436,166,-13,-2608,19395,81,33,79,16,0,0,0,0,0,0,0,-32286,0,0,0,0,0,2829410,0
2753706,7994,-2754,1724,-527,1243,-76,-453,-1369,186,-11,-2464,19395,81,33,79,16,0,0,0,0,0,0,0,-32286,0,0,0,0,0,2829425,0
2753711,7202,-2632,1248,-550,1375,-44,-749,-1294,206,-1,-2296,19397,80,33,79,16,0,0,0,0,0,0,0,-32286,0,0,0,0,0,2829430,0
2753716,6174,-2848,436,-526,1365,47,-1028,-1218,227,-4,-2136,19397,80,33,79,16,0,0,0,0,0,0,0,-32286,0,0,0,0,0,2829445,0
2753721,5926,-2860,-40,-626,1273,123,-1288,-1135,250,-2,-1952,19389,74,33,79,16,0,0,0,0,0,0,0,-32286,0,0,0,0,0,2829450,0
2753726,5738,-2566,-194,-688,1196,131,-1529,-1053,265,-3,-1760,19389,74,33,79,16,0,0,0,0,0,0,0,-32286,0,0,0,0,0,2829465,0
2753731,5704,-2832,-330,-650,1104,149,-1752,-974,282,0,-1632,19388,61,33,79,16,0,0,0,0,0,0,0,-32286,0,0,0,0,0,2829470,0
2753736,5704,-2780,-336,-391,760,126,-1957,-896,284,2,-1456,19388,61,33,79,16,0,0,0,0,0,0,0,-32286,0,0,0,0,0,2829485,0
2753741,5900,-2534,-274,-398,677,161,-2150,-843,275,4,-1360,19389,66,33,79,16,0,0,0,0,0,0,0,-32286,0,0,0,0,0,2829490,0
2753746,5978,-2324,-188,-548,636,192,-2331,-789,248,0,-1248,19389,66,33,79,16,0,0,0,0,0,0,0,-32286,0,0,0,0,0,2829504,0
2753751,6146,-2300,8,-762,630,244,-2501,-745,210,0,-1160,19390,60,33,79,16,0,0,0,0,0,0,0,-32286,0,0,0,0,0,2829509,0
2753756,6210,-2652,572,-872,573,280,-2659,-692,189,0,-1048,19390,60,33,79,16,0,0,0,0,0,0,0,-32286,0,0,0,0,0,2829524,0
2753761,6308,-2738,692,-809,488,257,-2811,-658,170,-2,-960,19391,71,33,79,16,0,0,0,0,0,0,0,-32286,0,0,0,0,0,2829529,0
2753766,6466,-2918,638,-718,397,234,-2949,-601,163,-4,-824,19391,71,33,79,16,0,0,0,0,0,0,0,-32286,0,0,0,0,0,2829544,0
2753771,6714,-2514,1086,-592,466,208,-3077,-560,151,-4,-712,19390,72,33,79,16,0,0,0,0,0,0,0,-32286,0,0,0,0,0,2829549,0
2753776,6970,-2142,1112,-626,450,131,-3201,-528,156,4,-640,19390,72,33,79,16,0,0,0,0,0,0,0,-32286,0,0,0,0,0,2829564,0
2753781,7082,-2204,1142,-666,484,110,-3314,-493,146,4,-560,19388,67,33,79,16,0,0,0,0,0,0,0,-32286,0,0,0,0,0,2829569,0
2753786,6908,-2354,1118,-674,509,126,-3416,-448,141,5,-464,19388,67,33,79,16,0,0,0,0,0,0,0,-32286,0,0,0,0,0,2829584,0
2753791,6756,-2502,1050,-686,515,131,-3512,-426,132,10,-440,19389,57,33,79,16,0,0,0,0,0,0,0,-32286,0,0,0,0,0,2829589,0
2753796,6620,-2386,912,-667,537,151,-3605,-404,126,6,-408,19389,57,33,79,16,0,0,0,0,0,0,0,-32286,0,0,0,0,0,2829604,0
2753801,6518,-2254,840,-630,489,137,-3692,-370,102,-9,-320,19388,63,33,79,16,0,0,0,0,0,0,0,-32286,0,0,0,0,0,2829613,0
2753806,6416,-2176,772,-594,467,139,-3768,-333,94,-19,-232,19388,63,33,79,16,0,0,0,0,0,0,0,-32287,0,0,0,0,0,2829624,0
2753811,6290,-2112,680,-570,428,140,-3837,-296,102,-10,-184,19386,69,33,79,16,0,0,0,0,0,0,0,-32286,0,0,0,0,0,2829629,0
2753816,5986,-2148,640,-607,382,192,-3901,-278,117,2,-168,19386,69,33,79,16,0,0,0,0,0,0,0,-32286,0,0,0,0,0,2829644,0
2753821,5856,-1962,720,-582,356,193,-3961,-262,105,0,-144,19387,65,33,79,16,0,0,0,0,0,0,0,-32286,0,0,0,0,0,2829649,0
2753826,5808,-1818,776,-576,350,184,-4015,-232,93,4,-120,19387,65,33,79,16,0,0,0,0,0,0,0,-32286,0,0,0,0,0,2829664,0
2753831,5834,-1974,742,-598,360,214,-4066,-218,74,1,-96,19389,73,33,79,16,0,0,0,0,0,0,0,-32286,0,0,0,0,0,2829669,0
2753836,5764,-1674,828,-549,377,191,-4107,-173,72,-2,-64,19389,73,33,79,16,0,0,0,0,0,0,0,-32286,0,0,0,0,0,2829684,0
2753841,5744,-1658,818,-486,364,173,-4133,-95,104,0,-32,19391,72,33,79,16,0,0,0,0,0,0,0,-32286,0,0,0,0,0,2829689,0
2753846,5804,-1618,752,-465,382,185,-4148,-60,145,1,-24,19391,72,33,79,16,0,0,0,0,0,0,0,-32286,0,0,0,0,0,2829704,0
2753851,5660,-1462,774,-494,371,181,-4158,-45,158,-1,-16,19390,63,33,79,16,0,0,0,0,0,0,0,-32286,0,0,0,0,0,2829709,0
2753856,5818,-1272,730,-520,420,165,-4161,-7,153,-4,0,19390,63,33,79,16,0,0,0,0,0,0,0,-32286,0,0,0,0,0,2829724,0
2753861,5734,-1334,734,-548,447,175,-4159,0,122,0,-8,19389,53,33,79,16,0,0,0,0,0,0,0,-32287,0,0,0,0,0,2829729,0
2753866,5746,-1266,732,-580,461,175,-4160,-4,73,0,-8,19389,53,33,79,16,0,0,0,0,0,0,0,-32286,0,0,0,0,0,2829744,0
2753871,5846,-1298,664,-579,502,165,-4160,0,49,0,-8,19389,53,33,79,16,0,0,0,0,0,0,0,-32286,0,0,0,0,0,2829749,0
2753876,5974,-1294,636,-561,524,138,-4159,-1,20,0,0,19389,53,33,79,16,0,0,0,0,0,0,0,-32286,0,0,0,0,0,2829764,0
2753881,5986,-1224,622,-587,520,121,-4159,9,4,-1,-8,19388,56,33,79,16,0,0,0,0,0,0,0,-32286,0,0,0,0,0,2829769,0
2753886,6124,-1214,544,-612,528,111,-4160,5,2,0,0,19388,56,33,79,16,0,0,0,0,0,0,0,-32286,0,0,0,0,0,2829784,0
2753891,6100,-1164,516,-652,537,95,-4160,-1,3,0,0,19387,64,33,79,16,0,0,0,0,0,0,0,-32286,0,0,0,0,0,2829789,0
2753896,6094,-1160,492,-864,593,126,-4159,3,0,0,0,19387,64,33,79,16,0,0,0,0,0,0,0,-32286,0,0,0,0,0,2829804,0
2753901,6132,-1270,622,-942,604,110,-4158,6,10,0,0,19388,67,33,79,16,0,0,0,0,0,0,0,-32286,0,0,0,0,0,2829809,0
2753906,6278,-1402,640,-913,595,85,-4157,3,2,1,0,19388,67,33,79,16,0,0,0,0,0,0,0,-32287,0,0,0,0,0,2829824,0
2753911,6366,-1396,622,-800,489,21,-4155,5,-3,3,-8,19388,73,33,79,16,0,0,0,0,0,0,0,-32286,0,0,0,0,0,2829829,0
2753916,6642,-1224,476,-710,326,-80,-4156,4,3,0,0,19388,73,33,79,16,0,0,0,0,0,0,0,-32287,0,0,0,0,0,2829844,0
2753921,6716,-1100,478,-838,319,-76,-4156,-3,-3,0,0,19391,70,33,79,16,0,0,0,0,0,0,0,-32286,0,0,0,0,0,2829849,0
2753926,6786,-1080,604,-954,293,-99,-4155,1,-6,0,0,19391,70,33,79,16,0,0,0,0,0,0,0,-32287,0,0,0,0,0,2829864,0
2753931,6800,-1244,634,-1012,252,-119,-4156,-8,-4,0,0,19389,64,33,79,16,0,0,0,0,0,0,0,-32286,0,0,0,0,0,2829869,0
2753936,7086,-1440,864,-1000,165,-145,-4153,1,4,0,0,19389,64,33,79,16,0,0,0,0,0,0,0,-32286,0,0,0,0,0,2829884,0
2753941,7236,-1520,1010,-1033,153,-170,-4152,10,3,1,0,19388,65,33,79,16,0,0,0,0,0,0,0,-32286,0,0,0,0,0,2829889,0
2753946,7472,-1682,1128,-1071,160,-192,-4151,3,7,0,0,19388,65,33,79,16,0,0,0,0,0,0,0,-32287,0,0,0,0,0,2829904,0
2753951,7582,-1858,1298,-1105,164,-224,-4150,3,-1,1,0,19386,67,33,79,16,0,0,0,0,0,0,0,-32287,0,0,0,0,0,2829909,0
2753956,7886,-2262,1482,-1159,193,-234,-4151,0,-3,1,-8,19386,67,33,79,16,0,0,0,0,0,0,0,-32286,0,0,0,0,0,2829924,0
2753961,8000,-2512,1562,-1201,197,-256,-4150,1,-3,1,-8,19387,67,33,79,16,0,0,0,0,0,0,0,-32286,0,0,0,0,0,2829929,0
2753966,8252,-2830,1596,-1192,218,-263,-4151,-2,-4,0,0,19387,67,33,79,16,0,0,0,0,0,0,0,-32286,0,0,0,0,0,2829944,0
2753971,8304,-3082,1716,-1165,227,-282,-4150,-3,-3,0,-8,19386,67,33,79,16,0,0,0,0,0,0,0,-32286,0,0,0,0,0,2829949,0
2753976,8678,-3324,1830,-996,197,-339,-4149,0,-1,0,0,19386,67,33,79,16,0,0,0,0,0,0,0,-32286,0,0,0,0,0,2829964,0
2753981,8912,-3440,1774,-900,181,-370,-4149,3,5,0,-8,19385,60,33,79,16,0,0,0,0,0,0,0,-32286,0,0,0,0,0,2829969,0
2753986,9006,-3410,1708,-862,179,-386,-4149,0,4,0,0,19385,60,33,79,16,0,0,0,0,0,0,0,-32286,0,0,0,0,0,2829984,0
2753991,9154,-3386,1638,-862,192,-375,-4149,-4,-3,0,-8,19385,59,33,79,16,0,0,0,0,0,0,0,-32286,0,0,0,0,0,2829989,0
2753996,9110,-3448,1630,-901,245,-376,-4149,0,3,0,-8,19385,59,33,79,16,0,0,0,0,0,0,0,-32286,0,0,0,0,0,2830003,0
2754001,9080,-3448,1598,-844,254,-377,-4150,0,-2,0,-8,19386,62,33,79,16,0,0,0,0,0,0,0,-32287,0,0,0,0,0,2830008,0
2754006,8938,-3428,1552,-732,225,-398,-4148,2,5,1,-8,19386,62,33,79,16,0,0,0,0,0,0,0,-32286,0,0,0,0,0,2830023,0
2754011,8814,-3300,1386,-618,148,-418,-4150,-4,1,1,-8,19388,64,33,79,16,0,0,0,0,0,0,0,-32286,0,0,0,0,0,2830028,0
2754016,8850,-2694,1410,-477,119,-437,-4150,0,-3,0,-8,19388,64,33,79,16,0,0,0,0,0,0,0,-32286,0,0,0,0,0,2830043,0
2754021,8826,-2440,1444,-518,131,-422,-4150,0,-2,0,-8,19388,73,33,79,16,0,0,0,0,0,0,0,-32286,0,0,0,0,0,2830048,0
2754026,8772,-2288,1462,-584,192,-363,-4151,0,-2,0,-8,19388,73,33,79,16,0,0,0,0,0,0,0,-32286,0,0,0,0,0,2830063,0
2754031,8678,-2084,1608,-614,198,-362,-4150,5,1,0,0,19387,72,33,79,16,0,0,0,0,0,0,0,-32286,0,0,0,0,0,2830068,0
2754036,8642,-1868,1858,-523,303,-321,-4151,4,-1,0,-8,19387,72,33,79,16,0,0,0,0,0,0,0,-32286,0,0,0,0,0,2830083,0
2754041,8698,-1674,1814,-428,340,-291,-4151,-1,5,0,-8,19386,73,33,79,16,0,0,0,0,0,0,0,-32286,0,0,0,0,0,2830088,0
2754046,8808,-1154,1682,-382,336,-286,-4153,-6,-3,0,-8,19386,73,33,79,16,0,0,0,0,0,0,0,-32286,0,0,0,0,0,2830103,0
2754051,8990,-672,1584,-380,356,-302,-4152,-9,-2,0,0,19387,72,33,79,16,0,0,0,0,0,0,0,-32286,0,0,0,0,0,2830108,0
2754056,9038,-150,1396,-573,394,-285,-4153,-3,-2,0,-8,19387,72,33,79,16,0,0,0,0,0,0,0,-32286,0,0,0,0,0,2830123,0
2754061,9128,18,1310,-719,399,-256,-4153,4,-4,0,-8,19385,74,33,79,16,0,0,0,0,0,0,0,-32286,0,0,0,0,0,2830128,0
2754066,9226,12,1366,-874,407,-234,-4154,-1,-2,0,-8,19385,74,33,79,16,0,0,0,0,0,0,0,-32286,0,0,0,0,0,2830143,0
2754071,9326,-234,1536,-1064,433,-192,-4152,7,6,0,0,19386,72,33,79,16,0,0,0,0,0,0,0,-32286,0,0,0,0,0,2830148,0
2754076,10020,-1464,2248,-1412,513,-120,-4153,12,2,-1,0,19386,72,33,79,16,0,0,0,0,0,0,0,-32286,0,0,0,0,0,2830163,0
2754081,10632,-2236,2650,-1513,560,-82,-4154,-10,0,0,-8,19385,67,33,79,16,0,0,0,0,0,0,0,-32287,0,0,0,0,0,2830168,0
2754086,11336,-2980,2968,-1526,565,-68,-4153,0,2,0,-8,19385,67,33,79,16,0,0,0,0,0,0,0,-32287,0,0,0,0,0,2830183,0
2754091,12000,-3514,2924,-1507,518,-76,-4154,-2,-2,0,0,19385,61,33,79,16,0,0,0,0,0,0,0,-32286,0,0,0,0,0,2830188,0
2754096,12610,-4416,2104,-1813,611,62,-4153,0,2,0,0,19385,61,33,79,16,0,0,0,0,0,0,0,-32286,0,0,0,0,0,2830203,0
2754101,12506,-4742,1660,-2056,820,132,-4151,5,1,-1,8,19385,57,33,79,16,0,0,0,0,0,0,0,-32286,0,0,0,0,0,2830208,0
2754106,12096,-5344,1476,-2146,949,135,-4146,20,16,-1,8,19385,57,33,79,16,0,0,0,0,0,0,0,-32286,0,0,0,0,0,2830223,0
2754111,11550,-5978,1344,-1970,975,80,-4139,30,21,0,8,19385,59,33,79,16,0,0,0,0,0,0,0,-32286,0,0,0,0,0,2830228,0
2754116,10172,-7032,1224,-1295,760,-85,-4130,40,29,-3,24,19385,59,33,79,16,0,0,0,0,0,0,0,-32286,0,0,0,0,0,2830243,0
2754121,9434,-7480,1252,-1102,646,-140,-4109,102,49,-6,64,19384,55,33,79,16,0,0,0,0,0,0,0,-32286,0,0,0,0,0,2830248,0
2754126,8840,-7990,1224,-1083,581,-123,-4075,154,93,-5,80,19384,55,33,79,16,0,0,0,0,0,0,0,-32286,0,0,0,0,0,2830263,0
2754131,8186,-8340,1316,-1112,556,-117,-4030,194,135,4,104,19389,51,33,79,16,0,0,0,0,0,0,0,-32286,0,0,0,0,0,2830268,0
2754136,7408,-9338,1182,-968,377,-104,-3986,192,141,5,96,19389,51,33,79,16,0,0,0,0,0,0,0,-32286,0,0,0,0,0,2830283,0
2754141,7470,-9714,942,-747,201,-105,-3937,215,127,-1,112,19389,50,33,79,16,0,0,0,0,0,0,0,-32286,0,0,0,0,0,2830288,0
2754146,7092,-9616,890,-460,64,-137,-3886,232,76,1,128,19389,50,33,79,16,0,0,0,0,0,0,0,-32286,0,0,0,0,0,2830303,0
2754151,6902,-9626,390,-177,-146,-132,-3833,232,52,-4,144,19390,54,33,79,16,0,0,0,0,0,0,0,-32286,0,0,0,0,0,2830308,0
2754156,5918,-8006,4,267,-443,-199,-3779,230,35,-2,144,19390,54,33,79,16,0,0,0,0,0,0,0,-32286,0,0,0,0,0,2830323,0
2754161,5620,-7340,-152,443,-572,-217,-3717,271,42,-3,208,19388,65,33,79,16,0,0,0,0,0,0,0,-32286,0,0,0,0,0,2830328,0
2754166,5326,-6738,-32,540,-642,-217,-3652,294,50,5,216,19388,65,33,79,16,0,0,0,0,0,0,0,-32286,0,0,0,0,0,2830343,0
2754171,5146,-6162,230,567,-649,-222,-3584,306,64,5,232,19388,68,33,79,16,0,0,0,0,0,0,0,-32286,0,0,0,0,0,2830348,0
2754176,4946,-5458,660,511,-464,-122,-3516,291,57,8,176,19388,68,33,79,16,0,0,0,0,0,0,0,-32286,0,0,0,0,0,2830363,0
2754181,4820,-4984,822,449,-296,-57,-3452,284,37,0,192,19389,70,33,79,16,0,0,0,0,0,0,0,-32286,0,0,0,0,0,2830368,0
2754186,4478,-4612,932,447,-149,7,-3386,283,9,-4,192,19389,70,33,79,16,0,0,0,0,0,0,0,-32286,0,0,0,0,0,2830383,0
2754191,4328,-4182,580,534,-143,15,-3313,316,2,-3,264,19387,74,33,79,16,0,0,0,0,0,0,0,-32286,0,0,0,0,0,2830388,0
2754196,4454,-3044,96,688,-72,11,-3231,363,28,-8,344,19387,74,33,79,16,0,0,0,0,0,0,0,-32286,0,0,0,0,0,2830403,0
2754201,4600,-2696,-148,710,-55,15,-3140,408,82,-16,448,19385,79,33,79,16,0,0,0,0,0,0,0,-32286,0,0,0,0,0,2830408,0
2754206,4664,-2660,-208,678,-48,59,-3041,438,115,-15,520,19385,79,33,79,16,0,0,0,0,0,0,0,-32286,0,0,0,0,0,2830423,0
2754211,4908,-2362,-44,670,-79,24,-2934,473,126,-13,640,19385,75,33,79,16,0,0,0,0,0,0,0,-32286,0,0,0,0,0,2830428,0
2754216,5126,-2446,-480,528,-235,113,-2819,517,132,-4,760,19385,75,33,79,16,0,0,0,0,0,0,0,-32286,0,0,0,0,0,2830443,0
2754221,5312,-2276,-446,309,-235,143,-2689,570,130,1,904,19385,71,33,79,16,0,0,0,0,0,0,0,-32286,0,0,0,0,0,2830448,0
2754226,5644,-2410,-356,147,-224,200,-2548,619,148,10,1008,19385,71,33,79,16,0,0,0,0,0,0,0,-32286,0,0,0,0,0,2830463,0
2754231,5860,-2440,-252,97,-273,199,-2394,682,179,3,1136,19385,68,33,79,16,0,0,0,0,0,0,0,-32286,0,0,0,0,0,2830468,0
2754236,6522,-2540,-324,190,-502,132,-2228,738,185,-4,1256,19385,68,33,79,16,0,0,0,0,0,0,0,-32286,0,0,0,0,0,2830483,0
2754241,6966,-2662,-500,175,-638,109,-2052,774,188,4,1312,19386,73,33,79,16,0,0,0,0,0,0,0,-32286,0,0,0,0,0,2830491,0
2754246,7274,-2618,-380,52,-755,92,-1871,795,167,10,1344,19386,73,33,79,16,0,0,0,0,0,0,0,-32286,0,0,0,0,0,2830505,0
2754251,7520,-2770,-280,-142,-836,85,-1684,823,144,5,1392,19386,75,33,79,16,0,0,0,0,0,0,0,-32286,0,0,0,0,0,2830510,0
2754256,7550,-3422,222,-459,-892,74,-1496,825,104,4,1384,19386,75,33,79,16,0,0,0,0,0,0,0,-32286,0,0,0,0,0,2830525,0
2754261,7492,-3876,510,-442,-919,29,-1309,836,64,0,1408,19386,71,33,79,16,0,0,0,0,0,0,0,-32286,0,0,0,0,0,2830530,0
2754266,7412,-4298,676,-370,-907,-4,-1120,830,35,2,1392,19386,71,33,79,16,0,0,0,0,0,0,0,-32287,0,0,0,0,0,2830545,0
2754271,7232,-4528,788,-252,-926,-56,-933,823,13,3,1360,19385,66,33,79,16,0,0,0,0,0,0,0,-32286,0,0,0,0,0,2830550,0
2754276,7060,-4564,840,-46,-847,-163,-746,821,4,3,1344,19385,66,33,79,16,0,0,0,0,0,0,0,-32287,0,0,0,0,0,2830565,0
2754281,6972,-4496,812,16,-794,-230,-561,805,-6,5,1312,19385,72,33,79,16,0,0,0,0,0,0,0,-32286,0,0,0,0,0,2830570,0
2754286,6850,-4478,748,76,-735,-298,-378,804,-17,5,1280,19385,72,33,79,16,0,0,0,0,0,0,0,-32286,0,0,0,0,0,2830585,0
2754291,6774,-4534,674,147,-647,-323,-201,772,-28,7,1208,19387,71,33,79,16,0,0,0,0,0,0,0,-32287,0,0,0,0,0,2830590,0
2754296,6478,-4476,508,289,-585,-432,-26,761,-47,-3,1184,19387,71,33,79,16,0,0,0,0,0,0,0,-32286,0,0,0,0,0,2830605,0
2754301,6306,-4420,350,352,-561,-464,142,743,-53,2,1128,19387,62,33,79,16,0,0,0,0,0,0,0,-32286,0,0,0,0,0,2830610,0
2754306,6132,-4290,222,379,-556,-492,305,712,-66,3,1072,19387,62,33,79,16,0,0,0,0,0,0,0,-32286,0,0,0,0,0,2830625,0
2754311,6062,-4194,52,377,-543,-503,459,683,-83,5,1008,19388,64,33,79,16,0,0,0,0,0,0,0,-32286,0,0,0,0,0,2830630,0
2754316,5796,-4120,-220,363,-544,-508,610,662,-84,1,952,19388,64,33,79,16,0,0,0,0,0,0,0,-32286,0,0,0,0,0,2830645,0
2754321,5612,-4128,-338,338,-578,-482,751,614,-96,3,848,19387,67,33,79,16,0,0,0,0,0,0,0,-32286,0,0,0,0,0,2830650,0
2754326,5496,-4092,-414,316,-617,-459,885,588,-103,-4,800,19387,67,33,79,16,0,0,0,0,0,0,0,-32286,0,0,0,0,0,2830665,0
2754331,5610,-3954,-472,336,-670,-439,1014,567,-111,-11,752,19387,65,33,79,16,0,0,0,0,0,0,0,-32286,0,0,0,0,0,2830670,0
2754336,5550,-3868,-548,362,-837,-327,1134,522,-110,-4,632,19387,65,33,79,16,0,0,0,0,0,0,0,-32286,0,0,0,0,0,2830685,0
2754341,5778,-3728,-540,327,-887,-280,1243,485,-115,-9,560,19390,69,33,79,16,0,0,0,0,0,0,0,-32286,0,0,0,0,0,2830690,0
2754346,6026,-3274,-392,315,-925,-257,1347,458,-112,-11,520,19390,69,33,79,16,0,0,0,0,0,0,0,-32286,0,0,0,0,0,2830705,0
2754351,6200,-3104,-256,306,-942,-224,1451,456,-105,-12,528,19391,68,33,79,16,0,0,0,0,0,0,0,-32286,0,0,0,0,0,2830710,0
2754356,6480,-2916,-94,222,-964,-139,1547,421,-92,0,456,19391,68,33,79,16,0,0,0,0,0,0,0,-32286,0,0,0,0,0,2830725,0
2754361,6784,-2882,-76,199,-952,-103,1640,402,-69,0,416,19391,72,33,79,16,0,0,0,0,0,0,0,-32286,0,0,0,0,0,2830730,0
2754366,6958,-2618,104,209,-950,-85,1730,403,-61,-2,432,19391,72,33,79,16,0,0,0,0,0,0,0,-32286,0,0,0,0,0,2830745,0
2754371,7126,-2682,220,227,-928,-64,1821,401,-47,-9,456,19388,77,33,79,16,0,0,0,0,0,0,0,-32286,0,0,0,0,0,2830750,0
2754376,7380,-2822,388,266,-871,6,1917,412,-25,0,456,19388,77,33,79,16,0,0,0,0,0,0,0,-32286,0,0,0,0,0,2830765,0
2754381,7368,-2564,516,265,-840,11,2009,405,-2,8,432,19387,70,33,79,16,0,0,0,0,0,0,0,-32286,0,0,0,0,0,2830770,0
2754386,7766,-2696,486,255,-762,41,2099,397,10,2,416,19387,70,33,79,16,0,0,0,0,0,0,0,-32286,0,0,0,0,0,2830785,0
2754391,7760,-2560,698,258,-692,57,2192,410,-5,-6,456,19386,72,33,79,16,0,0,0,0,0,0,0,-32286,0,0,0,0,0,2830790,0
2754396,7954,-2716,770,311,-575,100,2287,422,0,-13,504,19386,72,33,79,16,0,0,0,0,0,0,0,-32287,0,0,0,0,0,2830805,0
2754401,7956,-2926,754,318,-502,136,2385,430,19,-3,496,19388,70,33,79,16,0,0,0,0,0,0,0,-32286,0,0,0,0,0,2830810,0
2754406,8014,-2808,704,325,-440,137,2485,441,29,-1,536,19388,70,33,79,16,0,0,0,0,0,0,0,-32286,0,0,0,0,0,2830825,0
2754411,8136,-2842,574,341,-368,164,2587,453,40,-5,568,19388,76,33,79,16,0,0,0,0,0,0,0,-32286,0,0,0,0,0,2830830,0
2754416,8062,-2982,424,397,-261,188,2696,479,46,-5,656,19388,76,33,79,16,0,0,0,0,0,0,0,-32286,0,0,0,0,0,2830845,0
2754421,7980,-2848,392,451,-219,193,2812,507,57,2,704,19388,73,33,79,16,0,0,0,0,0,0,0,-32286,0,0,0,0,0,2830850,0
2754426,7870,-2844,358,461,-187,194,2931,527,77,6,752,19388,73,33,79,16,0,0,0,0,0,0,0,-32286,0,0,0,0,0,2830865,0
2754431,7978,-2814,232,478,-157,203,3053,538,78,1,792,19387,71,33,79,16,0,0,0,0,0,0,0,-32286,0,0,0,0,0,2830870,0
2754436,7774,-2620,50,512,-139,168,3183,570,76,3,840,19387,71,33,79,16,0,0,0,0,0,0,0,-32286,0,0,0,0,0,2830885,0
2754441,7656,-2750,-48,566,-147,168,3318,595,72,12,888,19387,63,33,79,16,0,0,0,0,0,0,0,-32286,0,0,0,0,0,2830890,0
2754446,7436,-2652,-108,535,-158,164,3452,593,71,9,872,19387,63,33,79,16,0,0,0,0,0,0,0,-32286,0,0,0,0,0,2830905,0
2754451,7462,-2450,-194,504,-155,135,3589,601,55,2,888,19387,70,33,79,16,0,0,0,0,0,0,0,-32286,0,0,0,0,0,2830910,0
2754456,7362,-2534,-178,491,-155,101,3728,616,37,0,896,19387,70,33,79,16,0,0,0,0,0,0,0,-32286,0,0,0,0,0,2830925,0
2754461,7276,-2508,-148,475,-156,80,3866,602,27,4,856,19387,72,33,79,16,0,0,0,0,0,0,0,-32286,0,0,0,0,0,2830930,0
2754466,7238,-2572,-122,446,-147,64,4002,592,10,1,824,19387,72,33,79,16,0,0,0,0,0,0,0,-32287,0,0,0,0,0,2830945,0
2754471,7218,-2570,-110,415,-149,41,4138,602,0,-8,864,19387,75,33,79,16,0,0,0,0,0,0,0,-32286,0,0,0,0,0,2830950,0
2754476,7166,-2658,52,389,-106,14,4272,588,-8,4,808,19387,75,33,79,16,0,0,0,0,0,0,0,-32287,0,0,0,0,0,2830965,0
2754481,7148,-2790,60,369,-99,33,4402,566,-27,3,752,19387,65,33,79,16,0,0,0,0,0,0,0,-32286,0,0,0,0,0,2830970,0
2754486,7210,-2746,116,390,-98,-5,4529,561,-34,-10,760,19387,65,33,79,16,0,0,0,0,0,0,0,-32286,0,0,0,0,0,2830985,0
2754491,7240,-2836,134,415,-70,-22,4655,555,-32,-4,736,19388,53,33,79,16,0,0,0,0,0,0,0,-32286,0,0,0,0,0,2830989,0
2754496,7324,-2866,242,424,-23,-4,4777,532,-43,2,664,19388,53,33,79,16,0,0,0,0,0,0,0,-32286,0,0,0,0,0,2831004,0
2754501,7454,-2686,298,438,20,-27,4894,514,-43,-10,640,19390,47,33,79,16,0,0,0,0,0,0,0,-32287,0,0,0,0,0,2831009,0
2754506,7446,-2690,318,450,53,-35,5010,511,-48,-13,672,19390,47,33,79,16,0,0,0,0,0,0,0,-32286,0,0,0,0,0,2831024,0
2754511,7482,-2642,314,467,87,-42,5122,491,-51,4,592,19390,44,33,79,16,0,0,0,0,0,0,0,-32286,0,0,0,0,0,2831029,0
2754516,7456,-2550,208,455,154,-16,5227,462,-55,3,520,19390,44,33,79,16,0,0,0,0,0,0,0,-32286,0,0,0,0,0,2831044,0
2754521,7502,-2370,156,436,208,-12,5328,439,-58,-3,464,19388,48,33,79,16,0,0,0,0,0,0,0,-32286,0,0,0,0,0,2831049,0
2754526,7500,-2238,126,415,234,-17,5428,436,-63,-8,480,19388,48,33,79,16,0,0,0,0,0,0,0,-32286,0,0,0,0,0,2831064,0
2754531,7464,-2202,62,407,259,-10,5524,425,-62,-3,464,19387,58,33,79,16,0,0,0,0,0,0,0,-32286,0,0,0,0,0,2831069,0
2754536,7416,-2150,-16,371,303,31,5616,399,-50,5,416,19387,58,33,79,16,0,0,0,0,0,0,0,-32286,0,0,0,0,0,2831084,0
2754541,7440,-2202,-62,336,341,53,5706,393,-44,4,384,19387,60,33,79,16,0,0,0,0,0,0,0,-32287,0,0,0,0,0,2831089,0
2754546,7384,-2208,-100,330,356,50,5792,377,-45,12,352,19387,60,33,79,16,0,0,0,0,0,0,0,-32286,0,0,0,0,0,2831104,0
2754551,7462,-2272,-158,365,359,38,5879,379,-40,2,352,19389,53,33,79,16,0,0,0,0,0,0,0,-32286,0,0,0,0,0,2831109,0
2754556,7670,-2112,-122,328,424,52,5966,381,-29,0,352,19389,53,33,79,16,0,0,0,0,0,0,0,-32286,0,0,0,0,0,2831124,0
2754561,7506,-2250,-128,293,428,55,6054,381,-5,3,344,19390,51,33,79,16,0,0,0,0,0,0,0,-32286,0,0,0,0,0,2831129,0
2754566,7654,-2508,-196,289,448,70,6141,383,-2,-2,360,19390,51,33,79,16,0,0,0,0,0,0,0,-32286,0,0,0,0,0,2831144,0
2754571,7518,-2594,-198,321,440,96,6225,367,-3,-1,328,19392,59,33,79,16,0,0,0,0,0,0,0,-32286,0,0,0,0,0,2831149,0
2754576,7510,-2658,-312,371,409,109,6311,374,-5,-4,352,19392,59,33,79,16,0,0,0,0,0,0,0,-32286,0,0,0,0,0,2831164,0
2754581,7440,-2614,-264,382,372,102,6402,408,2,-10,432,19391,75,33,79,16,0,0,0,0,0,0,0,-32287,0,0,0,0,0,2831169,0
2754586,7474,-2782,-342,381,356,126,6496,412,22,-9,448,19391,75,33,79,16,0,0,0,0,0,0,0,-32286,0,0,0,0,0,2831184,0
2754591,7396,-2696,-290,365,316,115,6589,411,32,0,440,19391,77,33,79,16,0,0,0,0,0,0,0,-32286,0,0,0,0,0,2831189,0
2754596,7434,-2696,-238,362,272,110,6683,410,35,6,432,19391,77,33,79,16,0,0,0,0,0,0,0,-32286,0,0,0,0,0,2831204,0
2754601,7546,-2780,-212,390,244,101,6778,417,20,0,464,19390,71,33,79,16,0,0,0,0,0,0,0,-32287,0,0,0,0,0,2831209,0
2754606,7490,-2868,-110,463,220,91,6880,447,20,-6,528,19390,71,33,79,16,0,0,0,0,0,0,0,-32287,0,0,0,0,0,2831224,0
2754611,7536,-3114,-52,511,182,104,6979,439,27,4,496,19388,72,33,79,16,0,0,0,0,0,0,0,-32286,0,0,0,0,0,2831229,0
2754616,7676,-3096,22,491,140,89,7077,431,30,-3,496,19388,72,33,79,16,0,0,0,0,0,0,0,-32286,0,0,0,0,0,2831244,0
2754621,7644,-3010,216,496,126,78,7176,436,12,-1,504,19387,62,33,79,16,0,0,0,0,0,0,0,-32286,0,0,0,0,0,2831249,0
2754626,7814,-3292,334,553,99,59,7280,455,10,-1,552,19387,62,33,79,16,0,0,0,0,0,0,0,-32286,0,0,0,0,0,2831264,0
2754631,7892,-3426,424,627,83,32,7385,466,18,2,544,19387,56,33,79,16,0,0,0,0,0,0,0,-32286,0,0,0,0,0,2831269,0
2754636,8102,-3538,490,804,59,-7,7488,460,28,2,528,19387,56,33,79,16,0,0,0,0,0,0,0,-32286,0,0,0,0,0,2831284,0
2754641,8188,-3570,476,885,82,-22,7594,458,19,-1,544,19387,60,33,79,16,0,0,0,0,0,0,0,-32286,0,0,0,0,0,2831289,0
2754646,8218,-3476,438,975,61,-67,7702,480,15,-5,608,19387,60,33,79,16,0,0,0,0,0,0,0,-32286,0,0,0,0,0,2831304,0
2754651,8328,-3428,360,1086,64,-108,7817,510,28,0,672,19391,53,33,79,16,0,0,0,0,0,0,0,-32286,0,0,0,0,0,2831309,0
2754656,8336,-3252,202,1277,54,-143,7932,511,38,12,664,19391,53,33,79,16,0,0,0,0,0,0,0,-32286,0,0,0,0,0,2831324,0
2754661,8420,-3188,22,1360,47,-148,8049,522,50,-3,688,19391,54,33,79,16,0,0,0,0,0,0,0,-32286,0,0,0,0,0,2831329,0
2754666,8344,-2958,-32,1413,32,-170,8170,536,47,0,712,19391,54,33,79,16,0,0,0,0,0,0,0,-32286,0,0,0,0,0,2831344,0
2754671,8470,-2766,-140,1490,13,-191,8295,548,40,2,752,19391,55,33,79,16,0,0,0,0,0,0,0,-32286,0,0,0,0,0,2831349,0
2754676,8414,-2380,-294,1578,-50,-196,8421,558,37,1,760,19391,55,33,79,16,0,0,0,0,0,0,0,-32286,0,0,0,0,0,2831364,0
2754681,8534,-2314,-400,1584,-33,-192,8543,539,33,1,720,19388,63,33,79,16,0,0,0,0,0,0,0,-32287,0,0,0,0,0,2831369,0
2754686,8462,-1938,-374,1587,-68,-198,8668,552,13,0,736,19388,63,33,79,16,0,0,0,0,0,0,0,-32286,0,0,0,0,0,2831384,0
2754691,8612,-1952,-404,1595,-72,-210,8791,546,-3,0,736,19386,75,33,79,16,0,0,0,0,0,0,0,-32286,0,0,0,0,0,2831389,0
2754696,8580,-1664,-404,1586,-88,-189,8910,520,-12,3,664,19386,75,33,79,16,0,0,0,0,0,0,0,-32286,0,0,0,0,0,2831404,0
2754701,8592,-1398,-404,1541,-62,-194,9024,496,-33,2,576,19386,70,33,79,16,0,0,0,0,0,0,0,-32286,0,0,0,0,0,2831409,0
2754706,8604,-1448,-376,1496,-61,-182,9137,490,-42,-1,592,19386,70,33,79,16,0,0,0,0,0,0,0,-32286,0,0,0,0,0,2831424,0
2754711,8722,-1474,-358,1499,-47,-191,9248,487,-48,1,568,19387,66,33,79,16,0,0,0,0,0,0,0,-32286,0,0,0,0,0,2831429,0
2754716,8722,-1928,-390,1373,-76,-164,9351,452,-57,0,488,19387,66,33,79,16,0,0,0,0,0,0,0,-32287,0,0,0,0,0,2831444,0
2754721,8870,-2032,-366,1324,-35,-163,9447,418,-64,-3,424,19388,71,33,79,16,0,0,0,0,0,0,0,-32286,0,0,0,0,0,2831449,0
2754726,8934,-2216,-298,1298,-26,-189,9538,407,-75,-2,416,19388,71,33,79,16,0,0,0,0,0,0,0,-32286,0,0,0,0,0,2831464,0
2754731,9118,-2496,-306,1336,4,-208,9628,395,-81,-2,400,19387,72,33,79,16,0,0,0,0,0,0,0,-32286,0,0,0,0,0,2831469,0
2754736,8940,-2854,-130,1373,-40,-194,9712,361,-76,14,304,19387,72,33,79,16,0,0,0,0,0,0,0,-32286,0,0,0,0,0,2831484,0
2754741,9138,-2810,-148,1327,-63,-192,9786,322,-80,17,216,19389,68,33,79,16,0,0,0,0,0,0,0,-32286,0,0,0,0,0,2831489,0
2754746,9194,-2818,-62,1242,-75,-173,9851,285,-93,10,160,19389,68,33,79,16,0,0,0,0,0,0,0,-32286,0,0,0,0,0,2831503,0
2754751,9172,-2836,8,1115,-130,-157,9904,235,-127,-6,120,19386,64,33,79,16,0,0,0,0,0,0,0,-32287,0,0,0,0,0,2831508,0
2754756,9296,-2578,178,975,-225,-157,9951,202,-142,-12,96,19386,64,33,79,16,0,0,0,0,0,0,0,-32286,0,0,0,0,0,2831523,0
2754761,9438,-2748,216,894,-261,-119,9994,172,-135,2,48,19388,63,33,79,16,0,0,0,0,0,0,0,-32286,0,0,0,0,0,2831528,0
2754766,9380,-2542,412,818,-315,-127,10025,140,-122,-6,64,19388,63,33,79,16,0,0,0,0,0,0,0,-32286,0,0,0,0,0,2831543,0
2754771,9572,-2632,488,742,-347,-74,10050,102,-111,3,24,19389,61,33,79,16,0,0,0,0,0,0,0,-32286,0,0,0,0,0,2831548,0
2754776,9426,-2106,780,522,-408,-43,10060,39,-134,6,8,19389,61,33,79,16,0,0,0,0,0,0,0,-32286,0,0,0,0,0,2831563,0
2754781,9442,-1884,950,413,-410,-26,10062,3,-140,4,-8,19388,57,33,79,16,0,0,0,0,0,0,0,-32286,0,0,0,0,0,2831568,0
2754786,9268,-1668,1132,305,-452,-57,10062,-3,-139,0,0,19388,57,33,79,16,0,0,0,0,0,0,0,-32286,0,0,0,0,0,2831583,0
2754791,9480,-1840,1128,212,-470,-57,10062,-4,-113,-2,-8,19386,58,33,79,16,0,0,0,0,0,0,0,-32286,0,0,0,0,0,2831588,0
2754796,9490,-2186,1210,70,-494,-81,10062,-2,-60,-3,-8,19386,58,33,79,16,0,0,0,0,0,0,0,-32286,0,0,0,0,0,2831603,0
2754801,9660,-2408,1134,62,-476,-99,10063,0,-20,-1,0,19387,55,33,79,16,0,0,0,0,0,0,0,-32286,0,0,0,0,0,2831613,0
2754806,9980,-2680,1200,121,-418,-147,10063,-3,-4,-1,0,19387,55,33,79,16,0,0,0,0,0,0,0,-32287,0,0,0,0,0,2831623,0
2754811,9888,-3140,1122,305,-401,-227,10062,-4,1,0,-8,19388,65,33,79,16,0,0,0,0,0,0,0,-32286,0,0,0,0,0,2831628,0
2754816,9996,-3500,966,480,-266,-276,10061,-8,2,0,0,19388,65,33,79,16,0,0,0,0,0,0,0,-32286,0,0,0,0,0,2831643,0
2754821,9858,-3550,784,265,-160,-260,10063,-3,-2,0,-8,19388,64,33,79,16,0,0,0,0,0,0,0,-32286,0,0,0,0,0,2831648,0
2754826,9698,-3744,742,-45,-33,-230,10063,0,4,0,0,19388,64,33,79,16,0,0,0,0,0,0,0,-32286,0,0,0,0,0,2831663,0
2754831,9390,-4228,788,-288,87,-212,10063,0,4,0,0,19387,67,33,79,16,0,0,0,0,0,0,0,-32286,0,0,0,0,0,2831668,0
2754836,8314,-5400,940,-412,169,-198,10063,-4,-2,0,-8,19387,67,33,79,16,0,0,0,0,0,0,0,-32286,0,0,0,0,0,2831683,0
2754841,7778,-5816,980,-340,160,-173,10062,1,2,-1,0,19386,66,33,79,16,0,0,0,0,0,0,0,-32286,0,0,0,0,0,2831688,0
2754846,7286,-6072,1116,-345,195,-119,10062,0,0,-3,-8,19386,66,33,79,16,0,0,0,0,0,0,0,-32286,0,0,0,0,0,2831703,0
2754851,6616,-6458,1228,-360,206,-78,10062,2,-1,0,0,19388,72,33,79,16,0,0,0,0,0,0,0,-32286,0,0,0,0,0,2831708,0
2754856,5694,-7084,1476,-158,153,-8,10061,-2,4,0,-8,19388,72,33,79,16,0,0,0,0,0,0,0,-32286,0,0,0,0,0,2831723,0
2754861,6308,-5898,2494,1060,-65,-587,10056,-31,-5,3,-32,19391,77,33,79,16,0,0,0,0,0,0,0,-32286,0,0,0,0,0,2831728,0
2754866,5590,-8568,1894,2485,-202,-674,10028,-124,-59,12,-80,19391,77,33,79,16,0,0,0,0,0,0,0,-32286,0,0,0,0,0,2831743,0
2754871,5438,-6798,2526,2774,-551,-652,9984,-199,-135,8,-144,19390,76,33,79,16,0,0,0,0,0,0,0,-32286,0,0,0,0,0,2831748,0
2754876,5442,-4782,1518,1483,-46,-531,9915,-311,-224,11,-344,19390,76,33,79,16,0,0,0,0,0,0,0,-32286,0,0,0,0,0,2831763,0
2754881,5154,-5184,1554,1022,104,-447,9817,-447,-304,30,-656,19390,69,33,79,16,0,0,0,0,0,0,0,-32286,0,0,0,0,0,2831768,0
2754886,4476,-6448,1520,855,212,-325,9680,-622,-385,43,-1184,19390,69,33,79,16,0,0,0,0,0,0,0,-32286,0,0,0,0,0,2831783,0
2754891,4256,-7130,1520,1028,133,-240,9500,-810,-468,17,-1600,19388,70,33,79,16,0,0,0,0,0,0,0,-32286,0,0,0,0,0,2831788,0
2754896,4286,-6744,1874,1220,299,38,9275,-1007,-560,11,-2048,19388,70,33,79,16,0,0,0,0,0,0,0,-32286,0,0,0,0,0,2831803,0
2754901,4774,-6132,1718,950,435,253,9002,-1221,-639,8,-2504,19387,66,33,79,16,0,0,0,0,0,0,0,-32286,0,0,0,0,0,2831808,0
2754906,4850,-6496,2030,304,938,656,8686,-1409,-683,-7,-2864,19387,66,33,79,16,0,0,0,0,0,0,0,-32286,0,0,0,0,0,2831823,0
2754911,3490,-7062,1662,128,829,829,8333,-1569,-682,-16,-3152,19386,69,33,79,16,0,0,0,0,0,0,0,-32286,0,0,0,0,0,2831828,0
2754916,4346,-6650,1028,999,431,1057,7948,-1713,-643,-6,-3432,19386,69,33,79,16,0,0,0,0,0,0,0,-32286,0,0,0,0,0,2831843,0
2754921,5084,-5234,546,988,331,1168,7537,-1817,-575,-13,-3608,19385,68,33,79,16,0,0,0,0,0,0,0,-32286,0,0,0,0,0,2831848,0
2754926,5790,-3908,152,713,341,1231,7106,-1900,-483,-14,-3760,19385,68,33,79,16,0,0,0,0,0,0,0,-32286,0,0,0,0,0,2831863,0
2754931,6000,-3252,14,359,327,1283,6663,-1951,-391,-6,-3856,19384,72,33,79,16,0,0,0,0,0,0,0,-32286,0,0,0,0,0,2831868,0
2754936,7180,-2458,-48,66,98,1281,6213,-1985,-300,3,-3936,19384,72,33,79,16,0,0,0,0,0,0,0,-32286,0,0,0,0,0,2831883,0
2754941,7708,-2102,176,-3,-23,1263,5757,-2006,-207,3,-4008,19384,76,33,79,16,0,0,0,0,0,0,0,-32286,0,0,0,0,0,2831888,0
2754946,8218,-1788,264,-113,-155,1226,5297,-2026,-137,0,-4024,19384,76,33,79,16,0,0,0,0,0,0,0,-32286,0,0,0,0,0,2831903,0
2754951,8502,-1346,286,-284,-269,1183,4837,-2033,-97,-10,-4008,19384,79,33,79,16,0,0,0,0,0,0,0,-32286,0,0,0,0,0,2831908,0
2754956,9646,-752,794,-569,-426,977,4377,-2015,-52,-16,-3944,19384,79,33,79,16,0,0,0,0,0,0,0,-32286,0,0,0,0,0,2831923,0
2754961,10126,-784,1340,-539,-495,827,3928,-1978,-8,-23,-3824,19386,78,33,79,16,0,0,0,0,0,0,0,-32286,0,0,0,0,0,2831928,0
2754966,10590,-770,1718,-407,-565,641,3486,-1927,38,-14,-3728,19386,78,33,79,16,0,0,0,0,0,0,0,-32286,0,0,0,0,0,2831943,0
2754971,10772,-714,1690,-323,-642,481,3061,-1862,104,0,-3600,19393,72,33,79,16,0,0,0,0,0,0,0,-32286,0,0,0,0,0,2831948,0
2754976,10924,-460,2250,-447,-434,230,2652,-1792,164,5,-3464,19393,72,33,79,16,0,0,0,0,0,0,0,-32286,0,0,0,0,0,2831963,0
2754981,10942,-712,2614,-580,-226,137,2261,-1714,212,4,-3304,19399,81,33,79,16,0,0,0,0,0,0,0,-32286,0,0,0,0,0,2831968,0
2754986,10772,-1036,2900,-650,-4,46,1960,-1655,244,0,-3176,19399,81,33,79,16,0,0,0,0,0,0,0,-32286,0,0,0,0,0,2831983,0
2754991,10534,-1472,2990,-651,260,-17,1597,-1594,248,3,-3040,19405,83,33,79,16,0,0,0,0,0,0,0,-32286,0,0,0,0,0,2831988,0
2754996,9674,-2178,3112,-580,737,-116,1246,-1537,238,-4,-2896,19405,83,33,79,16,0,0,0,0,0,0,0,-32287,0,0,0,0,0,2832003,0
2755001,9336,-2398,2882,-589,995,-122,909,-1479,224,-11,-2744,19397,88,33,79,16,0,0,0,0,0,0,0,-32286,0,0,0,0,0,2832008,0
2755006,8926,-2824,2564,-630,1135,-125,585,-1412,210,-10,-2584,19397,88,33,79,16,0,0,0,0,0,0,0,-32286,0,0,0,0,0,2832023,0
2755011,8016,-2838,2126,-669,1349,-102,275,-1353,207,-7,-2432,19390,90,33,79,16,0,0,0,0,0,0,0,-32286,0,0,0,0,0,2832027,0
2755016,7114,-2926,1416,-618,1514,-50,-14,-1276,225,-10,-2240,19390,90,33,79,16,0,0,0,0,0,0,0,-32286,0,0,0,0,0,2832042,0
2755021,6768,-3122,864,-583,1490,-25,-286,-1180,241,-6,-2024,19382,86,33,79,16,0,0,0,0,0,0,0,-32286,0,0,0,0,0,2832047,0
2755026,6450,-3090,570,-576,1445,8,-538,-1102,264,-2,-1856,19382,86,33,79,16,0,0,0,0,0,0,0,-32286,0,0,0,0,0,2832062,0
2755031,6250,-2942,196,-598,1361,32,-771,-1020,285,-4,-1664,19380,84,33,79,16,0,0,0,0,0,0,0,-32286,0,0,0,0,0,2832067,0
2755036,5900,-2616,-182,-621,1097,44,-985,-931,293,6,-1504,19380,84,33,79,16,0,0,0,0,0,0,0,-32286,0,0,0,0,0,2832082,0
2755041,5976,-2766,-318,-562,924,68,-1181,-841,292,4,-1336,19378,69,33,79,16,0,0,0,0,0,0,0,-32286,0,0,0,0,0,2832087,0
2755046,5824,-2496,-330,-576,734,85,-1367,-810,267,9,-1272,19378,69,33,79,16,0,0,0,0,0,0,0,-32286,0,0,0,0,0,2832102,0
2755051,5988,-2324,-392,-665,600,118,-1539,-751,250,0,-1144,19381,61,33,79,16,0,0,0,0,0,0,0,-32286,0,0,0,0,0,2832107,0
2755056,6070,-2148,110,-1066,558,253,-1699,-708,214,6,-1072,19381,61,33,79,16,0,0,0,0,0,0,0,-32286,0,0,0,0,0,2832122,0
2755061,6190,-2238,372,-1152,565,278,-1851,-658,180,-1,-952,19382,63,33,79,16,0,0,0,0,0,0,0,-32286,0,0,0,0,0,2832127,0
2755066,6414,-2360,572,-1096,513,293,-1992,-612,163,-4,-872,19382,63,33,79,16,0,0,0,0,0,0,0,-32286,0,0,0,0,0,2832142,0
2755071,6566,-2242,752,-1011,467,273,-2125,-575,161,3,-776,19384,64,33,79,16,0,0,0,0,0,0,0,-32286,0,0,0,0,0,2832147,0
2755076,6950,-1688,994,-1050,503,250,-2252,-554,139,2,-728,19384,64,33,79,16,0,0,0,0,0,0,0,-32286,0,0,0,0,0,2832162,0
2755081,7026,-1638,1112,-1167,562,248,-2370,-513,131,1,-624,19389,66,33,79,16,0,0,0,0,0,0,0,-32286,0,0,0,0,0,2832167,0
2755086,7094,-1626,1220,-1250,624,244,-2480,-479,120,10,-552,19389,66,33,79,16,0,0,0,0,0,0,0,-32287,0,0,0,0,0,2832182,0
2755091,7064,-1804,1322,-1320,692,248,-2585,-453,111,6,-488,19388,61,33,79,16,0,0,0,0,0,0,0,-32286,0,0,0,0,0,2832187,0
2755096,7128,-1976,1364,-1309,778,231,-2682,-432,152,4,-464,19388,61,33,79,16,0,0,0,0,0,0,0,-32286,0,0,0,0,0,2832202,0
2755101,6990,-2008,1378,-1278,782,201,-2774,-401,145,0,-408,19389,53,33,79,16,0,0,0,0,0,0,0,-32286,0,0,0,0,0,2832207,0
2755106,6972,-2092,1324,-1247,815,218,-2859,-363,109,-14,-304,19389,53,33,79,16,0,0,0,0,0,0,0,-32286,0,0,0,0,0,2832222,0
2755111,6726,-1976,1290,-1259,811,211,-2935,-336,52,-10,-256,19385,59,33,79,16,0,0,0,0,0,0,0,-32287,0,0,0,0,0,2832227,0
2755116,6418,-2106,1012,-1294,770,241,-3006,-306,79,-7,-200,19385,59,33,79,16,0,0,0,0,0,0,0,-32286,0,0,0,0,0,2832242,0
2755121,6426,-2176,1062,-1182,784,250,-3070,-274,112,-3,-152,19385,62,33,79,16,0,0,0,0,0,0,0,-32286,0,0,0,0,0,2832247,0
2755126,6266,-1990,1168,-1078,816,246,-3129,-261,99,8,-152,19385,62,33,79,16,0,0,0,0,0,0,0,-32286,0,0,0,0,0,2832262,0
2755131,6056,-1764,998,-1103,799,218,-3181,-225,87,4,-104,19386,59,33,79,16,0,0,0,0,0,0,0,-32286,0,0,0,0,0,2832267,0
2755136,5942,-1912,620,-1172,824,247,-3226,-181,99,4,-80,19386,59,33,79,16,0,0,0,0,0,0,0,-32286,0,0,0,0,0,2832282,0
2755141,5612,-1844,632,-1159,807,211,-3258,-148,107,6,-48,19387,58,33,79,16,0,0,0,0,0,0,0,-32286,0,0,0,0,0,2832287,0
2755146,5690,-1918,460,-1083,749,180,-3279,-89,130,-3,-24,19387,58,33,79,16,0,0,0,0,0,0,0,-32286,0,0,0,0,0,2832302,0
2755151,5444,-1832,280,-1069,691,191,-3291,-48,159,-3,-24,19387,60,33,79,16,0,0,0,0,0,0,0,-32286,0,0,0,0,0,2832307,0
2755156,5372,-1738,240,-1195,601,180,-3299,-37,146,-1,-24,19387,60,33,79,16,0,0,0,0,0,0,0,-32286,0,0,0,0,0,2832322,0
2755161,5422,-1840,286,-1213,583,166,-3305,-18,116,-2,-8,19388,67,33,79,16,0,0,0,0,0,0,0,-32286,0,0,0,0,0,2832327,0
2755166,5410,-2016,338,-1191,557,157,-3304,5,97,-4,0,19388,67,33,79,16,0,0,0,0,0,0,0,-32287,0,0,0,0,0,2832342,0
2755171,5408,-2034,410,-1154,531,159,-3304,1,67,2,-8,19386,63,33,79,16,0,0,0,0,0,0,0,-32286,0,0,0,0,0,2832347,0
2755176,5602,-2146,544,-1119,500,142,-3303,3,46,0,0,19386,63,33,79,16,0,0,0,0,0,0,0,-32286,0,0,0,0,0,2832362,0
2755181,5808,-2232,598,-1126,508,144,-3304,0,23,0,0,19387,65,33,79,16,0,0,0,0,0,0,0,-32286,0,0,0,0,0,2832367,0
2755186,5886,-2334,674,-1124,500,148,-3303,2,7,0,-8,19387,65,33,79,16,0,0,0,0,0,0,0,-32287,0,0,0,0,0,2832382,0
2755191,6008,-2412,738,-1108,488,161,-3304,0,-4,0,0,19389,67,33,79,16,0,0,0,0,0,0,0,-32286,0,0,0,0,0,2832387,0
2755196,6276,-2458,784,-1068,468,138,-3303,2,2,-1,-8,19389,67,33,79,16,0,0,0,0,0,0,0,-32286,0,0,0,0,0,2832402,0
2755201,6478,-2488,802,-1030,460,140,-3303,5,0,0,-8,19390,72,33,79,16,0,0,0,0,0,0,0,-32286,0,0,0,0,0,2832407,0
2755206,6550,-2472,846,-1018,438,126,-3303,1,2,0,-8,19390,72,33,79,16,0,0,0,0,0,0,0,-32287,0,0,0,0,0,2832422,0
2755211,6696,-2512,860,-999,435,111,-3303,0,-3,0,-8,19391,77,33,79,16,0,0,0,0,0,0,0,-32286,0,0,0,0,0,2832427,0
2755216,6884,-2574,886,-972,433,81,-3304,3,-1,0,0,19391,77,33,79,16,0,0,0,0,0,0,0,-32287,0,0,0,0,0,2832442,0
2755221,6958,-2630,838,-946,432,72,-3304,0,-3,0,0,19388,82,33,79,16,0,0,0,0,0,0,0,-32286,0,0,0,0,0,2832447,0
2755226,7014,-2666,856,-928,420,65,-3304,1,-3,0,-8,19388,82,33,79,16,0,0,0,0,0,0,0,-32286,0,0,0,0,0,2832462,0
2755231,7110,-2708,900,-913,404,51,-3303,2,0,1,-8,19386,77,33,79,16,0,0,0,0,0,0,0,-32287,0,0,0,0,0,2832467,0
2755236,7278,-2836,934,-879,365,37,-3304,2,2,0,-8,19386,77,33,79,16,0,0,0,0,0,0,0,-32286,0,0,0,0,0,2832482,0
2755241,7296,-2850,926,-861,330,25,-3304,-1,0,0,-8,19387,68,33,79,16,0,0,0,0,0,0,0,-32286,0,0,0,0,0,2832489,0
2755246,7332,-2918,952,-847,306,14,-3304,-5,-4,0,-8,19387,68,33,79,16,0,0,0,0,0,0,0,-32286,0,0,0,0,0,2832504,0
2755251,7380,-2870,964,-819,282,24,-3305,-4,-1,0,-8,19388,64,33,79,16,0,0,0,0,0,0,0,-32286,0,0,0,0,0,2832509,0
2755256,7378,-2862,982,-789,245,-9,-3303,2,2,0,-8,19388,64,33,79,16,0,0,0,0,0,0,0,-32287,0,0,0,0,0,2832524,0
2755261,7372,-2826,1002,-774,240,-9,-3304,2,1,0,-8,19387,65,33,79,16,0,0,0,0,0,0,0,-32286,0,0,0,0,0,2832529,0
2755266,7376,-2810,1010,-755,235,-4,-3304,1,0,0,-8,19387,65,33,79,16,0,0,0,0,0,0,0,-32286,0,0,0,0,0,2832544,0
2755271,7298,-2816,1086,-758,227,-16,-3303,0,-3,0,-8,19385,67,33,79,16,0,0,0,0,0,0,0,-32286,0,0,0,0,0,2832549,0
2755276,7330,-2826,1124,-737,228,-20,-3304,-2,-1,0,0,19385,67,33,79,16,0,0,0,0,0,0,0,-32286,0,0,0,0,0,2832564,0
2755281,7368,-2824,1164,-716,221,-11,-3304,-2,1,0,-8,19387,68,33,79,16,0,0,0,0,0,0,0,-32287,0,0,0,0,0,2832569,0
2755286,7366,-2764,1262,-704,203,-21,-3302,1,-5,0,0,19387,68,33,79,16,0,0,0,0,0,0,0,-32286,0,0,0,0,0,2832584,0
2755291,7484,-2746,1294,-679,197,-31,-3304,0,-2,-1,-8,19391,68,33,79,16,0,0,0,0,0,0,0,-32287,0,0,0,0,0,2832589,0
2755296,7662,-2622,1464,-636,214,-27,-3303,6,1,-1,0,19391,68,33,79,16,0,0,0,0,0,0,0,-32286,0,0,0,0,0,2832604,0
2755301,7734,-2530,1564,-652,241,-32,-3304,0,-2,0,0,19392,48,33,79,16,0,0,0,0,0,0,0,-32286,0,0,0,0,0,2832609,0
2755306,7890,-2512,1632,-662,273,-24,-3304,3,2,0,-8,19392,48,33,79,16,0,0,0,0,0,0,0,-32287,0,0,0,0,0,2832624,0
2755311,7968,-2442,1724,-673,296,-29,-3304,-2,0,-1,-8,19391,49,33,79,16,0,0,0,0,0,0,0,-32286,0,0,0,0,0,2832629,0
2755316,8278,-2386,1800,-664,366,-27,-3303,-1,0,0,-8,19391,49,33,79,16,0,0,0,0,0,0,0,-32286,0,0,0,0,0,2832644,0
2755321,8306,-2312,1854,-667,378,-40,-3304,4,-2,0,-8,19388,56,33,79,16,0,0,0,0,0,0,0,-32286,0,0,0,0,0,2832649,0
2755326,8480,-2234,1868,-670,402,-39,-3304,0,1,0,-8,19388,56,33,79,16,0,0,0,0,0,0,0,-32287,0,0,0,0,0,2832664,0
2755331,8592,-2222,1880,-676,437,-45,-3303,3,-4,0,-8,19388,62,33,79,16,0,0,0,0,0,0,0,-32286,0,0,0,0,0,2832669,0
2755336,8798,-2078,1922,-687,480,-60,-3305,-6,0,0,-8,19388,62,33,79,16,0,0,0,0,0,0,0,-32286,0,0,0,0,0,2832684,0
2755341,8796,-2016,1950,-694,505,-84,-3303,5,2,0,-8,19388,73,33,79,16,0,0,0,0,0,0,0,-32286,0,0,0,0,0,2832689,0
2755346,8938,-1974,1942,-701,541,-95,-3305,-10,-4,-1,0,19388,73,33,79,16,0,0,0,0,0,0,0,-32286,0,0,0,0,0,2832704,0
2755351,8926,-1914,1966,-714,581,-108,-3304,-2,1,-1,-8,19389,70,33,79,16,0,0,0,0,0,0,0,-32287,0,0,0,0,0,2832709,0
2755356,8968,-1830,2030,-739,669,-152,-3304,-5,-3,0,-8,19389,70,33,79,16,0,0,0,0,0,0,0,-32286,0,0,0,0,0,2832724,0
2755361,8984,-1806,2028,-744,726,-163,-3303,3,0,0,0,19390,71,33,79,16,0,0,0,0,0,0,0,-32286,0,0,0,0,0,2832729,0
2755366,8968,-1734,2044,-754,765,-186,-3303,3,-2,1,0,19390,71,33,79,16,0,0,0,0,0,0,0,-32286,0,0,0,0,0,2832744,0
2755371,8964,-1700,2074,-752,808,-214,-3304,2,3,1,-8,19390,67,33,79,16,0,0,0,0,0,0,0,-32286,0,0,0,0,0,2832749,0
2755376,8940,-1572,2032,-772,896,-259,-3303,2,0,0,0,19390,67,33,79,16,0,0,0,0,0,0,0,-32286,0,0,0,0,0,2832764,0
2755381,8858,-1460,2004,-787,924,-287,-3305,-3,1,0,0,19391,66,33,79,16,0,0,0,0,0,0,0,-32286,0,0,0,0,0,2832774,0
2755386,8852,-1388,1934,-797,951,-311,-3304,3,0,0,0,19391,66,33,79,16,0,0,0,0,0,0,0,-32287,0,0,0,0,0,2832784,0
2755391,8802,-1332,1862,-817,975,-328,-3302,1,-1,-1,0,19388,74,33,79,16,0,0,0,0,0,0,0,-32287,0,0,0,0,0,2832789,0
2755396,8554,-1244,1682,-864,953,-367,-3304,-3,2,0,-8,19388,74,33,79,16,0,0,0,0,0,0,0,-32288,0,0,0,0,0,2832804,0
2755401,8346,-1188,1568,-904,926,-377,-3304,-3,-2,-1,-8,19389,76,33,79,16,0,0,0,0,0,0,0,-32287,0,0,0,0,0,2832809,0
2755406,8126,-1210,1370,-1028,926,-313,-3303,0,-2,-1,0,19389,76,33,79,16,0,0,0,0,0,0,0,-32287,0,0,0,0,0,2832824,0
2755411,7852,-832,1482,-1267,1007,-273,-3300,17,5,-3,8,19388,64,33,79,16,0,0,0,0,0,0,0,-32286,0,0,0,0,0,2832829,0
2755416,7964,-1100,1874,-1230,1061,-325,-3300,3,12,0,0,19388,64,33,79,16,0,0,0,0,0,0,0,-32286,0,0,0,0,0,2832844,0
2755421,7860,-1056,1820,-1076,963,-380,-3298,0,4,1,0,19389,61,33,79,16,0,0,0,0,0,0,0,-32287,0,0,0,0,0,2832849,0
2755426,7900,-1052,1492,-1035,858,-374,-3298,2,0,0,0,19389,61,33,79,16,0,0,0,0,0,0,0,-32287,0,0,0,0,0,2832864,0
2755431,7520,-602,1196,-1238,792,-339,-3298,0,-2,-1,0,19388,62,33,79,16,0,0,0,0,0,0,0,-32287,0,0,0,0,0,2832869,0
2755436,7946,-890,1604,-1726,795,-258,-3295,11,-6,-1,8,19388,62,33,79,16,0,0,0,0,0,0,0,-32287,0,0,0,0,0,2832884,0
2755441,8386,-1502,1882,-1788,711,-251,-3292,15,8,0,8,19387,60,33,79,16,0,0,0,0,0,0,0,-32287,0,0,0,0,0,2832888,0
2755446,8902,-2082,2176,-1810,591,-237,-3287,18,16,-1,8,19387,60,33,79,16,0,0,0,0,0,0,0,-32287,0,0,0,0,0,2832903,0
2755451,9536,-2792,2326,-1893,462,-216,-3279,24,24,-2,16,19385,64,33,79,16,0,0,0,0,0,0,0,-32287,0,0,0,0,0,2832908,0
2755456,11100,-3876,2470,-2197,280,-93,-3264,67,32,-5,32,19385,64,33,79,16,0,0,0,0,0,0,0,-32287,0,0,0,0,0,2832923,0
2755461,11896,-4646,2690,-2342,315,4,-3237,120,69,-9,64,19388,66,33,79,16,0,0,0,0,0,0,0,-32286,0,0,0,0,0,2832928,0
2755466,12380,-5568,2936,-2447,413,93,-3203,149,102,-5,96,19388,66,33,79,16,0,0,0,0,0,0,0,-32286,0,0,0,0,0,2832943,0
2755471,12776,-6610,3000,-2431,453,161,-3151,236,146,-6,176,19388,73,33,79,16,0,0,0,0,0,0,0,-32286,0,0,0,0,0,2832948,0
2755476,12870,-7714,2848,-2235,702,333,-3082,309,187,3,280,19388,73,33,79,16,0,0,0,0,0,0,0,-32286,0,0,0,0,0,2832963,0
2755481,12420,-7740,2752,-1923,860,289,-2999,377,214,-6,408,19389,72,33,79,16,0,0,0,0,0,0,0,-32286,0,0,0,0,0,2832968,0
2755486,11726,-7622,2242,-1582,893,217,-2897,451,239,-26,600,19389,72,33,79,16,0,0,0,0,0,0,0,-32287,0,0,0,0,0,2832983,0
2755491,11034,-7360,1774,-1299,937,128,-2781,521,254,-17,800,19388,67,33,79,16,0,0,0,0,0,0,0,-32286,0,0,0,0,0,2832988,0
2755496,9584,-7526,1058,-883,910,-35,-2650,578,248,5,952,19388,67,33,79,16,0,0,0,0,0,0,0,-32287,0,0,0,0,0,2833003,0
2755501,8812,-7722,1044,-809,880,-102,-2512,618,223,17,984,19391,65,33,79,16,0,0,0,0,0,0,0,-32286,0,0,0,0,0,2833008,0
2755506,8006,-8220,964,-727,841,-136,-2367,636,189,8,1008,19391,65,33,79,16,0,0,0,0,0,0,0,-32286,0,0,0,0,0,2833023,0
2755511,7248,-8544,926,-621,710,-166,-2216,671,146,-2,1072,19391,67,33,79,16,0,0,0,0,0,0,0,-32286,0,0,0,0,0,2833028,0
2755516,5486,-9298,554,-157,312,-190,-2062,686,117,0,1088,19391,67,33,79,16,0,0,0,0,0,0,0,-32286,0,0,0,0,0,2833043,0
2755521,4742,-9238,488,93,77,-186,-1904,690,84,5,1096,19391,69,33,79,16,0,0,0,0,0,0,0,-32286,0,0,0,0,0,2833048,0
2755526,4212,-8894,416,308,-112,-172,-1742,704,64,0,1136,19391,69,33,79,16,0,0,0,0,0,0,0,-32286,0,0,0,0,0,2833063,0
2755531,3894,-8436,452,457,-237,-118,-1581,707,55,0,1128,19388,69,33,79,16,0,0,0,0,0,0,0,-32286,0,0,0,0,0,2833068,0
2755536,3230,-7816,472,715,-612,-81,-1420,708,31,3,1128,19388,69,33,79,16,0,0,0,0,0,0,0,-32286,0,0,0,0,0,2833083,0
2755541,3284,-7322,464,866,-722,-37,-1259,716,15,0,1136,19387,60,33,79,16,0,0,0,0,0,0,0,-32286,0,0,0,0,0,2833088,0
2755546,3190,-6608,576,921,-785,-28,-1101,694,2,13,1072,19387,60,33,79,16,0,0,0,0,0,0,0,-32287,0,0,0,0,0,2833103,0
2755551,3430,-6004,582,944,-786,7,-947,677,-13,1,1040,19387,54,33,79,16,0,0,0,0,0,0,0,-32286,0,0,0,0,0,2833108,0
2755556,3488,-4980,670,954,-732,66,-792,672,-25,-2,1008,19387,54,33,79,16,0,0,0,0,0,0,0,-32286,0,0,0,0,0,2833123,0
2755561,3486,-4554,628,950,-706,77,-644,651,-42,6,952,19387,56,33,79,16,0,0,0,0,0,0,0,-32286,0,0,0,0,0,2833128,0
2755566,3666,-4238,488,962,-666,88,-499,637,-47,1,920,19387,56,33,79,16,0,0,0,0,0,0,0,-32286,0,0,0,0,0,2833143,0
2755571,3772,-3812,384,978,-623,80,-355,632,-47,5,896,19386,60,33,79,16,0,0,0,0,0,0,0,-32286,0,0,0,0,0,2833148,0
2755576,3848,-3034,384,751,-417,149,-218,601,-54,8,832,19386,60,33,79,16,0,0,0,0,0,0,0,-32286,0,0,0,0,0,2833163,0
2755581,3920,-3034,348,619,-313,154,-84,594,-52,0,840,19386,62,33,79,16,0,0,0,0,0,0,0,-32286,0,0,0,0,0,2833168,0
2755586,3934,-3138,312,562,-239,190,51,597,-52,-4,848,19386,62,33,79,16,0,0,0,0,0,0,0,-32286,0,0,0,0,0,2833183,0
2755591,3852,-3418,230,503,-187,272,186,595,-36,0,848,19388,59,33,79,16,0,0,0,0,0,0,0,-32286,0,0,0,0,0,2833188,0
2755596,3974,-3756,134,496,-258,299,325,610,-9,-1,896,19388,59,33,79,16,0,0,0,0,0,0,0,-32286,0,0,0,0,0,2833203,0
2755601,3970,-3772,-2,517,-404,312,468,630,18,-1,952,19390,63,33,79,16,0,0,0,0,0,0,0,-32286,0,0,0,0,0,2833208,0
2755606,4294,-3862,-154,536,-548,304,614,640,42,-3,952,19390,63,33,79,16,0,0,0,0,0,0,0,-32286,0,0,0,0,0,2833223,0
2755611,4510,-3936,-226,465,-699,323,762,649,48,0,976,19391,71,33,79,16,0,0,0,0,0,0,0,-32286,0,0,0,0,0,2833228,0
2755616,5344,-4278,-12,339,-993,367,908,639,32,1,952,19391,71,33,79,16,0,0,0,0,0,0,0,-32286,0,0,0,0,0,2833243,0
2755621,5832,-4680,232,337,-1117,405,1050,630,18,-1,920,19389,80,33,79,16,0,0,0,0,0,0,0,-32286,0,0,0,0,0,2833248,0
2755626,6122,-4894,530,288,-1204,453,1190,607,-15,8,848,19389,80,33,79,16,0,0,0,0,0,0,0,-32286,0,0,0,0,0,2833263,0
2755631,6498,-4974,826,170,-1249,488,1319,570,-48,5,760,19387,72,33,79,16,0,0,0,0,0,0,0,-32286,0,0,0,0,0,2833268,0
2755636,6938,-5188,1148,40,-1211,514,1445,551,-70,-5,704,19387,72,33,79,16,0,0,0,0,0,0,0,-32286,0,0,0,0,0,2833283,0
2755641,7010,-5218,1070,9,-1190,520,1562,506,-93,-3,608,19386,69,33,79,16,0,0,0,0,0,0,0,-32286,0,0,0,0,0,2833288,0
2755646,7070,-5142,1004,42,-1137,487,1668,461,-108,-5,496,19386,69,33,79,16,0,0,0,0,0,0,0,-32286,0,0,0,0,0,2833303,0
2755651,7154,-4816,930,102,-1091,389,1767,429,-122,-13,464,19388,72,33,79,16,0,0,0,0,0,0,0,-32286,0,0,0,0,0,2833308,0
2755656,7060,-4660,598,225,-997,241,1861,409,-122,-8,440,19388,72,33,79,16,0,0,0,0,0,0,0,-32286,0,0,0,0,0,2833323,0
2755661,7004,-4720,368,280,-965,174,1949,376,-113,12,320,19388,70,33,79,16,0,0,0,0,0,0,0,-32286,0,0,0,0,0,2833328,0
2755666,6814,-4614,282,353,-961,79,2026,339,-108,19,264,19388,70,33,79,16,0,0,0,0,0,0,0,-32286,0,0,0,0,0,2833343,0
2755671,6714,-4656,176,382,-935,36,2095,299,-112,9,184,19387,71,33,79,16,0,0,0,0,0,0,0,-32286,0,0,0,0,0,2833348,0
2755676,6382,-4430,152,334,-930,-63,2156,274,-122,-2,168,19387,71,33,79,16,0,0,0,0,0,0,0,-32286,0,0,0,0,0,2833363,0
2755681,6428,-4604,68,367,-915,-115,2215,264,-116,-8,160,19388,63,33,79,16,0,0,0,0,0,0,0,-32286,0,0,0,0,0,2833368,0
2755686,6208,-4808,60,417,-975,-127,2271,246,-93,-7,152,19388,63,33,79,16,0,0,0,0,0,0,0,-32286,0,0,0,0,0,2833382,0
2755691,6060,-4952,70,509,-1081,-162,2326,240,-63,-3,120,19388,73,33,79,16,0,0,0,0,0,0,0,-32286,0,0,0,0,0,2833387,0
2755696,5974,-4880,-182,633,-1267,-170,2375,205,-51,6,80,19388,73,33,79,16,0,0,0,0,0,0,0,-32286,0,0,0,0,0,2833402,0
2755701,5900,-4716,-184,669,-1392,-183,2416,180,-57,-3,80,19388,75,33,79,16,0,0,0,0,0,0,0,-32286,0,0,0,0,0,2833407,0
2755706,6046,-4616,-320,719,-1459,-211,2455,174,-70,-5,88,19388,75,33,79,16,0,0,0,0,0,0,0,-32286,0,0,0,0,0,2833422,0
2755711,6246,-4580,-308,862,-1587,-223,2493,164,-66,0,56,19387,64,33,79,16,0,0,0,0,0,0,0,-32286,0,0,0,0,0,2833427,0
2755716,6472,-4064,50,762,-1583,-155,2530,163,-55,-5,80,19387,64,33,79,16,0,0,0,0,0,0,0,-32286,0,0,0,0,0,2833442,0
2755721,6858,-4234,132,705,-1468,-92,2566,155,-30,1,64,19387,61,33,79,16,0,0,0,0,0,0,0,-32286,0,0,0,0,0,2833447,0
2755726,6756,-4010,434,759,-1492,-104,2607,182,-5,-4,104,19387,61,33,79,16,0,0,0,0,0,0,0,-32286,0,0,0,0,0,2833462,0
2755731,7090,-4254,482,891,-1407,-70,2658,227,15,0,152,19387,57,33,79,16,0,0,0,0,0,0,0,-32286,0,0,0,0,0,2833467,0
2755736,7302,-3584,788,1141,-1280,-81,2712,250,59,-1,184,19387,57,33,79,16,0,0,0,0,0,0,0,-32286,0,0,0,0,0,2833482,0
2755741,7574,-3460,824,1194,-1194,-56,2779,295,96,1,240,19386,63,33,79,16,0,0,0,0,0,0,0,-32286,0,0,0,0,0,2833487,0
2755746,7590,-3252,828,1201,-1074,-17,2850,312,110,6,248,19386,63,33,79,16,0,0,0,0,0,0,0,-32286,0,0,0,0,0,2833502,0
2755751,7532,-2940,962,1218,-1038,-49,2927,341,114,-3,312,19386,58,33,79,16,0,0,0,0,0,0,0,-32286,0,0,0,0,0,2833507,0
2755756,7720,-2722,758,1336,-911,-77,3010,370,106,-6,352,19386,58,33,79,16,0,0,0,0,0,0,0,-32286,0,0,0,0,0,2833522,0
2755761,7836,-2592,652,1350,-859,-98,3101,403,97,-13,432,19386,61,33,79,16,0,0,0,0,0,0,0,-32287,0,0,0,0,0,2833527,0
2755766,7774,-2542,546,1356,-809,-124,3203,443,102,-18,544,19386,61,33,79,16,0,0,0,0,0,0,0,-32286,0,0,0,0,0,2833542,0
2755771,7754,-2462,356,1375,-804,-151,3310,482,117,-12,664,19386,54,33,79,16,0,0,0,0,0,0,0,-32286,0,0,0,0,0,2833547,0
2755776,7478,-2562,8,1364,-844,-148,3423,496,123,4,688,19386,54,33,79,16,0,0,0,0,0,0,0,-32286,0,0,0,0,0,2833562,0
2755781,7520,-2542,-138,1353,-844,-146,3541,515,105,8,704,19386,53,33,79,16,0,0,0,0,0,0,0,-32286,0,0,0,0,0,2833567,0
2755786,7360,-2546,-206,1358,-902,-141,3663,546,87,1,800,19386,53,33,79,16,0,0,0,0,0,0,0,-32286,0,0,0,0,0,2833582,0
2755791,7272,-2676,-242,1391,-946,-130,3788,550,81,12,752,19387,62,33,79,16,0,0,0,0,0,0,0,-32286,0,0,0,0,0,2833587,0
2755796,7106,-2638,-320,1357,-1058,-82,3914,549,59,9,736,19387,62,33,79,16,0,0,0,0,0,0,0,-32286,0,0,0,0,0,2833602,0
2755801,7082,-2522,-266,1309,-1070,-59,4039,549,41,3,736,19390,64,33,79,16,0,0,0,0,0,0,0,-32286,0,0,0,0,0,2833613,0
2755806,7164,-2358,-188,1207,-1056,-29,4163,551,19,-1,744,19390,64,33,79,16,0,0,0,0,0,0,0,-32286,0,0,0,0,0,2833622,0
2755811,7038,-2488,-178,1055,-1038,27,4281,511,-16,12,616,19393,72,33,79,16,0,0,0,0,0,0,0,-32286,0,0,0,0,0,2833627,0
2755816,7022,-2560,-6,824,-976,123,4395,489,-33,4,568,19393,72,33,79,16,0,0,0,0,0,0,0,-32286,0,0,0,0,0,2833642,0
2755821,7096,-2672,166,805,-943,136,4501,474,-55,-10,544,19392,74,33,79,16,0,0,0,0,0,0,0,-32287,0,0,0,0,0,2833647,0
2755826,7272,-2672,322,826,-879,158,4608,470,-71,-10,544,19392,74,33,79,16,0,0,0,0,0,0,0,-32286,0,0,0,0,0,2833662,0
2755831,7164,-2814,462,838,-840,209,4704,428,-80,5,424,19389,67,33,79,16,0,0,0,0,0,0,0,-32286,0,0,0,0,0,2833667,0
2755836,7156,-2832,420,928,-800,217,4792,387,-82,7,344,19389,67,33,79,16,0,0,0,0,0,0,0,-32286,0,0,0,0,0,2833682,0
2755841,7500,-2366,288,783,-698,218,4874,357,-98,8,304,19385,72,33,79,16,0,0,0,0,0,0,0,-32286,0,0,0,0,0,2833687,0
2755846,7350,-2796,390,882,-635,220,4952,339,-108,1,264,19385,72,33,79,16,0,0,0,0,0,0,0,-32286,0,0,0,0,0,2833702,0
2755851,7348,-2926,376,891,-653,234,5025,320,-98,6,232,19385,68,33,79,16,0,0,0,0,0,0,0,-32286,0,0,0,0,0,2833707,0
2755856,7718,-2534,516,691,-509,296,5094,298,-79,10,152,19385,68,33,79,16,0,0,0,0,0,0,0,-32286,0,0,0,0,0,2833722,0
2755861,7782,-2446,644,588,-404,265,5147,232,-92,2,96,19387,80,33,79,16,0,0,0,0,0,0,0,-32286,0,0,0,0,0,2833727,0
2755866,8056,-2918,582,638,-302,260,5191,190,-110,-15,72,19387,80,33,79,16,0,0,0,0,0,0,0,-32287,0,0,0,0,0,2833742,0
2755871,7836,-3076,728,781,-291,251,5229,158,-140,-2,48,19386,77,33,79,16,0,0,0,0,0,0,0,-32287,0,0,0,0,0,2833747,0
2755876,7780,-2956,532,932,-255,248,5257,121,-148,-4,48,19386,77,33,79,16,0,0,0,0,0,0,0,-32286,0,0,0,0,0,2833762,0
2755881,7884,-2764,376,919,-208,273,5279,90,-140,1,24,19386,72,33,79,16,0,0,0,0,0,0,0,-32286,0,0,0,0,0,2833767,0
2755886,7686,-2484,446,847,-188,247,5289,44,-128,7,8,19386,72,33,79,16,0,0,0,0,0,0,0,-32287,0,0,0,0,0,2833782,0
2755891,7826,-2576,202,815,-150,253,5293,21,-125,0,8,19386,59,33,79,16,0,0,0,0,0,0,0,-32286,0,0,0,0,0,2833787,0
2755896,7636,-2364,156,857,-143,201,5299,22,-117,-3,16,19386,59,33,79,16,0,0,0,0,0,0,0,-32286,0,0,0,0,0,2833802,0
2755901,7674,-2286,92,858,-128,181,5309,46,-72,-5,24,19387,65,33,79,16,0,0,0,0,0,0,0,-32286,0,0,0,0,0,2833807,0
2755906,7576,-2196,26,847,-127,180,5324,75,-5,-6,32,19387,65,33,79,16,0,0,0,0,0,0,0,-32286,0,0,0,0,0,2833822,0
2755911,7444,-2132,-24,822,-137,178,5342,75,41,0,24,19387,74,33,79,16,0,0,0,0,0,0,0,-32286,0,0,0,0,0,2833827,0
2755916,7274,-2088,-158,797,-166,160,5356,63,43,2,24,19387,74,33,79,16,0,0,0,0,0,0,0,-32287,0,0,0,0,0,2833842,0
2755921,7242,-2144,-226,783,-197,160,5373,73,32,-2,40,19387,78,33,79,16,0,0,0,0,0,0,0,-32287,0,0,0,0,0,2833847,0
2755926,7152,-2148,-282,723,-205,194,5396,107,25,-6,48,19387,78,33,79,16,0,0,0,0,0,0,0,-32287,0,0,0,0,0,2833862,0
2755931,7082,-2152,-238,638,-185,235,5421,108,26,0,40,19387,65,33,79,16,0,0,0,0,0,0,0,-32287,0,0,0,0,0,2833867,0
2755936,7090,-2364,-204,663,-211,234,5451,138,46,-4,64,19387,65,33,79,16,0,0,0,0,0,0,0,-32286,0,0,0,0,0,2833882,0
2755941,7082,-2588,-206,780,-220,259,5488,162,65,-1,80,19387,54,33,79,16,0,0,0,0,0,0,0,-32286,0,0,0,0,0,2833887,0
2755946,6962,-2492,-140,848,-266,255,5531,186,74,0,96,19387,54,33,79,16,0,0,0,0,0,0,0,-32286,0,0,0,0,0,2833902,0
2755951,7286,-2572,-268,873,-254,313,5572,176,73,4,88,19387,51,33,79,16,0,0,0,0,0,0,0,-32286,0,0,0,0,0,2833906,0
2755956,7480,-2280,-252,786,-204,317,5618,199,62,-3,112,19387,51,33,79,16,0,0,0,0,0,0,0,-32286,0,0,0,0,0,2833921,0
2755961,7402,-2152,-106,788,-199,306,5671,235,51,-3,144,19386,57,33,79,16,0,0,0,0,0,0,0,-32287,0,0,0,0,0,2833926,0
2755966,7586,-2300,-32,823,-197,300,5727,244,52,4,144,19386,57,33,79,16,0,0,0,0,0,0,0,-32287,0,0,0,0,0,2833941,0
2755971,7714,-2296,30,842,-202,289,5784,255,59,-2,176,19386,60,33,79,16,0,0,0,0,0,0,0,-32286,0,0,0,0,0,2833946,0
2755976,8028,-2074,134,852,-74,240,5849,286,70,0,208,19386,60,33,79,16,0,0,0,0,0,0,0,-32287,0,0,0,0,0,2833961,0
2755981,7922,-2072,256,836,-41,204,5921,319,69,2,256,19385,69,33,79,16,0,0,0,0,0,0,0,-32286,0,0,0,0,0,2833966,0
2755986,8128,-2196,244,869,11,173,5983,339,80,-2,288,19385,69,33,79,16,0,0,0,0,0,0,0,-32287,0,0,0,0,0,2833981,0
2755991,8084,-2366,220,889,86,182,6062,347,88,-4,312,19385,69,33,79,16,0,0,0,0,0,0,0,-32286,0,0,0,0,0,2833986,0
2755996,8266,-2256,222,900,180,147,6147,368,81,-4,344,19385,69,33,79,16,0,0,0,0,0,0,0,-32286,0,0,0,0,0,2834001,0
2756001,8188,-2134,244,864,210,115,6231,370,59,-4,352,19385,77,33,79,16,0,0,0,0,0,0,0,-32286,0,0,0,0,0,2834006,0
2756006,8342,-2082,182,875,233,70,6324,409,56,-9,440,19385,77,33,79,16,0,0,0,0,0,0,0,-32286,0,0,0,0,0,2834021,0
2756011,8374,-2018,242,886,263,25,6422,438,60,-21,528,19386,74,33,79,16,0,0,0,0,0,0,0,-32287,0,0,0,0,0,2834026,0
2756016,8258,-2164,192,902,281,-37,6525,453,80,-6,560,19386,74,33,79,16,0,0,0,0,0,0,0,-32286,0,0,0,0,0,2834041,0
2756021,8474,-2116,114,881,292,47,6629,455,78,-348,-104,19387,75,33,79,16,0,0,0,0,0,0,0,-32287,0,0,0,0,0,2834046,0
2756026,7822,-3092,108,349,438,278,6669,135,-91,-1296,-624,19387,75,33,79,16,0,0,0,0,0,0,0,-32287,0,0,0,0,0,2834061,0
2756031,7506,-2734,-56,-310,480,402,6646,-112,-367,-1452,-1032,19385,81,33,79,16,0,0,0,0,0,0,0,-32287,0,0,0,0,0,2834066,0
2756036,7364,-3364,924,-846,1156,716,6583,-288,-627,-1545,-1472,19385,81,33,79,16,0,0,0,0,0,0,0,-32287,0,0,0,0,0,2834081,0
2756041,7094,-4106,1128,-911,1249,821,6488,-431,-728,-1727,-1752,19377,115,33,79,16,0,0,0,0,0,0,0,-32287,0,0,0,0,0,2834086,0
2756046,7216,-4762,1092,-745,1482,960,6364,-546,-673,-1892,-2056,19377,115,33,79,16,0,0,0,0,0,0,0,-32286,0,0,0,0,0,2834101,0
2756051,6952,-4700,1152,-606,1664,1087,6222,-631,-501,-2061,-2208,19364,157,33,79,16,0,0,0,0,0,0,0,-32286,0,0,0,0,0,2834106,0
2756056,7072,-4394,818,-392,1869,1283,6066,-682,-391,-2140,-2408,19364,157,33,79,16,0,0,0,0,0,0,0,-32286,0,0,0,0,0,2834121,0
2756061,6948,-4212,510,-339,1887,1345,5906,-716,-280,-2212,-2416,19349,234,33,79,16,0,0,0,0,0,0,0,-32287,0,0,0,0,0,2834126,0
2756066,7126,-3884,230,-246,1834,1363,5741,-722,-186,-2344,-2392,19349,234,33,79,16,0,0,0,0,0,0,0,-32287,0,0,0,0,0,2834141,0
2756071,7346,-3640,-36,-109,1766,1385,5578,-712,-100,-2422,-2504,19335,290,33,79,16,0,0,0,0,0,0,0,-32286,0,0,0,0,0,2834146,0
2756076,7844,-2714,-490,-23,1547,1346,5413,-719,-49,-2555,-2480,19335,290,33,79,16,0,0,0,0,0,0,0,-32286,0,0,0,0,0,2834161,0
2756081,8264,-2382,-572,47,1434,1285,5260,-665,10,-2625,-2448,19323,345,33,79,16,0,0,0,0,0,0,0,-32286,0,0,0,0,0,2834166,0
2756086,8472,-2302,-652,86,1326,1228,5116,-633,62,-2695,-2320,19323,345,33,79,16,0,0,0,0,0,0,0,-32287,0,0,0,0,0,2834181,0
2756091,8630,-1872,-624,101,1150,1120,4979,-598,95,-2824,-2208,19315,385,33,79,16,0,0,0,0,0,0,0,-32288,0,0,0,0,0,2834186,0
2756096,9726,-1496,-542,326,1007,805,4859,-516,193,-2871,-2136,19315,385,33,79,16,0,0,0,0,0,0,0,-32287,0,0,0,0,0,2834201,0
2756101,9870,-1520,-404,375,880,642,4756,-452,231,-2937,-2088,19315,400,33,79,16,0,0,0,0,0,0,0,-32285,0,0,0,0,0,2834206,0
2756106,10390,-1538,-454,399,832,484,4665,-396,224,-3090,-1904,19315,400,33,79,16,0,0,0,0,0,0,0,-32285,0,0,0,0,0,2834221,0
2756111,10792,-1752,-428,426,836,323,4586,-341,151,-3172,-1800,19315,389,33,79,16,0,0,0,0,0,0,0,-32286,0,0,0,0,0,2834226,0
2756116,10896,-2692,-98,641,696,-13,4523,-266,155,-3264,-1656,19315,389,33,79,16,0,0,0,0,0,0,0,-32286,0,0,0,0,0,2834241,0
2756121,10946,-3308,-20,807,559,-119,4480,-181,218,-3286,-1648,19320,381,33,79,16,0,0,0,0,0,0,0,-32286,0,0,0,0,0,2834246,0
2756126,10656,-3622,72,851,398,-242,4446,-138,227,-3379,-1512,19320,381,33,79,16,0,0,0,0,0,0,0,-32287,0,0,0,0,0,2834261,0
2756131,10912,-4176,-118,916,237,-330,4425,-97,227,-3452,-1464,19323,376,33,79,16,0,0,0,0,0,0,0,-32287,0,0,0,0,0,2834266,0
2756136,10310,-4646,-66,905,-162,-425,4407,-71,193,-3498,-1408,19323,376,33,79,16,0,0,0,0,0,0,0,-32288,0,0,0,0,0,2834281,0
2756141,10344,-4774,-94,931,-390,-471,4399,-28,156,-3550,-1336,19326,367,33,79,16,0,0,0,0,0,0,0,-32287,0,0,0,0,0,2834286,0
2756146,10108,-4752,-98,953,-618,-496,4397,2,125,-3586,-1304,19326,367,33,79,16,0,0,0,0,0,0,0,-32287,0,0,0,0,0,2834301,0
2756151,9788,-4652,-124,914,-881,-505,4396,-8,106,-3601,-1352,19331,352,33,79,16,0,0,0,0,0,0,0,-32287,0,0,0,0,0,2834306,0
2756156,9296,-3928,126,729,-1297,-500,4393,-25,68,-3619,-1424,19331,352,33,79,16,0,0,0,0,0,0,0,-32287,0,0,0,0,0,2834321,0
2756161,9018,-3590,398,589,-1427,-477,4377,-66,12,-3606,-1632,19330,334,33,79,16,0,0,0,0,0,0,0,-32288,0,0,0,0,0,2834326,0
2756166,8740,-3574,774,397,-1446,-396,4339,-181,-77,-3570,-1944,19330,334,33,79,16,0,0,0,0,0,0,0,-32288,0,0,0,0,0,2834341,0
2756171,8432,-3206,1280,187,-1424,-365,4269,-321,-205,-3644,-2168,19327,354,33,79,16,0,0,0,0,0,0,0,-32288,0,0,0,0,0,2834346,0
2756176,8336,-3408,2274,-48,-951,-284,4172,-439,-315,-3660,-2440,19327,354,33,79,16,0,0,0,0,0,0,0,-32288,0,0,0,0,0,2834361,0
2756181,8108,-3612,2702,-107,-679,-271,4043,-574,-403,-3680,-2792,19315,400,33,79,16,0,0,0,0,0,0,0,-32286,0,0,0,0,0,2834365,0
2756186,8274,-4196,2882,-163,-349,-221,3880,-726,-453,-3737,-3088,19315,400,33,79,16,0,0,0,0,0,0,0,-32285,0,0,0,0,0,2834380,0
2756191,7998,-4420,3090,-207,-39,-229,3689,-854,-476,-3694,-3408,19294,490,33,79,16,0,0,0,0,0,0,0,-32285,0,0,0,0,0,2834385,0
2756196,7594,-5570,2980,-243,570,-153,3468,-981,-471,-3681,-3648,19294,490,33,79,16,0,0,0,0,0,0,0,-32287,0,0,0,0,0,2834400,0
2756201,7292,-6114,2812,-257,724,-113,3220,-1102,-463,-3659,-3984,19270,592,33,79,16,0,0,0,0,0,0,0,-32286,0,0,0,0,0,2834405,0
2756206,6862,-6646,2540,-340,883,-36,2943,-1227,-448,-3634,-4240,19270,592,33,79,16,0,0,0,0,0,0,0,-32285,0,0,0,0,0,2834420,0
2756211,6516,-6930,2210,-393,981,45,2640,-1344,-431,-3602,-4360,19247,713,33,79,16,0,0,0,0,0,0,0,-32287,0,0,0,0,0,2834425,0
2756216,5322,-7916,1598,-469,1041,219,2317,-1435,-418,-3626,-4560,19247,713,33,79,16,0,0,0,0,0,0,0,-32285,0,0,0,0,0,2834440,0
2756221,4578,-7842,1374,-356,914,263,1974,-1501,-382,-3573,-4696,19227,806,33,79,16,0,0,0,0,0,0,0,-32287,0,0,0,0,0,2834445,0
2756226,4126,-8220,926,-345,916,340,1614,-1583,-330,-3519,-4784,19227,806,33,79,16,0,0,0,0,0,0,0,-32286,0,0,0,0,0,2834460,0
2756231,3862,-8408,796,-230,843,427,1239,-1661,-299,-3486,-4888,19211,885,33,79,16,0,0,0,0,0,0,0,-32286,0,0,0,0,0,2834465,0
2756236,2950,-8086,670,17,572,503,851,-1713,-262,-3449,-4920,19211,885,33,79,16,0,0,0,0,0,0,0,-32287,0,0,0,0,0,2834480,0
2756241,3112,-8106,368,146,449,552,453,-1755,-227,-3415,-4992,19200,933,33,79,16,0,0,0,0,0,0,0,-32286,0,0,0,0,0,2834488,0
2756246,2864,-8004,490,252,308,568,50,-1772,-195,-3371,-4944,19200,933,33,79,16,0,0,0,0,0,0,0,-32287,0,0,0,0,0,2834503,0
2756251,3480,-7776,534,452,188,604,-352,-1764,-139,-3329,-4872,19202,945,33,79,16,0,0,0,0,0,0,0,-32286,0,0,0,0,0,2834508,0
2756256,3658,-7176,522,820,-241,607,-749,-1736,-70,-3274,-4776,19202,945,33,79,16,0,0,0,0,0,0,0,-32286,0,0,0,0,0,2834523,0
2756261,4206,-6520,408,996,-382,574,-1136,-1695,3,-3216,-4656,19204,941,33,79,16,0,0,0,0,0,0,0,-32286,0,0,0,0,0,2834528,0
2756266,5062,-6314,440,1107,-581,544,-1510,-1643,76,-3139,-4544,19204,941,33,79,16,0,0,0,0,0,0,0,-32286,0,0,0,0,0,2834543,0
2756271,5636,-5852,370,1179,-824,501,-1871,-1585,136,-3080,-4440,19212,903,33,79,16,0,0,0,0,0,0,0,-32286,0,0,0,0,0,2834548,0
2756276,6906,-4464,6,1147,-1276,392,-2220,-1529,167,-3024,-4416,19212,903,33,79,16,0,0,0,0,0,0,0,-32287,0,0,0,0,0,2834563,0
2756281,7660,-3960,178,1067,-1464,316,-2559,-1486,184,-2964,-4240,19219,843,33,79,16,0,0,0,0,0,0,0,-32286,0,0,0,0,0,2834568,0
2756286,8276,-3770,312,979,-1619,274,-2888,-1448,176,-2932,-4184,19219,843,33,79,16,0,0,0,0,0,0,0,-32288,0,0,0,0,0,2834583,0
2756291,8572,-2960,556,872,-1772,186,-3208,-1413,166,-2860,-3952,19235,769,33,79,16,0,0,0,0,0,0,0,-32285,0,0,0,0,0,2834588,0
2756296,9634,-2762,976,655,-1836,72,-3515,-1354,159,-2822,-3824,19235,769,33,79,16,0,0,0,0,0,0,0,-32287,0,0,0,0,0,2834603,0
2756301,9802,-2078,1342,549,-1845,-46,-3809,-1286,162,-2735,-3704,19252,704,33,79,16,0,0,0,0,0,0,0,-32286,0,0,0,0,0,2834608,0
2756306,10230,-2046,1574,443,-1770,-113,-4089,-1226,180,-2646,-3528,19252,704,33,79,16,0,0,0,0,0,0,0,-32286,0,0,0,0,0,2834623,0
2756311,10192,-1530,1808,347,-1749,-198,-4352,-1150,199,-2575,-3304,19268,638,33,79,16,0,0,0,0,0,0,0,-32287,0,0,0,0,0,2834628,0
2756316,10336,-1290,2206,121,-1500,-332,-4601,-1082,219,-2518,-3176,19268,638,33,79,16,0,0,0,0,0,0,0,-32286,0,0,0,0,0,2834643,0
2756321,10368,-1080,2412,30,-1348,-408,-4832,-1007,238,-2455,-2984,19282,573,33,79,16,0,0,0,0,0,0,0,-32285,0,0,0,0,0,2834648,0
2756326,10308,-1122,2712,-33,-1178,-445,-5044,-926,248,-2339,-2696,19282,573,33,79,16,0,0,0,0,0,0,0,-32287,0,0,0,0,0,2834663,0
2756331,10044,-1108,2984,-100,-1007,-534,-5243,-858,256,-2309,-2672,19300,501,33,79,16,0,0,0,0,0,0,0,-32287,0,0,0,0,0,2834668,0
2756336,9784,-1302,3028,-203,-605,-608,-5429,-811,248,-2198,-2432,19300,501,33,79,16,0,0,0,0,0,0,0,-32286,0,0,0,0,0,2834683,0
2756341,9718,-1204,3200,-231,-423,-687,-5601,-746,230,-2148,-2320,19313,436,33,79,16,0,0,0,0,0,0,0,-32286,0,0,0,0,0,2834688,0
2756346,9790,-1542,3322,-213,-187,-699,-5760,-699,210,-2047,-2280,19313,436,33,79,16,0,0,0,0,0,0,0,-32286,0,0,0,0,0,2834703,0
2756351,9342,-1542,3280,-303,-9,-714,-5913,-669,187,-1985,-2112,19326,378,33,79,16,0,0,0,0,0,0,0,-32287,0,0,0,0,0,2834708,0
2756356,9346,-2276,3068,-364,415,-801,-6055,-621,170,-1881,-2000,19326,378,33,79,16,0,0,0,0,0,0,0,-32287,0,0,0,0,0,2834723,0
2756361,8946,-2568,3016,-343,600,-795,-6188,-587,153,-1795,-1880,19335,323,33,79,16,0,0,0,0,0,0,0,-32286,0,0,0,0,0,2834728,0
2756366,8712,-2806,2908,-341,751,-817,-6319,-572,131,-1731,-1808,19335,323,33,79,16,0,0,0,0,0,0,0,-32285,0,0,0,0,0,2834743,0
2756371,8442,-2838,2596,-363,918,-825,-6441,-543,113,-1639,-1744,19344,285,33,79,16,0,0,0,0,0,0,0,-32286,0,0,0,0,0,2834748,0
2756376,7680,-3332,1914,-386,1182,-807,-6560,-531,96,-1567,-1712,19344,285,33,79,16,0,0,0,0,0,0,0,-32287,0,0,0,0,0,2834763,0
2756381,7382,-3620,1644,-406,1243,-781,-6677,-520,77,-1503,-1672,19350,250,33,79,16,0,0,0,0,0,0,0,-32287,0,0,0,0,0,2834768,0
2756386,6996,-3748,1390,-386,1269,-728,-6794,-513,55,-1428,-1624,19350,250,33,79,16,0,0,0,0,0,0,0,-32287,0,0,0,0,0,2834783,0
2756391,6674,-3872,1158,-356,1284,-730,-6906,-493,45,-1364,-1496,19356,218,33,79,16,0,0,0,0,0,0,0,-32286,0,0,0,0,0,2834788,0
2756396,6116,-4010,430,-271,1145,-679,-7013,-470,44,-1294,-1416,19356,218,33,79,16,0,0,0,0,0,0,0,-32286,0,0,0,0,0,2834803,0
2756401,5940,-3896,78,-315,1045,-659,-7118,-465,50,-1214,-1344,19362,196,33,79,16,0,0,0,0,0,0,0,-32287,0,0,0,0,0,2834808,0
2756406,5770,-3890,-96,-372,939,-609,-7224,-464,47,-1121,-1376,19362,196,33,79,16,0,0,0,0,0,0,0,-32286,0,0,0,0,0,2834823,0
2756411,5454,-3992,-128,-428,836,-560,-7326,-451,34,-1052,-1312,19366,180,33,79,16,0,0,0,0,0,0,0,-32287,0,0,0,0,0,2834828,0
2756416,5308,-4170,-190,-399,591,-507,-7425,-436,34,-985,-1216,19366,180,33,79,16,0,0,0,0,0,0,0,-32287,0,0,0,0,0,2834843,0
2756421,5254,-4154,-192,-397,460,-465,-7521,-424,35,-905,-1160,19370,162,33,79,16,0,0,0,0,0,0,0,-32286,0,0,0,0,0,2834847,0
2756426,5340,-4064,-214,-424,381,-409,-7618,-430,38,-835,-1144,19370,162,33,79,16,0,0,0,0,0,0,0,-32286,0,0,0,0,0,2834862,0
2756431,5180,-4046,-4,-481,301,-361,-7712,-427,31,-762,-1144,19376,146,33,79,16,0,0,0,0,0,0,0,-32286,0,0,0,0,0,2834867,0
2756436,5450,-4070,270,-532,220,-307,-7808,-410,22,-709,-1008,19376,146,33,79,16,0,0,0,0,0,0,0,-32286,0,0,0,0,0,2834882,0
2756441,5420,-3946,422,-526,165,-268,-7895,-390,22,-640,-944,19380,121,33,79,16,0,0,0,0,0,0,0,-32286,0,0,0,0,0,2834887,0
2756446,5596,-3968,526,-523,126,-224,-7983,-385,28,-569,-952,19380,121,33,79,16,0,0,0,0,0,0,0,-32286,0,0,0,0,0,2834902,0
2756451,5596,-3714,704,-540,112,-182,-8069,-371,42,-510,-832,19383,100,33,79,16,0,0,0,0,0,0,0,-32286,0,0,0,0,0,2834907,0
2756456,5872,-3574,1050,-621,164,-107,-8154,-374,36,-447,-800,19383,100,33,79,16,0,0,0,0,0,0,0,-32286,0,0,0,0,0,2834922,0
2756461,5982,-3428,1222,-637,181,-84,-8234,-348,33,-401,-688,19385,88,33,79,16,0,0,0,0,0,0,0,-32286,0,0,0,0,0,2834927,0
2756466,6110,-3448,1292,-617,210,-64,-8304,-310,43,-349,-536,19385,88,33,79,16,0,0,0,0,0,0,0,-32287,0,0,0,0,0,2834942,0
2756471,6126,-3356,1360,-631,241,-23,-8365,-260,80,-298,-376,19387,81,33,79,16,0,0,0,0,0,0,0,-32286,0,0,0,0,0,2834947,0
2756476,6148,-2980,1462,-739,358,41,-8419,-230,104,-243,-232,19387,81,33,79,16,0,0,0,0,0,0,0,-32286,0,0,0,0,0,2834962,0
2756481,6288,-3128,1460,-758,444,66,-8464,-194,127,-192,-120,19387,78,33,79,16,0,0,0,0,0,0,0,-32286,0,0,0,0,0,2834967,0
2756486,6256,-3002,1542,-722,458,68,-8490,-108,147,-121,-40,19387,78,33,79,16,0,0,0,0,0,0,0,-32287,0,0,0,0,0,2834982,0
2756491,6330,-3078,1458,-709,519,106,-8497,-29,185,-61,-8,19386,71,33,79,16,0,0,0,0,0,0,0,-32286,0,0,0,0,0,2834987,0
2756496,6372,-2902,1206,-769,570,162,-8496,7,213,-22,8,19386,71,33,79,16,0,0,0,0,0,0,0,-32286,0,0,0,0,0,2835002,0
2756501,6276,-2832,1168,-732,559,157,-8492,15,205,24,16,19387,65,33,79,16,0,0,0,0,0,0,0,-32286,0,0,0,0,0,2835007,0
2756506,6376,-2804,1078,-634,526,142,-8490,7,143,65,24,19387,65,33,79,16,0,0,0,0,0,0,0,-32287,0,0,0,0,0,2835022,0
2756511,6478,-2548,974,-560,495,149,-8485,15,71,105,32,19388,69,33,79,16,0,0,0,0,0,0,0,-32287,0,0,0,0,0,2835027,0
2756516,6542,-2038,752,-609,513,121,-8477,44,27,143,64,19388,69,33,79,16,0,0,0,0,0,0,0,-32287,0,0,0,0,0,2835042,0
2756521,6574,-1998,680,-668,555,133,-8461,75,40,177,120,19389,72,33,79,16,0,0,0,0,0,0,0,-32286,0,0,0,0,0,2835047,0
2756526,6508,-1970,684,-741,604,177,-8436,105,65,218,152,19389,72,33,79,16,0,0,0,0,0,0,0,-32286,0,0,0,0,0,2835062,0
2756531,6324,-2014,758,-791,607,174,-8415,96,83,267,168,19389,70,33,79,16,0,0,0,0,0,0,0,-32286,0,0,0,0,0,2835067,0
2756536,6510,-2042,524,-710,598,144,-8389,120,71,294,264,19389,70,33,79,16,0,0,0,0,0,0,0,-32286,0,0,0,0,0,2835082,0
2756541,6380,-1964,576,-724,609,134,-8355,146,59,333,320,19388,72,33,79,16,0,0,0,0,0,0,0,-32286,0,0,0,0,0,2835087,0
2756546,6388,-1698,586,-773,598,85,-8309,205,69,367,512,19388,72,33,79,16,0,0,0,0,0,0,0,-32286,0,0,0,0,0,2835102,0
2756551,6518,-1904,502,-814,647,105,-8253,255,110,392,704,19388,67,33,79,16,0,0,0,0,0,0,0,-32286,0,0,0,0,0,2835107,0
2756556,6388,-1726,466,-848,588,43,-8179,333,162,446,880,19388,67,33,79,16,0,0,0,0,0,0,0,-32286,0,0,0,0,0,2835122,0
2756561,6400,-1774,398,-859,570,42,-8087,406,201,497,1064,19386,63,33,79,16,0,0,0,0,0,0,0,-32286,0,0,0,0,0,2835127,0
2756566,6344,-1694,386,-820,506,13,-7975,500,241,536,1368,19386,63,33,79,16,0,0,0,0,0,0,0,-32286,0,0,0,0,0,2835142,0
2756571,6360,-1824,314,-814,460,-15,-7842,597,276,599,1632,19383,72,33,79,16,0,0,0,0,0,0,0,-32286,0,0,0,0,0,2835147,0
2756576,6364,-1654,316,-871,388,-39,-7680,726,316,645,1888,19383,72,33,79,16,0,0,0,0,0,0,0,-32286,0,0,0,0,0,2835162,0
2756581,6274,-1700,342,-911,348,-47,-7488,853,355,693,2256,19379,90,33,79,16,0,0,0,0,0,0,0,-32286,0,0,0,0,0,2835167,0
2756586,6294,-1674,330,-946,285,-91,-7269,985,404,732,2512,19379,90,33,79,16,0,0,0,0,0,0,0,-32286,0,0,0,0,0,2835182,0
2756591,6510,-1814,498,-826,218,-122,-7017,1117,432,763,2816,19376,119,33,79,16,0,0,0,0,0,0,0,-32286,0,0,0,0,0,2835187,0
2756596,6710,-1702,356,-457,-59,-279,-6737,1249,449,813,3176,19376,119,33,79,16,0,0,0,0,0,0,0,-32286,0,0,0,0,0,2835202,0
2756601,6548,-1174,100,-636,-150,-259,-6429,1371,451,863,3488,19370,146,33,79,16,0,0,0,0,0,0,0,-32286,0,0,0,0,0,2835207,0
2756606,6658,-1024,-64,-977,-130,-229,-6089,1513,454,889,3824,19370,146,33,79,16,0,0,0,0,0,0,0,-32287,0,0,0,0,0,2835222,0
2756611,6602,-1272,258,-1219,-12,-205,-5716,1655,457,944,4168,19365,185,33,79,16,0,0,0,0,0,0,0,-32285,0,0,0,0,0,2835227,0
2756616,6472,-1986,712,-1115,-69,-289,-5304,1831,490,993,4600,19365,185,33,79,16,0,0,0,0,0,0,0,-32287,0,0,0,0,0,2835242,0
2756621,8776,-304,1054,-59,-911,-1251,-4854,1991,522,1060,4768,19355,241,33,79,16,0,0,0,0,0,0,0,-32286,0,0,0,0,0,2835247,0
2756626,11026,-5370,-496,1945,-1587,-1046,-4390,2064,520,1136,4968,19355,241,33,79,16,0,0,0,0,0,0,0,-32286,0,0,0,0,0,2835262,0
2756631,5144,-874,424,1196,-1782,-1146,-3907,2128,461,1120,4944,19344,297,33,79,16,0,0,0,0,0,0,0,-32286,0,0,0,0,0,2835267,0
2756636,10616,0,-186,748,-1873,-1419,-3430,2095,332,1219,4800,19344,297,33,79,16,0,0,0,0,0,0,0,-32286,0,0,0,0,0,2835282,0
2756641,9038,1232,1238,109,-1839,-1512,-2971,2011,155,1233,4640,19334,344,33,79,16,0,0,0,0,0,0,0,-32287,0,0,0,0,0,2835287,0
2756646,10292,-122,1538,-233,-1392,-1594,-2539,1886,-49,1266,4352,19334,344,33,79,16,0,0,0,0,0,0,0,-32286,0,0,0,0,0,2835302,0
2756651,10292,-1224,1836,-365,-892,-1564,-2145,1728,-240,1310,4024,19327,371,33,79,16,0,0,0,0,0,0,0,-32287,0,0,0,0,0,2835307,0
2756656,9210,-2720,2912,-645,53,-1455,-1787,1562,-403,1338,3680,19327,371,33,79,16,0,0,0,0,0,0,0,-32286,0,0,0,0,0,2835322,0
2756661,8640,-3322,2896,-731,347,-1319,-1466,1404,-498,1374,3296,19327,374,33,79,16,0,0,0,0,0,0,0,-32286,0,0,0,0,0,2835326,0
2756666,8220,-3730,2628,-805,640,-1202,-1182,1239,-546,1401,2920,19327,374,33,79,16,0,0,0,0,0,0,0,-32286,0,0,0,0,0,2835341,0
2756671,7760,-4294,2202,-836,814,-1034,-932,1082,-556,1441,2640,19329,352,33,79,16,0,0,0,0,0,0,0,-32286,0,0,0,0,0,2835346,0
2756676,7190,-4684,1610,-813,949,-798,-714,942,-551,1491,2384,19329,352,33,79,16,0,0,0,0,0,0,0,-32287,0,0,0,0,0,2835361,0
2756681,6780,-4594,1350,-806,935,-674,-528,810,-529,1522,2088,19335,319,33,79,16,0,0,0,0,0,0,0,-32286,0,0,0,0,0,2835366,0
2756686,6822,-4544,1192,-781,881,-581,-366,693,-496,1555,1856,19335,319,33,79,16,0,0,0,0,0,0,0,-32286,0,0,0,0,0,2835381,0
2756691,6780,-4630,1022,-778,858,-451,-234,562,-463,1609,1600,19343,277,33,79,16,0,0,0,0,0,0,0,-32285,0,0,0,0,0,2835386,0
2756696,6968,-4296,656,-831,719,-328,-127,455,-435,1614,1392,19343,277,33,79,16,0,0,0,0,0,0,0,-32286,0,0,0,0,0,2835401,0
2756701,7004,-4156,634,-834,608,-256,-43,360,-410,1644,1296,19352,240,33,79,16,0,0,0,0,0,0,0,-32287,0,0,0,0,0,2835406,0
2756706,7024,-4048,622,-850,518,-226,24,291,-380,1709,1112,19352,240,33,79,16,0,0,0,0,0,0,0,-32287,0,0,0,0,0,2835421,0
2756711,7190,-4080,578,-804,419,-165,73,211,-337,1728,1032,19357,209,33,79,16,0,0,0,0,0,0,0,-32287,0,0,0,0,0,2835426,0
2756716,7274,-3866,672,-827,316,-66,106,133,-294,1782,840,19357,209,33,79,16,0,0,0,0,0,0,0,-32287,0,0,0,0,0,2835441,0
2756721,7308,-3536,928,-793,265,-70,125,82,-268,1821,808,19362,177,33,79,16,0,0,0,0,0,0,0,-32287,0,0,0,0,0,2835446,0
2756726,7632,-3508,1144,-672,259,-56,141,70,-226,1841,768,19362,177,33,79,16,0,0,0,0,0,0,0,-32287,0,0,0,0,0,2835461,0
2756731,7618,-3340,1380,-586,275,-9,149,33,-177,1873,720,19364,157,33,79,16,0,0,0,0,0,0,0,-32287,0,0,0,0,0,2835466,0
2756736,7900,-2844,1628,-572,342,54,153,7,-131,1901,696,19364,157,33,79,16,0,0,0,0,0,0,0,-32287,0,0,0,0,0,2835481,0
2756741,8128,-2438,1676,-498,400,63,152,0,-92,1922,696,19367,146,33,79,16,0,0,0,0,0,0,0,-32287,0,0,0,0,0,2835486,0
2756746,8262,-2184,1610,-479,460,103,154,1,-71,1936,712,19367,146,33,79,16,0,0,0,0,0,0,0,-32286,0,0,0,0,0,2835501,0
2756751,8180,-1716,1506,-508,509,118,156,12,-48,1961,752,19368,126,33,79,16,0,0,0,0,0,0,0,-32287,0,0,0,0,0,2835506,0
2756756,8214,-946,1054,-502,545,133,161,30,0,1973,848,19368,126,33,79,16,0,0,0,0,0,0,0,-32286,0,0,0,0,0,2835521,0
2756761,8390,-496,772,-507,568,122,179,73,36,1973,1024,19369,135,33,79,16,0,0,0,0,0,0,0,-32286,0,0,0,0,0,2835526,0
2756766,8416,-26,718,-559,564,75,215,169,97,1959,1232,19369,135,33,79,16,0,0,0,0,0,0,0,-32286,0,0,0,0,0,2835541,0
2756771,8670,-152,564,-604,551,86,269,241,175,2035,1352,19367,147,33,79,16,0,0,0,0,0,0,0,-32286,0,0,0,0,0,2835546,0
2756776,9378,-186,742,-762,462,10,346,338,236,2047,1616,19367,147,33,79,16,0,0,0,0,0,0,0,-32286,0,0,0,0,0,2835561,0
2756781,10110,-394,1028,-789,404,-46,443,441,287,2080,1872,19361,176,33,79,16,0,0,0,0,0,0,0,-32285,0,0,0,0,0,2835566,0
2756786,10850,-668,1302,-894,422,-87,564,546,325,2115,2136,19361,176,33,79,16,0,0,0,0,0,0,0,-32285,0,0,0,0,0,2835581,0
2756791,11640,-1002,1466,-995,385,-125,712,660,335,2182,2440,19353,219,33,79,16,0,0,0,0,0,0,0,-32286,0,0,0,0,0,2835586,0
2756796,12732,-2586,1592,-1363,338,-144,884,771,368,2179,2608,19353,219,33,79,16,0,0,0,0,0,0,0,-32288,0,0,0,0,0,2835601,0
2756801,13464,-3742,1716,-1272,194,-211,1083,886,384,2192,2880,19342,278,33,79,16,0,0,0,0,0,0,0,-32286,0,0,0,0,0,2835613,0
2756806,13908,-4222,1902,-1077,136,-310,1303,979,386,2203,3024,19342,278,33,79,16,0,0,0,0,0,0,0,-32285,0,0,0,0,0,2835621,0
2756811,14138,-4288,2192,-937,126,-430,1543,1062,368,2202,3208,19330,341,33,79,16,0,0,0,0,0,0,0,-32287,0,0,0,0,0,2835625,0
2756816,13812,-4614,2262,-963,345,-649,1798,1129,334,2233,3384,19330,341,33,79,16,0,0,0,0,0,0,0,-32287,0,0,0,0,0,2835640,0
2756821,13254,-5336,2220,-850,413,-797,2065,1181,291,2261,3440,19317,397,33,79,16,0,0,0,0,0,0,0,-32285,0,0,0,0,0,2835645,0
2756826,12516,-5802,2018,-684,444,-921,2338,1203,232,2278,3440,19317,397,33,79,16,0,0,0,0,0,0,0,-32286,0,0,0,0,0,2835660,0
2756831,11714,-6494,1900,-614,490,-966,2612,1199,165,2290,3448,19306,440,33,79,16,0,0,0,0,0,0,0,-32286,0,0,0,0,0,2835665,0
2756836,9798,-8406,1406,-402,374,-1070,2882,1186,93,2303,3392,19306,440,33,79,16,0,0,0,0,0,0,0,-32285,0,0,0,0,0,2835679,0
2756841,9098,-9066,1380,-55,194,-1129,3146,1152,20,2316,3288,19300,468,33,79,16,0,0,0,0,0,0,0,-32287,0,0,0,0,0,2835684,0
2756846,8514,-9302,1640,212,120,-1113,3395,1089,-50,2317,3112,19300,468,33,79,16,0,0,0,0,0,0,0,-32286,0,0,0,0,0,2835699,0
2756851,7708,-9300,1886,230,240,-1029,3629,1006,-121,2314,2848,19300,483,33,79,16,0,0,0,0,0,0,0,-32285,0,0,0,0,0,2835704,0
2756856,5440,-9698,1832,182,389,-694,3840,920,-196,2310,2720,19300,483,33,79,16,0,0,0,0,0,0,0,-32286,0,0,0,0,0,2835719,0
2756861,4524,-10188,1490,480,208,-565,4029,817,-256,2328,2464,19305,452,33,79,16,0,0,0,0,0,0,0,-32287,0,0,0,0,0,2835724,0
2756866,3904,-9406,1310,741,82,-456,4200,740,-301,2305,2376,19305,452,33,79,16,0,0,0,0,0,0,0,-32286,0,0,0,0,0,2835739,0
2756871,3550,-8478,966,845,16,-316,4354,657,-312,2328,2192,19314,420,33,79,16,0,0,0,0,0,0,0,-32285,0,0,0,0,0,2835744,0
2756876,2440,-6296,404,645,59,-112,4491,602,-287,2289,2104,19314,420,33,79,16,0,0,0,0,0,0,0,-32286,0,0,0,0,0,2835759,0
2756881,2198,-5938,-28,651,56,-41,4624,573,-251,2275,2016,19321,372,33,79,16,0,0,0,0,0,0,0,-32287,0,0,0,0,0,2835763,0
2756886,2012,-5550,-96,712,5,32,4750,549,-201,2281,2000,19321,372,33,79,16,0,0,0,0,0,0,0,-32287,0,0,0,0,0,2835778,0
2756891,1964,-5052,-94,751,-42,65,4870,538,-143,2255,2080,19328,343,33,79,16,0,0,0,0,0,0,0,-32287,0,0,0,0,0,2835783,0
2756896,2446,-3784,92,794,-51,97,4996,554,-82,2249,2144,19328,343,33,79,16,0,0,0,0,0,0,0,-32286,0,0,0,0,0,2835798,0
2756901,2778,-3198,166,801,-59,86,5128,592,-25,2275,2168,19332,321,33,79,16,0,0,0,0,0,0,0,-32285,0,0,0,0,0,2835803,0
2756906,3100,-2908,132,788,-70,79,5266,615,30,2255,2216,19332,321,33,79,16,0,0,0,0,0,0,0,-32286,0,0,0,0,0,2835818,0
2756911,3332,-2554,162,764,-114,62,5414,657,80,2214,2304,19335,314,33,79,16,0,0,0,0,0,0,0,-32287,0,0,0,0,0,2835823,0
2756916,3732,-2132,70,638,-179,40,5568,690,107,2217,2288,19335,314,33,79,16,0,0,0,0,0,0,0,-32287,0,0,0,0,0,2835838,0
2756921,3860,-2024,2,560,-257,17,5726,698,109,2204,2288,19333,321,33,79,16,0,0,0,0,0,0,0,-32287,0,0,0,0,0,2835843,0
2756926,4236,-2186,-46,488,-333,28,5884,700,83,2191,2336,19333,321,33,79,16,0,0,0,0,0,0,0,-32286,0,0,0,0,0,2835858,0
2756931,4412,-2282,62,401,-423,49,6039,684,58,2184,2280,19332,331,33,79,16,0,0,0,0,0,0,0,-32286,0,0,0,0,0,2835863,0
2756936,5004,-2774,448,189,-555,136,6190,654,8,2140,2192,19332,331,33,79,16,0,0,0,0,0,0,0,-32287,0,0,0,0,0,2835878,0
2756941,5336,-3236,732,92,-567,198,6330,612,-44,2109,2016,19330,334,33,79,16,0,0,0,0,0,0,0,-32287,0,0,0,0,0,2835883,0
2756946,5724,-3418,1096,49,-578,238,6461,565,-86,2064,1912,19330,334,33,79,16,0,0,0,0,0,0,0,-32287,0,0,0,0,0,2835898,0
2756951,6204,-4076,1218,13,-516,351,6575,498,-137,2041,1736,19336,316,33,79,16,0,0,0,0,0,0,0,-32286,0,0,0,0,0,2835903,0
2756956,6484,-4770,1540,-77,-471,544,6670,408,-185,2016,1560,19336,316,33,79,16,0,0,0,0,0,0,0,-32286,0,0,0,0,0,2835918,0
2756961,6676,-4766,1460,-100,-459,586,6750,346,-227,1983,1392,19344,284,33,79,16,0,0,0,0,0,0,0,-32285,0,0,0,0,0,2835923,0
2756966,6920,-4980,1266,-46,-449,651,6817,299,-241,1971,1360,19344,284,33,79,16,0,0,0,0,0,0,0,-32286,0,0,0,0,0,2835938,0
2756971,6932,-4802,1116,-5,-459,666,6878,260,-219,1949,1160,19353,252,33,79,16,0,0,0,0,0,0,0,-32286,0,0,0,0,0,2835943,0
2756976,7130,-4764,538,-127,-447,760,6919,166,-207,1943,952,19353,252,33,79,16,0,0,0,0,0,0,0,-32286,0,0,0,0,0,2835958,0
2756981,7114,-4202,256,-190,-475,721,6942,97,-203,1877,856,19359,215,33,79,16,0,0,0,0,0,0,0,-32286,0,0,0,0,0,2835963,0
2756986,7278,-4220,-84,-227,-422,720,6954,40,-224,1858,688,19359,215,33,79,16,0,0,0,0,0,0,0,-32287,0,0,0,0,0,2835978,0
2756991,6986,-3958,-242,-299,-437,692,6954,0,-232,1819,640,19362,182,33,79,16,0,0,0,0,0,0,0,-32287,0,0,0,0,0,2835983,0
2756996,7176,-3588,-414,-251,-453,525,6952,-3,-197,1734,632,19362,182,33,79,16,0,0,0,0,0,0,0,-32286,0,0,0,0,0,2835998,0
2757001,6938,-3530,-418,-261,-499,456,6951,-7,-128,1689,632,19370,150,33,79,16,0,0,0,0,0,0,0,-32287,0,0,0,0,0,2836003,0
2757006,6954,-3488,-478,-258,-581,376,6952,6,-59,1656,600,19370,150,33,79,16,0,0,0,0,0,0,0,-32287,0,0,0,0,0,2836018,0
2757011,6914,-3486,-528,-253,-654,312,6952,0,-16,1619,584,19375,128,33,79,16,0,0,0,0,0,0,0,-32287,0,0,0,0,0,2836023,0
2757016,6734,-3622,-552,-320,-845,216,6952,2,5,1569,568,19375,128,33,79,16,0,0,0,0,0,0,0,-32287,0,0,0,0,0,2836038,0
2757021,6662,-3758,-452,-331,-937,189,6954,2,-1,1527,544,19378,116,33,79,16,0,0,0,0,0,0,0,-32287,0,0,0,0,0,2836043,0
2757026,6642,-3858,-312,-306,-1027,147,6953,-5,1,1481,536,19378,116,33,79,16,0,0,0,0,0,0,0,-32287,0,0,0,0,0,2836058,0
2757031,6738,-3982,-164,-259,-1091,126,6955,6,1,1436,504,19379,111,33,79,16,0,0,0,0,0,0,0,-32287,0,0,0,0,0,2836063,0
2757036,7012,-3810,216,-140,-1138,92,6956,10,-2,1389,504,19379,111,33,79,16,0,0,0,0,0,0,0,-32287,0,0,0,0,0,2836078,0
2757041,7102,-3584,458,-97,-1123,69,6958,7,2,1337,496,19380,103,33,79,16,0,0,0,0,0,0,0,-32287,0,0,0,0,0,2836082,0
2757046,7340,-3544,562,-55,-1068,59,6962,16,12,1292,464,19380,103,33,79,16,0,0,0,0,0,0,0,-32287,0,0,0,0,0,2836097,0
2757051,7442,-3394,690,-10,-1003,52,6966,15,11,1240,464,19379,100,33,79,16,0,0,0,0,0,0,0,-32287,0,0,0,0,0,2836102,0
2757056,7556,-3236,940,92,-857,33,6975,39,22,1183,496,19379,100,33,79,16,0,0,0,0,0,0,0,-32287,0,0,0,0,0,2836117,0
2757061,7714,-3094,954,206,-778,8,6990,71,38,1122,552,19382,101,33,79,16,0,0,0,0,0,0,0,-32287,0,0,0,0,0,2836122,0
2757066,7692,-3004,944,349,-720,-22,7014,120,70,1074,592,19382,101,33,79,16,0,0,0,0,0,0,0,-32287,0,0,0,0,0,2836137,0
2757071,7710,-3052,838,410,-649,16,7040,110,90,1045,552,19382,102,33,79,16,0,0,0,0,0,0,0,-32287,0,0,0,0,0,2836142,0
2757076,7696,-2528,778,404,-516,-4,7068,121,86,981,632,19382,102,33,79,16,0,0,0,0,0,0,0,-32287,0,0,0,0,0,2836157,0
2757081,7656,-2580,704,454,-426,26,7100,141,61,937,600,19382,92,33,79,16,0,0,0,0,0,0,0,-32286,0,0,0,0,0,2836162,0
2757086,7444,-2306,722,460,-398,-1,7136,160,49,891,640,19382,92,33,79,16,0,0,0,0,0,0,0,-32286,0,0,0,0,0,2836177,0
2757091,7686,-2354,502,534,-371,-1,7180,193,58,835,688,19381,88,33,79,16,0,0,0,0,0,0,0,-32286,0,0,0,0,0,2836182,0
2757096,7328,-2290,308,554,-352,15,7231,226,55,790,688,19381,88,33,79,16,0,0,0,0,0,0,0,-32286,0,0,0,0,0,2836197,0
2757101,7256,-2044,152,540,-355,12,7279,220,51,752,656,19382,89,33,79,16,0,0,0,0,0,0,0,-32286,0,0,0,0,0,2836202,0
2757106,7252,-2210,-12,505,-361,45,7330,216,54,699,624,19382,89,33,79,16,0,0,0,0,0,0,0,-32287,0,0,0,0,0,2836217,0
2757111,7042,-2196,-64,407,-378,93,7373,183,24,678,456,19382,91,33,79,16,0,0,0,0,0,0,0,-32286,0,0,0,0,0,2836222,0
2757116,6842,-2246,-150,182,-398,174,7405,147,-23,634,320,19382,91,33,79,16,0,0,0,0,0,0,0,-32286,0,0,0,0,0,2836237,0
2757121,6834,-2640,-212,102,-379,247,7427,93,-88,583,208,19382,86,33,79,16,0,0,0,0,0,0,0,-32286,0,0,0,0,0,2836242,0
2757126,6538,-2600,-74,-8,-393,300,7430,11,-141,53,-872,19382,86,33,79,16,0,0,0,0,0,0,0,-32286,0,0,0,0,0,2836257,0
2757131,6586,-3598,-386,-418,-255,678,7356,-361,-296,-1077,-1800,19382,86,33,79,16,0,0,0,0,0,0,0,-32287,0,0,0,0,0,2836262,0
2757136,6028,-3606,126,-1159,-59,999,7197,-733,-567,-1425,-2712,19382,86,33,79,16,0,0,0,0,0,0,0,-32287,0,0,0,0,0,2836277,0
2757141,6414,-3312,526,-789,18,943,6941,-1166,-918,-1664,-3688,19374,131,33,79,16,0,0,0,0,0,0,0,-32285,0,0,0,0,0,2836282,0
2757146,6882,-3190,1176,-188,46,804,6587,-1603,-1223,-1789,-4776,19374,131,33,79,16,0,0,0,0,0,0,0,-32287,0,0,0,0,0,2836297,0
2757151,7288,-3480,1270,423,-25,696,6123,-2082,-1444,-1898,-5992,19350,252,33,79,16,0,0,0,0,0,0,0,-32286,0,0,0,0,0,2836302,0
2757156,5832,-1718,1146,12,670,996,5549,-2573,-1537,-2004,-6992,19350,252,33,79,16,0,0,0,0,0,0,0,-32287,0,0,0,0,0,2836317,0
2757161,3648,-13212,-2656,-3980,457,3867,4866,-3058,-1634,-2195,-7800,19307,450,33,79,16,0,0,0,0,0,0,0,-32287,0,0,0,0,0,2836322,0
2757166,-2292,4630,1632,-7431,1137,2991,4127,-3272,-1573,-2405,-8192,19307,450,33,79,16,0,0,0,0,0,0,0,-32287,0,0,0,0,0,2836337,0
2757171,16322,-14314,2864,-7937,6146,5272,3371,-3321,-1344,-2479,-7968,19250,721,33,79,16,0,0,0,0,0,0,0,-32287,0,0,0,0,0,2836342,0
2757176,2000,-16722,6604,-3695,4691,4899,2655,-3109,-848,-2609,-7432,19250,721,33,79,16,0,0,0,0,0,0,0,-32287,0,0,0,0,0,2836356,0
2757181,4022,-15680,4498,173,4070,4868,2006,-2826,-204,-2600,-6672,19199,940,33,79,16,0,0,0,0,0,0,0,-32286,0,0,0,0,0,2836361,0
2757186,3828,-8432,3188,1691,3588,4566,1430,-2496,408,-2712,-6128,19199,940,33,79,16,0,0,0,0,0,0,0,-32284,0,0,0,0,0,2836376,0
2757191,7024,-3188,40,1351,3519,4263,928,-2181,823,-2805,-5384,19177,1034,33,79,16,0,0,0,0,0,0,0,-32287,0,0,0,0,0,2836381,0
2757196,8140,-398,-3000,-263,2472,3623,490,-1893,1031,-2876,-4736,19177,1034,33,79,16,0,0,0,0,0,0,0,-32286,0,0,0,0,0,2836396,0
2757201,9352,-1554,-3522,-62,1458,3189,114,-1629,1059,-2969,-4288,19184,983,33,79,16,0,0,0,0,0,0,0,-32286,0,0,0,0,0,2836401,0
2757206,10270,-1790,-3534,424,723,2726,-200,-1354,1021,-3060,-3656,19184,983,33,79,16,0,0,0,0,0,0,0,-32286,0,0,0,0,0,2836416,0
2757211,10376,-704,-3124,695,203,2322,-448,-1058,986,-3165,-3016,19214,855,33,79,16,0,0,0,0,0,0,0,-32288,0,0,0,0,0,2836421,0
2757216,10594,778,-1700,525,-291,1538,-626,-743,979,-3242,-2392,19214,855,33,79,16,0,0,0,0,0,0,0,-32286,0,0,0,0,0,2836436,0
2757221,10370,270,-1620,550,-433,1201,-740,-478,1001,-3266,-1856,19247,716,33,79,16,0,0,0,0,0,0,0,-32285,0,0,0,0,0,2836441,0
2757226,10034,254,-1352,857,-886,816,-793,-215,1008,-3397,-1368,19247,716,33,79,16,0,0,0,0,0,0,0,-32285,0,0,0,0,0,2836456,0
2757231,10482,658,-1486,1093,-1122,475,-791,26,983,-3515,-1056,19282,556,33,79,16,0,0,0,0,0,0,0,-32285,0,0,0,0,0,2836461,0
2757236,9834,828,-894,433,-1143,277,-770,96,872,-3541,-1064,19282,556,33,79,16,0,0,0,0,0,0,0,-32285,0,0,0,0,0,2836476,0
2757241,9430,414,98,-9,-1129,198,-751,81,649,-3519,-1128,19312,409,33,79,16,0,0,0,0,0,0,0,-32285,0,0,0,0,0,2836484,0
2757246,10144,-1282,534,-148,-807,124,-733,80,384,-3578,-1168,19312,409,33,79,16,0,0,0,0,0,0,0,-32285,0,0,0,0,0,2836499,0
2757251,9522,-3060,1248,21,-498,136,-714,80,158,-3617,-1240,19334,307,33,79,16,0,0,0,0,0,0,0,-32284,0,0,0,0,0,2836504,0
2757256,8648,-4836,2304,334,-71,301,-703,42,5,-3624,-1344,19334,307,33,79,16,0,0,0,0,0,0,0,-32285,0,0,0,0,0,2836519,0
2757261,8304,-4810,2776,368,159,402,-705,-7,-58,-3651,-1392,19341,268,33,79,16,0,0,0,0,0,0,0,-32285,0,0,0,0,0,2836524,0
2757266,8316,-4880,2810,459,362,467,-705,-3,-79,-3700,-1384,19341,268,33,79,16,0,0,0,0,0,0,0,-32285,0,0,0,0,0,2836539,0
2757271,8044,-4964,2784,575,527,570,-704,-1,-80,-3705,-1392,19344,291,33,79,16,0,0,0,0,0,0,0,-32285,0,0,0,0,0,2836544,0
2757276,7918,-4448,2214,723,798,663,-704,-2,-51,-3701,-1392,19344,291,33,79,16,0,0,0,0,0,0,0,-32285,0,0,0,0,0,2836559,0
2757281,7738,-4154,1938,719,957,676,-704,0,-12,-3699,-1400,19339,313,33,79,16,0,0,0,0,0,0,0,-32285,0,0,0,0,0,2836564,0
2757286,7674,-4014,1676,710,1112,696,-703,5,4,-3687,-1384,19339,313,33,79,16,0,0,0,0,0,0,0,-32285,0,0,0,0,0,2836578,0
2757291,7384,-3910,1490,709,1200,713,-702,9,3,-3673,-1384,19336,336,33,79,16,0,0,0,0,0,0,0,-32284,0,0,0,0,0,2836583,0
2757296,7218,-3838,896,776,1272,717,-701,1,2,-3664,-1352,19336,336,33,79,16,0,0,0,0,0,0,0,-32285,0,0,0,0,0,2836598,0
2757301,7010,-3672,734,793,1245,706,-697,16,10,-3653,-1320,19335,330,33,79,16,0,0,0,0,0,0,0,-32285,0,0,0,0,0,2836603,0
2757306,7062,-3566,498,815,1191,687,-690,33,19,-3629,-1232,19335,330,33,79,16,0,0,0,0,0,0,0,-32285,0,0,0,0,0,2836618,0
2757311,7100,-3434,286,857,1098,653,-672,86,42,-3632,-1040,19335,324,33,79,16,0,0,0,0,0,0,0,-32285,0,0,0,0,0,2836623,0
2757316,7414,-3144,-248,1037,769,510,-632,183,97,-3620,-848,19335,324,33,79,16,0,0,0,0,0,0,0,-32285,0,0,0,0,0,2836638,0
2757321,7256,-2636,-362,1052,519,393,-576,258,175,-3547,-640,19340,300,33,79,16,0,0,0,0,0,0,0,-32286,0,0,0,0,0,2836643,0
2757326,7650,-2656,-756,1034,346,309,-504,330,240,-3530,-424,19340,300,33,79,16,0,0,0,0,0,0,0,-32287,0,0,0,0,0,2836658,0
2757331,7626,-2370,-878,1042,102,182,-406,436,278,-3471,-208,19350,257,33,79,16,0,0,0,0,0,0,0,-32288,0,0,0,0,0,2836663,0
2757336,7750,-2392,-910,1059,-358,-59,-286,537,304,-3351,-56,19350,257,33,79,16,0,0,0,0,0,0,0,-32288,0,0,0,0,0,2836678,0
2757341,7816,-2426,-976,1149,-600,-196,-140,657,336,-3233,-48,19364,183,33,79,16,0,0,0,0,0,0,0,-32287,0,0,0,0,0,2836683,0
2757346,7682,-2384,-928,1247,-854,-340,35,783,362,-3192,40,19364,183,33,79,16,0,0,0,0,0,0,0,-32285,0,0,0,0,0,2836698,0
2757351,7766,-2308,-1040,1327,-1096,-479,234,893,392,-3145,112,19382,102,33,79,16,0,0,0,0,0,0,0,-32285,0,0,0,0,0,2836703,0
2757356,7984,-2108,-830,1366,-1540,-699,457,993,403,-3095,224,19382,102,33,79,16,0,0,0,0,0,0,0,-32288,0,0,0,0,0,2836718,0
2757361,8002,-2230,-714,1367,-1742,-765,699,1072,389,-3055,264,19399,17,33,79,16,0,0,0,0,0,0,0,-32286,0,0,0,0,0,2836723,0
2757366,7934,-2208,-392,1285,-1862,-821,947,1092,328,-3019,312,19399,17,33,79,16,0,0,0,0,0,0,0,-32285,0,0,0,0,0,2836738,0
2757371,8202,-2100,-80,1309,-1944,-890,1195,1095,244,-2965,328,19412,-45,33,79,16,0,0,0,0,0,0,0,-32288,0,0,0,0,0,2836743,0
2757376,8454,-1992,752,1294,-1957,-981,1444,1097,137,-2910,376,19412,-45,33,79,16,0,0,0,0,0,0,0,-32287,0,0,0,0,0,2836758,0
2757381,8718,-2142,994,1292,-1874,-1014,1691,1085,58,-2846,416,19419,-91,33,79,16,0,0,0,0,0,0,0,-32285,0,0,0,0,0,2836763,0
2757386,8768,-2076,1294,1316,-1823,-1077,1938,1080,9,-2771,424,19419,-91,33,79,16,0,0,0,0,0,0,0,-32287,0,0,0,0,0,2836778,0
2757391,9074,-2422,1372,1295,-1686,-1081,2180,1066,-12,-2679,400,19423,-108,33,79,16,0,0,0,0,0,0,0,-32287,0,0,0,0,0,2836783,0
2757396,9664,-3038,1670,1278,-1381,-1144,2412,1015,-39,-2598,328,19423,-108,33,79,16,0,0,0,0,0,0,0,-32285,0,0,0,0,0,2836798,0
2757401,9526,-3316,1856,1281,-1233,-1170,2636,982,-72,-2535,280,19422,-107,33,79,16,0,0,0,0,0,0,0,-32287,0,0,0,0,0,2836803,0
2757406,9796,-3572,1860,1297,-1097,-1209,2856,960,-98,-2464,224,19422,-107,33,79,16,0,0,0,0,0,0,0,-32288,0,0,0,0,0,2836818,0
2757411,9972,-3924,1810,1318,-978,-1206,3068,935,-103,-2382,240,19422,-103,33,79,16,0,0,0,0,0,0,0,-32286,0,0,0,0,0,2836823,0
2757416,9998,-4500,1282,1259,-856,-1219,3273,906,-107,-2303,192,19422,-103,33,79,16,0,0,0,0,0,0,0,-32285,0,0,0,0,0,2836837,0
2757421,9654,-4606,1068,1186,-786,-1165,3468,848,-103,-2229,136,19420,-90,33,79,16,0,0,0,0,0,0,0,-32287,0,0,0,0,0,2836842,0
2757426,9246,-4378,1076,1080,-806,-1143,3648,788,-125,-2158,88,19420,-90,33,79,16,0,0,0,0,0,0,0,-32288,0,0,0,0,0,2836857,0
2757431,9264,-4534,792,1047,-778,-1104,3821,745,-151,-2079,56,19416,-65,33,79,16,0,0,0,0,0,0,0,-32286,0,0,0,0,0,2836862,0
2757436,8664,-4352,356,980,-868,-1031,3981,698,-169,-1993,72,19416,-65,33,79,16,0,0,0,0,0,0,0,-32286,0,0,0,0,0,2836877,0
2757441,8542,-4142,138,1039,-930,-1001,4137,685,-160,-1901,64,19411,-32,33,79,16,0,0,0,0,0,0,0,-32286,0,0,0,0,0,2836882,0
2757446,8232,-3886,160,1058,-1041,-937,4284,642,-141,-1810,32,19411,-32,33,79,16,0,0,0,0,0,0,0,-32287,0,0,0,0,0,2836897,0
2757451,8104,-3358,182,1026,-1169,-907,4423,609,-127,-1729,16,19408,-5,33,79,16,0,0,0,0,0,0,0,-32287,0,0,0,0,0,2836902,0
2757456,8390,-2524,338,857,-1248,-901,4552,561,-123,-1657,8,19408,-5,33,79,16,0,0,0,0,0,0,0,-32286,0,0,0,0,0,2836917,0
2757461,8216,-2362,630,728,-1263,-911,4669,513,-132,-1587,-40,19404,16,33,79,16,0,0,0,0,0,0,0,-32286,0,0,0,0,0,2836922,0
2757466,8396,-2202,848,580,-1206,-959,4771,443,-161,-1498,-48,19404,16,33,79,16,0,0,0,0,0,0,0,-32286,0,0,0,0,0,2836937,0
2757471,8666,-2406,1178,450,-1098,-995,4858,375,-186,-1418,-40,19400,28,33,79,16,0,0,0,0,0,0,0,-32286,0,0,0,0,0,2836942,0
2757476,9062,-3270,1850,321,-861,-1123,4935,333,-203,-1323,-56,19400,28,33,79,16,0,0,0,0,0,0,0,-32287,0,0,0,0,0,2836957,0
2757481,9190,-3938,1962,376,-810,-1221,5004,299,-196,-1239,-64,19397,40,33,79,16,0,0,0,0,0,0,0,-32286,0,0,0,0,0,2836962,0
2757486,9532,-4654,1882,494,-699,-1267,5065,267,-170,-1153,-64,19397,40,33,79,16,0,0,0,0,0,0,0,-32287,0,0,0,0,0,2836977,0
2757491,9496,-5208,1918,562,-608,-1299,5109,181,-151,-1079,-128,19392,47,33,79,16,0,0,0,0,0,0,0,-32287,0,0,0,0,0,2836982,0
2757496,9406,-5924,1790,472,-400,-1368,5138,117,-169,-997,-184,19392,47,33,79,16,0,0,0,0,0,0,0,-32287,0,0,0,0,0,2836997,0
2757501,8982,-6416,1712,364,-246,-1350,5146,22,-212,-887,-288,19389,47,33,79,16,0,0,0,0,0,0,0,-32287,0,0,0,0,0,2837002,0
2757506,8354,-6770,1592,313,-183,-1379,5139,-37,-246,-809,-344,19389,47,33,79,16,0,0,0,0,0,0,0,-32287,0,0,0,0,0,2837017,0
2757511,8086,-7206,1512,389,-150,-1416,5125,-57,-253,-761,-320,19383,59,33,79,16,0,0,0,0,0,0,0,-32286,0,0,0,0,0,2837022,0
2757516,7002,-7754,1124,717,-289,-1466,5111,-59,-196,-709,-272,19383,59,33,79,16,0,0,0,0,0,0,0,-32287,0,0,0,0,0,2837036,0
2757521,6452,-7784,880,859,-394,-1440,5096,-68,-122,-632,-272,19383,66,33,79,16,0,0,0,0,0,0,0,-32287,0,0,0,0,0,2837041,0
2757526,5720,-7784,734,840,-502,-1358,5069,-129,-69,-529,-352,19383,66,33,79,16,0,0,0,0,0,0,0,-32287,0,0,0,0,0,2837056,0
2757531,5144,-7594,558,671,-548,-1273,5032,-170,-79,-468,-368,19386,80,33,79,16,0,0,0,0,0,0,0,-32287,0,0,0,0,0,2837061,0
2757536,3780,-7490,618,12,-440,-927,4992,-181,-106,-420,-360,19386,80,33,79,16,0,0,0,0,0,0,0,-32286,0,0,0,0,0,2837076,0
2757541,3246,-8246,594,-55,-509,-790,4954,-163,-100,-370,-264,19396,86,33,79,16,0,0,0,0,0,0,0,-32286,0,0,0,0,0,2837081,0
2757546,2702,-8994,466,363,-850,-741,4913,-185,-67,-296,-248,19396,86,33,79,16,0,0,0,0,0,0,0,-32287,0,0,0,0,0,2837096,0
2757551,3250,-9294,740,1095,-910,-681,4875,-172,-21,-239,-208,19401,86,33,79,16,0,0,0,0,0,0,0,-32286,0,0,0,0,0,2837101,0
2757556,2876,-7664,1298,1556,-898,-465,4833,-181,-10,-184,-152,19401,86,33,79,16,0,0,0,0,0,0,0,-32286,0,0,0,0,0,2837115,0
2757561,3110,-7342,986,1283,-806,-252,4789,-195,-7,-132,-152,19396,81,33,79,16,0,0,0,0,0,0,0,-32286,0,0,0,0,0,2837120,0
2757566,3090,-6700,900,1106,-772,-121,4743,-205,-25,-73,-152,19396,81,33,79,16,0,0,0,0,0,0,0,-32286,0,0,0,0,0,2837135,0
2757571,3888,-6900,758,983,-697,49,4694,-205,-29,-32,-104,19391,75,33,79,16,0,0,0,0,0,0,0,-32286,0,0,0,0,0,2837140,0
2757576,4378,-6394,1222,1028,-557,258,4648,-205,-25,8,-72,19391,75,33,79,16,0,0,0,0,0,0,0,-32286,0,0,0,0,0,2837156,0
2757581,5036,-6386,1164,1228,-593,348,4600,-207,-19,56,-72,19390,79,33,79,16,0,0,0,0,0,0,0,-32286,0,0,0,0,0,2837160,0
2757586,6930,-3794,2094,2477,-1131,-352,4547,-240,-13,111,-112,19390,79,33,79,16,0,0,0,0,0,0,0,-32286,0,0,0,0,0,2837175,0
2757591,8940,-5060,1512,4193,-1403,-706,4471,-341,-59,158,-224,19391,74,33,79,16,0,0,0,0,0,0,0,-32286,0,0,0,0,0,2837180,0
2757596,8770,1420,1086,2832,-1757,-560,4371,-456,-147,180,-360,19391,74,33,79,16,0,0,0,0,0,0,0,-32286,0,0,0,0,0,2837195,0
2757601,10810,564,44,1270,-1230,-361,4240,-608,-269,242,-752,19392,69,33,79,16,0,0,0,0,0,0,0,-32286,0,0,0,0,0,2837200,0
2757606,10124,-362,152,206,-1121,-202,4066,-782,-396,273,-1024,19392,69,33,79,16,0,0,0,0,0,0,0,-32286,0,0,0,0,0,2837215,0
2757611,9672,-1472,878,-38,-1042,-212,3854,-940,-493,303,-1320,19393,54,33,79,16,0,0,0,0,0,0,0,-32287,0,0,0,0,0,2837220,0
2757616,10514,-1474,1210,285,-1063,-217,3607,-1106,-553,367,-1592,19393,54,33,79,16,0,0,0,0,0,0,0,-32287,0,0,0,0,0,2837235,0
2757621,10596,-678,1814,-165,-644,-147,3333,-1215,-559,401,-1792,19395,50,33,79,16,0,0,0,0,0,0,0,-32286,0,0,0,0,0,2837239,0
2757626,10510,-710,2470,-772,-150,-54,3036,-1313,-503,447,-1936,19395,50,33,79,16,0,0,0,0,0,0,0,-32287,0,0,0,0,0,2837254,0
2757631,10100,-1334,2804,-1077,129,-1,2728,-1367,-420,493,-1968,19398,31,33,79,16,0,0,0,0,0,0,0,-32286,0,0,0,0,0,2837259,0
2757636,9782,-2196,3306,-885,432,28,2417,-1370,-312,533,-1944,19398,31,33,79,16,0,0,0,0,0,0,0,-32286,0,0,0,0,0,2837274,0
2757641,9850,-2104,3238,-805,608,32,2109,-1353,-189,591,-1816,19400,6,33,79,16,0,0,0,0,0,0,0,-32286,0,0,0,0,0,2837279,0
2757646,9792,-1768,3268,-831,829,16,1809,-1312,-67,639,-1688,19400,6,33,79,16,0,0,0,0,0,0,0,-32286,0,0,0,0,0,2837294,0
2757651,9592,-1786,3110,-939,1041,5,1525,-1243,39,677,-1512,19400,-2,33,79,16,0,0,0,0,0,0,0,-32287,0,0,0,0,0,2837299,0
2757656,9154,-2136,2608,-884,1266,-171,1260,-1162,134,714,-1240,19400,-2,33,79,16,0,0,0,0,0,0,0,-32286,0,0,0,0,0,2837317,0
2757661,8924,-2278,2124,-715,1257,-271,1017,-1056,218,756,-976,19401,1,33,79,16,0,0,0,0,0,0,0,-32286,0,0,0,0,0,2837321,0
2757666,8568,-2350,1660,-606,1233,-371,799,-945,281,804,-664,19401,1,33,79,16,0,0,0,0,0,0,0,-32287,0,0,0,0,0,2837333,0
2757671,8314,-2198,1240,-532,1158,-496,611,-823,340,864,-424,19401,8,33,79,16,0,0,0,0,0,0,0,-32286,0,0,0,0,0,2837338,0
2757676,7704,-2280,368,-465,972,-662,446,-708,376,903,-144,19401,8,33,79,16,0,0,0,0,0,0,0,-32286,0,0,0,0,0,2837357,0
2757681,7624,-2466,54,-378,837,-756,309,-586,404,1001,-32,19402,14,33,79,16,0,0,0,0,0,0,0,-32286,0,0,0,0,0,2837362,0
2757686,7304,-2642,-104,-315,709,-831,204,-457,410,1087,64,19402,14,33,79,16,0,0,0,0,0,0,0,-32286,0,0,0,0,0,2837372,0
2757691,7172,-2762,-472,-254,568,-914,126,-322,425,1131,96,19401,18,33,79,16,0,0,0,0,0,0,0,-32287,0,0,0,0,0,2837377,0
2757696,6714,-3280,-698,-125,206,-965,74,-216,438,1157,128,19401,18,33,79,16,0,0,0,0,0,0,0,-32287,0,0,0,0,0,2837392,0
2757701,6114,-3082,-650,-98,-18,-1048,43,-130,413,1162,232,19398,26,33,79,16,0,0,0,0,0,0,0,-32287,0,0,0,0,0,2837397,0
2757706,6676,-3566,-730,26,-251,-1047,27,-62,377,1179,288,19398,26,33,79,16,0,0,0,0,0,0,0,-32287,0,0,0,0,0,2837412,0
2757711,6328,-3414,-524,6,-330,-1014,20,-35,313,1219,328,19391,55,33,79,16,0,0,0,0,0,0,0,-32287,0,0,0,0,0,2837417,0
2757716,6736,-3520,-48,-130,-371,-976,15,-20,217,1264,360,19391,55,33,79,16,0,0,0,0,0,0,0,-32286,0,0,0,0,0,2837432,0
2757721,6476,-3438,544,-110,-368,-974,11,-17,138,1305,416,19387,73,33,79,16,0,0,0,0,0,0,0,-32287,0,0,0,0,0,2837437,0
2757726,6992,-3612,834,-54,-325,-972,8,-16,73,1351,416,19387,73,33,79,16,0,0,0,0,0,0,0,-32287,0,0,0,0,0,2837452,0
2757731,6938,-3326,1150,-31,-226,-965,4,-19,25,1403,416,19384,88,33,79,16,0,0,0,0,0,0,0,-32287,0,0,0,0,0,2837461,0
2757736,7166,-3382,1204,-78,-13,-936,-1,-22,5,1438,416,19384,88,33,79,16,0,0,0,0,0,0,0,-32287,0,0,0,0,0,2837471,0
2757741,7130,-3248,1136,-70,79,-914,-10,-35,-11,1470,416,19383,89,33,79,16,0,0,0,0,0,0,0,-32287,0,0,0,0,0,2837476,0
2757746,6922,-3178,1194,-99,100,-907,-21,-48,-21,1522,408,19383,89,33,79,16,0,0,0,0,0,0,0,-32287,0,0,0,0,0,2837491,0
2757751,6918,-3370,1122,-138,123,-849,-39,-88,-38,1581,296,19382,89,33,79,16,0,0,0,0,0,0,0,-32287,0,0,0,0,0,2837496,0
2757756,6494,-3196,986,-371,277,-741,-74,-154,-79,1644,208,19382,89,33,79,16,0,0,0,0,0,0,0,-32287,0,0,0,0,0,2837511,0
2757761,6466,-3612,1022,-384,301,-636,-117,-192,-125,1654,144,19384,87,33,79,16,0,0,0,0,0,0,0,-32287,0,0,0,0,0,2837516,0
2757766,5952,-3352,1108,-453,379,-562,-172,-240,-164,1678,136,19384,87,33,79,16,0,0,0,0,0,0,0,-32286,0,0,0,0,0,2837531,0
2757771,5862,-3614,1022,-497,374,-477,-236,-284,-165,1700,96,19386,80,33,79,16,0,0,0,0,0,0,0,-32286,0,0,0,0,0,2837536,0
2757776,5398,-3342,1000,-533,420,-330,-308,-319,-162,1731,88,19386,80,33,79,16,0,0,0,0,0,0,0,-32286,0,0,0,0,0,2837551,0
2757781,5388,-3480,890,-537,435,-238,-389,-359,-146,1774,56,19388,75,33,79,16,0,0,0,0,0,0,0,-32286,0,0,0,0,0,2837556,0
2757786,5198,-3296,882,-621,464,-147,-481,-411,-145,1797,32,19388,75,33,79,16,0,0,0,0,0,0,0,-32286,0,0,0,0,0,2837571,0
2757791,5272,-3218,870,-603,453,-102,-577,-425,-133,1832,40,19389,71,33,79,16,0,0,0,0,0,0,0,-32286,0,0,0,0,0,2837576,0
2757796,5420,-2946,808,-472,414,-38,-667,-399,-104,1877,80,19389,71,33,79,16,0,0,0,0,0,0,0,-32287,0,0,0,0,0,2837591,0
2757801,5530,-2762,744,-465,417,3,-756,-390,-52,1919,64,19389,59,33,79,16,0,0,0,0,0,0,0,-32287,0,0,0,0,0,2837604,0
2757806,5658,-2670,722,-488,408,54,-846,-397,-2,1948,64,19389,59,33,79,16,0,0,0,0,0,0,0,-32288,0,0,0,0,0,2837611,0
2757811,5672,-2498,696,-564,440,99,-937,-397,12,1957,88,19391,61,33,79,16,0,0,0,0,0,0,0,-32286,0,0,0,0,0,2837624,0
2757816,6062,-2390,734,-434,441,96,-1015,-332,29,1985,168,19391,61,33,79,16,0,0,0,0,0,0,0,-32286,0,0,0,0,0,2837630,0
2757821,6186,-2352,766,-324,387,80,-1078,-264,65,2026,288,19391,56,33,79,16,0,0,0,0,0,0,0,-32286,0,0,0,0,0,2837635,0
2757826,6388,-2226,674,-280,371,105,-1129,-223,126,2044,320,19391,56,33,79,16,0,0,0,0,0,0,0,-32285,0,0,0,0,0,2837650,0
2757831,6460,-1898,578,-308,371,98,-1174,-195,177,2083,312,19390,71,33,79,16,0,0,0,0,0,0,0,-32285,0,0,0,0,0,2837655,0
2757836,6622,-1918,464,-432,410,154,-1212,-165,170,2079,440,19390,71,33,79,16,0,0,0,0,0,0,0,-32286,0,0,0,0,0,2837674,0
2757841,6666,-2078,396,-464,454,209,-1243,-141,133,2082,520,19387,83,33,79,16,0,0,0,0,0,0,0,-32286,0,0,0,0,0,2837679,0
2757846,6676,-1812,526,-438,398,195,-1262,-73,115,2102,688,19387,83,33,79,16,0,0,0,0,0,0,0,-32286,0,0,0,0,0,2837689,0
2757851,6918,-1974,434,-391,418,220,-1268,-23,131,2118,768,19383,105,33,79,16,0,0,0,0,0,0,0,-32286,0,0,0,0,0,2837694,0
2757856,6860,-1866,372,-500,433,291,-1267,9,154,2163,800,19383,105,33,79,16,0,0,0,0,0,0,0,-32286,0,0,0,0,0,2837709,0
2757861,6676,-1778,382,-615,464,350,-1265,14,145,2199,808,19377,126,33,79,16,0,0,0,0,0,0,0,-32286,0,0,0,0,0,2837714,0
2757866,6646,-1758,324,-704,483,395,-1265,7,101,2220,816,19377,126,33,79,16,0,0,0,0,0,0,0,-32286,0,0,0,0,0,2837729,0
2757871,6546,-1832,344,-760,524,436,-1264,8,46,2228,840,19372,144,33,79,16,0,0,0,0,0,0,0,-32286,0,0,0,0,0,2837734,0
2757876,6338,-1874,398,-836,615,504,-1258,23,15,2236,880,19372,144,33,79,16,0,0,0,0,0,0,0,-32286,0,0,0,0,0,2837749,0
2757881,6186,-1828,410,-871,619,528,-1251,42,17,2246,920,19370,160,33,79,16,0,0,0,0,0,0,0,-32285,0,0,0,0,0,2837754,0
2757886,6226,-1812,412,-871,628,545,-1241,54,35,2253,960,19370,160,33,79,16,0,0,0,0,0,0,0,-32286,0,0,0,0,0,2837768,0
2757891,6158,-1724,440,-911,631,557,-1228,53,40,2279,952,19370,158,33,79,16,0,0,0,0,0,0,0,-32285,0,0,0,0,0,2837778,0
2757896,6116,-1796,518,-1053,695,631,-1218,44,29,2307,920,19370,158,33,79,16,0,0,0,0,0,0,0,-32286,0,0,0,0,0,2837788,0
2757901,6118,-1866,598,-1084,703,643,-1207,50,14,2304,944,19370,168,33,79,16,0,0,0,0,0,0,0,-32285,0,0,0,0,0,2837793,0
2757906,6124,-1784,764,-1051,711,641,-1191,82,7,2286,1032,19370,168,33,79,16,0,0,0,0,0,0,0,-32285,0,0,0,0,0,2837808,0
2757911,6306,-1704,898,-985,713,605,-1161,140,42,2273,1136,19368,177,33,79,16,0,0,0,0,0,0,0,-32285,0,0,0,0,0,2837813,0
2757916,6128,-1584,928,-969,728,580,-1120,176,91,2269,1312,19368,177,33,79,16,0,0,0,0,0,0,0,-32285,0,0,0,0,0,2837828,0
2757921,6426,-1694,836,-847,665,526,-1064,258,154,2252,1504,19364,190,33,79,16,0,0,0,0,0,0,0,-32285,0,0,0,0,0,2837833,0
2757926,6418,-1250,916,-678,596,434,-976,385,214,2271,1856,19364,190,33,79,16,0,0,0,0,0,0,0,-32285,0,0,0,0,0,2837847,0
2757931,6636,-1196,778,-545,509,336,-863,517,283,2277,2168,19358,210,33,79,16,0,0,0,0,0,0,0,-32287,0,0,0,0,0,2837852,0
2757936,6954,-796,718,-369,356,151,-726,616,355,2333,2336,19358,210,33,79,16,0,0,0,0,0,0,0,-32287,0,0,0,0,0,2837867,0
2757941,7032,-654,794,-357,298,73,-567,702,384,2310,2504,19349,255,33,79,16,0,0,0,0,0,0,0,-32287,0,0,0,0,0,2837872,0
2757946,7366,-714,788,-291,230,-17,-385,801,375,2296,2552,19349,255,33,79,16,0,0,0,0,0,0,0,-32286,0,0,0,0,0,2837887,0
2757951,7310,-792,834,-278,203,-84,-190,863,341,2295,2752,19338,305,33,79,16,0,0,0,0,0,0,0,-32285,0,0,0,0,0,2837892,0
2757956,7656,-828,916,-261,178,-223,12,905,285,2269,2712,19338,305,33,79,16,0,0,0,0,0,0,0,-32287,0,0,0,0,0,2837907,0
2757961,7678,-684,1016,-288,176,-263,221,920,218,2252,2800,19330,358,33,79,16,0,0,0,0,0,0,0,-32287,0,0,0,0,0,2837912,0
2757966,7798,-660,1180,-368,205,-328,428,910,146,2250,2720,19330,358,33,79,16,0,0,0,0,0,0,0,-32286,0,0,0,0,0,2837930,0
2757971,7948,-936,1152,-446,256,-360,632,890,71,2197,2680,19324,381,33,79,16,0,0,0,0,0,0,0,-32286,0,0,0,0,0,2837935,0
2757976,7802,-1558,1216,-553,283,-400,825,838,-7,2209,2520,19324,381,33,79,16,0,0,0,0,0,0,0,-32287,0,0,0,0,0,2837946,0
2757981,7998,-1806,1124,-547,258,-429,1006,795,-74,2157,2456,19322,379,33,79,16,0,0,0,0,0,0,0,-32287,0,0,0,0,0,2837951,0
2757986,7944,-1880,1074,-607,262,-426,1169,713,-138,2151,2176,19322,379,33,79,16,0,0,0,0,0,0,0,-32286,0,0,0,0,0,2837966,0
2757991,7896,-1990,974,-727,280,-432,1284,632,-198,2106,1992,19326,371,33,79,16,0,0,0,0,0,0,0,-32286,0,0,0,0,0,2837980,0
2757996,7792,-2704,864,-908,274,-441,1410,546,-254,2063,1784,19326,371,33,79,16,0,0,0,0,0,0,0,-32286,0,0,0,0,0,2837986,0
2758001,7696,-3128,882,-968,248,-393,1512,436,-299,2029,1536,19333,332,33,79,16,0,0,0,0,0,0,0,-32287,0,0,0,0,0,2837990,0
2758006,7574,-3356,1024,-1035,199,-391,1591,335,-334,2021,1288,19333,332,33,79,16,0,0,0,0,0,0,0,-32287,0,0,0,0,0,2838005,0
2758011,7654,-3940,934,-1067,179,-319,1645,227,-353,1993,1080,19344,281,33,79,16,0,0,0,0,0,0,0,-32287,0,0,0,0,0,2838010,0
2758016,7566,-4102,1154,-996,22,-313,1676,128,-358,1978,912,19344,281,33,79,16,0,0,0,0,0,0,0,-32287,0,0,0,0,0,2838025,0
2758021,7782,-4320,1194,-831,-82,-305,1697,89,-335,1937,784,19353,223,33,79,16,0,0,0,0,0,0,0,-32287,0,0,0,0,0,2838030,0
2758026,7792,-4276,1204,-753,-158,-281,1704,25,-284,1927,608,19353,223,33,79,16,0,0,0,0,0,0,0,-32287,0,0,0,0,0,2838045,0
2758031,7864,-4064,1178,-710,-255,-302,1699,-25,-233,1863,568,19362,186,33,79,16,0,0,0,0,0,0,0,-32287,0,0,0,0,0,2838050,0
2758036,8436,-3712,1328,-360,-408,-383,1694,-19,-169,1785,592,19362,186,33,79,16,0,0,0,0,0,0,0,-32287,0,0,0,0,0,2838064,0
2758041,8694,-3490,1466,-195,-479,-438,1692,-5,-105,1740,584,19370,147,33,79,16,0,0,0,0,0,0,0,-32287,0,0,0,0,0,2838069,0
2758046,8956,-3130,1476,-77,-498,-466,1692,-6,-39,1703,544,19370,147,33,79,16,0,0,0,0,0,0,0,-32287,0,0,0,0,0,2838084,0
2758051,9140,-2706,1466,-39,-472,-501,1689,-11,3,1666,512,19374,124,33,79,16,0,0,0,0,0,0,0,-32286,0,0,0,0,0,2838089,0
2758056,9398,-1984,1442,-46,-324,-535,1683,-26,3,1623,464,19374,124,33,79,16,0,0,0,0,0,0,0,-32286,0,0,0,0,0,2838104,0
2758061,9454,-1662,1314,-50,-255,-534,1673,-44,-22,1578,416,19379,114,33,79,16,0,0,0,0,0,0,0,-32287,0,0,0,0,0,2838109,0
2758066,9406,-1472,1144,-160,-160,-487,1660,-65,-39,1533,320,19379,114,33,79,16,0,0,0,0,0,0,0,-32287,0,0,0,0,0,2838124,0
2758071,9038,-1372,980,-412,-40,-375,1632,-126,-74,1509,208,19380,112,33,79,16,0,0,0,0,0,0,0,-32287,0,0,0,0,0,2838129,0
2758076,9228,-1722,1044,-640,14,-229,1598,-165,-101,1439,136,19380,112,33,79,16,0,0,0,0,0,0,0,-32287,0,0,0,0,0,2838144,0
2758081,9566,-2058,1318,-806,184,-100,1550,-214,-139,1369,80,19381,100,33,79,16,0,0,0,0,0,0,0,-32287,0,0,0,0,0,2838149,0
2758086,9966,-2222,1696,-965,270,6,1494,-253,-159,1296,80,19381,100,33,79,16,0,0,0,0,0,0,0,-32287,0,0,0,0,0,2838164,0
2758091,10612,-2600,1806,-1131,430,111,1433,-271,-146,1251,56,19384,86,33,79,16,0,0,0,0,0,0,0,-32286,0,0,0,0,0,2838168,0
2758096,12180,-3616,1982,-1334,463,279,1369,-276,-86,1186,72,19384,86,33,79,16,0,0,0,0,0,0,0,-32286,0,0,0,0,0,2838183,0
2758101,13064,-4304,1916,-1433,562,419,1318,-219,-24,1162,88,19389,82,33,79,16,0,0,0,0,0,0,0,-32286,0,0,0,0,0,2838188,0
2758106,13448,-4502,1914,-1557,574,521,1280,-164,43,1107,152,19389,82,33,79,16,0,0,0,0,0,0,0,-32286,0,0,0,0,0,2838203,0
2758111,14156,-5138,1660,-1476,519,581,1258,-90,106,1049,208,19391,82,33,79,16,0,0,0,0,0,0,0,-32286,0,0,0,0,0,2838208,0
2758116,14222,-4836,1626,-1353,502,611,1245,-50,160,971,288,19391,82,33,79,16,0,0,0,0,0,0,0,-32286,0,0,0,0,0,2838223,0
2758121,14076,-4924,1396,-1339,634,625,1248,13,198,920,328,19390,88,33,79,16,0,0,0,0,0,0,0,-32285,0,0,0,0,0,2838236,0
2758126,13136,-4570,1644,-1475,801,633,1254,30,184,893,312,19390,88,33,79,16,0,0,0,0,0,0,0,-32286,0,0,0,0,0,2838242,0
2758131,12272,-4658,1590,-1594,923,596,1257,17,146,852,248,19385,83,33,79,16,0,0,0,0,0,0,0,-32286,0,0,0,0,0,2838247,0
2758136,10448,-5472,1560,-1560,1097,504,1260,14,80,796,248,19385,83,33,79,16,0,0,0,0,0,0,0,-32286,0,0,0,0,0,2838262,0
2758141,9386,-6072,1892,-1492,1145,464,1263,13,21,733,232,19385,79,33,79,16,0,0,0,0,0,0,0,-32286,0,0,0,0,0,2838267,0
2758146,8648,-7036,2144,-1223,1115,390,1272,33,7,674,256,19385,79,33,79,16,0,0,0,0,0,0,0,-32286,0,0,0,0,0,2838282,0
2758151,8032,-8370,2484,-480,929,267,1289,78,25,607,312,19385,76,33,79,16,0,0,0,0,0,0,0,-32286,0,0,0,0,0,2838296,0
2758156,6800,-7110,2392,335,803,164,1319,142,77,543,368,19385,76,33,79,16,0,0,0,0,0,0,0,-32286,0,0,0,0,0,2838302,0
2758161,6612,-6972,2248,497,867,155,1353,151,112,502,424,19385,78,33,79,16,0,0,0,0,0,0,0,-32286,0,0,0,0,0,2838307,0
2758166,5452,-6546,1648,502,742,163,1394,190,133,440,456,19385,78,33,79,16,0,0,0,0,0,0,0,-32286,0,0,0,0,0,2838322,0
2758171,4948,-6270,600,367,634,241,1441,200,122,421,408,19385,80,33,79,16,0,0,0,0,0,0,0,-32286,0,0,0,0,0,2838326,0
2758176,3858,-5214,2,163,407,294,1483,179,87,389,296,19385,80,33,79,16,0,0,0,0,0,0,0,-32287,0,0,0,0,0,2838341,0
2758181,3708,-5440,-194,357,215,287,1522,164,33,332,200,19386,75,33,79,16,0,0,0,0,0,0,0,-32287,0,0,0,0,0,2838346,0
2758186,3308,-5180,-98,658,-22,238,1554,140,-14,274,144,19386,75,33,79,16,0,0,0,0,0,0,0,-32286,0,0,0,0,0,2838361,0
2758191,3328,-4868,-238,956,-294,196,1580,113,-60,215,72,19388,75,33,79,16,0,0,0,0,0,0,0,-32286,0,0,0,0,0,2838366,0
2758196,3318,-3262,-162,913,-467,219,1588,26,-102,169,8,19388,75,33,79,16,0,0,0,0,0,0,0,-32287,0,0,0,0,0,2838381,0
2758201,3308,-3070,-70,404,-99,427,1580,-31,-153,99,-8,19390,64,33,79,16,0,0,0,0,0,0,0,-32287,0,0,0,0,0,2838386,0
2758206,2768,-2174,294,-292,-6,492,1571,-37,-175,42,-16,19390,64,33,79,16,0,0,0,0,0,0,0,-32286,0,0,0,0,0,2838401,0
2758211,3232,-2972,-108,-706,312,619,1571,2,-140,-10,-8,19389,67,33,79,16,0,0,0,0,0,0,0,-32286,0,0,0,0,0,2838405,0
2758216,2706,-3462,208,-454,401,592,1573,11,-58,-54,-16,19389,67,33,79,16,0,0,0,0,0,0,0,-32286,0,0,0,0,0,2838420,0
2758221,2830,-3474,-24,-1,280,514,1574,3,15,-100,-32,19389,64,33,79,16,0,0,0,0,0,0,0,-32286,0,0,0,0,0,2838425,0
2758226,2978,-3470,-138,296,93,478,1574,5,32,-152,-56,19389,64,33,79,16,0,0,0,0,0,0,0,-32287,0,0,0,0,0,2838440,0
2758231,3026,-3428,-262,274,-62,511,1575,0,12,-202,-72,19389,54,33,79,16,0,0,0,0,0,0,0,-32286,0,0,0,0,0,2838445,0
2758236,3638,-4016,-66,-493,-183,776,1573,0,-8,-257,-88,19389,54,33,79,16,0,0,0,0,0,0,0,-32287,0,0,0,0,0,2838460,0
2758241,3928,-4652,456,-790,-146,872,1573,3,-5,-311,-104,19391,55,33,79,16,0,0,0,0,0,0,0,-32286,0,0,0,0,0,2838468,0
2758246,4386,-5336,970,-776,-153,917,1573,-3,-6,-363,-120,19391,55,33,79,16,0,0,0,0,0,0,0,-32286,0,0,0,0,0,2838483,0
2758251,4886,-5976,1346,-533,-203,933,1573,-4,3,-421,-136,19391,65,33,79,16,0,0,0,0,0,0,0,-32286,0,0,0,0,0,2838488,0
2758256,5544,-6510,1684,-110,-317,1000,1573,3,2,-478,-160,19391,65,33,79,16,0,0,0,0,0,0,0,-32286,0,0,0,0,0,2838503,0
2758261,5912,-6422,1574,-16,-372,1008,1572,-2,1,-533,-184,19393,68,33,79,16,0,0,0,0,0,0,0,-32286,0,0,0,0,0,2838508,0
2758266,6234,-6206,1278,71,-435,1003,1571,-9,-10,-590,-200,19393,68,33,79,16,0,0,0,0,0,0,0,-32286,0,0,0,0,0,2838522,0
2758271,6336,-6050,884,104,-522,994,1569,-12,-8,-647,-232,19391,73,33,79,16,0,0,0,0,0,0,0,-32286,0,0,0,0,0,2838527,0
2758276,6466,-5658,2,258,-806,871,1563,-16,-8,-708,-264,19391,73,33,79,16,0,0,0,0,0,0,0,-32286,0,0,0,0,0,2838542,0
2758281,6606,-5354,-328,356,-907,808,1559,-14,-17,-765,-272,19391,75,33,79,16,0,0,0,0,0,0,0,-32286,0,0,0,0,0,2838547,0
2758286,6640,-4880,-514,408,-1009,733,1554,-14,-20,-829,-304,19391,75,33,79,16,0,0,0,0,0,0,0,-32286,0,0,0,0,0,2838562,0
2758291,6714,-4564,-716,421,-1098,638,1549,-19,-5,-890,-320,19387,86,33,79,16,0,0,0,0,0,0,0,-32286,0,0,0,0,0,2838567,0
2758296,7018,-4012,-722,400,-1150,512,1543,-30,-5,-943,-368,19387,86,33,79,16,0,0,0,0,0,0,0,-32286,0,0,0,0,0,2838582,0
2758301,6844,-3976,-482,278,-1106,476,1534,-46,-10,-989,-480,19384,94,33,79,16,0,0,0,0,0,0,0,-32286,0,0,0,0,0,2838587,0
2758306,6934,-4236,-592,218,-1169,420,1517,-83,-31,-1027,-640,19384,94,33,79,16,0,0,0,0,0,0,0,-32286,0,0,0,0,0,2838602,0
2758311,7050,-4406,-508,221,-1146,408,1489,-124,-69,-1090,-728,19386,88,33,79,16,0,0,0,0,0,0,0,-32286,0,0,0,0,0,2838607,0
2758316,7104,-4444,-18,145,-1032,406,1454,-156,-100,-1183,-824,19386,88,33,79,16,0,0,0,0,0,0,0,-32287,0,0,0,0,0,2838622,0
2758321,6988,-4396,124,68,-955,390,1409,-193,-127,-1253,-864,19385,105,33,79,16,0,0,0,0,0,0,0,-32286,0,0,0,0,0,2838627,0
2758326,7282,-4644,150,158,-884,398,1368,-186,-117,-1308,-936,19385,105,33,79,16,0,0,0,0,0,0,0,-32286,0,0,0,0,0,2838642,0
2758331,6918,-4546,386,273,-870,373,1327,-170,-72,-1386,-856,19383,117,33,79,16,0,0,0,0,0,0,0,-32287,0,0,0,0,0,2838647,0
2758336,7126,-4160,316,490,-840,329,1291,-155,-22,-1409,-768,19383,117,33,79,16,0,0,0,0,0,0,0,-32287,0,0,0,0,0,2838661,0
2758341,7446,-4076,188,620,-818,310,1266,-103,36,-1413,-688,19377,132,33,79,16,0,0,0,0,0,0,0,-32287,0,0,0,0,0,2838666,0
2758346,7238,-3834,182,662,-820,315,1249,-75,88,-1397,-632,19377,132,33,79,16,0,0,0,0,0,0,0,-32287,0,0,0,0,0,2838681,0
2758351,7410,-3612,106,674,-872,284,1245,-24,119,-1425,-504,19377,132,33,79,16,0,0,0,0,0,0,0,-32287,0,0,0,0,0,2838686,0
2758356,7438,-3476,50,785,-835,295,1248,22,146,-1415,-480,19377,132,33,79,16,0,0,0,0,0,0,0,-32286,0,0,0,0,0,2838701,0
2758361,7294,-3356,130,731,-850,323,1250,2,135,-1384,-512,19378,124,33,79,16,0,0,0,0,0,0,0,-32287,0,0,0,0,0,2838706,0
2758366,7382,-3280,196,686,-790,363,1251,2,89,-1381,-504,19378,124,33,79,16,0,0,0,0,0,0,0,-32287,0,0,0,0,0,2838721,0
2758371,7382,-3134,342,683,-736,410,1252,0,41,-1389,-504,19380,115,33,79,16,0,0,0,0,0,0,0,-32287,0,0,0,0,0,2838726,0
2758376,7438,-3182,588,735,-658,450,1253,6,8,-1388,-504,19380,115,33,79,16,0,0,0,0,0,0,0,-32288,0,0,0,0,0,2838741,0
2758381,7580,-3134,586,788,-590,480,1253,1,-8,-1387,-496,19379,111,33,79,16,0,0,0,0,0,0,0,-32287,0,0,0,0,0,2838746,0
2758386,7438,-2886,762,776,-574,504,1258,13,6,-1389,-496,19379,111,33,79,16,0,0,0,0,0,0,0,-32287,0,0,0,0,0,2838761,0
2758391,7498,-2870,704,725,-527,508,1260,10,8,-1392,-480,19380,105,33,79,16,0,0,0,0,0,0,0,-32287,0,0,0,0,0,2838766,0
2758396,7418,-2820,642,688,-444,542,1263,16,14,-1393,-472,19380,105,33,79,16,0,0,0,0,0,0,0,-32287,0,0,0,0,0,2838781,0
2758401,7432,-2864,540,707,-438,542,1267,20,3,-1389,-456,19382,94,33,79,16,0,0,0,0,0,0,0,-32287,0,0,0,0,0,2838786,0
2758406,7400,-2850,386,729,-409,541,1276,40,12,-1399,-424,19382,94,33,79,16,0,0,0,0,0,0,0,-32288,0,0,0,0,0,2838800,0
2758411,7288,-2734,276,753,-441,508,1290,72,36,-1429,-256,19387,100,33,79,16,0,0,0,0,0,0,0,-32287,0,0,0,0,0,2838805,0
2758416,7290,-2858,-136,894,-588,452,1320,135,73,-1435,-200,19387,100,33,79,16,0,0,0,0,0,0,0,-32287,0,0,0,0,0,2838820,0
2758421,7026,-2768,-302,908,-678,438,1354,153,101,-1398,-168,19390,100,33,79,16,0,0,0,0,0,0,0,-32287,0,0,0,0,0,2838825,0
2758426,7114,-2630,-500,960,-815,397,1399,201,136,-1392,-136,19390,100,33,79,16,0,0,0,0,0,0,0,-32286,0,0,0,0,0,2838840,0
2758431,6956,-2640,-584,942,-858,397,1447,212,128,-1388,-112,19390,93,33,79,16,0,0,0,0,0,0,0,-32286,0,0,0,0,0,2838845,0
2758436,6812,-2438,-446,824,-1006,389,1496,204,106,-1384,-136,19390,93,33,79,16,0,0,0,0,0,0,0,-32286,0,0,0,0,0,2838860,0
2758441,7098,-2724,-414,760,-1032,410,1542,198,58,-1389,-128,19389,83,33,79,16,0,0,0,0,0,0,0,-32286,0,0,0,0,0,2838865,0
2758446,6892,-2566,-216,778,-1052,379,1591,208,25,-1390,-152,19389,83,33,79,16,0,0,0,0,0,0,0,-32286,0,0,0,0,0,2838880,0
2758451,7018,-2970,-68,746,-1014,418,1635,190,-2,-1382,-168,19387,72,33,79,16,0,0,0,0,0,0,0,-32285,0,0,0,0,0,2838885,0
2758456,7066,-2856,254,719,-935,406,1677,176,-15,-1389,-160,19387,72,33,79,16,0,0,0,0,0,0,0,-32286,0,0,0,0,0,2838900,0
2758461,7244,-2920,380,780,-922,398,1719,189,-27,-1396,-168,19387,76,33,79,16,0,0,0,0,0,0,0,-32286,0,0,0,0,0,2838905,0
2758466,7168,-2876,542,762,-841,386,1761,185,-22,-1385,-144,19387,76,33,79,16,0,0,0,0,0,0,0,-32286,0,0,0,0,0,2838920,0
2758471,7390,-3118,520,773,-824,389,1800,165,-14,-1387,-152,19388,88,33,79,16,0,0,0,0,0,0,0,-32287,0,0,0,0,0,2838925,0
2758476,7624,-3110,578,796,-690,360,1843,183,-7,-1391,-160,19388,88,33,79,16,0,0,0,0,0,0,0,-32286,0,0,0,0,0,2838939,0
2758481,7346,-2998,732,769,-616,338,1881,168,-4,-1382,-176,19388,84,33,79,16,0,0,0,0,0,0,0,-32287,0,0,0,0,0,2838944,0
2758486,7612,-3268,656,752,-547,375,1915,137,-17,-1376,-240,19388,84,33,79,16,0,0,0,0,0,0,0,-32287,0,0,0,0,0,2838959,0
2758491,7348,-3108,802,618,-411,388,1941,117,-50,-1379,-256,19389,77,33,79,16,0,0,0,0,0,0,0,-32287,0,0,0,0,0,2838964,0
2758496,7552,-3564,954,672,-178,401,1963,106,-63,-1389,-256,19389,77,33,79,16,0,0,0,0,0,0,0,-32287,0,0,0,0,0,2838979,0
2758501,7312,-3598,998,678,-163,391,1982,84,-75,-1373,-296,19388,75,33,79,16,0,0,0,0,0,0,0,-32287,0,0,0,0,0,2838984,0
2758506,7720,-3574,816,791,-81,365,2001,92,-63,-1383,-280,19388,75,33,79,16,0,0,0,0,0,0,0,-32287,0,0,0,0,0,2838999,0
2758511,7622,-3502,824,892,-30,363,2026,99,-23,-1387,-304,19388,77,33,79,16,0,0,0,0,0,0,0,-32287,0,0,0,0,0,2839004,0
2758516,7502,-3392,494,792,26,398,2042,67,-12,-1364,-360,19388,77,33,79,16,0,0,0,0,0,0,0,-32287,0,0,0,0,0,2839019,0
2758521,7668,-3266,384,782,84,388,2057,60,-14,-1382,-312,19390,85,33,79,16,0,0,0,0,0,0,0,-32287,0,0,0,0,0,2839024,0
2758526,7562,-3154,314,816,120,361,2075,81,-18,-1409,-264,19390,85,33,79,16,0,0,0,0,0,0,0,-32287,0,0,0,0,0,2839039,0
2758531,7532,-3214,156,882,100,361,2095,88,-7,-1397,-280,19388,79,33,79,16,0,0,0,0,0,0,0,-32287,0,0,0,0,0,2839044,0
2758536,7390,-2800,-202,928,8,309,2118,93,10,-1382,-280,19388,79,33,79,16,0,0,0,0,0,0,0,-32287,0,0,0,0,0,2839059,0
2758541,7520,-2572,-330,969,-6,273,2150,141,43,-1406,-200,19387,77,33,79,16,0,0,0,0,0,0,0,-32286,0,0,0,0,0,2839064,0
2758546,7328,-2500,-378,904,-34,276,2184,159,68,-1402,-152,19387,77,33,79,16,0,0,0,0,0,0,0,-32287,0,0,0,0,0,2839079,0
2758551,7370,-2246,-434,899,-128,192,2228,202,83,-1400,-128,19384,75,33,79,16,0,0,0,0,0,0,0,-32286,0,0,0,0,0,2839084,0
2758556,7166,-2284,-450,1013,-268,84,2283,244,102,-1384,-80,19384,75,33,79,16,0,0,0,0,0,0,0,-32286,0,0,0,0,0,2839099,0
2758561,7534,-2370,-652,1072,-285,56,2347,288,128,-1387,-56,19387,68,33,79,16,0,0,0,0,0,0,0,-32286,0,0,0,0,0,2839104,0
2758566,7396,-2354,-534,1055,-364,37,2415,305,133,-1370,-56,19387,68,33,79,16,0,0,0,0,0,0,0,-32286,0,0,0,0,0,2839119,0
2758571,7458,-2216,-462,1004,-440,-8,2492,337,123,-1380,-40,19389,62,33,79,16,0,0,0,0,0,0,0,-32286,0,0,0,0,0,2839124,0
2758576,7502,-2302,-252,957,-459,-42,2571,352,105,-1376,-24,19389,62,33,79,16,0,0,0,0,0,0,0,-32286,0,0,0,0,0,2839139,0
2758581,7808,-2366,-194,1001,-500,-91,2662,398,102,-1379,8,19392,56,33,79,16,0,0,0,0,0,0,0,-32286,0,0,0,0,0,2839143,0
2758586,7864,-2406,38,1052,-482,-127,2762,443,101,-1370,48,19392,56,33,79,16,0,0,0,0,0,0,0,-32288,0,0,0,0,0,2839158,0
2758591,7946,-2336,162,1106,-503,-132,2864,453,116,-1370,8,19393,53,33,79,16,0,0,0,0,0,0,0,-32287,0,0,0,0,0,2839163,0
2758596,8160,-2286,438,1005,-414,-154,2969,462,103,-1382,8,19393,53,33,79,16,0,0,0,0,0,0,0,-32286,0,0,0,0,0,2839178,0
2758601,8166,-2206,494,914,-289,-148,3073,458,77,-1387,8,19394,48,33,79,16,0,0,0,0,0,0,0,-32286,0,0,0,0,0,2839183,0
2758606,8180,-2384,712,884,-206,-156,3182,474,47,-1386,16,19394,48,33,79,16,0,0,0,0,0,0,0,-32286,0,0,0,0,0,2839198,0
2758611,8154,-2564,790,870,-124,-169,3289,472,19,-1384,0,19395,44,33,79,16,0,0,0,0,0,0,0,-32286,0,0,0,0,0,2839203,0
2758616,8002,-2832,926,772,71,-121,3389,441,5,-1396,-32,19395,44,33,79,16,0,0,0,0,0,0,0,-32286,0,0,0,0,0,2839221,0
2758621,8096,-3094,906,680,213,-68,3480,397,-35,-1405,-48,19399,38,33,79,16,0,0,0,0,0,0,0,-32287,0,0,0,0,0,2839226,0
2758626,7998,-3074,948,635,312,-68,3565,373,-72,-1399,-48,19399,38,33,79,16,0,0,0,0,0,0,0,-32287,0,0,0,0,0,2839238,0
2758631,7986,-3434,936,661,415,-55,3649,367,-92,-1394,-40,19396,45,33,79,16,0,0,0,0,0,0,0,-32287,0,0,0,0,0,2839243,0
2758636,7956,-3738,632,821,483,-44,3735,374,-75,-1385,-40,19396,45,33,79,16,0,0,0,0,0,0,0,-32287,0,0,0,0,0,2839258,0
2758641,7790,-3442,548,854,470,-65,3819,366,-44,-1388,-48,19396,44,33,79,16,0,0,0,0,0,0,0,-32286,0,0,0,0,0,2839263,0
2758646,8038,-3554,340,903,508,-49,3903,368,-10,-1389,-48,19396,44,33,79,16,0,0,0,0,0,0,0,-32286,0,0,0,0,0,2839278,0
2758651,7790,-3278,326,889,486,-63,3990,376,0,-1394,-24,19394,43,33,79,16,0,0,0,0,0,0,0,-32286,0,0,0,0,0,2839283,0
2758656,7956,-3134,16,997,401,-128,4083,419,22,-1388,0,19394,43,33,79,16,0,0,0,0,0,0,0,-32286,0,0,0,0,0,2839298,0
2758661,7938,-3138,-100,1096,333,-137,4186,446,53,-1372,0,19392,38,33,79,16,0,0,0,0,0,0,0,-32287,0,0,0,0,0,2839303,0
2758666,7774,-3016,-162,1109,266,-144,4291,457,78,-1381,0,19392,38,33,79,16,0,0,0,0,0,0,0,-32287,0,0,0,0,0,2839318,0
2758671,7940,-2852,-194,1119,180,-165,4397,471,85,-1378,8,19396,30,33,79,16,0,0,0,0,0,0,0,-32287,0,0,0,0,0,2839322,0
2758676,8138,-2576,-194,1087,98,-212,4508,490,71,-1371,40,19396,30,33,79,16,0,0,0,0,0,0,0,-32287,0,0,0,0,0,2839337,0
2758681,8106,-2454,-34,1095,55,-243,4624,512,56,-1371,24,19396,23,33,79,16,0,0,0,0,0,0,0,-32286,0,0,0,0,0,2839342,0
2758686,8234,-2450,-14,1067,32,-222,4736,490,48,-1386,24,19396,23,33,79,16,0,0,0,0,0,0,0,-32286,0,0,0,0,0,2839357,0
2758691,8208,-2256,146,1030,20,-225,4844,469,22,-1406,16,19399,27,33,79,16,0,0,0,0,0,0,0,-32285,0,0,0,0,0,2839362,0
2758696,8366,-2076,410,911,147,-248,4948,458,-16,-1410,0,19399,27,33,79,16,0,0,0,0,0,0,0,-32287,0,0,0,0,0,2839377,0
2758701,8326,-2126,464,932,198,-247,5050,452,-39,-1402,-8,19399,30,33,79,16,0,0,0,0,0,0,0,-32287,0,0,0,0,0,2839382,0
2758706,8328,-2266,438,954,243,-234,5153,446,-47,-1379,-48,19399,30,33,79,16,0,0,0,0,0,0,0,-32287,0,0,0,0,0,2839397,0
2758711,8230,-2150,434,957,263,-243,5250,432,-35,-1397,-32,19398,23,33,79,16,0,0,0,0,0,0,0,-32287,0,0,0,0,0,2839402,0
2758716,8366,-2226,402,943,334,-237,5348,428,-28,-1387,-16,19398,23,33,79,16,0,0,0,0,0,0,0,-32287,0,0,0,0,0,2839417,0
2758721,8582,-2552,316,959,343,-248,5444,422,-28,-1392,0,19395,29,33,79,16,0,0,0,0,0,0,0,-32286,0,0,0,0,0,2839422,0
2758726,8510,-2572,266,984,346,-291,5542,433,-18,-1379,-16,19395,29,33,79,16,0,0,0,0,0,0,0,-32286,0,0,0,0,0,2839437,0
2758731,8734,-3050,10,959,339,-283,5636,414,-15,-1392,0,19394,34,33,79,16,0,0,0,0,0,0,0,-32286,0,0,0,0,0,2839442,0
2758736,8880,-3626,-162,889,303,-316,5726,390,-19,-1394,-40,19394,34,33,79,16,0,0,0,0,0,0,0,-32287,0,0,0,0,0,2839457,0
2758741,8864,-3874,-40,884,274,-331,5811,368,-38,-1393,-40,19393,51,33,79,16,0,0,0,0,0,0,0,-32287,0,0,0,0,0,2839462,0
2758746,8968,-4212,-24,929,220,-342,5890,347,-59,-1395,-56,19393,51,33,79,16,0,0,0,0,0,0,0,-32287,0,0,0,0,0,2839477,0
2758751,9044,-4400,-8,966,124,-354,5967,332,-69,-1394,-88,19394,49,33,79,16,0,0,0,0,0,0,0,-32286,0,0,0,0,0,2839482,0
2758756,9062,-4512,-28,900,-98,-306,6032,281,-80,-1388,-128,19394,49,33,79,16,0,0,0,0,0,0,0,-32287,0,0,0,0,0,2839497,0
2758761,8980,-4350,2,797,-213,-249,6082,213,-108,-1399,-152,19393,59,33,79,16,0,0,0,0,0,0,0,-32286,0,0,0,0,0,2839502,0
2758766,8780,-3968,214,693,-349,-238,6123,171,-145,-1392,-232,19393,59,33,79,16,0,0,0,0,0,0,0,-32286,0,0,0,0,0,2839517,0
2758771,8772,-3936,296,558,-431,-163,6144,91,-186,-1365,-312,19390,65,33,79,16,0,0,0,0,0,0,0,-32286,0,0,0,0,0,2839522,0
2758776,8788,-3262,696,507,-611,-158,6158,58,-201,-1368,-384,19390,65,33,79,16,0,0,0,0,0,0,0,-32286,0,0,0,0,0,2839537,0
2758781,8612,-2894,930,489,-652,-144,6164,20,-202,-1343,-520,19387,78,33,79,16,0,0,0,0,0,0,0,-32286,0,0,0,0,0,2839542,0
2758786,8772,-2380,1132,467,-696,-168,6160,0,-164,-1367,-504,19387,78,33,79,16,0,0,0,0,0,0,0,-32286,0,0,0,0,0,2839557,0
2758791,9026,-2064,1268,458,-712,-219,6159,-7,-122,-1391,-512,19384,84,33,79,16,0,0,0,0,0,0,0,-32286,0,0,0,0,0,2839562,0
2758796,9152,-1968,1402,367,-752,-357,6160,-5,-71,-1386,-512,19384,84,33,79,16,0,0,0,0,0,0,0,-32286,0,0,0,0,0,2839577,0
2758801,9392,-2092,1462,337,-732,-442,6160,-1,-31,-1389,-512,19382,91,33,79,16,0,0,0,0,0,0,0,-32286,0,0,0,0,0,2839582,0
2758806,9466,-2248,1480,306,-694,-534,6158,-6,-5,-1390,-512,19382,91,33,79,16,0,0,0,0,0,0,0,-32286,0,0,0,0,0,2839597,0
2758811,9682,-2582,1402,301,-638,-628,6156,-1,-4,-1386,-528,19386,94,33,79,16,0,0,0,0,0,0,0,-32286,0,0,0,0,0,2839601,0
2758816,9660,-3512,1218,348,-510,-785,6150,-29,-13,-1382,-544,19386,94,33,79,16,0,0,0,0,0,0,0,-32286,0,0,0,0,0,2839616,0
2758821,9754,-4008,1068,406,-461,-855,6142,-42,-19,-1377,-608,19386,96,33,79,16,0,0,0,0,0,0,0,-32286,0,0,0,0,0,2839621,0
2758826,9654,-4330,978,454,-475,-906,6124,-89,-41,-1354,-736,19386,96,33,79,16,0,0,0,0,0,0,0,-32286,0,0,0,0,0,2839636,0
2758831,9414,-4854,810,340,-425,-881,6086,-172,-93,-1323,-944,19386,99,33,79,16,0,0,0,0,0,0,0,-32287,0,0,0,0,0,2839641,0
2758836,9034,-5560,848,68,-346,-862,6029,-260,-172,-1308,-1248,19386,99,33,79,16,0,0,0,0,0,0,0,-32286,0,0,0,0,0,2839656,0
2758841,8176,-6076,1036,-87,-286,-773,5941,-394,-254,-1322,-1520,19379,103,33,79,16,0,0,0,0,0,0,0,-32287,0,0,0,0,0,2839661,0
2758846,7658,-6274,1170,-242,-272,-730,5824,-528,-338,-1368,-1832,19379,103,33,79,16,0,0,0,0,0,0,0,-32287,0,0,0,0,0,2839676,0
2758851,7372,-6768,1260,-338,-102,-616,5669,-691,-413,-1413,-2248,19374,129,33,79,16,0,0,0,0,0,0,0,-32287,0,0,0,0,0,2839681,0
2758856,5608,-7548,1574,-644,129,-311,5478,-859,-480,-1386,-2568,19374,129,33,79,16,0,0,0,0,0,0,0,-32286,0,0,0,0,0,2839696,0
2758861,4876,-7790,1776,-699,286,-175,5249,-1018,-536,-1405,-2960,19365,175,33,79,16,0,0,0,0,0,0,0,-32286,0,0,0,0,0,2839701,0
2758866,4230,-8382,1854,-653,409,-11,4985,-1178,-552,-1395,-3272,19365,175,33,79,16,0,0,0,0,0,0,0,-32287,0,0,0,0,0,2839716,0
2758871,3392,-8396,1984,-570,445,109,4692,-1310,-554,-1378,-3472,19355,224,33,79,16,0,0,0,0,0,0,0,-32286,0,0,0,0,0,2839721,0
2758876,2638,-8540,1742,-264,527,387,4370,-1433,-523,-1390,-3736,19355,224,33,79,16,0,0,0,0,0,0,0,-32286,0,0,0,0,0,2839736,0
2758881,2450,-8206,1582,-166,515,503,4023,-1535,-475,-1398,-3872,19344,275,33,79,16,0,0,0,0,0,0,0,-32287,0,0,0,0,0,2839741,0
2758886,2534,-8034,1412,-44,533,598,3664,-1593,-415,-1391,-4016,19344,275,33,79,16,0,0,0,0,0,0,0,-32286,0,0,0,0,0,2839756,0
2758891,2508,-7740,1232,145,481,659,3292,-1634,-339,-1391,-4112,19333,316,33,79,16,0,0,0,0,0,0,0,-32287,0,0,0,0,0,2839761,0
2758896,2894,-7260,798,561,256,763,2915,-1657,-246,-1398,-4184,19333,316,33,79,16,0,0,0,0,0,0,0,-32286,0,0,0,0,0,2839776,0
2758901,3580,-6668,626,699,149,774,2537,-1672,-168,-1401,-4224,19327,351,33,79,16,0,0,0,0,0,0,0,-32287,0,0,0,0,0,2839781,0
2758906,3922,-6142,442,792,79,808,2158,-1660,-95,-1399,-4216,19327,351,33,79,16,0,0,0,0,0,0,0,-32286,0,0,0,0,0,2839796,0
2758911,4514,-5536,418,884,-70,763,1777,-1673,-47,-1393,-4240,19324,371,33,79,16,0,0,0,0,0,0,0,-32287,0,0,0,0,0,2839801,0
2758916,5920,-4676,76,910,-344,754,1394,-1688,-27,-1399,-4256,19324,371,33,79,16,0,0,0,0,0,0,0,-32286,0,0,0,0,0,2839816,0
2758921,6658,-4290,112,841,-387,742,1006,-1711,-34,-1403,-4264,19324,375,33,79,16,0,0,0,0,0,0,0,-32287,0,0,0,0,0,2839821,0
2758926,7234,-3754,234,737,-484,722,613,-1734,-44,-1401,-4312,19324,375,33,79,16,0,0,0,0,0,0,0,-32286,0,0,0,0,0,2839837,0
2758931,7972,-3828,356,652,-585,722,215,-1761,-64,-1397,-4336,19321,371,33,79,16,0,0,0,0,0,0,0,-32287,0,0,0,0,0,2839842,0
2758936,9216,-2822,688,321,-681,678,-185,-1771,-69,-1410,-4360,19321,371,33,79,16,0,0,0,0,0,0,0,-32286,0,0,0,0,0,2839855,0
2758941,9636,-2456,996,188,-696,655,-585,-1764,-55,-1399,-4296,19321,368,33,79,16,0,0,0,0,0,0,0,-32287,0,0,0,0,0,2839860,0
2758946,9940,-2170,1270,35,-698,634,-978,-1733,-26,-1397,-4256,19321,368,33,79,16,0,0,0,0,0,0,0,-32286,0,0,0,0,0,2839875,0
2758951,10220,-1488,1656,-120,-664,550,-1365,-1697,15,-1399,-4208,19320,367,33,79,16,0,0,0,0,0,0,0,-32287,0,0,0,0,0,2839880,0
2758956,10596,-942,1742,-372,-481,426,-1739,-1644,68,-1404,-4088,19320,367,33,79,16,0,0,0,0,0,0,0,-32286,0,0,0,0,0,2839895,0
2758961,10840,-772,2184,-453,-350,358,-2105,-1589,117,-1398,-3920,19323,369,33,79,16,0,0,0,0,0,0,0,-32286,0,0,0,0,0,2839900,0
2758966,10638,-556,2592,-595,-149,276,-2453,-1524,156,-1400,-3728,19323,369,33,79,16,0,0,0,0,0,0,0,-32286,0,0,0,0,0,2839915,0
2758971,10764,-364,2870,-660,28,159,-2788,-1469,182,-1406,-3600,19324,359,33,79,16,0,0,0,0,0,0,0,-32287,0,0,0,0,0,2839920,0
2758976,10274,-648,3056,-719,412,-37,-3102,-1376,214,-1397,-3376,19324,359,33,79,16,0,0,0,0,0,0,0,-32286,0,0,0,0,0,2839935,0
2758981,10364,-832,3088,-719,666,-143,-3403,-1307,235,-1387,-3248,19326,342,33,79,16,0,0,0,0,0,0,0,-32286,0,0,0,0,0,2839940,0
2758986,10038,-1120,3156,-781,900,-206,-3688,-1246,245,-1403,-3120,19326,342,33,79,16,0,0,0,0,0,0,0,-32287,0,0,0,0,0,2839955,0
2758991,9770,-1286,2980,-789,1099,-312,-3902,-1180,249,-1394,-2936,19332,315,33,79,16,0,0,0,0,0,0,0,-32286,0,0,0,0,0,2839960,0
2758996,8970,-2092,2580,-794,1438,-439,-4157,-1115,250,-1382,-2824,19332,315,33,79,16,0,0,0,0,0,0,0,-32286,0,0,0,0,0,2839975,0
2759001,8896,-2632,2082,-783,1569,-461,-4400,-1060,236,-1369,-2664,19338,297,33,79,16,0,0,0,0,0,0,0,-32287,0,0,0,0,0,2839980,0
2759006,8342,-2856,1812,-777,1640,-476,-4632,-1014,215,-1363,-2576,19338,297,33,79,16,0,0,0,0,0,0,0,-32286,0,0,0,0,0,2839995,0
2759011,8076,-3144,1500,-788,1682,-488,-4855,-977,191,-1390,-2608,19343,273,33,79,16,0,0,0,0,0,0,0,-32286,0,0,0,0,0,2840000,0
2759016,7314,-3656,770,-796,1666,-443,-5070,-946,164,-1393,-2496,19343,273,33,79,16,0,0,0,0,0,0,0,-32287,0,0,0,0,0,2840015,0
2759021,7166,-3886,482,-783,1607,-415,-5281,-921,130,-1361,-2496,19346,265,33,79,16,0,0,0,0,0,0,0,-32287,0,0,0,0,0,2840020,0
2759026,6812,-4084,232,-820,1569,-358,-5490,-924,97,-1387,-2520,19346,265,33,79,16,0,0,0,0,0,0,0,-32286,0,0,0,0,0,2840035,0
2759031,6520,-4022,262,-847,1485,-325,-5697,-906,66,-1389,-2480,19347,254,33,79,16,0,0,0,0,0,0,0,-32286,0,0,0,0,0,2840040,0
2759036,6070,-4206,180,-890,1336,-197,-5907,-916,33,-1370,-2520,19347,254,33,79,16,0,0,0,0,0,0,0,-32287,0,0,0,0,0,2840055,0
2759041,6170,-4280,4,-895,1238,-145,-6116,-919,9,-1404,-2560,19353,261,33,79,16,0,0,0,0,0,0,0,-32286,0,0,0,0,0,2840060,0
2759046,5942,-4332,44,-907,1201,-57,-6329,-943,-9,-1376,-2528,19353,261,33,79,16,0,0,0,0,0,0,0,-32286,0,0,0,0,0,2840075,0
2759051,5780,-4164,182,-925,1084,-29,-6543,-946,-18,-1372,-2624,19353,253,33,79,16,0,0,0,0,0,0,0,-32287,0,0,0,0,0,2840080,0
2759056,5552,-4054,392,-1016,1035,90,-6764,-973,-45,-1411,-2672,19353,253,33,79,16,0,0,0,0,0,0,0,-32287,0,0,0,0,0,2840095,0
2759061,5766,-3996,522,-1006,1030,107,-6989,-992,-56,-1387,-2624,19352,258,33,79,16,0,0,0,0,0,0,0,-32286,0,0,0,0,0,2840100,0
2759066,5588,-3970,644,-998,1065,148,-7217,-1006,-59,-1374,-2672,19352,258,33,79,16,0,0,0,0,0,0,0,-32286,0,0,0,0,0,2840115,0
2759071,5544,-4080,766,-996,1030,183,-7448,-1017,-59,-1399,-2712,19347,258,33,79,16,0,0,0,0,0,0,0,-32287,0,0,0,0,0,2840120,0
2759076,5524,-3996,868,-981,1072,264,-7681,-1028,-53,-1403,-2752,19347,258,33,79,16,0,0,0,0,0,0,0,-32286,0,0,0,0,0,2840135,0
2759081,5572,-3684,978,-981,1078,282,-7916,-1039,-37,-1392,-2704,19346,262,33,79,16,0,0,0,0,0,0,0,-32286,0,0,0,0,0,2840140,0
2759086,5646,-3872,1108,-988,1107,346,-8151,-1034,-34,-1369,-2640,19346,262,33,79,16,0,0,0,0,0,0,0,-32287,0,0,0,0,0,2840155,0
2759091,5574,-3662,1240,-992,1104,381,-8387,-1031,-20,-1388,-2672,19344,264,33,79,16,0,0,0,0,0,0,0,-32287,0,0,0,0,0,2840160,0
2759096,5656,-3602,1232,-957,1085,471,-8618,-1017,100,-1406,-2656,19344,264,33,79,16,0,0,0,0,0,0,0,-32286,0,0,0,0,0,2840174,0
2759101,5926,-3372,1258,-944,1041,466,-8844,-988,126,-1406,-2568,19344,263,33,79,16,0,0,0,0,0,0,0,-32286,0,0,0,0,0,2840179,0
2759106,5940,-3434,1354,-945,1087,532,-9066,-975,93,-1374,-2480,19344,263,33,79,16,0,0,0,0,0,0,0,-32287,0,0,0,0,0,2840194,0
2759111,5990,-3158,1428,-964,1052,535,-9278,-926,119,-1396,-2480,19346,268,33,79,16,0,0,0,0,0,0,0,-32286,0,0,0,0,0,2840199,0
2759116,6062,-2908,1412,-952,1052,562,-9481,-885,40,-1406,-2288,19346,268,33,79,16,0,0,0,0,0,0,0,-32286,0,0,0,0,0,2840214,0
2759121,6346,-2878,1348,-917,1048,545,-9670,-822,23,-1383,-2232,19351,268,33,79,16,0,0,0,0,0,0,0,-32287,0,0,0,0,0,2840219,0
2759126,6398,-2678,1332,-865,1039,539,-9847,-769,154,-1391,-2048,19351,268,33,79,16,0,0,0,0,0,0,0,-32287,0,0,0,0,0,2840234,0
2759131,6452,-2494,1252,-850,1022,527,-10009,-706,187,-1378,-1944,19353,252,33,79,16,0,0,0,0,0,0,0,-32286,0,0,0,0,0,2840239,0
2759136,6680,-2292,1208,-903,1060,479,-10159,-648,195,-1405,-1776,19353,252,33,79,16,0,0,0,0,0,0,0,-32286,0,0,0,0,0,2840254,0
2759141,6598,-2186,1152,-900,1058,456,-10293,-577,208,-1401,-1664,19356,231,33,79,16,0,0,0,0,0,0,0,-32286,0,0,0,0,0,2840259,0
2759146,6586,-2042,1128,-893,1033,406,-10411,-509,211,-1381,-1512,19356,231,33,79,16,0,0,0,0,0,0,0,-32286,0,0,0,0,0,2840274,0
2759151,6712,-2042,1008,-894,1043,377,-10517,-451,219,-1401,-1328,19360,203,33,79,16,0,0,0,0,0,0,0,-32287,0,0,0,0,0,2840279,0
2759156,6686,-1720,972,-891,1022,295,-10603,-360,234,-1397,-1224,19360,203,33,79,16,0,0,0,0,0,0,0,-32287,0,0,0,0,0,2840294,0
2759161,6732,-1848,812,-923,991,265,-10672,-292,240,-1397,-1032,19363,183,33,79,16,0,0,0,0,0,0,0,-32287,0,0,0,0,0,2840299,0
2759166,6618,-1700,764,-975,997,227,-10727,-235,251,-1388,-984,19363,183,33,79,16,0,0,0,0,0,0,0,-32286,0,0,0,0,0,2840314,0
2759171,6708,-1868,714,-1022,1002,210,-10768,-173,245,-1405,-784,19367,164,33,79,16,0,0,0,0,0,0,0,-32286,0,0,0,0,0,2840319,0
2759176,6512,-1896,598,-1059,968,138,-10795,-115,235,-1437,-672,19367,164,33,79,16,0,0,0,0,0,0,0,-32286,0,0,0,0,0,2840334,0
2759181,6506,-1750,620,-1089,920,74,-10809,-59,212,-1433,-504,19368,150,33,79,16,0,0,0,0,0,0,0,-32286,0,0,0,0,0,2840339,0
2759186,6630,-1820,474,-1065,911,42,-10806,17,208,-1438,-432,19368,150,33,79,16,0,0,0,0,0,0,0,-32286,0,0,0,0,0,2840354,0
2759191,6266,-1856,460,-1117,887,38,-10802,20,201,-1393,-432,19373,130,33,79,16,0,0,0,0,0,0,0,-32286,0,0,0,0,0,2840359,0
2759196,6202,-2000,612,-1320,1005,48,-10799,6,151,-1374,-480,19373,130,33,79,16,0,0,0,0,0,0,0,-32286,0,0,0,0,0,2840374,0
2759201,5982,-2088,870,-1369,1067,43,-10798,6,79,-1377,-480,19378,116,33,79,16,0,0,0,0,0,0,0,-32286,0,0,0,0,0,2840379,0
2759206,5900,-2368,942,-1374,1123,38,-10798,3,22,-1388,-464,19378,116,33,79,16,0,0,0,0,0,0,0,-32286,0,0,0,0,0,2840394,0
2759211,5854,-2366,956,-1347,1169,33,-10796,10,-12,-1392,-472,19382,101,33,79,16,0,0,0,0,0,0,0,-32286,0,0,0,0,0,2840399,0
2759216,5732,-2522,872,-1325,1220,24,-10793,12,-8,-1389,-456,19382,101,33,79,16,0,0,0,0,0,0,0,-32286,0,0,0,0,0,2840414,0
2759221,5694,-2530,818,-1326,1232,42,-10790,20,8,-1390,-456,19382,100,33,79,16,0,0,0,0,0,0,0,-32286,0,0,0,0,0,2840419,0
2759226,5630,-2586,824,-1346,1216,57,-10787,8,6,-1390,-448,19382,100,33,79,16,0,0,0,0,0,0,0,-32286,0,0,0,0,0,2840434,0
2759231,5588,-2706,792,-1334,1200,62,-10784,11,11,-1394,-424,19380,97,33,79,16,0,0,0,0,0,0,0,-32285,0,0,0,0,0,2840439,0
2759236,5590,-2796,838,-1264,1117,100,-10778,22,6,-1393,-424,19380,97,33,79,16,0,0,0,0,0,0,0,-32286,0,0,0,0,0,2840454,0
2759241,5682,-2780,812,-1213,1055,97,-10769,42,12,-1396,-368,19380,106,33,79,16,0,0,0,0,0,0,0,-32285,0,0,0,0,0,2840462,0
2759246,5774,-2688,794,-1156,982,71,-10751,80,40,-1424,-272,19380,106,33,79,16,0,0,0,0,0,0,0,-32286,0,0,0,0,0,2840477,0
2759251,5912,-2682,728,-1100,883,71,-10723,117,78,-1407,-256,19381,110,33,79,16,0,0,0,0,0,0,0,-32286,0,0,0,0,0,2840482,0
2759256,5956,-2700,744,-1157,776,85,-10696,116,91,-1391,-216,19381,110,33,79,16,0,0,0,0,0,0,0,-32286,0,0,0,0,0,2840497,0
2759261,6244,-2966,808,-1091,745,81,-10664,146,93,-1407,-168,19386,108,33,79,16,0,0,0,0,0,0,0,-32286,0,0,0,0,0,2840501,0
2759266,6100,-3078,968,-1051,704,91,-10625,173,80,-1387,-144,19386,108,33,79,16,0,0,0,0,0,0,0,-32287,0,0,0,0,0,2840516,0
2759271,6400,-2922,974,-966,567,30,-10576,217,77,-1392,-104,19387,95,33,79,16,0,0,0,0,0,0,0,-32287,0,0,0,0,0,2840521,0
2759276,6684,-3004,882,-862,379,-27,-10516,268,107,-1381,-72,19387,95,33,79,16,0,0,0,0,0,0,0,-32287,0,0,0,0,0,2840536,0
2759281,6912,-2900,780,-831,318,-81,-10442,327,149,-1364,-48,19389,76,33,79,16,0,0,0,0,0,0,0,-32287,0,0,0,0,0,2840541,0
2759286,6932,-2926,782,-847,222,-91,-10362,357,164,-1365,-40,19389,76,33,79,16,0,0,0,0,0,0,0,-32287,0,0,0,0,0,2840556,0
2759291,7018,-2898,832,-894,167,-100,-10278,360,150,-1383,-24,19389,57,33,79,16,0,0,0,0,0,0,0,-32286,0,0,0,0,0,2840561,0
2759296,7058,-3226,1058,-952,137,-118,-10193,379,109,-1390,-32,19389,57,33,79,16,0,0,0,0,0,0,0,-32286,0,0,0,0,0,2840576,0
2759301,7098,-3180,1256,-932,114,-147,-10104,396,77,-1379,0,19391,54,33,79,16,0,0,0,0,0,0,0,-32285,0,0,0,0,0,2840581,0
2759306,7304,-3414,1282,-870,91,-148,-10011,406,53,-1380,-8,19391,54,33,79,16,0,0,0,0,0,0,0,-32285,0,0,0,0,0,2840596,0
2759311,7232,-3306,1324,-839,10,-184,-9910,436,58,-1377,0,19390,51,33,79,16,0,0,0,0,0,0,0,-32286,0,0,0,0,0,2840601,0
2759316,7206,-3536,1496,-873,1,-133,-9816,417,56,-1387,-24,19390,51,33,79,16,0,0,0,0,0,0,0,-32286,0,0,0,0,0,2840616,0
2759321,7248,-3542,1628,-882,43,-94,-9722,401,32,-1393,-32,19390,45,33,79,16,0,0,0,0,0,0,0,-32287,0,0,0,0,0,2840621,0
2759326,7342,-3540,1790,-870,18,-101,-9631,405,-7,-1394,-16,19390,45,33,79,16,0,0,0,0,0,0,0,-32287,0,0,0,0,0,2840636,0
2759331,7498,-3472,1806,-818,-18,-121,-9536,416,-10,-1387,-8,19391,42,33,79,16,0,0,0,0,0,0,0,-32286,0,0,0,0,0,2840641,0
2759336,7664,-3212,1654,-765,-93,-128,-9439,418,-5,-1386,-32,19391,42,33,79,16,0,0,0,0,0,0,0,-32286,0,0,0,0,0,2840656,0
2759341,7696,-2968,1738,-784,-124,-155,-9345,412,13,-1393,-40,19394,36,33,79,16,0,0,0,0,0,0,0,-32285,0,0,0,0,0,2840661,0
2759346,7798,-3028,1808,-804,-89,-144,-9252,405,12,-1389,0,19394,36,33,79,16,0,0,0,0,0,0,0,-32286,0,0,0,0,0,2840676,0
2759351,7768,-2756,1828,-798,-133,-184,-9157,415,-3,-1390,-8,19393,32,33,79,16,0,0,0,0,0,0,0,-32286,0,0,0,0,0,2840681,0
2759356,8002,-2658,1772,-762,-189,-232,-9059,423,0,-1383,-16,19393,32,33,79,16,0,0,0,0,0,0,0,-32287,0,0,0,0,0,2840696,0
2759361,8144,-2774,1734,-785,-153,-205,-8969,391,3,-1390,-64,19394,37,33,79,16,0,0,0,0,0,0,0,-32287,0,0,0,0,0,2840701,0
2759366,8068,-2638,1876,-849,-145,-215,-8884,369,-13,-1393,-48,19394,37,33,79,16,0,0,0,0,0,0,0,-32287,0,0,0,0,0,2840716,0
2759371,8172,-2814,1922,-904,-52,-183,-8808,331,-52,-1390,-72,19393,37,33,79,16,0,0,0,0,0,0,0,-32286,0,0,0,0,0,2840721,0
2759376,8274,-2948,2078,-950,62,-146,-8740,297,-94,-1393,-80,19393,37,33,79,16,0,0,0,0,0,0,0,-32286,0,0,0,0,0,2840736,0
2759381,8118,-2850,2116,-945,104,-136,-8682,264,-116,-1395,-112,19392,47,33,79,16,0,0,0,0,0,0,0,-32286,0,0,0,0,0,2840741,0
2759386,8164,-2686,2132,-932,162,-157,-8629,230,-120,-1387,-144,19392,47,33,79,16,0,0,0,0,0,0,0,-32286,0,0,0,0,0,2840756,0
2759391,8308,-2910,2046,-953,226,-130,-8584,195,-121,-1393,-176,19392,61,33,79,16,0,0,0,0,0,0,0,-32286,0,0,0,0,0,2840761,0
2759396,8162,-2914,2108,-1069,386,-58,-8550,139,-121,-1373,-296,19392,61,33,79,16,0,0,0,0,0,0,0,-32286,0,0,0,0,0,2840776,0
2759401,8274,-2840,2232,-1124,426,-59,-8534,80,-147,-1363,-360,19390,70,33,79,16,0,0,0,0,0,0,0,-32285,0,0,0,0,0,2840781,0
2759406,8362,-3004,2248,-1095,547,-42,-8524,38,-166,-1360,-448,19390,70,33,79,16,0,0,0,0,0,0,0,-32287,0,0,0,0,0,2840796,0
2759411,8248,-3052,2270,-1073,574,-24,-8520,5,-161,-1351,-528,19388,89,33,79,16,0,0,0,0,0,0,0,-32286,0,0,0,0,0,2840801,0
2759416,8498,-2782,2032,-1007,660,-39,-8521,-7,-141,-1383,-512,19388,89,33,79,16,0,0,0,0,0,0,0,-32286,0,0,0,0,0,2840816,0
2759421,8400,-2688,1956,-1000,703,-39,-8519,7,-92,-1391,-512,19385,91,33,79,16,0,0,0,0,0,0,0,-32285,0,0,0,0,0,2840821,0
2759426,8370,-2498,1808,-1026,683,-52,-8520,5,-59,-1388,-520,19385,91,33,79,16,0,0,0,0,0,0,0,-32285,0,0,0,0,0,2840836,0
2759431,8526,-2450,1690,-1033,706,-46,-8520,-2,-21,-1386,-512,19383,95,33,79,16,0,0,0,0,0,0,0,-32286,0,0,0,0,0,2840840,0
2759436,8414,-2240,1644,-1089,728,-55,-8521,-7,-4,-1390,-504,19383,95,33,79,16,0,0,0,0,0,0,0,-32285,0,0,0,0,0,2840855,0
2759441,8322,-2140,1726,-1135,746,-58,-8520,4,2,-1389,-520,19382,102,33,79,16,0,0,0,0,0,0,0,-32285,0,0,0,0,0,2840860,0
2759446,8398,-2088,1760,-1174,773,-48,-8522,-8,-3,-1388,-512,19382,102,33,79,16,0,0,0,0,0,0,0,-32285,0,0,0,0,0,2840875,0
2759451,8294,-2038,1860,-1230,814,-39,-8522,-2,-1,-1390,-512,19382,101,33,79,16,0,0,0,0,0,0,0,-32285,0,0,0,0,0,2840880,0
2759456,8328,-2042,1882,-1308,891,-22,-8520,-3,1,-1387,-512,19382,101,33,79,16,0,0,0,0,0,0,0,-32285,0,0,0,0,0,2840895,0
2759461,8258,-2024,2004,-1373,923,-7,-8521,-1,5,-1388,-512,19381,96,33,79,16,0,0,0,0,0,0,0,-32285,0,0,0,0,0,2840900,0
2759466,8446,-2220,2074,-1471,946,14,-8520,0,1,-1387,-512,19381,96,33,79,16,0,0,0,0,0,0,0,-32286,0,0,0,0,0,2840915,0
2759471,8770,-2708,2226,-1573,942,61,-8521,-1,0,-1386,-512,19384,90,33,79,16,0,0,0,0,0,0,0,-32286,0,0,0,0,0,2840920,0
2759476,10028,-4440,2740,-1860,857,186,-8521,-8,2,-1389,-512,19384,90,33,79,16,0,0,0,0,0,0,0,-32285,0,0,0,0,0,2840935,0
2759481,10658,-5160,3006,-1979,836,284,-8518,4,6,-1391,-504,19384,89,33,79,16,0,0,0,0,0,0,0,-32285,0,0,0,0,0,2840940,0
2759486,11316,-5860,3190,-2094,832,382,-8512,23,10,-1399,-464,19384,89,33,79,16,0,0,0,0,0,0,0,-32286,0,0,0,0,0,2840955,0
2759491,11826,-6430,3198,-2215,865,470,-8502,48,31,-1412,-368,19384,94,33,79,16,0,0,0,0,0,0,0,-32286,0,0,0,0,0,2840960,0
2759496,12818,-7594,2828,-2253,877,581,-8484,86,52,-1429,-248,19384,94,33,79,16,0,0,0,0,0,0,0,-32285,0,0,0,0,0,2840975,0
2759501,12852,-8068,2602,-2081,869,581,-8445,187,105,-1441,-96,19384,94,33,79,16,0,0,0,0,0,0,0,-32286,0,0,0,0,0,2840980,0
2759506,12410,-8360,2234,-1844,785,566,-8385,274,172,-1392,-48,19384,94,33,79,16,0,0,0,0,0,0,0,-32286,0,0,0,0,0,2840995,0
2759511,12068,-8302,1774,-1524,694,505,-8303,371,245,-1371,8,19387,87,33,79,16,0,0,0,0,0,0,0,-32286,0,0,0,0,0,2841000,0
2759516,10704,-7664,1192,-958,652,305,-8200,468,299,-1362,96,19387,87,33,79,16,0,0,0,0,0,0,0,-32287,0,0,0,0,0,2841015,0
2759521,10020,-7488,914,-709,609,185,-8075,558,329,-1329,72,19391,70,33,79,16,0,0,0,0,0,0,0,-32286,0,0,0,0,0,2841020,0
2759526,9252,-7470,802,-570,600,52,-7937,615,313,-1195,952,19391,70,33,79,16,0,0,0,0,0,0,0,-32286,0,0,0,0,0,2841035,0
2759531,9062,-6834,718,-312,404,-329,-7742,896,355,-407,1840,19392,47,33,79,16,0,0,0,0,0,0,0,-32286,0,0,0,0,0,2841040,0
2759536,8250,-7838,-806,673,-727,-902,-7472,1212,512,-66,2576,19392,47,33,79,16,0,0,0,0,0,0,0,-32286,0,0,0,0,0,2841055,0
2759541,8424,-8170,-1382,1032,-1370,-1132,-7145,1459,718,-7,3056,19393,41,33,79,16,0,0,0,0,0,0,0,-32287,0,0,0,0,0,2841060,0
2759546,7846,-8248,-1120,1210,-1870,-1249,-6776,1640,856,13,3392,19393,41,33,79,16,0,0,0,0,0,0,0,-32286,0,0,0,0,0,2841075,0
2759551,7348,-8408,-672,1234,-2287,-1282,-6382,1746,838,19,3560,19392,56,33,79,16,0,0,0,0,0,0,0,-32286,0,0,0,0,0,2841080,0
2759556,5606,-8950,982,990,-2492,-1085,-5975,1800,644,13,3648,19392,56,33,79,16,0,0,0,0,0,0,0,-32286,0,0,0,0,0,2841094,0
2759561,4884,-9260,1298,1167,-2542,-1002,-5558,1831,432,9,3680,19391,74,33,79,16,0,0,0,0,0,0,0,-32286,0,0,0,0,0,2841099,0
2759566,4126,-8776,1594,1512,-2525,-958,-5137,1855,272,16,3664,19391,74,33,79,16,0,0,0,0,0,0,0,-32286,0,0,0,0,0,2841115,0
2759571,3776,-7992,1714,1772,-2409,-879,-4717,1846,150,19,3592,19390,87,33,79,16,0,0,0,0,0,0,0,-32286,0,0,0,0,0,2841119,0
2759576,3434,-5898,2312,1405,-1523,-516,-4304,1813,54,19,3480,19390,87,33,79,16,0,0,0,0,0,0,0,-32286,0,0,0,0,0,2841134,0
2759581,2670,-5822,3474,1117,-921,-346,-3902,1763,-16,15,3328,19390,89,33,79,16,0,0,0,0,0,0,0,-32286,0,0,0,0,0,2841139,0
2759586,3318,-5600,2626,861,-579,-205,-3509,1713,-81,8,3208,19390,89,33,79,16,0,0,0,0,0,0,0,-32286,0,0,0,0,0,2841154,0
2759591,3306,-4610,2618,849,-154,-122,-3131,1662,-134,1,3088,19388,87,33,79,16,0,0,0,0,0,0,0,-32286,0,0,0,0,0,2841159,0
2759596,3484,-3470,1630,1197,226,-218,-2766,1598,-169,-4,2968,19388,87,33,79,16,0,0,0,0,0,0,0,-32286,0,0,0,0,0,2841174,0
2759601,3574,-3266,940,1233,267,-228,-2417,1530,-201,-3,2840,19386,85,33,79,16,0,0,0,0,0,0,0,-32286,0,0,0,0,0,2841179,0
2759606,3344,-2750,532,1267,291,-260,-2087,1454,-217,-3,2672,19386,85,33,79,16,0,0,0,0,0,0,0,-32286,0,0,0,0,0,2841194,0
2759611,3542,-2632,-250,1259,104,-295,-1773,1374,-238,1,2496,19384,85,33,79,16,0,0,0,0,0,0,0,-32286,0,0,0,0,0,2841199,0
2759616,3320,-2014,-612,925,-27,-229,-1479,1287,-260,7,2288,19384,85,33,79,16,0,0,0,0,0,0,0,-32287,0,0,0,0,0,2841214,0
2759621,3394,-2230,-940,574,-89,-165,-1203,1215,-271,4,2136,19383,85,33,79,16,0,0,0,0,0,0,0,-32286,0,0,0,0,0,2841219,0
2759626,3486,-2182,-872,274,-103,-94,-947,1117,-280,9,1920,19383,85,33,79,16,0,0,0,0,0,0,0,-32286,0,0,0,0,0,2841234,0
2759631,3704,-2356,-780,90,-168,-59,-706,1045,-287,6,1736,19385,80,33,79,16,0,0,0,0,0,0,0,-32286,0,0,0,0,0,2841239,0
2759636,4020,-3264,-322,-173,-247,86,-484,971,-284,11,1584,19385,80,33,79,16,0,0,0,0,0,0,0,-32287,0,0,0,0,0,2841254,0
2759641,4308,-3842,-224,-328,-298,198,-279,892,-268,2,1408,19386,70,33,79,16,0,0,0,0,0,0,0,-32286,0,0,0,0,0,2841259,0
2759646,4458,-4284,132,-480,-392,284,-89,827,-266,3,1264,19386,70,33,79,16,0,0,0,0,0,0,0,-32286,0,0,0,0,0,2841274,0
2759651,4948,-4774,422,-517,-503,340,86,773,-253,0,1136,19387,64,33,79,16,0,0,0,0,0,0,0,-32286,0,0,0,0,0,2841279,0
2759656,5770,-5334,1224,-427,-704,397,249,705,-239,2,1000,19387,64,33,79,16,0,0,0,0,0,0,0,-32287,0,0,0,0,0,2841294,0
2759661,5966,-5560,1458,-470,-770,432,394,634,-227,0,848,19386,62,33,79,16,0,0,0,0,0,0,0,-32286,0,0,0,0,0,2841299,0
2759666,6044,-6056,1386,-551,-894,454,529,586,-217,-2,752,19386,62,33,79,16,0,0,0,0,0,0,0,-32286,0,0,0,0,0,2841314,0
2759671,6380,-6210,1566,-466,-952,433,649,513,-216,1,552,19385,68,33,79,16,0,0,0,0,0,0,0,-32287,0,0,0,0,0,2841319,0
2759676,6322,-6312,1488,-330,-992,391,753,448,-214,-12,408,19385,68,33,79,16,0,0,0,0,0,0,0,-32286,0,0,0,0,0,2841334,0
2759681,6104,-6212,1426,-284,-972,354,838,371,-227,-6,288,19385,65,33,79,16,0,0,0,0,0,0,0,-32286,0,0,0,0,0,2841339,0
2759686,6042,-6268,1330,-173,-925,294,916,333,-225,0,216,19385,65,33,79,16,0,0,0,0,0,0,0,-32287,0,0,0,0,0,2841354,0
2759691,5858,-6102,1244,28,-918,188,985,296,-215,7,176,19390,62,33,79,16,0,0,0,0,0,0,0,-32287,0,0,0,0,0,2841359,0
2759696,5686,-5732,956,265,-825,53,1040,232,-178,7,72,19390,62,33,79,16,0,0,0,0,0,0,0,-32286,0,0,0,0,0,2841374,0
2759701,5776,-5622,756,322,-803,-9,1080,166,-171,-2,40,19389,69,33,79,16,0,0,0,0,0,0,0,-32286,0,0,0,0,0,2841379,0
2759706,5586,-5430,454,364,-784,-80,1106,103,-193,-7,48,19389,69,33,79,16,0,0,0,0,0,0,0,-32286,0,0,0,0,0,2841394,0
2759711,5376,-5492,188,381,-818,-130,1126,73,-194,2,8,19391,65,33,79,16,0,0,0,0,0,0,0,-32286,0,0,0,0,0,2841399,0
2759716,4856,-5890,-430,431,-949,-131,1128,-4,-199,12,-24,19391,65,33,79,16,0,0,0,0,0,0,0,-32286,0,0,0,0,0,2841414,0
2759721,4944,-5716,-562,479,-1017,-174,1122,-31,-186,5,-16,19387,72,33,79,16,0,0,0,0,0,0,0,-32286,0,0,0,0,0,2841419,0
2759726,4916,-5802,-676,631,-1101,-192,1120,-3,-153,-3,0,19387,72,33,79,16,0,0,0,0,0,0,0,-32286,0,0,0,0,0,2841434,0
2759731,4836,-6028,-812,789,-1288,-178,1120,1,-88,-1,0,19387,70,33,79,16,0,0,0,0,0,0,0,-32286,0,0,0,0,0,2841438,0
2759736,5258,-5584,-928,899,-1529,-142,1120,-2,-34,0,0,19387,70,33,79,16,0,0,0,0,0,0,0,-32287,0,0,0,0,0,2841453,0
2759741,5508,-5304,-1002,883,-1617,-115,1120,0,11,0,0,19385,75,33,79,16,0,0,0,0,0,0,0,-32286,0,0,0,0,0,2841458,0
2759746,5804,-5008,-936,865,-1710,-89,1121,0,17,0,0,19385,75,33,79,16,0,0,0,0,0,0,0,-32286,0,0,0,0,0,2841473,0
2759751,6122,-4758,-866,858,-1791,-85,1121,1,2,1,0,19387,71,33,79,16,0,0,0,0,0,0,0,-32286,0,0,0,0,0,2841478,0
2759756,6792,-4174,-592,894,-1937,-80,1121,2,4,1,0,19387,71,33,79,16,0,0,0,0,0,0,0,-32286,0,0,0,0,0,2841493,0
2759761,7142,-3790,-408,921,-1960,-101,1121,1,1,1,0,19388,70,33,79,16,0,0,0,0,0,0,0,-32287,0,0,0,0,0,2841498,0
2759766,7582,-3546,-228,935,-1922,-106,1121,0,1,2,0,19388,70,33,79,16,0,0,0,0,0,0,0,-32286,0,0,0,0,0,2841513,0
2759771,7834,-3114,158,879,-1853,-114,1121,2,0,0,0,19389,75,33,79,16,0,0,0,0,0,0,0,-32286,0,0,0,0,0,2841518,0
2759776,8354,-2710,784,652,-1507,-120,1121,5,-1,0,0,19389,75,33,79,16,0,0,0,0,0,0,0,-32286,0,0,0,0,0,2841533,0
2759781,8382,-2840,1166,616,-1303,-124,1124,8,5,0,0,19389,74,33,79,16,0,0,0,0,0,0,0,-32286,0,0,0,0,0,2841538,0
2759786,8560,-3104,1364,632,-1083,-81,1125,7,8,-2,8,19389,74,33,79,16,0,0,0,0,0,0,0,-32286,0,0,0,0,0,2841553,0
2759791,8482,-3214,1710,513,-784,21,1129,17,16,-3,8,19389,71,33,79,16,0,0,0,0,0,0,0,-32287,0,0,0,0,0,2841558,0
2759796,8658,-3144,2040,418,-100,94,1139,45,17,0,24,19389,71,33,79,16,0,0,0,0,0,0,0,-32286,0,0,0,0,0,2841573,0
2759801,7810,-3280,1958,453,-5,93,1157,85,48,-4,48,19389,69,33,79,16,0,0,0,0,0,0,0,-32286,0,0,0,0,0,2841578,0
2759806,7994,-3520,1320,718,-8,47,1197,188,108,-13,136,19389,69,33,79,16,0,0,0,0,0,0,0,-32286,0,0,0,0,0,2841593,0
2759811,7836,-3426,856,1022,-33,12,1260,290,181,-11,304,19389,64,33,79,16,0,0,0,0,0,0,0,-32286,0,0,0,0,0,2841598,0
2759816,7614,-2482,-88,1279,-292,-132,1347,403,269,-17,496,19389,64,33,79,16,0,0,0,0,0,0,0,-32286,0,0,0,0,0,2841613,0
2759821,7350,-2200,-460,1256,-453,-194,1461,511,336,-26,792,19390,63,33,79,16,0,0,0,0,0,0,0,-32286,0,0,0,0,0,2841618,0
2759826,7282,-2168,-788,1163,-613,-235,1588,565,356,-3,912,19390,63,33,79,16,0,0,0,0,0,0,0,-32287,0,0,0,0,0,2841633,0
2759831,7134,-2260,-930,1148,-769,-282,1731,632,333,7,1072,19386,61,33,79,16,0,0,0,0,0,0,0,-32286,0,0,0,0,0,2841638,0
2759836,7220,-2260,-830,1302,-1125,-441,1889,696,282,5,1200,19386,61,33,79,16,0,0,0,0,0,0,0,-32287,0,0,0,0,0,2841653,0
2759841,7832,-2062,-738,1105,-1092,-382,2053,720,228,13,1200,19386,60,33,79,16,0,0,0,0,0,0,0,-32286,0,0,0,0,0,2841658,0
2759846,6532,-2180,-366,905,-1116,-392,2220,737,174,7,1232,19386,60,33,79,16,0,0,0,0,0,0,0,-32286,0,0,0,0,0,2841673,0
2759851,7280,-2566,-354,837,-1140,-405,2388,738,121,2,1224,19387,62,33,79,16,0,0,0,0,0,0,0,-32286,0,0,0,0,0,2841678,0
2759856,6844,-2704,478,696,-1003,-382,2554,734,67,8,1200,19387,62,33,79,16,0,0,0,0,0,0,0,-32286,0,0,0,0,0,2841693,0
2759861,7104,-2978,446,559,-865,-338,2719,726,18,3,1176,19389,59,33,79,16,0,0,0,0,0,0,0,-32287,0,0,0,0,0,2841698,0
2759866,7022,-2948,732,395,-726,-298,2880,708,-7,5,1120,19389,59,33,79,16,0,0,0,0,0,0,0,-32287,0,0,0,0,0,2841713,0
2759871,6992,-3316,818,292,-625,-277,3038,690,-29,8,1080,19389,62,33,79,16,0,0,0,0,0,0,0,-32286,0,0,0,0,0,2841718,0
2759876,6804,-4056,918,506,-516,-284,3191,673,-47,2,1032,19389,62,33,79,16,0,0,0,0,0,0,0,-32286,0,0,0,0,0,2841733,0
2759881,6868,-4146,830,676,-471,-259,3343,670,-47,2,1008,19388,66,33,79,16,0,0,0,0,0,0,0,-32286,0,0,0,0,0,2841738,0
2759886,6544,-3914,758,791,-477,-273,3487,628,-56,11,896,19388,66,33,79,16,0,0,0,0,0,0,0,-32287,0,0,0,0,0,2841753,0
2759891,6718,-3854,520,856,-452,-271,3626,605,-65,2,848,19387,70,33,79,16,0,0,0,0,0,0,0,-32286,0,0,0,0,0,2841758,0
2759896,6680,-3722,264,781,-345,-251,3763,593,-72,0,800,19387,70,33,79,16,0,0,0,0,0,0,0,-32286,0,0,0,0,0,2841773,0
2759901,6750,-3570,244,739,-295,-230,3889,560,-77,2,704,19389,66,33,79,16,0,0,0,0,0,0,0,-32286,0,0,0,0,0,2841778,0
2759906,6750,-3750,212,770,-269,-243,4008,519,-95,-7,624,19389,66,33,79,16,0,0,0,0,0,0,0,-32287,0,0,0,0,0,2841793,0
2759911,6872,-3738,154,841,-280,-242,4120,496,-102,-18,592,19389,70,33,79,16,0,0,0,0,0,0,0,-32286,0,0,0,0,0,2841798,0
2759916,6976,-3800,20,906,-219,-219,4227,464,-105,-1,480,19389,70,33,79,16,0,0,0,0,0,0,0,-32287,0,0,0,0,0,2841813,0
2759921,7038,-3674,0,889,-201,-187,4322,424,-114,3,392,19388,66,33,79,16,0,0,0,0,0,0,0,-32286,0,0,0,0,0,2841817,0
2759926,7074,-3716,-72,840,-177,-138,4408,369,-122,5,304,19388,66,33,79,16,0,0,0,0,0,0,0,-32286,0,0,0,0,0,2841832,0
2759931,7058,-3626,-28,817,-174,-122,4491,368,-123,1,304,19386,60,33,79,16,0,0,0,0,0,0,0,-32286,0,0,0,0,0,2841837,0
2759936,7072,-3564,-92,886,-174,-86,4571,351,-112,0,280,19386,60,33,79,16,0,0,0,0,0,0,0,-32286,0,0,0,0,0,2841852,0
2759941,7140,-3516,-148,928,-174,-53,4647,333,-81,4,232,19387,58,33,79,16,0,0,0,0,0,0,0,-32286,0,0,0,0,0,2841857,0
2759946,7140,-3218,-136,947,-182,-67,4716,294,-72,12,176,19387,58,33,79,16,0,0,0,0,0,0,0,-32287,0,0,0,0,0,2841872,0
2759951,7352,-3106,-224,968,-158,-84,4781,279,-69,-2,152,19387,49,33,79,16,0,0,0,0,0,0,0,-32286,0,0,0,0,0,2841877,0
2759956,7346,-3110,-304,982,-116,-81,4840,257,-79,0,136,19387,49,33,79,16,0,0,0,0,0,0,0,-32286,0,0,0,0,0,2841892,0
2759961,7192,-2848,-212,989,-120,-104,4898,266,-76,-12,160,19389,51,33,79,16,0,0,0,0,0,0,0,-32286,0,0,0,0,0,2841897,0
2759966,7316,-2820,-234,974,-86,-133,4957,264,-53,-2,160,19389,51,33,79,16,0,0,0,0,0,0,0,-32287,0,0,0,0,0,2841912,0
2759971,7438,-2936,-304,952,-32,-103,5019,270,-25,-4,168,19391,58,33,79,16,0,0,0,0,0,0,0,-32286,0,0,0,0,0,2841917,0
2759976,7378,-2694,-184,1003,-47,-113,5080,265,1,3,144,19391,58,33,79,16,0,0,0,0,0,0,0,-32286,0,0,0,0,0,2841932,0
2759981,7448,-2752,-212,1021,-34,-140,5135,241,4,4,128,19390,67,33,79,16,0,0,0,0,0,0,0,-32286,0,0,0,0,0,2841937,0
2759986,7600,-2790,-234,1009,-44,-111,5188,225,-22,-8,120,19390,67,33,79,16,0,0,0,0,0,0,0,-32286,0,0,0,0,0,2841952,0
2759991,7632,-2466,-130,941,-48,-105,5231,232,-30,-3,128,19389,72,33,79,16,0,0,0,0,0,0,0,-32286,0,0,0,0,0,2841957,0
2759996,7868,-2576,-86,755,55,-97,5283,227,-34,0,120,19389,72,33,79,16,0,0,0,0,0,0,0,-32287,0,0,0,0,0,2841972,0
2760001,7728,-2508,92,712,69,-107,5338,240,-15,-3,152,19387,67,33,79,16,0,0,0,0,0,0,0,-32286,0,0,0,0,0,2841977,0
2760006,7846,-2554,158,715,95,-141,5398,265,13,-9,200,19387,67,33,79,16,0,0,0,0,0,0,0,-32287,0,0,0,0,0,2841992,0
2760011,8020,-2750,184,742,142,-152,5468,305,54,1,248,19389,62,33,79,16,0,0,0,0,0,0,0,-32286,0,0,0,0,0,2841997,0
2760016,7888,-2908,300,799,192,-187,5545,341,87,-5,312,19389,62,33,79,16,0,0,0,0,0,0,0,-32286,0,0,0,0,0,2842012,0
2760021,7876,-2834,308,828,186,-230,5629,372,111,-4,384,19389,58,33,79,16,0,0,0,0,0,0,0,-32286,0,0,0,0,0,2842017,0
2760026,8068,-2950,202,894,230,-252,5722,413,120,-15,464,19389,58,33,79,16,0,0,0,0,0,0,0,-32286,0,0,0,0,0,2842032,0
2760031,7890,-2908,280,924,233,-287,5822,449,119,-9,560,19388,66,33,79,16,0,0,0,0,0,0,0,-32286,0,0,0,0,0,2842037,0
2760036,7982,-2868,134,1013,232,-345,5932,492,121,-12,696,19388,66,33,79,16,0,0,0,0,0,0,0,-32287,0,0,0,0,0,2842052,0
2760041,7900,-3018,128,1073,213,-370,6051,528,134,-1,776,19385,76,33,79,16,0,0,0,0,0,0,0,-32287,0,0,0,0,0,2842057,0
2760046,7848,-2820,98,1135,163,-402,6177,560,130,5,840,19385,76,33,79,16,0,0,0,0,0,0,0,-32286,0,0,0,0,0,2842071,0
2760051,7974,-2768,72,1208,152,-448,6308,583,125,2,904,19387,74,33,79,16,0,0,0,0,0,0,0,-32286,0,0,0,0,0,2842076,0
2760056,8044,-2446,42,1292,118,-510,6449,621,113,3,968,19387,74,33,79,16,0,0,0,0,0,0,0,-32286,0,0,0,0,0,2842091,0
2760061,7872,-2308,64,1255,96,-528,6594,641,106,10,976,19389,72,33,79,16,0,0,0,0,0,0,0,-32286,0,0,0,0,0,2842096,0
2760066,7936,-2250,-40,1220,82,-553,6740,647,86,7,976,19389,72,33,79,16,0,0,0,0,0,0,0,-32286,0,0,0,0,0,2842111,0
2760071,7924,-2092,-112,1212,80,-581,6887,655,66,1,1000,19389,62,33,79,16,0,0,0,0,0,0,0,-32287,0,0,0,0,0,2842116,0
2760076,7752,-2164,-86,1149,25,-553,7036,644,43,5,960,19389,62,33,79,16,0,0,0,0,0,0,0,-32286,0,0,0,0,0,2842131,0
2760081,7990,-2166,-64,1129,15,-552,7180,630,14,5,936,19389,67,33,79,16,0,0,0,0,0,0,0,-32286,0,0,0,0,0,2842136,0
2760086,8046,-2124,44,1120,22,-541,7326,630,-3,0,928,19389,67,33,79,16,0,0,0,0,0,0,0,-32286,0,0,0,0,0,2842151,0
2760091,7934,-2160,128,1065,25,-505,7467,614,-22,14,856,19395,68,33,79,16,0,0,0,0,0,0,0,-32286,0,0,0,0,0,2842156,0
2760096,7996,-1950,62,966,38,-475,7603,594,-101,6,808,19395,68,33,79,16,0,0,0,0,0,0,0,-32286,0,0,0,0,0,2842171,0
2760101,7980,-1938,-102,955,-1,-446,7735,580,-109,-5,800,19402,73,33,79,16,0,0,0,0,0,0,0,-32286,0,0,0,0,0,2842176,0
2760106,8094,-1864,-16,943,0,-411,7863,557,-87,-3,704,19402,73,33,79,16,0,0,0,0,0,0,0,-32287,0,0,0,0,0,2842191,0
2760111,8002,-1860,138,897,-12,-399,7985,529,-96,-1,648,19403,76,33,79,16,0,0,0,0,0,0,0,-32286,0,0,0,0,0,2842196,0
2760116,8226,-1768,210,827,72,-340,8100,503,-37,-5,600,19403,76,33,79,16,0,0,0,0,0,0,0,-32287,0,0,0,0,0,2842211,0
2760121,8370,-1698,144,774,106,-340,8212,489,-19,-2,560,19397,72,33,79,16,0,0,0,0,0,0,0,-32286,0,0,0,0,0,2842216,0
2760126,8306,-1844,-78,679,102,-298,8317,461,-22,3,488,19397,72,33,79,16,0,0,0,0,0,0,0,-32286,0,0,0,0,0,2842231,0
2760131,8250,-2238,-412,584,53,-271,8416,430,-84,-3,416,19390,63,33,79,16,0,0,0,0,0,0,0,-32286,0,0,0,0,0,2842236,0
2760136,8666,-2994,-394,567,64,-242,8509,404,-83,0,376,19390,63,33,79,16,0,0,0,0,0,0,0,-32286,0,0,0,0,0,2842251,0
2760141,8910,-3260,-344,617,18,-255,8597,379,-90,3,328,19389,66,33,79,16,0,0,0,0,0,0,0,-32287,0,0,0,0,0,2842256,0
2760146,9248,-3440,-190,686,17,-259,8682,380,-83,4,312,19389,66,33,79,16,0,0,0,0,0,0,0,-32286,0,0,0,0,0,2842271,0
2760151,9404,-3500,-84,738,-9,-248,8762,355,-71,5,264,19388,69,33,79,16,0,0,0,0,0,0,0,-32286,0,0,0,0,0,2842276,0
2760156,9584,-3300,58,632,-66,-215,8833,309,-73,8,192,19388,69,33,79,16,0,0,0,0,0,0,0,-32287,0,0,0,0,0,2842291,0
2760161,9700,-3182,64,536,-75,-170,8895,271,-84,8,128,19388,62,33,79,16,0,0,0,0,0,0,0,-32286,0,0,0,0,0,2842296,0
2760166,9452,-2804,226,380,-83,-130,8945,208,-118,-3,72,19388,62,33,79,16,0,0,0,0,0,0,0,-32286,0,0,0,0,0,2842311,0
2760171,9454,-2628,242,236,-124,-113,8983,160,-152,-12,64,19386,60,33,79,16,0,0,0,0,0,0,0,-32286,0,0,0,0,0,2842316,0
2760176,9394,-2128,438,1,-77,-50,9011,123,-164,-4,32,19386,60,33,79,16,0,0,0,0,0,0,0,-32286,0,0,0,0,0,2842331,0
2760181,9150,-1936,578,-88,-152,-60,9028,69,-168,2,24,19386,64,33,79,16,0,0,0,0,0,0,0,-32286,0,0,0,0,0,2842336,0
2760186,9388,-1932,586,-103,-157,-69,9040,51,-157,1,16,19386,64,33,79,16,0,0,0,0,0,0,0,-32286,0,0,0,0,0,2842351,0
2760191,9308,-1650,800,-122,-183,-88,9052,46,-119,2,16,19386,73,33,79,16,0,0,0,0,0,0,0,-32287,0,0,0,0,0,2842356,0
2760196,9540,-1702,898,-295,-172,-147,9057,16,-97,5,-8,19386,73,33,79,16,0,0,0,0,0,0,0,-32286,0,0,0,0,0,2842371,0
2760201,9642,-1752,904,-366,-145,-206,9056,5,-78,3,-8,19388,68,33,79,16,0,0,0,0,0,0,0,-32286,0,0,0,0,0,2842376,0
2760206,9788,-1928,906,-413,-77,-268,9054,-4,-60,1,-8,19388,68,33,79,16,0,0,0,0,0,0,0,-32286,0,0,0,0,0,2842391,0
2760211,9812,-2176,868,-471,-26,-336,9056,5,-48,1,0,19388,70,33,79,16,0,0,0,0,0,0,0,-32286,0,0,0,0,0,2842395,0
2760216,9954,-2786,676,-570,44,-443,9055,1,-25,1,-8,19388,70,33,79,16,0,0,0,0,0,0,0,-32286,0,0,0,0,0,2842411,0
2760221,9760,-3128,604,-675,87,-477,9054,1,-2,1,0,19389,70,33,79,16,0,0,0,0,0,0,0,-32286,0,0,0,0,0,2842415,0
2760226,9666,-3520,548,-798,144,-484,9056,5,-2,0,-8,19389,70,33,79,16,0,0,0,0,0,0,0,-32286,0,0,0,0,0,2842430,0
2760231,9434,-3766,600,-916,162,-478,9055,-2,-2,1,0,19388,73,33,79,16,0,0,0,0,0,0,0,-32287,0,0,0,0,0,2842435,0
2760236,9064,-4692,508,-859,30,-527,9055,3,2,0,-8,19388,73,33,79,16,0,0,0,0,0,0,0,-32286,0,0,0,0,0,2842450,0
2760241,8844,-5104,592,-692,-34,-529,9054,0,-1,0,-8,19387,69,33,79,16,0,0,0,0,0,0,0,-32286,0,0,0,0,0,2842458,0
2760246,8504,-4994,630,-628,-158,-541,9055,-4,-2,0,-8,19387,69,33,79,16,0,0,0,0,0,0,0,-32286,0,0,0,0,0,2842473,0
2760251,8752,-4822,844,-676,-57,-543,9054,-1,-2,0,-8,19385,77,33,79,16,0,0,0,0,0,0,0,-32286,0,0,0,0,0,2842478,0
2760256,8082,-5348,1108,-966,99,-495,9053,-5,2,0,0,19385,77,33,79,16,0,0,0,0,0,0,0,-32286,0,0,0,0,0,2842493,0
2760261,7780,-5658,1220,-996,245,-472,9054,1,-4,1,-8,19386,72,33,79,16,0,0,0,0,0,0,0,-32286,0,0,0,0,0,2842498,0
2760266,7362,-5974,1460,-954,387,-468,9053,0,2,1,-8,19386,72,33,79,16,0,0,0,0,0,0,0,-32286,0,0,0,0,0,2842513,0
2760271,6674,-6138,1590,-793,462,-502,9052,-5,-1,1,-8,19387,71,33,79,16,0,0,0,0,0,0,0,-32286,0,0,0,0,0,2842518,0
2760276,5878,-6726,1802,-627,597,-460,9051,-3,3,0,0,19387,71,33,79,16,0,0,0,0,0,0,0,-32286,0,0,0,0,0,2842533,0
2760281,5264,-6946,1790,-551,604,-447,9053,0,4,0,-8,19387,66,33,79,16,0,0,0,0,0,0,0,-32287,0,0,0,0,0,2842538,0
2760286,4868,-7244,1726,-410,620,-406,9052,5,2,0,-8,19387,66,33,79,16,0,0,0,0,0,0,0,-32286,0,0,0,0,0,2842553,0
2760291,4432,-7342,1728,-184,545,-388,9051,-1,-2,2,-16,19388,59,33,79,16,0,0,0,0,0,0,0,-32286,0,0,0,0,0,2842558,0
2760296,5852,-7540,2260,1918,295,-1038,9041,-48,-16,7,-40,19388,59,33,79,16,0,0,0,0,0,0,0,-32286,0,0,0,0,0,2842573,0
2760301,4428,-7340,1508,2640,-247,-1085,9015,-119,-62,10,-80,19389,61,33,79,16,0,0,0,0,0,0,0,-32286,0,0,0,0,0,2842578,0
2760306,5760,-5602,1582,2395,-314,-1094,8967,-224,-136,19,-208,19389,61,33,79,16,0,0,0,0,0,0,0,-32286,0,0,0,0,0,2842593,0
2760311,5792,-4000,1560,1495,61,-1002,8886,-369,-247,26,-496,19392,70,33,79,16,0,0,0,0,0,0,0,-32286,0,0,0,0,0,2842598,0
2760316,4600,-5676,1242,215,350,-746,8766,-545,-364,38,-952,19392,70,33,79,16,0,0,0,0,0,0,0,-32286,0,0,0,0,0,2842613,0
2760321,4118,-7076,1248,304,292,-606,8608,-718,-465,12,-1352,19394,64,33,79,16,0,0,0,0,0,0,0,-32286,0,0,0,0,0,2842618,0
2760326,3954,-7752,1370,589,260,-452,8411,-886,-548,2,-1736,19394,64,33,79,16,0,0,0,0,0,0,0,-32287,0,0,0,0,0,2842633,0
2760331,3636,-7566,1492,677,262,-251,8169,-1068,-594,0,-2112,19392,67,33,79,16,0,0,0,0,0,0,0,-32287,0,0,0,0,0,2842638,0
2760336,3812,-6892,1184,451,275,161,7893,-1231,-604,0,-2456,19392,67,33,79,16,0,0,0,0,0,0,0,-32286,0,0,0,0,0,2842653,0
2760341,4034,-6400,1138,372,232,320,7580,-1391,-607,-2,-2768,19388,58,33,79,16,0,0,0,0,0,0,0,-32286,0,0,0,0,0,2842658,0
2760346,4428,-5956,962,363,206,443,7235,-1522,-572,0,-3048,19388,58,33,79,16,0,0,0,0,0,0,0,-32286,0,0,0,0,0,2842673,0
2760351,4840,-5284,884,328,154,536,6862,-1648,-538,1,-3320,19388,52,33,79,16,0,0,0,0,0,0,0,-32286,0,0,0,0,0,2842678,0
2760356,5824,-4204,778,-43,101,756,6465,-1754,-489,2,-3544,19388,52,33,79,16,0,0,0,0,0,0,0,-32286,0,0,0,0,0,2842693,0
2760361,6226,-3660,860,-257,106,828,6047,-1853,-429,3,-3760,19390,59,33,79,16,0,0,0,0,0,0,0,-32287,0,0,0,0,0,2842698,0
2760366,6610,-3396,890,-365,79,865,5611,-1925,-377,-1,-3896,19390,59,33,79,16,0,0,0,0,0,0,0,-32287,0,0,0,0,0,2842713,0
2760371,7116,-3334,902,-481,17,928,5158,-2002,-334,-3,-4048,19391,68,33,79,16,0,0,0,0,0,0,0,-32286,0,0,0,0,0,2842718,0
2760376,7868,-2752,1294,-773,37,954,4690,-2059,-292,-14,-4128,19391,68,33,79,16,0,0,0,0,0,0,0,-32287,0,0,0,0,0,2842733,0
2760381,8126,-2462,1316,-882,46,924,4216,-2091,-246,-21,-4136,19389,77,33,79,16,0,0,0,0,0,0,0,-32286,0,0,0,0,0,2842738,0
2760386,8384,-2522,1208,-929,12,872,3741,-2086,-186,-26,-4088,19389,77,33,79,16,0,0,0,0,0,0,0,-32287,0,0,0,0,0,2842752,0
2760391,8852,-2484,1264,-863,-29,788,3275,-2039,-100,-17,-3952,19387,78,33,79,16,0,0,0,0,0,0,0,-32286,0,0,0,0,0,2842757,0
2760396,9530,-2112,1868,-516,-113,487,2821,-1983,1,-2,-3840,19387,78,33,79,16,0,0,0,0,0,0,0,-32287,0,0,0,0,0,2842772,0
2760401,9728,-1932,1818,-413,-135,347,2383,-1920,100,11,-3720,19385,81,33,79,16,0,0,0,0,0,0,0,-32286,0,0,0,0,0,2842777,0
2760406,9874,-1656,1622,-449,-112,227,1960,-1848,175,4,-3600,19385,81,33,79,16,0,0,0,0,0,0,0,-32288,0,0,0,0,0,2842792,0
2760411,9958,-1464,1482,-596,-5,156,1550,-1801,212,5,-3512,19387,80,33,79,16,0,0,0,0,0,0,0,-32288,0,0,0,0,0,2842797,0
2760416,9576,-1842,1860,-788,193,0,1148,-1762,206,-5,-3424,19387,80,33,79,16,0,0,0,0,0,0,0,-32286,0,0,0,0,0,2842812,0
2760421,9394,-2270,1820,-752,273,-81,755,-1727,185,-15,-3312,19389,86,33,79,16,0,0,0,0,0,0,0,-32287,0,0,0,0,0,2842817,0
2760426,9154,-2468,1704,-680,343,-115,371,-1689,157,-12,-3216,19389,86,33,79,16,0,0,0,0,0,0,0,-32287,0,0,0,0,0,2842832,0
2760431,8838,-2550,1736,-651,425,-154,-3,-1650,137,-15,-3096,19388,90,33,79,16,0,0,0,0,0,0,0,-32287,0,0,0,0,0,2842837,0
2760436,8274,-2766,1508,-768,678,-123,-368,-1596,135,-10,-2960,19388,90,33,79,16,0,0,0,0,0,0,0,-32286,0,0,0,0,0,2842852,0
2760441,7524,-2622,1504,-875,750,-120,-718,-1531,153,-5,-2816,19387,83,33,79,16,0,0,0,0,0,0,0,-32287,0,0,0,0,0,2842857,0
2760446,7508,-2920,1212,-896,788,-113,-1052,-1466,172,0,-2688,19387,83,33,79,16,0,0,0,0,0,0,0,-32287,0,0,0,0,0,2842872,0
2760451,7268,-3310,994,-837,782,-59,-1371,-1397,208,6,-2552,19387,72,33,79,16,0,0,0,0,0,0,0,-32286,0,0,0,0,0,2842877,0
2760456,6960,-3158,904,-775,812,-11,-1673,-1319,227,2,-2384,19387,72,33,79,16,0,0,0,0,0,0,0,-32287,0,0,0,0,0,2842892,0
2760461,6772,-2926,968,-754,812,2,-1958,-1256,240,-2,-2240,19386,61,33,79,16,0,0,0,0,0,0,0,-32287,0,0,0,0,0,2842897,0
2760466,6708,-2998,688,-780,755,41,-2230,-1192,244,-1,-2112,19386,61,33,79,16,0,0,0,0,0,0,0,-32287,0,0,0,0,0,2842912,0
2760471,6702,-2776,828,-788,720,58,-2486,-1125,242,-1,-1984,19385,59,33,79,16,0,0,0,0,0,0,0,-32287,0,0,0,0,0,2842917,0
2760476,6822,-2494,648,-828,635,101,-2728,-1060,232,0,-1824,19385,59,33,79,16,0,0,0,0,0,0,0,-32287,0,0,0,0,0,2842932,0
2760481,6848,-2406,744,-839,588,113,-2955,-1005,221,-1,-1704,19387,56,33,79,16,0,0,0,0,0,0,0,-32287,0,0,0,0,0,2842937,0
2760486,6816,-2388,798,-875,535,128,-3173,-953,214,-4,-1592,19387,56,33,79,16,0,0,0,0,0,0,0,-32287,0,0,0,0,0,2842952,0
2760491,7014,-2250,848,-912,527,136,-3378,-885,200,-3,-1440,19389,57,33,79,16,0,0,0,0,0,0,0,-32286,0,0,0,0,0,2842957,0
2760496,7144,-2054,1176,-963,609,166,-3570,-836,196,-2,-1336,19389,57,33,79,16,0,0,0,0,0,0,0,-32286,0,0,0,0,0,2842972,0
2760501,7236,-1974,1308,-973,626,135,-3749,-786,191,-4,-1208,19391,57,33,79,16,0,0,0,0,0,0,0,-32286,0,0,0,0,0,2842977,0
2760506,7364,-2062,1244,-935,667,129,-3915,-725,195,-6,-1072,19391,57,33,79,16,0,0,0,0,0,0,0,-32286,0,0,0,0,0,2842992,0
2760511,7256,-1920,1240,-975,694,120,-4069,-672,196,-3,-976,19389,66,33,79,16,0,0,0,0,0,0,0,-32286,0,0,0,0,0,2842997,0
2760516,7384,-1904,1092,-1004,787,89,-4209,-603,195,-6,-808,19389,66,33,79,16,0,0,0,0,0,0,0,-32286,0,0,0,0,0,2843012,0
2760521,7166,-1902,1100,-1059,821,86,-4333,-542,205,-4,-648,19392,70,33,79,16,0,0,0,0,0,0,0,-32286,0,0,0,0,0,2843017,0
2760526,7148,-1824,1088,-1032,790,37,-4445,-481,215,6,-488,19392,70,33,79,16,0,0,0,0,0,0,0,-32286,0,0,0,0,0,2843032,0
2760531,7216,-1984,924,-966,780,40,-4544,-433,208,3,-392,19391,66,33,79,16,0,0,0,0,0,0,0,-32286,0,0,0,0,0,2843037,0
2760536,7006,-2102,824,-854,739,-4,-4626,-347,209,-10,-224,19391,66,33,79,16,0,0,0,0,0,0,0,-32286,0,0,0,0,0,2843052,0
2760541,6750,-1916,890,-862,748,-10,-4693,-284,216,-8,-128,19391,61,33,79,16,0,0,0,0,0,0,0,-32286,0,0,0,0,0,2843057,0
2760546,6652,-1796,882,-872,726,-12,-4747,-227,227,7,-104,19391,61,33,79,16,0,0,0,0,0,0,0,-32287,0,0,0,0,0,2843072,0
2760551,6612,-1808,764,-898,726,-16,-4789,-178,222,11,-72,19387,62,33,79,16,0,0,0,0,0,0,0,-32287,0,0,0,0,0,2843077,0
2760556,6254,-1738,586,-930,666,-32,-4824,-148,205,6,-64,19387,62,33,79,16,0,0,0,0,0,0,0,-32287,0,0,0,0,0,2843092,0
2760561,6224,-1686,582,-917,617,-41,-4845,-84,173,-3,-24,19387,66,33,79,16,0,0,0,0,0,0,0,-32287,0,0,0,0,0,2843097,0
2760566,6098,-1716,588,-930,620,-42,-4853,-23,173,-4,-8,19387,66,33,79,16,0,0,0,0,0,0,0,-32287,0,0,0,0,0,2843111,0
2760571,5972,-1688,692,-955,595,-61,-4853,-3,169,-2,0,19388,68,33,79,16,0,0,0,0,0,0,0,-32286,0,0,0,0,0,2843116,0
2760576,5742,-1798,792,-1008,614,-22,-4853,3,146,0,-8,19388,68,33,79,16,0,0,0,0,0,0,0,-32286,0,0,0,0,0,2843131,0
2760581,5778,-1938,794,-1021,640,-25,-4853,0,111,0,0,19390,73,33,79,16,0,0,0,0,0,0,0,-32286,0,0,0,0,0,2843136,0
2760586,5724,-1986,828,-1031,672,-12,-4851,4,48,0,-8,19390,73,33,79,16,0,0,0,0,0,0,0,-32286,0,0,0,0,0,2843151,0
2760591,5634,-2012,848,-1060,704,-3,-4853,0,12,0,-8,19390,69,33,79,16,0,0,0,0,0,0,0,-32286,0,0,0,0,0,2843156,0
2760596,5566,-2084,780,-1042,718,33,-4853,4,1,0,-8,19390,69,33,79,16,0,0,0,0,0,0,0,-32286,0,0,0,0,0,2843171,0
2760601,5544,-2022,756,-1070,715,46,-4852,0,-4,-1,-8,19389,69,33,79,16,0,0,0,0,0,0,0,-32286,0,0,0,0,0,2843176,0
2760606,5650,-2080,700,-1091,725,73,-4853,0,0,-1,0,19389,69,33,79,16,0,0,0,0,0,0,0,-32286,0,0,0,0,0,2843191,0
2760611,5584,-2084,692,-1118,704,84,-4854,-9,-1,-1,-8,19389,68,33,79,16,0,0,0,0,0,0,0,-32286,0,0,0,0,0,2843196,0
2760616,5698,-2062,666,-1137,673,112,-4853,5,1,0,-8,19389,68,33,79,16,0,0,0,0,0,0,0,-32286,0,0,0,0,0,2843211,0
2760621,5774,-2072,656,-1145,645,110,-4853,-2,0,0,0,19388,67,33,79,16,0,0,0,0,0,0,0,-32287,0,0,0,0,0,2843216,0
2760626,5892,-2132,674,-1129,624,109,-4852,1,5,-1,0,19388,67,33,79,16,0,0,0,0,0,0,0,-32286,0,0,0,0,0,2843231,0
2760631,5962,-2094,730,-1090,579,102,-4852,2,2,0,0,19388,65,33,79,16,0,0,0,0,0,0,0,-32287,0,0,0,0,0,2843236,0
2760636,6242,-2048,820,-1018,479,23,-4852,-2,5,1,0,19388,65,33,79,16,0,0,0,0,0,0,0,-32287,0,0,0,0,0,2843251,0
2760641,6536,-2112,798,-945,428,4,-4851,-4,2,1,0,19388,64,33,79,16,0,0,0,0,0,0,0,-32286,0,0,0,0,0,2843256,0
2760646,6482,-2116,836,-947,402,-9,-4851,4,0,0,-8,19388,64,33,79,16,0,0,0,0,0,0,0,-32286,0,0,0,0,0,2843271,0
2760651,6610,-2152,908,-976,375,-19,-4851,-1,1,-1,-8,19390,61,33,79,16,0,0,0,0,0,0,0,-32286,0,0,0,0,0,2843276,0
2760656,6736,-2286,994,-1058,379,-21,-4849,5,-4,-2,0,19390,61,33,79,16,0,0,0,0,0,0,0,-32287,0,0,0,0,0,2843291,0
2760661,6758,-2308,894,-1096,320,-11,-4850,1,2,-2,0,19389,63,33,79,16,0,0,0,0,0,0,0,-32286,0,0,0,0,0,2843296,0
2760666,6844,-2328,884,-1098,288,-12,-4848,11,10,-2,8,19389,63,33,79,16,0,0,0,0,0,0,0,-32286,0,0,0,0,0,2843311,0
2760671,6940,-2352,924,-1050,207,-50,-4844,10,3,0,8,19388,65,33,79,16,0,0,0,0,0,0,0,-32286,0,0,0,0,0,2843316,0
2760676,7184,-2494,1148,-970,193,-44,-4839,17,14,-1,16,19388,65,33,79,16,0,0,0,0,0,0,0,-32286,0,0,0,0,0,2843331,0
2760681,7294,-2444,1284,-948,179,-43,-4832,28,21,-1,16,19388,63,33,79,16,0,0,0,0,0,0,0,-32286,0,0,0,0,0,2843336,0
2760686,7422,-2472,1316,-934,179,-34,-4822,45,29,0,8,19388,63,33,79,16,0,0,0,0,0,0,0,-32286,0,0,0,0,0,2843351,0
2760691,7380,-2434,1350,-949,175,-38,-4812,34,26,0,8,19388,65,33,79,16,0,0,0,0,0,0,0,-32286,0,0,0,0,0,2843356,0
2760696,7500,-2470,1352,-912,182,-42,-4810,6,11,3,-8,19388,65,33,79,16,0,0,0,0,0,0,0,-32287,0,0,0,0,0,2843371,0
2760701,7632,-2542,1350,-877,154,-52,-4811,-1,-18,0,0,19389,66,33,79,16,0,0,0,0,0,0,0,-32287,0,0,0,0,0,2843376,0
2760706,7648,-2530,1344,-861,136,-51,-4812,0,-41,-1,-8,19389,66,33,79,16,0,0,0,0,0,0,0,-32287,0,0,0,0,0,2843391,0
2760711,7818,-2538,1440,-890,155,-40,-4810,6,-39,0,-8,19391,71,33,79,16,0,0,0,0,0,0,0,-32286,0,0,0,0,0,2843396,0
2760716,8060,-2554,1784,-1030,266,23,-4811,-1,-20,-1,-8,19391,71,33,79,16,0,0,0,0,0,0,0,-32287,0,0,0,0,0,2843411,0
2760721,8230,-2662,1852,-1031,304,37,-4810,7,0,-1,-8,19390,75,33,79,16,0,0,0,0,0,0,0,-32287,0,0,0,0,0,2843416,0
2760726,8394,-2696,1854,-993,325,40,-4812,-6,-3,-1,0,19390,75,33,79,16,0,0,0,0,0,0,0,-32287,0,0,0,0,0,2843431,0
2760731,8500,-2588,1806,-970,328,41,-4811,-2,-2,0,-8,19390,78,33,79,16,0,0,0,0,0,0,0,-32287,0,0,0,0,0,2843436,0
2760736,8728,-2300,1642,-1031,389,57,-4810,0,-2,0,-8,19390,78,33,79,16,0,0,0,0,0,0,0,-32286,0,0,0,0,0,2843450,0
2760741,8774,-2280,1576,-1078,393,59,-4810,7,5,-1,0,19389,76,33,79,16,0,0,0,0,0,0,0,-32287,0,0,0,0,0,2843455,0
2760746,8924,-2294,1428,-1071,377,63,-4809,0,0,-1,0,19389,76,33,79,16,0,0,0,0,0,0,0,-32286,0,0,0,0,0,2843470,0
2760751,8968,-2280,1410,-1053,351,49,-4807,6,-1,-1,0,19389,74,33,79,16,0,0,0,0,0,0,0,-32286,0,0,0,0,0,2843475,0
2760756,9222,-2118,1342,-1018,334,28,-4806,5,6,-1,-8,19389,74,33,79,16,0,0,0,0,0,0,0,-32286,0,0,0,0,0,2843490,0
2760761,9340,-1982,1446,-1029,357,11,-4806,-1,3,0,0,19388,78,33,79,16,0,0,0,0,0,0,0,-32286,0,0,0,0,0,2843495,0
2760766,9498,-1950,1510,-1042,410,7,-4804,0,-1,0,0,19388,78,33,79,16,0,0,0,0,0,0,0,-32286,0,0,0,0,0,2843510,0
2760771,9500,-1954,1652,-1064,464,-2,-4805,-2,-4,0,0,19388,75,33,79,16,0,0,0,0,0,0,0,-32287,0,0,0,0,0,2843515,0
2760776,9656,-2022,1800,-1025,575,-29,-4804,5,-5,0,0,19388,75,33,79,16,0,0,0,0,0,0,0,-32286,0,0,0,0,0,2843530,0
2760781,9580,-2014,1884,-1023,635,-49,-4805,-1,-5,0,0,19390,67,33,79,16,0,0,0,0,0,0,0,-32286,0,0,0,0,0,2843535,0
2760786,9492,-1976,1912,-1051,715,-48,-4804,-1,-1,0,-8,19390,67,33,79,16,0,0,0,0,0,0,0,-32286,0,0,0,0,0,2843550,0
2760791,9454,-1898,1856,-1062,776,-49,-4805,-4,0,-1,0,19391,67,33,79,16,0,0,0,0,0,0,0,-32287,0,0,0,0,0,2843555,0
2760796,9372,-1714,1810,-1073,875,-84,-4805,-2,1,0,0,19391,67,33,79,16,0,0,0,0,0,0,0,-32286,0,0,0,0,0,2843570,0
2760801,9146,-1592,1836,-1137,960,-77,-4804,2,-2,-2,0,19391,61,33,79,16,0,0,0,0,0,0,0,-32286,0,0,0,0,0,2843575,0
2760806,8974,-1512,1778,-1210,1015,-54,-4804,7,1,-2,0,19391,61,33,79,16,0,0,0,0,0,0,0,-32286,0,0,0,0,0,2843591,0
2760811,8848,-1510,1662,-1247,1046,-46,-4801,9,4,-2,0,19390,72,33,79,16,0,0,0,0,0,0,0,-32287,0,0,0,0,0,2843596,0
2760816,8748,-1226,1510,-1254,1077,-30,-4797,17,15,-2,8,19390,72,33,79,16,0,0,0,0,0,0,0,-32287,0,0,0,0,0,2843610,0
2760821,8614,-1088,1540,-1338,1104,-14,-4786,43,27,-4,24,19391,76,33,79,16,0,0,0,0,0,0,0,-32287,0,0,0,0,0,2843615,0
2760826,8616,-1066,1614,-1453,1120,6,-4764,106,53,-11,72,19391,76,33,79,16,0,0,0,0,0,0,0,-32287,0,0,0,0,0,2843630,0
2760831,8772,-1166,1654,-1509,1071,6,-4720,203,117,-12,136,19388,77,33,79,16,0,0,0,0,0,0,0,-32286,0,0,0,0,0,2843635,0
2760836,9712,-1926,1938,-1428,753,-45,-4653,311,200,-9,328,19388,77,33,79,16,0,0,0,0,0,0,0,-32286,0,0,0,0,0,2843650,0
2760841,10518,-2240,2142,-1412,634,-66,-4556,433,289,-27,600,19391,79,33,79,16,0,0,0,0,0,0,0,-32286,0,0,0,0,0,2843655,0
2760846,11016,-2486,2160,-1572,508,-69,-4429,569,372,-29,968,19391,79,33,79,16,0,0,0,0,0,0,0,-32287,0,0,0,0,0,2843670,0
2760851,11608,-2970,2178,-1686,369,-103,-4268,719,422,1,1304,19391,79,33,79,16,0,0,0,0,0,0,0,-32287,0,0,0,0,0,2843675,0
2760856,12588,-4272,2070,-1596,90,-228,-4079,858,458,0,1608,19391,79,33,79,16,0,0,0,0,0,0,0,-32286,0,0,0,0,0,2843690,0
2760861,12858,-4958,1908,-1452,-20,-310,-3858,986,476,-1,1864,19392,73,33,79,16,0,0,0,0,0,0,0,-32286,0,0,0,0,0,2843695,0
2760866,12734,-5348,2038,-1315,-52,-403,-3610,1096,466,-2,2104,19392,73,33,79,16,0,0,0,0,0,0,0,-32286,0,0,0,0,0,2843710,0
2760871,12400,-5602,1984,-1107,-98,-525,-3339,1194,447,5,2280,19390,68,33,79,16,0,0,0,0,0,0,0,-32286,0,0,0,0,0,2843715,0
2760876,11232,-5924,1716,-824,32,-697,-3055,1261,401,10,2400,19390,68,33,79,16,0,0,0,0,0,0,0,-32286,0,0,0,0,0,2843730,0
2760881,10332,-6248,1638,-773,130,-768,-2760,1290,314,3,2448,19391,69,33,79,16,0,0,0,0,0,0,0,-32286,0,0,0,0,0,2843735,0
2760886,9554,-6772,1686,-708,195,-800,-2465,1301,226,10,2440,19391,69,33,79,16,0,0,0,0,0,0,0,-32286,0,0,0,0,0,2843750,0
2760891,8630,-7448,1728,-673,257,-804,-2172,1281,133,15,2384,19389,72,33,79,16,0,0,0,0,0,0,0,-32287,0,0,0,0,0,2843755,0
2760896,6892,-8746,1932,-559,392,-716,-1881,1277,52,8,2368,19389,72,33,79,16,0,0,0,0,0,0,0,-32286,0,0,0,0,0,2843770,0
2760901,6016,-9460,1820,-368,340,-657,-1597,1257,-11,4,2320,19389,72,33,79,16,0,0,0,0,0,0,0,-32286,0,0,0,0,0,2843775,0
2760906,5442,-9866,1820,-82,252,-597,-1316,1232,-42,0,2256,19389,72,33,79,16,0,0,0,0,0,0,0,-32286,0,0,0,0,0,2843790,0
2760911,4886,-10142,1756,227,176,-512,-1042,1203,-65,6,2176,19389,65,33,79,16,0,0,0,0,0,0,0,-32286,0,0,0,0,0,2843795,0
2760916,4198,-9214,1358,593,52,-331,-772,1188,-69,4,2128,19389,65,33,79,16,0,0,0,0,0,0,0,-32286,0,0,0,0,0,2843810,0
2760921,3828,-8368,1210,647,38,-303,-513,1146,-87,7,2008,19387,70,33,79,16,0,0,0,0,0,0,0,-32286,0,0,0,0,0,2843815,0
2760926,3792,-7708,876,800,-29,-294,-262,1102,-104,6,1896,19387,70,33,79,16,0,0,0,0,0,0,0,-32286,0,0,0,0,0,2843830,0
2760931,3528,-7018,342,949,-116,-304,-27,1032,-131,9,1736,19388,79,33,79,16,0,0,0,0,0,0,0,-32286,0,0,0,0,0,2843835,0
2760936,3238,-5870,-472,993,-262,-306,196,973,-159,8,1576,19388,79,33,79,16,0,0,0,0,0,0,0,-32286,0,0,0,0,0,2843850,0
2760941,2822,-5468,-348,1048,-338,-328,402,896,-198,4,1408,19387,80,33,79,16,0,0,0,0,0,0,0,-32287,0,0,0,0,0,2843855,0
2760946,2876,-5144,-652,1165,-500,-365,590,823,-221,1,1280,19387,80,33,79,16,0,0,0,0,0,0,0,-32286,0,0,0,0,0,2843870,0
2760951,2840,-4890,-882,1200,-565,-357,759,735,-246,2,1088,19390,77,33,79,16,0,0,0,0,0,0,0,-32287,0,0,0,0,0,2843875,0
2760956,2856,-4174,-736,823,-552,-278,910,656,-272,-1,912,19390,77,33,79,16,0,0,0,0,0,0,0,-32286,0,0,0,0,0,2843890,0
2760961,3040,-4084,-500,685,-497,-254,1044,592,-275,-2,760,19390,72,33,79,16,0,0,0,0,0,0,0,-32286,0,0,0,0,0,2843895,0
2760966,3080,-4118,-264,586,-421,-217,1160,507,-273,-2,552,19390,72,33,79,16,0,0,0,0,0,0,0,-32286,0,0,0,0,0,2843909,0
2760971,3298,-4144,-160,489,-355,-158,1257,414,-276,-6,352,19388,69,33,79,16,0,0,0,0,0,0,0,-32287,0,0,0,0,0,2843914,0
2760976,3808,-4376,164,551,-340,-62,1343,374,-266,-10,288,19388,69,33,79,16,0,0,0,0,0,0,0,-32286,0,0,0,0,0,2843929,0
2760981,3806,-4292,226,618,-427,-25,1417,329,-238,-2,240,19385,61,33,79,16,0,0,0,0,0,0,0,-32287,0,0,0,0,0,2843934,0
2760986,4112,-4606,-10,484,-502,144,1482,278,-207,8,152,19385,61,33,79,16,0,0,0,0,0,0,0,-32286,0,0,0,0,0,2843949,0
2760991,4098,-4168,12,179,-531,248,1535,221,-185,-5,96,19386,59,33,79,16,0,0,0,0,0,0,0,-32287,0,0,0,0,0,2843954,0
2760996,4896,-4428,312,-97,-615,457,1571,198,-158,-12,80,19386,59,33,79,16,0,0,0,0,0,0,0,-32286,0,0,0,0,0,2843969,0
2761001,5330,-4830,382,-24,-745,513,1604,145,-166,-6,56,19388,55,33,79,16,0,0,0,0,0,0,0,-32286,0,0,0,0,0,2843974,0
2761006,5874,-4826,440,126,-890,562,1632,119,-158,-9,48,19388,55,33,79,16,0,0,0,0,0,0,0,-32286,0,0,0,0,0,2843989,0
2761011,6378,-4832,484,196,-954,635,1651,84,-141,5,24,19389,57,33,79,16,0,0,0,0,0,0,0,-32286,0,0,0,0,0,2843996,0
2761016,7402,-4324,766,68,-1033,714,1660,38,-129,3,8,19389,57,33,79,16,0,0,0,0,0,0,0,-32286,0,0,0,0,0,2843996,0
2761021,7750,-4140,828,-13,-1015,722,1664,10,-127,-1,8,19384,63,33,79,16,0,0,0,0,0,0,0,-32286,0,0,0,0,0,2843996,0
2761026,8042,-4084,780,-57,-981,710,1667,14,-100,-1,8,19384,63,33,79,16,0,0,0,0,0,0,0,-32287,0,0,0,0,0,2844001,0
2761031,8196,-3918,710,-76,-933,668,1672,27,-65,-2,16,19378,67,33,79,16,0,0,0,0,0,0,0,-32286,0,0,0,0,0,2844013,0
2761036,8292,-3698,424,-53,-820,538,1684,58,-6,-1,32,19378,67,33,79,16,0,0,0,0,0,0,0,-32286,0,0,0,0,0,2844013,0
2761041,8160,-3554,278,-37,-767,466,1703,89,44,-3,32,19374,68,33,79,16,0,0,0,0,0,0,0,-32286,0,0,0,0,0,2844013,0
2761046,7920,-3436,26,-22,-725,395,1723,84,71,3,32,19374,68,33,79,16,0,0,0,0,0,0,0,-32286,0,0,0,0,0,2844017,0
2761051,7694,-3272,-104,10,-732,270,1744,99,67,-3,48,19376,68,33,79,16,0,0,0,0,0,0,0,-32286,0,0,0,0,0,2844029,0
2761056,7236,-3306,-508,39,-799,126,1772,129,57,-3,56,19376,68,33,79,16,0,0,0,0,0,0,0,-32287,0,0,0,0,0,2844036,0
2761061,6956,-3136,-530,-37,-881,33,1800,119,44,1,64,19377,67,33,79,16,0,0,0,0,0,0,0,-32287,0,0,0,0,0,2844041,0
2761066,6940,-3350,-554,-78,-922,-4,1839,173,58,0,88,19377,67,33,79,16,0,0,0,0,0,0,0,-32287,0,0,0,0,0,2844042,0
2761071,6520,-3636,-360,-128,-977,-31,1881,192,77,2,112,19378,72,33,79,16,0,0,0,0,0,0,0,-32287,0,0,0,0,0,2844045,0
2761076,6124,-4434,-186,-18,-1170,-51,1926,194,78,6,104,19378,72,33,79,16,0,0,0,0,0,0,0,-32287,0,0,0,0,0,2844060,0
2761081,6124,-4642,-108,65,-1300,-41,1974,210,70,0,112,19377,72,33,79,16,0,0,0,0,0,0,0,-32286,0,0,0,0,0,2844072,0
2761086,6216,-4450,100,150,-1314,-54,2029,246,63,-7,168,19377,72,33,79,16,0,0,0,0,0,0,0,-32287,0,0,0,0,0,2844076,0
2761091,6332,-4474,322,230,-1318,-65,2090,273,66,0,216,19377,68,33,79,16,0,0,0,0,0,0,0,-32287,0,0,0,0,0,2844081,0
2761096,6654,-4362,608,592,-1359,-139,2165,331,67,-6,312,19377,68,33,79,16,0,0,0,0,0,0,0,-32287,0,0,0,0,0,2844082,0
2761101,6898,-4184,642,804,-1356,-187,2252,393,98,-14,456,19375,55,33,79,16,0,0,0,0,0,0,0,-32286,0,0,0,0,0,2844085,0
2761106,7050,-3898,702,939,-1348,-245,2350,432,138,-18,512,19375,55,33,79,16,0,0,0,0,0,0,0,-32286,0,0,0,0,0,2844100,0
2761111,7346,-3652,648,973,-1287,-250,2452,456,132,-8,600,19375,51,33,79,16,0,0,0,0,0,0,0,-32286,0,0,0,0,0,2844104,0
2761116,7572,-3510,694,986,-1144,-266,2561,483,155,-2,672,19375,51,33,79,16,0,0,0,0,0,0,0,-32287,0,0,0,0,0,2844112,0
2761121,7494,-3444,806,1030,-1127,-301,2676,513,130,1,736,19375,61,33,79,16,0,0,0,0,0,0,0,-32287,0,0,0,0,0,2844126,0
2761126,7654,-3576,762,1127,-1080,-294,2799,542,137,7,784,19375,61,33,79,16,0,0,0,0,0,0,0,-32286,0,0,0,0,0,2844126,0
2761131,7546,-3434,830,1180,-1041,-285,2923,548,90,9,784,19376,64,33,79,16,0,0,0,0,0,0,0,-32287,0,0,0,0,0,2844131,0
2761136,7536,-3086,788,1155,-927,-267,3048,549,76,2,776,19376,64,33,79,16,0,0,0,0,0,0,0,-32286,0,0,0,0,0,2844142,0
2761141,7480,-3078,770,1132,-884,-267,3176,565,51,0,808,19380,66,33,79,16,0,0,0,0,0,0,0,-32286,0,0,0,0,0,2844147,0
2761146,7440,-3060,670,1133,-844,-242,3304,564,34,1,800,19380,66,33,79,16,0,0,0,0,0,0,0,-32286,0,0,0,0,0,2844162,0
2761151,7218,-3124,606,1127,-810,-241,3429,548,19,3,752,19388,77,33,79,16,0,0,0,0,0,0,0,-32287,0,0,0,0,0,2844167,0
2761156,7038,-3150,342,1098,-785,-190,3552,537,-1,4,712,19388,77,33,79,16,0,0,0,0,0,0,0,-32287,0,0,0,0,0,2844185,0
2761161,6978,-3110,252,1097,-798,-173,3676,542,-16,1,728,19388,64,33,79,16,0,0,0,0,0,0,0,-32286,0,0,0,0,0,2844195,0
2761166,6798,-3342,80,1095,-839,-131,3797,524,-20,4,680,19388,64,33,79,16,0,0,0,0,0,0,0,-32286,0,0,0,0,0,2844203,0
2761171,6620,-3270,-34,1084,-898,-87,3914,515,-28,0,632,19387,68,33,79,16,0,0,0,0,0,0,0,-32286,0,0,0,0,0,2844213,0
2761176,6622,-3142,-234,1059,-985,-5,4025,492,-37,-1,592,19387,68,33,79,16,0,0,0,0,0,0,0,-32287,0,0,0,0,0,2844223,0
2761181,6494,-3162,-224,1025,-1045,45,4138,499,-46,-5,624,19382,58,33,79,16,0,0,0,0,0,0,0,-32286,0,0,0,0,0,2844233,0
2761186,6470,-3176,-290,995,-1081,91,4245,474,-47,7,512,19382,58,33,79,16,0,0,0,0,0,0,0,-32286,0,0,0,0,0,2844239,0
2761191,6502,-2938,-290,966,-1139,138,4344,437,-50,-1,448,19379,58,33,79,16,0,0,0,0,0,0,0,-32286,0,0,0,0,0,2844244,0
2761196,6678,-2676,-204,863,-1186,204,4437,405,-70,-3,400,19379,58,33,79,16,0,0,0,0,0,0,0,-32287,0,0,0,0,0,2844259,0
2761201,7030,-2770,-136,807,-1105,253,4529,399,-82,-4,400,19379,62,33,79,16,0,0,0,0,0,0,0,-32287,0,0,0,0,0,2844264,0
2761206,6904,-2620,86,770,-1090,261,4617,387,-81,1,360,19379,62,33,79,16,0,0,0,0,0,0,0,-32287,0,0,0,0,0,2844280,0
2761211,7194,-2828,52,806,-1067,284,4697,354,-67,15,256,19382,64,33,79,16,0,0,0,0,0,0,0,-32286,0,0,0,0,0,2844285,0
2761216,7490,-2740,238,947,-998,285,4771,324,-73,6,216,19382,64,33,79,16,0,0,0,0,0,0,0,-32286,0,0,0,0,0,2844296,0
2761221,7590,-2410,396,954,-931,275,4838,293,-89,3,176,19384,70,33,79,16,0,0,0,0,0,0,0,-32286,0,0,0,0,0,2844301,0
2761226,7790,-2226,466,929,-854,238,4898,269,-99,-3,144,19384,70,33,79,16,0,0,0,0,0,0,0,-32287,0,0,0,0,0,2844315,0
2761231,8002,-2164,416,911,-748,239,4955,250,-95,-3,128,19385,69,33,79,16,0,0,0,0,0,0,0,-32286,0,0,0,0,0,2844320,0
2761236,8102,-2150,542,897,-616,214,5008,233,-88,-8,128,19385,69,33,79,16,0,0,0,0,0,0,0,-32286,0,0,0,0,0,2844335,0
2761241,8120,-2098,378,960,-607,163,5056,210,-69,0,88,19385,75,33,79,16,0,0,0,0,0,0,0,-32286,0,0,0,0,0,2844343,0
2761246,8424,-2038,294,774,-444,234,5096,163,-71,3,56,19385,75,33,79,16,0,0,0,0,0,0,0,-32287,0,0,0,0,0,2844358,0
2761251,7816,-2128,522,784,-352,197,5125,124,-94,-7,48,19387,71,33,79,16,0,0,0,0,0,0,0,-32286,0,0,0,0,0,2844363,0
2761256,7994,-2166,390,816,-275,198,5151,104,-106,0,32,19387,71,33,79,16,0,0,0,0,0,0,0,-32286,0,0,0,0,0,2844378,0
2761261,8144,-1904,388,737,-227,165,5172,92,-111,2,40,19390,73,33,79,16,0,0,0,0,0,0,0,-32286,0,0,0,0,0,2844383,0
2761266,8340,-1962,290,692,-128,155,5198,126,-82,-4,48,19390,73,33,79,16,0,0,0,0,0,0,0,-32287,0,0,0,0,0,2844398,0
2761271,8096,-2050,362,629,-2,173,5222,102,-32,3,32,19390,61,33,79,16,0,0,0,0,0,0,0,-32287,0,0,0,0,0,2844403,0
2761276,7860,-2450,64,703,-13,167,5245,101,-8,-1,48,19390,61,33,79,16,0,0,0,0,0,0,0,-32287,0,0,0,0,0,2844418,0
2761281,7666,-2404,-60,845,-70,154,5272,123,11,-3,48,19388,56,33,79,16,0,0,0,0,0,0,0,-32286,0,0,0,0,0,2844423,0
2761286,7444,-2344,-236,816,-80,182,5299,114,12,-1,64,19388,56,33,79,16,0,0,0,0,0,0,0,-32286,0,0,0,0,0,2844437,0
2761291,7530,-2012,-456,729,-94,189,5339,177,26,-4,104,19386,56,33,79,16,0,0,0,0,0,0,0,-32286,0,0,0,0,0,2844442,0
2761296,7184,-1960,-520,722,-143,176,5384,207,65,0,144,19386,56,33,79,16,0,0,0,0,0,0,0,-32286,0,0,0,0,0,2844457,0
2761301,7372,-2162,-704,825,-207,165,5441,248,105,0,168,19387,63,33,79,16,0,0,0,0,0,0,0,-32286,0,0,0,0,0,2844462,0
2761306,7272,-2064,-640,946,-266,150,5504,286,123,4,224,19387,63,33,79,16,0,0,0,0,0,0,0,-32287,0,0,0,0,0,2844477,0
2761311,7240,-2006,-654,987,-297,154,5571,297,129,10,208,19387,60,33,79,16,0,0,0,0,0,0,0,-32286,0,0,0,0,0,2844482,0
2761316,7566,-1734,-652,869,-281,143,5642,310,105,3,248,19387,60,33,79,16,0,0,0,0,0,0,0,-32286,0,0,0,0,0,2844497,0
2761321,7490,-1928,-546,802,-250,160,5715,315,77,0,240,19389,62,33,79,16,0,0,0,0,0,0,0,-32287,0,0,0,0,0,2844502,0
2761326,7484,-2106,-480,755,-250,157,5787,319,47,1,248,19389,62,33,79,16,0,0,0,0,0,0,0,-32286,0,0,0,0,0,2844517,0
2761331,7580,-2198,-358,778,-220,170,5861,327,21,0,248,19389,66,33,79,16,0,0,0,0,0,0,0,-32287,0,0,0,0,0,2844522,0
2761336,7544,-2290,-104,763,-192,167,5933,323,18,2,248,19389,66,33,79,16,0,0,0,0,0,0,0,-32286,0,0,0,0,0,2844537,0
2761341,7544,-2380,-40,757,-143,182,6011,330,15,3,248,19388,76,33,79,16,0,0,0,0,0,0,0,-32287,0,0,0,0,0,2844542,0
2761346,7490,-2380,28,705,-121,188,6084,321,10,1,248,19388,76,33,79,16,0,0,0,0,0,0,0,-32286,0,0,0,0,0,2844557,0
2761351,7622,-2402,-2,685,-84,186,6157,320,6,1,248,19388,70,33,79,16,0,0,0,0,0,0,0,-32286,0,0,0,0,0,2844562,0
2761356,7694,-2500,38,638,-23,168,6225,296,-18,2,200,19388,70,33,79,16,0,0,0,0,0,0,0,-32287,0,0,0,0,0,2844577,0
2761361,7854,-2596,-2,663,9,159,6299,317,-22,-8,256,19392,74,33,79,16,0,0,0,0,0,0,0,-32287,0,0,0,0,0,2844582,0
2761366,7846,-2702,14,701,12,136,6376,344,-3,-8,312,19392,74,33,79,16,0,0,0,0,0,0,0,-32286,0,0,0,0,0,2844597,0
2761371,7902,-2746,-34,777,1,111,6461,382,43,-8,352,19399,82,33,79,16,0,0,0,0,0,0,0,-32286,0,0,0,0,0,2844602,0
2761376,7910,-2614,-152,807,-35,70,6547,388,58,-1,384,19399,82,33,79,16,0,0,0,0,0,0,0,-32286,0,0,0,0,0,2844617,0
2761381,8074,-2652,-286,792,-28,51,6637,390,67,-3,376,19399,80,33,79,16,0,0,0,0,0,0,0,-32287,0,0,0,0,0,2844622,0
2761386,7980,-2564,-276,792,-40,17,6731,420,61,-7,472,19399,80,33,79,16,0,0,0,0,0,0,0,-32286,0,0,0,0,0,2844637,0
2761391,8096,-2630,-354,853,-67,-22,6835,465,70,-17,600,19395,74,33,79,16,0,0,0,0,0,0,0,-32286,0,0,0,0,0,2844642,0
2761396,8176,-2730,-342,990,-120,-101,6944,485,82,-5,648,19395,74,33,79,16,0,0,0,0,0,0,0,-32286,0,0,0,0,0,2844657,0
2761401,8158,-2566,-376,990,-153,-125,7059,499,90,8,656,19388,64,33,79,16,0,0,0,0,0,0,0,-32286,0,0,0,0,0,2844662,0
2761406,8314,-2568,-440,982,-130,-151,7177,519,89,2,728,19388,64,33,79,16,0,0,0,0,0,0,0,-32286,0,0,0,0,0,2844677,0
2761411,8264,-2380,-374,988,-158,-178,7302,546,85,3,784,19388,62,33,79,16,0,0,0,0,0,0,0,-32287,0,0,0,0,0,2844682,0
2761416,8298,-2424,-336,1021,-186,-197,7427,551,69,21,728,19388,62,33,79,16,0,0,0,0,0,0,0,-32286,0,0,0,0,0,2844697,0
2761421,8312,-2476,-302,1005,-202,-204,7553,553,51,12,752,19388,66,33,79,16,0,0,0,0,0,0,0,-32287,0,0,0,0,0,2844701,0
2761426,8438,-2256,-278,1010,-176,-208,7676,536,32,2,696,19388,66,33,79,16,0,0,0,0,0,0,0,-32287,0,0,0,0,0,2844717,0
2761431,8398,-2208,-214,1015,-156,-218,7800,538,11,0,704,19388,67,33,79,16,0,0,0,0,0,0,0,-32286,0,0,0,0,0,2844721,0
2761436,8298,-1904,-56,880,-89,-191,7920,519,-12,11,632,19388,67,33,79,16,0,0,0,0,0,0,0,-32287,0,0,0,0,0,2844736,0
2761441,8494,-1880,-180,828,-36,-175,8035,502,-27,-2,592,19389,61,33,79,16,0,0,0,0,0,0,0,-32286,0,0,0,0,0,2844741,0
2761446,8242,-1854,-80,801,0,-168,8143,482,-46,-4,560,19389,61,33,79,16,0,0,0,0,0,0,0,-32287,0,0,0,0,0,2844756,0
2761451,8352,-1920,-148,802,16,-193,8247,458,-61,-1,488,19391,64,33,79,16,0,0,0,0,0,0,0,-32287,0,0,0,0,0,2844761,0
2761456,8248,-1814,-234,798,20,-182,8346,426,-80,1,408,19391,64,33,79,16,0,0,0,0,0,0,0,-32286,0,0,0,0,0,2844776,0
2761461,8362,-1856,-304,774,17,-183,8437,397,-83,2,352,19393,64,33,79,16,0,0,0,0,0,0,0,-32286,0,0,0,0,0,2844781,0
2761466,8382,-1980,-242,721,50,-180,8522,364,-93,5,320,19393,64,33,79,16,0,0,0,0,0,0,0,-32286,0,0,0,0,0,2844796,0
2761471,8468,-2154,-268,683,43,-202,8603,354,-98,3,272,19392,68,33,79,16,0,0,0,0,0,0,0,-32286,0,0,0,0,0,2844801,0
2761476,8708,-2900,-266,730,52,-257,8682,345,-85,-1,280,19392,68,33,79,16,0,0,0,0,0,0,0,-32287,0,0,0,0,0,2844816,0
2761481,9028,-3442,-478,830,53,-256,8760,348,-59,1,256,19391,64,33,79,16,0,0,0,0,0,0,0,-32287,0,0,0,0,0,2844821,0
2761486,8940,-3754,-460,885,25,-275,8834,328,-52,4,240,19391,64,33,79,16,0,0,0,0,0,0,0,-32286,0,0,0,0,0,2844836,0
2761491,9176,-4114,-608,952,-5,-288,8902,304,-36,6,192,19388,64,33,79,16,0,0,0,0,0,0,0,-32287,0,0,0,0,0,2844841,0
2761496,9216,-4672,-776,1065,-147,-236,8965,275,-52,0,152,19388,64,33,79,16,0,0,0,0,0,0,0,-32286,0,0,0,0,0,2844856,0
2761501,9512,-4756,-724,1155,-247,-222,9024,253,-70,0,128,19390,68,33,79,16,0,0,0,0,0,0,0,-32287,0,0,0,0,0,2844861,0
2761506,9574,-4486,-514,1225,-312,-215,9078,236,-74,-1,104,19390,68,33,79,16,0,0,0,0,0,0,0,-32287,0,0,0,0,0,2844876,0
2761511,9670,-4284,-358,1205,-412,-198,9126,214,-81,0,104,19390,73,33,79,16,0,0,0,0,0,0,0,-32287,0,0,0,0,0,2844881,0
2761516,9512,-3408,-142,979,-557,-79,9170,180,-76,0,72,19390,73,33,79,16,0,0,0,0,0,0,0,-32286,0,0,0,0,0,2844896,0
2761521,9580,-3110,58,740,-544,37,9202,138,-84,1,24,19391,72,33,79,16,0,0,0,0,0,0,0,-32287,0,0,0,0,0,2844901,0
2761526,9238,-2542,404,462,-515,96,9210,27,-130,7,-8,19391,72,33,79,16,0,0,0,0,0,0,0,-32286,0,0,0,0,0,2844916,0
2761531,9366,-2294,490,362,-543,84,9208,-9,-189,3,-8,19391,72,33,79,16,0,0,0,0,0,0,0,-32286,0,0,0,0,0,2844921,0
2761536,9438,-1704,872,508,-457,29,9208,-1,-195,-1,-8,19391,72,33,79,16,0,0,0,0,0,0,0,-32286,0,0,0,0,0,2844936,0
2761541,9540,-1436,846,510,-390,-14,9207,-7,-145,0,-8,19389,68,33,79,16,0,0,0,0,0,0,0,-32287,0,0,0,0,0,2844941,0
2761546,9538,-1260,700,499,-366,-64,9206,-3,-68,-1,-8,19389,68,33,79,16,0,0,0,0,0,0,0,-32286,0,0,0,0,0,2844956,0
2761551,9622,-1214,522,521,-367,-146,9208,-3,-6,-1,-8,19388,69,33,79,16,0,0,0,0,0,0,0,-32286,0,0,0,0,0,2844961,0
2761556,9984,-1360,152,413,-289,-287,9207,0,4,0,-8,19388,69,33,79,16,0,0,0,0,0,0,0,-32287,0,0,0,0,0,2844976,0
2761561,10128,-1624,-12,252,-211,-357,9202,-17,1,1,-8,19389,75,33,79,16,0,0,0,0,0,0,0,-32286,0,0,0,0,0,2844981,0
2761566,10188,-2062,-206,81,-138,-404,9201,-18,-11,0,-16,19389,75,33,79,16,0,0,0,0,0,0,0,-32287,0,0,0,0,0,2844996,0
2761571,10200,-2550,-288,-87,-92,-446,9197,-16,-15,0,-16,19391,73,33,79,16,0,0,0,0,0,0,0,-32287,0,0,0,0,0,2845001,0
2761576,9954,-3564,-234,-404,12,-482,9193,-15,-2,0,-16,19391,73,33,79,16,0,0,0,0,0,0,0,-32286,0,0,0,0,0,2845016,0
2761581,9700,-4114,-76,-490,76,-466,9191,-10,-11,-2,-8,19392,71,33,79,16,0,0,0,0,0,0,0,-32286,0,0,0,0,0,2845021,0
2761586,9218,-4544,184,-580,91,-438,9190,-4,1,0,-8,19392,71,33,79,16,0,0,0,0,0,0,0,-32286,0,0,0,0,0,2845035,0
2761591,8802,-4884,224,-640,109,-418,9189,-1,16,1,-8,19392,69,33,79,16,0,0,0,0,0,0,0,-32286,0,0,0,0,0,2845040,0
2761596,8052,-5370,418,-829,181,-291,9189,-4,14,0,-8,19392,69,33,79,16,0,0,0,0,0,0,0,-32287,0,0,0,0,0,2845055,0
2761601,7478,-5662,632,-993,238,-228,9189,4,6,0,-8,19390,68,33,79,16,0,0,0,0,0,0,0,-32286,0,0,0,0,0,2845060,0
2761606,7006,-6236,834,-1030,280,-170,9188,3,3,0,-8,19390,68,33,79,16,0,0,0,0,0,0,0,-32287,0,0,0,0,0,2845075,0
2761611,6450,-6668,1068,-922,275,-143,9187,0,-3,0,-8,19389,59,33,79,16,0,0,0,0,0,0,0,-32287,0,0,0,0,0,2845080,0
2761616,7796,-6788,2528,1374,89,-892,9176,-52,-15,7,-56,19389,59,33,79,16,0,0,0,0,0,0,0,-32286,0,0,0,0,0,2845095,0
2761621,5516,-7644,1858,2288,-423,-913,9147,-137,-71,11,-96,19389,57,33,79,16,0,0,0,0,0,0,0,-32287,0,0,0,0,0,2845100,0
2761626,7172,-5150,1918,1968,-348,-919,9094,-243,-157,10,-208,19389,57,33,79,16,0,0,0,0,0,0,0,-32287,0,0,0,0,0,2845115,0
2761631,6538,-3826,1960,1005,60,-829,9012,-376,-259,18,-472,19390,62,33,79,16,0,0,0,0,0,0,0,-32287,0,0,0,0,0,2845120,0
2761636,5382,-5746,1164,-181,449,-601,8892,-541,-366,49,-952,19390,62,33,79,16,0,0,0,0,0,0,0,-32287,0,0,0,0,0,2845135,0
2761641,4618,-7288,1038,-67,392,-511,8729,-741,-462,28,-1432,19391,59,33,79,16,0,0,0,0,0,0,0,-32286,0,0,0,0,0,2845140,0
2761646,4570,-7678,1346,238,382,-423,8521,-939,-560,5,-1880,19391,59,33,79,16,0,0,0,0,0,0,0,-32286,0,0,0,0,0,2845155,0
2761651,4354,-7348,1708,348,552,-300,8267,-1142,-631,4,-2320,19388,60,33,79,16,0,0,0,0,0,0,0,-32286,0,0,0,0,0,2845160,0
2761656,4580,-7118,1424,-287,1108,289,7964,-1348,-684,6,-2736,19388,60,33,79,16,0,0,0,0,0,0,0,-32286,0,0,0,0,0,2845175,0
2761661,2742,-7220,1918,-753,1383,543,7621,-1520,-702,-9,-3072,19388,65,33,79,16,0,0,0,0,0,0,0,-32287,0,0,0,0,0,2845180,0
2761666,3254,-8756,1058,-456,1149,716,7245,-1666,-672,-11,-3344,19388,65,33,79,16,0,0,0,0,0,0,0,-32286,0,0,0,0,0,2845195,0
2761671,3634,-8470,944,182,1000,839,6844,-1778,-604,-8,-3576,19385,78,33,79,16,0,0,0,0,0,0,0,-32286,0,0,0,0,0,2845200,0
2761676,4442,-5936,336,358,784,1086,6423,-1858,-506,0,-3728,19385,78,33,79,16,0,0,0,0,0,0,0,-32286,0,0,0,0,0,2845215,0
2761681,4844,-4724,54,21,795,1182,5987,-1922,-407,1,-3872,19382,82,33,79,16,0,0,0,0,0,0,0,-32286,0,0,0,0,0,2845220,0
2761686,5312,-4100,-92,-189,739,1207,5537,-1985,-326,4,-4000,19382,82,33,79,16,0,0,0,0,0,0,0,-32287,0,0,0,0,0,2845235,0
2761691,5758,-4136,-214,-292,625,1260,5069,-2056,-270,-3,-4120,19379,81,33,79,16,0,0,0,0,0,0,0,-32286,0,0,0,0,0,2845240,0
2761696,7042,-3266,-84,-348,393,1281,4593,-2104,-232,-13,-4192,19379,81,33,79,16,0,0,0,0,0,0,0,-32287,0,0,0,0,0,2845254,0
2761701,7434,-2638,126,-463,321,1253,4108,-2126,-208,-19,-4208,19377,86,33,79,16,0,0,0,0,0,0,0,-32286,0,0,0,0,0,2845259,0
2761706,8020,-2214,180,-617,220,1210,3621,-2135,-157,-13,-4184,19377,86,33,79,16,0,0,0,0,0,0,0,-32287,0,0,0,0,0,2845274,0
2761711,8618,-1756,344,-747,128,1134,3145,-2090,-92,-11,-4080,19378,93,33,79,16,0,0,0,0,0,0,0,-32286,0,0,0,0,0,2845279,0
2761716,9722,-1556,820,-732,-36,883,2682,-2034,1,-2,-3976,19378,93,33,79,16,0,0,0,0,0,0,0,-32287,0,0,0,0,0,2845294,0
2761721,10228,-1376,1270,-633,-119,698,2234,-1961,104,5,-3832,19381,96,33,79,16,0,0,0,0,0,0,0,-32286,0,0,0,0,0,2845299,0
2761726,10610,-1244,1484,-541,-188,558,1801,-1902,171,5,-3728,19381,96,33,79,16,0,0,0,0,0,0,0,-32287,0,0,0,0,0,2845314,0
2761731,11038,-1016,1636,-569,-188,416,1381,-1851,209,0,-3608,19385,88,33,79,16,0,0,0,0,0,0,0,-32287,0,0,0,0,0,2845319,0
2761736,11468,-1104,2642,-814,273,205,969,-1801,205,-10,-3464,19385,88,33,79,16,0,0,0,0,0,0,0,-32287,0,0,0,0,0,2845334,0
2761741,11116,-1436,2912,-862,454,105,567,-1757,189,-14,-3336,19387,81,33,79,16,0,0,0,0,0,0,0,-32286,0,0,0,0,0,2845339,0
2761746,10934,-1858,2774,-836,623,5,174,-1723,160,-10,-3248,19387,81,33,79,16,0,0,0,0,0,0,0,-32287,0,0,0,0,0,2845354,0
2761751,10692,-2132,2650,-775,825,-60,-202,-1663,154,-4,-3112,19387,77,33,79,16,0,0,0,0,0,0,0,-32287,0,0,0,0,0,2845359,0
2761756,9686,-2284,2408,-866,1270,-159,-568,-1598,171,-2,-2960,19387,77,33,79,16,0,0,0,0,0,0,0,-32287,0,0,0,0,0,2845374,0
2761761,9056,-2564,2052,-948,1448,-149,-916,-1526,192,-1,-2808,19386,80,33,79,16,0,0,0,0,0,0,0,-32287,0,0,0,0,0,2845379,0
2761766,8652,-2982,1760,-993,1516,-153,-1249,-1452,209,0,-2672,19386,80,33,79,16,0,0,0,0,0,0,0,-32286,0,0,0,0,0,2845394,0
2761771,7900,-3100,1412,-957,1629,-141,-1563,-1374,233,0,-2488,19385,74,33,79,16,0,0,0,0,0,0,0,-32286,0,0,0,0,0,2845399,0
2761776,6932,-3160,716,-898,1638,-117,-1860,-1297,252,0,-2344,19385,74,33,79,16,0,0,0,0,0,0,0,-32287,0,0,0,0,0,2845414,0
2761781,6676,-3188,442,-881,1582,-89,-2139,-1217,268,-1,-2176,19388,77,33,79,16,0,0,0,0,0,0,0,-32286,0,0,0,0,0,2845419,0
2761786,6300,-3156,44,-911,1555,-69,-2399,-1139,267,-4,-1992,19388,77,33,79,16,0,0,0,0,0,0,0,-32287,0,0,0,0,0,2845434,0
2761791,6000,-2972,-78,-950,1477,-33,-2644,-1067,269,-4,-1832,19387,73,33,79,16,0,0,0,0,0,0,0,-32286,0,0,0,0,0,2845439,0
2761796,5670,-2954,-228,-1000,1280,-22,-2872,-992,265,-5,-1648,19387,73,33,79,16,0,0,0,0,0,0,0,-32286,0,0,0,0,0,2845454,0
2761801,5824,-2886,-256,-939,1160,-37,-3084,-924,258,-1,-1504,19388,69,33,79,16,0,0,0,0,0,0,0,-32287,0,0,0,0,0,2845458,0
2761806,5776,-2902,-200,-887,1014,-44,-3280,-867,257,-3,-1384,19388,69,33,79,16,0,0,0,0,0,0,0,-32287,0,0,0,0,0,2845475,0
2761811,5868,-2642,-180,-903,885,-41,-3462,-792,243,-3,-1208,19386,63,33,79,16,0,0,0,0,0,0,0,-32287,0,0,0,0,0,2845480,0
2761816,5916,-2536,108,-1087,802,17,-3631,-742,229,1,-1112,19386,63,33,79,16,0,0,0,0,0,0,0,-32286,0,0,0,0,0,2845493,0
2761821,6080,-2622,292,-1178,781,42,-3789,-679,208,-5,-944,19386,64,33,79,16,0,0,0,0,0,0,0,-32287,0,0,0,0,0,2845498,0
2761826,6082,-2680,540,-1188,774,52,-3932,-627,204,-4,-848,19386,64,33,79,16,0,0,0,0,0,0,0,-32287,0,0,0,0,0,2845513,0
2761831,6210,-2742,738,-1180,763,80,-4066,-575,198,0,-728,19386,62,33,79,16,0,0,0,0,0,0,0,-32287,0,0,0,0,0,2845518,0
2761836,6484,-2698,930,-1144,773,109,-4186,-512,190,-4,-552,19386,62,33,79,16,0,0,0,0,0,0,0,-32287,0,0,0,0,0,2845533,0
2761841,6470,-2394,1000,-1169,808,115,-4287,-438,197,0,-376,19387,67,33,79,16,0,0,0,0,0,0,0,-32286,0,0,0,0,0,2845538,0
2761846,6608,-2376,1064,-1186,818,128,-4380,-397,203,11,-336,19387,67,33,79,16,0,0,0,0,0,0,0,-32287,0,0,0,0,0,2845553,0
2761851,6582,-2362,1044,-1187,829,141,-4461,-351,205,0,-264,19387,69,33,79,16,0,0,0,0,0,0,0,-32286,0,0,0,0,0,2845558,0
2761856,6570,-2268,936,-1178,824,146,-4532,-309,184,-4,-192,19387,69,33,79,16,0,0,0,0,0,0,0,-32286,0,0,0,0,0,2845573,0
2761861,6582,-2176,864,-1146,831,140,-4590,-245,167,-12,-72,19389,71,33,79,16,0,0,0,0,0,0,0,-32286,0,0,0,0,0,2845578,0
2761866,6468,-2282,844,-1135,831,158,-4633,-176,177,11,-56,19389,71,33,79,16,0,0,0,0,0,0,0,-32287,0,0,0,0,0,2845593,0
2761871,6356,-2052,814,-1115,800,137,-4658,-101,201,9,-32,19390,69,33,79,16,0,0,0,0,0,0,0,-32286,0,0,0,0,0,2845598,0
2761876,5956,-2102,626,-1177,796,160,-4672,-63,217,2,-24,19390,69,33,79,16,0,0,0,0,0,0,0,-32287,0,0,0,0,0,2845613,0
2761881,5886,-2166,564,-1165,772,148,-4681,-38,208,-3,-8,19386,75,33,79,16,0,0,0,0,0,0,0,-32287,0,0,0,0,0,2845618,0
2761886,5744,-2202,560,-1115,756,158,-4681,-1,172,-5,0,19386,75,33,79,16,0,0,0,0,0,0,0,-32286,0,0,0,0,0,2845633,0
2761891,5476,-2296,522,-1078,717,152,-4681,-1,125,0,0,19386,74,33,79,16,0,0,0,0,0,0,0,-32287,0,0,0,0,0,2845638,0
2761896,5292,-2220,428,-996,642,130,-4681,2,73,0,-8,19386,74,33,79,16,0,0,0,0,0,0,0,-32286,0,0,0,0,0,2845653,0
2761901,5204,-2106,400,-1006,631,140,-4680,1,43,0,0,19386,66,33,79,16,0,0,0,0,0,0,0,-32286,0,0,0,0,0,2845658,0
2761906,5146,-2078,374,-1053,649,146,-4680,3,14,-1,0,19386,66,33,79,16,0,0,0,0,0,0,0,-32286,0,0,0,0,0,2845673,0
2761911,5148,-2108,354,-1089,660,145,-4680,-2,-2,-1,0,19388,56,33,79,16,0,0,0,0,0,0,0,-32286,0,0,0,0,0,2845678,0
2761916,5132,-2230,336,-1024,632,140,-4681,-2,-1,-1,0,19388,56,33,79,16,0,0,0,0,0,0,0,-32286,0,0,0,0,0,2845693,0
2761921,5266,-2204,286,-964,619,123,-4681,-5,-5,0,0,19388,45,33,79,16,0,0,0,0,0,0,0,-32286,0,0,0,0,0,2845698,0
2761926,5266,-2164,312,-937,586,100,-4682,-7,-1,-1,0,19388,45,33,79,16,0,0,0,0,0,0,0,-32287,0,0,0,0,0,2845713,0
2761931,5438,-2174,258,-919,593,87,-4680,1,-3,0,0,19388,47,33,79,16,0,0,0,0,0,0,0,-32286,0,0,0,0,0,2845718,0
2761936,5560,-2192,362,-927,582,98,-4681,1,4,0,0,19388,47,33,79,16,0,0,0,0,0,0,0,-32286,0,0,0,0,0,2845733,0
2761941,5646,-2258,422,-929,552,81,-4681,0,2,0,0,19388,46,33,79,16,0,0,0,0,0,0,0,-32287,0,0,0,0,0,2845738,0
2761946,5786,-2374,480,-914,543,75,-4681,-2,0,0,0,19388,46,33,79,16,0,0,0,0,0,0,0,-32286,0,0,0,0,0,2845753,0
2761951,5948,-2370,568,-887,531,79,-4680,0,-1,0,-8,19388,54,33,79,16,0,0,0,0,0,0,0,-32286,0,0,0,0,0,2845758,0
2761956,6268,-2368,742,-864,522,39,-4682,-6,1,-1,0,19388,54,33,79,16,0,0,0,0,0,0,0,-32286,0,0,0,0,0,2845773,0
2761961,6410,-2444,792,-843,532,26,-4679,4,1,-1,0,19388,62,33,79,16,0,0,0,0,0,0,0,-32286,0,0,0,0,0,2845777,0
2761966,6548,-2476,830,-815,517,28,-4680,5,6,-1,0,19388,62,33,79,16,0,0,0,0,0,0,0,-32286,0,0,0,0,0,2845792,0
2761971,6702,-2512,934,-801,490,9,-4680,3,4,1,-8,19389,64,33,79,16,0,0,0,0,0,0,0,-32286,0,0,0,0,0,2845797,0
2761976,6936,-2790,770,-779,312,-13,-4680,-2,-4,0,0,19389,64,33,79,16,0,0,0,0,0,0,0,-32286,0,0,0,0,0,2845812,0
2761981,7102,-2890,782,-699,268,-11,-4679,0,-1,0,0,19387,58,33,79,16,0,0,0,0,0,0,0,-32286,0,0,0,0,0,2845817,0
2761986,7084,-2604,834,-720,213,-20,-4680,-4,-1,0,0,19387,58,33,79,16,0,0,0,0,0,0,0,-32286,0,0,0,0,0,2845832,0
2761991,7344,-2582,830,-802,208,-24,-4678,9,1,0,-8,19384,61,33,79,16,0,0,0,0,0,0,0,-32286,0,0,0,0,0,2845837,0
2761996,7326,-2814,1010,-845,174,-32,-4681,-11,-4,0,0,19384,61,33,79,16,0,0,0,0,0,0,0,-32287,0,0,0,0,0,2845852,0
2762001,7286,-3168,940,-798,110,-22,-4679,2,3,-1,0,19382,58,33,79,16,0,0,0,0,0,0,0,-32287,0,0,0,0,0,2845857,0
2762006,7080,-3212,902,-777,50,-15,-4679,-2,-1,-2,0,19382,58,33,79,16,0,0,0,0,0,0,0,-32287,0,0,0,0,0,2845872,0
2762011,7198,-3178,918,-704,17,3,-4679,7,1,-2,0,19382,62,33,79,16,0,0,0,0,0,0,0,-32286,0,0,0,0,0,2845877,0
2762016,7214,-3040,1082,-703,5,17,-4678,0,-1,-1,0,19382,62,33,79,16,0,0,0,0,0,0,0,-32287,0,0,0,0,0,2845892,0
2762021,7280,-3074,1142,-680,20,24,-4677,1,4,0,0,19383,58,33,79,16,0,0,0,0,0,0,0,-32286,0,0,0,0,0,2845897,0
2762026,7286,-3178,1188,-643,-4,21,-4677,1,1,0,0,19383,58,33,79,16,0,0,0,0,0,0,0,-32287,0,0,0,0,0,2845912,0
2762031,7420,-3208,1180,-589,-41,35,-4676,-3,0,0,0,19385,62,33,79,16,0,0,0,0,0,0,0,-32287,0,0,0,0,0,2845917,0
2762036,7634,-3124,1360,-538,-41,43,-4676,0,-1,0,0,19385,62,33,79,16,0,0,0,0,0,0,0,-32286,0,0,0,0,0,2845932,0
2762041,7880,-3078,1408,-517,-19,29,-4674,5,1,0,0,19388,61,33,79,16,0,0,0,0,0,0,0,-32286,0,0,0,0,0,2845937,0
2762046,7994,-2904,1464,-497,-7,35,-4674,1,-3,0,0,19388,61,33,79,16,0,0,0,0,0,0,0,-32287,0,0,0,0,0,2845952,0
2762051,8194,-2832,1502,-500,2,15,-4674,-1,1,0,-8,19388,62,33,79,16,0,0,0,0,0,0,0,-32286,0,0,0,0,0,2845957,0
2762056,8594,-2656,1464,-500,37,-21,-4673,4,-1,-1,0,19388,62,33,79,16,0,0,0,0,0,0,0,-32286,0,0,0,0,0,2845972,0
2762061,8652,-2576,1486,-493,38,-48,-4674,-1,-3,-2,0,19388,60,33,79,16,0,0,0,0,0,0,0,-32287,0,0,0,0,0,2845977,0
2762066,8786,-2572,1480,-504,41,-73,-4673,0,-1,-2,0,19388,60,33,79,16,0,0,0,0,0,0,0,-32287,0,0,0,0,0,2845992,0
2762071,8972,-2524,1446,-522,57,-74,-4672,3,-1,-1,0,19388,60,33,79,16,0,0,0,0,0,0,0,-32286,0,0,0,0,0,2845997,0
2762076,9108,-2450,1578,-570,96,-110,-4670,0,6,-1,0,19388,60,33,79,16,0,0,0,0,0,0,0,-32286,0,0,0,0,0,2846012,0
2762081,9180,-2432,1658,-567,150,-121,-4667,16,6,-1,0,19390,66,33,79,16,0,0,0,0,0,0,0,-32287,0,0,0,0,0,2846017,0
2762086,9120,-2354,1772,-573,182,-141,-4665,9,3,-1,8,19390,66,33,79,16,0,0,0,0,0,0,0,-32287,0,0,0,0,0,2846032,0
2762091,9214,-2350,1844,-563,236,-160,-4663,11,7,-1,8,19392,69,33,79,16,0,0,0,0,0,0,0,-32286,0,0,0,0,0,2846037,0
2762096,9092,-2190,1938,-542,363,-210,-4658,20,7,0,8,19392,69,33,79,16,0,0,0,0,0,0,0,-32286,0,0,0,0,0,2846052,0
2762101,9094,-2076,1938,-516,424,-248,-4651,31,19,-1,24,19392,65,33,79,16,0,0,0,0,0,0,0,-32286,0,0,0,0,0,2846057,0
2762106,9026,-1926,1892,-473,452,-301,-4637,62,25,-6,40,19392,65,33,79,16,0,0,0,0,0,0,0,-32286,0,0,0,0,0,2846072,0
2762111,9034,-1806,1742,-414,473,-362,-4613,109,62,-5,48,19390,62,33,79,16,0,0,0,0,0,0,0,-32286,0,0,0,0,0,2846076,0
2762116,8790,-1480,1472,-460,468,-392,-4589,99,79,0,40,19390,62,33,79,16,0,0,0,0,0,0,0,-32286,0,0,0,0,0,2846092,0
2762121,8876,-1150,1392,-481,482,-448,-4562,124,77,-5,64,19387,66,33,79,16,0,0,0,0,0,0,0,-32286,0,0,0,0,0,2846096,0
2762126,8856,-1206,1362,-502,491,-455,-4525,160,81,0,64,19387,66,33,79,16,0,0,0,0,0,0,0,-32286,0,0,0,0,0,2846111,0
2762131,8550,-1036,1436,-577,446,-471,-4488,168,67,1,88,19387,70,33,79,16,0,0,0,0,0,0,0,-32286,0,0,0,0,0,2846116,0
2762136,8588,-922,1476,-720,466,-450,-4450,152,61,4,72,19387,70,33,79,16,0,0,0,0,0,0,0,-32286,0,0,0,0,0,2846131,0
2762141,8660,-746,1580,-802,463,-454,-4412,157,42,-3,72,19388,72,33,79,16,0,0,0,0,0,0,0,-32286,0,0,0,0,0,2846136,0
2762146,8788,-732,1658,-887,533,-445,-4372,183,23,-4,112,19388,72,33,79,16,0,0,0,0,0,0,0,-32287,0,0,0,0,0,2846151,0
2762151,8784,-686,1762,-976,520,-441,-4324,218,30,0,128,19388,69,33,79,16,0,0,0,0,0,0,0,-32287,0,0,0,0,0,2846156,0
2762156,9344,-1208,2004,-1245,541,-402,-4267,255,54,3,176,19388,69,33,79,16,0,0,0,0,0,0,0,-32287,0,0,0,0,0,2846171,0
2762161,9934,-1534,2226,-1341,513,-414,-4195,320,104,-8,312,19388,65,33,79,16,0,0,0,0,0,0,0,-32286,0,0,0,0,0,2846176,0
2762166,10584,-2068,2360,-1414,476,-410,-4105,415,161,-20,512,19388,65,33,79,16,0,0,0,0,0,0,0,-32286,0,0,0,0,0,2846191,0
2762171,11194,-2530,2430,-1471,389,-413,-3990,513,224,-26,776,19388,70,33,79,16,0,0,0,0,0,0,0,-32287,0,0,0,0,0,2846196,0
2762176,12600,-3322,2430,-1552,292,-433,-3857,604,273,-3,1016,19388,70,33,79,16,0,0,0,0,0,0,0,-32287,0,0,0,0,0,2846211,0
2762181,13158,-3874,2384,-1611,303,-461,-3697,713,318,-2,1264,19387,68,33,79,16,0,0,0,0,0,0,0,-32286,0,0,0,0,0,2846216,0
2762186,13638,-4596,2320,-1539,257,-525,-3510,851,351,-8,1552,19387,68,33,79,16,0,0,0,0,0,0,0,-32286,0,0,0,0,0,2846231,0
2762191,13644,-5360,2242,-1429,299,-571,-3297,947,370,0,1768,19386,61,33,79,16,0,0,0,0,0,0,0,-32286,0,0,0,0,0,2846236,0
2762196,13130,-5956,1852,-957,318,-763,-3062,1049,389,-1,1976,19386,61,33,79,16,0,0,0,0,0,0,0,-32286,0,0,0,0,0,2846251,0
2762201,12302,-5924,1710,-822,403,-848,-2810,1116,375,7,2112,19388,66,33,79,16,0,0,0,0,0,0,0,-32287,0,0,0,0,0,2846256,0
2762206,11620,-6036,1518,-743,511,-899,-2543,1179,333,6,2224,19388,66,33,79,16,0,0,0,0,0,0,0,-32286,0,0,0,0,0,2846271,0
2762211,10846,-6478,1468,-681,642,-940,-2271,1211,264,8,2272,19389,74,33,79,16,0,0,0,0,0,0,0,-32286,0,0,0,0,0,2846276,0
2762216,9048,-7802,1264,-472,651,-972,-1992,1230,199,5,2288,19389,74,33,79,16,0,0,0,0,0,0,0,-32287,0,0,0,0,0,2846291,0
2762221,8282,-8316,1002,-362,552,-985,-1714,1227,127,7,2280,19389,78,33,79,16,0,0,0,0,0,0,0,-32286,0,0,0,0,0,2846296,0
2762226,7608,-8910,1074,-242,540,-943,-1435,1222,78,5,2264,19389,78,33,79,16,0,0,0,0,0,0,0,-32286,0,0,0,0,0,2846311,0
2762231,6558,-9132,874,-106,388,-906,-1156,1231,36,7,2264,19387,75,33,79,16,0,0,0,0,0,0,0,-32287,0,0,0,0,0,2846316,0
2762236,5312,-8986,874,272,240,-785,-880,1209,3,9,2208,19387,75,33,79,16,0,0,0,0,0,0,0,-32287,0,0,0,0,0,2846331,0
2762241,4842,-8880,1028,453,274,-694,-607,1195,-19,8,2144,19385,72,33,79,16,0,0,0,0,0,0,0,-32286,0,0,0,0,0,2846339,0
2762246,4236,-8418,972,576,273,-622,-342,1172,-39,11,2064,19385,72,33,79,16,0,0,0,0,0,0,0,-32287,0,0,0,0,0,2846354,0
2762251,3930,-7850,614,644,275,-528,-85,1123,-68,10,1960,19385,64,33,79,16,0,0,0,0,0,0,0,-32286,0,0,0,0,0,2846359,0
2762256,3202,-6706,164,718,291,-436,161,1078,-97,3,1832,19385,64,33,79,16,0,0,0,0,0,0,0,-32286,0,0,0,0,0,2846374,0
2762261,2900,-6282,-76,847,238,-420,397,1029,-126,4,1720,19387,72,33,79,16,0,0,0,0,0,0,0,-32286,0,0,0,0,0,2846378,0
2762266,2554,-5978,-366,1032,59,-413,617,968,-158,3,1584,19387,72,33,79,16,0,0,0,0,0,0,0,-32287,0,0,0,0,0,2846393,0
2762271,2222,-5696,-866,1112,-115,-373,821,884,-190,1,1416,19387,74,33,79,16,0,0,0,0,0,0,0,-32286,0,0,0,0,0,2846398,0
2762276,2250,-4762,-1134,1009,-332,-266,1011,833,-208,-1,1304,19387,74,33,79,16,0,0,0,0,0,0,0,-32286,0,0,0,0,0,2846413,0
2762281,2418,-4116,-900,825,-351,-237,1182,750,-229,3,1112,19387,71,33,79,16,0,0,0,0,0,0,0,-32286,0,0,0,0,0,2846418,0
2762286,2806,-3836,-728,712,-297,-228,1339,676,-240,4,952,19387,71,33,79,16,0,0,0,0,0,0,0,-32286,0,0,0,0,0,2846433,0
2762291,3042,-3786,-614,673,-234,-200,1479,612,-249,0,824,19387,66,33,79,16,0,0,0,0,0,0,0,-32286,0,0,0,0,0,2846438,0
2762296,3144,-3794,-178,539,-158,-61,1605,550,-236,6,640,19387,66,33,79,16,0,0,0,0,0,0,0,-32287,0,0,0,0,0,2846453,0
2762301,3536,-3928,-164,560,-165,-41,1714,474,-245,-7,472,19391,65,33,79,16,0,0,0,0,0,0,0,-32286,0,0,0,0,0,2846458,0
2762306,3588,-4006,-126,631,-229,27,1812,424,-234,-20,408,19391,65,33,79,16,0,0,0,0,0,0,0,-32286,0,0,0,0,0,2846473,0
2762311,3462,-4430,-252,413,-267,228,1901,386,-215,-9,368,19392,59,33,79,16,0,0,0,0,0,0,0,-32287,0,0,0,0,0,2846478,0
2762316,4214,-3962,104,-77,-253,416,1980,342,-186,14,264,19392,59,33,79,16,0,0,0,0,0,0,0,-32286,0,0,0,0,0,2846493,0
2762321,4500,-4336,266,-63,-304,482,2053,316,-158,11,216,19391,62,33,79,16,0,0,0,0,0,0,0,-32286,0,0,0,0,0,2846498,0
2762326,4810,-4464,434,41,-451,513,2119,291,-135,7,176,19391,62,33,79,16,0,0,0,0,0,0,0,-32286,0,0,0,0,0,2846513,0
2762331,5484,-4498,440,137,-559,535,2182,281,-112,-5,176,19388,57,33,79,16,0,0,0,0,0,0,0,-32286,0,0,0,0,0,2846518,0
2762336,6474,-4476,606,75,-694,680,2241,267,-89,-1,160,19388,57,33,79,16,0,0,0,0,0,0,0,-32286,0,0,0,0,0,2846533,0
2762341,6808,-4404,856,-17,-755,721,2299,257,-61,-4,152,19386,64,33,79,16,0,0,0,0,0,0,0,-32286,0,0,0,0,0,2846538,0
2762346,7224,-4364,954,-77,-765,738,2353,232,-52,3,104,19386,64,33,79,16,0,0,0,0,0,0,0,-32287,0,0,0,0,0,2846553,0
2762351,7488,-4420,892,-120,-759,774,2395,182,-60,-5,88,19385,64,33,79,16,0,0,0,0,0,0,0,-32286,0,0,0,0,0,2846558,0
2762356,7794,-4218,624,-126,-754,716,2432,149,-82,-8,56,19385,64,33,79,16,0,0,0,0,0,0,0,-32286,0,0,0,0,0,2846573,0
2762361,7804,-4022,502,-109,-761,651,2467,155,-102,-7,64,19386,61,33,79,16,0,0,0,0,0,0,0,-32286,0,0,0,0,0,2846578,0
2762366,7888,-4018,238,-110,-710,633,2496,117,-89,5,48,19386,61,33,79,16,0,0,0,0,0,0,0,-32287,0,0,0,0,0,2846593,0
2762371,7792,-3586,200,-98,-722,501,2523,114,-73,-3,48,19386,62,33,79,16,0,0,0,0,0,0,0,-32287,0,0,0,0,0,2846598,0
2762376,7616,-3508,-52,-20,-655,320,2546,99,-54,2,32,19386,62,33,79,16,0,0,0,0,0,0,0,-32286,0,0,0,0,0,2846613,0
2762381,7654,-3444,-114,11,-680,194,2563,68,-53,4,24,19387,71,33,79,16,0,0,0,0,0,0,0,-32286,0,0,0,0,0,2846618,0
2762386,7566,-3556,-214,78,-717,78,2585,94,-54,-4,48,19387,71,33,79,16,0,0,0,0,0,0,0,-32286,0,0,0,0,0,2846633,0
2762391,7306,-3724,-282,100,-788,12,2609,104,-20,-1,40,19386,71,33,79,16,0,0,0,0,0,0,0,-32287,0,0,0,0,0,2846644,0
2762396,6864,-3938,-260,-18,-870,-69,2632,101,-1,1,48,19386,71,33,79,16,0,0,0,0,0,0,0,-32286,0,0,0,0,0,2846652,0
2762401,6618,-4356,-232,-99,-885,-62,2662,129,24,-6,64,19390,74,33,79,16,0,0,0,0,0,0,0,-32286,0,0,0,0,0,2846657,0
2762406,6298,-4552,-152,-145,-910,-57,2694,143,43,1,72,19390,74,33,79,16,0,0,0,0,0,0,0,-32286,0,0,0,0,0,2846672,0
2762411,6280,-4694,28,-42,-957,-99,2736,193,58,0,120,19389,66,33,79,16,0,0,0,0,0,0,0,-32287,0,0,0,0,0,2846677,0
2762416,6182,-4946,446,320,-1002,-118,2789,234,83,3,152,19389,66,33,79,16,0,0,0,0,0,0,0,-32288,0,0,0,0,0,2846692,0
2762421,6402,-4858,474,454,-987,-119,2843,246,111,1,168,19391,66,33,79,16,0,0,0,0,0,0,0,-32286,0,0,0,0,0,2846697,0
2762426,6672,-4658,514,609,-1010,-125,2909,287,114,-5,248,19391,66,33,79,16,0,0,0,0,0,0,0,-32286,0,0,0,0,0,2846712,0
2762431,6850,-4530,588,750,-997,-133,2985,331,118,0,288,19389,60,33,79,16,0,0,0,0,0,0,0,-32286,0,0,0,0,0,2846717,0
2762436,7118,-4062,608,916,-1012,-165,3066,365,119,-4,360,19389,60,33,79,16,0,0,0,0,0,0,0,-32286,0,0,0,0,0,2846732,0
2762441,7258,-3948,644,1012,-992,-159,3157,408,124,-12,456,19389,59,33,79,16,0,0,0,0,0,0,0,-32286,0,0,0,0,0,2846737,0
2762446,7378,-3704,734,1107,-987,-162,3256,436,129,-12,512,19389,59,33,79,16,0,0,0,0,0,0,0,-32286,0,0,0,0,0,2846752,0
2762451,7398,-3528,758,1101,-965,-167,3358,450,114,-3,552,19387,62,33,79,16,0,0,0,0,0,0,0,-32286,0,0,0,0,0,2846757,0
2762456,7402,-3204,770,1100,-819,-89,3459,446,96,3,528,19387,62,33,79,16,0,0,0,0,0,0,0,-32286,0,0,0,0,0,2846772,0
2762461,7480,-3094,810,1083,-781,-97,3564,463,59,1,584,19388,54,33,79,16,0,0,0,0,0,0,0,-32286,0,0,0,0,0,2846777,0
2762466,7518,-3022,754,1113,-719,-106,3673,482,35,2,608,19388,54,33,79,16,0,0,0,0,0,0,0,-32286,0,0,0,0,0,2846792,0
2762471,7300,-3104,748,1163,-702,-75,3782,476,38,9,592,19390,56,33,79,16,0,0,0,0,0,0,0,-32287,0,0,0,0,0,2846797,0
2762476,7232,-2976,456,1177,-673,-35,3891,470,29,2,568,19390,56,33,79,16,0,0,0,0,0,0,0,-32286,0,0,0,0,0,2846812,0
2762481,6992,-2880,424,1141,-670,-7,3997,465,18,3,544,19388,56,33,79,16,0,0,0,0,0,0,0,-32286,0,0,0,0,0,2846817,0
2762486,6892,-3038,264,1126,-686,9,4108,483,5,-4,624,19388,56,33,79,16,0,0,0,0,0,0,0,-32286,0,0,0,0,0,2846832,0
2762491,6826,-3070,122,1148,-713,45,4219,487,3,0,592,19387,65,33,79,16,0,0,0,0,0,0,0,-32286,0,0,0,0,0,2846837,0
2762496,6576,-3190,-32,1145,-827,132,4325,468,6,9,544,19387,65,33,79,16,0,0,0,0,0,0,0,-32286,0,0,0,0,0,2846852,0
2762501,6566,-2952,-24,1123,-859,139,4428,446,-9,2,480,19384,73,33,79,16,0,0,0,0,0,0,0,-32286,0,0,0,0,0,2846857,0
2762506,6658,-2974,-66,1120,-892,191,4531,450,-22,-5,504,19384,73,33,79,16,0,0,0,0,0,0,0,-32286,0,0,0,0,0,2846872,0
2762511,6542,-2966,18,1100,-932,223,4636,449,-27,-3,504,19388,90,33,79,16,0,0,0,0,0,0,0,-32287,0,0,0,0,0,2846877,0
2762516,6782,-2864,94,1055,-954,280,4730,418,-33,5,424,19388,90,33,79,16,0,0,0,0,0,0,0,-32286,0,0,0,0,0,2846892,0
2762521,6858,-2776,102,1038,-933,305,4822,397,-40,0,400,19386,90,33,79,16,0,0,0,0,0,0,0,-32286,0,0,0,0,0,2846896,0
2762526,6908,-2606,212,1024,-942,305,4908,381,-55,3,360,19386,90,33,79,16,0,0,0,0,0,0,0,-32286,0,0,0,0,0,2846911,0
2762531,7102,-2714,216,1003,-881,338,4995,374,-61,7,336,19387,85,33,79,16,0,0,0,0,0,0,0,-32286,0,0,0,0,0,2846916,0
2762536,7184,-2644,308,877,-795,393,5078,361,-56,6,280,19387,85,33,79,16,0,0,0,0,0,0,0,-32286,0,0,0,0,0,2846931,0
2762541,7148,-2614,334,871,-779,385,5154,325,-48,11,224,19384,65,33,79,16,0,0,0,0,0,0,0,-32286,0,0,0,0,0,2846936,0
2762546,7374,-2700,284,948,-771,362,5224,308,-57,5,192,19384,65,33,79,16,0,0,0,0,0,0,0,-32287,0,0,0,0,0,2846951,0
2762551,7462,-2650,374,1029,-736,363,5287,280,-79,1,144,19384,58,33,79,16,0,0,0,0,0,0,0,-32286,0,0,0,0,0,2846956,0
2762556,7652,-2494,520,1054,-654,372,5343,250,-97,-9,136,19384,58,33,79,16,0,0,0,0,0,0,0,-32286,0,0,0,0,0,2846971,0
2762561,7660,-2262,574,1025,-587,333,5394,223,-98,-9,112,19387,58,33,79,16,0,0,0,0,0,0,0,-32286,0,0,0,0,0,2846976,0
2762566,7890,-2382,486,991,-507,360,5439,194,-91,-4,96,19387,58,33,79,16,0,0,0,0,0,0,0,-32286,0,0,0,0,0,2846991,0
2762571,7886,-2288,560,984,-468,321,5482,187,-84,-2,72,19386,67,33,79,16,0,0,0,0,0,0,0,-32286,0,0,0,0,0,2846996,0
2762576,7854,-2308,402,1044,-490,282,5520,168,-75,-1,64,19386,67,33,79,16,0,0,0,0,0,0,0,-32286,0,0,0,0,0,2847011,0
2762581,7874,-2408,206,885,-307,328,5547,111,-79,1,32,19387,60,33,79,16,0,0,0,0,0,0,0,-32286,0,0,0,0,0,2847016,0
2762586,7536,-2310,492,933,-312,288,5565,74,-99,-1,40,19387,60,33,79,16,0,0,0,0,0,0,0,-32286,0,0,0,0,0,2847031,0
2762591,7894,-2610,252,1011,-294,268,5584,91,-102,-3,32,19387,63,33,79,16,0,0,0,0,0,0,0,-32286,0,0,0,0,0,2847036,0
2762596,7826,-2268,208,941,-217,278,5602,69,-90,2,24,19387,63,33,79,16,0,0,0,0,0,0,0,-32286,0,0,0,0,0,2847051,0
2762601,7790,-2202,216,851,-121,271,5616,56,-62,0,16,19388,67,33,79,16,0,0,0,0,0,0,0,-32286,0,0,0,0,0,2847056,0
2762606,7732,-2238,180,826,-76,260,5633,86,-22,-4,40,19388,67,33,79,16,0,0,0,0,0,0,0,-32286,0,0,0,0,0,2847071,0
2762611,7600,-2298,174,888,-82,247,5657,109,7,-2,48,19390,62,33,79,16,0,0,0,0,0,0,0,-32286,0,0,0,0,0,2847076,0
2762616,7224,-2336,-82,1107,-142,198,5678,83,15,7,24,19390,62,33,79,16,0,0,0,0,0,0,0,-32286,0,0,0,0,0,2847091,0
2762621,7340,-2314,-336,1216,-178,194,5696,74,20,1,32,19391,69,33,79,16,0,0,0,0,0,0,0,-32287,0,0,0,0,0,2847096,0
2762626,7110,-1940,-380,1126,-210,208,5719,104,16,-1,40,19391,69,33,79,16,0,0,0,0,0,0,0,-32286,0,0,0,0,0,2847111,0
2762631,7212,-1808,-490,966,-164,238,5740,92,-1,4,32,19391,66,33,79,16,0,0,0,0,0,0,0,-32286,0,0,0,0,0,2847116,0
2762636,7034,-1938,-508,817,-146,231,5761,92,-1,-3,56,19391,66,33,79,16,0,0,0,0,0,0,0,-32286,0,0,0,0,0,2847131,0
2762641,6990,-3020,-612,748,-66,452,5765,-11,-8,-716,-760,19391,72,33,79,16,0,0,0,0,0,0,0,-32287,0,0,0,0,0,2847136,0
2762646,6100,-2608,-358,455,-194,534,5716,-236,-153,-1301,-1272,19391,72,33,79,16,0,0,0,0,0,0,0,-32287,0,0,0,0,0,2847150,0
2762651,6686,-2820,-620,19,38,750,5620,-441,-357,-1452,-1848,19390,97,33,79,16,0,0,0,0,0,0,0,-32286,0,0,0,0,0,2847155,0
2762656,5950,-3612,174,-997,486,1236,5476,-660,-561,-1657,-2280,19390,97,33,79,16,0,0,0,0,0,0,0,-32286,0,0,0,0,0,2847170,0
2762661,5616,-4232,592,-1183,680,1415,5288,-831,-698,-1858,-2720,19387,154,33,79,16,0,0,0,0,0,0,0,-32286,0,0,0,0,0,2847175,0
2762666,5580,-5122,882,-1095,896,1628,5071,-966,-691,-1946,-2912,19387,154,33,79,16,0,0,0,0,0,0,0,-32287,0,0,0,0,0,2847190,0
2762671,5326,-5184,1134,-961,1017,1748,4834,-1046,-599,-2058,-3112,19369,243,33,79,16,0,0,0,0,0,0,0,-32286,0,0,0,0,0,2847195,0
2762676,5646,-5120,816,-616,1245,1977,4586,-1097,-470,-2184,-3200,19369,243,33,79,16,0,0,0,0,0,0,0,-32285,0,0,0,0,0,2847210,0
2762681,5574,-4648,750,-498,1173,2008,4334,-1100,-317,-2299,-3224,19344,337,33,79,16,0,0,0,0,0,0,0,-32287,0,0,0,0,0,2847215,0
2762686,6258,-4616,438,-359,1189,2032,4086,-1096,-187,-2401,-3256,19344,337,33,79,16,0,0,0,0,0,0,0,-32287,0,0,0,0,0,2847230,0
2762691,6174,-4018,416,-227,1081,2012,3850,-1031,-60,-2507,-3080,19319,415,33,79,16,0,0,0,0,0,0,0,-32285,0,0,0,0,0,2847235,0
2762696,7080,-3406,-4,131,849,1835,3630,-957,54,-2582,-2888,19319,415,33,79,16,0,0,0,0,0,0,0,-32286,0,0,0,0,0,2847250,0
2762701,7482,-3148,-180,305,762,1717,3432,-867,158,-2693,-2768,19308,457,33,79,16,0,0,0,0,0,0,0,-32287,0,0,0,0,0,2847255,0
2762706,7854,-2720,-254,472,537,1557,3256,-761,243,-2784,-2560,19308,457,33,79,16,0,0,0,0,0,0,0,-32287,0,0,0,0,0,2847270,0
2762711,8280,-2520,-374,553,495,1445,3102,-669,303,-2883,-2336,19304,484,33,79,16,0,0,0,0,0,0,0,-32285,0,0,0,0,0,2847275,0
2762716,9242,-2000,-376,707,314,1112,2973,-549,332,-3007,-2096,19304,484,33,79,16,0,0,0,0,0,0,0,-32285,0,0,0,0,0,2847290,0
2762721,9074,-1816,-152,807,204,948,2867,-462,352,-3018,-2024,19308,461,33,79,16,0,0,0,0,0,0,0,-32286,0,0,0,0,0,2847295,0
2762726,9414,-1870,-268,852,137,816,2781,-373,355,-3113,-1960,19308,461,33,79,16,0,0,0,0,0,0,0,-32287,0,0,0,0,0,2847310,0
2762731,9532,-1884,-152,852,152,713,2711,-303,334,-3237,-1704,19311,427,33,79,16,0,0,0,0,0,0,0,-32288,0,0,0,0,0,2847315,0
2762736,9864,-2206,-134,1160,8,460,2666,-184,321,-3329,-1544,19311,427,33,79,16,0,0,0,0,0,0,0,-32288,0,0,0,0,0,2847330,0
2762741,9572,-1962,-142,1264,-95,346,2637,-119,303,-3369,-1424,19319,388,33,79,16,0,0,0,0,0,0,0,-32287,0,0,0,0,0,2847335,0
2762746,9994,-1774,-314,1354,-164,232,2630,-25,307,-3479,-1256,19319,388,33,79,16,0,0,0,0,0,0,0,-32287,0,0,0,0,0,2847350,0
2762751,9838,-1624,-326,1342,-171,176,2633,17,289,-3502,-1272,19327,356,33,79,16,0,0,0,0,0,0,0,-32287,0,0,0,0,0,2847355,0
2762756,9654,-1728,-194,1057,-194,126,2633,-9,236,-3506,-1312,19327,356,33,79,16,0,0,0,0,0,0,0,-32287,0,0,0,0,0,2847370,0
2762761,9524,-1774,74,984,-157,87,2633,-4,137,-3560,-1320,19334,318,33,79,16,0,0,0,0,0,0,0,-32287,0,0,0,0,0,2847375,0
2762766,9364,-2074,218,990,-78,90,2633,-4,62,-3602,-1344,19334,318,33,79,16,0,0,0,0,0,0,0,-32287,0,0,0,0,0,2847390,0
2762771,9174,-2262,432,1023,-62,80,2633,-5,6,-3637,-1352,19339,304,33,79,16,0,0,0,0,0,0,0,-32287,0,0,0,0,0,2847395,0
2762776,9136,-2364,594,1110,52,67,2634,3,-11,-3662,-1376,19339,304,33,79,16,0,0,0,0,0,0,0,-32287,0,0,0,0,0,2847410,0
2762781,9078,-2372,636,1110,107,60,2635,5,1,-3676,-1384,19337,308,33,79,16,0,0,0,0,0,0,0,-32287,0,0,0,0,0,2847414,0
2762786,9088,-2464,636,1119,154,51,2634,0,3,-3698,-1384,19337,308,33,79,16,0,0,0,0,0,0,0,-32287,0,0,0,0,0,2847429,0
2762791,9112,-2602,532,1141,172,40,2634,5,-3,-3704,-1384,19336,320,33,79,16,0,0,0,0,0,0,0,-32288,0,0,0,0,0,2847434,0
2762796,9390,-2950,404,1202,206,-4,2632,-3,-1,-3701,-1392,19336,320,33,79,16,0,0,0,0,0,0,0,-32287,0,0,0,0,0,2847449,0
2762801,9480,-3120,364,1211,202,-40,2634,3,0,-3693,-1384,19335,324,33,79,16,0,0,0,0,0,0,0,-32287,0,0,0,0,0,2847454,0
2762806,9630,-3286,274,1235,204,-68,2634,0,0,-3684,-1392,19335,324,33,79,16,0,0,0,0,0,0,0,-32287,0,0,0,0,0,2847472,0
2762811,9714,-3468,100,1258,199,-89,2635,9,8,-3677,-1368,19334,318,33,79,16,0,0,0,0,0,0,0,-32287,0,0,0,0,0,2847477,0
2762816,9662,-3706,-58,1252,72,-173,2634,4,1,-3657,-1360,19334,318,33,79,16,0,0,0,0,0,0,0,-32288,0,0,0,0,0,2847489,0
2762821,9712,-3874,-166,1257,32,-198,2634,5,-1,-3633,-1352,19335,315,33,79,16,0,0,0,0,0,0,0,-32287,0,0,0,0,0,2847494,0
2762826,9544,-3900,-184,1227,-67,-224,2633,-2,0,-3609,-1344,19335,315,33,79,16,0,0,0,0,0,0,0,-32287,0,0,0,0,0,2847509,0
2762831,9618,-4028,-252,1218,-184,-244,2635,7,-1,-3582,-1312,19336,309,33,79,16,0,0,0,0,0,0,0,-32287,0,0,0,0,0,2847514,0
2762836,9406,-3820,-368,1200,-444,-290,2633,-1,3,-3549,-1304,19336,309,33,79,16,0,0,0,0,0,0,0,-32287,0,0,0,0,0,2847529,0
2762841,9264,-3554,-350,1159,-576,-317,2634,-12,-2,-3514,-1304,19337,307,33,79,16,0,0,0,0,0,0,0,-32287,0,0,0,0,0,2847534,0
2762846,9232,-3292,-344,1122,-705,-353,2635,2,-3,-3477,-1304,19337,307,33,79,16,0,0,0,0,0,0,0,-32287,0,0,0,0,0,2847549,0
2762851,9098,-3114,-296,1100,-825,-393,2635,2,1,-3433,-1272,19338,294,33,79,16,0,0,0,0,0,0,0,-32287,0,0,0,0,0,2847554,0
2762856,8894,-2648,-78,1072,-1093,-521,2635,0,-1,-3385,-1264,19338,294,33,79,16,0,0,0,0,0,0,0,-32287,0,0,0,0,0,2847569,0
2762861,8806,-2398,110,1048,-1207,-605,2634,-1,-5,-3343,-1248,19339,286,33,79,16,0,0,0,0,0,0,0,-32287,0,0,0,0,0,2847574,0
2762866,8756,-2412,330,998,-1314,-697,2635,2,3,-3289,-1224,19339,286,33,79,16,0,0,0,0,0,0,0,-32287,0,0,0,0,0,2847589,0
2762871,8784,-2506,492,1001,-1392,-785,2630,-12,-7,-3234,-1224,19343,275,33,79,16,0,0,0,0,0,0,0,-32287,0,0,0,0,0,2847594,0
2762876,8614,-2970,878,1038,-1492,-951,2625,-29,-17,-3171,-1248,19343,275,33,79,16,0,0,0,0,0,0,0,-32287,0,0,0,0,0,2847609,0
2762881,8532,-3284,936,1016,-1486,-984,2607,-77,-41,-3084,-1368,19345,267,33,79,16,0,0,0,0,0,0,0,-32287,0,0,0,0,0,2847614,0
2762886,8326,-3496,1160,857,-1426,-992,2569,-173,-100,-3002,-1552,19345,267,33,79,16,0,0,0,0,0,0,0,-32287,0,0,0,0,0,2847629,0
2762891,8196,-3850,1300,686,-1343,-1017,2511,-271,-176,-2902,-1920,19347,268,33,79,16,0,0,0,0,0,0,0,-32287,0,0,0,0,0,2847634,0
2762896,7348,-5118,1794,250,-1048,-871,2417,-428,-281,-2865,-2232,19347,268,33,79,16,0,0,0,0,0,0,0,-32285,0,0,0,0,0,2847649,0
2762901,7132,-5994,1958,135,-866,-754,2286,-586,-378,-2863,-2600,19342,301,33,79,16,0,0,0,0,0,0,0,-32285,0,0,0,0,0,2847654,0
2762906,6384,-6306,2524,40,-697,-669,2121,-735,-469,-2820,-2904,19342,301,33,79,16,0,0,0,0,0,0,0,-32286,0,0,0,0,0,2847669,0
2762911,6174,-7176,2772,25,-493,-544,1920,-909,-523,-2737,-3176,19330,356,33,79,16,0,0,0,0,0,0,0,-32287,0,0,0,0,0,2847674,0
2762916,5258,-7596,3054,-34,-28,-281,1681,-1060,-550,-2657,-3488,19330,356,33,79,16,0,0,0,0,0,0,0,-32287,0,0,0,0,0,2847689,0
2762921,4816,-8038,3224,-57,284,-118,1409,-1209,-546,-2594,-3800,19314,426,33,79,16,0,0,0,0,0,0,0,-32285,0,0,0,0,0,2847693,0
2762926,4534,-8146,3350,40,463,-5,1108,-1336,-533,-2551,-3984,19314,426,33,79,16,0,0,0,0,0,0,0,-32287,0,0,0,0,0,2847708,0
2762931,4160,-8484,2956,166,705,111,784,-1438,-498,-2463,-4040,19299,498,33,79,16,0,0,0,0,0,0,0,-32286,0,0,0,0,0,2847713,0
2762936,4006,-8346,2278,594,933,296,440,-1519,-437,-2377,-4232,19299,498,33,79,16,0,0,0,0,0,0,0,-32286,0,0,0,0,0,2847728,0
2762941,3802,-7886,2034,726,940,357,82,-1574,-367,-2295,-4312,19287,551,33,79,16,0,0,0,0,0,0,0,-32287,0,0,0,0,0,2847733,0
2762946,4452,-7726,1496,862,967,441,-284,-1612,-297,-2227,-4264,19287,551,33,79,16,0,0,0,0,0,0,0,-32286,0,0,0,0,0,2847748,0
2762951,4434,-7524,1038,1018,859,524,-652,-1609,-206,-2140,-4200,19282,570,33,79,16,0,0,0,0,0,0,0,-32287,0,0,0,0,0,2847753,0
2762956,5254,-6484,164,1281,549,534,-1012,-1578,-112,-2047,-4120,19282,570,33,79,16,0,0,0,0,0,0,0,-32285,0,0,0,0,0,2847768,0
2762961,5710,-6108,-148,1422,300,565,-1360,-1532,-13,-1979,-4008,19284,553,33,79,16,0,0,0,0,0,0,0,-32287,0,0,0,0,0,2847773,0
2762966,5998,-5316,-452,1514,-17,516,-1691,-1449,85,-1905,-3720,19284,553,33,79,16,0,0,0,0,0,0,0,-32286,0,0,0,0,0,2847788,0
2762971,6748,-4654,-798,1559,-303,455,-2003,-1366,169,-1824,-3560,19294,514,33,79,16,0,0,0,0,0,0,0,-32286,0,0,0,0,0,2847793,0
2762976,7912,-3350,-932,1565,-882,301,-2293,-1269,239,-1745,-3320,19294,514,33,79,16,0,0,0,0,0,0,0,-32287,0,0,0,0,0,2847808,0
2762981,8734,-2574,-958,1503,-1129,160,-2560,-1160,287,-1652,-3064,19305,462,33,79,16,0,0,0,0,0,0,0,-32286,0,0,0,0,0,2847813,0
2762986,9314,-2318,-634,1394,-1358,50,-2805,-1063,330,-1581,-2760,19305,462,33,79,16,0,0,0,0,0,0,0,-32287,0,0,0,0,0,2847828,0
2762991,9518,-1692,-482,1256,-1614,-101,-3024,-951,343,-1507,-2504,19315,390,33,79,16,0,0,0,0,0,0,0,-32286,0,0,0,0,0,2847833,0
2762996,10478,-1108,94,912,-1906,-356,-3183,-879,355,-1399,-2232,19315,390,33,79,16,0,0,0,0,0,0,0,-32286,0,0,0,0,0,2847848,0
2763001,10914,-1068,436,779,-2000,-479,-3362,-773,360,-1339,-1976,19330,318,33,79,16,0,0,0,0,0,0,0,-32286,0,0,0,0,0,2847853,0
2763006,10960,-1036,968,615,-2007,-578,-3521,-687,347,-1258,-1784,19330,318,33,79,16,0,0,0,0,0,0,0,-32287,0,0,0,0,0,2847868,0
2763011,11078,-950,1506,452,-2016,-675,-3661,-612,330,-1193,-1600,19345,253,33,79,16,0,0,0,0,0,0,0,-32287,0,0,0,0,0,2847873,0
2763016,11274,-810,2368,200,-1804,-856,-3783,-530,311,-1099,-1400,19345,253,33,79,16,0,0,0,0,0,0,0,-32287,0,0,0,0,0,2847888,0
2763021,11188,-838,2674,57,-1629,-919,-3891,-468,282,-1006,-1264,19358,200,33,79,16,0,0,0,0,0,0,0,-32286,0,0,0,0,0,2847893,0
2763026,11018,-810,2984,-116,-1432,-978,-3991,-438,245,-933,-1176,19358,200,33,79,16,0,0,0,0,0,0,0,-32286,0,0,0,0,0,2847908,0
2763031,11026,-1114,3228,-270,-1146,-993,-4087,-419,189,-855,-1184,19365,152,33,79,16,0,0,0,0,0,0,0,-32286,0,0,0,0,0,2847913,0
2763036,10632,-1376,3826,-525,-477,-1051,-4178,-402,131,-801,-1080,19365,152,33,79,16,0,0,0,0,0,0,0,-32286,0,0,0,0,0,2847928,0
2763041,10178,-1538,3938,-718,-121,-1012,-4267,-392,83,-733,-1032,19375,133,33,79,16,0,0,0,0,0,0,0,-32286,0,0,0,0,0,2847933,0
2763046,9820,-1618,3754,-1060,290,-937,-4358,-406,42,-654,-1048,19375,133,33,79,16,0,0,0,0,0,0,0,-32286,0,0,0,0,0,2847948,0
2763051,9704,-2024,3840,-1202,691,-933,-4451,-409,17,-591,-1016,19379,111,33,79,16,0,0,0,0,0,0,0,-32286,0,0,0,0,0,2847952,0
2763056,8408,-3384,3660,-1109,1334,-817,-4545,-412,-10,-525,-960,19379,111,33,79,16,0,0,0,0,0,0,0,-32286,0,0,0,0,0,2847967,0
2763061,8274,-3798,3128,-1015,1546,-765,-4635,-389,-8,-480,-856,19380,98,33,79,16,0,0,0,0,0,0,0,-32286,0,0,0,0,0,2847972,0
2763066,7848,-3576,2836,-954,1814,-703,-4720,-366,15,-415,-776,19380,98,33,79,16,0,0,0,0,0,0,0,-32286,0,0,0,0,0,2847987,0
2763071,7524,-3592,2498,-888,1981,-684,-4801,-354,45,-344,-712,19380,83,33,79,16,0,0,0,0,0,0,0,-32286,0,0,0,0,0,2847992,0
2763076,6806,-3914,1234,-668,1987,-655,-4878,-348,64,-290,-640,19380,83,33,79,16,0,0,0,0,0,0,0,-32286,0,0,0,0,0,2848007,0
2763081,6534,-3790,742,-625,1968,-619,-4954,-329,57,-236,-552,19382,88,33,79,16,0,0,0,0,0,0,0,-32286,0,0,0,0,0,2848012,0
2763086,6276,-3596,454,-657,1983,-594,-5027,-318,46,-189,-440,19382,88,33,79,16,0,0,0,0,0,0,0,-32287,0,0,0,0,0,2848027,0
2763091,5840,-3680,116,-794,2011,-525,-5092,-286,52,-156,-288,19385,80,33,79,16,0,0,0,0,0,0,0,-32287,0,0,0,0,0,2848032,0
2763096,5236,-4128,-474,-1044,1869,-349,-5151,-254,70,-94,-168,19385,80,33,79,16,0,0,0,0,0,0,0,-32286,0,0,0,0,0,2848047,0
2763101,4824,-4512,-640,-1049,1730,-246,-5198,-202,100,-28,-96,19385,72,33,79,16,0,0,0,0,0,0,0,-32286,0,0,0,0,0,2848052,0
2763106,4542,-4330,-682,-954,1536,-216,-5234,-154,133,24,-40,19385,72,33,79,16,0,0,0,0,0,0,0,-32286,0,0,0,0,0,2848067,0
2763111,4526,-4246,-1054,-853,1312,-140,-5256,-99,160,67,-24,19387,63,33,79,16,0,0,0,0,0,0,0,-32286,0,0,0,0,0,2848072,0
2763116,4296,-3690,-866,-1102,1065,17,-5271,-56,151,98,24,19387,63,33,79,16,0,0,0,0,0,0,0,-32286,0,0,0,0,0,2848087,0
2763121,4456,-4072,-748,-1202,1000,146,-5268,14,166,138,48,19387,52,33,79,16,0,0,0,0,0,0,0,-32287,0,0,0,0,0,2848092,0
2763126,4170,-4070,-310,-1222,862,193,-5263,16,146,190,48,19387,52,33,79,16,0,0,0,0,0,0,0,-32286,0,0,0,0,0,2848107,0
2763131,4478,-4288,-424,-1116,637,237,-5264,-1,109,234,56,19388,53,33,79,16,0,0,0,0,0,0,0,-32286,0,0,0,0,0,2848112,0
2763136,6664,-3670,36,627,-415,-415,-5266,-2,71,275,64,19388,53,33,79,16,0,0,0,0,0,0,0,-32286,0,0,0,0,0,2848127,0
2763141,6118,-2646,-1282,698,-705,-292,-5270,-12,0,315,88,19391,56,33,79,16,0,0,0,0,0,0,0,-32286,0,0,0,0,0,2848132,0
2763146,6030,-788,-52,-91,-766,-342,-5270,-8,-25,359,96,19391,56,33,79,16,0,0,0,0,0,0,0,-32287,0,0,0,0,0,2848147,0
2763151,7022,-1282,-108,-678,-631,-333,-5272,-12,-12,408,112,19391,72,33,79,16,0,0,0,0,0,0,0,-32286,0,0,0,0,0,2848152,0
2763156,6430,-2988,608,-1084,-794,-264,-5271,-1,5,450,128,19391,72,33,79,16,0,0,0,0,0,0,0,-32286,0,0,0,0,0,2848167,0
2763161,6310,-3194,900,-878,-864,-289,-5271,-2,10,494,144,19390,76,33,79,16,0,0,0,0,0,0,0,-32286,0,0,0,0,0,2848172,0
2763166,6642,-3022,1092,-709,-793,-295,-5271,3,7,539,168,19390,76,33,79,16,0,0,0,0,0,0,0,-32286,0,0,0,0,0,2848187,0
2763171,6730,-2372,1636,-632,-554,-287,-5271,0,1,581,192,19386,77,33,79,16,0,0,0,0,0,0,0,-32287,0,0,0,0,0,2848192,0
2763176,6866,-1852,2102,-829,-6,-304,-5272,-3,-1,629,192,19386,77,33,79,16,0,0,0,0,0,0,0,-32286,0,0,0,0,0,2848207,0
2763181,6800,-1970,2098,-898,235,-281,-5270,2,2,670,216,19386,79,33,79,16,0,0,0,0,0,0,0,-32287,0,0,0,0,0,2848212,0
2763186,6594,-2234,1940,-882,399,-262,-5272,-8,-3,712,240,19386,79,33,79,16,0,0,0,0,0,0,0,-32287,0,0,0,0,0,2848227,0
2763191,6386,-2340,1694,-823,503,-236,-5271,1,5,761,248,19384,80,33,79,16,0,0,0,0,0,0,0,-32286,0,0,0,0,0,2848231,0
2763196,6172,-2180,1300,-821,646,-148,-5272,-6,-7,804,272,19384,80,33,79,16,0,0,0,0,0,0,0,-32286,0,0,0,0,0,2848246,0
2763201,6122,-2136,1154,-876,706,-97,-5270,0,1,849,280,19384,82,33,79,16,0,0,0,0,0,0,0,-32287,0,0,0,0,0,2848251,0
2763206,5988,-2104,1082,-929,774,-57,-5270,4,1,889,304,19384,82,33,79,16,0,0,0,0,0,0,0,-32286,0,0,0,0,0,2848266,0
2763211,5908,-2110,966,-948,842,-17,-5270,4,5,937,320,19382,81,33,79,16,0,0,0,0,0,0,0,-32286,0,0,0,0,0,2848271,0
2763216,5730,-2064,830,-955,944,57,-5268,6,3,973,352,19382,81,33,79,16,0,0,0,0,0,0,0,-32286,0,0,0,0,0,2848286,0
2763221,5686,-1956,750,-958,981,97,-5265,13,3,1014,392,19383,68,33,79,16,0,0,0,0,0,0,0,-32286,0,0,0,0,0,2848291,0
2763226,5668,-1892,656,-991,1029,130,-5263,19,7,1056,416,19383,68,33,79,16,0,0,0,0,0,0,0,-32286,0,0,0,0,0,2848306,0
2763231,5694,-1898,576,-1021,1069,164,-5258,25,14,1100,464,19383,72,33,79,16,0,0,0,0,0,0,0,-32286,0,0,0,0,0,2848311,0
2763236,5650,-1912,436,-1090,1123,238,-5253,31,13,1138,504,19383,72,33,79,16,0,0,0,0,0,0,0,-32286,0,0,0,0,0,2848326,0
2763241,5684,-1912,370,-1093,1130,259,-5243,41,21,1174,552,19383,70,33,79,16,0,0,0,0,0,0,0,-32286,0,0,0,0,0,2848334,0
2763246,5766,-1876,340,-1050,1113,255,-5225,86,36,1204,672,19383,70,33,79,16,0,0,0,0,0,0,0,-32286,0,0,0,0,0,2848349,0
2763251,5886,-1758,226,-975,1056,233,-5190,160,89,1218,856,19382,82,33,79,16,0,0,0,0,0,0,0,-32286,0,0,0,0,0,2848354,0
2763256,5842,-1346,60,-938,894,200,-5137,239,144,1243,1144,19382,82,33,79,16,0,0,0,0,0,0,0,-32286,0,0,0,0,0,2848369,0
2763261,6210,-1400,-208,-873,772,159,-5059,353,219,1305,1368,19379,100,33,79,16,0,0,0,0,0,0,0,-32286,0,0,0,0,0,2848374,0
2763266,6158,-1410,-64,-874,728,156,-4951,492,298,1350,1744,19379,100,33,79,16,0,0,0,0,0,0,0,-32286,0,0,0,0,0,2848389,0
2763271,6034,-1262,-342,-833,456,72,-4810,635,375,1448,2096,19373,129,33,79,16,0,0,0,0,0,0,0,-32286,0,0,0,0,0,2848394,0
2763276,6314,-882,-632,-538,-67,-102,-4636,780,443,1498,2432,19373,129,33,79,16,0,0,0,0,0,0,0,-32287,0,0,0,0,0,2848409,0
2763281,6642,-842,-686,-452,-306,-201,-4425,940,495,1530,2720,19364,178,33,79,16,0,0,0,0,0,0,0,-32287,0,0,0,0,0,2848414,0
2763286,6932,-556,-660,-397,-459,-278,-4182,1080,515,1547,3008,19364,178,33,79,16,0,0,0,0,0,0,0,-32286,0,0,0,0,0,2848429,0
2763291,7090,-214,-402,-397,-604,-400,-3911,1203,508,1592,3256,19351,239,33,79,16,0,0,0,0,0,0,0,-32287,0,0,0,0,0,2848434,0
2763296,7446,-78,68,-356,-739,-617,-3617,1300,477,1637,3568,19351,239,33,79,16,0,0,0,0,0,0,0,-32286,0,0,0,0,0,2848449,0
2763301,7928,-92,200,-292,-775,-725,-3300,1394,430,1654,3704,19338,296,33,79,16,0,0,0,0,0,0,0,-32286,0,0,0,0,0,2848454,0
2763306,8002,-22,308,-312,-734,-830,-2965,1476,381,1696,3928,19338,296,33,79,16,0,0,0,0,0,0,0,-32287,0,0,0,0,0,2848469,0
2763311,8210,-148,394,-358,-697,-926,-2616,1529,322,1737,3976,19330,343,33,79,16,0,0,0,0,0,0,0,-32285,0,0,0,0,0,2848474,0
2763316,8442,-358,924,-394,-564,-1087,-2262,1559,262,1765,4040,19330,343,33,79,16,0,0,0,0,0,0,0,-32287,0,0,0,0,0,2848489,0
2763321,8622,-666,1098,-426,-515,-1141,-1904,1577,197,1798,4112,19321,395,33,79,16,0,0,0,0,0,0,0,-32286,0,0,0,0,0,2848494,0
2763326,8800,-774,1156,-486,-386,-1182,-1543,1582,131,1836,4120,19321,395,33,79,16,0,0,0,0,0,0,0,-32287,0,0,0,0,0,2848509,0
2763331,8830,-1098,1344,-534,-293,-1209,-1185,1577,71,1870,4048,19312,431,33,79,16,0,0,0,0,0,0,0,-32286,0,0,0,0,0,2848514,0
2763336,8822,-1708,1706,-554,-62,-1234,-831,1556,24,1895,3968,19312,431,33,79,16,0,0,0,0,0,0,0,-32286,0,0,0,0,0,2848529,0
2763341,9198,-2134,1488,-531,51,-1229,-485,1517,-27,1928,3936,19306,469,33,79,16,0,0,0,0,0,0,0,-32286,0,0,0,0,0,2848534,0
2763346,8948,-2318,1552,-557,106,-1236,-152,1464,-70,1951,3688,19306,469,33,79,16,0,0,0,0,0,0,0,-32286,0,0,0,0,0,2848548,0
2763351,9118,-2600,1662,-605,219,-1229,160,1378,-135,1994,3576,19305,474,33,79,16,0,0,0,0,0,0,0,-32287,0,0,0,0,0,2848554,0
2763356,8898,-3248,1710,-737,397,-1140,454,1281,-201,2007,3368,19305,474,33,79,16,0,0,0,0,0,0,0,-32285,0,0,0,0,0,2848568,0
2763361,8936,-3802,1612,-733,464,-1074,724,1177,-263,2016,3160,19306,458,33,79,16,0,0,0,0,0,0,0,-32286,0,0,0,0,0,2848573,0
2763366,8714,-3996,1514,-733,492,-1017,970,1071,-310,2056,2968,19306,458,33,79,16,0,0,0,0,0,0,0,-32287,0,0,0,0,0,2848588,0
2763371,8652,-4322,1454,-727,522,-944,1191,953,-346,2096,2664,19308,428,33,79,16,0,0,0,0,0,0,0,-32286,0,0,0,0,0,2848593,0
2763376,8318,-4608,1438,-777,522,-813,1384,836,-376,2086,2464,19308,428,33,79,16,0,0,0,0,0,0,0,-32286,0,0,0,0,0,2848608,0
2763381,8244,-4864,1266,-780,476,-728,1551,720,-385,2131,2152,19315,389,33,79,16,0,0,0,0,0,0,0,-32287,0,0,0,0,0,2848613,0
2763386,8158,-5100,1230,-772,401,-636,1694,612,-399,2144,1960,19315,389,33,79,16,0,0,0,0,0,0,0,-32287,0,0,0,0,0,2848628,0
2763391,8014,-5074,1348,-725,310,-598,1815,522,-391,2157,1776,19324,349,33,79,16,0,0,0,0,0,0,0,-32286,0,0,0,0,0,2848633,0
2763396,7916,-5378,1380,-597,174,-426,1915,426,-363,2173,1560,19324,349,33,79,16,0,0,0,0,0,0,0,-32286,0,0,0,0,0,2848648,0
2763401,7870,-5244,1420,-583,81,-359,1992,320,-353,2216,1408,19333,308,33,79,16,0,0,0,0,0,0,0,-32285,0,0,0,0,0,2848653,0
2763406,7880,-5142,1498,-520,69,-288,2046,231,-343,2230,1208,19333,308,33,79,16,0,0,0,0,0,0,0,-32285,0,0,0,0,0,2848668,0
2763411,7804,-5192,1694,-469,54,-198,2084,166,-330,2270,1064,19343,273,33,79,16,0,0,0,0,0,0,0,-32286,0,0,0,0,0,2848673,0
2763416,7474,-4800,1794,-198,24,-33,2105,90,-306,2277,976,19343,273,33,79,16,0,0,0,0,0,0,0,-32287,0,0,0,0,0,2848688,0
2763421,7490,-4178,1716,-60,4,8,2116,44,-274,2284,920,19354,236,33,79,16,0,0,0,0,0,0,0,-32285,0,0,0,0,0,2848693,0
2763426,7522,-3730,1600,80,25,58,2124,38,-220,2277,920,19354,236,33,79,16,0,0,0,0,0,0,0,-32285,0,0,0,0,0,2848708,0
2763431,7454,-3256,1398,169,-6,102,2137,58,-139,2258,1000,19360,206,33,79,16,0,0,0,0,0,0,0,-32286,0,0,0,0,0,2848713,0
2763436,7402,-2158,700,369,-109,205,2151,60,-63,2276,1000,19360,206,33,79,16,0,0,0,0,0,0,0,-32286,0,0,0,0,0,2848728,0
2763441,7358,-1482,524,260,-92,291,2159,42,-6,2313,912,19363,190,33,79,16,0,0,0,0,0,0,0,-32287,0,0,0,0,0,2848733,0
2763446,7460,-972,458,123,-85,352,2166,22,-4,2332,872,19363,190,33,79,16,0,0,0,0,0,0,0,-32286,0,0,0,0,0,2848748,0
2763451,7788,-838,458,4,-71,416,2169,10,-29,2316,888,19365,186,33,79,16,0,0,0,0,0,0,0,-32287,0,0,0,0,0,2848753,0
2763456,8794,-826,1062,-270,81,560,2173,15,-40,2311,896,19365,186,33,79,16,0,0,0,0,0,0,0,-32286,0,0,0,0,0,2848768,0
2763461,9424,-1460,1388,-471,198,671,2183,50,-20,2301,976,19363,187,33,79,16,0,0,0,0,0,0,0,-32286,0,0,0,0,0,2848773,0
2763466,9720,-1914,1908,-709,324,779,2204,101,25,2274,1088,19363,187,33,79,16,0,0,0,0,0,0,0,-32287,0,0,0,0,0,2848788,0
2763471,10540,-2828,1890,-624,241,832,2236,144,88,2280,1168,19364,187,33,79,16,0,0,0,0,0,0,0,-32287,0,0,0,0,0,2848793,0
2763476,12320,-2522,1778,-612,206,899,2278,190,128,2246,1368,19364,187,33,79,16,0,0,0,0,0,0,0,-32287,0,0,0,0,0,2848808,0
2763481,12678,-2528,1706,-799,368,950,2339,271,171,2273,1480,19361,195,33,79,16,0,0,0,0,0,0,0,-32287,0,0,0,0,0,2848813,0
2763486,13040,-2932,1834,-899,430,941,2412,334,187,2254,1688,19361,195,33,79,16,0,0,0,0,0,0,0,-32287,0,0,0,0,0,2848828,0
2763491,13164,-2798,2108,-822,529,806,2505,427,221,2233,1952,19357,218,33,79,16,0,0,0,0,0,0,0,-32287,0,0,0,0,0,2848833,0
2763496,12876,-2270,2306,-481,710,453,2625,537,262,2255,2176,19357,218,33,79,16,0,0,0,0,0,0,0,-32286,0,0,0,0,0,2848848,0
2763501,12618,-2446,2076,-608,864,325,2769,642,308,2283,2408,19348,256,33,79,16,0,0,0,0,0,0,0,-32285,0,0,0,0,0,2848852,0
2763506,12012,-3092,2002,-714,900,161,2933,729,342,2245,2528,19348,256,33,79,16,0,0,0,0,0,0,0,-32285,0,0,0,0,0,2848867,0
2763511,11434,-4024,1902,-610,796,-52,3117,812,348,2232,2632,19338,294,33,79,16,0,0,0,0,0,0,0,-32287,0,0,0,0,0,2848872,0
2763516,10644,-5718,1460,-147,339,-410,3313,863,317,2212,2704,19338,294,33,79,16,0,0,0,0,0,0,0,-32287,0,0,0,0,0,2848887,0
2763521,10130,-6206,1492,-216,248,-465,3511,869,252,2222,2640,19330,337,33,79,16,0,0,0,0,0,0,0,-32286,0,0,0,0,0,2848892,0
2763526,9210,-6918,1610,-337,199,-499,3705,851,164,2162,2576,19330,337,33,79,16,0,0,0,0,0,0,0,-32286,0,0,0,0,0,2848907,0
2763531,8310,-7918,1684,-256,105,-514,3891,814,61,2157,2384,19327,362,33,79,16,0,0,0,0,0,0,0,-32287,0,0,0,0,0,2848912,0
2763536,6740,-8704,1798,279,-86,-458,4060,737,-47,2109,2336,19327,362,33,79,16,0,0,0,0,0,0,0,-32287,0,0,0,0,0,2848927,0
2763541,6038,-8520,1982,416,-62,-377,4218,679,-128,2075,2136,19327,355,33,79,16,0,0,0,0,0,0,0,-32286,0,0,0,0,0,2848932,0
2763546,5188,-8124,1998,386,13,-285,4359,616,-186,2047,1992,19327,355,33,79,16,0,0,0,0,0,0,0,-32285,0,0,0,0,0,2848947,0
2763551,4464,-8128,1610,406,55,-205,4489,566,-208,1987,1880,19335,327,33,79,16,0,0,0,0,0,0,0,-32286,0,0,0,0,0,2848952,0
2763556,3042,-7646,720,742,-58,-72,4611,534,-200,1952,1816,19335,327,33,79,16,0,0,0,0,0,0,0,-32287,0,0,0,0,0,2848967,0
2763561,2334,-6952,404,864,-161,8,4723,491,-175,1939,1720,19343,288,33,79,16,0,0,0,0,0,0,0,-32287,0,0,0,0,0,2848972,0
2763566,2276,-6204,16,907,-287,55,4829,455,-153,1894,1648,19343,288,33,79,16,0,0,0,0,0,0,0,-32287,0,0,0,0,0,2848987,0
2763571,2224,-5460,-172,956,-393,78,4931,453,-122,1867,1616,19350,256,33,79,16,0,0,0,0,0,0,0,-32286,0,0,0,0,0,2848992,0
2763576,2578,-4278,-142,1032,-610,101,5037,458,-83,1844,1624,19350,256,33,79,16,0,0,0,0,0,0,0,-32286,0,0,0,0,0,2849007,0
2763581,2902,-3836,-28,1009,-674,128,5144,462,-41,1798,1640,19353,238,33,79,16,0,0,0,0,0,0,0,-32286,0,0,0,0,0,2849012,0
2763586,3020,-3086,152,950,-710,107,5251,475,0,1745,1688,19353,238,33,79,16,0,0,0,0,0,0,0,-32287,0,0,0,0,0,2849027,0
2763591,3480,-2942,158,896,-693,146,5360,485,16,1705,1712,19354,225,33,79,16,0,0,0,0,0,0,0,-32286,0,0,0,0,0,2849032,0
2763596,3680,-2362,294,854,-662,101,5474,506,27,1681,1688,19354,225,33,79,16,0,0,0,0,0,0,0,-32287,0,0,0,0,0,2849047,0
2763601,3762,-2482,134,842,-659,141,5589,506,35,1648,1648,19355,217,33,79,16,0,0,0,0,0,0,0,-32287,0,0,0,0,0,2849052,0
2763606,3728,-2206,56,830,-705,125,5707,511,44,1603,1632,19355,217,33,79,16,0,0,0,0,0,0,0,-32286,0,0,0,0,0,2849067,0
2763611,3998,-2410,-70,807,-721,140,5823,512,32,1554,1616,19359,207,33,79,16,0,0,0,0,0,0,0,-32286,0,0,0,0,0,2849072,0
2763616,4462,-2262,64,715,-721,172,5936,493,19,1494,1544,19359,207,33,79,16,0,0,0,0,0,0,0,-32286,0,0,0,0,0,2849087,0
2763621,4740,-2446,134,641,-688,219,6045,466,-15,1442,1464,19361,210,33,79,16,0,0,0,0,0,0,0,-32286,0,0,0,0,0,2849092,0
2763626,4910,-2464,328,550,-653,267,6142,417,-56,1404,1328,19361,210,33,79,16,0,0,0,0,0,0,0,-32287,0,0,0,0,0,2849107,0
2763631,5266,-2866,436,426,-604,366,6224,348,-100,1373,1120,19361,196,33,79,16,0,0,0,0,0,0,0,-32287,0,0,0,0,0,2849112,0
2763636,6166,-3424,764,164,-461,527,6290,286,-160,1327,1024,19361,196,33,79,16,0,0,0,0,0,0,0,-32287,0,0,0,0,0,2849127,0
2763641,6386,-3672,942,39,-396,628,6341,213,-202,1264,832,19364,168,33,79,16,0,0,0,0,0,0,0,-32286,0,0,0,0,0,2849132,0
2763646,6800,-3898,980,-20,-355,676,6383,180,-214,1231,696,19364,168,33,79,16,0,0,0,0,0,0,0,-32287,0,0,0,0,0,2849146,0
2763651,7150,-4238,846,-82,-280,792,6409,109,-211,1173,616,19368,150,33,79,16,0,0,0,0,0,0,0,-32287,0,0,0,0,0,2849151,0
2763656,7638,-4422,260,-211,-296,913,6425,60,-195,1127,472,19368,150,33,79,16,0,0,0,0,0,0,0,-32287,0,0,0,0,0,2849166,0
2763661,7624,-4090,90,-304,-303,961,6424,-10,-199,1110,312,19375,128,33,79,16,0,0,0,0,0,0,0,-32286,0,0,0,0,0,2849171,0
2763666,7914,-3846,-90,-330,-332,936,6421,-16,-183,1016,288,19375,128,33,79,16,0,0,0,0,0,0,0,-32287,0,0,0,0,0,2849186,0
2763671,8194,-3582,-264,-290,-321,894,6420,-5,-147,936,304,19377,121,33,79,16,0,0,0,0,0,0,0,-32286,0,0,0,0,0,2849197,0
2763676,8530,-2948,-364,-293,-312,783,6420,1,-78,888,280,19377,121,33,79,16,0,0,0,0,0,0,0,-32287,0,0,0,0,0,2849206,0
2763681,8756,-2634,-504,-356,-272,711,6419,-5,-26,841,256,19382,102,33,79,16,0,0,0,0,0,0,0,-32287,0,0,0,0,0,2849211,0
2763686,8770,-2430,-558,-448,-215,634,6419,-6,10,785,248,19382,102,33,79,16,0,0,0,0,0,0,0,-32286,0,0,0,0,0,2849225,0
2763691,8720,-2288,-686,-560,-172,550,6420,1,5,735,224,19385,89,33,79,16,0,0,0,0,0,0,0,-32287,0,0,0,0,0,2849230,0
2763696,8320,-2192,-824,-779,-127,371,6420,0,3,685,200,19385,89,33,79,16,0,0,0,0,0,0,0,-32287,0,0,0,0,0,2849245,0
2763701,8162,-2272,-824,-873,-127,302,6419,-1,-2,628,192,19387,73,33,79,16,0,0,0,0,0,0,0,-32287,0,0,0,0,0,2849250,0
2763706,7882,-2476,-772,-967,-156,241,6420,1,-3,577,168,19387,73,33,79,16,0,0,0,0,0,0,0,-32286,0,0,0,0,0,2849265,0
2763711,7686,-2794,-680,-1050,-203,192,6419,-3,2,529,144,19388,68,33,79,16,0,0,0,0,0,0,0,-32286,0,0,0,0,0,2849270,0
2763716,7282,-3210,-230,-1090,-294,107,6420,2,-1,476,128,19388,68,33,79,16,0,0,0,0,0,0,0,-32287,0,0,0,0,0,2849285,0
2763721,7198,-3460,48,-1079,-328,80,6419,-3,2,423,112,19386,66,33,79,16,0,0,0,0,0,0,0,-32286,0,0,0,0,0,2849290,0
2763726,7110,-3622,262,-1019,-337,49,6420,1,4,372,96,19386,66,33,79,16,0,0,0,0,0,0,0,-32286,0,0,0,0,0,2849305,0
2763731,7044,-3676,508,-931,-338,14,6421,1,-2,321,80,19387,62,33,79,16,0,0,0,0,0,0,0,-32286,0,0,0,0,0,2849310,0
2763736,7072,-3694,878,-710,-272,-52,6419,-5,2,271,72,19387,62,33,79,16,0,0,0,0,0,0,0,-32286,0,0,0,0,0,2849325,0
2763741,7212,-3638,962,-518,-240,-111,6421,2,0,220,48,19390,67,33,79,16,0,0,0,0,0,0,0,-32286,0,0,0,0,0,2849330,0
2763746,7166,-4604,868,-378,-163,27,6391,-159,-35,-537,-1144,19390,67,33,79,16,0,0,0,0,0,0,0,-32286,0,0,0,0,0,2849345,0
2763751,6382,-3678,1312,-339,-192,-66,6286,-488,-232,-1256,-2112,19390,80,33,79,16,0,0,0,0,0,0,0,-32285,0,0,0,0,0,2849350,0
2763756,6868,-3776,696,-65,-182,-53,6097,-878,-552,-1490,-3048,19390,80,33,79,16,0,0,0,0,0,0,0,-32286,0,0,0,0,0,2849365,0
2763761,7102,-3542,718,-16,-177,-63,5807,-1326,-941,-1650,-4136,19381,135,33,79,16,0,0,0,0,0,0,0,-32287,0,0,0,0,0,2849370,0
2763766,6050,-3510,316,-121,178,93,5411,-1784,-1273,-1792,-5160,19381,135,33,79,16,0,0,0,0,0,0,0,-32286,0,0,0,0,0,2849385,0
2763771,4750,-2176,882,-1071,619,351,4910,-2250,-1467,-1916,-6304,19353,258,33,79,16,0,0,0,0,0,0,0,-32286,0,0,0,0,0,2849390,0
2763776,4308,-9898,-2812,-6244,1803,3402,4315,-2658,-1562,-2098,-6728,19353,258,33,79,16,0,0,0,0,0,0,0,-32286,0,0,0,0,0,2849405,0
2763781,1376,-606,3248,-6599,1495,2379,3669,-2858,-1475,-2267,-7160,19306,472,33,79,16,0,0,0,0,0,0,0,-32286,0,0,0,0,0,2849410,0
2763786,4152,-10068,6634,-7717,6803,4255,3019,-2854,-1199,-2382,-6808,19306,472,33,79,16,0,0,0,0,0,0,0,-32287,0,0,0,0,0,2849425,0
2763791,-3660,-14926,6834,-6467,4518,4305,2412,-2651,-707,-2441,-6312,19250,710,33,79,16,0,0,0,0,0,0,0,-32287,0,0,0,0,0,2849430,0
2763796,2344,-13578,2108,763,2932,3943,1863,-2386,-106,-2517,-5744,19250,710,33,79,16,0,0,0,0,0,0,0,-32287,0,0,0,0,0,2849445,0
2763801,3690,-6094,734,1523,2410,3640,1377,-2112,422,-2586,-5272,19213,870,33,79,16,0,0,0,0,0,0,0,-32285,0,0,0,0,0,2849450,0
2763806,6118,-1760,-1614,663,2446,3438,954,-1836,756,-2689,-4600,19213,870,33,79,16,0,0,0,0,0,0,0,-32288,0,0,0,0,0,2849465,0
2763811,6368,-26,-2570,-478,2058,3120,590,-1582,912,-2776,-4160,19207,893,33,79,16,0,0,0,0,0,0,0,-32285,0,0,0,0,0,2849474,0
2763816,8398,-2514,-3236,-281,366,2398,277,-1349,922,-2854,-3576,19207,893,33,79,16,0,0,0,0,0,0,0,-32287,0,0,0,0,0,2849485,0
2763821,8896,-2100,-2986,336,-218,2080,19,-1116,885,-2955,-3088,19226,807,33,79,16,0,0,0,0,0,0,0,-32285,0,0,0,0,0,2849490,0
2763826,9238,-900,-2204,430,-424,1719,-183,-857,848,-3069,-2672,19226,807,33,79,16,0,0,0,0,0,0,0,-32286,0,0,0,0,0,2849505,0
2763831,10028,-440,-1896,311,-511,1451,-329,-625,844,-3082,-2208,19253,694,33,79,16,0,0,0,0,0,0,0,-32287,0,0,0,0,0,2849510,0
2763836,10122,-1030,-1018,377,-1010,876,-423,-397,839,-3182,-1696,19253,694,33,79,16,0,0,0,0,0,0,0,-32288,0,0,0,0,0,2849524,0
2763841,10374,-1044,-842,628,-1252,634,-465,-165,835,-3236,-1360,19280,571,33,79,16,0,0,0,0,0,0,0,-32288,0,0,0,0,0,2849529,0
2763846,10200,-702,-760,699,-1366,415,-466,9,798,-3399,-1120,19280,571,33,79,16,0,0,0,0,0,0,0,-32287,0,0,0,0,0,2849544,0
2763851,10162,-1074,-778,575,-1379,357,-455,55,699,-3420,-1200,19308,444,33,79,16,0,0,0,0,0,0,0,-32287,0,0,0,0,0,2849549,0
2763856,9696,-1650,-20,13,-1235,392,-450,10,504,-3412,-1312,19308,444,33,79,16,0,0,0,0,0,0,0,-32287,0,0,0,0,0,2849564,0
2763861,9530,-2026,654,-117,-1061,358,-453,-5,256,-3478,-1304,19330,342,33,79,16,0,0,0,0,0,0,0,-32288,0,0,0,0,0,2849569,0
2763866,9354,-2762,1102,-78,-825,374,-454,-2,60,-3557,-1312,19330,342,33,79,16,0,0,0,0,0,0,0,-32288,0,0,0,0,0,2849584,0
2763871,8858,-3346,1522,-15,-642,379,-453,-5,-34,-3583,-1344,19340,290,33,79,16,0,0,0,0,0,0,0,-32288,0,0,0,0,0,2849589,0
2763876,8444,-3902,1702,164,-201,403,-453,-1,-27,-3624,-1344,19340,290,33,79,16,0,0,0,0,0,0,0,-32287,0,0,0,0,0,2849604,0
2763881,7960,-3974,1798,189,-31,421,-453,-1,5,-3653,-1352,19338,286,33,79,16,0,0,0,0,0,0,0,-32288,0,0,0,0,0,2849609,0
2763886,7896,-4182,1668,222,126,445,-452,-3,1,-3673,-1352,19338,286,33,79,16,0,0,0,0,0,0,0,-32288,0,0,0,0,0,2849624,0
2763891,7644,-4244,1522,266,265,476,-452,4,-2,-3687,-1376,19333,306,33,79,16,0,0,0,0,0,0,0,-32288,0,0,0,0,0,2849629,0
2763896,7300,-4428,1130,326,436,516,-453,-2,3,-3696,-1392,19333,306,33,79,16,0,0,0,0,0,0,0,-32288,0,0,0,0,0,2849644,0
2763901,6954,-4482,1036,360,491,531,-453,0,4,-3702,-1392,19333,316,33,79,16,0,0,0,0,0,0,0,-32287,0,0,0,0,0,2849649,0
2763906,6820,-4508,810,429,509,550,-454,-7,-6,-3698,-1384,19333,316,33,79,16,0,0,0,0,0,0,0,-32288,0,0,0,0,0,2849664,0
2763911,6688,-4444,598,514,505,549,-454,-3,5,-3694,-1368,19334,314,33,79,16,0,0,0,0,0,0,0,-32288,0,0,0,0,0,2849669,0
2763916,6596,-4056,366,536,469,553,-453,0,-3,-3685,-1352,19334,314,33,79,16,0,0,0,0,0,0,0,-32287,0,0,0,0,0,2849684,0
2763921,6492,-3970,286,527,442,551,-452,5,7,-3665,-1352,19336,318,33,79,16,0,0,0,0,0,0,0,-32288,0,0,0,0,0,2849689,0
2763926,6440,-4044,84,564,390,537,-453,0,3,-3645,-1352,19336,318,33,79,16,0,0,0,0,0,0,0,-32288,0,0,0,0,0,2849704,0
2763931,6388,-4102,-80,624,333,542,-452,5,4,-3623,-1344,19341,316,33,79,16,0,0,0,0,0,0,0,-32287,0,0,0,0,0,2849709,0
2763936,6336,-3872,-162,698,205,560,-452,-7,1,-3596,-1344,19341,316,33,79,16,0,0,0,0,0,0,0,-32288,0,0,0,0,0,2849724,0
2763941,6454,-3824,-260,683,145,568,-451,5,2,-3576,-1304,19339,315,33,79,16,0,0,0,0,0,0,0,-32288,0,0,0,0,0,2849729,0
2763946,6584,-3800,-338,673,86,584,-449,9,1,-3540,-1296,19339,315,33,79,16,0,0,0,0,0,0,0,-32287,0,0,0,0,0,2849744,0
2763951,6652,-3866,-328,703,25,610,-448,10,2,-3508,-1272,19340,300,33,79,16,0,0,0,0,0,0,0,-32288,0,0,0,0,0,2849749,0
2763956,6940,-3890,-260,804,-72,622,-445,11,10,-3472,-1224,19340,300,33,79,16,0,0,0,0,0,0,0,-32287,0,0,0,0,0,2849764,0
2763961,7030,-3814,-62,854,-83,623,-439,23,13,-3427,-1192,19338,292,33,79,16,0,0,0,0,0,0,0,-32288,0,0,0,0,0,2849769,0
2763966,7182,-3786,52,876,-96,621,-432,33,23,-3388,-1128,19338,292,33,79,16,0,0,0,0,0,0,0,-32288,0,0,0,0,0,2849784,0
2763971,7464,-3756,100,913,-74,594,-412,81,42,-3361,-968,19341,287,33,79,16,0,0,0,0,0,0,0,-32288,0,0,0,0,0,2849789,0
2763976,7940,-3580,104,1143,-151,490,-378,161,84,-3352,-768,19341,287,33,79,16,0,0,0,0,0,0,0,-32288,0,0,0,0,0,2849804,0
2763981,8022,-3454,64,1164,-202,450,-331,204,144,-3251,-704,19347,270,33,79,16,0,0,0,0,0,0,0,-32288,0,0,0,0,0,2849814,0
2763986,8252,-3244,-6,1190,-275,405,-270,267,186,-3193,-536,19347,270,33,79,16,0,0,0,0,0,0,0,-32288,0,0,0,0,0,2849823,0
2763991,8206,-2910,46,1195,-335,329,-194,345,211,-3134,-352,19351,233,33,79,16,0,0,0,0,0,0,0,-32287,0,0,0,0,0,2849828,0
2763996,8408,-2736,18,1255,-523,195,-102,412,225,-3078,-192,19351,233,33,79,16,0,0,0,0,0,0,0,-32286,0,0,0,0,0,2849843,0
2764001,8618,-2610,-70,1362,-655,89,-9,508,241,-2975,-96,19361,176,33,79,16,0,0,0,0,0,0,0,-32285,0,0,0,0,0,2849848,0
2764006,8610,-2198,-140,1511,-813,-66,137,656,310,-2804,-8,19361,176,33,79,16,0,0,0,0,0,0,0,-32285,0,0,0,0,0,2849863,0
2764011,8554,-2154,-286,1592,-981,-184,315,790,389,-2730,64,19374,113,33,79,16,0,0,0,0,0,0,0,-32287,0,0,0,0,0,2849868,0
2764016,8514,-1664,-566,1635,-1355,-417,520,912,439,-2715,144,19374,113,33,79,16,0,0,0,0,0,0,0,-32288,0,0,0,0,0,2849883,0
2764021,8464,-1834,-470,1573,-1433,-478,743,997,438,-2679,272,19390,46,33,79,16,0,0,0,0,0,0,0,-32286,0,0,0,0,0,2849888,0
2764026,8346,-1818,-272,1487,-1529,-548,974,1023,368,-2643,352,19390,46,33,79,16,0,0,0,0,0,0,0,-32285,0,0,0,0,0,2849903,0
2764031,8614,-2156,-94,1495,-1524,-590,1210,1038,259,-2583,392,19406,-22,33,79,16,0,0,0,0,0,0,0,-32287,0,0,0,0,0,2849908,0
2764036,8522,-2348,802,1566,-1466,-697,1451,1064,163,-2535,480,19406,-22,33,79,16,0,0,0,0,0,0,0,-32287,0,0,0,0,0,2849923,0
2764041,8718,-2666,1102,1641,-1356,-713,1693,1067,88,-2453,552,19415,-64,33,79,16,0,0,0,0,0,0,0,-32286,0,0,0,0,0,2849928,0
2764046,8612,-2618,1354,1732,-1299,-769,1942,1102,69,-2371,600,19415,-64,33,79,16,0,0,0,0,0,0,0,-32287,0,0,0,0,0,2849943,0
2764051,8836,-2808,1356,1788,-1155,-743,2191,1097,54,-2276,632,19421,-95,33,79,16,0,0,0,0,0,0,0,-32287,0,0,0,0,0,2849948,0
2764056,8914,-2724,1496,1884,-908,-768,2438,1084,42,-2216,640,19421,-95,33,79,16,0,0,0,0,0,0,0,-32285,0,0,0,0,0,2849963,0
2764061,8800,-2544,1600,1896,-770,-785,2683,1074,13,-2147,656,19420,-105,33,79,16,0,0,0,0,0,0,0,-32287,0,0,0,0,0,2849974,0
2764066,8872,-2380,1496,1900,-620,-798,2929,1084,-3,-2061,696,19420,-105,33,79,16,0,0,0,0,0,0,0,-32287,0,0,0,0,0,2849983,0
2764071,8692,-2332,1358,1900,-496,-797,3177,1089,-6,-1976,728,19421,-102,33,79,16,0,0,0,0,0,0,0,-32286,0,0,0,0,0,2849988,0
2764076,8680,-2142,874,1848,-292,-785,3424,1087,1,-1894,712,19421,-102,33,79,16,0,0,0,0,0,0,0,-32286,0,0,0,0,0,2850003,0
2764081,8296,-1716,806,1793,-241,-826,3665,1065,-7,-1816,704,19420,-90,33,79,16,0,0,0,0,0,0,0,-32287,0,0,0,0,0,2850008,0
2764086,8408,-1654,516,1782,-168,-814,3906,1059,-20,-1749,688,19420,-90,33,79,16,0,0,0,0,0,0,0,-32286,0,0,0,0,0,2850023,0
2764091,8136,-1394,258,1721,-186,-823,4144,1055,-35,-1683,736,19418,-69,33,79,16,0,0,0,0,0,0,0,-32286,0,0,0,0,0,2850028,0
2764096,8054,-1236,-102,1654,-205,-845,4383,1052,-30,-1592,776,19418,-69,33,79,16,0,0,0,0,0,0,0,-32287,0,0,0,0,0,2850043,0
2764101,7934,-1048,-188,1615,-268,-876,4624,1058,-7,-1511,808,19413,-59,33,79,16,0,0,0,0,0,0,0,-32286,0,0,0,0,0,2850048,0
2764106,8146,-1186,-390,1534,-268,-862,4862,1048,-111,-1430,840,19413,-59,33,79,16,0,0,0,0,0,0,0,-32286,0,0,0,0,0,2850063,0
2764111,7960,-1100,-388,1489,-355,-902,5099,1042,-105,-1358,872,19411,-48,33,79,16,0,0,0,0,0,0,0,-32286,0,0,0,0,0,2850068,0
2764116,8360,-1654,-446,1472,-428,-992,5339,1051,46,-1277,936,19411,-48,33,79,16,0,0,0,0,0,0,0,-32286,0,0,0,0,0,2850082,0
2764121,8674,-1868,-478,1494,-425,-1051,5581,1065,57,-1202,1008,19411,-44,33,79,16,0,0,0,0,0,0,0,-32286,0,0,0,0,0,2850087,0
2764126,8744,-2510,-560,1480,-452,-1087,5826,1076,126,-1127,1056,19411,-44,33,79,16,0,0,0,0,0,0,0,-32287,0,0,0,0,0,2850102,0
2764131,8852,-2700,-418,1473,-496,-1148,6075,1093,144,-1042,1128,19408,-37,33,79,16,0,0,0,0,0,0,0,-32287,0,0,0,0,0,2850107,0
2764136,8994,-3438,-226,1519,-570,-1265,6324,1098,41,-967,1176,19408,-37,33,79,16,0,0,0,0,0,0,0,-32286,0,0,0,0,0,2850123,0
2764141,9308,-4036,-220,1602,-612,-1312,6577,1110,42,-896,1200,19406,-35,33,79,16,0,0,0,0,0,0,0,-32287,0,0,0,0,0,2850128,0
2764146,9376,-4266,-114,1667,-675,-1338,6831,1122,34,-821,1256,19406,-35,33,79,16,0,0,0,0,0,0,0,-32287,0,0,0,0,0,2850142,0
2764151,9434,-4412,204,1739,-802,-1358,7086,1121,32,-746,1248,19405,-30,33,79,16,0,0,0,0,0,0,0,-32286,0,0,0,0,0,2850147,0
2764156,9480,-4424,516,1652,-974,-1344,7341,1118,21,-680,1248,19405,-30,33,79,16,0,0,0,0,0,0,0,-32287,0,0,0,0,0,2850162,0
2764161,9712,-4284,662,1656,-988,-1338,7586,1078,-5,-599,1192,19404,-8,33,79,16,0,0,0,0,0,0,0,-32287,0,0,0,0,0,2850167,0
2764166,9690,-3888,982,1637,-1005,-1345,7822,1036,-41,-543,1088,19404,-8,33,79,16,0,0,0,0,0,0,0,-32286,0,0,0,0,0,2850182,0
2764171,9822,-3622,1192,1621,-937,-1316,8046,977,-106,-484,984,19403,4,33,79,16,0,0,0,0,0,0,0,-32287,0,0,0,0,0,2850187,0
2764176,9372,-2292,1912,1262,-603,-1237,8248,892,-157,-423,840,19403,4,33,79,16,0,0,0,0,0,0,0,-32287,0,0,0,0,0,2850202,0
2764181,9210,-1990,1818,921,-386,-1149,8430,795,-214,-360,664,19400,17,33,79,16,0,0,0,0,0,0,0,-32287,0,0,0,0,0,2850207,0
2764186,8710,-1922,1590,452,-340,-1065,8589,687,-275,-322,496,19400,17,33,79,16,0,0,0,0,0,0,0,-32286,0,0,0,0,0,2850222,0
2764191,9026,-1944,1504,-113,-92,-958,8727,604,-320,-266,376,19397,32,33,79,16,0,0,0,0,0,0,0,-32287,0,0,0,0,0,2850227,0
2764196,8860,-3758,1546,-260,-45,-948,8841,499,-331,-216,208,19397,32,33,79,16,0,0,0,0,0,0,0,-32286,0,0,0,0,0,2850242,0
2764201,8710,-4316,1776,11,-110,-981,8936,399,-339,-197,136,19394,49,33,79,16,0,0,0,0,0,0,0,-32287,0,0,0,0,0,2850247,0
2764206,8918,-4610,1452,405,-251,-1066,9009,316,-336,-137,112,19394,49,33,79,16,0,0,0,0,0,0,0,-32287,0,0,0,0,0,2850262,0
2764211,9360,-4624,1594,458,-88,-1042,9063,235,-322,-80,80,19388,60,33,79,16,0,0,0,0,0,0,0,-32286,0,0,0,0,0,2850267,0
2764216,9274,-4644,1208,-62,16,-1036,9101,158,-316,-29,56,19388,60,33,79,16,0,0,0,0,0,0,0,-32287,0,0,0,0,0,2850282,0
2764221,8888,-5246,1426,-316,152,-981,9131,126,-272,23,48,19388,65,33,79,16,0,0,0,0,0,0,0,-32286,0,0,0,0,0,2850287,0
2764226,8410,-6132,1536,-447,187,-925,9147,63,-227,82,24,19388,65,33,79,16,0,0,0,0,0,0,0,-32286,0,0,0,0,0,2850301,0
2764231,8018,-6838,1588,-481,109,-876,9152,16,-198,122,24,19388,67,33,79,16,0,0,0,0,0,0,0,-32287,0,0,0,0,0,2850306,0
2764236,7256,-7456,1742,-497,99,-755,9151,0,-178,161,32,19388,67,33,79,16,0,0,0,0,0,0,0,-32287,0,0,0,0,0,2850323,0
2764241,6610,-7872,1580,-495,100,-682,9152,3,-132,204,48,19389,62,33,79,16,0,0,0,0,0,0,0,-32286,0,0,0,0,0,2850329,0
2764246,5916,-8186,1462,-434,42,-635,9153,3,-89,244,64,19389,62,33,79,16,0,0,0,0,0,0,0,-32287,0,0,0,0,0,2850344,0
2764251,5280,-8434,1306,-297,-26,-582,9153,-5,-32,287,72,19388,56,33,79,16,0,0,0,0,0,0,0,-32286,0,0,0,0,0,2850349,0
2764256,4142,-8280,1294,-237,-180,-419,9156,14,0,326,112,19388,56,33,79,16,0,0,0,0,0,0,0,-32286,0,0,0,0,0,2850364,0
2764261,3816,-8538,1024,-147,-230,-361,9164,40,13,363,152,19388,59,33,79,16,0,0,0,0,0,0,0,-32287,0,0,0,0,0,2850369,0
2764266,3338,-8664,922,36,-312,-288,9178,70,39,403,200,19388,59,33,79,16,0,0,0,0,0,0,0,-32286,0,0,0,0,0,2850384,0
2764271,4952,-7450,1492,749,-607,-701,9188,39,54,480,112,19387,66,33,79,16,0,0,0,0,0,0,0,-32286,0,0,0,0,0,2850389,0
2764276,3770,-7846,930,3529,-1298,-1190,9181,-31,6,532,104,19387,66,33,79,16,0,0,0,0,0,0,0,-32287,0,0,0,0,0,2850404,0
2764281,5506,-4824,832,3463,-1731,-1316,9168,-53,-62,547,112,19390,75,33,79,16,0,0,0,0,0,0,0,-32286,0,0,0,0,0,2850409,0
2764286,7590,-2506,934,2743,-1116,-1285,9154,-63,-106,596,88,19390,75,33,79,16,0,0,0,0,0,0,0,-32286,0,0,0,0,0,2850424,0
2764291,5868,-1080,3102,1464,-225,-1239,9129,-113,-122,651,48,19388,73,33,79,16,0,0,0,0,0,0,0,-32286,0,0,0,0,0,2850429,0
2764296,6326,-6530,2264,1573,-462,-1070,9088,-188,-121,681,24,19388,73,33,79,16,0,0,0,0,0,0,0,-32286,0,0,0,0,0,2850444,0
2764301,5196,-7164,1862,2222,-871,-1053,9027,-282,-158,708,-24,19389,67,33,79,16,0,0,0,0,0,0,0,-32287,0,0,0,0,0,2850449,0
2764306,6392,-6272,1490,2458,-1051,-972,8932,-427,-249,734,-136,19389,67,33,79,16,0,0,0,0,0,0,0,-32286,0,0,0,0,0,2850464,0
2764311,7130,-4482,1616,2045,-714,-817,8796,-610,-359,754,-408,19388,53,33,79,16,0,0,0,0,0,0,0,-32286,0,0,0,0,0,2850469,0
2764316,7166,-3736,1316,851,-346,-488,8618,-799,-477,802,-752,19388,53,33,79,16,0,0,0,0,0,0,0,-32286,0,0,0,0,0,2850484,0
2764321,6982,-4100,1308,722,-290,-338,8400,-982,-571,892,-1104,19391,42,33,79,16,0,0,0,0,0,0,0,-32287,0,0,0,0,0,2850489,0
2764326,7000,-4046,1148,654,-338,-206,8139,-1163,-622,923,-1480,19391,42,33,79,16,0,0,0,0,0,0,0,-32286,0,0,0,0,0,2850504,0
2764331,7286,-3390,1208,545,-352,-91,7841,-1336,-635,981,-1784,19398,24,33,79,16,0,0,0,0,0,0,0,-32286,0,0,0,0,0,2850509,0
2764336,7728,-1920,972,-189,-182,147,7504,-1487,-622,997,-2040,19398,24,33,79,16,0,0,0,0,0,0,0,-32287,0,0,0,0,0,2850524,0
2764341,7888,-1916,874,-555,-90,250,7142,-1604,-580,1033,-2232,19405,-16,33,79,16,0,0,0,0,0,0,0,-32286,0,0,0,0,0,2850529,0
2764346,7698,-1918,904,-772,-99,301,6759,-1688,-514,1091,-2344,19405,-16,33,79,16,0,0,0,0,0,0,0,-32287,0,0,0,0,0,2850544,0
2764351,7790,-1898,994,-875,-134,317,6369,-1730,-408,1133,-2400,19412,-54,33,79,16,0,0,0,0,0,0,0,-32286,0,0,0,0,0,2850549,0
2764356,8042,-1598,1194,-1066,-139,306,5974,-1733,-287,1174,-2376,19412,-54,33,79,16,0,0,0,0,0,0,0,-32287,0,0,0,0,0,2850564,0
2764361,8078,-1526,1338,-1148,-94,279,5583,-1718,-166,1210,-2304,19418,-94,33,79,16,0,0,0,0,0,0,0,-32286,0,0,0,0,0,2850569,0
2764366,8082,-1662,1446,-1210,-53,246,5198,-1687,-65,1241,-2160,19418,-94,33,79,16,0,0,0,0,0,0,0,-32287,0,0,0,0,0,2850584,0
2764371,8096,-1698,1558,-1216,-25,192,4826,-1630,30,1282,-1976,19423,-111,33,79,16,0,0,0,0,0,0,0,-32286,0,0,0,0,0,2850588,0
2764376,8070,-2154,1666,-1082,-22,68,4473,-1537,117,1324,-1744,19423,-111,33,79,16,0,0,0,0,0,0,0,-32287,0,0,0,0,0,2850603,0
2764381,8188,-2242,1636,-944,-44,-21,4144,-1434,198,1379,-1464,19426,-116,33,79,16,0,0,0,0,0,0,0,-32285,0,0,0,0,0,2850608,0
2764386,8272,-2318,1570,-825,-56,-99,3846,-1302,284,1409,-1200,19426,-116,33,79,16,0,0,0,0,0,0,0,-32287,0,0,0,0,0,2850623,0
2764391,8512,-2228,1574,-659,-93,-204,3578,-1163,370,1457,-824,19423,-109,33,79,16,0,0,0,0,0,0,0,-32286,0,0,0,0,0,2850628,0
2764396,8672,-2250,1554,-462,-39,-365,3347,-1000,436,1506,-488,19423,-109,33,79,16,0,0,0,0,0,0,0,-32286,0,0,0,0,0,2850643,0
2764401,8528,-2316,1526,-400,-37,-415,3148,-865,475,1537,-200,19419,-88,33,79,16,0,0,0,0,0,0,0,-32287,0,0,0,0,0,2850648,0
2764406,8474,-2590,1420,-257,-123,-524,2986,-704,505,1619,-80,19419,-88,33,79,16,0,0,0,0,0,0,0,-32287,0,0,0,0,0,2850663,0
2764411,8522,-2662,1158,-31,-176,-594,2856,-551,522,1698,40,19413,-53,33,79,16,0,0,0,0,0,0,0,-32286,0,0,0,0,0,2850668,0
2764416,8536,-2342,718,246,-345,-802,2762,-393,534,1767,88,19413,-53,33,79,16,0,0,0,0,0,0,0,-32287,0,0,0,0,0,2850683,0
2764421,8528,-2258,696,274,-357,-870,2694,-297,514,1757,152,19404,-1,33,79,16,0,0,0,0,0,0,0,-32286,0,0,0,0,0,2850688,0
2764426,8648,-2114,706,315,-348,-951,2642,-220,470,1733,224,19404,-1,33,79,16,0,0,0,0,0,0,0,-32286,0,0,0,0,0,2850703,0
2764431,8864,-1798,744,352,-277,-1068,2599,-184,381,1761,216,19395,37,33,79,16,0,0,0,0,0,0,0,-32286,0,0,0,0,0,2850708,0
2764436,8994,-1496,1154,178,-27,-1132,2558,-176,264,1782,280,19395,37,33,79,16,0,0,0,0,0,0,0,-32286,0,0,0,0,0,2850723,0
2764441,9008,-2066,1242,-48,269,-1062,2515,-193,147,1812,240,19385,74,33,79,16,0,0,0,0,0,0,0,-32287,0,0,0,0,0,2850728,0
2764446,8494,-2308,1462,-155,430,-1002,2469,-210,54,1861,184,19385,74,33,79,16,0,0,0,0,0,0,0,-32287,0,0,0,0,0,2850743,0
2764451,7960,-2932,1508,-207,549,-928,2414,-242,-15,1890,160,19381,86,33,79,16,0,0,0,0,0,0,0,-32287,0,0,0,0,0,2850748,0
2764456,7324,-3268,1242,-197,607,-729,2350,-284,-66,1909,88,19381,86,33,79,16,0,0,0,0,0,0,0,-32287,0,0,0,0,0,2850763,0
2764461,6924,-3038,1072,-371,674,-613,2267,-369,-125,1923,40,19381,96,33,79,16,0,0,0,0,0,0,0,-32287,0,0,0,0,0,2850768,0
2764466,6624,-2926,1020,-493,691,-530,2173,-425,-166,1940,32,19381,96,33,79,16,0,0,0,0,0,0,0,-32287,0,0,0,0,0,2850783,0
2764471,6418,-3150,812,-559,734,-461,2068,-466,-194,1970,24,19386,82,33,79,16,0,0,0,0,0,0,0,-32287,0,0,0,0,0,2850788,0
2764476,5824,-2980,652,-649,668,-295,1952,-516,-191,1998,-32,19386,82,33,79,16,0,0,0,0,0,0,0,-32286,0,0,0,0,0,2850803,0
2764481,5624,-3006,514,-830,677,-186,1821,-590,-190,1998,-48,19390,64,33,79,16,0,0,0,0,0,0,0,-32286,0,0,0,0,0,2850808,0
2764486,5446,-2874,458,-942,684,-140,1674,-640,-195,1999,-40,19390,64,33,79,16,0,0,0,0,0,0,0,-32287,0,0,0,0,0,2850823,0
2764491,5490,-2988,462,-918,668,-87,1525,-662,-186,2078,-80,19399,31,33,79,16,0,0,0,0,0,0,0,-32287,0,0,0,0,0,2850828,0
2764496,5158,-2902,410,-1013,593,17,1365,-704,-175,2088,-72,19399,31,33,79,16,0,0,0,0,0,0,0,-32287,0,0,0,0,0,2850843,0
2764501,5342,-2992,364,-936,545,29,1209,-683,-124,2118,-24,19403,9,33,79,16,0,0,0,0,0,0,0,-32286,0,0,0,0,0,2850848,0
2764506,5158,-3022,408,-878,476,91,1055,-679,-66,2163,-48,19403,9,33,79,16,0,0,0,0,0,0,0,-32286,0,0,0,0,0,2850863,0
2764511,5024,-2598,386,-893,362,98,904,-661,-17,2173,8,19406,-4,33,79,16,0,0,0,0,0,0,0,-32286,0,0,0,0,0,2850868,0
2764516,5462,-2566,428,-815,260,135,766,-605,34,2201,24,19406,-4,33,79,16,0,0,0,0,0,0,0,-32288,0,0,0,0,0,2850883,0
2764521,5438,-2464,482,-848,188,182,633,-584,85,2225,16,19403,-2,33,79,16,0,0,0,0,0,0,0,-32287,0,0,0,0,0,2850888,0
2764526,5614,-2380,420,-832,135,168,507,-551,103,2237,64,19403,-2,33,79,16,0,0,0,0,0,0,0,-32286,0,0,0,0,0,2850903,0
2764531,5940,-2386,462,-756,115,199,393,-496,121,2279,72,19400,10,33,79,16,0,0,0,0,0,0,0,-32285,0,0,0,0,0,2850908,0
2764536,6248,-1902,674,-711,86,196,289,-456,137,2288,72,19400,10,33,79,16,0,0,0,0,0,0,0,-32286,0,0,0,0,0,2850923,0
2764541,6434,-1962,650,-752,135,233,194,-418,142,2284,128,19396,25,33,79,16,0,0,0,0,0,0,0,-32286,0,0,0,0,0,2850928,0
2764546,6432,-1688,708,-727,141,209,111,-357,155,2273,192,19396,25,33,79,16,0,0,0,0,0,0,0,-32287,0,0,0,0,0,2850943,0
2764551,6680,-1860,702,-714,190,243,36,-322,153,2287,208,19391,44,33,79,16,0,0,0,0,0,0,0,-32287,0,0,0,0,0,2850948,0
2764556,6862,-1760,724,-738,254,247,-27,-286,152,2293,280,19391,44,33,79,16,0,0,0,0,0,0,0,-32287,0,0,0,0,0,2850963,0
2764561,6816,-1794,674,-756,297,265,-81,-241,156,2283,384,19388,62,33,79,16,0,0,0,0,0,0,0,-32287,0,0,0,0,0,2850968,0
2764566,6902,-1546,732,-704,293,251,-123,-181,161,2294,456,19388,62,33,79,16,0,0,0,0,0,0,0,-32287,0,0,0,0,0,2850983,0
2764571,6924,-1390,680,-738,332,224,-153,-123,158,2278,648,19384,76,33,79,16,0,0,0,0,0,0,0,-32287,0,0,0,0,0,2850988,0
2764576,6874,-1354,612,-779,403,228,-169,-64,174,2258,760,19384,76,33,79,16,0,0,0,0,0,0,0,-32286,0,0,0,0,0,2851003,0
2764581,6678,-1162,588,-830,396,188,-178,-30,180,2285,816,19379,95,33,79,16,0,0,0,0,0,0,0,-32286,0,0,0,0,0,2851008,0
2764586,6808,-1210,452,-862,431,170,-180,-1,168,2284,880,19379,95,33,79,16,0,0,0,0,0,0,0,-32286,0,0,0,0,0,2851023,0
2764591,6700,-1238,418,-899,446,165,-179,5,134,2301,880,19377,137,33,79,16,0,0,0,0,0,0,0,-32287,0,0,0,0,0,2851028,0
2764596,6642,-1102,368,-1056,522,160,-178,7,91,2310,872,19377,137,33,79,16,0,0,0,0,0,0,0,-32286,0,0,0,0,0,2851043,0
2764601,6264,-1010,338,-1187,581,179,-179,-1,46,2303,872,19373,174,33,79,16,0,0,0,0,0,0,0,-32286,0,0,0,0,0,2851048,0
2764606,6092,-1272,186,-1280,584,194,-178,0,15,2292,872,19373,174,33,79,16,0,0,0,0,0,0,0,-32286,0,0,0,0,0,2851062,0
2764611,5934,-1516,158,-1276,579,210,-178,7,-1,2279,880,19371,190,33,79,16,0,0,0,0,0,0,0,-32286,0,0,0,0,0,2851067,0
2764616,5752,-1484,250,-1267,489,242,-177,10,3,2268,872,19371,190,33,79,16,0,0,0,0,0,0,0,-32286,0,0,0,0,0,2851082,0
2764621,5844,-1414,272,-1317,493,266,-176,6,0,2262,840,19372,191,33,79,16,0,0,0,0,0,0,0,-32286,0,0,0,0,0,2851087,0
2764626,5814,-1520,352,-1372,497,285,-175,2,1,2240,840,19372,191,33,79,16,0,0,0,0,0,0,0,-32286,0,0,0,0,0,2851102,0
2764631,5856,-1558,426,-1383,481,293,-174,9,5,2220,832,19370,181,33,79,16,0,0,0,0,0,0,0,-32286,0,0,0,0,0,2851107,0
2764636,6020,-1604,636,-1346,459,319,-173,3,1,2201,832,19370,181,33,79,16,0,0,0,0,0,0,0,-32287,0,0,0,0,0,2851122,0
2764641,6132,-1582,702,-1346,476,327,-171,10,2,2181,832,19369,183,33,79,16,0,0,0,0,0,0,0,-32287,0,0,0,0,0,2851127,0
2764646,6256,-1602,800,-1359,483,326,-169,10,2,2160,816,19369,183,33,79,16,0,0,0,0,0,0,0,-32287,0,0,0,0,0,2851142,0
2764651,6382,-1588,832,-1352,511,343,-166,11,7,2134,808,19367,176,33,79,16,0,0,0,0,0,0,0,-32286,0,0,0,0,0,2851147,0
2764656,6470,-1754,1048,-1401,582,354,-162,15,6,2106,800,19367,176,33,79,16,0,0,0,0,0,0,0,-32287,0,0,0,0,0,2851162,0
2764661,6674,-1978,1014,-1330,547,346,-159,16,8,2075,800,19367,172,33,79,16,0,0,0,0,0,0,0,-32286,0,0,0,0,0,2851167,0
2764666,6816,-1850,1062,-1262,539,324,-150,41,13,2044,832,19367,172,33,79,16,0,0,0,0,0,0,0,-32287,0,0,0,0,0,2851182,0
2764671,7054,-1692,1076,-1226,532,313,-138,62,23,2005,840,19368,158,33,79,16,0,0,0,0,0,0,0,-32287,0,0,0,0,0,2851187,0
2764676,7518,-1738,1128,-1191,555,314,-118,87,52,1986,832,19368,158,33,79,16,0,0,0,0,0,0,0,-32287,0,0,0,0,0,2851202,0
2764681,7432,-1820,1162,-1320,595,362,-107,56,52,1971,744,19369,161,33,79,16,0,0,0,0,0,0,0,-32287,0,0,0,0,0,2851207,0
2764686,7440,-2006,1162,-1419,637,414,-102,16,19,1938,704,19369,161,33,79,16,0,0,0,0,0,0,0,-32287,0,0,0,0,0,2851222,0
2764691,7504,-2260,1170,-1412,630,434,-102,-6,-40,1890,672,19370,149,33,79,16,0,0,0,0,0,0,0,-32287,0,0,0,0,0,2851227,0
2764696,7920,-2082,1242,-1212,566,413,-101,0,-69,1843,672,19370,149,33,79,16,0,0,0,0,0,0,0,-32287,0,0,0,0,0,2851242,0
2764701,7966,-1860,1248,-1258,595,418,-101,2,-64,1812,616,19376,141,33,79,16,0,0,0,0,0,0,0,-32287,0,0,0,0,0,2851247,0
2764706,8102,-1832,1186,-1343,621,429,-100,8,-32,1776,592,19376,141,33,79,16,0,0,0,0,0,0,0,-32286,0,0,0,0,0,2851262,0
2764711,8034,-1978,1142,-1381,619,437,-101,3,-7,1724,592,19377,130,33,79,16,0,0,0,0,0,0,0,-32287,0,0,0,0,0,2851267,0
2764716,8248,-2192,1022,-1239,484,410,-100,5,-2,1683,552,19377,130,33,79,16,0,0,0,0,0,0,0,-32287,0,0,0,0,0,2851282,0
2764721,8450,-2092,1020,-1216,459,404,-100,3,-3,1639,552,19379,123,33,79,16,0,0,0,0,0,0,0,-32286,0,0,0,0,0,2851287,0
2764726,8400,-1980,1036,-1312,465,409,-101,0,-2,1593,536,19379,123,33,79,16,0,0,0,0,0,0,0,-32287,0,0,0,0,0,2851302,0
2764731,8530,-2084,1066,-1359,415,362,-100,1,-6,1559,504,19377,123,33,79,16,0,0,0,0,0,0,0,-32286,0,0,0,0,0,2851307,0
2764736,8808,-2280,1302,-1232,299,274,-101,-4,-5,1506,496,19377,123,33,79,16,0,0,0,0,0,0,0,-32287,0,0,0,0,0,2851322,0
2764741,8950,-2278,1364,-1223,269,238,-100,2,2,1460,496,19376,124,33,79,16,0,0,0,0,0,0,0,-32287,0,0,0,0,0,2851327,0
2764746,9054,-2216,1418,-1241,269,191,-100,0,-2,1425,456,19376,124,33,79,16,0,0,0,0,0,0,0,-32287,0,0,0,0,0,2851342,0
2764751,9184,-2202,1484,-1219,244,124,-101,1,0,1375,416,19376,117,33,79,16,0,0,0,0,0,0,0,-32287,0,0,0,0,0,2851347,0
2764756,9424,-2210,1522,-1103,272,-11,-101,0,-3,1318,416,19376,117,33,79,16,0,0,0,0,0,0,0,-32287,0,0,0,0,0,2851362,0
2764761,9428,-2132,1594,-1071,289,-79,-102,-5,-3,1275,408,19378,108,33,79,16,0,0,0,0,0,0,0,-32287,0,0,0,0,0,2851367,0
2764766,9464,-2170,1584,-1049,329,-127,-103,-4,-2,1235,360,19378,108,33,79,16,0,0,0,0,0,0,0,-32287,0,0,0,0,0,2851382,0
2764771,9412,-2278,1640,-1029,349,-155,-102,-2,-4,1181,336,19381,110,33,79,16,0,0,0,0,0,0,0,-32286,0,0,0,0,0,2851386,0
2764776,9162,-2428,1638,-972,395,-181,-105,-8,-4,1129,320,19381,110,33,79,16,0,0,0,0,0,0,0,-32287,0,0,0,0,0,2851401,0
2764781,9000,-2468,1646,-922,401,-178,-107,-16,-7,1070,312,19382,99,33,79,16,0,0,0,0,0,0,0,-32287,0,0,0,0,0,2851406,0
2764786,8834,-2340,1602,-861,380,-176,-110,-7,-10,1024,272,19382,99,33,79,16,0,0,0,0,0,0,0,-32287,0,0,0,0,0,2851421,0
2764791,8834,-2162,1514,-815,369,-165,-112,-8,-4,976,248,19383,93,33,79,16,0,0,0,0,0,0,0,-32286,0,0,0,0,0,2851426,0
2764796,8810,-1530,1266,-819,364,-146,-114,-10,-3,919,240,19383,93,33,79,16,0,0,0,0,0,0,0,-32287,0,0,0,0,0,2851441,0
2764801,8826,-1202,1150,-849,369,-139,-116,1,-1,868,232,19385,81,33,79,16,0,0,0,0,0,0,0,-32286,0,0,0,0,0,2851446,0
2764806,8812,-916,1106,-901,400,-125,-117,-1,4,816,224,19385,81,33,79,16,0,0,0,0,0,0,0,-32287,0,0,0,0,0,2851461,0
2764811,8848,-742,1180,-995,443,-118,-118,-5,3,762,216,19386,73,33,79,16,0,0,0,0,0,0,0,-32286,0,0,0,0,0,2851471,0
2764816,9350,-1080,1494,-1260,557,-67,-117,3,8,721,200,19386,73,33,79,16,0,0,0,0,0,0,0,-32286,0,0,0,0,0,2851481,0
2764821,9836,-1600,1774,-1388,612,-26,-119,-2,4,672,168,19387,76,33,79,16,0,0,0,0,0,0,0,-32287,0,0,0,0,0,2851486,0
2764826,10474,-2142,2058,-1534,666,23,-118,-2,0,618,152,19387,76,33,79,16,0,0,0,0,0,0,0,-32287,0,0,0,0,0,2851501,0
2764831,11090,-2796,2196,-1712,724,108,-119,-6,-1,563,144,19387,82,33,79,16,0,0,0,0,0,0,0,-32287,0,0,0,0,0,2851506,0
2764836,12256,-3978,1848,-1964,696,240,-119,-1,4,508,120,19387,82,33,79,16,0,0,0,0,0,0,0,-32287,0,0,0,0,0,2851521,0
2764841,12620,-4594,1628,-2061,702,310,-119,-5,2,461,112,19386,82,33,79,16,0,0,0,0,0,0,0,-32286,0,0,0,0,0,2851526,0
2764846,13004,-5298,1510,-2134,725,366,-117,4,4,408,112,19386,82,33,79,16,0,0,0,0,0,0,0,-32287,0,0,0,0,0,2851541,0
2764851,13424,-6012,1644,-2043,746,384,-114,10,14,357,96,19386,75,33,79,16,0,0,0,0,0,0,0,-32287,0,0,0,0,0,2851546,0
2764856,13392,-7574,2104,-1390,628,267,-114,2,10,311,72,19386,75,33,79,16,0,0,0,0,0,0,0,-32287,0,0,0,0,0,2851561,0
2764861,13150,-7628,1978,-930,543,149,-113,-1,1,260,48,19387,75,33,79,16,0,0,0,0,0,0,0,-32286,0,0,0,0,0,2851566,0
2764866,12790,-7098,2198,-609,613,41,-115,-7,-6,208,40,19387,75,33,79,16,0,0,0,0,0,0,0,-32286,0,0,0,0,0,2851581,0
2764871,12014,-6750,1882,-517,632,-52,-116,-11,-10,162,24,19387,73,33,79,16,0,0,0,0,0,0,0,-32286,0,0,0,0,0,2851586,0
2764876,10374,-6458,1938,-622,1067,-167,-117,-1,-13,113,16,19387,73,33,79,16,0,0,0,0,0,0,0,-32286,0,0,0,0,0,2851601,0
2764881,9492,-6852,1462,-726,1136,-182,-118,-5,-8,64,8,19387,73,33,79,16,0,0,0,0,0,0,0,-32286,0,0,0,0,0,2851606,0
2764886,8264,-7216,1166,-791,1119,-168,-121,-5,-11,18,-8,19387,73,33,79,16,0,0,0,0,0,0,0,-32286,0,0,0,0,0,2851621,0
2764891,7196,-7628,896,-724,995,-155,-124,-4,-2,-28,-16,19387,75,33,79,16,0,0,0,0,0,0,0,-32286,0,0,0,0,0,2851626,0
2764896,5292,-7752,460,-272,574,-149,-127,-14,-2,-71,-32,19387,75,33,79,16,0,0,0,0,0,0,0,-32287,0,0,0,0,0,2851641,0
2764901,4552,-7570,358,-62,402,-97,-128,-10,-5,-117,-40,19388,70,33,79,16,0,0,0,0,0,0,0,-32287,0,0,0,0,0,2851645,0
2764906,3506,-7084,178,-204,379,63,-129,-2,3,-169,-48,19388,70,33,79,16,0,0,0,0,0,0,0,-32286,0,0,0,0,0,2851660,0
2764911,3082,-6360,-12,-379,208,111,-130,-5,11,-221,-64,19389,81,33,79,16,0,0,0,0,0,0,0,-32286,0,0,0,0,0,2851665,0
2764916,2956,-5912,-48,-69,115,94,-129,-1,6,-265,-72,19389,81,33,79,16,0,0,0,0,0,0,0,-32286,0,0,0,0,0,2851680,0
2764921,2600,-5564,40,20,23,121,-129,-9,5,-317,-88,19389,71,33,79,16,0,0,0,0,0,0,0,-32286,0,0,0,0,0,2851685,0
2764926,2664,-5302,58,54,41,175,-128,2,8,-376,-104,19389,71,33,79,16,0,0,0,0,0,0,0,-32286,0,0,0,0,0,2851700,0
2764931,2512,-4958,24,87,-31,163,-130,2,2,-427,-120,19389,75,33,79,16,0,0,0,0,0,0,0,-32286,0,0,0,0,0,2851705,0
2764936,3024,-4032,-270,346,-145,129,-128,-3,-2,-477,-144,19389,75,33,79,16,0,0,0,0,0,0,0,-32286,0,0,0,0,0,2851720,0
2764941,3206,-3416,-288,356,-201,104,-131,1,-4,-528,-160,19386,67,33,79,16,0,0,0,0,0,0,0,-32286,0,0,0,0,0,2851725,0
2764946,3450,-3102,-366,256,-179,129,-132,-3,3,-585,-200,19386,67,33,79,16,0,0,0,0,0,0,0,-32287,0,0,0,0,0,2851740,0
2764951,3412,-3106,-352,-30,-124,224,-134,2,-5,-647,-192,19385,72,33,79,16,0,0,0,0,0,0,0,-32287,0,0,0,0,0,2851745,0
2764956,3446,-3968,482,-952,347,675,-130,14,-1,-706,-200,19385,72,33,79,16,0,0,0,0,0,0,0,-32287,0,0,0,0,0,2851760,0
2764961,3400,-4086,1172,-1039,523,737,-128,11,14,-764,-208,19383,78,33,79,16,0,0,0,0,0,0,0,-32286,0,0,0,0,0,2851765,0
2764966,4054,-4846,1280,-777,675,817,-125,13,16,-807,-216,19383,78,33,79,16,0,0,0,0,0,0,0,-32286,0,0,0,0,0,2851780,0
2764971,3794,-4954,1420,-634,764,966,-120,22,15,-871,-224,19384,80,33,79,16,0,0,0,0,0,0,0,-32286,0,0,0,0,0,2851785,0
2764976,3764,-5450,1050,-607,720,1186,-113,29,16,-940,-224,19384,80,33,79,16,0,0,0,0,0,0,0,-32287,0,0,0,0,0,2851800,0
2764981,4376,-5740,396,-334,548,1230,-106,23,19,-990,-232,19384,76,33,79,16,0,0,0,0,0,0,0,-32286,0,0,0,0,0,2851805,0
2764986,4574,-5268,168,-109,297,1210,-96,31,17,-1036,-264,19384,76,33,79,16,0,0,0,0,0,0,0,-32287,0,0,0,0,0,2851819,0
2764991,5300,-4818,-124,-38,95,1200,-85,60,21,-1107,-248,19384,73,33,79,16,0,0,0,0,0,0,0,-32286,0,0,0,0,0,2851824,0
2764996,6264,-4202,-410,-154,-299,1081,-66,86,31,-1183,-216,19384,73,33,79,16,0,0,0,0,0,0,0,-32286,0,0,0,0,0,2851839,0
2765001,6552,-4368,-552,-197,-491,1036,-49,95,45,-1222,-256,19383,69,33,79,16,0,0,0,0,0,0,0,-32286,0,0,0,0,0,2851844,0
2765006,6714,-4370,-522,-290,-678,984,-34,64,44,-1267,-328,19383,69,33,79,16,0,0,0,0,0,0,0,-32286,0,0,0,0,0,2851859,0
2765011,7174,-4348,-528,-328,-778,925,-22,45,13,-1336,-344,19382,68,33,79,16,0,0,0,0,0,0,0,-32286,0,0,0,0,0,2851864,0
2765016,7482,-4390,-236,-338,-839,739,-10,56,-21,-1403,-288,19382,68,33,79,16,0,0,0,0,0,0,0,-32286,0,0,0,0,0,2851879,0
2765021,7616,-4578,-242,-230,-884,633,11,99,-13,-1416,-240,19385,66,33,79,16,0,0,0,0,0,0,0,-32286,0,0,0,0,0,2851884,0
2765026,7440,-4798,-188,-164,-918,546,36,104,25,-1387,-256,19385,66,33,79,16,0,0,0,0,0,0,0,-32286,0,0,0,0,0,2851899,0
2765031,7368,-4656,-102,-90,-957,428,64,121,58,-1395,-224,19388,77,33,79,16,0,0,0,0,0,0,0,-32286,0,0,0,0,0,2851904,0
2765036,6970,-4800,-54,-3,-947,299,93,120,60,-1383,-272,19388,77,33,79,16,0,0,0,0,0,0,0,-32286,0,0,0,0,0,2851919,0
2765041,6794,-4528,-2,6,-977,199,117,98,27,-1389,-224,19388,89,33,79,16,0,0,0,0,0,0,0,-32286,0,0,0,0,0,2851924,0
2765046,6890,-4536,-20,122,-969,107,146,128,7,-1408,-200,19388,89,33,79,16,0,0,0,0,0,0,0,-32286,0,0,0,0,0,2851939,0
2765051,6600,-4700,14,173,-991,73,181,149,16,-1395,-184,19387,99,33,79,16,0,0,0,0,0,0,0,-32286,0,0,0,0,0,2851944,0
2765056,6568,-4810,-140,369,-1087,-46,221,183,40,-1389,-176,19387,99,33,79,16,0,0,0,0,0,0,0,-32286,0,0,0,0,0,2851959,0
2765061,6024,-4400,86,387,-1155,-100,261,174,59,-1393,-152,19388,88,33,79,16,0,0,0,0,0,0,0,-32287,0,0,0,0,0,2851964,0
2765066,6442,-4488,-22,448,-1179,-120,304,193,63,-1392,-144,19388,88,33,79,16,0,0,0,0,0,0,0,-32287,0,0,0,0,0,2851978,0
2765071,6234,-4174,46,489,-1177,-159,352,218,52,-1384,-120,19389,84,33,79,16,0,0,0,0,0,0,0,-32287,0,0,0,0,0,2851983,0
2765076,6260,-4218,118,636,-1273,-174,405,242,53,-1391,-96,19389,84,33,79,16,0,0,0,0,0,0,0,-32287,0,0,0,0,0,2851998,0
2765081,6724,-4320,38,715,-1278,-170,463,260,64,-1379,-88,19387,80,33,79,16,0,0,0,0,0,0,0,-32287,0,0,0,0,0,2852003,0
2765086,6836,-4288,136,791,-1313,-140,528,287,80,-1374,-80,19387,80,33,79,16,0,0,0,0,0,0,0,-32287,0,0,0,0,0,2852018,0
2765091,6832,-3924,266,804,-1324,-86,592,276,68,-1377,-88,19385,67,33,79,16,0,0,0,0,0,0,0,-32287,0,0,0,0,0,2852023,0
2765096,7212,-3670,532,672,-1174,-8,652,263,35,-1401,-88,19385,67,33,79,16,0,0,0,0,0,0,0,-32286,0,0,0,0,0,2852038,0
2765101,7474,-3798,590,683,-1043,62,710,252,-4,-1391,-96,19383,66,33,79,16,0,0,0,0,0,0,0,-32287,0,0,0,0,0,2852043,0
2765106,7148,-3446,842,675,-967,102,765,237,-28,-1394,-104,19383,66,33,79,16,0,0,0,0,0,0,0,-32286,0,0,0,0,0,2852058,0
2765111,7394,-3366,794,664,-833,103,821,247,-64,-1398,-96,19385,63,33,79,16,0,0,0,0,0,0,0,-32286,0,0,0,0,0,2852063,0
2765116,7252,-3298,740,748,-700,165,880,260,0,-1380,-80,19385,63,33,79,16,0,0,0,0,0,0,0,-32286,0,0,0,0,0,2852078,0
2765121,7334,-3082,564,790,-683,139,944,287,30,-1379,-64,19390,70,33,79,16,0,0,0,0,0,0,0,-32286,0,0,0,0,0,2852083,0
2765126,7614,-3254,266,865,-656,167,1019,316,77,-1367,-48,19390,70,33,79,16,0,0,0,0,0,0,0,-32286,0,0,0,0,0,2852098,0
2765131,7276,-3066,218,825,-686,182,1092,324,96,-1382,-56,19391,68,33,79,16,0,0,0,0,0,0,0,-32287,0,0,0,0,0,2852103,0
2765136,7406,-3074,20,776,-690,210,1168,332,71,-1386,-32,19391,68,33,79,16,0,0,0,0,0,0,0,-32287,0,0,0,0,0,2852118,0
2765141,7194,-3014,52,748,-746,193,1246,343,54,-1381,-40,19391,62,33,79,16,0,0,0,0,0,0,0,-32287,0,0,0,0,0,2852123,0
2765146,7318,-3232,-56,789,-777,195,1329,367,43,-1383,-40,19391,62,33,79,16,0,0,0,0,0,0,0,-32287,0,0,0,0,0,2852137,0
2765151,7166,-3258,-36,858,-844,169,1420,401,52,-1375,-16,19392,49,33,79,16,0,0,0,0,0,0,0,-32287,0,0,0,0,0,2852142,0
2765156,6960,-3392,-254,870,-981,201,1511,401,64,-1375,-16,19392,49,33,79,16,0,0,0,0,0,0,0,-32286,0,0,0,0,0,2852157,0
2765161,6830,-3400,-244,792,-1030,204,1599,384,54,-1394,-32,19390,50,33,79,16,0,0,0,0,0,0,0,-32286,0,0,0,0,0,2852162,0
2765166,6800,-3600,-342,746,-1022,250,1684,364,24,-1397,-24,19390,50,33,79,16,0,0,0,0,0,0,0,-32286,0,0,0,0,0,2852177,0
2765171,6456,-3564,-228,757,-1098,246,1767,368,-17,-1401,-40,19388,44,33,79,16,0,0,0,0,0,0,0,-32287,0,0,0,0,0,2852182,0
2765176,6418,-3692,-240,850,-1180,250,1845,343,-41,-1393,-48,19388,44,33,79,16,0,0,0,0,0,0,0,-32287,0,0,0,0,0,2852197,0
2765181,6412,-3812,-244,837,-1188,302,1919,325,-48,-1390,-80,19388,36,33,79,16,0,0,0,0,0,0,0,-32287,0,0,0,0,0,2852202,0
2765186,6308,-3676,-160,722,-1164,325,1977,256,-73,-1399,-112,19388,36,33,79,16,0,0,0,0,0,0,0,-32287,0,0,0,0,0,2852217,0
2765191,6534,-3836,-122,642,-1085,370,2025,213,-107,-1394,-192,19387,42,33,79,16,0,0,0,0,0,0,0,-32287,0,0,0,0,0,2852222,0
2765196,6264,-4080,210,562,-976,459,2058,139,-160,-1376,-256,19387,42,33,79,16,0,0,0,0,0,0,0,-32287,0,0,0,0,0,2852237,0
2765201,6656,-4288,234,652,-910,470,2081,95,-185,-1380,-288,19389,50,33,79,16,0,0,0,0,0,0,0,-32287,0,0,0,0,0,2852242,0
2765206,6480,-4434,306,695,-823,527,2094,53,-190,-1357,-424,19389,50,33,79,16,0,0,0,0,0,0,0,-32287,0,0,0,0,0,2852257,0
2765211,6482,-4354,400,685,-795,553,2093,0,-178,-1348,-480,19390,70,33,79,16,0,0,0,0,0,0,0,-32287,0,0,0,0,0,2852262,0
2765216,6808,-4262,386,832,-656,540,2092,-5,-156,-1388,-472,19390,70,33,79,16,0,0,0,0,0,0,0,-32287,0,0,0,0,0,2852277,0
2765221,6800,-4242,328,923,-643,527,2094,0,-112,-1387,-472,19394,91,33,79,16,0,0,0,0,0,0,0,-32287,0,0,0,0,0,2852281,0
2765226,6962,-4104,200,1021,-644,510,2094,2,-64,-1387,-472,19394,91,33,79,16,0,0,0,0,0,0,0,-32287,0,0,0,0,0,2852296,0
2765231,7058,-3964,124,1088,-637,497,2094,4,-16,-1388,-480,19396,102,33,79,16,0,0,0,0,0,0,0,-32287,0,0,0,0,0,2852301,0
2765236,7262,-3724,-86,1083,-605,462,2093,-4,-1,-1386,-472,19396,102,33,79,16,0,0,0,0,0,0,0,-32287,0,0,0,0,0,2852318,0
2765241,7312,-3720,-124,1101,-586,436,2094,3,-2,-1386,-480,19390,105,33,79,16,0,0,0,0,0,0,0,-32287,0,0,0,0,0,2852324,0
2765246,7350,-3648,-166,1142,-601,428,2094,0,3,-1388,-480,19390,105,33,79,16,0,0,0,0,0,0,0,-32287,0,0,0,0,0,2852339,0
2765251,7442,-3588,-196,1166,-609,414,2093,0,-2,-1388,-472,19383,111,33,79,16,0,0,0,0,0,0,0,-32287,0,0,0,0,0,2852344,0
2765256,7466,-3492,-212,1139,-551,398,2094,8,1,-1385,-472,19383,111,33,79,16,0,0,0,0,0,0,0,-32287,0,0,0,0,0,2852359,0
2765261,7426,-3504,-216,1159,-558,386,2093,-5,-2,-1385,-464,19380,104,33,79,16,0,0,0,0,0,0,0,-32287,0,0,0,0,0,2852364,0
2765266,7496,-3406,-248,1183,-575,371,2094,0,4,-1389,-472,19380,104,33,79,16,0,0,0,0,0,0,0,-32287,0,0,0,0,0,2852379,0
2765271,7218,-3136,-588,1273,-772,338,2093,-1,-3,-1386,-472,19379,109,33,79,16,0,0,0,0,0,0,0,-32287,0,0,0,0,0,2852384,0
2765276,7214,-3018,-122,1085,-586,372,2095,5,-1,-1385,-464,19379,109,33,79,16,0,0,0,0,0,0,0,-32287,0,0,0,0,0,2852399,0
2765281,7528,-3224,-146,1104,-528,384,2095,12,0,-1389,-472,19380,106,33,79,16,0,0,0,0,0,0,0,-32287,0,0,0,0,0,2852404,0
2765286,7304,-3020,-88,1147,-543,378,2095,2,4,-1387,-472,19380,106,33,79,16,0,0,0,0,0,0,0,-32287,0,0,0,0,0,2852419,0
2765291,7302,-2972,-192,1159,-550,372,2094,0,0,-1386,-464,19379,102,33,79,16,0,0,0,0,0,0,0,-32286,0,0,0,0,0,2852424,0
2765296,7252,-2886,-364,1171,-524,377,2095,2,4,-1385,-464,19379,102,33,79,16,0,0,0,0,0,0,0,-32287,0,0,0,0,0,2852438,0
2765301,7252,-2858,-398,1195,-530,385,2099,12,3,-1388,-464,19379,103,33,79,16,0,0,0,0,0,0,0,-32286,0,0,0,0,0,2852443,0
2765306,7214,-2834,-406,1221,-538,393,2102,22,10,-1399,-424,19379,103,33,79,16,0,0,0,0,0,0,0,-32287,0,0,0,0,0,2852458,0
2765311,7212,-2734,-414,1256,-562,384,2113,44,24,-1401,-384,19380,95,33,79,16,0,0,0,0,0,0,0,-32287,0,0,0,0,0,2852463,0
2765316,7488,-2430,-450,1352,-602,314,2133,95,46,-1425,-256,19380,95,33,79,16,0,0,0,0,0,0,0,-32287,0,0,0,0,0,2852478,0
2765321,7618,-2552,-546,1395,-618,306,2164,147,96,-1419,-192,19381,83,33,79,16,0,0,0,0,0,0,0,-32287,0,0,0,0,0,2852483,0
2765326,7584,-2234,-536,1386,-657,260,2202,176,125,-1407,-112,19381,83,33,79,16,0,0,0,0,0,0,0,-32286,0,0,0,0,0,2852498,0
2765331,7956,-2250,-592,1416,-671,231,2254,221,143,-1395,-96,19384,73,33,79,16,0,0,0,0,0,0,0,-32286,0,0,0,0,0,2852503,0
2765336,8180,-2350,-528,1396,-680,135,2316,282,156,-1380,-56,19384,73,33,79,16,0,0,0,0,0,0,0,-32286,0,0,0,0,0,2852518,0
2765341,8148,-2440,-556,1414,-664,142,2387,313,157,-1370,-56,19388,71,33,79,16,0,0,0,0,0,0,0,-32286,0,0,0,0,0,2852522,0
2765346,8132,-2354,-402,1369,-656,116,2462,335,144,-1383,-48,19388,71,33,79,16,0,0,0,0,0,0,0,-32286,0,0,0,0,0,2852537,0
2765351,8414,-2478,-296,1368,-620,99,2545,360,127,-1381,-48,19391,76,33,79,16,0,0,0,0,0,0,0,-32286,0,0,0,0,0,2852542,0
2765356,8502,-2628,-168,1358,-527,85,2631,391,102,-1386,-16,19391,76,33,79,16,0,0,0,0,0,0,0,-32287,0,0,0,0,0,2852557,0
2765361,8710,-2816,-246,1403,-460,73,2725,427,92,-1374,-8,19391,58,33,79,16,0,0,0,0,0,0,0,-32287,0,0,0,0,0,2852562,0
2765366,8674,-2760,-128,1453,-464,68,2826,450,95,-1364,24,19391,58,33,79,16,0,0,0,0,0,0,0,-32287,0,0,0,0,0,2852577,0
2765371,8662,-2832,-138,1420,-409,86,2931,456,90,-1374,16,19393,50,33,79,16,0,0,0,0,0,0,0,-32286,0,0,0,0,0,2852582,0
2765376,8726,-2706,-162,1303,-305,84,3034,454,78,-1377,0,19393,50,33,79,16,0,0,0,0,0,0,0,-32286,0,0,0,0,0,2852597,0
2765381,8766,-2708,-86,1262,-243,77,3137,458,54,-1381,24,19394,41,33,79,16,0,0,0,0,0,0,0,-32286,0,0,0,0,0,2852602,0
2765386,8680,-2840,-80,1251,-183,81,3246,474,22,-1377,8,19394,41,33,79,16,0,0,0,0,0,0,0,-32286,0,0,0,0,0,2852617,0
2765391,8546,-3002,16,1207,-143,94,3346,445,8,-1381,0,19395,43,33,79,16,0,0,0,0,0,0,0,-32286,0,0,0,0,0,2852627,0
2765396,8512,-3054,-30,1055,27,153,3442,407,-15,-1406,-40,19395,43,33,79,16,0,0,0,0,0,0,0,-32286,0,0,0,0,0,2852637,0
2765401,8332,-2966,150,987,111,155,3528,379,-53,-1399,-56,19394,35,33,79,16,0,0,0,0,0,0,0,-32287,0,0,0,0,0,2852642,0
2765406,8310,-3126,134,988,183,153,3614,373,-72,-1398,-40,19394,35,33,79,16,0,0,0,0,0,0,0,-32287,0,0,0,0,0,2852657,0
2765411,8164,-3184,80,1059,235,130,3704,395,-75,-1385,-24,19393,42,33,79,16,0,0,0,0,0,0,0,-32287,0,0,0,0,0,2852662,0
2765416,7984,-3190,-58,1192,259,130,3790,381,-36,-1383,-32,19393,42,33,79,16,0,0,0,0,0,0,0,-32287,0,0,0,0,0,2852677,0
2765421,8148,-3190,-218,1213,279,123,3878,389,-5,-1391,0,19393,46,33,79,16,0,0,0,0,0,0,0,-32287,0,0,0,0,0,2852681,0
2765426,7958,-3034,-268,1192,280,125,3965,396,0,-1388,-8,19393,46,33,79,16,0,0,0,0,0,0,0,-32286,0,0,0,0,0,2852696,0
2765431,8094,-2910,-298,1226,247,93,4059,418,15,-1375,0,19395,47,33,79,16,0,0,0,0,0,0,0,-32286,0,0,0,0,0,2852701,0
2765436,8128,-2730,-564,1353,111,66,4158,441,29,-1381,-8,19395,47,33,79,16,0,0,0,0,0,0,0,-32287,0,0,0,0,0,2852716,0
2765441,8020,-2582,-612,1326,68,84,4256,427,51,-1369,-24,19396,36,33,79,16,0,0,0,0,0,0,0,-32286,0,0,0,0,0,2852721,0
2765446,8002,-2248,-556,1274,13,72,4355,427,41,-1382,-32,19396,36,33,79,16,0,0,0,0,0,0,0,-32287,0,0,0,0,0,2852736,0
2765451,8068,-2102,-712,1169,51,76,4452,426,20,-1383,-16,19396,24,33,79,16,0,0,0,0,0,0,0,-32286,0,0,0,0,0,2852741,0
2765456,8150,-1972,-500,1121,29,66,4549,425,1,-1392,-8,19396,24,33,79,16,0,0,0,0,0,0,0,-32286,0,0,0,0,0,2852756,0
2765461,8138,-1918,-378,1119,-4,85,4643,414,-13,-1392,-40,19397,32,33,79,16,0,0,0,0,0,0,0,-32286,0,0,0,0,0,2852761,0
2765466,8182,-1844,-308,1024,56,116,4726,360,-27,-1401,-48,19397,32,33,79,16,0,0,0,0,0,0,0,-32285,0,0,0,0,0,2852776,0
2765471,8284,-1792,-242,937,111,141,4802,327,-63,-1404,-72,19394,40,33,79,16,0,0,0,0,0,0,0,-32285,0,0,0,0,0,2852781,0
2765476,8372,-1778,98,781,272,167,4871,299,-97,-1396,-80,19394,40,33,79,16,0,0,0,0,0,0,0,-32286,0,0,0,0,0,2852796,0
2765481,8518,-1998,216,802,329,177,4935,283,-110,-1395,-72,19395,58,33,79,16,0,0,0,0,0,0,0,-32286,0,0,0,0,0,2852801,0
2765486,8420,-2042,392,866,351,164,5000,280,-95,-1395,-72,19395,58,33,79,16,0,0,0,0,0,0,0,-32287,0,0,0,0,0,2852816,0
2765491,8504,-2048,352,948,396,147,5066,293,-54,-1390,-64,19393,59,33,79,16,0,0,0,0,0,0,0,-32287,0,0,0,0,0,2852821,0
2765496,8546,-2032,250,953,511,137,5129,269,-23,-1391,-104,19393,59,33,79,16,0,0,0,0,0,0,0,-32287,0,0,0,0,0,2852836,0
2765501,8732,-2134,224,922,529,103,5190,265,-12,-1398,-80,19392,66,33,79,16,0,0,0,0,0,0,0,-32287,0,0,0,0,0,2852841,0
2765506,8848,-2310,158,949,571,63,5254,273,-9,-1388,-80,19392,66,33,79,16,0,0,0,0,0,0,0,-32286,0,0,0,0,0,2852856,0
2765511,8736,-2588,64,966,593,30,5314,270,-8,-1396,-64,19390,51,33,79,16,0,0,0,0,0,0,0,-32286,0,0,0,0,0,2852861,0
2765516,9008,-3072,-216,1149,581,-100,5384,298,2,-1393,-56,19390,51,33,79,16,0,0,0,0,0,0,0,-32286,0,0,0,0,0,2852876,0
2765521,8866,-3320,-382,1229,539,-160,5458,331,34,-1382,-32,19390,57,33,79,16,0,0,0,0,0,0,0,-32286,0,0,0,0,0,2852881,0
2765526,8856,-3534,-544,1330,416,-226,5539,354,68,-1381,-48,19390,57,33,79,16,0,0,0,0,0,0,0,-32286,0,0,0,0,0,2852896,0
2765531,8768,-3800,-804,1340,303,-252,5620,359,76,-1384,-32,19389,56,33,79,16,0,0,0,0,0,0,0,-32286,0,0,0,0,0,2852901,0
2765536,8916,-3890,-986,1271,-36,-296,5700,355,61,-1389,-40,19389,56,33,79,16,0,0,0,0,0,0,0,-32287,0,0,0,0,0,2852916,0
2765541,8670,-3738,-876,1166,-260,-317,5773,321,18,-1390,-56,19392,51,33,79,16,0,0,0,0,0,0,0,-32287,0,0,0,0,0,2852921,0
2765546,8868,-3764,-840,1094,-447,-330,5840,303,-26,-1393,-80,19392,51,33,79,16,0,0,0,0,0,0,0,-32287,0,0,0,0,0,2852935,0
2765551,8752,-3618,-578,1024,-638,-337,5904,269,-59,-1392,-112,19393,41,33,79,16,0,0,0,0,0,0,0,-32287,0,0,0,0,0,2852940,0
2765556,9028,-3336,-104,882,-929,-356,5959,232,-87,-1391,-136,19393,41,33,79,16,0,0,0,0,0,0,0,-32287,0,0,0,0,0,2852956,0
2765561,8910,-3166,294,797,-991,-312,5999,168,-107,-1375,-264,19394,48,33,79,16,0,0,0,0,0,0,0,-32287,0,0,0,0,0,2852960,0
2765566,8798,-2640,708,633,-937,-316,6021,88,-151,-1358,-360,19394,48,33,79,16,0,0,0,0,0,0,0,-32286,0,0,0,0,0,2852975,0
2765571,9146,-2328,1060,563,-781,-332,6028,26,-203,-1341,-520,19390,70,33,79,16,0,0,0,0,0,0,0,-32286,0,0,0,0,0,2852980,0
2765576,8960,-1854,1814,496,-435,-425,6027,-13,-222,-1347,-552,19390,70,33,79,16,0,0,0,0,0,0,0,-32286,0,0,0,0,0,2852995,0
2765581,9312,-1940,1784,585,-208,-492,6025,-1,-189,-1389,-552,19385,80,33,79,16,0,0,0,0,0,0,0,-32286,0,0,0,0,0,2853000,0
2765586,9120,-1950,1728,647,-62,-567,6024,-7,-119,-1388,-544,19385,80,33,79,16,0,0,0,0,0,0,0,-32287,0,0,0,0,0,2853015,0
2765591,9162,-1978,1526,667,53,-648,6022,-7,-55,-1387,-552,19380,86,33,79,16,0,0,0,0,0,0,0,-32286,0,0,0,0,0,2853020,0
2765596,9188,-2224,974,602,196,-810,6018,-17,-17,-1384,-584,19380,86,33,79,16,0,0,0,0,0,0,0,-32287,0,0,0,0,0,2853035,0
2765601,9202,-2552,674,541,198,-882,6008,-35,-12,-1367,-640,19379,95,33,79,16,0,0,0,0,0,0,0,-32286,0,0,0,0,0,2853040,0
2765606,8990,-2980,544,411,185,-927,5989,-96,-49,-1352,-768,19379,95,33,79,16,0,0,0,0,0,0,0,-32287,0,0,0,0,0,2853055,0
2765611,8778,-3512,430,223,162,-921,5951,-179,-105,-1334,-920,19380,104,33,79,16,0,0,0,0,0,0,0,-32287,0,0,0,0,0,2853060,0
2765616,8470,-4426,570,-56,119,-947,5898,-237,-162,-1331,-1128,19380,104,33,79,16,0,0,0,0,0,0,0,-32287,0,0,0,0,0,2853075,0
2765621,7888,-4944,730,-192,73,-911,5824,-332,-217,-1355,-1296,19379,118,33,79,16,0,0,0,0,0,0,0,-32287,0,0,0,0,0,2853080,0
2765626,7550,-5434,892,-324,41,-873,5732,-424,-267,-1343,-1544,19379,118,33,79,16,0,0,0,0,0,0,0,-32287,0,0,0,0,0,2853095,0
2765631,7216,-6004,1060,-453,52,-802,5608,-556,-305,-1349,-1896,19373,138,33,79,16,0,0,0,0,0,0,0,-32287,0,0,0,0,0,2853100,0
2765636,6018,-6868,1450,-807,142,-569,5448,-717,-356,-1395,-2208,19373,138,33,79,16,0,0,0,0,0,0,0,-32286,0,0,0,0,0,2853115,0
2765641,5468,-7204,1688,-894,215,-487,5259,-851,-440,-1387,-2584,19368,166,33,79,16,0,0,0,0,0,0,0,-32286,0,0,0,0,0,2853120,0
2765646,4806,-7852,1886,-942,304,-365,5033,-1002,-483,-1397,-2848,19368,166,33,79,16,0,0,0,0,0,0,0,-32286,0,0,0,0,0,2853135,0
2765651,4444,-8154,1934,-918,382,-269,4782,-1126,-496,-1382,-3104,19363,206,33,79,16,0,0,0,0,0,0,0,-32286,0,0,0,0,0,2853140,0
2765656,3464,-8778,1840,-645,514,5,4500,-1245,-488,-1392,-3384,19363,206,33,79,16,0,0,0,0,0,0,0,-32286,0,0,0,0,0,2853155,0
2765661,3154,-8710,1906,-550,528,125,4192,-1354,-448,-1396,-3520,19353,244,33,79,16,0,0,0,0,0,0,0,-32287,0,0,0,0,0,2853160,0
2765666,3176,-8642,1714,-447,637,232,3865,-1444,-427,-1400,-3680,19353,244,33,79,16,0,0,0,0,0,0,0,-32286,0,0,0,0,0,2853175,0
2765671,3074,-8458,1606,-281,640,325,3523,-1509,-372,-1401,-3760,19344,288,33,79,16,0,0,0,0,0,0,0,-32287,0,0,0,0,0,2853180,0
2765676,3396,-8170,1298,166,506,433,3172,-1552,-303,-1374,-3936,19344,288,33,79,16,0,0,0,0,0,0,0,-32287,0,0,0,0,0,2853195,0
2765681,3478,-7582,1070,296,390,474,2813,-1579,-235,-1375,-4008,19335,325,33,79,16,0,0,0,0,0,0,0,-32287,0,0,0,0,0,2853200,0
2765686,4166,-7092,822,378,330,492,2450,-1592,-169,-1373,-4040,19335,325,33,79,16,0,0,0,0,0,0,0,-32287,0,0,0,0,0,2853215,0
2765691,4404,-6590,706,442,235,522,2082,-1601,-119,-1370,-4048,19330,350,33,79,16,0,0,0,0,0,0,0,-32286,0,0,0,0,0,2853220,0
2765696,5474,-6030,340,531,-17,515,1710,-1636,-87,-1363,-4096,19330,350,33,79,16,0,0,0,0,0,0,0,-32287,0,0,0,0,0,2853235,0
2765701,5934,-5352,258,550,-182,492,1332,-1663,-75,-1365,-4168,19327,357,33,79,16,0,0,0,0,0,0,0,-32285,0,0,0,0,0,2853240,0
2765706,6500,-4988,220,485,-239,496,947,-1691,-75,-1383,-4192,19327,357,33,79,16,0,0,0,0,0,0,0,-32287,0,0,0,0,0,2853255,0
2765711,6908,-4388,414,398,-358,473,554,-1728,-90,-1385,-4248,19325,359,33,79,16,0,0,0,0,0,0,0,-32285,0,0,0,0,0,2853260,0
2765716,7818,-3602,490,142,-561,476,153,-1771,-110,-1376,-4328,19325,359,33,79,16,0,0,0,0,0,0,0,-32287,0,0,0,0,0,2853275,0
2765721,8652,-3308,676,-10,-594,467,-251,-1788,-113,-1380,-4336,19324,365,33,79,16,0,0,0,0,0,0,0,-32286,0,0,0,0,0,2853280,0
2765726,8898,-2850,1020,-171,-633,445,-659,-1789,-103,-1369,-4328,19324,365,33,79,16,0,0,0,0,0,0,0,-32287,0,0,0,0,0,2853295,0
2765731,9194,-2630,1046,-338,-639,442,-1065,-1778,-70,-1368,-4344,19321,372,33,79,16,0,0,0,0,0,0,0,-32286,0,0,0,0,0,2853300,0
2765736,9900,-1694,1384,-634,-525,314,-1465,-1753,-31,-1377,-4280,19321,372,33,79,16,0,0,0,0,0,0,0,-32287,0,0,0,0,0,2853315,0
2765741,9842,-1464,1696,-743,-460,234,-1856,-1718,29,-1376,-4200,19319,383,33,79,16,0,0,0,0,0,0,0,-32286,0,0,0,0,0,2853319,0
2765746,10014,-1416,1902,-827,-346,163,-2237,-1675,77,-1384,-4088,19319,383,33,79,16,0,0,0,0,0,0,0,-32287,0,0,0,0,0,2853334,0
2765751,9878,-1234,1962,-912,-225,92,-2605,-1620,124,-1377,-3928,19319,393,33,79,16,0,0,0,0,0,0,0,-32285,0,0,0,0,0,2853339,0
2765756,9774,-1154,2782,-945,140,-121,-2960,-1556,154,-1378,-3760,19319,393,33,79,16,0,0,0,0,0,0,0,-32287,0,0,0,0,0,2853354,0
2765761,9992,-1382,2812,-946,287,-207,-3300,-1492,186,-1389,-3672,19322,378,33,79,16,0,0,0,0,0,0,0,-32285,0,0,0,0,0,2853359,0
2765766,9832,-1394,2916,-911,476,-303,-3622,-1418,209,-1391,-3408,19322,378,33,79,16,0,0,0,0,0,0,0,-32287,0,0,0,0,0,2853374,0
2765771,9572,-1332,2934,-922,666,-429,-3929,-1340,231,-1398,-3256,19328,359,33,79,16,0,0,0,0,0,0,0,-32286,0,0,0,0,0,2853379,0
2765776,9322,-1830,2664,-894,1021,-564,-4218,-1268,249,-1399,-3160,19328,359,33,79,16,0,0,0,0,0,0,0,-32286,0,0,0,0,0,2853394,0
2765781,9224,-2142,2556,-896,1182,-612,-4492,-1201,250,-1380,-3048,19332,336,33,79,16,0,0,0,0,0,0,0,-32287,0,0,0,0,0,2853399,0
2765786,8848,-2482,1882,-873,1282,-662,-4754,-1148,246,-1386,-2896,19332,336,33,79,16,0,0,0,0,0,0,0,-32286,0,0,0,0,0,2853414,0
2765791,8770,-2618,2150,-814,1492,-676,-5002,-1086,232,-1383,-2848,19337,309,33,79,16,0,0,0,0,0,0,0,-32287,0,0,0,0,0,2853419,0
2765796,8576,-3528,1362,-759,1482,-680,-5241,-1048,208,-1382,-2752,19337,309,33,79,16,0,0,0,0,0,0,0,-32287,0,0,0,0,0,2853434,0
2765801,7870,-3534,1664,-713,1669,-639,-5472,-1020,180,-1364,-2648,19339,287,33,79,16,0,0,0,0,0,0,0,-32286,0,0,0,0,0,2853439,0
2765806,7144,-3258,676,-836,1488,-624,-5701,-1000,148,-1368,-2648,19339,287,33,79,16,0,0,0,0,0,0,0,-32286,0,0,0,0,0,2853454,0
2765811,7728,-3786,734,-844,1638,-554,-5925,-997,108,-1386,-2680,19343,268,33,79,16,0,0,0,0,0,0,0,-32287,0,0,0,0,0,2853465,0
2765816,6980,-4090,456,-899,1485,-479,-6145,-974,82,-1395,-2664,19343,268,33,79,16,0,0,0,0,0,0,0,-32286,0,0,0,0,0,2853474,0
2765821,6538,-4220,444,-857,1446,-421,-6367,-981,56,-1375,-2608,19345,245,33,79,16,0,0,0,0,0,0,0,-32286,0,0,0,0,0,2853479,0
2765826,6342,-3980,366,-858,1347,-384,-6588,-973,36,-1368,-2624,19345,245,33,79,16,0,0,0,0,0,0,0,-32287,0,0,0,0,0,2853494,0
2765831,6328,-4318,252,-862,1363,-286,-6810,-981,12,-1401,-2704,19346,242,33,79,16,0,0,0,0,0,0,0,-32287,0,0,0,0,0,2853499,0
2765836,6182,-4250,486,-938,1310,-194,-7034,-984,-1,-1392,-2608,19346,242,33,79,16,0,0,0,0,0,0,0,-32286,0,0,0,0,0,2853514,0
2765841,5756,-4210,580,-916,1274,-153,-7264,-998,-18,-1374,-2648,19346,244,33,79,16,0,0,0,0,0,0,0,-32287,0,0,0,0,0,2853519,0
2765846,5854,-4236,470,-890,1214,-108,-7494,-1014,-31,-1396,-2688,19346,244,33,79,16,0,0,0,0,0,0,0,-32287,0,0,0,0,0,2853534,0
2765851,5844,-4114,518,-859,1195,-65,-7726,-1025,-42,-1401,-2760,19350,249,33,79,16,0,0,0,0,0,0,0,-32286,0,0,0,0,0,2853539,0
2765856,5764,-3688,684,-973,1185,28,-7963,-1042,-35,-1397,-2768,19350,249,33,79,16,0,0,0,0,0,0,0,-32286,0,0,0,0,0,2853554,0
2765861,5742,-3894,646,-1021,1219,101,-8201,-1051,-44,-1378,-2712,19350,253,33,79,16,0,0,0,0,0,0,0,-32287,0,0,0,0,0,2853559,0
2765866,5602,-3452,778,-1062,1186,110,-8440,-1049,-41,-1383,-2704,19350,253,33,79,16,0,0,0,0,0,0,0,-32287,0,0,0,0,0,2853574,0
2765871,5876,-3910,698,-1034,1187,168,-8679,-1053,-28,-1392,-2704,19350,257,33,79,16,0,0,0,0,0,0,0,-32285,0,0,0,0,0,2853579,0
2765876,5888,-3718,1058,-969,1117,235,-8912,-1021,-6,-1405,-2712,19350,257,33,79,16,0,0,0,0,0,0,0,-32287,0,0,0,0,0,2853594,0
2765881,5890,-3440,1198,-978,1134,266,-9144,-1018,14,-1403,-2624,19346,256,33,79,16,0,0,0,0,0,0,0,-32287,0,0,0,0,0,2853599,0
2765886,6042,-3298,1338,-977,1119,281,-9364,-968,54,-1375,-2472,19346,256,33,79,16,0,0,0,0,0,0,0,-32286,0,0,0,0,0,2853614,0
2765891,6254,-3328,1326,-954,1153,311,-9578,-930,78,-1390,-2488,19347,259,33,79,16,0,0,0,0,0,0,0,-32286,0,0,0,0,0,2853619,0
2765896,6506,-3078,1364,-886,1120,291,-9776,-872,119,-1393,-2272,19347,259,33,79,16,0,0,0,0,0,0,0,-32287,0,0,0,0,0,2853634,0
2765901,6432,-2876,1432,-856,1121,284,-9964,-818,151,-1378,-2256,19348,254,33,79,16,0,0,0,0,0,0,0,-32287,0,0,0,0,0,2853639,0
2765906,6568,-2790,1364,-847,1153,285,-10138,-770,177,-1391,-2040,19348,254,33,79,16,0,0,0,0,0,0,0,-32286,0,0,0,0,0,2853654,0
2765911,6654,-2776,1420,-835,1165,274,-10301,-706,185,-1398,-1936,19350,239,33,79,16,0,0,0,0,0,0,0,-32286,0,0,0,0,0,2853659,0
2765916,6646,-2726,1294,-825,1216,268,-10449,-647,191,-1386,-1848,19350,239,33,79,16,0,0,0,0,0,0,0,-32287,0,0,0,0,0,2853674,0
2765921,6622,-2408,1282,-809,1225,253,-10585,-588,191,-1422,-1656,19352,234,33,79,16,0,0,0,0,0,0,0,-32287,0,0,0,0,0,2853679,0
2765926,6814,-2286,1244,-786,1221,201,-10702,-506,209,-1396,-1488,19352,234,33,79,16,0,0,0,0,0,0,0,-32287,0,0,0,0,0,2853694,0
2765931,6782,-2342,1102,-786,1207,191,-10801,-423,234,-1376,-1320,19354,211,33,79,16,0,0,0,0,0,0,0,-32286,0,0,0,0,0,2853699,0
2765936,6760,-2178,834,-822,1194,153,-10887,-375,245,-1382,-1224,19354,211,33,79,16,0,0,0,0,0,0,0,-32286,0,0,0,0,0,2853714,0
2765941,6516,-1922,886,-867,1173,111,-10958,-308,250,-1420,-1040,19358,196,33,79,16,0,0,0,0,0,0,0,-32286,0,0,0,0,0,2853719,0
2765946,6634,-2054,774,-851,1135,79,-11009,-221,245,-1404,-896,19358,196,33,79,16,0,0,0,0,0,0,0,-32286,0,0,0,0,0,2853734,0
2765951,6456,-1880,672,-851,1102,40,-11042,-131,250,-1413,-720,19365,160,33,79,16,0,0,0,0,0,0,0,-32286,0,0,0,0,0,2853739,0
2765956,6262,-1958,512,-906,973,-13,-11060,-76,255,-1428,-576,19365,160,33,79,16,0,0,0,0,0,0,0,-32286,0,0,0,0,0,2853754,0
2765961,6324,-1914,464,-912,902,-53,-11064,-8,260,-1448,-440,19369,135,33,79,16,0,0,0,0,0,0,0,-32286,0,0,0,0,0,2853759,0
2765966,6152,-2090,462,-935,870,-47,-11058,30,243,-1416,-416,19369,135,33,79,16,0,0,0,0,0,0,0,-32286,0,0,0,0,0,2853774,0
2765971,5920,-2112,516,-1030,844,-31,-11053,11,187,-1392,-424,19374,112,33,79,16,0,0,0,0,0,0,0,-32286,0,0,0,0,0,2853779,0
2765976,5834,-2216,818,-1172,987,23,-11050,11,116,-1373,-464,19374,112,33,79,16,0,0,0,0,0,0,0,-32286,0,0,0,0,0,2853794,0
2765981,5778,-2224,964,-1198,1058,36,-11050,3,42,-1378,-464,19376,108,33,79,16,0,0,0,0,0,0,0,-32286,0,0,0,0,0,2853799,0
2765986,5872,-2258,1008,-1181,1115,48,-11048,10,-5,-1391,-456,19376,108,33,79,16,0,0,0,0,0,0,0,-32287,0,0,0,0,0,2853814,0
2765991,5848,-2214,990,-1158,1156,47,-11046,10,-16,-1398,-432,19378,102,33,79,16,0,0,0,0,0,0,0,-32286,0,0,0,0,0,2853818,0
2765996,5978,-2058,852,-1140,1205,50,-11040,21,11,-1394,-408,19378,102,33,79,16,0,0,0,0,0,0,0,-32286,0,0,0,0,0,2853833,0
2766001,5922,-1962,842,-1149,1210,47,-11034,36,21,-1396,-376,19376,99,33,79,16,0,0,0,0,0,0,0,-32286,0,0,0,0,0,2853838,0
2766006,6010,-1862,848,-1160,1183,44,-11023,51,35,-1412,-304,19376,99,33,79,16,0,0,0,0,0,0,0,-32286,0,0,0,0,0,2853853,0
2766011,6132,-1864,782,-1124,1154,12,-11004,89,54,-1413,-256,19377,101,33,79,16,0,0,0,0,0,0,0,-32286,0,0,0,0,0,2853858,0
2766016,6178,-1920,690,-1068,1022,28,-10977,114,79,-1395,-248,19377,101,33,79,16,0,0,0,0,0,0,0,-32286,0,0,0,0,0,2853873,0
2766021,6234,-1642,770,-1107,988,-14,-10950,116,81,-1402,-176,19379,96,33,79,16,0,0,0,0,0,0,0,-32286,0,0,0,0,0,2853878,0
2766026,6572,-1724,734,-1071,958,-29,-10913,166,87,-1404,-152,19379,96,33,79,16,0,0,0,0,0,0,0,-32285,0,0,0,0,0,2853893,0
2766031,6300,-1846,806,-1086,919,-27,-10867,203,92,-1379,-136,19381,84,33,79,16,0,0,0,0,0,0,0,-32286,0,0,0,0,0,2853898,0
2766036,6488,-2076,762,-1129,835,-15,-10820,198,81,-1385,-128,19381,84,33,79,16,0,0,0,0,0,0,0,-32286,0,0,0,0,0,2853913,0
2766041,6558,-2156,912,-1100,751,-17,-10773,216,77,-1395,-120,19382,76,33,79,16,0,0,0,0,0,0,0,-32286,0,0,0,0,0,2853918,0
2766046,6634,-2064,1044,-1068,718,-33,-10717,249,68,-1382,-96,19382,76,33,79,16,0,0,0,0,0,0,0,-32286,0,0,0,0,0,2853933,0
2766051,6838,-2490,1026,-1086,651,-4,-10661,253,50,-1384,-88,19385,69,33,79,16,0,0,0,0,0,0,0,-32287,0,0,0,0,0,2853938,0
2766056,7208,-2338,1202,-1079,525,-55,-10598,280,63,-1378,-72,19385,69,33,79,16,0,0,0,0,0,0,0,-32287,0,0,0,0,0,2853953,0
2766061,7384,-2404,1238,-1069,441,-77,-10525,320,83,-1370,-64,19388,64,33,79,16,0,0,0,0,0,0,0,-32287,0,0,0,0,0,2853958,0
2766066,7580,-2418,1238,-1055,338,-99,-10444,367,100,-1361,-32,19388,64,33,79,16,0,0,0,0,0,0,0,-32287,0,0,0,0,0,2853973,0
2766071,7662,-2422,1274,-1065,263,-122,-10357,382,111,-1368,-32,19391,50,33,79,16,0,0,0,0,0,0,0,-32287,0,0,0,0,0,2853978,0
2766076,7754,-2548,1464,-1156,257,-124,-10267,400,114,-1379,-32,19391,50,33,79,16,0,0,0,0,0,0,0,-32287,0,0,0,0,0,2853993,0
2766081,7740,-2778,1596,-1173,303,-91,-10176,402,83,-1380,-8,19390,42,33,79,16,0,0,0,0,0,0,0,-32286,0,0,0,0,0,2853998,0
2766086,7692,-2724,1750,-1171,307,-113,-10080,428,57,-1380,-8,19390,42,33,79,16,0,0,0,0,0,0,0,-32286,0,0,0,0,0,2854013,0
2766091,7870,-2976,1706,-1121,316,-118,-9975,465,59,-1355,0,19389,45,33,79,16,0,0,0,0,0,0,0,-32286,0,0,0,0,0,2854018,0
2766096,7776,-3124,1728,-1023,273,-82,-9863,489,85,-1346,-8,19389,45,33,79,16,0,0,0,0,0,0,0,-32287,0,0,0,0,0,2854033,0
2766101,7880,-3104,1694,-1030,252,-57,-9751,499,81,-1376,8,19388,40,33,79,16,0,0,0,0,0,0,0,-32287,0,0,0,0,0,2854038,0
2766106,7794,-2908,1760,-1039,246,-45,-9636,507,73,-1382,32,19388,40,33,79,16,0,0,0,0,0,0,0,-32287,0,0,0,0,0,2854053,0
2766111,7982,-2894,1782,-1001,225,-59,-9513,550,13,-1361,40,19390,39,33,79,16,0,0,0,0,0,0,0,-32286,0,0,0,0,0,2854058,0
2766116,7952,-2748,1636,-950,79,-63,-9383,575,38,-1346,64,19390,39,33,79,16,0,0,0,0,0,0,0,-32286,0,0,0,0,0,2854073,0
2766121,8178,-2778,1498,-936,-8,-69,-9247,601,59,-1359,72,19393,28,33,79,16,0,0,0,0,0,0,0,-32286,0,0,0,0,0,2854078,0
2766126,8180,-2510,1618,-916,-48,-94,-9104,641,151,-1369,112,19393,28,33,79,16,0,0,0,0,0,0,0,-32287,0,0,0,0,0,2854093,0
2766131,8160,-2510,1616,-917,-130,-121,-8951,668,162,-1352,120,19395,24,33,79,16,0,0,0,0,0,0,0,-32287,0,0,0,0,0,2854098,0
2766136,8334,-2638,1596,-950,-212,-118,-8799,664,96,-1374,120,19395,24,33,79,16,0,0,0,0,0,0,0,-32287,0,0,0,0,0,2854113,0
2766141,8356,-2514,1658,-956,-229,-135,-8645,668,77,-1393,112,19396,13,33,79,16,0,0,0,0,0,0,0,-32287,0,0,0,0,0,2854118,0
2766146,8542,-2542,1730,-951,-223,-195,-8484,723,49,-939,1256,19396,13,33,79,16,0,0,0,0,0,0,0,-32286,0,0,0,0,0,2854133,0
2766151,8952,-1270,1684,-545,-613,-565,-8258,1030,153,-104,2112,19396,16,33,79,16,0,0,0,0,0,0,0,-32286,0,0,0,0,0,2854138,0
2766156,9308,-1240,72,108,-1617,-998,-7965,1318,393,-37,2744,19396,16,33,79,16,0,0,0,0,0,0,0,-32286,0,0,0,0,0,2854153,0
2766161,9846,-832,-578,205,-2057,-1173,-7619,1541,672,6,3176,19396,29,33,79,16,0,0,0,0,0,0,0,-32286,0,0,0,0,0,2854158,0
2766166,9850,-600,-440,157,-2337,-1269,-7240,1671,820,27,3368,19396,29,33,79,16,0,0,0,0,0,0,0,-32287,0,0,0,0,0,2854173,0
2766171,9612,-724,2,-4,-2576,-1326,-6846,1738,754,27,3456,19391,57,33,79,16,0,0,0,0,0,0,0,-32287,0,0,0,0,0,2854178,0
2766176,9784,-1922,2022,-43,-2350,-1318,-6446,1761,522,22,3456,19391,57,33,79,16,0,0,0,0,0,0,0,-32287,0,0,0,0,0,2854193,0
2766181,9566,-1692,3408,0,-2018,-1321,-6052,1736,291,8,3392,19386,77,33,79,16,0,0,0,0,0,0,0,-32286,0,0,0,0,0,2854198,0
2766186,10054,-2058,3838,-221,-1528,-1216,-5667,1688,104,13,3248,19386,77,33,79,16,0,0,0,0,0,0,0,-32287,0,0,0,0,0,2854213,0
2766191,9394,-1958,4386,-829,-826,-1011,-5292,1644,-29,13,3128,19382,89,33,79,16,0,0,0,0,0,0,0,-32286,0,0,0,0,0,2854218,0
2766196,8880,-2974,4658,-1720,519,-658,-4929,1598,-112,14,3000,19382,89,33,79,16,0,0,0,0,0,0,0,-32286,0,0,0,0,0,2854233,0
2766201,8046,-3658,4518,-1556,894,-571,-4576,1543,-151,14,2856,19382,81,33,79,16,0,0,0,0,0,0,0,-32287,0,0,0,0,0,2854237,0
2766206,7700,-3962,3854,-955,967,-583,-4238,1485,-171,11,2720,19382,81,33,79,16,0,0,0,0,0,0,0,-32287,0,0,0,0,0,2854252,0
2766211,7456,-3520,2688,-446,876,-579,-3912,1428,-180,6,2568,19384,72,33,79,16,0,0,0,0,0,0,0,-32287,0,0,0,0,0,2854257,0
2766216,8072,-1782,2034,-205,894,-588,-3607,1333,-207,4,2376,19384,72,33,79,16,0,0,0,0,0,0,0,-32287,0,0,0,0,0,2854272,0
2766221,8144,-1582,1494,-595,889,-512,-3323,1232,-242,9,2128,19385,73,33,79,16,0,0,0,0,0,0,0,-32286,0,0,0,0,0,2854277,0
2766226,8326,-2184,1110,-1122,734,-431,-3063,1138,-282,4,1920,19385,73,33,79,16,0,0,0,0,0,0,0,-32286,0,0,0,0,0,2854292,0
2766231,8962,-3188,1050,-1403,650,-356,-2828,1030,-321,5,1688,19384,73,33,79,16,0,0,0,0,0,0,0,-32287,0,0,0,0,0,2854297,0
2766236,10508,-5286,1678,-1241,376,-308,-2615,923,-350,0,1456,19384,73,33,79,16,0,0,0,0,0,0,0,-32286,0,0,0,0,0,2854314,0
2766241,11302,-5734,1668,-1110,199,-292,-2426,819,-362,-1,1240,19384,69,33,79,16,0,0,0,0,0,0,0,-32286,0,0,0,0,0,2854320,0
2766246,12166,-6270,1518,-1143,129,-240,-2262,711,-360,1,1000,19384,69,33,79,16,0,0,0,0,0,0,0,-32286,0,0,0,0,0,2854335,0
2766251,12626,-6846,1478,-1275,126,-150,-2117,622,-359,2,800,19384,62,33,79,16,0,0,0,0,0,0,0,-32286,0,0,0,0,0,2854340,0
2766256,12510,-7870,1592,-1385,239,18,-1996,513,-358,4,520,19384,62,33,79,16,0,0,0,0,0,0,0,-32286,0,0,0,0,0,2854355,0
2766261,11942,-8210,1800,-1205,315,19,-1900,415,-347,-4,304,19384,58,33,79,16,0,0,0,0,0,0,0,-32287,0,0,0,0,0,2854360,0
2766266,11424,-8306,1828,-965,454,37,-1821,337,-348,-5,208,19384,58,33,79,16,0,0,0,0,0,0,0,-32287,0,0,0,0,0,2854375,0
2766271,10708,-8208,2042,-783,634,44,-1759,270,-332,-4,128,19386,62,33,79,16,0,0,0,0,0,0,0,-32286,0,0,0,0,0,2854380,0
2766276,9032,-8228,2244,-1106,1238,194,-1712,193,-293,-10,64,19386,62,33,79,16,0,0,0,0,0,0,0,-32287,0,0,0,0,0,2854395,0
2766281,8818,-8792,2140,-1042,1337,151,-1678,145,-260,-15,48,19389,68,33,79,16,0,0,0,0,0,0,0,-32287,0,0,0,0,0,2854400,0
2766286,8052,-9574,1958,-718,1311,122,-1658,88,-230,-1,24,19389,68,33,79,16,0,0,0,0,0,0,0,-32287,0,0,0,0,0,2854415,0
2766291,7440,-9612,1782,-266,1050,12,-1646,53,-206,0,24,19389,65,33,79,16,0,0,0,0,0,0,0,-32287,0,0,0,0,0,2854420,0
2766296,5778,-9384,1112,133,735,98,-1631,61,-161,-2,32,19389,65,33,79,16,0,0,0,0,0,0,0,-32286,0,0,0,0,0,2854435,0
2766301,5202,-8954,734,126,606,159,-1616,63,-96,2,16,19387,59,33,79,16,0,0,0,0,0,0,0,-32286,0,0,0,0,0,2854440,0
2766306,4512,-8452,478,188,465,199,-1609,26,-54,5,0,19387,59,33,79,16,0,0,0,0,0,0,0,-32287,0,0,0,0,0,2854455,0
2766311,3956,-7872,326,368,309,192,-1613,-13,-53,2,-16,19389,51,33,79,16,0,0,0,0,0,0,0,-32287,0,0,0,0,0,2854460,0
2766316,3286,-6788,54,830,-74,167,-1616,-11,-69,-3,0,19389,51,33,79,16,0,0,0,0,0,0,0,-32286,0,0,0,0,0,2854475,0
2766321,3196,-6140,-42,952,-227,198,-1615,1,-67,-5,0,19391,52,33,79,16,0,0,0,0,0,0,0,-32287,0,0,0,0,0,2854480,0
2766326,3192,-5444,-110,952,-351,232,-1613,8,-33,-2,0,19391,52,33,79,16,0,0,0,0,0,0,0,-32286,0,0,0,0,0,2854495,0
2766331,3094,-4820,-86,884,-451,260,-1614,1,0,0,0,19391,55,33,79,16,0,0,0,0,0,0,0,-32287,0,0,0,0,0,2854499,0
2766336,3178,-3970,100,750,-557,333,-1612,3,11,0,0,19391,55,33,79,16,0,0,0,0,0,0,0,-32287,0,0,0,0,0,2854514,0
2766341,3212,-3918,278,618,-545,408,-1611,10,11,-1,8,19389,63,33,79,16,0,0,0,0,0,0,0,-32287,0,0,0,0,0,2854519,0
2766346,3320,-3600,488,425,-488,484,-1603,28,15,-2,16,19389,63,33,79,16,0,0,0,0,0,0,0,-32286,0,0,0,0,0,2854534,0
2766351,3686,-2994,902,293,-329,491,-1585,86,41,-5,48,19389,70,33,79,16,0,0,0,0,0,0,0,-32287,0,0,0,0,0,2854539,0
2766356,4432,-2470,1194,407,25,452,-1547,180,106,-15,136,19389,70,33,79,16,0,0,0,0,0,0,0,-32287,0,0,0,0,0,2854554,0
2766361,4254,-2142,1518,351,183,467,-1481,300,187,-20,344,19388,67,33,79,16,0,0,0,0,0,0,0,-32286,0,0,0,0,0,2854559,0
2766366,4300,-2410,1264,321,233,456,-1383,452,296,-36,680,19388,67,33,79,16,0,0,0,0,0,0,0,-32287,0,0,0,0,0,2854574,0
2766371,4470,-2626,744,544,70,384,-1247,609,405,-29,1112,19394,71,33,79,16,0,0,0,0,0,0,0,-32287,0,0,0,0,0,2854579,0
2766376,4668,-2164,-230,979,-473,184,-1081,753,479,9,1392,19394,71,33,79,16,0,0,0,0,0,0,0,-32287,0,0,0,0,0,2854594,0
2766381,5074,-1724,-552,1020,-763,50,-882,885,506,2,1680,19392,75,33,79,16,0,0,0,0,0,0,0,-32287,0,0,0,0,0,2854599,0
2766386,5462,-1714,-728,930,-988,-8,-657,987,497,6,1848,19392,75,33,79,16,0,0,0,0,0,0,0,-32287,0,0,0,0,0,2854614,0
2766391,5662,-1666,-528,756,-1213,-84,-415,1076,448,16,2000,19391,73,33,79,16,0,0,0,0,0,0,0,-32287,0,0,0,0,0,2854619,0
2766396,6360,-2580,116,539,-1423,-116,-160,1121,370,19,2048,19391,73,33,79,16,0,0,0,0,0,0,0,-32287,0,0,0,0,0,2854634,0
2766401,6714,-3142,284,497,-1459,-103,96,1138,275,12,2064,19385,73,33,79,16,0,0,0,0,0,0,0,-32287,0,0,0,0,0,2854639,0
2766406,6874,-3610,546,385,-1410,-36,353,1127,174,10,2024,19385,73,33,79,16,0,0,0,0,0,0,0,-32287,0,0,0,0,0,2854654,0
2766411,6936,-3990,860,173,-1310,47,607,1114,82,10,1976,19386,70,33,79,16,0,0,0,0,0,0,0,-32287,0,0,0,0,0,2854659,0
2766416,6834,-4866,1122,-218,-1045,240,851,1068,0,10,1864,19386,70,33,79,16,0,0,0,0,0,0,0,-32286,0,0,0,0,0,2854674,0
2766421,6990,-5280,908,-243,-961,309,1088,1033,-60,2,1792,19386,73,33,79,16,0,0,0,0,0,0,0,-32288,0,0,0,0,0,2854679,0
2766426,6768,-5234,970,-197,-869,311,1313,986,-107,4,1672,19386,73,33,79,16,0,0,0,0,0,0,0,-32286,0,0,0,0,0,2854694,0
2766431,6976,-5254,932,-78,-829,271,1529,944,-129,-2,1592,19387,75,33,79,16,0,0,0,0,0,0,0,-32286,0,0,0,0,0,2854699,0
2766436,7060,-4930,670,198,-761,156,1733,887,-149,0,1480,19387,75,33,79,16,0,0,0,0,0,0,0,-32287,0,0,0,0,0,2854714,0
2766441,7208,-4608,366,275,-674,92,1926,845,-159,-1,1368,19386,77,33,79,16,0,0,0,0,0,0,0,-32287,0,0,0,0,0,2854719,0
2766446,6988,-4340,122,170,-645,52,2101,766,-178,8,1192,19386,77,33,79,16,0,0,0,0,0,0,0,-32287,0,0,0,0,0,2854734,0
2766451,7118,-4306,78,31,-563,1,2264,711,-195,2,1072,19386,72,33,79,16,0,0,0,0,0,0,0,-32286,0,0,0,0,0,2854739,0
2766456,6678,-4712,-100,-66,-545,-74,2411,642,-214,9,888,19386,72,33,79,16,0,0,0,0,0,0,0,-32287,0,0,0,0,0,2854754,0
2766461,6436,-4890,-238,30,-658,-145,2541,564,-224,7,688,19387,64,33,79,16,0,0,0,0,0,0,0,-32286,0,0,0,0,0,2854759,0
2766466,6300,-4876,-268,134,-755,-193,2656,491,-241,-4,528,19387,64,33,79,16,0,0,0,0,0,0,0,-32287,0,0,0,0,0,2854774,0
2766471,6026,-5028,-286,181,-862,-200,2754,423,-241,-7,368,19387,56,33,79,16,0,0,0,0,0,0,0,-32286,0,0,0,0,0,2854779,0
2766476,5686,-4996,-306,59,-1013,-167,2835,339,-251,10,216,19387,56,33,79,16,0,0,0,0,0,0,0,-32287,0,0,0,0,0,2854794,0
2766481,5668,-5042,-244,28,-1083,-155,2900,278,-255,13,136,19393,60,33,79,16,0,0,0,0,0,0,0,-32286,0,0,0,0,0,2854799,0
2766486,5634,-5184,-62,75,-1134,-141,2952,215,-247,-6,72,19393,60,33,79,16,0,0,0,0,0,0,0,-32287,0,0,0,0,0,2854814,0
2766491,5612,-4954,298,133,-1150,-158,2988,156,-238,-14,48,19398,69,33,79,16,0,0,0,0,0,0,0,-32286,0,0,0,0,0,2854819,0
2766496,5962,-5006,660,377,-1147,-164,3004,76,-239,-3,8,19398,69,33,79,16,0,0,0,0,0,0,0,-32287,0,0,0,0,0,2854834,0
2766501,6220,-5040,738,553,-1147,-142,3006,9,-240,5,-8,19399,77,33,79,16,0,0,0,0,0,0,0,-32286,0,0,0,0,0,2854839,0
2766506,6428,-4704,838,708,-1166,-160,3002,-11,-231,3,-16,19399,77,33,79,16,0,0,0,0,0,0,0,-32287,0,0,0,0,0,2854854,0
2766511,6492,-4290,878,581,-1023,-77,3001,-9,-177,-2,-8,19396,75,33,79,16,0,0,0,0,0,0,0,-32286,0,0,0,0,0,2854859,0
2766516,6486,-4150,688,285,-886,42,3002,8,-101,-4,0,19396,75,33,79,16,0,0,0,0,0,0,0,-32287,0,0,0,0,0,2854874,0
2766521,6486,-4270,732,469,-900,26,3000,-3,-31,-1,-8,19391,70,33,79,16,0,0,0,0,0,0,0,-32287,0,0,0,0,0,2854879,0
2766526,6642,-4274,798,774,-946,18,3001,5,2,-1,-8,19391,70,33,79,16,0,0,0,0,0,0,0,-32287,0,0,0,0,0,2854894,0
2766531,6806,-3856,960,1014,-947,12,3001,-5,4,-2,0,19390,65,33,79,16,0,0,0,0,0,0,0,-32287,0,0,0,0,0,2854899,0
2766536,7188,-2854,978,956,-780,61,3002,-3,3,0,0,19390,65,33,79,16,0,0,0,0,0,0,0,-32287,0,0,0,0,0,2854914,0
2766541,7204,-2654,908,819,-670,91,3002,-3,-3,-1,0,19389,62,33,79,16,0,0,0,0,0,0,0,-32287,0,0,0,0,0,2854919,0
2766546,7170,-2730,840,750,-603,112,3004,9,0,0,8,19389,62,33,79,16,0,0,0,0,0,0,0,-32287,0,0,0,0,0,2854934,0
2766551,7124,-2864,684,791,-584,120,3006,7,3,0,0,19387,67,33,79,16,0,0,0,0,0,0,0,-32287,0,0,0,0,0,2854939,0
2766556,7032,-2616,410,802,-583,176,3010,25,15,-1,8,19387,67,33,79,16,0,0,0,0,0,0,0,-32287,0,0,0,0,0,2854954,0
2766561,7050,-2514,266,673,-547,216,3020,53,27,-6,32,19386,73,33,79,16,0,0,0,0,0,0,0,-32287,0,0,0,0,0,2854959,0
2766566,7110,-2392,180,542,-520,254,3047,121,61,-11,72,19386,73,33,79,16,0,0,0,0,0,0,0,-32286,0,0,0,0,0,2854974,0
2766571,6970,-2602,228,490,-496,303,3081,161,111,-6,96,19387,83,33,79,16,0,0,0,0,0,0,0,-32286,0,0,0,0,0,2854978,0
2766576,7118,-3098,86,643,-617,328,3131,216,157,-3,144,19387,83,33,79,16,0,0,0,0,0,0,0,-32286,0,0,0,0,0,2854993,0
2766581,6860,-2832,122,769,-740,291,3196,290,184,-8,264,19391,84,33,79,16,0,0,0,0,0,0,0,-32287,0,0,0,0,0,2854998,0
2766586,7166,-2772,-98,878,-816,276,3273,356,209,-3,344,19391,84,33,79,16,0,0,0,0,0,0,0,-32287,0,0,0,0,0,2855013,0
2766591,7148,-2574,-80,902,-858,282,3361,393,202,-2,416,19391,83,33,79,16,0,0,0,0,0,0,0,-32286,0,0,0,0,0,2855018,0
2766596,7344,-2562,-180,852,-946,282,3457,423,191,-9,472,19391,83,33,79,16,0,0,0,0,0,0,0,-32286,0,0,0,0,0,2855033,0
2766601,7406,-2412,-110,857,-993,245,3557,444,162,-10,544,19391,74,33,79,16,0,0,0,0,0,0,0,-32286,0,0,0,0,0,2855038,0
2766606,7668,-2470,-44,906,-989,210,3667,484,126,-9,664,19391,74,33,79,16,0,0,0,0,0,0,0,-32287,0,0,0,0,0,2855053,0
2766611,7608,-2456,112,935,-1001,196,3782,506,108,6,672,19391,73,33,79,16,0,0,0,0,0,0,0,-32286,0,0,0,0,0,2855058,0
2766616,7732,-2454,306,858,-924,192,3896,513,89,10,672,19391,73,33,79,16,0,0,0,0,0,0,0,-32287,0,0,0,0,0,2855073,0
2766621,7358,-1904,410,890,-1003,114,4011,504,66,6,656,19387,69,33,79,16,0,0,0,0,0,0,0,-32286,0,0,0,0,0,2855078,0
2766626,7984,-2104,536,680,-661,138,4128,518,41,-4,696,19387,69,33,79,16,0,0,0,0,0,0,0,-32286,0,0,0,0,0,2855093,0
2766631,7308,-2866,648,693,-731,132,4244,507,20,3,640,19387,69,33,79,16,0,0,0,0,0,0,0,-32286,0,0,0,0,0,2855098,0
2766636,7370,-3012,708,884,-673,121,4356,489,1,2,600,19387,69,33,79,16,0,0,0,0,0,0,0,-32286,0,0,0,0,0,2855113,0
2766641,7388,-2948,816,894,-588,105,4467,482,-18,-3,600,19386,61,33,79,16,0,0,0,0,0,0,0,-32286,0,0,0,0,0,2855118,0
2766646,7508,-2784,946,794,-461,106,4579,500,-15,-5,632,19386,61,33,79,16,0,0,0,0,0,0,0,-32287,0,0,0,0,0,2855133,0
2766651,7570,-2836,1046,676,-346,111,4691,492,-15,6,584,19388,62,33,79,16,0,0,0,0,0,0,0,-32287,0,0,0,0,0,2855138,0
2766656,7436,-3464,942,794,-193,58,4797,468,-17,2,544,19388,62,33,79,16,0,0,0,0,0,0,0,-32287,0,0,0,0,0,2855153,0
2766661,7262,-3404,928,969,-161,16,4900,454,-26,-10,536,19387,61,33,79,16,0,0,0,0,0,0,0,-32287,0,0,0,0,0,2855158,0
2766666,7188,-3508,742,1122,-157,-4,5005,459,-36,-9,552,19387,61,33,79,16,0,0,0,0,0,0,0,-32287,0,0,0,0,0,2855173,0
2766671,7162,-3322,536,1232,-141,-21,5107,457,-33,4,528,19387,67,33,79,16,0,0,0,0,0,0,0,-32286,0,0,0,0,0,2855178,0
2766676,7002,-2856,216,1042,-87,13,5206,434,-31,6,472,19387,67,33,79,16,0,0,0,0,0,0,0,-32287,0,0,0,0,0,2855193,0
2766681,7012,-3072,-38,978,-112,31,5301,415,-32,1,448,19388,64,33,79,16,0,0,0,0,0,0,0,-32286,0,0,0,0,0,2855198,0
2766686,6820,-3172,-114,987,-162,33,5395,413,-38,-6,456,19388,64,33,79,16,0,0,0,0,0,0,0,-32287,0,0,0,0,0,2855213,0
2766691,6770,-3172,-192,1057,-238,31,5488,407,-37,-2,440,19389,67,33,79,16,0,0,0,0,0,0,0,-32287,0,0,0,0,0,2855218,0
2766696,6802,-2814,-274,1070,-345,26,5578,390,-37,7,384,19389,67,33,79,16,0,0,0,0,0,0,0,-32287,0,0,0,0,0,2855233,0
2766701,6792,-2650,-286,985,-374,24,5666,378,-32,8,352,19390,68,33,79,16,0,0,0,0,0,0,0,-32287,0,0,0,0,0,2855238,0
2766706,6868,-2676,-330,936,-340,51,5747,360,-40,10,304,19390,68,33,79,16,0,0,0,0,0,0,0,-32287,0,0,0,0,0,2855253,0
2766711,6698,-2670,-160,896,-381,41,5826,340,-53,6,280,19391,62,33,79,16,0,0,0,0,0,0,0,-32287,0,0,0,0,0,2855258,0
2766716,6912,-2886,-90,965,-379,48,5906,352,-52,7,288,19391,62,33,79,16,0,0,0,0,0,0,0,-32286,0,0,0,0,0,2855273,0
2766721,6994,-2918,8,1005,-363,61,5983,339,-35,4,256,19389,63,33,79,16,0,0,0,0,0,0,0,-32287,0,0,0,0,0,2855278,0
2766726,6956,-2970,68,1013,-326,96,6057,326,-25,6,240,19389,63,33,79,16,0,0,0,0,0,0,0,-32287,0,0,0,0,0,2855293,0
2766731,7018,-3026,134,986,-316,105,6132,325,-27,-1,232,19388,59,33,79,16,0,0,0,0,0,0,0,-32287,0,0,0,0,0,2855298,0
2766736,7242,-2934,262,1046,-278,123,6200,301,-24,1,208,19388,59,33,79,16,0,0,0,0,0,0,0,-32287,0,0,0,0,0,2855313,0
2766741,7428,-2860,318,1077,-262,103,6270,307,-30,-1,216,19387,56,33,79,16,0,0,0,0,0,0,0,-32287,0,0,0,0,0,2855318,0
2766746,7612,-2618,362,1076,-189,98,6341,316,-25,-6,240,19387,56,33,79,16,0,0,0,0,0,0,0,-32287,0,0,0,0,0,2855333,0
2766751,7636,-2400,428,1054,-151,59,6422,349,5,-5,320,19388,65,33,79,16,0,0,0,0,0,0,0,-32286,0,0,0,0,0,2855338,0
2766756,7738,-2560,288,1037,-75,33,6502,357,33,-1,304,19388,65,33,79,16,0,0,0,0,0,0,0,-32287,0,0,0,0,0,2855353,0
2766761,7860,-2544,250,1051,-59,7,6584,368,52,-1,336,19390,66,33,79,16,0,0,0,0,0,0,0,-32286,0,0,0,0,0,2855358,0
2766766,7938,-2532,252,1080,-12,-12,6667,368,43,1,328,19390,66,33,79,16,0,0,0,0,0,0,0,-32287,0,0,0,0,0,2855373,0
2766771,7852,-2470,224,1073,5,-40,6759,401,39,-7,416,19390,60,33,79,16,0,0,0,0,0,0,0,-32286,0,0,0,0,0,2855378,0
2766776,7972,-2664,106,1142,22,-121,6859,437,56,-17,520,19390,60,33,79,16,0,0,0,0,0,0,0,-32287,0,0,0,0,0,2855393,0
2766781,7990,-2798,34,1179,8,-142,6965,471,89,-12,608,19388,61,33,79,16,0,0,0,0,0,0,0,-32287,0,0,0,0,0,2855398,0
2766786,8078,-2814,-6,1232,-39,-169,7076,494,99,-2,672,19388,61,33,79,16,0,0,0,0,0,0,0,-32287,0,0,0,0,0,2855413,0
2766791,8268,-2836,44,1286,-48,-200,7195,525,103,0,768,19388,76,33,79,16,0,0,0,0,0,0,0,-32287,0,0,0,0,0,2855418,0
2766796,8476,-2784,46,1337,-63,-279,7322,562,103,1,840,19388,76,33,79,16,0,0,0,0,0,0,0,-32287,0,0,0,0,0,2855433,0
2766801,8494,-2730,78,1326,-80,-306,7456,588,106,15,880,19386,79,33,79,16,0,0,0,0,0,0,0,-32286,0,0,0,0,0,2855438,0
2766806,8654,-2728,176,1378,-78,-349,7593,599,105,14,888,19386,79,33,79,16,0,0,0,0,0,0,0,-32287,0,0,0,0,0,2855453,0
2766811,8666,-2720,184,1444,-72,-380,7736,629,100,2,944,19384,73,33,79,16,0,0,0,0,0,0,0,-32287,0,0,0,0,0,2855465,0
2766816,8778,-2580,198,1535,-80,-436,7884,648,86,4,968,19384,73,33,79,16,0,0,0,0,0,0,0,-32287,0,0,0,0,0,2855472,0
2766821,8652,-2536,146,1519,-103,-466,8031,642,63,3,952,19383,67,33,79,16,0,0,0,0,0,0,0,-32287,0,0,0,0,0,2855477,0
2766826,8766,-2370,148,1508,-63,-469,8177,644,48,0,952,19383,67,33,79,16,0,0,0,0,0,0,0,-32287,0,0,0,0,0,2855492,0
2766831,8670,-2260,162,1513,-65,-500,8326,652,26,7,944,19385,74,33,79,16,0,0,0,0,0,0,0,-32287,0,0,0,0,0,2855497,0
2766836,8658,-2158,200,1514,-42,-492,8470,633,0,6,896,19385,74,33,79,16,0,0,0,0,0,0,0,-32287,0,0,0,0,0,2855512,0
2766841,8648,-1946,170,1464,-18,-501,8609,610,-18,-1,848,19387,77,33,79,16,0,0,0,0,0,0,0,-32287,0,0,0,0,0,2855517,0
2766846,8634,-1740,-12,1411,0,-486,8745,603,-37,0,840,19387,77,33,79,16,0,0,0,0,0,0,0,-32287,0,0,0,0,0,2855532,0
2766851,8528,-1734,-84,1355,16,-468,8874,566,-62,4,720,19387,71,33,79,16,0,0,0,0,0,0,0,-32287,0,0,0,0,0,2855537,0
2766856,8472,-1658,-182,1263,30,-463,8996,528,-77,4,632,19387,71,33,79,16,0,0,0,0,0,0,0,-32287,0,0,0,0,0,2855552,0
2766861,8410,-1540,-124,1258,54,-438,9113,510,-89,-5,624,19388,67,33,79,16,0,0,0,0,0,0,0,-32287,0,0,0,0,0,2855557,0
2766866,8374,-1490,-58,1237,70,-449,9227,502,-85,-9,600,19388,67,33,79,16,0,0,0,0,0,0,0,-32287,0,0,0,0,0,2855572,0
2766871,8374,-1650,-140,1174,78,-418,9334,476,-85,-4,552,19388,62,33,79,16,0,0,0,0,0,0,0,-32287,0,0,0,0,0,2855577,0
2766876,8558,-2070,-28,1084,99,-388,9434,429,-80,-1,440,19388,62,33,79,16,0,0,0,0,0,0,0,-32286,0,0,0,0,0,2855592,0
2766881,8730,-2284,-42,1100,95,-414,9532,427,-80,-11,464,19389,63,33,79,16,0,0,0,0,0,0,0,-32286,0,0,0,0,0,2855597,0
2766886,9026,-2708,-118,1165,117,-413,9629,426,-75,-8,480,19389,63,33,79,16,0,0,0,0,0,0,0,-32287,0,0,0,0,0,2855612,0
2766891,8956,-3284,-134,1207,126,-407,9720,401,-61,3,408,19389,59,33,79,16,0,0,0,0,0,0,0,-32286,0,0,0,0,0,2855617,0
2766896,9220,-4024,-270,1237,56,-389,9805,370,-57,15,320,19389,59,33,79,16,0,0,0,0,0,0,0,-32286,0,0,0,0,0,2855632,0
2766901,9122,-4064,-156,1212,-8,-393,9884,338,-65,14,264,19390,58,33,79,16,0,0,0,0,0,0,0,-32287,0,0,0,0,0,2855637,0
2766906,8846,-3798,-224,1146,-108,-421,9958,322,-83,6,248,19390,58,33,79,16,0,0,0,0,0,0,0,-32287,0,0,0,0,0,2855652,0
2766911,8606,-4342,-778,1094,-353,-383,10028,301,-90,3,208,19388,62,33,79,16,0,0,0,0,0,0,0,-32286,0,0,0,0,0,2855657,0
2766916,8838,-3926,-164,857,-692,-309,10091,272,-80,5,160,19388,62,33,79,16,0,0,0,0,0,0,0,-32286,0,0,0,0,0,2855672,0
2766921,9048,-3834,256,655,-711,-250,10143,219,-90,1,80,19387,77,33,79,16,0,0,0,0,0,0,0,-32287,0,0,0,0,0,2855677,0
2766926,9064,-3990,666,577,-793,-194,10177,144,-122,-7,32,19387,77,33,79,16,0,0,0,0,0,0,0,-32287,0,0,0,0,0,2855692,0
2766931,9022,-3834,956,578,-825,-170,10201,102,-168,-9,32,19386,80,33,79,16,0,0,0,0,0,0,0,-32287,0,0,0,0,0,2855697,0
2766936,9318,-3180,1414,663,-698,-88,10214,59,-189,1,16,19386,80,33,79,16,0,0,0,0,0,0,0,-32286,0,0,0,0,0,2855712,0
2766941,9156,-2724,1470,579,-625,-62,10219,16,-182,6,-8,19387,74,33,79,16,0,0,0,0,0,0,0,-32287,0,0,0,0,0,2855717,0
2766946,9324,-2572,1264,600,-600,-119,10218,0,-160,1,0,19387,74,33,79,16,0,0,0,0,0,0,0,-32287,0,0,0,0,0,2855732,0
2766951,9500,-2548,1006,773,-615,-167,10218,-3,-113,0,0,19388,65,33,79,16,0,0,0,0,0,0,0,-32286,0,0,0,0,0,2855737,0
2766956,9822,-1726,986,833,-547,-294,10218,0,-73,0,-8,19388,65,33,79,16,0,0,0,0,0,0,0,-32287,0,0,0,0,0,2855752,0
2766961,9946,-1558,744,662,-451,-337,10217,-2,-36,0,-8,19387,54,33,79,16,0,0,0,0,0,0,0,-32287,0,0,0,0,0,2855757,0
2766966,10034,-1534,730,364,-307,-376,10217,-2,-6,0,-8,19387,54,33,79,16,0,0,0,0,0,0,0,-32287,0,0,0,0,0,2855772,0
2766971,10100,-1866,620,79,-175,-409,10217,3,-1,-1,0,19387,59,33,79,16,0,0,0,0,0,0,0,-32287,0,0,0,0,0,2855777,0
2766976,9796,-3140,704,-268,24,-456,10216,1,5,-1,-8,19387,59,33,79,16,0,0,0,0,0,0,0,-32287,0,0,0,0,0,2855792,0
2766981,9490,-3762,878,-325,92,-487,10215,-2,1,-1,0,19385,66,33,79,16,0,0,0,0,0,0,0,-32287,0,0,0,0,0,2855797,0
2766986,9096,-4420,952,-354,103,-486,10215,0,1,0,0,19385,66,33,79,16,0,0,0,0,0,0,0,-32286,0,0,0,0,0,2855812,0
2766991,8744,-4962,912,-394,76,-467,10216,-3,-2,-1,0,19384,76,33,79,16,0,0,0,0,0,0,0,-32287,0,0,0,0,0,2855817,0
2766996,8006,-5544,982,-560,54,-386,10215,0,4,0,0,19384,76,33,79,16,0,0,0,0,0,0,0,-32287,0,0,0,0,0,2855832,0
2767001,7480,-5920,1126,-669,22,-366,10215,-2,-2,0,-8,19387,75,33,79,16,0,0,0,0,0,0,0,-32287,0,0,0,0,0,2855837,0
2767006,7070,-6424,1174,-673,-24,-332,10214,-10,-4,1,0,19387,75,33,79,16,0,0,0,0,0,0,0,-32287,0,0,0,0,0,2855852,0
2767011,7718,-6148,1508,-490,-198,-463,10212,-14,-10,3,-32,19388,69,33,79,16,0,0,0,0,0,0,0,-32287,0,0,0,0,0,2855857,0
2767016,6614,-7598,1900,1928,-595,-1034,10194,-86,-48,8,-56,19388,69,33,79,16,0,0,0,0,0,0,0,-32287,0,0,0,0,0,2855872,0
2767021,6608,-6008,1620,2264,-1203,-1070,10160,-158,-109,11,-136,19387,67,33,79,16,0,0,0,0,0,0,0,-32287,0,0,0,0,0,2855877,0
2767026,7468,-3664,3236,1375,-172,-1002,10097,-286,-210,18,-336,19387,67,33,79,16,0,0,0,0,0,0,0,-32286,0,0,0,0,0,2855892,0
2767031,5028,-4852,1222,477,-343,-899,10001,-439,-317,29,-608,19384,69,33,79,16,0,0,0,0,0,0,0,-32286,0,0,0,0,0,2855897,0
2767036,4644,-6588,2042,122,31,-792,9877,-553,-402,29,-984,19384,69,33,79,16,0,0,0,0,0,0,0,-32286,0,0,0,0,0,2855912,0
2767041,4308,-8122,1506,470,-164,-699,9716,-733,-466,14,-1424,19383,67,33,79,16,0,0,0,0,0,0,0,-32286,0,0,0,0,0,2855917,0
2767046,4264,-7716,1978,713,-41,-568,9513,-918,-520,8,-1824,19383,67,33,79,16,0,0,0,0,0,0,0,-32286,0,0,0,0,0,2855932,0
2767051,3996,-7286,1948,702,67,-433,9268,-1102,-570,11,-2248,19383,73,33,79,16,0,0,0,0,0,0,0,-32286,0,0,0,0,0,2855936,0
2767056,3998,-7278,2010,173,433,39,8974,-1303,-632,7,-2688,19383,73,33,79,16,0,0,0,0,0,0,0,-32286,0,0,0,0,0,2855951,0
2767061,4186,-8186,2264,-156,769,399,8639,-1496,-666,-7,-3032,19385,73,33,79,16,0,0,0,0,0,0,0,-32286,0,0,0,0,0,2855956,0
2767066,3066,-8528,1970,8,568,545,8265,-1658,-661,-21,-3336,19385,73,33,79,16,0,0,0,0,0,0,0,-32286,0,0,0,0,0,2855971,0
2767071,3860,-8778,1218,478,311,694,7860,-1800,-624,-12,-3608,19385,73,33,79,16,0,0,0,0,0,0,0,-32286,0,0,0,0,0,2855976,0
2767076,4472,-5886,670,701,84,927,7426,-1923,-562,-12,-3856,19385,73,33,79,16,0,0,0,0,0,0,0,-32286,0,0,0,0,0,2855991,0
2767081,5116,-4944,262,407,144,1031,6972,-2003,-485,-4,-4008,19384,74,33,79,16,0,0,0,0,0,0,0,-32286,0,0,0,0,0,2855996,0
2767086,5414,-4272,98,118,111,1090,6503,-2072,-399,0,-4168,19384,74,33,79,16,0,0,0,0,0,0,0,-32286,0,0,0,0,0,2856011,0
2767091,5842,-3924,10,-5,45,1130,6023,-2119,-310,8,-4288,19385,80,33,79,16,0,0,0,0,0,0,0,-32286,0,0,0,0,0,2856016,0
2767096,6680,-3152,-70,-115,-210,1164,5528,-2171,-246,2,-4368,19385,80,33,79,16,0,0,0,0,0,0,0,-32286,0,0,0,0,0,2856031,0
2767101,7058,-2434,-114,-311,-339,1182,5024,-2225,-201,-9,-4464,19385,78,33,79,16,0,0,0,0,0,0,0,-32286,0,0,0,0,0,2856036,0
2767106,7662,-1926,54,-539,-427,1180,4510,-2258,-180,-19,-4496,19385,78,33,79,16,0,0,0,0,0,0,0,-32286,0,0,0,0,0,2856051,0
2767111,8010,-1536,254,-718,-522,1143,3991,-2277,79,-23,-4480,19382,79,33,79,16,0,0,0,0,0,0,0,-32286,0,0,0,0,0,2856056,0
2767116,9058,-1012,534,-883,-775,950,3481,-2243,134,-19,-4384,19382,79,33,79,16,0,0,0,0,0,0,0,-32287,0,0,0,0,0,2856071,0
2767121,9616,-736,968,-847,-869,807,2981,-2186,95,-6,-4264,19381,83,33,79,16,0,0,0,0,0,0,0,-32286,0,0,0,0,0,2856076,0
2767126,9974,-484,1318,-766,-988,628,2498,-2111,-39,7,-4136,19381,83,33,79,16,0,0,0,0,0,0,0,-32287,0,0,0,0,0,2856091,0
2767131,10356,-304,1352,-746,-1108,470,2031,-2045,-68,20,-4016,19382,81,33,79,16,0,0,0,0,0,0,0,-32286,0,0,0,0,0,2856096,0
2767136,10994,156,2132,-968,-941,224,1578,-1989,215,4,-3928,19382,81,33,79,16,0,0,0,0,0,0,0,-32287,0,0,0,0,0,2856111,0
2767141,11122,-102,2576,-1112,-737,109,1136,-1944,224,-1,-3800,19382,75,33,79,16,0,0,0,0,0,0,0,-32286,0,0,0,0,0,2856116,0
2767146,10998,-728,2958,-1194,-576,-9,703,-1906,204,-14,-3696,19382,75,33,79,16,0,0,0,0,0,0,0,-32286,0,0,0,0,0,2856131,0
2767151,10980,-1264,3102,-1141,-380,-86,280,-1866,172,-17,-3568,19383,69,33,79,16,0,0,0,0,0,0,0,-32287,0,0,0,0,0,2856136,0
2767156,10508,-1650,3396,-1069,214,-236,-130,-1802,158,-16,-3408,19383,69,33,79,16,0,0,0,0,0,0,0,-32286,0,0,0,0,0,2856151,0
2767161,10122,-1958,3436,-1104,553,-270,-529,-1746,161,-11,-3256,19384,69,33,79,16,0,0,0,0,0,0,0,-32286,0,0,0,0,0,2856156,0
2767166,9894,-2612,3374,-1147,834,-242,-908,-1660,189,-5,-3096,19384,69,33,79,16,0,0,0,0,0,0,0,-32286,0,0,0,0,0,2856171,0
2767171,9168,-2740,3178,-1134,1081,-255,-1269,-1569,220,5,-2904,19387,68,33,79,16,0,0,0,0,0,0,0,-32287,0,0,0,0,0,2856176,0
2767176,8258,-3500,2092,-977,1369,-221,-1611,-1490,253,3,-2736,19387,68,33,79,16,0,0,0,0,0,0,0,-32286,0,0,0,0,0,2856191,0
2767181,7654,-3414,1772,-913,1444,-222,-1934,-1410,274,0,-2568,19388,69,33,79,16,0,0,0,0,0,0,0,-32286,0,0,0,0,0,2856196,0
2767186,7454,-3514,1416,-894,1501,-183,-2237,-1335,292,-3,-2408,19388,69,33,79,16,0,0,0,0,0,0,0,-32286,0,0,0,0,0,2856211,0
2767191,6912,-3486,1012,-895,1517,-158,-2518,-1233,292,-5,-2184,19388,70,33,79,16,0,0,0,0,0,0,0,-32287,0,0,0,0,0,2856216,0
2767196,6420,-3518,204,-929,1446,-99,-2783,-1149,296,-3,-1992,19388,70,33,79,16,0,0,0,0,0,0,0,-32286,0,0,0,0,0,2856231,0
2767201,6206,-3688,144,-843,1345,-106,-3023,-1053,304,-8,-1776,19388,82,33,79,16,0,0,0,0,0,0,0,-32287,0,0,0,0,0,2856236,0
2767206,5996,-3772,-56,-691,1153,-126,-3247,-975,301,-6,-1592,19388,82,33,79,16,0,0,0,0,0,0,0,-32287,0,0,0,0,0,2856251,0
2767211,6036,-3618,-386,-570,935,-140,-3452,-899,304,2,-1440,19386,86,33,79,16,0,0,0,0,0,0,0,-32287,0,0,0,0,0,2856256,0
2767216,5932,-3102,-344,-639,704,-82,-3643,-834,284,3,-1304,19386,86,33,79,16,0,0,0,0,0,0,0,-32287,0,0,0,0,0,2856271,0
2767221,5852,-3130,-400,-768,611,-36,-3822,-771,261,1,-1168,19387,81,33,79,16,0,0,0,0,0,0,0,-32286,0,0,0,0,0,2856276,0
2767226,5786,-3178,-336,-902,558,33,-3986,-724,237,0,-1072,19387,81,33,79,16,0,0,0,0,0,0,0,-32286,0,0,0,0,0,2856291,0
2767231,5692,-3246,-138,-985,493,80,-4139,-667,206,0,-936,19389,74,33,79,16,0,0,0,0,0,0,0,-32286,0,0,0,0,0,2856296,0
2767236,5714,-3402,216,-954,412,151,-4277,-594,203,-4,-768,19389,74,33,79,16,0,0,0,0,0,0,0,-32286,0,0,0,0,0,2856312,0
2767241,5654,-3252,482,-876,368,133,-4405,-555,197,4,-680,19388,66,33,79,16,0,0,0,0,0,0,0,-32287,0,0,0,0,0,2856319,0
2767246,6014,-3140,392,-800,309,154,-4522,-508,186,10,-576,19388,66,33,79,16,0,0,0,0,0,0,0,-32286,0,0,0,0,0,2856334,0
2767251,6014,-2704,374,-819,225,134,-4625,-449,184,10,-424,19387,67,33,79,16,0,0,0,0,0,0,0,-32286,0,0,0,0,0,2856339,0
2767256,6248,-2442,512,-1040,256,196,-4718,-400,183,0,-336,19387,67,33,79,16,0,0,0,0,0,0,0,-32287,0,0,0,0,0,2856354,0
2767261,6170,-2582,718,-1156,291,225,-4798,-357,177,-1,-288,19386,60,33,79,16,0,0,0,0,0,0,0,-32287,0,0,0,0,0,2856359,0
2767266,6296,-2904,916,-1136,286,216,-4872,-313,170,-7,-224,19386,60,33,79,16,0,0,0,0,0,0,0,-32286,0,0,0,0,0,2856373,0
2767271,6330,-3150,1002,-987,262,220,-4935,-276,165,-1,-160,19385,61,33,79,16,0,0,0,0,0,0,0,-32287,0,0,0,0,0,2856378,0
2767276,6390,-2866,1330,-715,262,183,-4991,-239,140,0,-104,19385,61,33,79,16,0,0,0,0,0,0,0,-32286,0,0,0,0,0,2856393,0
2767281,6610,-2506,1362,-696,347,145,-5034,-182,141,6,-72,19385,62,33,79,16,0,0,0,0,0,0,0,-32286,0,0,0,0,0,2856398,0
2767286,6584,-2582,1182,-777,436,170,-5064,-128,156,10,-56,19385,62,33,79,16,0,0,0,0,0,0,0,-32287,0,0,0,0,0,2856413,0
2767291,7032,-2070,1228,-760,378,38,-5090,-114,155,7,-48,19385,63,33,79,16,0,0,0,0,0,0,0,-32286,0,0,0,0,0,2856418,0
2767296,6198,-2408,-150,-123,-32,-80,-5116,-111,137,0,-56,19385,63,33,79,16,0,0,0,0,0,0,0,-32286,0,0,0,0,0,2856433,0
2767301,6498,-1432,210,-401,-284,-213,-5146,-132,79,3,-80,19388,68,33,79,16,0,0,0,0,0,0,0,-32286,0,0,0,0,0,2856438,0
2767306,7368,-1822,-86,-542,-48,-154,-5182,-158,7,0,-104,19388,68,33,79,16,0,0,0,0,0,0,0,-32286,0,0,0,0,0,2856453,0
2767311,6538,-1784,354,-796,19,-94,-5229,-215,-54,2,-144,19390,66,33,79,16,0,0,0,0,0,0,0,-32286,0,0,0,0,0,2856458,0
2767316,6536,-2510,908,-1061,439,-27,-5285,-260,-97,3,-200,19390,66,33,79,16,0,0,0,0,0,0,0,-32286,0,0,0,0,0,2856473,0
2767321,6222,-2672,1186,-1025,615,34,-5348,-280,-125,-7,-208,19392,71,33,79,16,0,0,0,0,0,0,0,-32287,0,0,0,0,0,2856478,0
2767326,6032,-2894,1226,-974,759,98,-5413,-295,-125,-2,-232,19392,71,33,79,16,0,0,0,0,0,0,0,-32286,0,0,0,0,0,2856493,0
2767331,5918,-2536,1180,-985,889,124,-5481,-300,-102,-7,-200,19390,72,33,79,16,0,0,0,0,0,0,0,-32286,0,0,0,0,0,2856498,0
2767336,5966,-2312,822,-977,1052,176,-5545,-279,-49,-3,-176,19390,72,33,79,16,0,0,0,0,0,0,0,-32286,0,0,0,0,0,2856513,0
2767341,5906,-2232,642,-1007,1051,204,-5600,-245,-3,2,-120,19388,78,33,79,16,0,0,0,0,0,0,0,-32286,0,0,0,0,0,2856518,0
2767346,5912,-2188,470,-995,1022,213,-5645,-188,50,8,-96,19388,78,33,79,16,0,0,0,0,0,0,0,-32286,0,0,0,0,0,2856533,0
2767351,5890,-2130,386,-988,978,217,-5683,-162,100,4,-56,19387,70,33,79,16,0,0,0,0,0,0,0,-32286,0,0,0,0,0,2856538,0
2767356,6088,-1918,250,-934,833,214,-5710,-113,129,2,-56,19387,70,33,79,16,0,0,0,0,0,0,0,-32287,0,0,0,0,0,2856553,0
2767361,6198,-1592,272,-872,718,140,-5732,-83,137,-3,-16,19387,68,33,79,16,0,0,0,0,0,0,0,-32287,0,0,0,0,0,2856558,0
2767366,6498,-1560,106,-781,638,79,-5732,2,156,-9,0,19387,68,33,79,16,0,0,0,0,0,0,0,-32287,0,0,0,0,0,2856573,0
2767371,6368,-1390,90,-804,578,68,-5729,14,160,1,0,19387,66,33,79,16,0,0,0,0,0,0,0,-32287,0,0,0,0,0,2856578,0
2767376,6446,-1054,-6,-946,495,-18,-5729,4,147,3,0,19387,66,33,79,16,0,0,0,0,0,0,0,-32286,0,0,0,0,0,2856593,0
2767381,6392,-1134,-12,-986,452,-61,-5729,-3,90,1,-8,19387,64,33,79,16,0,0,0,0,0,0,0,-32286,0,0,0,0,0,2856598,0
2767386,6380,-1182,-44,-966,398,-103,-5730,-16,34,0,-8,19387,64,33,79,16,0,0,0,0,0,0,0,-32287,0,0,0,0,0,2856613,0
2767391,6366,-1142,-52,-929,361,-133,-5729,-1,-5,0,0,19386,67,33,79,16,0,0,0,0,0,0,0,-32287,0,0,0,0,0,2856618,0
2767396,6380,-1126,80,-940,305,-173,-5728,2,-3,0,-8,19386,67,33,79,16,0,0,0,0,0,0,0,-32287,0,0,0,0,0,2856633,0
2767401,6476,-1188,202,-968,303,-178,-5729,2,3,0,0,19387,67,33,79,16,0,0,0,0,0,0,0,-32286,0,0,0,0,0,2856638,0
2767406,6528,-1350,470,-955,307,-173,-5729,-5,4,0,-8,19387,67,33,79,16,0,0,0,0,0,0,0,-32287,0,0,0,0,0,2856653,0
2767411,6488,-1322,432,-983,276,-146,-5728,4,5,0,0,19386,68,33,79,16,0,0,0,0,0,0,0,-32286,0,0,0,0,0,2856658,0
2767416,6220,-1136,780,-1466,548,18,-5727,5,1,-1,0,19386,68,33,79,16,0,0,0,0,0,0,0,-32287,0,0,0,0,0,2856673,0
2767421,6470,-1722,686,-1488,545,53,-5724,14,5,-1,8,19388,73,33,79,16,0,0,0,0,0,0,0,-32287,0,0,0,0,0,2856678,0
2767426,6458,-2036,692,-1405,455,72,-5721,13,6,0,0,19388,73,33,79,16,0,0,0,0,0,0,0,-32287,0,0,0,0,0,2856693,0
2767431,6688,-2242,694,-1226,313,40,-5720,0,8,1,0,19389,72,33,79,16,0,0,0,0,0,0,0,-32286,0,0,0,0,0,2856698,0
2767436,7218,-2148,1078,-1126,299,73,-5719,6,-2,1,-8,19389,72,33,79,16,0,0,0,0,0,0,0,-32287,0,0,0,0,0,2856713,0
2767441,7588,-2334,1420,-1157,358,122,-5719,5,-8,0,0,19390,69,33,79,16,0,0,0,0,0,0,0,-32287,0,0,0,0,0,2856718,0
2767446,7634,-2588,1638,-1172,412,137,-5718,13,-7,-2,0,19390,69,33,79,16,0,0,0,0,0,0,0,-32287,0,0,0,0,0,2856733,0
2767451,7964,-2934,1706,-1168,464,164,-5716,15,-6,-2,8,19388,58,33,79,16,0,0,0,0,0,0,0,-32287,0,0,0,0,0,2856738,0
2767456,8226,-3278,1968,-1370,766,299,-5712,18,7,-1,8,19388,58,33,79,16,0,0,0,0,0,0,0,-32287,0,0,0,0,0,2856753,0
2767461,8208,-3298,2156,-1579,1013,363,-5706,26,15,-1,16,19388,60,33,79,16,0,0,0,0,0,0,0,-32287,0,0,0,0,0,2856758,0
2767466,8452,-3588,2250,-1569,1134,334,-5697,45,25,-2,16,19388,60,33,79,16,0,0,0,0,0,0,0,-32286,0,0,0,0,0,2856773,0
2767471,8520,-3978,2114,-1371,1212,320,-5681,69,35,-5,40,19388,59,33,79,16,0,0,0,0,0,0,0,-32286,0,0,0,0,0,2856778,0
2767476,8656,-3902,1508,-939,1061,204,-5649,146,74,-14,96,19388,59,33,79,16,0,0,0,0,0,0,0,-32287,0,0,0,0,0,2856792,0
2767481,8674,-3654,1162,-806,971,163,-5605,201,125,-6,152,19385,64,33,79,16,0,0,0,0,0,0,0,-32286,0,0,0,0,0,2856797,0
2767486,8822,-3422,818,-690,814,109,-5543,273,178,-2,240,19385,64,33,79,16,0,0,0,0,0,0,0,-32287,0,0,0,0,0,2856812,0
2767491,8854,-3288,626,-596,663,48,-5464,348,213,-2,360,19384,69,33,79,16,0,0,0,0,0,0,0,-32286,0,0,0,0,0,2856817,0
2767496,9112,-3106,244,-434,288,-60,-5372,410,239,-7,472,19384,69,33,79,16,0,0,0,0,0,0,0,-32287,0,0,0,0,0,2856832,0
2767501,9104,-2792,240,-459,133,-103,-5271,445,228,-15,568,19382,70,33,79,16,0,0,0,0,0,0,0,-32286,0,0,0,0,0,2856837,0
2767506,9274,-2778,236,-478,11,-156,-5161,489,197,-6,704,19382,70,33,79,16,0,0,0,0,0,0,0,-32287,0,0,0,0,0,2856852,0
2767511,9234,-2710,418,-485,-95,-202,-5042,530,167,6,776,19382,74,33,79,16,0,0,0,0,0,0,0,-32286,0,0,0,0,0,2856856,0
2767516,9432,-2846,758,-369,-282,-285,-4915,573,144,7,864,19382,74,33,79,16,0,0,0,0,0,0,0,-32286,0,0,0,0,0,2856871,0
2767521,9384,-2762,970,-359,-341,-325,-4784,576,127,14,864,19387,68,33,79,16,0,0,0,0,0,0,0,-32286,0,0,0,0,0,2856876,0
2767526,9546,-2842,1134,-361,-354,-350,-4652,574,100,13,816,19387,68,33,79,16,0,0,0,0,0,0,0,-32287,0,0,0,0,0,2856891,0
2767531,9654,-2736,1372,-336,-322,-355,-4518,584,68,11,848,19387,73,33,79,16,0,0,0,0,0,0,0,-32287,0,0,0,0,0,2856896,0
2767536,9412,-2736,1770,-426,-175,-347,-4385,581,38,9,800,19387,73,33,79,16,0,0,0,0,0,0,0,-32287,0,0,0,0,0,2856911,0
2767541,9414,-2662,1936,-501,-30,-324,-4262,540,-5,12,672,19388,68,33,79,16,0,0,0,0,0,0,0,-32286,0,0,0,0,0,2856916,0
2767546,9070,-2604,2202,-543,121,-311,-4142,521,-38,-2,632,19388,68,33,79,16,0,0,0,0,0,0,0,-32286,0,0,0,0,0,2856931,0
2767551,8990,-2596,2160,-515,231,-306,-4025,510,-61,-2,608,19384,63,33,79,16,0,0,0,0,0,0,0,-32286,0,0,0,0,0,2856936,0
2767556,8606,-2334,2004,-353,343,-307,-3918,469,-72,1,504,19384,63,33,79,16,0,0,0,0,0,0,0,-32286,0,0,0,0,0,2856951,0
2767561,8674,-2120,1878,-314,390,-306,-3817,437,-90,-3,424,19385,72,33,79,16,0,0,0,0,0,0,0,-32286,0,0,0,0,0,2856956,0
2767566,8736,-1940,1854,-328,405,-328,-3725,409,-103,-4,400,19385,72,33,79,16,0,0,0,0,0,0,0,-32286,0,0,0,0,0,2856971,0
2767571,9150,-2070,1770,-383,421,-309,-3635,395,-102,-3,376,19388,69,33,79,16,0,0,0,0,0,0,0,-32287,0,0,0,0,0,2856976,0
2767576,10092,-2624,1844,-585,468,-241,-3549,375,-93,9,312,19388,69,33,79,16,0,0,0,0,0,0,0,-32286,0,0,0,0,0,2856991,0
2767581,10396,-2850,1914,-752,511,-190,-3469,346,-80,13,256,19388,64,33,79,16,0,0,0,0,0,0,0,-32287,0,0,0,0,0,2856996,0
2767586,10916,-3202,1814,-908,567,-136,-3393,340,-65,5,240,19388,64,33,79,16,0,0,0,0,0,0,0,-32286,0,0,0,0,0,2857010,0
2767591,11184,-3464,1634,-983,597,-118,-3318,331,-61,-3,272,19390,59,33,79,16,0,0,0,0,0,0,0,-32287,0,0,0,0,0,2857015,0
2767596,11602,-4442,1058,-872,539,-106,-3235,361,-40,-10,320,19390,59,33,79,16,0,0,0,0,0,0,0,-32286,0,0,0,0,0,2857030,0
2767601,11456,-5038,986,-899,528,-68,-3144,401,10,-16,432,19390,62,33,79,16,0,0,0,0,0,0,0,-32287,0,0,0,0,0,2857035,0
2767606,11414,-5718,1136,-997,563,26,-3046,439,70,-17,512,19390,62,33,79,16,0,0,0,0,0,0,0,-32287,0,0,0,0,0,2857050,0
2767611,11298,-6116,1584,-1078,600,44,-2937,483,105,-17,696,19391,69,33,79,16,0,0,0,0,0,0,0,-32286,0,0,0,0,0,2857055,0
2767616,11102,-6930,2110,-742,649,-57,-2814,547,139,-11,856,19391,69,33,79,16,0,0,0,0,0,0,0,-32287,0,0,0,0,0,2857070,0
2767621,11016,-6972,1960,-470,591,-150,-2676,618,172,6,1024,19393,75,33,79,16,0,0,0,0,0,0,0,-32287,0,0,0,0,0,2857075,0
2767626,10772,-7064,1802,-249,568,-227,-2522,676,198,13,1112,19393,75,33,79,16,0,0,0,0,0,0,0,-32286,0,0,0,0,0,2857090,0
2767631,10344,-6970,1704,-165,571,-307,-2362,708,205,6,1168,19392,84,33,79,16,0,0,0,0,0,0,0,-32287,0,0,0,0,0,2857095,0
2767636,8942,-7158,1542,-83,617,-369,-2194,743,189,0,1240,19392,84,33,79,16,0,0,0,0,0,0,0,-32287,0,0,0,0,0,2857110,0
2767641,8058,-7466,1226,34,547,-375,-2023,757,145,4,1264,19390,84,33,79,16,0,0,0,0,0,0,0,-32287,0,0,0,0,0,2857115,0
2767646,7082,-7520,964,189,439,-384,-1849,761,104,6,1256,19390,84,33,79,16,0,0,0,0,0,0,0,-32287,0,0,0,0,0,2857130,0
2767651,6256,-7326,716,343,320,-384,-1673,775,69,0,1280,19388,79,33,79,16,0,0,0,0,0,0,0,-32286,0,0,0,0,0,2857135,0
2767656,4382,-6874,414,650,75,-337,-1497,767,43,5,1256,19388,79,33,79,16,0,0,0,0,0,0,0,-32286,0,0,0,0,0,2857150,0
2767661,4090,-6608,146,812,-84,-327,-1320,777,20,0,1280,19387,63,33,79,16,0,0,0,0,0,0,0,-32287,0,0,0,0,0,2857155,0
2767666,3546,-6138,134,919,-205,-288,-1145,775,11,6,1248,19387,63,33,79,16,0,0,0,0,0,0,0,-32287,0,0,0,0,0,2857170,0
2767671,3430,-5682,-26,964,-314,-228,-973,754,-1,7,1200,19388,55,33,79,16,0,0,0,0,0,0,0,-32286,0,0,0,0,0,2857175,0
2767676,3294,-4768,-168,930,-421,-156,-802,760,-18,-1,1216,19388,55,33,79,16,0,0,0,0,0,0,0,-32286,0,0,0,0,0,2857190,0
2767681,3066,-4230,-148,896,-487,-144,-635,734,-23,6,1128,19388,59,33,79,16,0,0,0,0,0,0,0,-32287,0,0,0,0,0,2857194,0
2767686,3184,-4010,-270,883,-542,-113,-472,717,-39,0,1112,19388,59,33,79,16,0,0,0,0,0,0,0,-32287,0,0,0,0,0,2857209,0
2767691,3030,-3750,-292,848,-597,-81,-311,707,-44,4,1072,19387,59,33,79,16,0,0,0,0,0,0,0,-32286,0,0,0,0,0,2857214,0
2767696,3450,-2912,-242,792,-693,-54,-153,691,-52,2,1040,19387,59,33,79,16,0,0,0,0,0,0,0,-32286,0,0,0,0,0,2857229,0
2767701,3628,-2572,-44,701,-634,-48,0,680,-55,-3,1016,19385,68,33,79,16,0,0,0,0,0,0,0,-32286,0,0,0,0,0,2857234,0
2767706,3726,-2388,172,543,-528,-37,155,680,-42,2,1008,19385,68,33,79,16,0,0,0,0,0,0,0,-32287,0,0,0,0,0,2857249,0
2767711,3890,-2438,304,399,-383,-14,306,669,-37,-1,1008,19384,68,33,79,16,0,0,0,0,0,0,0,-32287,0,0,0,0,0,2857254,0
2767716,4050,-2838,428,350,-217,7,461,675,-22,0,1032,19384,68,33,79,16,0,0,0,0,0,0,0,-32287,0,0,0,0,0,2857269,0
2767721,4134,-3032,442,385,-162,27,615,673,-7,-4,1032,19389,74,33,79,16,0,0,0,0,0,0,0,-32287,0,0,0,0,0,2857274,0
2767726,4180,-3176,384,339,-168,61,769,673,1,-4,1040,19389,74,33,79,16,0,0,0,0,0,0,0,-32287,0,0,0,0,0,2857289,0
2767731,4478,-3254,358,262,-200,83,921,672,0,-3,1040,19388,70,33,79,16,0,0,0,0,0,0,0,-32286,0,0,0,0,0,2857294,0
2767736,5148,-3844,402,219,-311,129,1073,664,-1,0,1000,19388,70,33,79,16,0,0,0,0,0,0,0,-32287,0,0,0,0,0,2857309,0
2767741,5444,-4140,478,136,-377,191,1218,636,-17,10,928,19389,73,33,79,16,0,0,0,0,0,0,0,-32287,0,0,0,0,0,2857314,0
2767746,5844,-4362,622,25,-399,235,1357,610,-43,9,872,19389,73,33,79,16,0,0,0,0,0,0,0,-32286,0,0,0,0,0,2857329,0
2767751,6316,-4636,718,-36,-376,293,1492,587,-60,0,824,19387,68,33,79,16,0,0,0,0,0,0,0,-32286,0,0,0,0,0,2857334,0
2767756,6918,-5316,786,-123,-382,403,1619,549,-82,5,696,19387,68,33,79,16,0,0,0,0,0,0,0,-32287,0,0,0,0,0,2857349,0
2767761,7142,-5290,668,-118,-398,423,1736,509,-99,-1,608,19387,74,33,79,16,0,0,0,0,0,0,0,-32287,0,0,0,0,0,2857354,0
2767766,7284,-5528,406,-120,-419,480,1845,482,-111,-10,576,19387,74,33,79,16,0,0,0,0,0,0,0,-32286,0,0,0,0,0,2857369,0
2767771,7254,-5320,252,-153,-407,496,1947,448,-119,0,480,19393,67,33,79,16,0,0,0,0,0,0,0,-32286,0,0,0,0,0,2857374,0
2767776,7330,-5014,-218,-116,-405,472,2038,391,-127,6,384,19393,67,33,79,16,0,0,0,0,0,0,0,-32286,0,0,0,0,0,2857389,0
2767781,7292,-4728,-354,-68,-411,408,2121,353,-133,8,280,19399,68,33,79,16,0,0,0,0,0,0,0,-32286,0,0,0,0,0,2857394,0
2767786,7400,-4544,-542,-23,-415,336,2197,331,-129,8,248,19399,68,33,79,16,0,0,0,0,0,0,0,-32287,0,0,0,0,0,2857409,0
2767791,7330,-4366,-600,-18,-403,256,2270,313,-128,4,240,19400,68,33,79,16,0,0,0,0,0,0,0,-32287,0,0,0,0,0,2857414,0
2767796,7346,-4052,-516,-53,-401,84,2335,294,-104,3,184,19400,68,33,79,16,0,0,0,0,0,0,0,-32287,0,0,0,0,0,2857429,0
2767801,7286,-4096,-522,-131,-398,35,2391,234,-91,7,96,19396,63,33,79,16,0,0,0,0,0,0,0,-32287,0,0,0,0,0,2857434,0
2767806,7174,-4246,-406,-202,-404,-8,2438,207,-110,-11,96,19396,63,33,79,16,0,0,0,0,0,0,0,-32287,0,0,0,0,0,2857449,0
2767811,6982,-4144,-234,-213,-426,-101,2481,195,-116,-4,88,19390,59,33,79,16,0,0,0,0,0,0,0,-32286,0,0,0,0,0,2857462,0
2767816,6570,-4588,-26,-63,-531,-194,2517,157,-112,-3,72,19390,59,33,79,16,0,0,0,0,0,0,0,-32287,0,0,0,0,0,2857469,0
2767821,6606,-4970,-144,52,-603,-194,2552,148,-94,-4,56,19388,62,33,79,16,0,0,0,0,0,0,0,-32287,0,0,0,0,0,2857474,0
2767826,6282,-4720,-40,119,-724,-241,2584,144,-70,-1,80,19388,62,33,79,16,0,0,0,0,0,0,0,-32286,0,0,0,0,0,2857489,0
2767831,6514,-4766,-184,198,-816,-256,2620,152,-41,1,64,19389,63,33,79,16,0,0,0,0,0,0,0,-32286,0,0,0,0,0,2857494,0
2767836,6434,-4472,118,251,-921,-259,2658,177,-15,-3,96,19389,63,33,79,16,0,0,0,0,0,0,0,-32287,0,0,0,0,0,2857509,0
2767841,6544,-4304,260,273,-893,-243,2700,184,21,3,104,19388,63,33,79,16,0,0,0,0,0,0,0,-32286,0,0,0,0,0,2857514,0
2767846,6694,-4238,406,370,-931,-268,2750,214,48,2,120,19388,63,33,79,16,0,0,0,0,0,0,0,-32286,0,0,0,0,0,2857529,0
2767851,6722,-4064,590,477,-865,-255,2801,234,63,-1,136,19388,61,33,79,16,0,0,0,0,0,0,0,-32286,0,0,0,0,0,2857534,0
2767856,6988,-3742,812,589,-789,-213,2854,229,66,1,144,19388,61,33,79,16,0,0,0,0,0,0,0,-32286,0,0,0,0,0,2857549,0
2767861,7076,-3580,914,629,-713,-219,2914,273,53,-7,216,19385,63,33,79,16,0,0,0,0,0,0,0,-32286,0,0,0,0,0,2857553,0
2767866,7284,-3614,888,676,-658,-177,2978,286,63,3,208,19385,63,33,79,16,0,0,0,0,0,0,0,-32287,0,0,0,0,0,2857568,0
2767871,7272,-3536,912,752,-577,-156,3048,305,69,1,248,19387,67,33,79,16,0,0,0,0,0,0,0,-32286,0,0,0,0,0,2857573,0
2767876,7382,-3070,924,887,-517,-158,3125,342,78,-9,304,19387,67,33,79,16,0,0,0,0,0,0,0,-32286,0,0,0,0,0,2857588,0
2767881,7348,-2888,860,928,-506,-166,3213,379,99,-10,384,19388,65,33,79,16,0,0,0,0,0,0,0,-32286,0,0,0,0,0,2857593,0
2767886,7400,-2898,744,953,-469,-130,3307,418,109,-12,464,19388,65,33,79,16,0,0,0,0,0,0,0,-32286,0,0,0,0,0,2857608,0
2767891,7248,-2704,604,938,-483,-123,3404,427,110,-5,488,19387,65,33,79,16,0,0,0,0,0,0,0,-32286,0,0,0,0,0,2857613,0
2767896,7328,-2394,376,935,-504,-125,3503,442,95,-3,512,19387,65,33,79,16,0,0,0,0,0,0,0,-32286,0,0,0,0,0,2857628,0
2767901,7354,-2472,262,938,-529,-126,3609,469,73,0,600,19386,69,33,79,16,0,0,0,0,0,0,0,-32286,0,0,0,0,0,2857633,0
2767906,7256,-2440,238,939,-564,-122,3723,497,75,-5,680,19386,69,33,79,16,0,0,0,0,0,0,0,-32286,0,0,0,0,0,2857648,0
2767911,7216,-2520,180,888,-572,-89,3839,513,75,0,696,19386,68,33,79,16,0,0,0,0,0,0,0,-32286,0,0,0,0,0,2857653,0
2767916,7150,-2676,-104,898,-710,-53,3956,516,71,6,688,19386,68,33,79,16,0,0,0,0,0,0,0,-32286,0,0,0,0,0,2857668,0
2767921,6998,-2554,-56,931,-788,-47,4076,540,53,-1,768,19385,67,33,79,16,0,0,0,0,0,0,0,-32286,0,0,0,0,0,2857673,0
2767926,7096,-2556,-70,933,-834,-42,4201,547,51,4,760,19385,67,33,79,16,0,0,0,0,0,0,0,-32286,0,0,0,0,0,2857688,0
2767931,7056,-2524,-72,887,-841,-4,4323,540,39,15,712,19388,63,33,79,16,0,0,0,0,0,0,0,-32286,0,0,0,0,0,2857693,0
2767936,7118,-2388,-30,707,-842,45,4444,524,20,5,688,19388,63,33,79,16,0,0,0,0,0,0,0,-32286,0,0,0,0,0,2857708,0
2767941,7244,-2512,-8,616,-799,81,4562,523,-3,-3,672,19388,62,33,79,16,0,0,0,0,0,0,0,-32286,0,0,0,0,0,2857713,0
2767946,7182,-2652,92,532,-783,143,4677,501,-20,4,584,19388,62,33,79,16,0,0,0,0,0,0,0,-32287,0,0,0,0,0,2857728,0
2767951,7156,-2860,248,505,-765,160,4787,471,-43,9,544,19388,65,33,79,16,0,0,0,0,0,0,0,-32286,0,0,0,0,0,2857733,0
2767956,7360,-3002,530,582,-696,192,4889,446,-62,-6,464,19388,65,33,79,16,0,0,0,0,0,0,0,-32286,0,0,0,0,0,2857748,0
2767961,7624,-3074,720,601,-611,234,4988,435,-71,-8,464,19387,60,33,79,16,0,0,0,0,0,0,0,-32286,0,0,0,0,0,2857752,0
2767966,7554,-2940,828,575,-515,257,5083,415,-82,1,408,19387,60,33,79,16,0,0,0,0,0,0,0,-32286,0,0,0,0,0,2857767,0
2767971,7658,-3128,762,554,-444,286,5166,368,-86,13,320,19384,64,33,79,16,0,0,0,0,0,0,0,-32286,0,0,0,0,0,2857772,0
2767976,7822,-3238,734,647,-316,300,5245,342,-85,15,272,19384,64,33,79,16,0,0,0,0,0,0,0,-32287,0,0,0,0,0,2857787,0
2767981,7684,-3178,836,764,-325,272,5317,306,-100,10,208,19385,58,33,79,16,0,0,0,0,0,0,0,-32286,0,0,0,0,0,2857792,0
2767986,8144,-2720,428,672,-302,284,5382,286,-108,0,176,19385,58,33,79,16,0,0,0,0,0,0,0,-32286,0,0,0,0,0,2857807,0
2767991,7550,-3156,416,745,-209,268,5441,256,-107,-4,136,19385,61,33,79,16,0,0,0,0,0,0,0,-32286,0,0,0,0,0,2857812,0
2767996,7790,-3158,514,926,-240,261,5495,232,-98,-1,112,19385,61,33,79,16,0,0,0,0,0,0,0,-32286,0,0,0,0,0,2857827,0
2768001,7868,-2616,684,831,-151,286,5540,197,-99,-2,72,19383,57,33,79,16,0,0,0,0,0,0,0,-32286,0,0,0,0,0,2857832,0
2768006,7880,-2354,782,582,10,288,5563,132,-116,0,48,19383,57,33,79,16,0,0,0,0,0,0,0,-32287,0,0,0,0,0,2857847,0
2768011,7724,-2602,594,467,76,284,5589,110,-136,-10,32,19385,63,33,79,16,0,0,0,0,0,0,0,-32286,0,0,0,0,0,2857852,0
2768016,7526,-2712,640,670,203,260,5607,71,-146,6,24,19385,63,33,79,16,0,0,0,0,0,0,0,-32286,0,0,0,0,0,2857867,0
2768021,7482,-2750,474,846,161,217,5618,43,-132,0,24,19385,64,33,79,16,0,0,0,0,0,0,0,-32286,0,0,0,0,0,2857872,0
2768026,7326,-2666,258,997,117,193,5631,60,-101,-2,24,19385,64,33,79,16,0,0,0,0,0,0,0,-32286,0,0,0,0,0,2857887,0
2768031,7178,-2424,-72,1056,44,183,5646,74,-52,-2,32,19389,69,33,79,16,0,0,0,0,0,0,0,-32287,0,0,0,0,0,2857892,0
2768036,7028,-1802,-388,803,15,243,5659,51,-16,4,8,19389,69,33,79,16,0,0,0,0,0,0,0,-32287,0,0,0,0,0,2857907,0
2768041,7050,-1826,-466,649,2,261,5663,5,-18,5,-8,19390,73,33,79,16,0,0,0,0,0,0,0,-32286,0,0,0,0,0,2857912,0
2768046,7004,-1778,-438,620,-25,238,5661,-7,-53,2,-8,19390,73,33,79,16,0,0,0,0,0,0,0,-32286,0,0,0,0,0,2857926,0
2768051,7160,-1946,-314,709,-55,229,5662,0,-69,-1,0,19388,67,33,79,16,0,0,0,0,0,0,0,-32287,0,0,0,0,0,2857931,0
2768056,7030,-2030,-208,613,-112,304,5662,-2,-54,0,0,19388,67,33,79,16,0,0,0,0,0,0,0,-32286,0,0,0,0,0,2857946,0
2768061,7160,-1852,-124,491,-31,339,5662,6,-21,1,0,19387,75,33,79,16,0,0,0,0,0,0,0,-32287,0,0,0,0,0,2857951,0
2768066,7138,-1936,24,413,23,376,5662,6,1,0,0,19387,75,33,79,16,0,0,0,0,0,0,0,-32287,0,0,0,0,0,2857966,0
2768071,7108,-2222,96,424,30,393,5663,5,4,1,0,19383,73,33,79,16,0,0,0,0,0,0,0,-32286,0,0,0,0,0,2857971,0
2768076,7168,-2448,120,596,30,406,5665,12,6,0,8,19383,73,33,79,16,0,0,0,0,0,0,0,-32287,0,0,0,0,0,2857986,0
2768081,7208,-2320,78,632,62,424,5668,13,10,-2,8,19383,66,33,79,16,0,0,0,0,0,0,0,-32287,0,0,0,0,0,2857991,0
2768086,7282,-2214,60,617,86,432,5673,28,16,-2,16,19383,66,33,79,16,0,0,0,0,0,0,0,-32287,0,0,0,0,0,2858006,0
2768091,7352,-2120,0,605,96,427,5688,65,41,-3,40,19383,57,33,79,16,0,0,0,0,0,0,0,-32286,0,0,0,0,0,2858011,0
2768096,7592,-2142,-186,791,48,332,5716,135,88,-11,80,19383,57,33,79,16,0,0,0,0,0,0,0,-32286,0,0,0,0,0,2858026,0
2768101,7610,-2206,-292,885,-5,302,5758,179,135,-3,128,19384,54,33,79,16,0,0,0,0,0,0,0,-32286,0,0,0,0,0,2858031,0
2768106,7692,-1804,-270,961,-112,229,5815,253,185,-3,200,19384,54,33,79,16,0,0,0,0,0,0,0,-32286,0,0,0,0,0,2858046,0
2768111,8104,-1756,-422,985,-101,180,5885,310,172,7,288,19385,57,33,79,16,0,0,0,0,0,0,0,-32286,0,0,0,0,0,2858051,0
2768116,8364,-1604,-454,976,-167,87,5969,375,187,0,368,19385,57,33,79,16,0,0,0,0,0,0,0,-32286,0,0,0,0,0,2858065,0
2768121,8340,-1668,-350,940,-181,60,6059,403,169,-1,424,19386,58,33,79,16,0,0,0,0,0,0,0,-32286,0,0,0,0,0,2858070,0
2768126,8414,-1666,-278,887,-207,17,6154,423,172,-10,480,19386,58,33,79,16,0,0,0,0,0,0,0,-32286,0,0,0,0,0,2858085,0
2768131,8460,-1822,-164,836,-168,1,6248,413,127,-4,472,19388,65,33,79,16,0,0,0,0,0,0,0,-32286,0,0,0,0,0,2858090,0
2768136,8534,-1922,102,767,-146,-90,6347,432,73,-3,504,19388,65,33,79,16,0,0,0,0,0,0,0,-32286,0,0,0,0,0,2858105,0
2768141,8532,-2008,224,783,-116,-113,6452,457,51,-4,560,19391,67,33,79,16,0,0,0,0,0,0,0,-32286,0,0,0,0,0,2858110,0
2768146,8502,-2294,252,755,-65,-126,6556,456,43,4,544,19391,67,33,79,16,0,0,0,0,0,0,0,-32286,0,0,0,0,0,2858125,0
2768151,8420,-2442,308,733,-45,-161,6657,449,37,3,520,19391,62,33,79,16,0,0,0,0,0,0,0,-32286,0,0,0,0,0,2858130,0
2768156,8364,-2542,336,755,20,-244,6761,452,20,-2,536,19391,62,33,79,16,0,0,0,0,0,0,0,-32287,0,0,0,0,0,2858145,0
2768161,8386,-2704,348,840,34,-294,6869,475,11,-2,600,19391,58,33,79,16,0,0,0,0,0,0,0,-32286,0,0,0,0,0,2858150,0
2768166,8304,-2938,328,894,46,-321,6979,483,19,5,608,19391,58,33,79,16,0,0,0,0,0,0,0,-32286,0,0,0,0,0,2858165,0
2768171,8280,-2804,332,929,46,-354,7088,474,29,0,568,19388,65,33,79,16,0,0,0,0,0,0,0,-32286,0,0,0,0,0,2858170,0
2768176,8328,-2702,196,1019,126,-430,7199,494,25,-7,648,19388,65,33,79,16,0,0,0,0,0,0,0,-32286,0,0,0,0,0,2858185,0
2768181,8398,-2748,-34,1084,102,-457,7315,510,28,-3,704,19388,65,33,79,16,0,0,0,0,0,0,0,-32287,0,0,0,0,0,2858190,0
2768186,8438,-2876,-148,1176,106,-490,7433,519,34,14,680,19388,65,33,79,16,0,0,0,0,0,0,0,-32286,0,0,0,0,0,2858205,0
2768191,8504,-2520,-212,1261,96,-523,7553,526,39,7,696,19386,65,33,79,16,0,0,0,0,0,0,0,-32286,0,0,0,0,0,2858210,0
2768196,8766,-1998,-352,1353,107,-593,7674,529,38,3,704,19386,65,33,79,16,0,0,0,0,0,0,0,-32286,0,0,0,0,0,2858225,0
2768201,8920,-1836,-492,1386,120,-613,7800,553,36,2,768,19385,71,33,79,16,0,0,0,0,0,0,0,-32287,0,0,0,0,0,2858230,0
2768206,8926,-1664,-656,1376,126,-621,7924,538,24,10,720,19385,71,33,79,16,0,0,0,0,0,0,0,-32287,0,0,0,0,0,2858245,0
2768211,8962,-1360,-730,1314,129,-634,8047,537,22,0,704,19386,70,33,79,16,0,0,0,0,0,0,0,-32286,0,0,0,0,0,2858250,0
2768216,8924,-1318,-1004,1098,65,-615,8168,536,1,0,704,19386,70,33,79,16,0,0,0,0,0,0,0,-32286,0,0,0,0,0,2858265,0
2768221,9156,-1428,-950,1063,44,-601,8288,527,-8,2,664,19385,67,33,79,16,0,0,0,0,0,0,0,-32287,0,0,0,0,0,2858270,0
2768226,9270,-1586,-780,1009,24,-588,8404,509,-27,3,608,19385,67,33,79,16,0,0,0,0,0,0,0,-32286,0,0,0,0,0,2858285,0
2768231,9390,-1856,-678,959,4,-576,8513,478,-37,0,536,19385,69,33,79,16,0,0,0,0,0,0,0,-32286,0,0,0,0,0,2858290,0
2768236,9710,-2184,-400,861,82,-501,8615,443,-55,-5,456,19385,69,33,79,16,0,0,0,0,0,0,0,-32286,0,0,0,0,0,2858306,0
2768241,9708,-2434,-268,813,103,-458,8711,413,-86,-4,416,19385,73,33,79,16,0,0,0,0,0,0,0,-32286,0,0,0,0,0,2858312,0
2768246,9686,-2654,-188,735,108,-410,8800,376,-95,9,320,19385,73,33,79,16,0,0,0,0,0,0,0,-32286,0,0,0,0,0,2858327,0
2768251,9658,-2578,-186,648,145,-373,8880,339,-109,17,224,19387,73,33,79,16,0,0,0,0,0,0,0,-32286,0,0,0,0,0,2858332,0
2768256,9246,-2876,-416,478,4,-231,8947,287,-119,10,144,19387,73,33,79,16,0,0,0,0,0,0,0,-32286,0,0,0,0,0,2858347,0
2768261,9420,-2702,-80,411,-27,-203,9001,235,-146,-4,104,19386,67,33,79,16,0,0,0,0,0,0,0,-32287,0,0,0,0,0,2858352,0
2768266,9552,-2582,158,311,-5,-147,9043,181,-169,-10,72,19386,67,33,79,16,0,0,0,0,0,0,0,-32287,0,0,0,0,0,2858367,0
2768271,9406,-2350,432,175,-25,-77,9078,143,-171,-4,40,19386,65,33,79,16,0,0,0,0,0,0,0,-32286,0,0,0,0,0,2858372,0
2768276,9232,-1942,794,-72,-52,-19,9099,92,-173,-1,32,19386,65,33,79,16,0,0,0,0,0,0,0,-32287,0,0,0,0,0,2858387,0
2768281,9262,-1830,848,-134,-43,20,9121,96,-145,0,32,19387,66,33,79,16,0,0,0,0,0,0,0,-32286,0,0,0,0,0,2858392,0
2768286,9072,-1602,1030,-223,-52,51,9136,58,-121,5,8,19387,66,33,79,16,0,0,0,0,0,0,0,-32286,0,0,0,0,0,2858407,0
2768291,9004,-1508,1064,-218,-137,8,9139,7,-107,6,-8,19388,63,33,79,16,0,0,0,0,0,0,0,-32286,0,0,0,0,0,2858412,0
2768296,9284,-1332,1162,-157,-166,-123,9137,-1,-100,0,-8,19388,63,33,79,16,0,0,0,0,0,0,0,-32286,0,0,0,0,0,2858427,0
2768301,9282,-1174,1206,-237,-126,-192,9138,2,-92,1,-8,19388,56,33,79,16,0,0,0,0,0,0,0,-32287,0,0,0,0,0,2858432,0
2768306,9440,-1178,1146,-347,-61,-267,9137,-2,-71,0,0,19388,56,33,79,16,0,0,0,0,0,0,0,-32287,0,0,0,0,0,2858447,0
2768311,9486,-1410,1134,-457,-1,-341,9137,-4,-27,0,-8,19388,57,33,79,16,0,0,0,0,0,0,0,-32286,0,0,0,0,0,2858452,0
2768316,9530,-2326,976,-621,117,-479,9137,-7,-3,0,-8,19388,57,33,79,16,0,0,0,0,0,0,0,-32286,0,0,0,0,0,2858467,0
2768321,9610,-2682,984,-699,210,-535,9138,-1,1,0,-8,19389,57,33,79,16,0,0,0,0,0,0,0,-32287,0,0,0,0,0,2858472,0
2768326,9624,-3144,1106,-760,300,-598,9137,-4,2,1,0,19389,57,33,79,16,0,0,0,0,0,0,0,-32286,0,0,0,0,0,2858487,0
2768331,9532,-3780,1236,-805,407,-615,9136,-5,-3,0,-8,19389,57,33,79,16,0,0,0,0,0,0,0,-32286,0,0,0,0,0,2858492,0
2768336,8830,-4978,1190,-942,496,-572,9136,0,-4,0,-8,19389,57,33,79,16,0,0,0,0,0,0,0,-32286,0,0,0,0,0,2858507,0
2768341,8402,-5394,1202,-1030,570,-517,9135,-2,-3,0,-8,19387,57,33,79,16,0,0,0,0,0,0,0,-32286,0,0,0,0,0,2858512,0
2768346,7886,-5740,1236,-1123,589,-462,9135,0,1,0,-8,19387,57,33,79,16,0,0,0,0,0,0,0,-32287,0,0,0,0,0,2858527,0
2768351,7640,-6160,1280,-1162,590,-418,9133,-2,-1,0,-8,19388,59,33,79,16,0,0,0,0,0,0,0,-32286,0,0,0,0,0,2858532,0
2768356,6428,-6772,1214,-1047,507,-318,9134,-4,1,0,-8,19388,59,33,79,16,0,0,0,0,0,0,0,-32286,0,0,0,0,0,2858547,0
2768361,6042,-6974,1228,-1045,450,-267,9132,-11,-3,0,-8,19388,59,33,79,16,0,0,0,0,0,0,0,-32287,0,0,0,0,0,2858552,0
2768366,5428,-7132,1218,-1033,388,-209,9132,-2,3,0,-8,19388,59,33,79,16,0,0,0,0,0,0,0,-32287,0,0,0,0,0,2858567,0
2768371,4928,-7354,1210,-956,288,-157,9132,-1,-4,0,-8,19390,61,33,79,16,0,0,0,0,0,0,0,-32287,0,0,0,0,0,2858572,0
2768376,5480,-5720,2164,497,-49,-746,9128,-14,-3,3,-32,19390,61,33,79,16,0,0,0,0,0,0,0,-32286,0,0,0,0,0,2858587,0
2768381,5820,-8122,2106,1752,-233,-845,9107,-104,-36,11,-64,19390,69,33,79,16,0,0,0,0,0,0,0,-32286,0,0,0,0,0,2858592,0
2768386,4220,-6746,1564,2165,-940,-916,9073,-157,-101,9,-120,19390,69,33,79,16,0,0,0,0,0,0,0,-32287,0,0,0,0,0,2858607,0
2768391,7076,-4894,1946,1619,-459,-859,9008,-306,-191,20,-336,19388,72,33,79,16,0,0,0,0,0,0,0,-32286,0,0,0,0,0,2858612,0
2768396,5146,-5160,1176,-97,26,-630,8908,-460,-301,34,-704,19388,72,33,79,16,0,0,0,0,0,0,0,-32287,0,0,0,0,0,2858627,0
2768401,4654,-6388,1692,-195,148,-517,8768,-643,-418,42,-1224,19388,70,33,79,16,0,0,0,0,0,0,0,-32286,0,0,0,0,0,2858632,0
2768406,4280,-7734,1870,72,118,-403,8583,-831,-517,2,-1608,19388,70,33,79,16,0,0,0,0,0,0,0,-32286,0,0,0,0,0,2858647,0
2768411,4334,-7988,2226,302,242,-224,8356,-1015,-596,2,-2016,19387,56,33,79,16,0,0,0,0,0,0,0,-32286,0,0,0,0,0,2858651,0
2768416,3848,-7744,1928,250,350,202,8091,-1183,-630,-2,-2352,19387,56,33,79,16,0,0,0,0,0,0,0,-32286,0,0,0,0,0,2858666,0
2768421,4104,-7642,1722,255,373,405,7792,-1338,-621,-5,-2656,19388,49,33,79,16,0,0,0,0,0,0,0,-32287,0,0,0,0,0,2858671,0
2768426,4212,-7058,1468,297,348,544,7458,-1474,-588,-6,-2928,19388,49,33,79,16,0,0,0,0,0,0,0,-32287,0,0,0,0,0,2858686,0
2768431,4774,-6556,1260,326,318,671,7098,-1598,-539,-9,-3168,19387,55,33,79,16,0,0,0,0,0,0,0,-32286,0,0,0,0,0,2858691,0
2768436,5614,-5162,748,193,163,861,6715,-1697,-486,-6,-3384,19387,55,33,79,16,0,0,0,0,0,0,0,-32287,0,0,0,0,0,2858706,0
2768441,6178,-4566,560,5,71,959,6313,-1777,-424,0,-3560,19387,65,33,79,16,0,0,0,0,0,0,0,-32287,0,0,0,0,0,2858711,0
2768446,6674,-4124,532,-143,-18,1015,5892,-1851,-360,0,-3712,19387,65,33,79,16,0,0,0,0,0,0,0,-32286,0,0,0,0,0,2858726,0
2768451,7190,-3704,592,-251,-130,1032,5458,-1912,-309,-3,-3840,19386,68,33,79,16,0,0,0,0,0,0,0,-32286,0,0,0,0,0,2858731,0
2768456,8162,-3034,570,-572,-356,1091,5009,-1974,-267,-9,-3952,19386,68,33,79,16,0,0,0,0,0,0,0,-32286,0,0,0,0,0,2858746,0
2768461,8734,-2818,778,-753,-379,1091,4549,-2028,-228,-14,-4040,19389,88,33,79,16,0,0,0,0,0,0,0,-32286,0,0,0,0,0,2858751,0
2768466,8996,-2440,1060,-857,-425,1050,4088,-2040,-194,-17,-4008,19389,88,33,79,16,0,0,0,0,0,0,0,-32287,0,0,0,0,0,2858766,0
2768471,9308,-2278,1180,-937,-505,982,3628,-2022,-133,-20,-3936,19390,86,33,79,16,0,0,0,0,0,0,0,-32286,0,0,0,0,0,2858771,0
2768476,10142,-1904,1392,-911,-608,759,3177,-1975,-53,-12,-3808,19390,86,33,79,16,0,0,0,0,0,0,0,-32287,0,0,0,0,0,2858786,0
2768481,10294,-1668,1804,-777,-653,603,2742,-1912,37,0,-3680,19389,92,33,79,16,0,0,0,0,0,0,0,-32287,0,0,0,0,0,2858791,0
2768486,10492,-1502,1972,-689,-682,460,2322,-1837,129,6,-3560,19389,92,33,79,16,0,0,0,0,0,0,0,-32287,0,0,0,0,0,2858806,0
2768491,10516,-1372,1778,-729,-653,354,1919,-1764,197,3,-3416,19385,73,33,79,16,0,0,0,0,0,0,0,-32286,0,0,0,0,0,2858811,0
2768496,10352,-1314,2258,-961,-279,189,1527,-1715,224,-2,-3312,19385,73,33,79,16,0,0,0,0,0,0,0,-32286,0,0,0,0,0,2858826,0
2768501,10162,-1724,2620,-956,-87,99,1146,-1670,215,-7,-3208,19384,81,33,79,16,0,0,0,0,0,0,0,-32286,0,0,0,0,0,2858831,0
2768506,9814,-2180,2648,-916,96,55,774,-1627,191,-12,-3080,19384,81,33,79,16,0,0,0,0,0,0,0,-32286,0,0,0,0,0,2858846,0
2768511,9532,-2426,2570,-817,277,24,413,-1593,171,-13,-2976,19384,79,33,79,16,0,0,0,0,0,0,0,-32286,0,0,0,0,0,2858851,0
2768516,8820,-2656,2380,-870,725,41,63,-1536,153,-10,-2824,19384,79,33,79,16,0,0,0,0,0,0,0,-32286,0,0,0,0,0,2858866,0
2768521,8282,-2682,2256,-948,917,65,-275,-1477,161,-9,-2696,19385,81,33,79,16,0,0,0,0,0,0,0,-32286,0,0,0,0,0,2858870,0
2768526,7864,-2974,1902,-980,1039,103,-601,-1422,175,-5,-2568,19385,81,33,79,16,0,0,0,0,0,0,0,-32287,0,0,0,0,0,2858885,0
2768531,7522,-3212,1542,-945,1051,145,-907,-1347,186,1,-2416,19386,83,33,79,16,0,0,0,0,0,0,0,-32287,0,0,0,0,0,2858890,0
2768536,6850,-2966,1040,-886,1130,236,-1201,-1274,213,0,-2272,19386,83,33,79,16,0,0,0,0,0,0,0,-32286,0,0,0,0,0,2858905,0
2768541,6718,-2828,712,-913,1162,271,-1476,-1208,232,0,-2128,19385,82,33,79,16,0,0,0,0,0,0,0,-32286,0,0,0,0,0,2858910,0
2768546,6518,-2696,670,-983,1134,302,-1736,-1136,237,-2,-1992,19385,82,33,79,16,0,0,0,0,0,0,0,-32286,0,0,0,0,0,2858925,0
2768551,6530,-2562,324,-1013,1085,304,-1980,-1063,249,2,-1840,19385,77,33,79,16,0,0,0,0,0,0,0,-32286,0,0,0,0,0,2858930,0
2768556,6466,-2360,234,-959,923,292,-2209,-1006,244,2,-1712,19385,77,33,79,16,0,0,0,0,0,0,0,-32287,0,0,0,0,0,2858945,0
2768561,6498,-2222,276,-952,829,249,-2424,-943,234,-4,-1576,19385,71,33,79,16,0,0,0,0,0,0,0,-32286,0,0,0,0,0,2858950,0
2768566,6712,-2138,294,-958,787,235,-2626,-888,224,-1,-1456,19385,71,33,79,16,0,0,0,0,0,0,0,-32287,0,0,0,0,0,2858965,0
2768571,6702,-2042,346,-1026,741,228,-2818,-841,208,-1,-1352,19388,79,33,79,16,0,0,0,0,0,0,0,-32286,0,0,0,0,0,2858970,0
2768576,6918,-2024,600,-1170,766,205,-2999,-786,192,-4,-1224,19388,79,33,79,16,0,0,0,0,0,0,0,-32287,0,0,0,0,0,2858985,0
2768581,6892,-2062,890,-1181,767,176,-3168,-742,180,-3,-1128,19390,70,33,79,16,0,0,0,0,0,0,0,-32286,0,0,0,0,0,2858990,0
2768586,7016,-2228,974,-1145,781,160,-3325,-683,172,-3,-1000,19390,70,33,79,16,0,0,0,0,0,0,0,-32287,0,0,0,0,0,2859005,0
2768591,7040,-2176,1126,-1154,811,156,-3469,-633,179,-3,-880,19390,65,33,79,16,0,0,0,0,0,0,0,-32286,0,0,0,0,0,2859009,0
2768596,7118,-2316,1314,-1227,938,177,-3605,-595,182,2,-808,19390,65,33,79,16,0,0,0,0,0,0,0,-32286,0,0,0,0,0,2859024,0
2768601,7066,-2048,1464,-1262,970,148,-3725,-531,171,0,-600,19387,60,33,79,16,0,0,0,0,0,0,0,-32286,0,0,0,0,0,2859029,0
2768606,7176,-2314,1388,-1189,968,113,-3833,-458,184,0,-432,19387,60,33,79,16,0,0,0,0,0,0,0,-32286,0,0,0,0,0,2859044,0
2768611,6998,-2364,1236,-1133,938,126,-3931,-418,189,12,-392,19387,69,33,79,16,0,0,0,0,0,0,0,-32286,0,0,0,0,0,2859049,0
2768616,6740,-2410,1142,-996,910,158,-4019,-384,184,-1,-320,19387,69,33,79,16,0,0,0,0,0,0,0,-32286,0,0,0,0,0,2859064,0
2768621,6680,-1866,1332,-967,955,128,-4098,-349,172,-7,-264,19388,70,33,79,16,0,0,0,0,0,0,0,-32286,0,0,0,0,0,2859069,0
2768626,6582,-1696,1182,-1019,977,110,-4162,-273,165,-12,-136,19388,70,33,79,16,0,0,0,0,0,0,0,-32287,0,0,0,0,0,2859084,0
2768631,6352,-1700,862,-1092,961,108,-4212,-211,166,6,-80,19388,60,33,79,16,0,0,0,0,0,0,0,-32286,0,0,0,0,0,2859089,0
2768636,5880,-1822,398,-1084,840,82,-4251,-166,184,10,-48,19388,60,33,79,16,0,0,0,0,0,0,0,-32286,0,0,0,0,0,2859104,0
2768641,5810,-1956,344,-1047,794,97,-4275,-100,204,4,-48,19386,63,33,79,16,0,0,0,0,0,0,0,-32286,0,0,0,0,0,2859109,0
2768646,5482,-1774,456,-1059,743,99,-4299,-101,187,3,-40,19386,63,33,79,16,0,0,0,0,0,0,0,-32286,0,0,0,0,0,2859124,0
2768651,5478,-1794,352,-1063,671,70,-4315,-68,145,-6,-24,19387,69,33,79,16,0,0,0,0,0,0,0,-32287,0,0,0,0,0,2859129,0
2768656,5220,-1974,314,-1012,604,34,-4321,-24,118,-4,-8,19387,69,33,79,16,0,0,0,0,0,0,0,-32286,0,0,0,0,0,2859144,0
2768661,5144,-2054,334,-982,580,56,-4321,-2,111,-2,0,19386,74,33,79,16,0,0,0,0,0,0,0,-32286,0,0,0,0,0,2859149,0
2768666,5054,-2032,360,-986,555,62,-4320,0,96,2,-8,19386,74,33,79,16,0,0,0,0,0,0,0,-32287,0,0,0,0,0,2859164,0
2768671,5040,-2112,396,-1012,548,74,-4320,5,81,1,0,19389,67,33,79,16,0,0,0,0,0,0,0,-32286,0,0,0,0,0,2859169,0
2768676,5142,-2206,462,-977,532,94,-4321,0,40,2,0,19389,67,33,79,16,0,0,0,0,0,0,0,-32286,0,0,0,0,0,2859184,0
2768681,5156,-2234,546,-952,506,89,-4321,3,10,2,-8,19389,64,33,79,16,0,0,0,0,0,0,0,-32287,0,0,0,0,0,2859189,0
2768686,5254,-2270,568,-941,487,98,-4320,-1,1,1,0,19389,64,33,79,16,0,0,0,0,0,0,0,-32287,0,0,0,0,0,2859204,0
2768691,5354,-2278,574,-940,511,115,-4321,4,4,1,0,19387,63,33,79,16,0,0,0,0,0,0,0,-32286,0,0,0,0,0,2859209,0
2768696,5550,-2284,650,-941,514,151,-4320,2,3,0,-8,19387,63,33,79,16,0,0,0,0,0,0,0,-32287,0,0,0,0,0,2859224,0
2768701,5618,-2276,672,-921,513,151,-4320,-4,2,-1,0,19385,66,33,79,16,0,0,0,0,0,0,0,-32286,0,0,0,0,0,2859229,0
2768706,5732,-2260,674,-891,509,146,-4318,8,1,0,0,19385,66,33,79,16,0,0,0,0,0,0,0,-32287,0,0,0,0,0,2859244,0
2768711,5958,-2278,632,-852,508,143,-4317,8,6,1,0,19384,64,33,79,16,0,0,0,0,0,0,0,-32286,0,0,0,0,0,2859248,0
2768716,6296,-2256,610,-786,465,115,-4316,8,4,2,0,19384,64,33,79,16,0,0,0,0,0,0,0,-32286,0,0,0,0,0,2859263,0
2768721,6390,-2146,624,-755,425,89,-4314,10,4,2,0,19386,64,33,79,16,0,0,0,0,0,0,0,-32287,0,0,0,0,0,2859268,0
2768726,6528,-2192,642,-729,378,81,-4316,-4,-1,3,0,19386,64,33,79,16,0,0,0,0,0,0,0,-32287,0,0,0,0,0,2859283,0
2768731,6654,-2140,570,-727,333,86,-4314,-1,-1,1,-8,19384,65,33,79,16,0,0,0,0,0,0,0,-32286,0,0,0,0,0,2859288,0
2768736,6734,-2028,486,-854,298,96,-4314,7,-5,0,0,19384,65,33,79,16,0,0,0,0,0,0,0,-32286,0,0,0,0,0,2859303,0
2768741,6872,-2080,540,-808,262,104,-4313,5,1,0,0,19385,69,33,79,16,0,0,0,0,0,0,0,-32287,0,0,0,0,0,2859308,0
2768746,6764,-2124,492,-808,174,91,-4311,13,3,0,0,19385,69,33,79,16,0,0,0,0,0,0,0,-32287,0,0,0,0,0,2859323,0
2768751,6918,-2082,456,-755,81,71,-4308,15,10,0,8,19385,72,33,79,16,0,0,0,0,0,0,0,-32286,0,0,0,0,0,2859328,0
2768756,7016,-2002,572,-750,-9,75,-4305,7,15,1,0,19385,72,33,79,16,0,0,0,0,0,0,0,-32286,0,0,0,0,0,2859343,0
2768761,7072,-2024,658,-805,-46,75,-4302,12,3,2,0,19385,70,33,79,16,0,0,0,0,0,0,0,-32286,0,0,0,0,0,2859348,0
2768766,7112,-2070,726,-846,-71,89,-4302,1,-1,3,0,19385,70,33,79,16,0,0,0,0,0,0,0,-32287,0,0,0,0,0,2859363,0
2768771,7216,-2244,814,-846,-77,94,-4301,7,-5,1,0,19387,69,33,79,16,0,0,0,0,0,0,0,-32287,0,0,0,0,0,2859368,0
2768776,7346,-2340,1108,-798,-88,108,-4301,1,-8,0,0,19387,69,33,79,16,0,0,0,0,0,0,0,-32287,0,0,0,0,0,2859383,0
2768781,7478,-2414,1232,-788,-77,109,-4300,3,-5,0,0,19388,70,33,79,16,0,0,0,0,0,0,0,-32286,0,0,0,0,0,2859387,0
2768786,7612,-2498,1278,-800,-52,120,-4299,3,-2,0,0,19388,70,33,79,16,0,0,0,0,0,0,0,-32287,0,0,0,0,0,2859402,0
2768791,7768,-2576,1358,-807,-30,141,-4297,9,5,0,0,19387,69,33,79,16,0,0,0,0,0,0,0,-32287,0,0,0,0,0,2859407,0
2768796,8134,-2620,1446,-818,23,149,-4296,3,2,0,0,19387,69,33,79,16,0,0,0,0,0,0,0,-32287,0,0,0,0,0,2859422,0
2768801,8308,-2704,1476,-801,53,138,-4295,0,1,0,-8,19388,66,33,79,16,0,0,0,0,0,0,0,-32287,0,0,0,0,0,2859427,0
2768806,8478,-2658,1496,-767,78,145,-4295,-4,2,1,0,19388,66,33,79,16,0,0,0,0,0,0,0,-32286,0,0,0,0,0,2859442,0
2768811,8690,-2608,1522,-760,91,121,-4296,0,-6,2,0,19387,65,33,79,16,0,0,0,0,0,0,0,-32286,0,0,0,0,0,2859447,0
2768816,9086,-2504,1462,-753,120,79,-4296,1,-4,2,-8,19387,65,33,79,16,0,0,0,0,0,0,0,-32287,0,0,0,0,0,2859462,0
2768821,9270,-2480,1490,-751,125,48,-4294,6,-4,1,0,19388,72,33,79,16,0,0,0,0,0,0,0,-32287,0,0,0,0,0,2859467,0
2768826,9374,-2434,1500,-761,140,21,-4295,0,3,1,-8,19388,72,33,79,16,0,0,0,0,0,0,0,-32287,0,0,0,0,0,2859482,0
2768831,9518,-2404,1512,-771,177,-6,-4296,-5,4,1,-8,19387,71,33,79,16,0,0,0,0,0,0,0,-32286,0,0,0,0,0,2859487,0
2768836,9582,-2352,1590,-817,234,-67,-4296,-3,-3,1,0,19387,71,33,79,16,0,0,0,0,0,0,0,-32286,0,0,0,0,0,2859502,0
2768841,9642,-2396,1626,-822,263,-108,-4298,-10,-2,1,-8,19386,69,33,79,16,0,0,0,0,0,0,0,-32287,0,0,0,0,0,2859507,0
2768846,9684,-2384,1702,-791,316,-128,-4294,2,4,0,-8,19386,69,33,79,16,0,0,0,0,0,0,0,-32287,0,0,0,0,0,2859522,0
2768851,9568,-2352,1836,-767,349,-159,-4295,1,4,0,-8,19387,64,33,79,16,0,0,0,0,0,0,0,-32287,0,0,0,0,0,2859527,0
2768856,9560,-2200,1966,-666,484,-203,-4296,-2,8,0,0,19387,64,33,79,16,0,0,0,0,0,0,0,-32287,0,0,0,0,0,2859542,0
2768861,9488,-2066,2028,-635,540,-234,-4295,-2,-5,0,0,19387,58,33,79,16,0,0,0,0,0,0,0,-32287,0,0,0,0,0,2859547,0
2768866,9484,-1980,2070,-597,643,-255,-4296,-2,2,1,0,19387,58,33,79,16,0,0,0,0,0,0,0,-32287,0,0,0,0,0,2859562,0
2768871,9466,-1838,2110,-572,735,-267,-4295,4,3,1,0,19388,66,33,79,16,0,0,0,0,0,0,0,-32287,0,0,0,0,0,2859567,0
2768876,9286,-1310,1932,-665,903,-287,-4296,-13,1,2,-8,19388,66,33,79,16,0,0,0,0,0,0,0,-32286,0,0,0,0,0,2859582,0
2768881,9160,-1108,1764,-766,971,-287,-4294,6,-1,1,0,19391,73,33,79,16,0,0,0,0,0,0,0,-32287,0,0,0,0,0,2859587,0
2768886,9026,-1000,1688,-822,989,-306,-4295,-3,1,0,0,19391,73,33,79,16,0,0,0,0,0,0,0,-32286,0,0,0,0,0,2859602,0
2768891,9066,-852,1590,-827,984,-311,-4293,5,1,0,0,19391,73,33,79,16,0,0,0,0,0,0,0,-32287,0,0,0,0,0,2859607,0
2768896,9218,-650,1708,-908,946,-357,-4294,5,-4,0,0,19391,73,33,79,16,0,0,0,0,0,0,0,-32287,0,0,0,0,0,2859622,0
2768901,9366,-790,1666,-1080,892,-343,-4293,8,8,0,0,19390,69,33,79,16,0,0,0,0,0,0,0,-32287,0,0,0,0,0,2859627,0
2768906,9776,-1242,1828,-1272,856,-317,-4290,17,5,-1,8,19390,69,33,79,16,0,0,0,0,0,0,0,-32286,0,0,0,0,0,2859642,0
2768911,10280,-1790,2090,-1477,868,-264,-4283,29,19,0,8,19387,70,33,79,16,0,0,0,0,0,0,0,-32287,0,0,0,0,0,2859647,0
2768916,11226,-3190,2794,-1994,1069,-37,-4274,46,30,-2,24,19387,70,33,79,16,0,0,0,0,0,0,0,-32287,0,0,0,0,0,2859662,0
2768921,11824,-3684,3110,-2154,1182,-4,-4248,115,54,-7,64,19386,76,33,79,16,0,0,0,0,0,0,0,-32286,0,0,0,0,0,2859667,0
2768926,12546,-4362,3186,-2071,1275,-2,-4198,246,124,-18,216,19386,76,33,79,16,0,0,0,0,0,0,0,-32287,0,0,0,0,0,2859682,0
2768931,12788,-5214,2854,-1968,1201,-35,-4117,380,236,-12,464,19385,69,33,79,16,0,0,0,0,0,0,0,-32286,0,0,0,0,0,2859687,0
2768936,13550,-6086,1904,-1447,912,-188,-4002,517,348,-29,832,19385,69,33,79,16,0,0,0,0,0,0,0,-32286,0,0,0,0,0,2859702,0
2768941,13116,-6108,1852,-1347,864,-252,-3864,615,425,-9,1064,19385,67,33,79,16,0,0,0,0,0,0,0,-32287,0,0,0,0,0,2859707,0
2768946,12934,-6026,1684,-1206,815,-337,-3702,729,440,9,1296,19385,67,33,79,16,0,0,0,0,0,0,0,-32287,0,0,0,0,0,2859722,0
2768951,12272,-5982,1652,-1075,813,-436,-3518,821,400,4,1416,19384,66,33,79,16,0,0,0,0,0,0,0,-32286,0,0,0,0,0,2859727,0
2768956,10530,-6596,1468,-923,871,-524,-3321,878,355,12,1568,19384,66,33,79,16,0,0,0,0,0,0,0,-32287,0,0,0,0,0,2859742,0
2768961,9502,-6952,1554,-807,886,-559,-3108,933,303,1,1648,19384,70,33,79,16,0,0,0,0,0,0,0,-32287,0,0,0,0,0,2859747,0
2768966,8382,-7510,1296,-658,820,-577,-2889,961,248,4,1704,19384,70,33,79,16,0,0,0,0,0,0,0,-32287,0,0,0,0,0,2859762,0
2768971,7440,-7920,1110,-462,690,-591,-2665,992,188,3,1768,19385,70,33,79,16,0,0,0,0,0,0,0,-32286,0,0,0,0,0,2859767,0
2768976,5716,-8346,786,-53,363,-562,-2438,993,125,4,1768,19385,70,33,79,16,0,0,0,0,0,0,0,-32287,0,0,0,0,0,2859782,0
2768981,5042,-8310,614,80,209,-519,-2212,1000,79,-2,1768,19385,74,33,79,16,0,0,0,0,0,0,0,-32286,0,0,0,0,0,2859787,0
2768986,4642,-8148,574,169,128,-420,-1989,984,37,1,1736,19385,74,33,79,16,0,0,0,0,0,0,0,-32287,0,0,0,0,0,2859802,0
2768991,3724,-8250,1236,268,25,-343,-1767,974,2,6,1712,19387,69,33,79,16,0,0,0,0,0,0,0,-32287,0,0,0,0,0,2859806,0
2768996,3586,-8014,314,622,-283,-171,-1548,958,-20,3,1672,19387,69,33,79,16,0,0,0,0,0,0,0,-32287,0,0,0,0,0,2859821,0
2769001,3194,-7200,572,734,-346,-143,-1334,945,-35,0,1640,19385,73,33,79,16,0,0,0,0,0,0,0,-32286,0,0,0,0,0,2859826,0
2769006,3566,-6910,620,792,-284,-76,-1166,923,-49,5,1560,19385,73,33,79,16,0,0,0,0,0,0,0,-32287,0,0,0,0,0,2859841,0
2769011,3212,-6046,592,793,-285,-37,-962,892,-68,9,1488,19384,73,33,79,16,0,0,0,0,0,0,0,-32287,0,0,0,0,0,2859846,0
2769016,3052,-5566,18,828,-322,49,-759,880,-66,5,1456,19384,73,33,79,16,0,0,0,0,0,0,0,-32287,0,0,0,0,0,2859861,0
2769021,3020,-5160,-122,891,-420,64,-565,848,-76,4,1384,19383,75,33,79,16,0,0,0,0,0,0,0,-32287,0,0,0,0,0,2859866,0
2769026,3154,-4634,-150,921,-457,92,-376,832,-85,0,1344,19383,75,33,79,16,0,0,0,0,0,0,0,-32287,0,0,0,0,0,2859881,0
2769031,3268,-4034,-144,866,-441,126,-197,786,-93,11,1224,19383,79,33,79,16,0,0,0,0,0,0,0,-32286,0,0,0,0,0,2859895,0
2769036,3608,-3144,-28,655,-312,128,-21,764,-97,0,1176,19383,79,33,79,16,0,0,0,0,0,0,0,-32287,0,0,0,0,0,2859901,0
2769041,3608,-3188,-10,597,-267,157,145,730,-106,0,1104,19386,68,33,79,16,0,0,0,0,0,0,0,-32287,0,0,0,0,0,2859906,0
2769046,3468,-3340,52,486,-244,196,307,701,-103,2,1056,19386,68,33,79,16,0,0,0,0,0,0,0,-32287,0,0,0,0,0,2859921,0
2769051,3544,-3258,36,429,-262,210,462,679,-99,-4,1008,19391,68,33,79,16,0,0,0,0,0,0,0,-32287,0,0,0,0,0,2859926,0
2769056,3810,-3252,-18,316,-302,261,613,663,-92,0,968,19391,68,33,79,16,0,0,0,0,0,0,0,-32287,0,0,0,0,0,2859940,0
2769061,3940,-3438,-12,191,-349,301,760,639,-83,-2,920,19392,59,33,79,16,0,0,0,0,0,0,0,-32286,0,0,0,0,0,2859945,0
2769066,4164,-3602,60,80,-399,319,901,613,-71,-4,880,19392,59,33,79,16,0,0,0,0,0,0,0,-32286,0,0,0,0,0,2859960,0
2769071,4504,-3900,194,45,-486,307,1039,615,-71,-6,880,19392,65,33,79,16,0,0,0,0,0,0,0,-32287,0,0,0,0,0,2859965,0
2769076,5188,-4794,406,108,-675,385,1172,581,-70,8,792,19392,65,33,79,16,0,0,0,0,0,0,0,-32286,0,0,0,0,0,2859980,0
2769081,5700,-4908,580,108,-727,421,1296,546,-75,1,704,19387,59,33,79,16,0,0,0,0,0,0,0,-32286,0,0,0,0,0,2859985,0
2769086,6208,-5176,694,115,-750,465,1415,521,-80,-10,648,19387,59,33,79,16,0,0,0,0,0,0,0,-32287,0,0,0,0,0,2860000,0
2769091,6460,-5450,836,66,-779,551,1527,485,-95,-6,552,19387,69,33,79,16,0,0,0,0,0,0,0,-32287,0,0,0,0,0,2860005,0
2769096,7140,-5614,846,-37,-802,625,1627,432,-115,-1,432,19387,69,33,79,16,0,0,0,0,0,0,0,-32287,0,0,0,0,0,2860020,0
2769101,7228,-5396,802,0,-837,609,1719,391,-128,-2,368,19387,58,33,79,16,0,0,0,0,0,0,0,-32287,0,0,0,0,0,2860025,0
2769106,7384,-5416,536,41,-833,617,1802,374,-133,2,328,19387,58,33,79,16,0,0,0,0,0,0,0,-32287,0,0,0,0,0,2860040,0
2769111,7330,-5046,510,107,-833,553,1881,346,-165,7,280,19387,57,33,79,16,0,0,0,0,0,0,0,-32286,0,0,0,0,0,2860045,0
2769116,7414,-4512,78,238,-805,404,1950,297,-145,14,168,19387,57,33,79,16,0,0,0,0,0,0,0,-32287,0,0,0,0,0,2860060,0
2769121,7382,-4372,-198,231,-793,321,2008,250,-121,5,128,19387,55,33,79,16,0,0,0,0,0,0,0,-32287,0,0,0,0,0,2860065,0
2769126,7282,-4304,-406,185,-756,274,2058,208,-103,-7,88,19387,55,33,79,16,0,0,0,0,0,0,0,-32287,0,0,0,0,0,2860080,0
2769131,6972,-3908,-352,157,-763,137,2100,179,-121,-2,64,19389,63,33,79,16,0,0,0,0,0,0,0,-32286,0,0,0,0,0,2860085,0
2769136,6764,-3986,-300,238,-783,-62,2135,155,-139,-6,72,19389,63,33,79,16,0,0,0,0,0,0,0,-32287,0,0,0,0,0,2860100,0
2769141,6744,-4406,-308,282,-804,-103,2172,159,-110,-1,64,19389,62,33,79,16,0,0,0,0,0,0,0,-32286,0,0,0,0,0,2860105,0
2769146,6346,-4346,-230,334,-942,-179,2206,158,-72,0,72,19389,62,33,79,16,0,0,0,0,0,0,0,-32286,0,0,0,0,0,2860120,0
2769151,6322,-4754,-464,403,-1039,-191,2241,148,-32,2,72,19388,66,33,79,16,0,0,0,0,0,0,0,-32286,0,0,0,0,0,2860125,0
2769156,5978,-4712,-396,520,-1251,-229,2277,166,-11,-6,88,19388,66,33,79,16,0,0,0,0,0,0,0,-32287,0,0,0,0,0,2860140,0
2769161,5772,-4584,-344,474,-1343,-224,2316,170,4,1,80,19387,70,33,79,16,0,0,0,0,0,0,0,-32286,0,0,0,0,0,2860145,0
2769166,6026,-4668,-246,474,-1367,-194,2354,168,11,0,64,19387,70,33,79,16,0,0,0,0,0,0,0,-32287,0,0,0,0,0,2860159,0
2769171,5884,-4672,16,499,-1378,-178,2385,137,-1,-2,72,19386,69,33,79,16,0,0,0,0,0,0,0,-32287,0,0,0,0,0,2860164,0
2769176,6400,-4690,336,745,-1405,-156,2422,155,-7,-4,64,19386,69,33,79,16,0,0,0,0,0,0,0,-32287,0,0,0,0,0,2860179,0
2769181,6488,-4240,634,835,-1435,-179,2459,174,-15,-2,104,19385,78,33,79,16,0,0,0,0,0,0,0,-32286,0,0,0,0,0,2860184,0
2769186,6942,-4298,654,875,-1330,-120,2505,194,16,0,120,19385,78,33,79,16,0,0,0,0,0,0,0,-32287,0,0,0,0,0,2860199,0
2769191,6890,-3786,946,913,-1278,-128,2556,224,44,2,144,19386,67,33,79,16,0,0,0,0,0,0,0,-32286,0,0,0,0,0,2860204,0
2769196,7350,-3766,1118,1063,-1082,-105,2618,275,88,0,216,19386,67,33,79,16,0,0,0,0,0,0,0,-32287,0,0,0,0,0,2860219,0
2769201,7340,-3680,1078,1174,-1035,-106,2688,321,107,-2,288,19389,67,33,79,16,0,0,0,0,0,0,0,-32286,0,0,0,0,0,2860224,0
2769206,7454,-3466,1032,1307,-992,-127,2769,369,134,-1,360,19389,67,33,79,16,0,0,0,0,0,0,0,-32287,0,0,0,0,0,2860239,0
2769211,7598,-3384,918,1380,-922,-103,2857,387,140,-1,392,19391,57,33,79,16,0,0,0,0,0,0,0,-32286,0,0,0,0,0,2860244,0
2769216,7600,-3100,644,1402,-865,-118,2953,420,136,-11,480,19391,57,33,79,16,0,0,0,0,0,0,0,-32287,0,0,0,0,0,2860259,0
2769221,7518,-2922,526,1439,-858,-130,3054,450,126,-15,568,19391,58,33,79,16,0,0,0,0,0,0,0,-32286,0,0,0,0,0,2860264,0
2769226,7528,-2724,364,1491,-896,-146,3163,485,107,-10,672,19391,58,33,79,16,0,0,0,0,0,0,0,-32286,0,0,0,0,0,2860279,0
2769231,7490,-2752,236,1510,-901,-162,3277,512,101,0,728,19387,62,33,79,16,0,0,0,0,0,0,0,-32286,0,0,0,0,0,2860283,0
2769236,7262,-2806,-18,1411,-950,-117,3395,519,96,13,712,19387,62,33,79,16,0,0,0,0,0,0,0,-32286,0,0,0,0,0,2860300,0
2769241,7156,-2826,-102,1352,-960,-110,3514,521,80,12,688,19386,62,33,79,16,0,0,0,0,0,0,0,-32286,0,0,0,0,0,2860306,0
2769246,7066,-3010,-176,1333,-1001,-91,3635,530,56,4,712,19386,62,33,79,16,0,0,0,0,0,0,0,-32286,0,0,0,0,0,2860321,0
2769251,6940,-3190,-222,1362,-1040,-75,3759,534,34,7,712,19386,68,33,79,16,0,0,0,0,0,0,0,-32286,0,0,0,0,0,2860326,0
2769256,6786,-3242,-314,1355,-1148,-13,3878,522,18,11,656,19386,68,33,79,16,0,0,0,0,0,0,0,-32287,0,0,0,0,0,2860341,0
2769261,6832,-3030,-308,1288,-1152,13,3994,505,0,2,624,19385,65,33,79,16,0,0,0,0,0,0,0,-32286,0,0,0,0,0,2860346,0
2769266,6750,-3036,-332,1194,-1156,57,4110,509,-17,-9,640,19385,65,33,79,16,0,0,0,0,0,0,0,-32286,0,0,0,0,0,2860361,0
2769271,6982,-2840,-170,1025,-1066,125,4223,496,-34,0,608,19387,67,33,79,16,0,0,0,0,0,0,0,-32286,0,0,0,0,0,2860366,0
2769276,6886,-3628,-198,981,-1066,175,4329,469,-37,5,536,19387,67,33,79,16,0,0,0,0,0,0,0,-32287,0,0,0,0,0,2860381,0
2769281,6678,-3434,50,1143,-1109,160,4428,432,-58,-2,440,19390,67,33,79,16,0,0,0,0,0,0,0,-32286,0,0,0,0,0,2860386,0
2769286,7082,-3364,128,1274,-1098,176,4524,421,-67,-5,448,19390,67,33,79,16,0,0,0,0,0,0,0,-32286,0,0,0,0,0,2860401,0
2769291,7084,-3072,340,1271,-1021,200,4618,407,-81,0,416,19390,70,33,79,16,0,0,0,0,0,0,0,-32286,0,0,0,0,0,2860406,0
2769296,7210,-2990,390,1105,-857,253,4703,359,-73,16,296,19390,70,33,79,16,0,0,0,0,0,0,0,-32286,0,0,0,0,0,2860421,0
2769301,7412,-3110,362,1114,-775,259,4779,328,-81,15,232,19391,72,33,79,16,0,0,0,0,0,0,0,-32286,0,0,0,0,0,2860426,0
2769306,7436,-3034,434,1182,-731,246,4849,306,-93,12,192,19391,72,33,79,16,0,0,0,0,0,0,0,-32286,0,0,0,0,0,2860441,0
2769311,7554,-2948,454,1270,-722,199,4914,273,-109,0,152,19391,82,33,79,16,0,0,0,0,0,0,0,-32286,0,0,0,0,0,2860446,0
2769316,7930,-2764,308,1365,-610,192,4975,264,-99,1,136,19391,82,33,79,16,0,0,0,0,0,0,0,-32286,0,0,0,0,0,2860461,0
2769321,7916,-2598,370,1333,-569,190,5028,236,-88,-4,112,19390,85,33,79,16,0,0,0,0,0,0,0,-32286,0,0,0,0,0,2860466,0
2769326,7904,-2390,326,1271,-499,158,5073,204,-84,0,80,19390,85,33,79,16,0,0,0,0,0,0,0,-32286,0,0,0,0,0,2860481,0
2769331,8076,-2502,-64,1220,-523,203,5101,121,-112,-3,32,19388,84,33,79,16,0,0,0,0,0,0,0,-32286,0,0,0,0,0,2860486,0
2769336,7720,-2472,84,1108,-346,202,5123,84,-145,-6,32,19388,84,33,79,16,0,0,0,0,0,0,0,-32286,0,0,0,0,0,2860501,0
2769341,7706,-2604,46,1165,-327,202,5139,70,-157,1,16,19385,71,33,79,16,0,0,0,0,0,0,0,-32286,0,0,0,0,0,2860505,0
2769346,7598,-2384,34,1185,-342,193,5146,27,-142,3,0,19385,71,33,79,16,0,0,0,0,0,0,0,-32286,0,0,0,0,0,2860520,0
2769351,7708,-2258,-44,1167,-302,193,5147,7,-130,4,-8,19383,77,33,79,16,0,0,0,0,0,0,0,-32286,0,0,0,0,0,2860525,0
2769356,7696,-2138,-188,1150,-242,190,5144,-3,-101,0,0,19383,77,33,79,16,0,0,0,0,0,0,0,-32286,0,0,0,0,0,2860540,0
2769361,7616,-2006,-52,1150,-207,178,5144,6,-70,0,-8,19385,79,33,79,16,0,0,0,0,0,0,0,-32286,0,0,0,0,0,2860545,0
2769366,7604,-2074,-154,1150,-204,197,5144,4,-41,1,-8,19385,79,33,79,16,0,0,0,0,0,0,0,-32286,0,0,0,0,0,2860560,0
2769371,7552,-2126,-310,1134,-211,232,5144,-4,-10,1,0,19385,77,33,79,16,0,0,0,0,0,0,0,-32286,0,0,0,0,0,2860565,0
2769376,7386,-2098,-518,1066,-219,278,5145,0,-1,0,0,19385,77,33,79,16,0,0,0,0,0,0,0,-32286,0,0,0,0,0,2860580,0
2769381,7264,-2132,-552,1037,-233,312,5147,10,1,1,0,19385,72,33,79,16,0,0,0,0,0,0,0,-32286,0,0,0,0,0,2860585,0
2769386,7226,-2154,-586,966,-245,369,5148,12,8,0,8,19385,72,33,79,16,0,0,0,0,0,0,0,-32286,0,0,0,0,0,2860600,0
2769391,7164,-2040,-528,860,-229,385,5155,30,15,-2,16,19385,75,33,79,16,0,0,0,0,0,0,0,-32286,0,0,0,0,0,2860605,0
2769396,7322,-2098,-460,951,-145,366,5172,80,41,-5,48,19385,75,33,79,16,0,0,0,0,0,0,0,-32286,0,0,0,0,0,2860620,0
2769401,7220,-2166,-352,1139,-190,330,5208,159,98,-10,96,19387,73,33,79,16,0,0,0,0,0,0,0,-32286,0,0,0,0,0,2860625,0
2769406,7392,-2252,-458,1252,-196,313,5255,208,146,0,152,19387,73,33,79,16,0,0,0,0,0,0,0,-32287,0,0,0,0,0,2860640,0
2769411,7554,-1960,-516,1317,-216,289,5312,256,187,0,184,19393,73,33,79,16,0,0,0,0,0,0,0,-32287,0,0,0,0,0,2860645,0
2769416,7888,-1670,-544,1307,-187,224,5379,308,192,0,280,19393,73,33,79,16,0,0,0,0,0,0,0,-32286,0,0,0,0,0,2860660,0
2769421,8026,-1726,-554,1289,-186,200,5458,344,176,1,312,19393,64,33,79,16,0,0,0,0,0,0,0,-32286,0,0,0,0,0,2860665,0
2769426,8086,-1736,-482,1278,-197,192,5542,370,154,0,344,19393,64,33,79,16,0,0,0,0,0,0,0,-32287,0,0,0,0,0,2860680,0
2769431,8204,-1726,-422,1206,-175,195,5627,375,128,0,360,19394,69,33,79,16,0,0,0,0,0,0,0,-32286,0,0,0,0,0,2860685,0
2769436,8474,-1652,-162,1009,-79,166,5712,374,87,2,336,19394,69,33,79,16,0,0,0,0,0,0,0,-32286,0,0,0,0,0,2860700,0
2769441,8402,-1718,-22,938,-31,152,5798,370,40,2,352,19390,69,33,79,16,0,0,0,0,0,0,0,-32286,0,0,0,0,0,2860705,0
2769446,8482,-1810,86,893,15,123,5884,379,16,-2,360,19390,69,33,79,16,0,0,0,0,0,0,0,-32287,0,0,0,0,0,2860720,0
2769451,8378,-1850,188,867,72,87,5973,393,12,-1,376,19390,69,33,79,16,0,0,0,0,0,0,0,-32286,0,0,0,0,0,2860725,0
2769456,8220,-2150,212,828,192,30,6063,393,13,0,384,19390,69,33,79,16,0,0,0,0,0,0,0,-32287,0,0,0,0,0,2860740,0
2769461,8206,-2362,136,780,245,120,6146,358,15,-398,-176,19390,64,33,79,16,0,0,0,0,0,0,0,-32287,0,0,0,0,0,2860744,0
2769466,7442,-3194,-32,286,416,353,6159,16,-123,-1310,-784,19390,64,33,79,16,0,0,0,0,0,0,0,-32286,0,0,0,0,0,2860759,0
2769471,7286,-2936,-160,-402,485,486,6118,-202,-376,-1411,-1200,19388,72,33,79,16,0,0,0,0,0,0,0,-32286,0,0,0,0,0,2860764,0
2769476,6616,-4318,510,-889,1010,857,6036,-368,-621,-1550,-1656,19388,72,33,79,16,0,0,0,0,0,0,0,-32286,0,0,0,0,0,2860779,0
2769481,6358,-5052,642,-833,1041,966,5922,-516,-726,-1714,-2040,19380,114,33,79,16,0,0,0,0,0,0,0,-32287,0,0,0,0,0,2860784,0
2769486,6492,-5462,562,-672,1165,1142,5782,-623,-677,-1899,-2208,19380,114,33,79,16,0,0,0,0,0,0,0,-32288,0,0,0,0,0,2860799,0
2769491,6206,-5308,596,-526,1236,1262,5624,-697,-508,-1981,-2368,19365,179,33,79,16,0,0,0,0,0,0,0,-32287,0,0,0,0,0,2860804,0
2769496,6454,-4878,328,-343,1393,1504,5452,-761,-395,-2101,-2424,19365,179,33,79,16,0,0,0,0,0,0,0,-32286,0,0,0,0,0,2860819,0
2769501,6762,-4472,234,-191,1414,1527,5280,-764,-293,-2219,-2552,19347,249,33,79,16,0,0,0,0,0,0,0,-32286,0,0,0,0,0,2860824,0
2769506,7092,-4542,0,-59,1400,1581,5108,-757,-174,-2298,-2480,19347,249,33,79,16,0,0,0,0,0,0,0,-32287,0,0,0,0,0,2860839,0
2769511,7094,-4106,-58,62,1279,1587,4939,-737,-80,-2427,-2392,19334,317,33,79,16,0,0,0,0,0,0,0,-32288,0,0,0,0,0,2860844,0
2769516,8002,-3426,-354,399,1136,1533,4783,-678,9,-2508,-2400,19334,317,33,79,16,0,0,0,0,0,0,0,-32286,0,0,0,0,0,2860858,0
2769521,8218,-2818,-356,449,1039,1464,4632,-658,71,-2633,-2360,19326,362,33,79,16,0,0,0,0,0,0,0,-32285,0,0,0,0,0,2860863,0
2769526,8866,-2374,-446,482,983,1383,4491,-614,105,-2724,-2352,19326,362,33,79,16,0,0,0,0,0,0,0,-32286,0,0,0,0,0,2860878,0
2769531,9318,-1892,-466,543,990,1278,4362,-560,132,-2783,-2264,19322,387,33,79,16,0,0,0,0,0,0,0,-32287,0,0,0,0,0,2860883,0
2769536,9758,-1268,-356,492,928,1062,4243,-521,148,-2879,-2144,19322,387,33,79,16,0,0,0,0,0,0,0,-32288,0,0,0,0,0,2860898,0
2769541,9836,-1014,-266,528,936,948,4136,-465,153,-2973,-2024,19320,392,33,79,16,0,0,0,0,0,0,0,-32288,0,0,0,0,0,2860903,0
2769546,9878,-882,-134,557,957,794,4044,-395,171,-3031,-1920,19320,392,33,79,16,0,0,0,0,0,0,0,-32286,0,0,0,0,0,2860918,0
2769551,10172,-1112,-94,610,971,688,3963,-338,184,-3136,-1880,19320,397,33,79,16,0,0,0,0,0,0,0,-32285,0,0,0,0,0,2860923,0
2769556,10234,-1174,78,645,970,421,3897,-276,195,-3227,-1688,19320,397,33,79,16,0,0,0,0,0,0,0,-32285,0,0,0,0,0,2860938,0
2769561,10348,-1482,36,712,970,259,3843,-224,203,-3311,-1648,19321,380,33,79,16,0,0,0,0,0,0,0,-32285,0,0,0,0,0,2860943,0
2769566,10348,-2308,-58,814,969,142,3805,-163,211,-3346,-1520,19321,380,33,79,16,0,0,0,0,0,0,0,-32286,0,0,0,0,0,2860958,0
2769571,10276,-2366,-136,983,903,4,3784,-81,217,-3449,-1376,19325,363,33,79,16,0,0,0,0,0,0,0,-32286,0,0,0,0,0,2860963,0
2769576,9662,-3268,-206,1037,605,-168,3779,-22,230,-3500,-1288,19325,363,33,79,16,0,0,0,0,0,0,0,-32286,0,0,0,0,0,2860978,0
2769581,9740,-3770,-562,1032,490,-198,3778,8,222,-3523,-1264,19330,344,33,79,16,0,0,0,0,0,0,0,-32286,0,0,0,0,0,2860983,0
2769586,9334,-4050,-466,987,323,-188,3778,3,179,-3546,-1304,19330,344,33,79,16,0,0,0,0,0,0,0,-32286,0,0,0,0,0,2860998,0
2769591,9096,-4220,-418,924,88,-196,3777,3,110,-3583,-1312,19333,329,33,79,16,0,0,0,0,0,0,0,-32286,0,0,0,0,0,2861003,0
2769596,8776,-4230,-196,856,-307,-150,3777,-1,42,-3622,-1312,19333,329,33,79,16,0,0,0,0,0,0,0,-32286,0,0,0,0,0,2861018,0
2769601,8718,-4070,-104,826,-500,-144,3774,-9,8,-3643,-1352,19335,319,33,79,16,0,0,0,0,0,0,0,-32286,0,0,0,0,0,2861023,0
2769606,8670,-3866,18,803,-637,-142,3770,-23,-13,-3659,-1392,19335,319,33,79,16,0,0,0,0,0,0,0,-32286,0,0,0,0,0,2861038,0
2769611,8472,-3468,270,761,-753,-146,3760,-42,-30,-3675,-1432,19335,314,33,79,16,0,0,0,0,0,0,0,-32286,0,0,0,0,0,2861043,0
2769616,8342,-2772,838,680,-866,-216,3746,-60,-42,-3690,-1456,19335,314,33,79,16,0,0,0,0,0,0,0,-32286,0,0,0,0,0,2861058,0
2769621,8354,-2564,1098,677,-866,-290,3736,-51,-46,-3693,-1472,19336,322,33,79,16,0,0,0,0,0,0,0,-32286,0,0,0,0,0,2861063,0
2769626,8278,-2574,1262,655,-819,-351,3719,-74,-39,-3673,-1616,19336,322,33,79,16,0,0,0,0,0,0,0,-32286,0,0,0,0,0,2861078,0
2769631,8200,-2772,1404,599,-712,-368,3686,-154,-58,-3607,-1848,19335,331,33,79,16,0,0,0,0,0,0,0,-32287,0,0,0,0,0,2861083,0
2769636,8272,-3162,1784,419,-363,-454,3634,-230,-120,-3642,-1912,19335,331,33,79,16,0,0,0,0,0,0,0,-32287,0,0,0,0,0,2861098,0
2769641,8080,-3444,1936,423,-184,-500,3567,-296,-185,-3646,-2136,19327,359,33,79,16,0,0,0,0,0,0,0,-32288,0,0,0,0,0,2861103,0
2769646,8248,-4338,1862,434,-36,-489,3484,-378,-240,-3639,-2200,19327,359,33,79,16,0,0,0,0,0,0,0,-32288,0,0,0,0,0,2861118,0
2769651,7980,-4638,1892,470,25,-517,3382,-452,-266,-3610,-2400,19315,407,33,79,16,0,0,0,0,0,0,0,-32288,0,0,0,0,0,2861123,0
2769656,7506,-5748,1646,378,201,-377,3251,-584,-278,-3582,-2800,19315,407,33,79,16,0,0,0,0,0,0,0,-32286,0,0,0,0,0,2861138,0
2769661,7206,-6058,1548,196,256,-300,3087,-736,-336,-3610,-3064,19303,473,33,79,16,0,0,0,0,0,0,0,-32285,0,0,0,0,0,2861143,0
2769666,7216,-6422,1498,74,289,-214,2891,-868,-408,-3555,-3432,19303,473,33,79,16,0,0,0,0,0,0,0,-32286,0,0,0,0,0,2861158,0
2769671,6582,-6990,1578,-59,334,-94,2663,-1023,-457,-3525,-3688,19285,542,33,79,16,0,0,0,0,0,0,0,-32287,0,0,0,0,0,2861163,0
2769676,5808,-7930,1710,-204,335,89,2409,-1129,-482,-3485,-3992,19285,542,33,79,16,0,0,0,0,0,0,0,-32286,0,0,0,0,0,2861178,0
2769681,5136,-7838,1704,-220,302,157,2126,-1253,-472,-3424,-4192,19266,626,33,79,16,0,0,0,0,0,0,0,-32286,0,0,0,0,0,2861182,0
2769686,4832,-8408,1496,-171,256,264,1817,-1373,-441,-3393,-4392,19266,626,33,79,16,0,0,0,0,0,0,0,-32288,0,0,0,0,0,2861197,0
2769691,4040,-8200,1640,-191,239,323,1486,-1460,-418,-3391,-4552,19246,715,33,79,16,0,0,0,0,0,0,0,-32285,0,0,0,0,0,2861202,0
2769696,3536,-8818,1612,-40,236,476,1131,-1558,-387,-3338,-4704,19246,715,33,79,16,0,0,0,0,0,0,0,-32287,0,0,0,0,0,2861217,0
2769701,2990,-8722,1592,133,192,509,762,-1632,-356,-3311,-4800,19230,791,33,79,16,0,0,0,0,0,0,0,-32285,0,0,0,0,0,2861222,0
2769706,3256,-8850,1472,368,180,577,375,-1702,-320,-3249,-4872,19230,791,33,79,16,0,0,0,0,0,0,0,-32287,0,0,0,0,0,2861237,0
2769711,2780,-8664,1562,488,104,627,-22,-1761,-270,-3192,-4920,19221,840,33,79,16,0,0,0,0,0,0,0,-32286,0,0,0,0,0,2861242,0
2769716,3116,-8188,1178,839,-104,735,-424,-1767,-223,-3145,-4904,19221,840,33,79,16,0,0,0,0,0,0,0,-32287,0,0,0,0,0,2861257,0
2769721,3576,-7936,1084,1037,-281,749,-825,-1760,-156,-3084,-4824,19218,859,33,79,16,0,0,0,0,0,0,0,-32285,0,0,0,0,0,2861262,0
2769726,4126,-7360,854,1204,-414,755,-1223,-1743,-82,-3019,-4792,19218,859,33,79,16,0,0,0,0,0,0,0,-32287,0,0,0,0,0,2861277,0
2769731,4808,-7142,632,1339,-608,791,-1615,-1720,-14,-2953,-4728,19223,850,33,79,16,0,0,0,0,0,0,0,-32286,0,0,0,0,0,2861282,0
2769736,5950,-5920,376,1511,-1080,775,-1999,-1683,44,-2894,-4640,19223,850,33,79,16,0,0,0,0,0,0,0,-32287,0,0,0,0,0,2861297,0
2769741,6668,-5168,432,1504,-1244,773,-2376,-1656,80,-2829,-4520,19230,814,33,79,16,0,0,0,0,0,0,0,-32286,0,0,0,0,0,2861302,0
2769746,7386,-4158,466,1461,-1419,682,-2742,-1609,104,-2757,-4352,19230,814,33,79,16,0,0,0,0,0,0,0,-32287,0,0,0,0,0,2861317,0
2769751,8250,-3902,466,1383,-1534,629,-3095,-1545,126,-2666,-4136,19239,762,33,79,16,0,0,0,0,0,0,0,-32286,0,0,0,0,0,2861322,0
2769756,9338,-2570,936,1207,-1769,456,-3438,-1496,153,-2598,-4064,19239,762,33,79,16,0,0,0,0,0,0,0,-32286,0,0,0,0,0,2861337,0
2769761,10028,-2106,1056,1077,-1775,342,-3765,-1435,172,-2523,-3856,19247,706,33,79,16,0,0,0,0,0,0,0,-32287,0,0,0,0,0,2861342,0
2769766,10470,-1774,1224,932,-1814,264,-4074,-1352,199,-2467,-3712,19247,706,33,79,16,0,0,0,0,0,0,0,-32286,0,0,0,0,0,2861357,0
2769771,10710,-1032,1504,787,-1789,126,-4365,-1271,232,-2389,-3472,19263,638,33,79,16,0,0,0,0,0,0,0,-32287,0,0,0,0,0,2861362,0
2769776,11190,-658,1970,489,-1680,-68,-4635,-1182,259,-2297,-3248,19263,638,33,79,16,0,0,0,0,0,0,0,-32286,0,0,0,0,0,2861377,0
2769781,11298,-404,2126,351,-1570,-186,-4885,-1091,287,-2225,-3104,19280,556,33,79,16,0,0,0,0,0,0,0,-32286,0,0,0,0,0,2861382,0
2769786,11310,-496,2404,241,-1430,-272,-5113,-1002,307,-2162,-2824,19280,556,33,79,16,0,0,0,0,0,0,0,-32287,0,0,0,0,0,2861397,0
2769791,11080,-20,2556,112,-1319,-389,-5321,-905,310,-2057,-2600,19296,481,33,79,16,0,0,0,0,0,0,0,-32287,0,0,0,0,0,2861402,0
2769796,10786,-338,2886,-180,-962,-510,-5517,-853,305,-2000,-2480,19296,481,33,79,16,0,0,0,0,0,0,0,-32286,0,0,0,0,0,2861417,0
2769801,10770,-504,3112,-256,-798,-586,-5693,-771,284,-1923,-2304,19311,417,33,79,16,0,0,0,0,0,0,0,-32286,0,0,0,0,0,2861422,0
2769806,10560,-820,3200,-306,-570,-628,-5859,-729,254,-1831,-2144,19311,417,33,79,16,0,0,0,0,0,0,0,-32287,0,0,0,0,0,2861437,0
2769811,10232,-872,3200,-425,-392,-677,-6015,-676,226,-1787,-2040,19324,354,33,79,16,0,0,0,0,0,0,0,-32287,0,0,0,0,0,2861442,0
2769816,9968,-1494,3276,-594,65,-738,-6159,-623,196,-1698,-1976,19324,354,33,79,16,0,0,0,0,0,0,0,-32286,0,0,0,0,0,2861457,0
2769821,9672,-1802,3208,-649,271,-755,-6298,-611,166,-1623,-1888,19336,301,33,79,16,0,0,0,0,0,0,0,-32286,0,0,0,0,0,2861462,0
2769826,9428,-2122,3150,-701,487,-777,-6431,-585,134,-1544,-1824,19336,301,33,79,16,0,0,0,0,0,0,0,-32286,0,0,0,0,0,2861477,0
2769831,9060,-2402,3094,-705,683,-791,-6559,-562,115,-1438,-1760,19345,255,33,79,16,0,0,0,0,0,0,0,-32287,0,0,0,0,0,2861481,0
2769836,8332,-3114,2804,-713,1093,-769,-6686,-560,82,-1378,-1712,19345,255,33,79,16,0,0,0,0,0,0,0,-32287,0,0,0,0,0,2861496,0
2769841,8074,-3482,2594,-692,1266,-749,-6811,-554,55,-1306,-1696,19353,228,33,79,16,0,0,0,0,0,0,0,-32287,0,0,0,0,0,2861501,0
2769846,7708,-3434,2328,-638,1404,-720,-6933,-534,43,-1244,-1584,19353,228,33,79,16,0,0,0,0,0,0,0,-32286,0,0,0,0,0,2861516,0
2769851,7434,-3544,1996,-606,1496,-725,-7053,-529,33,-1164,-1520,19358,196,33,79,16,0,0,0,0,0,0,0,-32286,0,0,0,0,0,2861521,0
2769856,6872,-3772,1130,-658,1557,-659,-7174,-535,28,-1094,-1520,19358,196,33,79,16,0,0,0,0,0,0,0,-32287,0,0,0,0,0,2861536,0
2769861,6564,-3934,844,-681,1577,-602,-7295,-541,20,-1029,-1464,19361,173,33,79,16,0,0,0,0,0,0,0,-32286,0,0,0,0,0,2861541,0
2769866,6210,-4036,650,-693,1511,-579,-7416,-533,8,-970,-1416,19361,173,33,79,16,0,0,0,0,0,0,0,-32287,0,0,0,0,0,2861556,0
2769871,6110,-4108,394,-685,1457,-526,-7534,-525,1,-877,-1392,19367,152,33,79,16,0,0,0,0,0,0,0,-32287,0,0,0,0,0,2861561,0
2769876,5654,-4150,102,-712,1259,-409,-7657,-535,1,-811,-1376,19367,152,33,79,16,0,0,0,0,0,0,0,-32286,0,0,0,0,0,2861576,0
2769881,5564,-4148,-30,-747,1189,-364,-7778,-535,-2,-752,-1288,19371,141,33,79,16,0,0,0,0,0,0,0,-32286,0,0,0,0,0,2861581,0
2769886,5632,-3976,-100,-760,1089,-319,-7901,-530,-5,-677,-1272,19371,141,33,79,16,0,0,0,0,0,0,0,-32286,0,0,0,0,0,2861596,0
2769891,5440,-4012,-94,-780,992,-264,-8022,-538,-10,-593,-1312,19374,123,33,79,16,0,0,0,0,0,0,0,-32287,0,0,0,0,0,2861601,0
2769896,5520,-3836,70,-873,842,-203,-8143,-536,-4,-538,-1248,19374,123,33,79,16,0,0,0,0,0,0,0,-32287,0,0,0,0,0,2861616,0
2769901,5566,-3580,224,-915,791,-178,-8264,-531,4,-483,-1176,19375,110,33,79,16,0,0,0,0,0,0,0,-32287,0,0,0,0,0,2861621,0
2769906,5672,-3588,404,-949,725,-156,-8376,-500,16,-428,-1048,19375,110,33,79,16,0,0,0,0,0,0,0,-32287,0,0,0,0,0,2861636,0
2769911,5748,-3486,608,-968,690,-143,-8487,-477,31,-358,-960,19379,97,33,79,16,0,0,0,0,0,0,0,-32286,0,0,0,0,0,2861641,0
2769916,5960,-3312,872,-1065,694,-108,-8589,-451,65,-313,-848,19379,97,33,79,16,0,0,0,0,0,0,0,-32286,0,0,0,0,0,2861656,0
2769921,5958,-3114,1068,-1108,703,-133,-8686,-416,77,-270,-688,19381,84,33,79,16,0,0,0,0,0,0,0,-32286,0,0,0,0,0,2861661,0
2769926,6154,-3258,1180,-1128,735,-107,-8767,-354,107,-235,-528,19381,84,33,79,16,0,0,0,0,0,0,0,-32286,0,0,0,0,0,2861676,0
2769931,6134,-3150,1398,-1119,752,-126,-8833,-284,138,-190,-280,19383,79,33,79,16,0,0,0,0,0,0,0,-32286,0,0,0,0,0,2861681,0
2769936,6226,-2954,1600,-1093,784,-134,-8887,-221,178,-149,-120,19383,79,33,79,16,0,0,0,0,0,0,0,-32286,0,0,0,0,0,2861696,0
2769941,6348,-2982,1522,-1109,818,-127,-8927,-168,207,-66,-56,19386,73,33,79,16,0,0,0,0,0,0,0,-32286,0,0,0,0,0,2861701,0
2769946,6392,-2784,1566,-1091,819,-154,-8943,-63,225,-14,-8,19386,73,33,79,16,0,0,0,0,0,0,0,-32287,0,0,0,0,0,2861716,0
2769951,6460,-2800,1534,-1048,862,-131,-8937,33,264,24,32,19385,76,33,79,16,0,0,0,0,0,0,0,-32286,0,0,0,0,0,2861721,0
2769956,6358,-2628,1500,-984,847,-135,-8922,72,278,66,64,19385,76,33,79,16,0,0,0,0,0,0,0,-32287,0,0,0,0,0,2861736,0
2769961,6342,-2580,1382,-928,822,-132,-8904,75,251,109,64,19386,72,33,79,16,0,0,0,0,0,0,0,-32286,0,0,0,0,0,2861741,0
2769966,6314,-2356,1298,-900,787,-135,-8893,34,159,156,56,19386,72,33,79,16,0,0,0,0,0,0,0,-32286,0,0,0,0,0,2861756,0
2769971,6390,-2220,1176,-905,785,-135,-8892,0,41,197,56,19385,75,33,79,16,0,0,0,0,0,0,0,-32286,0,0,0,0,0,2861761,0
2769976,6372,-1940,1162,-999,877,-125,-8891,1,-48,235,64,19385,75,33,79,16,0,0,0,0,0,0,0,-32286,0,0,0,0,0,2861776,0
2769981,6232,-1874,1182,-1054,948,-89,-8891,0,-69,277,80,19384,81,33,79,16,0,0,0,0,0,0,0,-32286,0,0,0,0,0,2861780,0
2769986,6218,-1902,1216,-1106,1011,-64,-8888,14,-50,315,104,19384,81,33,79,16,0,0,0,0,0,0,0,-32286,0,0,0,0,0,2861795,0
2769991,6160,-1878,1270,-1129,1075,-52,-8882,41,-1,352,152,19382,77,33,79,16,0,0,0,0,0,0,0,-32286,0,0,0,0,0,2861800,0
2769996,6120,-1760,1106,-1065,1087,-96,-8860,104,44,370,280,19382,77,33,79,16,0,0,0,0,0,0,0,-32286,0,0,0,0,0,2861815,0
2770001,6198,-1814,950,-1053,1072,-79,-8821,180,108,383,480,19381,77,33,79,16,0,0,0,0,0,0,0,-32286,0,0,0,0,0,2861820,0
2770006,6068,-1560,896,-1078,1049,-135,-8776,248,186,408,752,19381,77,33,79,16,0,0,0,0,0,0,0,-32287,0,0,0,0,0,2861835,0
2770011,6224,-1622,758,-1062,1005,-159,-8699,356,255,470,992,19380,77,33,79,16,0,0,0,0,0,0,0,-32287,0,0,0,0,0,2861840,0
2770016,6014,-1580,578,-1065,843,-237,-8594,463,311,529,1256,19380,77,33,79,16,0,0,0,0,0,0,0,-32287,0,0,0,0,0,2861855,0
2770021,6080,-1502,458,-1091,778,-259,-8467,566,343,605,1552,19380,86,33,79,16,0,0,0,0,0,0,0,-32287,0,0,0,0,0,2861860,0
2770026,6104,-1578,544,-1094,743,-276,-8310,695,375,650,1856,19380,86,33,79,16,0,0,0,0,0,0,0,-32286,0,0,0,0,0,2861875,0
2770031,5894,-1528,624,-1130,700,-309,-8122,840,408,693,2160,19376,100,33,79,16,0,0,0,0,0,0,0,-32286,0,0,0,0,0,2861880,0
2770036,5886,-1544,518,-1204,638,-347,-7903,980,432,739,2544,19376,100,33,79,16,0,0,0,0,0,0,0,-32286,0,0,0,0,0,2861895,0
2770041,5798,-1520,422,-1229,581,-371,-7650,1129,467,771,2888,19373,128,33,79,16,0,0,0,0,0,0,0,-32286,0,0,0,0,0,2861900,0
2770046,6010,-1636,668,-1223,589,-391,-7364,1270,495,810,3200,19373,128,33,79,16,0,0,0,0,0,0,0,-32286,0,0,0,0,0,2861915,0
2770051,5812,-1574,454,-1001,296,-503,-7044,1420,501,851,3488,19367,150,33,79,16,0,0,0,0,0,0,0,-32286,0,0,0,0,0,2861920,0
2770056,5946,-922,-194,-1024,93,-540,-6697,1540,493,894,3816,19367,150,33,79,16,0,0,0,0,0,0,0,-32287,0,0,0,0,0,2861935,0
2770061,6260,-902,-20,-1378,192,-509,-6316,1684,493,917,4168,19361,194,33,79,16,0,0,0,0,0,0,0,-32286,0,0,0,0,0,2861940,0
2770066,6000,-948,96,-1637,213,-485,-5904,1828,482,960,4520,19361,194,33,79,16,0,0,0,0,0,0,0,-32286,0,0,0,0,0,2861955,0
2770071,6050,-1690,404,-1603,148,-544,-5454,1988,495,1009,4848,19351,245,33,79,16,0,0,0,0,0,0,0,-32287,0,0,0,0,0,2861960,0
2770076,10832,-6014,-1944,1665,-1380,-1254,-4985,2065,485,1123,4912,19351,245,33,79,16,0,0,0,0,0,0,0,-32286,0,0,0,0,0,2861975,0
2770081,4164,390,410,1003,-2209,-1706,-4503,2130,417,1121,4992,19338,304,33,79,16,0,0,0,0,0,0,0,-32287,0,0,0,0,0,2861980,0
2770086,10778,-1132,-1148,991,-2443,-1809,-4016,2128,312,1215,4872,19338,304,33,79,16,0,0,0,0,0,0,0,-32286,0,0,0,0,0,2861995,0
2770091,9228,1372,-192,311,-1898,-1789,-3550,2038,144,1217,4640,19328,354,33,79,16,0,0,0,0,0,0,0,-32287,0,0,0,0,0,2862000,0
2770096,9342,-550,1818,-991,-1138,-1764,-3110,1922,-58,1236,4384,19328,354,33,79,16,0,0,0,0,0,0,0,-32287,0,0,0,0,0,2862015,0
2770101,9190,-2448,2330,-1046,-667,-1679,-2706,1762,-249,1277,4048,19322,373,33,79,16,0,0,0,0,0,0,0,-32287,0,0,0,0,0,2862020,0
2770106,8324,-3106,2934,-891,-326,-1640,-2341,1590,-414,1314,3712,19322,373,33,79,16,0,0,0,0,0,0,0,-32286,0,0,0,0,0,2862035,0
2770111,8236,-3612,2736,-858,52,-1530,-2016,1418,-656,1334,3344,19322,360,33,79,16,0,0,0,0,0,0,0,-32287,0,0,0,0,0,2862040,0
2770116,7296,-3910,2750,-1203,745,-1185,-1726,1254,-685,1369,3000,19322,360,33,79,16,0,0,0,0,0,0,0,-32286,0,0,0,0,0,2862055,0
2770121,6960,-4562,2354,-1293,970,-999,-1472,1102,-616,1419,2680,19329,333,33,79,16,0,0,0,0,0,0,0,-32287,0,0,0,0,0,2862060,0
2770126,6462,-4852,2070,-1224,1028,-852,-1249,971,-593,1458,2464,19329,333,33,79,16,0,0,0,0,0,0,0,-32286,0,0,0,0,0,2862075,0
2770131,6326,-4896,1540,-1113,1059,-704,-1057,834,-431,1517,2160,19338,304,33,79,16,0,0,0,0,0,0,0,-32286,0,0,0,0,0,2862080,0
2770136,6018,-4148,1070,-1102,1040,-481,-887,733,-340,1509,2040,19338,304,33,79,16,0,0,0,0,0,0,0,-32287,0,0,0,0,0,2862094,0
2770141,6018,-4052,784,-1136,1019,-368,-742,639,-436,1584,1856,19344,274,33,79,16,0,0,0,0,0,0,0,-32287,0,0,0,0,0,2862099,0
2770146,5924,-3804,662,-1177,934,-306,-614,551,-385,1598,1712,19344,274,33,79,16,0,0,0,0,0,0,0,-32287,0,0,0,0,0,2862114,0
2770151,6122,-3688,560,-1162,848,-255,-500,491,-340,1605,1568,19352,249,33,79,16,0,0,0,0,0,0,0,-32287,0,0,0,0,0,2862119,0
2770156,6398,-3320,600,-1137,658,-200,-397,451,-275,1665,1464,19352,249,33,79,16,0,0,0,0,0,0,0,-32286,0,0,0,0,0,2862134,0
2770161,6576,-3372,608,-1167,575,-153,-305,396,-229,1703,1416,19354,226,33,79,16,0,0,0,0,0,0,0,-32286,0,0,0,0,0,2862139,0
2770166,6798,-3066,780,-1136,439,-178,-222,370,-186,1726,1440,19354,226,33,79,16,0,0,0,0,0,0,0,-32286,0,0,0,0,0,2862154,0
2770171,7316,-3234,864,-1079,391,-147,-140,358,-146,1761,1384,19358,203,33,79,16,0,0,0,0,0,0,0,-32287,0,0,0,0,0,2862159,0
2770176,7976,-3074,1268,-951,196,-183,-59,356,-105,1790,1456,19358,203,33,79,16,0,0,0,0,0,0,0,-32288,0,0,0,0,0,2862174,0
2770181,8238,-2792,1496,-898,136,-214,22,360,-59,1827,1440,19356,203,33,79,16,0,0,0,0,0,0,0,-32288,0,0,0,0,0,2862179,0
2770186,8646,-2942,1658,-873,125,-210,105,356,-16,1857,1424,19356,203,33,79,16,0,0,0,0,0,0,0,-32287,0,0,0,0,0,2862194,0
2770191,8782,-2700,1888,-863,116,-238,187,364,-2,1880,1544,19357,212,33,79,16,0,0,0,0,0,0,0,-32287,0,0,0,0,0,2862199,0
2770196,9350,-2604,1996,-669,110,-316,271,371,9,1909,1472,19357,212,33,79,16,0,0,0,0,0,0,0,-32286,0,0,0,0,0,2862214,0
2770201,9468,-2404,2136,-653,162,-352,357,376,9,1946,1496,19355,220,33,79,16,0,0,0,0,0,0,0,-32286,0,0,0,0,0,2862219,0
2770206,9652,-2236,2160,-628,188,-407,443,377,20,1976,1560,19355,220,33,79,16,0,0,0,0,0,0,0,-32285,0,0,0,0,0,2862234,0
2770211,9820,-2126,2104,-600,265,-447,529,375,18,1989,1504,19353,219,33,79,16,0,0,0,0,0,0,0,-32286,0,0,0,0,0,2862239,0
2770216,9732,-1640,2012,-623,395,-533,611,361,1,2025,1504,19353,219,33,79,16,0,0,0,0,0,0,0,-32286,0,0,0,0,0,2862254,0
2770221,9692,-1416,1974,-666,450,-575,690,346,-16,2056,1464,19353,218,33,79,16,0,0,0,0,0,0,0,-32286,0,0,0,0,0,2862259,0
2770226,9600,-1306,1844,-777,568,-587,763,318,-35,2078,1376,19353,218,33,79,16,0,0,0,0,0,0,0,-32287,0,0,0,0,0,2862274,0
2770231,9438,-1044,1768,-843,640,-614,833,300,-53,2108,1440,19352,223,33,79,16,0,0,0,0,0,0,0,-32288,0,0,0,0,0,2862279,0
2770236,8916,-918,1700,-999,768,-616,902,296,-63,2094,1432,19352,223,33,79,16,0,0,0,0,0,0,0,-32287,0,0,0,0,0,2862295,0
2770241,8896,-986,1514,-952,791,-625,976,325,-40,2119,1576,19352,228,33,79,16,0,0,0,0,0,0,0,-32287,0,0,0,0,0,2862302,0
2770246,8574,-708,1442,-980,801,-612,1056,350,0,2154,1544,19352,228,33,79,16,0,0,0,0,0,0,0,-32286,0,0,0,0,0,2862317,0
2770251,8682,-616,1394,-1051,793,-617,1140,371,45,2161,1632,19355,222,33,79,16,0,0,0,0,0,0,0,-32286,0,0,0,0,0,2862322,0
2770256,9340,-776,1580,-1233,780,-624,1233,406,75,2174,1784,19355,222,33,79,16,0,0,0,0,0,0,0,-32286,0,0,0,0,0,2862337,0
2770261,9954,-908,1862,-1269,736,-671,1337,467,99,2176,1952,19354,225,33,79,16,0,0,0,0,0,0,0,-32286,0,0,0,0,0,2862342,0
2770266,10634,-1434,2026,-1316,708,-676,1461,557,139,2230,2160,19354,225,33,79,16,0,0,0,0,0,0,0,-32287,0,0,0,0,0,2862357,0
2770271,11194,-1876,2166,-1380,641,-674,1604,638,199,2279,2344,19350,250,33,79,16,0,0,0,0,0,0,0,-32287,0,0,0,0,0,2862362,0
2770276,12252,-2902,2062,-1571,459,-690,1763,712,243,2234,2520,19350,250,33,79,16,0,0,0,0,0,0,0,-32287,0,0,0,0,0,2862377,0
2770281,12804,-3900,1968,-1583,413,-639,1944,805,279,2261,2664,19342,295,33,79,16,0,0,0,0,0,0,0,-32286,0,0,0,0,0,2862382,0
2770286,12460,-4836,2200,-1800,503,-532,2145,887,295,2255,2928,19342,295,33,79,16,0,0,0,0,0,0,0,-32285,0,0,0,0,0,2862397,0
2770291,12636,-5456,2412,-1454,343,-666,2371,1001,307,2296,3152,19328,343,33,79,16,0,0,0,0,0,0,0,-32287,0,0,0,0,0,2862401,0
2770296,13232,-5236,2666,-444,268,-934,2612,1067,314,2315,3328,19328,343,33,79,16,0,0,0,0,0,0,0,-32287,0,0,0,0,0,2862416,0
2770301,13368,-4674,2706,-496,490,-1039,2866,1128,303,2307,3392,19315,386,33,79,16,0,0,0,0,0,0,0,-32285,0,0,0,0,0,2862421,0
2770306,13032,-4702,2328,-642,695,-1144,3128,1154,256,2325,3416,19315,386,33,79,16,0,0,0,0,0,0,0,-32287,0,0,0,0,0,2862436,0
2770311,12578,-5544,1924,-650,802,-1212,3392,1155,194,2335,3384,19305,431,33,79,16,0,0,0,0,0,0,0,-32286,0,0,0,0,0,2862441,0
2770316,10852,-6980,1674,-531,732,-1279,3651,1131,105,2332,3256,19305,431,33,79,16,0,0,0,0,0,0,0,-32285,0,0,0,0,0,2862456,0
2770321,10084,-7752,1454,-426,630,-1280,3899,1083,19,2327,3080,19302,458,33,79,16,0,0,0,0,0,0,0,-32287,0,0,0,0,0,2862461,0
2770326,9116,-8080,1242,-321,502,-1251,4129,1012,-76,2308,2888,19302,458,33,79,16,0,0,0,0,0,0,0,-32287,0,0,0,0,0,2862476,0
2770331,8044,-8052,1338,-231,404,-1221,4340,924,-162,2314,2728,19309,461,33,79,16,0,0,0,0,0,0,0,-32285,0,0,0,0,0,2862481,0
2770336,6000,-7500,1366,-222,485,-1055,4530,830,-234,2320,2480,19309,461,33,79,16,0,0,0,0,0,0,0,-32285,0,0,0,0,0,2862496,0
2770341,5036,-7536,1142,-201,578,-938,4700,739,-281,2312,2304,19322,439,33,79,16,0,0,0,0,0,0,0,-32288,0,0,0,0,0,2862501,0
2770346,3910,-7448,982,-126,617,-794,4848,640,-307,2312,2152,19322,439,33,79,16,0,0,0,0,0,0,0,-32287,0,0,0,0,0,2862516,0
2770351,2914,-7038,806,-34,558,-690,4977,571,-319,2276,2024,19332,395,33,79,16,0,0,0,0,0,0,0,-32286,0,0,0,0,0,2862521,0
2770356,1754,-6300,178,26,436,-415,5094,515,-296,2268,1856,19332,395,33,79,16,0,0,0,0,0,0,0,-32285,0,0,0,0,0,2862536,0
2770361,1416,-5716,-56,-26,370,-326,5196,448,-280,2249,1744,19335,344,33,79,16,0,0,0,0,0,0,0,-32285,0,0,0,0,0,2862541,0
2770366,1528,-5470,-282,37,269,-238,5294,427,-220,2231,1704,19335,344,33,79,16,0,0,0,0,0,0,0,-32286,0,0,0,0,0,2862556,0
2770371,1368,-4798,-150,114,189,-198,5391,432,-160,2214,1792,19336,302,33,79,16,0,0,0,0,0,0,0,-32287,0,0,0,0,0,2862561,0
2770376,1652,-3852,-258,170,73,-117,5494,452,-89,2208,1808,19336,302,33,79,16,0,0,0,0,0,0,0,-32287,0,0,0,0,0,2862576,0
2770381,1962,-3298,-398,122,64,-56,5598,459,-24,2191,1824,19340,273,33,79,16,0,0,0,0,0,0,0,-32287,0,0,0,0,0,2862581,0
2770386,2264,-2896,-386,79,-2,-35,5709,493,32,2174,1848,19340,273,33,79,16,0,0,0,0,0,0,0,-32286,0,0,0,0,0,2862596,0
2770391,2632,-2688,-384,54,-24,-24,5825,520,56,2171,1920,19345,271,33,79,16,0,0,0,0,0,0,0,-32285,0,0,0,0,0,2862601,0
2770396,3180,-2380,-402,-116,-56,6,5947,540,78,2134,1952,19345,271,33,79,16,0,0,0,0,0,0,0,-32285,0,0,0,0,0,2862616,0
2770401,3462,-2506,-388,-227,-83,46,6074,557,81,2099,1952,19344,269,33,79,16,0,0,0,0,0,0,0,-32286,0,0,0,0,0,2862621,0
2770406,3630,-2766,-208,-303,-157,77,6201,560,78,2080,1920,19344,269,33,79,16,0,0,0,0,0,0,0,-32287,0,0,0,0,0,2862636,0
2770411,4044,-2940,46,-330,-206,128,6326,553,50,2040,1936,19344,275,33,79,16,0,0,0,0,0,0,0,-32287,0,0,0,0,0,2862641,0
2770416,4944,-3586,600,-349,-320,266,6452,551,20,1996,1880,19344,275,33,79,16,0,0,0,0,0,0,0,-32287,0,0,0,0,0,2862656,0
2770421,5286,-3726,1014,-380,-329,331,6572,530,-6,1980,1784,19344,261,33,79,16,0,0,0,0,0,0,0,-32286,0,0,0,0,0,2862661,0
2770426,5882,-4160,1254,-418,-340,443,6684,486,-35,1940,1720,19344,261,33,79,16,0,0,0,0,0,0,0,-32287,0,0,0,0,0,2862676,0
2770431,6326,-4540,1614,-449,-329,526,6788,460,-71,1894,1656,19347,255,33,79,16,0,0,0,0,0,0,0,-32287,0,0,0,0,0,2862681,0
2770436,7214,-5004,1810,-328,-319,687,6887,433,-92,1880,1504,19347,255,33,79,16,0,0,0,0,0,0,0,-32287,0,0,0,0,0,2862696,0
2770441,7410,-5194,1596,-379,-305,799,6973,372,-114,1868,1360,19350,240,33,79,16,0,0,0,0,0,0,0,-32287,0,0,0,0,0,2862700,0
2770446,7586,-5240,1194,-410,-335,874,7041,303,-141,1846,1152,19350,240,33,79,16,0,0,0,0,0,0,0,-32287,0,0,0,0,0,2862715,0
2770451,7632,-5402,772,-495,-310,997,7092,214,-184,1784,1008,19353,219,33,79,16,0,0,0,0,0,0,0,-32287,0,0,0,0,0,2862720,0
2770456,7468,-5048,120,-580,-401,1075,7125,133,-230,1751,880,19353,219,33,79,16,0,0,0,0,0,0,0,-32287,0,0,0,0,0,2862735,0
2770461,7592,-5032,-120,-533,-407,1086,7152,107,-245,1704,784,19359,202,33,79,16,0,0,0,0,0,0,0,-32287,0,0,0,0,0,2862740,0
2770466,7484,-4788,-222,-568,-388,1087,7166,58,-221,1695,656,19359,202,33,79,16,0,0,0,0,0,0,0,-32287,0,0,0,0,0,2862755,0
2770471,7488,-4592,-366,-612,-393,1049,7171,20,-187,1642,584,19367,177,33,79,16,0,0,0,0,0,0,0,-32287,0,0,0,0,0,2862760,0
2770476,7316,-4344,-534,-559,-407,875,7171,0,-151,1575,544,19367,177,33,79,16,0,0,0,0,0,0,0,-32287,0,0,0,0,0,2862775,0
2770481,7386,-4434,-620,-487,-445,779,7171,-6,-111,1528,520,19373,155,33,79,16,0,0,0,0,0,0,0,-32287,0,0,0,0,0,2862780,0
2770486,7102,-4366,-544,-436,-522,672,7172,2,-74,1477,512,19373,155,33,79,16,0,0,0,0,0,0,0,-32286,0,0,0,0,0,2862795,0
2770491,7028,-4350,-530,-413,-606,572,7173,9,-31,1429,504,19376,132,33,79,16,0,0,0,0,0,0,0,-32287,0,0,0,0,0,2862800,0
2770496,6786,-4484,-336,-364,-775,399,7172,4,-3,1387,488,19376,132,33,79,16,0,0,0,0,0,0,0,-32287,0,0,0,0,0,2862815,0
2770501,6620,-4576,-98,-304,-845,329,7174,10,6,1339,472,19377,120,33,79,16,0,0,0,0,0,0,0,-32287,0,0,0,0,0,2862820,0
2770506,6618,-4742,156,-216,-908,248,7178,18,12,1283,504,19377,120,33,79,16,0,0,0,0,0,0,0,-32286,0,0,0,0,0,2862835,0
2770511,6582,-4820,468,-91,-942,186,7185,44,21,1226,544,19379,111,33,79,16,0,0,0,0,0,0,0,-32287,0,0,0,0,0,2862840,0
2770516,6780,-4608,1006,249,-971,73,7200,69,40,1170,592,19379,111,33,79,16,0,0,0,0,0,0,0,-32287,0,0,0,0,0,2862855,0
2770521,7010,-4522,1102,362,-934,52,7218,81,58,1138,560,19379,110,33,79,16,0,0,0,0,0,0,0,-32286,0,0,0,0,0,2862860,0
2770526,6942,-4338,1158,361,-871,66,7231,58,57,1119,480,19379,110,33,79,16,0,0,0,0,0,0,0,-32287,0,0,0,0,0,2862874,0
2770531,7054,-4106,1124,364,-804,87,7243,51,30,1070,440,19379,95,33,79,16,0,0,0,0,0,0,0,-32287,0,0,0,0,0,2862879,0
2770536,6968,-3824,1136,544,-729,69,7260,67,-4,991,488,19379,95,33,79,16,0,0,0,0,0,0,0,-32286,0,0,0,0,0,2862894,0
2770541,7024,-3766,982,690,-707,91,7280,96,3,945,464,19380,89,33,79,16,0,0,0,0,0,0,0,-32286,0,0,0,0,0,2862899,0
2770546,6840,-3528,940,717,-673,149,7299,73,19,918,392,19380,89,33,79,16,0,0,0,0,0,0,0,-32286,0,0,0,0,0,2862914,0
2770551,6772,-3124,868,654,-658,191,7314,68,16,870,352,19382,74,33,79,16,0,0,0,0,0,0,0,-32286,0,0,0,0,0,2862919,0
2770556,6738,-2778,694,666,-625,235,7332,79,6,802,352,19382,74,33,79,16,0,0,0,0,0,0,0,-32286,0,0,0,0,0,2862934,0
2770561,6718,-2688,566,668,-621,319,7346,60,-12,764,280,19387,71,33,79,16,0,0,0,0,0,0,0,-32287,0,0,0,0,0,2862939,0
2770566,6600,-2578,520,580,-628,371,7351,17,-35,738,192,19387,71,33,79,16,0,0,0,0,0,0,0,-32286,0,0,0,0,0,2862954,0
2770571,6636,-2362,408,485,-625,390,7348,-5,-61,669,176,19388,74,33,79,16,0,0,0,0,0,0,0,-32286,0,0,0,0,0,2862959,0
2770576,6768,-1984,366,549,-661,428,7348,0,-68,607,152,19388,74,33,79,16,0,0,0,0,0,0,0,-32287,0,0,0,0,0,2862974,0
2770581,6826,-2040,348,457,-660,535,7341,-43,-72,62,-960,19389,80,33,79,16,0,0,0,0,0,0,0,-32286,0,0,0,0,0,2862979,0
2770586,6560,-2130,644,79,-511,654,7256,-397,-179,-1116,-1776,19389,80,33,79,16,0,0,0,0,0,0,0,-32287,0,0,0,0,0,2862994,0
2770591,6974,-2426,688,-11,-515,686,7090,-769,-450,-1432,-2848,19381,97,33,79,16,0,0,0,0,0,0,0,-32286,0,0,0,0,0,2862999,0
2770596,6966,-2460,846,632,-628,535,6826,-1210,-848,-1644,-3888,19381,97,33,79,16,0,0,0,0,0,0,0,-32286,0,0,0,0,0,2863013,0
2770601,7660,-2462,708,959,-592,470,6460,-1660,-1200,-1718,-5000,19362,177,33,79,16,0,0,0,0,0,0,0,-32287,0,0,0,0,0,2863018,0
2770606,6076,-2220,412,761,-61,694,5990,-2113,-1443,-1841,-5960,19362,177,33,79,16,0,0,0,0,0,0,0,-32286,0,0,0,0,0,2863033,0
2770611,5342,-1030,1084,-399,193,917,5416,-2565,-1532,-1980,-6888,19328,329,33,79,16,0,0,0,0,0,0,0,-32287,0,0,0,0,0,2863038,0
2770616,-1084,2206,-898,-7317,1260,3142,4769,-2855,-1535,-2181,-7184,19328,329,33,79,16,0,0,0,0,0,0,0,-32287,0,0,0,0,0,2863053,0
2770621,11894,-11752,2462,-7605,3977,4722,4090,-3006,-1358,-2332,-7344,19280,564,33,79,16,0,0,0,0,0,0,0,-32286,0,0,0,0,0,2863058,0
2770626,-5940,-9710,7826,-6827,4376,4689,3429,-2888,-989,-2489,-6744,19280,564,33,79,16,0,0,0,0,0,0,0,-32286,0,0,0,0,0,2863073,0
2770631,1404,-16902,4762,-3704,3198,4561,2825,-2633,-434,-2477,-6200,19229,800,33,79,16,0,0,0,0,0,0,0,-32285,0,0,0,0,0,2863078,0
2770636,3290,-8244,2082,1906,1886,4222,2295,-2296,185,-2572,-5456,19229,800,33,79,16,0,0,0,0,0,0,0,-32287,0,0,0,0,0,2863093,0
2770641,6616,-3172,-260,1605,1859,3932,1852,-1917,693,-2627,-4728,19204,912,33,79,16,0,0,0,0,0,0,0,-32287,0,0,0,0,0,2863098,0
2770646,7456,-248,-1656,663,1668,3609,1479,-1604,1027,-2738,-4080,19204,912,33,79,16,0,0,0,0,0,0,0,-32285,0,0,0,0,0,2863113,0
2770651,9078,-6,-3228,75,922,3242,1174,-1313,1146,-2829,-3472,19208,878,33,79,16,0,0,0,0,0,0,0,-32287,0,0,0,0,0,2863118,0
2770656,9772,-1300,-2690,1023,-671,2330,931,-1035,1126,-2921,-2928,19208,878,33,79,16,0,0,0,0,0,0,0,-32287,0,0,0,0,0,2863133,0
2770661,10660,-44,-2012,1263,-938,1937,752,-761,1054,-3011,-2392,19238,742,33,79,16,0,0,0,0,0,0,0,-32285,0,0,0,0,0,2863138,0
2770666,10862,1094,-1558,1114,-1130,1595,637,-481,995,-3093,-1792,19238,742,33,79,16,0,0,0,0,0,0,0,-32286,0,0,0,0,0,2863153,0
2770671,11094,1068,-1172,938,-1233,1251,579,-229,965,-3115,-1480,19271,582,33,79,16,0,0,0,0,0,0,0,-32287,0,0,0,0,0,2863158,0
2770676,11190,280,-298,1215,-1555,723,566,-38,922,-3281,-1192,19271,582,33,79,16,0,0,0,0,0,0,0,-32287,0,0,0,0,0,2863173,0
2770681,11146,512,252,1119,-1555,570,577,54,814,-3352,-1136,19300,443,33,79,16,0,0,0,0,0,0,0,-32287,0,0,0,0,0,2863178,0
2770686,11366,400,476,799,-1326,492,595,72,626,-3371,-1168,19300,443,33,79,16,0,0,0,0,0,0,0,-32287,0,0,0,0,0,2863193,0
2770691,11156,-448,970,454,-966,485,603,32,376,-3384,-1312,19324,329,33,79,16,0,0,0,0,0,0,0,-32287,0,0,0,0,0,2863198,0
2770696,10274,-2208,2286,344,-398,499,600,-5,138,-3441,-1344,19324,329,33,79,16,0,0,0,0,0,0,0,-32287,0,0,0,0,0,2863213,0
2770701,10130,-2796,2546,499,-96,523,601,0,-21,-3523,-1352,19335,283,33,79,16,0,0,0,0,0,0,0,-32287,0,0,0,0,0,2863218,0
2770706,9578,-2930,2772,541,190,588,601,0,-65,-3562,-1368,19335,283,33,79,16,0,0,0,0,0,0,0,-32287,0,0,0,0,0,2863233,0
2770711,9166,-3062,2750,490,386,644,601,1,-39,-3596,-1392,19335,283,33,79,16,0,0,0,0,0,0,0,-32287,0,0,0,0,0,2863238,0
2770716,8212,-3326,2320,484,737,752,602,6,-10,-3635,-1392,19335,283,33,79,16,0,0,0,0,0,0,0,-32287,0,0,0,0,0,2863253,0
2770721,7810,-3362,2000,514,857,790,603,7,6,-3663,-1392,19331,307,33,79,16,0,0,0,0,0,0,0,-32287,0,0,0,0,0,2863258,0
2770726,7512,-3334,1742,553,969,835,602,5,1,-3683,-1392,19331,307,33,79,16,0,0,0,0,0,0,0,-32286,0,0,0,0,0,2863273,0
2770731,7128,-3222,1514,548,1060,861,605,8,0,-3697,-1384,19330,323,33,79,16,0,0,0,0,0,0,0,-32287,0,0,0,0,0,2863277,0
2770736,6624,-3342,1016,533,1160,898,609,18,6,-3707,-1344,19330,323,33,79,16,0,0,0,0,0,0,0,-32287,0,0,0,0,0,2863292,0
2770741,6448,-3426,748,584,1150,906,614,27,19,-3713,-1328,19328,329,33,79,16,0,0,0,0,0,0,0,-32287,0,0,0,0,0,2863297,0
2770746,6382,-3404,478,663,1096,902,626,57,29,-3713,-1232,19328,329,33,79,16,0,0,0,0,0,0,0,-32286,0,0,0,0,0,2863312,0
2770751,6232,-3210,274,738,980,875,648,107,51,-3749,-1016,19329,320,33,79,16,0,0,0,0,0,0,0,-32286,0,0,0,0,0,2863317,0
2770756,6186,-3162,-420,903,666,790,688,170,110,-3734,-928,19329,320,33,79,16,0,0,0,0,0,0,0,-32286,0,0,0,0,0,2863332,0
2770761,6028,-2856,-732,902,432,727,736,211,148,-3665,-856,19334,301,33,79,16,0,0,0,0,0,0,0,-32285,0,0,0,0,0,2863337,0
2770766,6310,-3086,-1030,841,289,752,788,236,171,-3672,-712,19334,301,33,79,16,0,0,0,0,0,0,0,-32285,0,0,0,0,0,2863352,0
2770771,6204,-2870,-906,834,18,686,854,290,156,-3645,-656,19346,276,33,79,16,0,0,0,0,0,0,0,-32285,0,0,0,0,0,2863357,0
2770776,6348,-3168,-780,856,-347,608,931,343,152,-3602,-496,19346,276,33,79,16,0,0,0,0,0,0,0,-32285,0,0,0,0,0,2863372,0
2770781,6828,-3456,-906,905,-536,583,1019,387,159,-3580,-448,19356,230,33,79,16,0,0,0,0,0,0,0,-32286,0,0,0,0,0,2863377,0
2770786,6610,-3348,-608,863,-667,553,1114,418,162,-3550,-312,19356,230,33,79,16,0,0,0,0,0,0,0,-32287,0,0,0,0,0,2863392,0
2770791,6996,-3590,-486,900,-819,512,1218,456,154,-3510,-216,19362,188,33,79,16,0,0,0,0,0,0,0,-32288,0,0,0,0,0,2863397,0
2770796,7446,-3716,-78,1077,-1037,338,1335,517,145,-3443,-104,19362,188,33,79,16,0,0,0,0,0,0,0,-32288,0,0,0,0,0,2863411,0
2770801,7496,-3842,98,1198,-1154,249,1470,596,164,-3361,-96,19366,150,33,79,16,0,0,0,0,0,0,0,-32286,0,0,0,0,0,2863416,0
2770806,7644,-3900,104,1274,-1283,162,1619,662,194,-3288,8,19366,150,33,79,16,0,0,0,0,0,0,0,-32285,0,0,0,0,0,2863431,0
2770811,7872,-3834,120,1375,-1389,53,1783,728,225,-3270,16,19374,105,33,79,16,0,0,0,0,0,0,0,-32286,0,0,0,0,0,2863436,0
2770816,8060,-4030,404,1524,-1561,-127,1959,777,233,-3215,-8,19374,105,33,79,16,0,0,0,0,0,0,0,-32287,0,0,0,0,0,2863452,0
2770821,8016,-4060,592,1512,-1614,-171,2139,787,203,-3179,0,19384,62,33,79,16,0,0,0,0,0,0,0,-32287,0,0,0,0,0,2863457,0
2770826,8192,-4128,792,1475,-1607,-197,2314,769,140,-3167,24,19384,62,33,79,16,0,0,0,0,0,0,0,-32286,0,0,0,0,0,2863471,0
2770831,8354,-4248,1066,1480,-1554,-226,2487,759,66,-3117,8,19393,27,33,79,16,0,0,0,0,0,0,0,-32285,0,0,0,0,0,2863476,0
2770836,8544,-4274,1686,1614,-1387,-281,2655,738,-2,-3054,16,19393,27,33,79,16,0,0,0,0,0,0,0,-32287,0,0,0,0,0,2863491,0
2770841,8798,-4160,1776,1732,-1299,-324,2826,752,-34,-2983,40,19398,10,33,79,16,0,0,0,0,0,0,0,-32288,0,0,0,0,0,2863496,0
2770846,8802,-4058,1768,1826,-1174,-335,2996,748,-28,-2908,8,19398,10,33,79,16,0,0,0,0,0,0,0,-32286,0,0,0,0,0,2863511,0
2770851,8794,-3828,1692,1872,-1059,-338,3165,742,-11,-2852,56,19400,6,33,79,16,0,0,0,0,0,0,0,-32285,0,0,0,0,0,2863516,0
2770856,8894,-3318,1496,1886,-803,-320,3334,744,-1,-2781,0,19400,6,33,79,16,0,0,0,0,0,0,0,-32286,0,0,0,0,0,2863531,0
2770861,8620,-3066,1332,1783,-712,-284,3493,696,-20,-2726,0,19400,-7,33,79,16,0,0,0,0,0,0,0,-32287,0,0,0,0,0,2863536,0
2770866,8630,-2772,1108,1715,-581,-295,3639,646,-65,-2696,0,19400,-7,33,79,16,0,0,0,0,0,0,0,-32287,0,0,0,0,0,2863551,0
2770871,8774,-2632,1020,1722,-431,-280,3783,630,-100,-2607,-24,19399,-6,33,79,16,0,0,0,0,0,0,0,-32286,0,0,0,0,0,2863556,0
2770876,8616,-2432,870,1709,-355,-261,3924,619,-110,-2517,-8,19399,-6,33,79,16,0,0,0,0,0,0,0,-32285,0,0,0,0,0,2863571,0
2770881,8616,-2104,642,1754,-337,-293,4068,631,-83,-2434,40,19399,-5,33,79,16,0,0,0,0,0,0,0,-32286,0,0,0,0,0,2863576,0
2770886,8532,-1944,422,1830,-370,-323,4225,684,-13,-2331,40,19399,-5,33,79,16,0,0,0,0,0,0,0,-32287,0,0,0,0,0,2863591,0
2770891,8308,-1728,214,1830,-452,-346,4387,730,53,-2259,80,19397,1,33,79,16,0,0,0,0,0,0,0,-32287,0,0,0,0,0,2863596,0
2770896,8540,-1344,-98,1819,-629,-429,4561,773,106,-2194,112,19397,1,33,79,16,0,0,0,0,0,0,0,-32287,0,0,0,0,0,2863611,0
2770901,8466,-1452,-176,1792,-753,-434,4741,787,133,-2108,144,19397,-4,33,79,16,0,0,0,0,0,0,0,-32285,0,0,0,0,0,2863616,0
2770906,8528,-1458,-134,1719,-905,-483,4926,815,132,-2045,168,19397,-4,33,79,16,0,0,0,0,0,0,0,-32286,0,0,0,0,0,2863630,0
2770911,8932,-1452,12,1687,-989,-561,5119,846,113,-1983,224,19398,-11,33,79,16,0,0,0,0,0,0,0,-32287,0,0,0,0,0,2863635,0
2770916,9266,-1862,468,1712,-1030,-696,5317,883,99,-1911,352,19398,-11,33,79,16,0,0,0,0,0,0,0,-32287,0,0,0,0,0,2863650,0
2770921,9468,-2154,466,1726,-1052,-752,5524,920,98,-1837,488,19404,-26,33,79,16,0,0,0,0,0,0,0,-32286,0,0,0,0,0,2863655,0
2770926,9610,-2434,578,1779,-1097,-840,5743,962,111,-1771,576,19404,-26,33,79,16,0,0,0,0,0,0,0,-32286,0,0,0,0,0,2863670,0
2770931,9674,-2658,686,1783,-1074,-898,5965,985,123,-1679,656,19408,-36,33,79,16,0,0,0,0,0,0,0,-32287,0,0,0,0,0,2863675,0
2770936,9722,-3120,960,1723,-1125,-997,6190,991,116,-1594,688,19408,-36,33,79,16,0,0,0,0,0,0,0,-32286,0,0,0,0,0,2863690,0
2770941,9858,-3314,864,1698,-1173,-1075,6417,998,80,-1526,736,19410,-46,33,79,16,0,0,0,0,0,0,0,-32286,0,0,0,0,0,2863695,0
2770946,9942,-3696,792,1735,-1147,-1077,6645,1001,54,-1450,744,19410,-46,33,79,16,0,0,0,0,0,0,0,-32287,0,0,0,0,0,2863710,0
2770951,9688,-3692,1006,1695,-1214,-1095,6873,1007,28,-1369,792,19408,-60,33,79,16,0,0,0,0,0,0,0,-32287,0,0,0,0,0,2863715,0
2770956,9848,-3632,1398,1729,-1170,-1095,7099,991,13,-1270,736,19408,-60,33,79,16,0,0,0,0,0,0,0,-32286,0,0,0,0,0,2863730,0
2770961,9710,-3506,1278,1680,-1168,-1091,7317,958,-12,-1205,680,19406,-59,33,79,16,0,0,0,0,0,0,0,-32286,0,0,0,0,0,2863735,0
2770966,9606,-3304,1150,1617,-1078,-1042,7523,896,-59,-1126,544,19406,-59,33,79,16,0,0,0,0,0,0,0,-32287,0,0,0,0,0,2863750,0
2770971,9176,-2840,1508,1450,-998,-1014,7712,828,-116,-1059,424,19405,-44,33,79,16,0,0,0,0,0,0,0,-32287,0,0,0,0,0,2863755,0
2770976,8860,-2566,1686,1126,-770,-971,7887,763,-177,-987,288,19405,-44,33,79,16,0,0,0,0,0,0,0,-32286,0,0,0,0,0,2863770,0
2770981,8534,-2520,1810,936,-697,-951,8042,680,-223,-923,192,19401,-16,33,79,16,0,0,0,0,0,0,0,-32286,0,0,0,0,0,2863775,0
2770986,8400,-2594,1858,732,-586,-927,8176,582,-257,-877,112,19401,-16,33,79,16,0,0,0,0,0,0,0,-32286,0,0,0,0,0,2863790,0
2770991,8372,-2618,1986,567,-477,-898,8289,489,-287,-848,72,19400,4,33,79,16,0,0,0,0,0,0,0,-32287,0,0,0,0,0,2863795,0
2770996,8068,-3234,2050,227,-267,-826,8374,366,-321,-794,24,19400,4,33,79,16,0,0,0,0,0,0,0,-32287,0,0,0,0,0,2863810,0
2771001,8270,-3682,1864,111,-105,-787,8436,265,-347,-691,-8,19396,23,33,79,16,0,0,0,0,0,0,0,-32286,0,0,0,0,0,2863815,0
2771006,7836,-4160,1906,-36,61,-736,8471,194,-360,-606,-48,19396,23,33,79,16,0,0,0,0,0,0,0,-32286,0,0,0,0,0,2863830,0
2771011,7642,-4812,1732,-84,113,-699,8500,112,-346,-527,-72,19391,33,33,79,16,0,0,0,0,0,0,0,-32286,0,0,0,0,0,2863835,0
2771016,8070,-5342,1458,222,95,-790,8516,78,-306,-445,-64,19391,33,33,79,16,0,0,0,0,0,0,0,-32286,0,0,0,0,0,2863850,0
2771021,7840,-5474,1318,354,136,-789,8528,50,-239,-380,-72,19388,50,33,79,16,0,0,0,0,0,0,0,-32286,0,0,0,0,0,2863854,0
2771026,7528,-5392,1126,332,40,-825,8529,-3,-179,-323,-72,19388,50,33,79,16,0,0,0,0,0,0,0,-32286,0,0,0,0,0,2863869,0
2771031,7554,-5208,920,238,24,-869,8529,-3,-121,-272,-48,19385,63,33,79,16,0,0,0,0,0,0,0,-32287,0,0,0,0,0,2863874,0
2771036,6428,-5384,348,-504,141,-721,8530,-1,-83,-217,-48,19385,63,33,79,16,0,0,0,0,0,0,0,-32286,0,0,0,0,0,2863889,0
2771041,6382,-6034,52,-614,34,-778,8530,7,-43,-166,-24,19385,62,33,79,16,0,0,0,0,0,0,0,-32286,0,0,0,0,0,2863894,0
2771046,5910,-7416,374,-513,11,-718,8529,0,-22,-115,-16,19385,62,33,79,16,0,0,0,0,0,0,0,-32286,0,0,0,0,0,2863909,0
2771051,4804,-8126,146,64,-599,-830,8528,-11,0,-64,-16,19384,62,33,79,16,0,0,0,0,0,0,0,-32286,0,0,0,0,0,2863914,0
2771056,4604,-6814,1050,488,-755,-746,8528,-8,3,-23,0,19384,62,33,79,16,0,0,0,0,0,0,0,-32286,0,0,0,0,0,2863929,0
2771061,4390,-6718,1498,194,-599,-664,8529,1,-4,15,8,19385,67,33,79,16,0,0,0,0,0,0,0,-32286,0,0,0,0,0,2863934,0
2771066,3894,-7550,1462,-69,-664,-528,8528,-1,-2,50,24,19385,67,33,79,16,0,0,0,0,0,0,0,-32286,0,0,0,0,0,2863949,0
2771071,3586,-8226,1692,-72,-691,-406,8529,0,1,91,24,19386,67,33,79,16,0,0,0,0,0,0,0,-32286,0,0,0,0,0,2863954,0
2771076,3464,-8364,2172,400,-681,-255,8529,2,2,137,32,19386,67,33,79,16,0,0,0,0,0,0,0,-32286,0,0,0,0,0,2863969,0
2771081,3152,-8032,2398,497,-595,-151,8529,3,1,179,48,19385,65,33,79,16,0,0,0,0,0,0,0,-32286,0,0,0,0,0,2863973,0
2771086,3078,-8008,2360,544,-597,-66,8529,7,2,219,56,19385,65,33,79,16,0,0,0,0,0,0,0,-32286,0,0,0,0,0,2863988,0
2771091,3322,-8068,2186,650,-568,52,8529,3,2,264,64,19386,64,33,79,16,0,0,0,0,0,0,0,-32286,0,0,0,0,0,2863993,0
2771096,6736,-7076,3144,3625,-829,-970,8522,-36,-11,316,40,19386,64,33,79,16,0,0,0,0,0,0,0,-32287,0,0,0,0,0,2864008,0
2771101,5680,-6640,1840,4771,-1581,-1083,8501,-98,-57,360,32,19385,70,33,79,16,0,0,0,0,0,0,0,-32287,0,0,0,0,0,2864013,0
2771106,8740,-3124,2442,4230,-1684,-1030,8466,-165,-125,407,-16,19385,70,33,79,16,0,0,0,0,0,0,0,-32286,0,0,0,0,0,2864028,0
2771111,8178,-92,2626,2590,-903,-982,8400,-300,-181,421,-96,19387,70,33,79,16,0,0,0,0,0,0,0,-32286,0,0,0,0,0,2864033,0
2771116,8014,-4000,1474,884,-516,-704,8295,-464,-281,433,-232,19387,70,33,79,16,0,0,0,0,0,0,0,-32286,0,0,0,0,0,2864048,0
2771121,6682,-5460,1288,1364,-823,-703,8151,-656,-393,478,-616,19387,65,33,79,16,0,0,0,0,0,0,0,-32286,0,0,0,0,0,2864053,0
2771126,7726,-4784,962,1850,-1092,-686,7966,-840,-485,535,-936,19387,65,33,79,16,0,0,0,0,0,0,0,-32286,0,0,0,0,0,2864068,0
2771131,8226,-2966,1090,1558,-869,-549,7739,-1023,-595,602,-1328,19390,54,33,79,16,0,0,0,0,0,0,0,-32287,0,0,0,0,0,2864073,0
2771136,8220,-2448,806,14,-281,-204,7473,-1188,-623,630,-1592,19390,54,33,79,16,0,0,0,0,0,0,0,-32286,0,0,0,0,0,2864088,0
2771141,7528,-3142,1152,-231,-271,-75,7174,-1331,-658,670,-1840,19394,28,33,79,16,0,0,0,0,0,0,0,-32286,0,0,0,0,0,2864093,0
2771146,7568,-3612,1242,-108,-430,9,6849,-1441,-574,707,-2056,19394,28,33,79,16,0,0,0,0,0,0,0,-32287,0,0,0,0,0,2864108,0
2771151,7714,-3046,1328,-30,-499,63,6504,-1518,-500,781,-2208,19397,2,33,79,16,0,0,0,0,0,0,0,-32286,0,0,0,0,0,2864113,0
2771156,8242,-1758,1276,-502,-329,175,6145,-1582,-402,819,-2272,19397,2,33,79,16,0,0,0,0,0,0,0,-32286,0,0,0,0,0,2864128,0
2771161,8100,-1812,1360,-760,-221,203,5778,-1623,-312,853,-2312,19402,-26,33,79,16,0,0,0,0,0,0,0,-32286,0,0,0,0,0,2864133,0
2771166,8028,-2216,1462,-870,-182,219,5411,-1616,-211,891,-2272,19402,-26,33,79,16,0,0,0,0,0,0,0,-32287,0,0,0,0,0,2864148,0
2771171,7824,-2468,1526,-860,-180,198,5047,-1596,-118,931,-2168,19408,-48,33,79,16,0,0,0,0,0,0,0,-32286,0,0,0,0,0,2864153,0
2771176,7856,-2630,1624,-677,-178,115,4694,-1547,-26,959,-1944,19408,-48,33,79,16,0,0,0,0,0,0,0,-32287,0,0,0,0,0,2864168,0
2771181,7960,-2602,1628,-681,-140,90,4357,-1471,69,994,-1736,19411,-62,33,79,16,0,0,0,0,0,0,0,-32287,0,0,0,0,0,2864172,0
2771186,7702,-2576,1622,-649,-117,25,4046,-1365,163,1043,-1408,19411,-62,33,79,16,0,0,0,0,0,0,0,-32286,0,0,0,0,0,2864187,0
2771191,7824,-2668,1290,-506,-215,-80,3762,-1232,258,1106,-1160,19413,-69,33,79,16,0,0,0,0,0,0,0,-32287,0,0,0,0,0,2864192,0
2771196,8268,-2192,1072,-91,-352,-323,3507,-1106,345,1148,-880,19413,-69,33,79,16,0,0,0,0,0,0,0,-32286,0,0,0,0,0,2864207,0
2771201,8674,-2076,1014,-43,-339,-377,3282,-976,408,1203,-592,19413,-56,33,79,16,0,0,0,0,0,0,0,-32286,0,0,0,0,0,2864212,0
2771206,8576,-1866,1260,-179,-262,-434,3086,-854,436,1225,-304,19413,-56,33,79,16,0,0,0,0,0,0,0,-32287,0,0,0,0,0,2864227,0
2771211,8530,-2286,1188,-208,-246,-470,2917,-737,447,1293,-136,19410,-35,33,79,16,0,0,0,0,0,0,0,-32286,0,0,0,0,0,2864232,0
2771216,8432,-2664,962,148,-383,-638,2777,-599,439,1380,-48,19410,-35,33,79,16,0,0,0,0,0,0,0,-32286,0,0,0,0,0,2864247,0
2771221,8642,-2244,914,328,-441,-722,2665,-480,430,1465,-32,19405,-16,33,79,16,0,0,0,0,0,0,0,-32286,0,0,0,0,0,2864252,0
2771226,8752,-1824,898,364,-446,-822,2579,-363,429,1501,56,19405,-16,33,79,16,0,0,0,0,0,0,0,-32286,0,0,0,0,0,2864267,0
2771231,8782,-1660,892,298,-390,-896,2513,-283,414,1480,112,19397,7,33,79,16,0,0,0,0,0,0,0,-32287,0,0,0,0,0,2864271,0
2771236,8646,-1790,938,192,-402,-1005,2461,-222,375,1502,144,19397,7,33,79,16,0,0,0,0,0,0,0,-32287,0,0,0,0,0,2864287,0
2771241,8702,-1858,810,171,-372,-1077,2417,-194,298,1514,192,19391,32,33,79,16,0,0,0,0,0,0,0,-32287,0,0,0,0,0,2864294,0
2771246,8516,-1994,812,116,-295,-1076,2377,-181,212,1546,176,19391,32,33,79,16,0,0,0,0,0,0,0,-32287,0,0,0,0,0,2864309,0
2771251,8574,-1916,862,51,-192,-1091,2329,-210,117,1597,120,19385,69,33,79,16,0,0,0,0,0,0,0,-32287,0,0,0,0,0,2864314,0
2771256,8066,-2222,1080,-339,64,-1004,2272,-248,25,1611,104,19385,69,33,79,16,0,0,0,0,0,0,0,-32287,0,0,0,0,0,2864329,0
2771261,7980,-2540,1048,-350,233,-972,2207,-280,-54,1645,88,19383,73,33,79,16,0,0,0,0,0,0,0,-32287,0,0,0,0,0,2864334,0
2771266,7166,-2424,1252,-415,311,-926,2135,-320,-97,1675,88,19383,73,33,79,16,0,0,0,0,0,0,0,-32286,0,0,0,0,0,2864349,0
2771271,7410,-2638,1072,-422,358,-911,2060,-338,-111,1717,72,19382,71,33,79,16,0,0,0,0,0,0,0,-32286,0,0,0,0,0,2864354,0
2771276,6722,-2750,988,-619,458,-759,1974,-382,-108,1745,40,19382,71,33,79,16,0,0,0,0,0,0,0,-32286,0,0,0,0,0,2864369,0
2771281,6548,-3126,854,-745,501,-634,1876,-445,-115,1772,24,19386,63,33,79,16,0,0,0,0,0,0,0,-32286,0,0,0,0,0,2864374,0
2771286,6164,-2988,832,-861,519,-555,1761,-513,-154,1756,8,19386,63,33,79,16,0,0,0,0,0,0,0,-32286,0,0,0,0,0,2864389,0
2771291,6098,-3066,790,-888,519,-504,1638,-540,-175,1789,-8,19389,48,33,79,16,0,0,0,0,0,0,0,-32287,0,0,0,0,0,2864394,0
2771296,5726,-3034,728,-910,528,-362,1512,-561,-176,1864,0,19389,48,33,79,16,0,0,0,0,0,0,0,-32287,0,0,0,0,0,2864408,0
2771301,5710,-3078,610,-979,497,-288,1376,-608,-155,1864,-32,19395,34,33,79,16,0,0,0,0,0,0,0,-32287,0,0,0,0,0,2864413,0
2771306,5706,-2844,590,-933,464,-295,1241,-587,-106,1911,-24,19395,34,33,79,16,0,0,0,0,0,0,0,-32286,0,0,0,0,0,2864428,0
2771311,5786,-2736,612,-849,445,-256,1111,-571,-53,1994,-16,19398,17,33,79,16,0,0,0,0,0,0,0,-32286,0,0,0,0,0,2864433,0
2771316,5830,-2404,408,-828,366,-192,982,-564,-19,1996,0,19398,17,33,79,16,0,0,0,0,0,0,0,-32287,0,0,0,0,0,2864448,0
2771321,6050,-1998,420,-787,344,-215,860,-531,22,2026,0,19397,19,33,79,16,0,0,0,0,0,0,0,-32287,0,0,0,0,0,2864453,0
2771326,6096,-2006,448,-728,318,-189,750,-478,70,2080,32,19397,19,33,79,16,0,0,0,0,0,0,0,-32287,0,0,0,0,0,2864468,0
2771331,6214,-1838,480,-773,313,-177,641,-470,92,2085,48,19393,32,33,79,16,0,0,0,0,0,0,0,-32287,0,0,0,0,0,2864473,0
2771336,6462,-1898,488,-839,342,-142,540,-447,100,2102,64,19393,32,33,79,16,0,0,0,0,0,0,0,-32286,0,0,0,0,0,2864488,0
2771341,6456,-1854,540,-860,361,-125,446,-405,99,2128,104,19391,46,33,79,16,0,0,0,0,0,0,0,-32286,0,0,0,0,0,2864493,0
2771346,6636,-2046,534,-837,342,-104,359,-376,94,2145,112,19391,46,33,79,16,0,0,0,0,0,0,0,-32285,0,0,0,0,0,2864508,0
2771351,6622,-1866,602,-865,377,-64,279,-348,97,2154,128,19388,62,33,79,16,0,0,0,0,0,0,0,-32286,0,0,0,0,0,2864513,0
2771356,6704,-1892,602,-929,424,6,205,-320,102,2167,208,19388,62,33,79,16,0,0,0,0,0,0,0,-32286,0,0,0,0,0,2864528,0
2771361,6670,-1774,640,-863,389,2,144,-257,118,2177,296,19384,64,33,79,16,0,0,0,0,0,0,0,-32287,0,0,0,0,0,2864533,0
2771366,6832,-1712,578,-810,404,20,95,-209,132,2191,416,19384,64,33,79,16,0,0,0,0,0,0,0,-32287,0,0,0,0,0,2864548,0
2771371,6870,-1736,496,-852,411,69,55,-180,148,2190,504,19382,76,33,79,16,0,0,0,0,0,0,0,-32287,0,0,0,0,0,2864553,0
2771376,7030,-1574,418,-917,486,106,26,-121,160,2210,552,19382,76,33,79,16,0,0,0,0,0,0,0,-32287,0,0,0,0,0,2864567,0
2771381,6706,-1388,474,-998,511,117,4,-96,163,2239,624,19379,93,33,79,16,0,0,0,0,0,0,0,-32288,0,0,0,0,0,2864572,0
2771386,6710,-1510,470,-977,482,94,-5,-44,147,2208,792,19379,93,33,79,16,0,0,0,0,0,0,0,-32287,0,0,0,0,0,2864587,0
2771391,6774,-1604,470,-876,484,107,-1,17,157,2224,840,19377,118,33,79,16,0,0,0,0,0,0,0,-32287,0,0,0,0,0,2864592,0
2771396,6436,-1458,396,-1073,573,194,3,17,156,2279,824,19377,118,33,79,16,0,0,0,0,0,0,0,-32287,0,0,0,0,0,2864607,0
2771401,6288,-1472,398,-1199,636,241,4,2,113,2300,800,19373,144,33,79,16,0,0,0,0,0,0,0,-32287,0,0,0,0,0,2864612,0
2771406,6144,-1646,438,-1236,675,277,4,2,61,2295,800,19373,144,33,79,16,0,0,0,0,0,0,0,-32288,0,0,0,0,0,2864627,0
2771411,5918,-1698,506,-1246,710,301,5,6,4,2300,816,19370,153,33,79,16,0,0,0,0,0,0,0,-32287,0,0,0,0,0,2864632,0
2771416,5694,-1656,470,-1252,768,359,7,6,-13,2300,840,19370,153,33,79,16,0,0,0,0,0,0,0,-32287,0,0,0,0,0,2864647,0
2771421,5626,-1616,488,-1268,781,380,10,14,3,2308,832,19369,165,33,79,16,0,0,0,0,0,0,0,-32287,0,0,0,0,0,2864651,0
2771426,5610,-1610,440,-1307,795,403,13,15,15,2312,824,19369,165,33,79,16,0,0,0,0,0,0,0,-32287,0,0,0,0,0,2864666,0
2771431,5524,-1532,444,-1326,822,443,16,6,10,2309,840,19368,171,33,79,16,0,0,0,0,0,0,0,-32288,0,0,0,0,0,2864671,0
2771436,5536,-1562,472,-1346,818,471,18,13,4,2309,848,19368,171,33,79,16,0,0,0,0,0,0,0,-32287,0,0,0,0,0,2864686,0
2771441,5640,-1598,470,-1325,815,476,22,13,1,2305,848,19366,167,33,79,16,0,0,0,0,0,0,0,-32287,0,0,0,0,0,2864691,0
2771446,5706,-1548,534,-1293,803,476,29,31,6,2295,888,19366,167,33,79,16,0,0,0,0,0,0,0,-32287,0,0,0,0,0,2864706,0
2771451,5862,-1494,556,-1258,790,467,41,55,23,2265,992,19362,159,33,79,16,0,0,0,0,0,0,0,-32288,0,0,0,0,0,2864711,0
2771456,6258,-1274,736,-1109,739,400,66,110,60,2229,1176,19362,159,33,79,16,0,0,0,0,0,0,0,-32287,0,0,0,0,0,2864726,0
2771461,6426,-1362,652,-1067,720,409,102,164,101,2242,1224,19361,167,33,79,16,0,0,0,0,0,0,0,-32287,0,0,0,0,0,2864731,0
2771466,6536,-994,654,-1067,632,339,149,214,146,2242,1320,19361,167,33,79,16,0,0,0,0,0,0,0,-32287,0,0,0,0,0,2864745,0
2771471,7200,-1300,510,-960,538,305,211,274,175,2198,1512,19360,194,33,79,16,0,0,0,0,0,0,0,-32287,0,0,0,0,0,2864750,0
2771476,7580,-696,824,-934,423,197,286,334,191,2226,1536,19360,194,33,79,16,0,0,0,0,0,0,0,-32286,0,0,0,0,0,2864765,0
2771481,7952,-616,958,-992,404,140,368,362,184,2198,1608,19358,224,33,79,16,0,0,0,0,0,0,0,-32285,0,0,0,0,0,2864770,0
2771486,8392,-752,1062,-961,372,72,458,395,175,2188,1696,19358,224,33,79,16,0,0,0,0,0,0,0,-32285,0,0,0,0,0,2864785,0
2771491,8624,-692,1216,-970,393,13,554,420,145,2169,1696,19352,244,33,79,16,0,0,0,0,0,0,0,-32285,0,0,0,0,0,2864790,0
2771496,9092,-740,1324,-1101,485,-101,649,419,109,2157,1648,19352,244,33,79,16,0,0,0,0,0,0,0,-32286,0,0,0,0,0,2864805,0
2771501,9270,-1290,1326,-1181,549,-105,746,416,71,2130,1640,19350,246,33,79,16,0,0,0,0,0,0,0,-32287,0,0,0,0,0,2864810,0
2771506,9082,-1340,1480,-1223,576,-156,838,404,23,2113,1632,19350,246,33,79,16,0,0,0,0,0,0,0,-32287,0,0,0,0,0,2864825,0
2771511,9186,-1796,1378,-1225,595,-157,925,384,-13,2065,1560,19351,247,33,79,16,0,0,0,0,0,0,0,-32287,0,0,0,0,0,2864830,0
2771516,8800,-2236,1282,-1296,643,-133,1011,373,-33,2039,1496,19351,247,33,79,16,0,0,0,0,0,0,0,-32287,0,0,0,0,0,2864844,0
2771521,8640,-2410,1334,-1339,587,-147,1088,340,-54,2033,1408,19352,249,33,79,16,0,0,0,0,0,0,0,-32286,0,0,0,0,0,2864849,0
2771526,8870,-2644,1274,-1272,544,-148,1156,294,-75,1994,1232,19352,249,33,79,16,0,0,0,0,0,0,0,-32286,0,0,0,0,0,2864864,0
2771531,8800,-2572,1308,-1249,512,-144,1210,235,-109,1986,1096,19353,231,33,79,16,0,0,0,0,0,0,0,-32286,0,0,0,0,0,2864869,0
2771536,8950,-2502,1402,-1371,487,-182,1254,191,-145,1901,1088,19353,231,33,79,16,0,0,0,0,0,0,0,-32285,0,0,0,0,0,2864884,0
2771541,8972,-2798,1336,-1386,524,-188,1289,152,-160,1895,960,19356,216,33,79,16,0,0,0,0,0,0,0,-32286,0,0,0,0,0,2864889,0
2771546,8806,-2832,1488,-1315,458,-257,1320,133,-156,1860,864,19356,216,33,79,16,0,0,0,0,0,0,0,-32286,0,0,0,0,0,2864904,0
2771551,8836,-3228,1336,-1305,465,-245,1337,75,-135,1833,752,19362,192,33,79,16,0,0,0,0,0,0,0,-32286,0,0,0,0,0,2864909,0
2771556,8634,-3376,1192,-1272,370,-327,1349,42,-127,1783,720,19362,192,33,79,16,0,0,0,0,0,0,0,-32286,0,0,0,0,0,2864924,0
2771561,8368,-3382,1242,-1191,315,-354,1357,33,-126,1724,680,19368,163,33,79,16,0,0,0,0,0,0,0,-32286,0,0,0,0,0,2864928,0
2771566,8218,-3480,1218,-1093,244,-378,1363,28,-101,1676,672,19368,163,33,79,16,0,0,0,0,0,0,0,-32287,0,0,0,0,0,2864943,0
2771571,8038,-3418,1240,-998,187,-375,1370,27,-70,1634,632,19370,133,33,79,16,0,0,0,0,0,0,0,-32286,0,0,0,0,0,2864948,0
2771576,7946,-2972,1272,-836,81,-365,1368,5,-40,1601,584,19370,133,33,79,16,0,0,0,0,0,0,0,-32286,0,0,0,0,0,2864963,0
2771581,8116,-2658,1298,-752,48,-364,1368,-9,-31,1559,552,19374,118,33,79,16,0,0,0,0,0,0,0,-32286,0,0,0,0,0,2864968,0
2771586,8148,-2270,1350,-734,66,-342,1368,-1,-34,1509,544,19374,118,33,79,16,0,0,0,0,0,0,0,-32286,0,0,0,0,0,2864983,0
2771591,8296,-2154,1422,-758,69,-319,1368,-4,-23,1449,536,19375,110,33,79,16,0,0,0,0,0,0,0,-32286,0,0,0,0,0,2864988,0
2771596,9300,-2544,1626,-822,114,-235,1368,3,-5,1409,504,19375,110,33,79,16,0,0,0,0,0,0,0,-32286,0,0,0,0,0,2865003,0
2771601,10010,-2838,1890,-884,182,-173,1368,-1,-1,1370,496,19378,109,33,79,16,0,0,0,0,0,0,0,-32286,0,0,0,0,0,2865008,0
2771606,10598,-3222,2018,-991,231,-79,1368,-1,3,1319,464,19378,109,33,79,16,0,0,0,0,0,0,0,-32287,0,0,0,0,0,2865023,0
2771611,11130,-3590,1946,-1117,189,8,1367,-6,1,1272,448,19382,111,33,79,16,0,0,0,0,0,0,0,-32286,0,0,0,0,0,2865028,0
2771616,12406,-4232,1612,-1309,137,196,1368,1,2,1218,416,19382,111,33,79,16,0,0,0,0,0,0,0,-32286,0,0,0,0,0,2865043,0
2771621,13036,-4736,1420,-1442,198,339,1367,-4,0,1172,416,19385,105,33,79,16,0,0,0,0,0,0,0,-32286,0,0,0,0,0,2865048,0
2771626,12588,-5508,1498,-1828,452,593,1369,6,5,1116,392,19385,105,33,79,16,0,0,0,0,0,0,0,-32286,0,0,0,0,0,2865063,0
2771631,12532,-6334,1882,-1781,441,631,1370,9,3,1076,344,19387,101,33,79,16,0,0,0,0,0,0,0,-32286,0,0,0,0,0,2865068,0
2771636,12984,-6462,2348,-1052,482,607,1372,8,13,1031,328,19387,101,33,79,16,0,0,0,0,0,0,0,-32286,0,0,0,0,0,2865082,0
2771641,13050,-5538,2486,-975,649,541,1375,9,7,969,320,19383,93,33,79,16,0,0,0,0,0,0,0,-32286,0,0,0,0,0,2865087,0
2771646,13052,-5052,2362,-1075,911,476,1376,12,7,918,312,19383,93,33,79,16,0,0,0,0,0,0,0,-32286,0,0,0,0,0,2865102,0
2771651,12374,-4866,2230,-1268,1176,403,1380,20,5,867,288,19382,88,33,79,16,0,0,0,0,0,0,0,-32286,0,0,0,0,0,2865107,0
2771656,10490,-5836,1850,-1463,1516,267,1386,25,7,816,288,19382,88,33,79,16,0,0,0,0,0,0,0,-32286,0,0,0,0,0,2865122,0
2771661,9408,-6410,1644,-1347,1562,197,1393,29,15,764,264,19383,86,33,79,16,0,0,0,0,0,0,0,-32286,0,0,0,0,0,2865127,0
2771666,8492,-6722,1394,-1148,1523,124,1404,55,26,703,296,19383,86,33,79,16,0,0,0,0,0,0,0,-32287,0,0,0,0,0,2865142,0
2771671,7608,-6760,1254,-920,1447,49,1424,90,43,640,360,19384,75,33,79,16,0,0,0,0,0,0,0,-32287,0,0,0,0,0,2865147,0
2771676,5932,-6870,1050,-337,1186,-50,1455,137,77,590,400,19384,75,33,79,16,0,0,0,0,0,0,0,-32286,0,0,0,0,0,2865162,0
2771681,5340,-7088,872,135,947,-84,1485,135,102,561,408,19383,69,33,79,16,0,0,0,0,0,0,0,-32287,0,0,0,0,0,2865167,0
2771686,4906,-6116,1008,471,752,-143,1525,177,106,503,448,19383,69,33,79,16,0,0,0,0,0,0,0,-32286,0,0,0,0,0,2865182,0
2771691,5112,-5612,944,742,717,-191,1566,188,87,468,448,19382,73,33,79,16,0,0,0,0,0,0,0,-32287,0,0,0,0,0,2865187,0
2771696,4134,-4336,-260,613,362,-176,1609,189,72,417,424,19382,73,33,79,16,0,0,0,0,0,0,0,-32287,0,0,0,0,0,2865201,0
2771701,3828,-3878,-672,397,267,-154,1652,191,48,374,352,19383,75,33,79,16,0,0,0,0,0,0,0,-32286,0,0,0,0,0,2865206,0
2771706,3360,-3356,-914,268,144,-183,1696,191,31,335,328,19383,75,33,79,16,0,0,0,0,0,0,0,-32286,0,0,0,0,0,2865221,0
2771711,3382,-3648,-1032,272,9,-184,1744,207,17,274,304,19384,81,33,79,16,0,0,0,0,0,0,0,-32286,0,0,0,0,0,2865226,0
2771716,3264,-3286,-972,381,-226,-201,1789,202,14,231,232,19384,81,33,79,16,0,0,0,0,0,0,0,-32286,0,0,0,0,0,2865241,0
2771721,3182,-3166,-672,254,-150,-115,1832,198,10,192,184,19384,80,33,79,16,0,0,0,0,0,0,0,-32287,0,0,0,0,0,2865246,0
2771726,2500,-2656,-482,-317,92,54,1875,188,-2,135,136,19384,80,33,79,16,0,0,0,0,0,0,0,-32286,0,0,0,0,0,2865261,0
2771731,3136,-3114,-672,-536,58,80,1913,159,-16,87,56,19385,75,33,79,16,0,0,0,0,0,0,0,-32286,0,0,0,0,0,2865266,0
2771736,2584,-3466,-278,-570,176,219,1938,104,-54,32,40,19385,75,33,79,16,0,0,0,0,0,0,0,-32286,0,0,0,0,0,2865281,0
2771741,3152,-4144,-576,-378,97,270,1960,93,-81,-16,16,19385,67,33,79,16,0,0,0,0,0,0,0,-32286,0,0,0,0,0,2865286,0
2771746,2894,-3940,-526,-260,-58,311,1969,34,-111,-56,-24,19385,67,33,79,16,0,0,0,0,0,0,0,-32287,0,0,0,0,0,2865301,0
2771751,3268,-4114,-620,-288,-212,388,1968,-6,-138,-111,-40,19385,68,33,79,16,0,0,0,0,0,0,0,-32286,0,0,0,0,0,2865306,0
2771756,3864,-4674,-592,-898,-417,709,1965,-5,-137,-156,-48,19385,68,33,79,16,0,0,0,0,0,0,0,-32286,0,0,0,0,0,2865321,0
2771761,4350,-5264,-128,-1319,-335,944,1964,4,-100,-204,-56,19384,66,33,79,16,0,0,0,0,0,0,0,-32286,0,0,0,0,0,2865326,0
2771766,4644,-5318,708,-1426,-235,1010,1965,10,-58,-257,-72,19384,66,33,79,16,0,0,0,0,0,0,0,-32286,0,0,0,0,0,2865341,0
2771771,5574,-5958,968,-1070,-265,1009,1964,12,-6,-300,-96,19386,69,33,79,16,0,0,0,0,0,0,0,-32286,0,0,0,0,0,2865346,0
2771776,5584,-6570,1466,-716,-371,1150,1964,2,7,-353,-112,19386,69,33,79,16,0,0,0,0,0,0,0,-32286,0,0,0,0,0,2865361,0
2771781,6608,-6536,960,-485,-483,1145,1963,-7,4,-413,-128,19387,69,33,79,16,0,0,0,0,0,0,0,-32287,0,0,0,0,0,2865365,0
2771786,6632,-5874,866,-304,-550,1110,1964,1,-1,-466,-144,19387,69,33,79,16,0,0,0,0,0,0,0,-32287,0,0,0,0,0,2865380,0
2771791,6988,-5464,502,-241,-643,1051,1963,1,-3,-515,-160,19388,70,33,79,16,0,0,0,0,0,0,0,-32287,0,0,0,0,0,2865385,0
2771796,7354,-4724,8,-264,-685,916,1960,-8,-5,-570,-184,19388,70,33,79,16,0,0,0,0,0,0,0,-32286,0,0,0,0,0,2865400,0
2771801,7316,-4602,-150,-261,-690,821,1958,-5,-10,-628,-208,19387,63,33,79,16,0,0,0,0,0,0,0,-32287,0,0,0,0,0,2865405,0
2771806,7280,-4406,-284,-217,-699,706,1954,-19,-8,-682,-232,19387,63,33,79,16,0,0,0,0,0,0,0,-32287,0,0,0,0,0,2865420,0
2771811,7304,-4394,-406,-167,-681,610,1954,1,-4,-733,-232,19387,67,33,79,16,0,0,0,0,0,0,0,-32286,0,0,0,0,0,2865425,0
2771816,6958,-4364,-458,-107,-731,447,1952,-6,-1,-793,-248,19387,67,33,79,16,0,0,0,0,0,0,0,-32287,0,0,0,0,0,2865442,0
2771821,6714,-4434,-416,-127,-793,374,1953,2,8,-839,-264,19387,76,33,79,16,0,0,0,0,0,0,0,-32287,0,0,0,0,0,2865447,0
2771826,6742,-4658,-406,-94,-839,302,1951,-1,7,-900,-280,19387,76,33,79,16,0,0,0,0,0,0,0,-32286,0,0,0,0,0,2865460,0
2771831,6586,-4804,-266,-20,-888,252,1952,-3,8,-956,-296,19385,82,33,79,16,0,0,0,0,0,0,0,-32287,0,0,0,0,0,2865465,0
2771836,6438,-4998,-60,119,-976,175,1951,-3,-1,-1008,-320,19385,82,33,79,16,0,0,0,0,0,0,0,-32287,0,0,0,0,0,2865480,0
2771841,6520,-5022,2,191,-988,154,1951,-1,4,-1057,-336,19385,85,33,79,16,0,0,0,0,0,0,0,-32286,0,0,0,0,0,2865485,0
2771846,6396,-5054,140,228,-1026,131,1951,2,-1,-1119,-352,19385,85,33,79,16,0,0,0,0,0,0,0,-32287,0,0,0,0,0,2865500,0
2771851,6756,-5102,22,332,-997,142,1950,-2,0,-1170,-408,19382,80,33,79,16,0,0,0,0,0,0,0,-32287,0,0,0,0,0,2865505,0
2771856,6748,-4988,234,487,-991,155,1949,-3,0,-1227,-432,19382,80,33,79,16,0,0,0,0,0,0,0,-32287,0,0,0,0,0,2865520,0
2771861,6908,-4900,210,537,-948,194,1948,0,-1,-1294,-464,19381,89,33,79,16,0,0,0,0,0,0,0,-32287,0,0,0,0,0,2865525,0
2771866,6968,-4730,306,580,-944,240,1948,-4,-6,-1348,-472,19381,89,33,79,16,0,0,0,0,0,0,0,-32287,0,0,0,0,0,2865540,0
2771871,7006,-4590,342,625,-926,280,1947,4,1,-1384,-472,19379,86,33,79,16,0,0,0,0,0,0,0,-32287,0,0,0,0,0,2865545,0
2771876,7098,-4194,318,729,-878,339,1948,6,1,-1390,-464,19379,86,33,79,16,0,0,0,0,0,0,0,-32287,0,0,0,0,0,2865560,0
2771881,7166,-3940,340,764,-821,376,1946,0,0,-1387,-456,19379,94,33,79,16,0,0,0,0,0,0,0,-32287,0,0,0,0,0,2865565,0
2771886,7148,-3644,364,766,-781,400,1948,0,3,-1388,-464,19379,94,33,79,16,0,0,0,0,0,0,0,-32287,0,0,0,0,0,2865580,0
2771891,7194,-3508,360,774,-738,419,1949,4,2,-1386,-464,19379,93,33,79,16,0,0,0,0,0,0,0,-32287,0,0,0,0,0,2865585,0
2771896,7190,-3272,384,741,-664,472,1949,6,7,-1387,-464,19379,93,33,79,16,0,0,0,0,0,0,0,-32287,0,0,0,0,0,2865600,0
2771901,7342,-3214,322,748,-636,495,1951,2,2,-1388,-472,19379,101,33,79,16,0,0,0,0,0,0,0,-32287,0,0,0,0,0,2865604,0
2771906,7366,-3016,300,781,-587,515,1953,10,-1,-1388,-464,19379,101,33,79,16,0,0,0,0,0,0,0,-32287,0,0,0,0,0,2865619,0
2771911,7168,-2868,368,741,-603,513,1956,12,7,-1393,-424,19378,108,33,79,16,0,0,0,0,0,0,0,-32287,0,0,0,0,0,2865624,0
2771916,7240,-2904,208,693,-565,528,1957,13,3,-1394,-424,19378,108,33,79,16,0,0,0,0,0,0,0,-32287,0,0,0,0,0,2865639,0
2771921,7208,-2884,124,701,-554,522,1959,14,3,-1386,-432,19380,118,33,79,16,0,0,0,0,0,0,0,-32287,0,0,0,0,0,2865644,0
2771926,7206,-2936,56,698,-556,525,1963,11,2,-1386,-424,19380,118,33,79,16,0,0,0,0,0,0,0,-32287,0,0,0,0,0,2865659,0
2771931,7172,-2950,8,696,-567,519,1967,22,5,-1385,-416,19380,112,33,79,16,0,0,0,0,0,0,0,-32287,0,0,0,0,0,2865664,0
2771936,7106,-3086,-128,662,-622,532,1972,30,8,-1387,-416,19380,112,33,79,16,0,0,0,0,0,0,0,-32287,0,0,0,0,0,2865679,0
2771941,7104,-3110,-190,696,-658,531,1979,33,10,-1387,-416,19379,108,33,79,16,0,0,0,0,0,0,0,-32287,0,0,0,0,0,2865684,0
2771946,7032,-3088,-202,761,-715,517,1989,53,23,-1410,-320,19379,108,33,79,16,0,0,0,0,0,0,0,-32287,0,0,0,0,0,2865699,0
2771951,7100,-2982,-290,850,-799,475,2014,112,51,-1422,-256,19379,105,33,79,16,0,0,0,0,0,0,0,-32287,0,0,0,0,0,2865704,0
2771956,7112,-2982,-412,913,-909,484,2038,113,77,-1389,-288,19379,105,33,79,16,0,0,0,0,0,0,0,-32287,0,0,0,0,0,2865719,0
2771961,7198,-2686,-372,822,-960,463,2061,94,76,-1383,-248,19376,99,33,79,16,0,0,0,0,0,0,0,-32287,0,0,0,0,0,2865724,0
2771966,7478,-2744,-320,805,-933,436,2087,119,55,-1403,-224,19376,99,33,79,16,0,0,0,0,0,0,0,-32286,0,0,0,0,0,2865739,0
2771971,7342,-2990,-220,782,-918,454,2112,102,26,-1383,-264,19378,94,33,79,16,0,0,0,0,0,0,0,-32287,0,0,0,0,0,2865744,0
2771976,7650,-2962,78,870,-899,384,2138,116,5,-1385,-224,19378,94,33,79,16,0,0,0,0,0,0,0,-32287,0,0,0,0,0,2865759,0
2771981,7522,-3150,194,898,-835,403,2170,127,21,-1392,-224,19379,80,33,79,16,0,0,0,0,0,0,0,-32287,0,0,0,0,0,2865764,0
2771986,7420,-2906,264,862,-814,368,2200,132,21,-1398,-184,19379,80,33,79,16,0,0,0,0,0,0,0,-32286,0,0,0,0,0,2865779,0
2771991,7786,-3074,224,915,-733,344,2233,140,31,-1396,-200,19380,77,33,79,16,0,0,0,0,0,0,0,-32286,0,0,0,0,0,2865784,0
2771996,7598,-3072,298,932,-666,284,2270,157,33,-1388,-176,19380,77,33,79,16,0,0,0,0,0,0,0,-32286,0,0,0,0,0,2865799,0
2772001,7608,-3414,208,974,-562,324,2306,160,32,-1387,-184,19380,69,33,79,16,0,0,0,0,0,0,0,-32286,0,0,0,0,0,2865804,0
2772006,7348,-3148,330,982,-593,276,2345,169,35,-1387,-176,19380,69,33,79,16,0,0,0,0,0,0,0,-32286,0,0,0,0,0,2865819,0
2772011,7560,-3628,86,965,-500,324,2372,144,12,-1376,-224,19382,70,33,79,16,0,0,0,0,0,0,0,-32286,0,0,0,0,0,2865824,0
2772016,7532,-3640,174,958,-402,317,2404,144,-2,-1386,-240,19382,70,33,79,16,0,0,0,0,0,0,0,-32286,0,0,0,0,0,2865839,0
2772021,6994,-3588,284,967,-375,337,2432,123,-28,-1386,-224,19379,66,33,79,16,0,0,0,0,0,0,0,-32286,0,0,0,0,0,2865844,0
2772026,7466,-3382,146,1051,-448,250,2462,140,-28,-1405,-192,19379,66,33,79,16,0,0,0,0,0,0,0,-32286,0,0,0,0,0,2865859,0
2772031,8158,-3546,-382,1079,-516,326,2495,138,-15,-1384,-216,19382,71,33,79,16,0,0,0,0,0,0,0,-32286,0,0,0,0,0,2865864,0
2772036,7314,-3802,78,1106,-335,302,2530,149,10,-1389,-200,19382,71,33,79,16,0,0,0,0,0,0,0,-32286,0,0,0,0,0,2865879,0
2772041,7038,-3608,326,1168,-333,336,2561,139,12,-1391,-192,19382,75,33,79,16,0,0,0,0,0,0,0,-32287,0,0,0,0,0,2865884,0
2772046,7370,-3132,198,1210,-423,263,2599,171,22,-1403,-144,19382,75,33,79,16,0,0,0,0,0,0,0,-32287,0,0,0,0,0,2865899,0
2772051,7630,-3266,-24,1290,-314,270,2642,196,34,-1388,-128,19382,69,33,79,16,0,0,0,0,0,0,0,-32287,0,0,0,0,0,2865903,0
2772056,7530,-2932,-200,1405,-364,213,2693,219,67,-1391,-120,19382,69,33,79,16,0,0,0,0,0,0,0,-32287,0,0,0,0,0,2865918,0
2772061,7400,-2678,-338,1465,-466,164,2747,254,82,-1389,-112,19384,72,33,79,16,0,0,0,0,0,0,0,-32287,0,0,0,0,0,2865923,0
2772066,7286,-2588,-544,1473,-483,152,2803,251,80,-1368,-112,19384,72,33,79,16,0,0,0,0,0,0,0,-32287,0,0,0,0,0,2865938,0
2772071,7302,-2402,-652,1378,-516,195,2859,236,59,-1388,-104,19385,71,33,79,16,0,0,0,0,0,0,0,-32287,0,0,0,0,0,2865943,0
2772076,7280,-2118,-556,1188,-502,150,2913,242,24,-1394,-112,19385,71,33,79,16,0,0,0,0,0,0,0,-32287,0,0,0,0,0,2865958,0
2772081,7414,-2378,-522,1143,-444,186,2969,245,6,-1386,-96,19387,76,33,79,16,0,0,0,0,0,0,0,-32286,0,0,0,0,0,2865963,0
2772086,7366,-2522,-352,1150,-473,178,3025,245,0,-1399,-96,19387,76,33,79,16,0,0,0,0,0,0,0,-32286,0,0,0,0,0,2865978,0
2772091,7528,-2458,-262,1196,-426,155,3084,266,10,-1388,-72,19387,72,33,79,16,0,0,0,0,0,0,0,-32286,0,0,0,0,0,2865983,0
2772096,7906,-2540,-136,1309,-369,150,3152,296,35,-1376,-48,19387,72,33,79,16,0,0,0,0,0,0,0,-32286,0,0,0,0,0,2865998,0
2772101,8102,-2476,-170,1355,-364,142,3227,325,67,-1370,-48,19388,67,33,79,16,0,0,0,0,0,0,0,-32287,0,0,0,0,0,2866003,0
2772106,8168,-2360,-130,1328,-323,165,3303,324,80,-1382,-56,19388,67,33,79,16,0,0,0,0,0,0,0,-32286,0,0,0,0,0,2866018,0
2772111,8294,-2242,-84,1217,-272,190,3377,312,60,-1400,-64,19385,52,33,79,16,0,0,0,0,0,0,0,-32287,0,0,0,0,0,2866023,0
2772116,8378,-2086,140,980,-47,215,3444,293,-12,-1387,-64,19385,52,33,79,16,0,0,0,0,0,0,0,-32287,0,0,0,0,0,2866038,0
2772121,8394,-2032,326,913,50,186,3510,278,-41,-1396,-64,19386,51,33,79,16,0,0,0,0,0,0,0,-32287,0,0,0,0,0,2866043,0
2772126,8590,-2178,394,949,132,147,3580,307,-53,-1381,-56,19386,51,33,79,16,0,0,0,0,0,0,0,-32287,0,0,0,0,0,2866058,0
2772131,8516,-2310,392,991,201,104,3656,336,12,-1376,-56,19386,53,33,79,16,0,0,0,0,0,0,0,-32287,0,0,0,0,0,2866063,0
2772136,8488,-2414,238,1068,312,38,3738,359,54,-1373,-32,19386,53,33,79,16,0,0,0,0,0,0,0,-32287,0,0,0,0,0,2866078,0
2772141,8490,-2304,156,1067,309,-25,3824,374,98,-1381,-32,19389,62,33,79,16,0,0,0,0,0,0,0,-32286,0,0,0,0,0,2866083,0
2772146,8562,-2456,-18,1074,367,-50,3916,404,89,-1372,16,19389,62,33,79,16,0,0,0,0,0,0,0,-32286,0,0,0,0,0,2866098,0
2772151,8278,-2494,-40,1091,336,-100,4017,451,87,-1370,0,19388,58,33,79,16,0,0,0,0,0,0,0,-32286,0,0,0,0,0,2866103,0
2772156,8356,-2742,-212,1305,236,-233,4134,517,111,-1330,24,19388,58,33,79,16,0,0,0,0,0,0,0,-32287,0,0,0,0,0,2866118,0
2772161,8196,-2892,-358,1366,153,-251,4258,555,141,-1328,40,19390,41,33,79,16,0,0,0,0,0,0,0,-32287,0,0,0,0,0,2866123,0
2772166,8236,-2784,-388,1405,49,-287,4387,577,155,-1357,56,19390,41,33,79,16,0,0,0,0,0,0,0,-32287,0,0,0,0,0,2866138,0
2772171,8240,-2590,-360,1386,22,-322,4523,602,139,-1364,88,19391,27,33,79,16,0,0,0,0,0,0,0,-32286,0,0,0,0,0,2866143,0
2772176,8230,-2866,-258,1319,-58,-335,4661,603,108,-1370,72,19391,27,33,79,16,0,0,0,0,0,0,0,-32286,0,0,0,0,0,2866158,0
2772181,8038,-2830,-106,1282,-76,-339,4795,585,61,-1400,56,19394,20,33,79,16,0,0,0,0,0,0,0,-32286,0,0,0,0,0,2866163,0
2772186,8148,-2852,26,1262,-27,-333,4922,555,11,-1423,48,19394,20,33,79,16,0,0,0,0,0,0,0,-32287,0,0,0,0,0,2866178,0
2772191,8086,-2830,216,1266,8,-334,5046,547,-33,-1415,24,19396,24,33,79,16,0,0,0,0,0,0,0,-32287,0,0,0,0,0,2866183,0
2772196,8044,-2920,392,1298,109,-319,5163,523,-65,-1400,48,19396,24,33,79,16,0,0,0,0,0,0,0,-32287,0,0,0,0,0,2866198,0
2772201,8068,-2812,416,1328,153,-314,5276,487,-80,-1425,16,19396,11,33,79,16,0,0,0,0,0,0,0,-32287,0,0,0,0,0,2866203,0
2772206,8138,-2662,356,1324,235,-303,5384,473,-81,-1414,8,19396,11,33,79,16,0,0,0,0,0,0,0,-32286,0,0,0,0,0,2866218,0
2772211,8034,-2532,372,1349,278,-299,5491,470,-66,-1400,-24,19397,12,33,79,16,0,0,0,0,0,0,0,-32286,0,0,0,0,0,2866223,0
2772216,7960,-2442,102,1378,346,-300,5595,462,-57,-1393,0,19397,12,33,79,16,0,0,0,0,0,0,0,-32286,0,0,0,0,0,2866238,0
2772221,7936,-2348,16,1395,356,-276,5697,444,-45,-1407,-8,19397,14,33,79,16,0,0,0,0,0,0,0,-32286,0,0,0,0,0,2866243,0
2772226,8028,-2308,-166,1358,402,-264,5794,424,-41,-1397,-8,19397,14,33,79,16,0,0,0,0,0,0,0,-32287,0,0,0,0,0,2866258,0
2772231,7982,-2216,-234,1296,381,-292,5887,418,-46,-1393,-8,19401,20,33,79,16,0,0,0,0,0,0,0,-32287,0,0,0,0,0,2866263,0
2772236,8382,-2802,-626,1259,340,-296,5978,399,-52,-1383,-40,19401,20,33,79,16,0,0,0,0,0,0,0,-32287,0,0,0,0,0,2866279,0
2772241,8472,-3140,-648,1238,295,-284,6064,376,-54,-1394,-32,19397,31,33,79,16,0,0,0,0,0,0,0,-32287,0,0,0,0,0,2866286,0
2772246,8706,-3326,-634,1237,281,-298,6143,340,-60,-1403,-48,19397,31,33,79,16,0,0,0,0,0,0,0,-32286,0,0,0,0,0,2866300,0
2772251,8852,-3560,-694,1208,281,-288,6215,314,-73,-1396,-56,19397,50,33,79,16,0,0,0,0,0,0,0,-32286,0,0,0,0,0,2866305,0
2772256,9000,-3946,-766,1231,58,-327,6286,315,-85,-1391,-64,19397,50,33,79,16,0,0,0,0,0,0,0,-32286,0,0,0,0,0,2866320,0
2772261,8988,-4188,-586,1268,-124,-349,6358,316,-69,-1384,-40,19391,58,33,79,16,0,0,0,0,0,0,0,-32286,0,0,0,0,0,2866325,0
2772266,9166,-4172,-370,1364,-324,-375,6434,332,-34,-1384,-64,19391,58,33,79,16,0,0,0,0,0,0,0,-32286,0,0,0,0,0,2866340,0
2772271,9176,-4314,-166,1336,-474,-331,6501,291,-8,-1393,-88,19389,66,33,79,16,0,0,0,0,0,0,0,-32287,0,0,0,0,0,2866345,0
2772276,9476,-3670,240,1161,-741,-323,6562,266,-24,-1403,-112,19389,66,33,79,16,0,0,0,0,0,0,0,-32287,0,0,0,0,0,2866360,0
2772281,9342,-3642,534,1038,-787,-285,6611,212,-69,-1399,-144,19385,67,33,79,16,0,0,0,0,0,0,0,-32287,0,0,0,0,0,2866365,0
2772286,9284,-3302,830,1015,-849,-263,6647,156,-120,-1386,-256,19385,67,33,79,16,0,0,0,0,0,0,0,-32287,0,0,0,0,0,2866380,0
2772291,9346,-3094,1030,948,-808,-252,6668,89,-169,-1364,-304,19384,75,33,79,16,0,0,0,0,0,0,0,-32287,0,0,0,0,0,2866385,0
2772296,9424,-2518,1442,850,-679,-272,6684,63,-173,-1362,-424,19384,75,33,79,16,0,0,0,0,0,0,0,-32287,0,0,0,0,0,2866400,0
2772301,9140,-2390,1620,739,-602,-293,6687,5,-178,-1333,-560,19382,91,33,79,16,0,0,0,0,0,0,0,-32287,0,0,0,0,0,2866405,0
2772306,9324,-2262,1628,689,-525,-377,6683,-19,-159,-1372,-552,19382,91,33,79,16,0,0,0,0,0,0,0,-32287,0,0,0,0,0,2866420,0
2772311,9470,-2378,1592,707,-434,-460,6682,0,-129,-1394,-520,19381,97,33,79,16,0,0,0,0,0,0,0,-32287,0,0,0,0,0,2866425,0
2772316,9240,-2906,1414,780,-451,-624,6682,-1,-77,-1395,-512,19381,97,33,79,16,0,0,0,0,0,0,0,-32287,0,0,0,0,0,2866440,0
2772321,9310,-3128,1254,821,-468,-691,6680,-12,-32,-1376,-552,19379,105,33,79,16,0,0,0,0,0,0,0,-32287,0,0,0,0,0,2866445,0
2772326,9386,-3370,1118,842,-472,-755,6675,-25,-8,-1375,-568,19379,105,33,79,16,0,0,0,0,0,0,0,-32287,0,0,0,0,0,2866460,0
2772331,9252,-3594,1002,827,-493,-816,6666,-41,-13,-1376,-608,19379,106,33,79,16,0,0,0,0,0,0,0,-32287,0,0,0,0,0,2866465,0
2772336,9068,-4284,754,788,-504,-862,6651,-71,-43,-1363,-720,19379,106,33,79,16,0,0,0,0,0,0,0,-32287,0,0,0,0,0,2866480,0
2772341,8924,-4818,762,675,-503,-838,6616,-165,-88,-1328,-944,19380,109,33,79,16,0,0,0,0,0,0,0,-32287,0,0,0,0,0,2866485,0
2772346,8604,-4932,858,509,-474,-847,6558,-272,-165,-1301,-1272,19380,109,33,79,16,0,0,0,0,0,0,0,-32287,0,0,0,0,0,2866500,0
2772351,8434,-5394,974,318,-371,-788,6469,-396,-257,-1330,-1520,19377,123,33,79,16,0,0,0,0,0,0,0,-32287,0,0,0,0,0,2866505,0
2772356,7274,-6474,1336,-47,-241,-598,6345,-553,-359,-1361,-1928,19377,123,33,79,16,0,0,0,0,0,0,0,-32286,0,0,0,0,0,2866520,0
2772361,6660,-6902,1486,-165,-139,-471,6186,-715,-451,-1419,-2304,19370,149,33,79,16,0,0,0,0,0,0,0,-32286,0,0,0,0,0,2866525,0
2772366,5928,-7400,1724,-243,-46,-339,5989,-877,-508,-1388,-2616,19370,149,33,79,16,0,0,0,0,0,0,0,-32286,0,0,0,0,0,2866540,0
2772371,5334,-7884,1848,-267,41,-194,5750,-1061,-548,-1373,-2976,19361,189,33,79,16,0,0,0,0,0,0,0,-32287,0,0,0,0,0,2866545,0
2772376,4154,-8392,1970,-289,227,136,5480,-1204,-575,-1395,-3272,19361,189,33,79,16,0,0,0,0,0,0,0,-32286,0,0,0,0,0,2866560,0
2772381,3466,-8240,2096,-227,298,259,5177,-1340,-572,-1404,-3624,19351,229,33,79,16,0,0,0,0,0,0,0,-32286,0,0,0,0,0,2866565,0
2772386,3248,-8520,1920,-100,376,412,4842,-1476,-533,-1386,-3816,19351,229,33,79,16,0,0,0,0,0,0,0,-32287,0,0,0,0,0,2866580,0
2772391,2794,-8270,1950,117,348,508,4485,-1593,-495,-1393,-4040,19341,283,33,79,16,0,0,0,0,0,0,0,-32286,0,0,0,0,0,2866585,0
2772396,2636,-7790,1540,397,298,747,4109,-1662,-437,-1408,-4192,19341,283,33,79,16,0,0,0,0,0,0,0,-32287,0,0,0,0,0,2866600,0
2772401,2816,-7490,1242,517,306,817,3720,-1713,-365,-1408,-4280,19331,326,33,79,16,0,0,0,0,0,0,0,-32286,0,0,0,0,0,2866605,0
2772406,2946,-7102,1148,676,207,866,3327,-1734,-285,-1411,-4312,19331,326,33,79,16,0,0,0,0,0,0,0,-32287,0,0,0,0,0,2866620,0
2772411,3356,-6944,978,896,63,908,2931,-1741,-189,-1394,-4312,19323,365,33,79,16,0,0,0,0,0,0,0,-32285,0,0,0,0,0,2866625,0
2772416,4490,-5768,662,1138,-175,938,2538,-1729,-99,-1396,-4304,19323,365,33,79,16,0,0,0,0,0,0,0,-32287,0,0,0,0,0,2866640,0
2772421,4996,-5204,514,1189,-288,920,2150,-1708,-29,-1387,-4256,19320,381,33,79,16,0,0,0,0,0,0,0,-32286,0,0,0,0,0,2866645,0
2772426,5660,-4590,406,1256,-449,903,1767,-1687,20,-1387,-4208,19320,381,33,79,16,0,0,0,0,0,0,0,-32287,0,0,0,0,0,2866660,0
2772431,6336,-4212,352,1203,-566,884,1388,-1669,53,-1388,-4192,19321,390,33,79,16,0,0,0,0,0,0,0,-32287,0,0,0,0,0,2866665,0
2772436,7906,-3160,432,1061,-796,822,1010,-1658,62,-1404,-4112,19321,390,33,79,16,0,0,0,0,0,0,0,-32288,0,0,0,0,0,2866680,0
2772441,8452,-2532,502,959,-957,747,633,-1655,51,-1412,-4104,19326,385,33,79,16,0,0,0,0,0,0,0,-32286,0,0,0,0,0,2866685,0
2772446,9270,-2338,552,779,-1011,757,258,-1649,31,-1411,-4064,19326,385,33,79,16,0,0,0,0,0,0,0,-32287,0,0,0,0,0,2866700,0
2772451,9648,-1516,816,576,-1093,693,-114,-1637,29,-1406,-3952,19325,378,33,79,16,0,0,0,0,0,0,0,-32285,0,0,0,0,0,2866705,0
2772456,10708,-840,1346,194,-1042,567,-481,-1607,36,-1398,-3864,19325,378,33,79,16,0,0,0,0,0,0,0,-32287,0,0,0,0,0,2866720,0
2772461,10916,-514,1662,49,-1004,505,-836,-1554,60,-1396,-3776,19324,366,33,79,16,0,0,0,0,0,0,0,-32286,0,0,0,0,0,2866725,0
2772466,11172,-62,2016,-117,-860,402,-1180,-1505,95,-1399,-3648,19324,366,33,79,16,0,0,0,0,0,0,0,-32287,0,0,0,0,0,2866740,0
2772471,11530,-138,2420,-256,-673,324,-1510,-1435,143,-1391,-3496,19324,357,33,79,16,0,0,0,0,0,0,0,-32287,0,0,0,0,0,2866745,0
2772476,11362,184,2876,-466,-278,119,-1823,-1367,179,-1376,-3384,19324,357,33,79,16,0,0,0,0,0,0,0,-32286,0,0,0,0,0,2866760,0
2772481,11176,-14,3080,-567,-40,22,-2119,-1298,213,-1402,-3272,19326,341,33,79,16,0,0,0,0,0,0,0,-32287,0,0,0,0,0,2866765,0
2772486,10928,-108,3392,-639,207,-72,-2400,-1219,239,-1390,-3064,19326,341,33,79,16,0,0,0,0,0,0,0,-32286,0,0,0,0,0,2866780,0
2772491,10834,-284,3404,-681,483,-170,-2660,-1142,251,-1387,-2888,19327,322,33,79,16,0,0,0,0,0,0,0,-32287,0,0,0,0,0,2866784,0
2772496,9964,-916,3466,-703,933,-332,-2908,-1072,257,-1401,-2792,19327,322,33,79,16,0,0,0,0,0,0,0,-32287,0,0,0,0,0,2866799,0
2772501,9982,-1422,3146,-689,1195,-359,-3141,-1021,257,-1396,-2648,19330,292,33,79,16,0,0,0,0,0,0,0,-32286,0,0,0,0,0,2866804,0
2772506,9250,-1348,3000,-760,1353,-422,-3361,-961,235,-1373,-2488,19330,292,33,79,16,0,0,0,0,0,0,0,-32287,0,0,0,0,0,2866819,0
2772511,9106,-1936,2564,-796,1517,-425,-3573,-927,215,-1381,-2464,19336,273,33,79,16,0,0,0,0,0,0,0,-32287,0,0,0,0,0,2866824,0
2772516,8100,-2288,1910,-880,1678,-462,-3774,-882,183,-1400,-2320,19336,273,33,79,16,0,0,0,0,0,0,0,-32287,0,0,0,0,0,2866839,0
2772521,7738,-2750,1388,-892,1727,-431,-3973,-864,149,-1375,-2320,19341,252,33,79,16,0,0,0,0,0,0,0,-32286,0,0,0,0,0,2866844,0
2772526,7214,-2804,1066,-923,1693,-429,-4167,-845,121,-1398,-2264,19341,252,33,79,16,0,0,0,0,0,0,0,-32286,0,0,0,0,0,2866859,0
2772531,7116,-3102,754,-947,1699,-405,-4357,-843,85,-1375,-2320,19344,246,33,79,16,0,0,0,0,0,0,0,-32287,0,0,0,0,0,2866864,0
2772536,6438,-3366,286,-1040,1599,-322,-4548,-835,62,-1390,-2264,19344,246,33,79,16,0,0,0,0,0,0,0,-32287,0,0,0,0,0,2866879,0
2772541,6308,-3456,172,-1060,1547,-289,-4739,-836,40,-1388,-2320,19348,234,33,79,16,0,0,0,0,0,0,0,-32285,0,0,0,0,0,2866884,0
2772546,6046,-3562,72,-1084,1463,-258,-4927,-833,21,-1385,-2288,19348,234,33,79,16,0,0,0,0,0,0,0,-32286,0,0,0,0,0,2866899,0
2772551,5900,-3578,-22,-1102,1365,-204,-5117,-841,6,-1393,-2336,19352,238,33,79,16,0,0,0,0,0,0,0,-32287,0,0,0,0,0,2866904,0
2772556,5918,-3546,-86,-1213,1187,-119,-5307,-837,8,-1380,-2320,19352,238,33,79,16,0,0,0,0,0,0,0,-32287,0,0,0,0,0,2866919,0
2772561,5714,-3560,16,-1305,1128,-58,-5500,-845,-5,-1389,-2360,19354,237,33,79,16,0,0,0,0,0,0,0,-32286,0,0,0,0,0,2866924,0
2772566,5744,-3498,268,-1301,1047,-57,-5693,-841,-10,-1386,-2336,19354,237,33,79,16,0,0,0,0,0,0,0,-32286,0,0,0,0,0,2866939,0
2772571,5862,-3762,418,-1294,1017,-2,-5885,-856,-12,-1390,-2384,19355,236,33,79,16,0,0,0,0,0,0,0,-32287,0,0,0,0,0,2866944,0
2772576,5994,-3448,748,-1306,953,-4,-6075,-826,-4,-1387,-2296,19355,236,33,79,16,0,0,0,0,0,0,0,-32286,0,0,0,0,0,2866959,0
2772581,5926,-3502,932,-1299,961,23,-6263,-822,11,-1389,-2272,19351,243,33,79,16,0,0,0,0,0,0,0,-32286,0,0,0,0,0,2866963,0
2772586,5912,-3400,1090,-1303,944,25,-6448,-813,21,-1387,-2264,19351,243,33,79,16,0,0,0,0,0,0,0,-32286,0,0,0,0,0,2866978,0
2772591,6176,-3402,1244,-1272,964,27,-6630,-795,30,-1391,-2192,19350,237,33,79,16,0,0,0,0,0,0,0,-32287,0,0,0,0,0,2866983,0
2772596,6092,-3296,1410,-1325,1029,69,-6811,-789,43,-1390,-2232,19350,237,33,79,16,0,0,0,0,0,0,0,-32287,0,0,0,0,0,2866998,0
2772601,6308,-3232,1468,-1297,1084,79,-6985,-762,40,-1396,-2072,19349,231,33,79,16,0,0,0,0,0,0,0,-32286,0,0,0,0,0,2867003,0
2772606,6176,-3232,1522,-1297,1097,98,-7155,-742,52,-1388,-2064,19349,231,33,79,16,0,0,0,0,0,0,0,-32286,0,0,0,0,0,2867018,0
2772611,6302,-3126,1468,-1267,1086,118,-7318,-716,65,-1393,-2032,19351,229,33,79,16,0,0,0,0,0,0,0,-32287,0,0,0,0,0,2867023,0
2772616,6378,-2860,1422,-1264,1121,142,-7472,-671,81,-1404,-1888,19351,229,33,79,16,0,0,0,0,0,0,0,-32287,0,0,0,0,0,2867038,0
2772621,6312,-2778,1398,-1266,1128,161,-7621,-642,101,-1372,-1824,19353,217,33,79,16,0,0,0,0,0,0,0,-32287,0,0,0,0,0,2867043,0
2772626,6198,-2726,1366,-1289,1123,184,-7760,-613,108,-1377,-1712,19353,217,33,79,16,0,0,0,0,0,0,0,-32286,0,0,0,0,0,2867058,0
2772631,6332,-2410,1396,-1261,1128,178,-7887,-559,120,-1389,-1600,19357,205,33,79,16,0,0,0,0,0,0,0,-32286,0,0,0,0,0,2867063,0
2772636,6252,-2310,1278,-1237,1162,164,-8003,-506,150,-1349,-1544,19357,205,33,79,16,0,0,0,0,0,0,0,-32287,0,0,0,0,0,2867078,0
2772641,6262,-2134,1148,-1225,1152,166,-8107,-457,158,-1371,-1448,19362,185,33,79,16,0,0,0,0,0,0,0,-32287,0,0,0,0,0,2867083,0
2772646,6214,-1862,1090,-1228,1180,160,-8202,-409,168,-1397,-1240,19362,185,33,79,16,0,0,0,0,0,0,0,-32287,0,0,0,0,0,2867098,0
2772651,6174,-1704,1110,-1221,1163,118,-8278,-335,190,-1410,-1112,19367,172,33,79,16,0,0,0,0,0,0,0,-32287,0,0,0,0,0,2867103,0
2772656,6074,-1690,800,-1154,1055,52,-8337,-262,198,-1417,-952,19367,172,33,79,16,0,0,0,0,0,0,0,-32287,0,0,0,0,0,2867118,0
2772661,6228,-1582,678,-1137,983,38,-8382,-191,226,-1388,-920,19370,163,33,79,16,0,0,0,0,0,0,0,-32286,0,0,0,0,0,2867123,0
2772666,6052,-1508,676,-1209,967,-2,-8417,-149,227,-1394,-768,19370,163,33,79,16,0,0,0,0,0,0,0,-32286,0,0,0,0,0,2867138,0
2772671,6230,-1648,620,-1248,951,-6,-8444,-110,209,-1417,-712,19373,154,33,79,16,0,0,0,0,0,0,0,-32286,0,0,0,0,0,2867148,0
2772676,6126,-1646,816,-1283,933,-66,-8463,-78,170,-1421,-584,19373,154,33,79,16,0,0,0,0,0,0,0,-32286,0,0,0,0,0,2867158,0
2772681,6396,-1836,720,-1218,927,-98,-8465,0,156,-1446,-456,19376,134,33,79,16,0,0,0,0,0,0,0,-32286,0,0,0,0,0,2867163,0
2772686,6212,-2004,676,-1242,884,-82,-8463,12,153,-1404,-464,19376,134,33,79,16,0,0,0,0,0,0,0,-32286,0,0,0,0,0,2867178,0
2772691,6200,-2002,618,-1347,892,-78,-8464,4,129,-1389,-464,19375,123,33,79,16,0,0,0,0,0,0,0,-32286,0,0,0,0,0,2867183,0
2772696,6174,-2168,916,-1467,1022,-64,-8463,1,86,-1391,-472,19375,123,33,79,16,0,0,0,0,0,0,0,-32286,0,0,0,0,0,2867198,0
2772701,6106,-2290,1010,-1494,1049,-41,-8464,-5,36,-1389,-480,19375,119,33,79,16,0,0,0,0,0,0,0,-32286,0,0,0,0,0,2867203,0
2772706,6010,-2498,986,-1495,1072,-29,-8464,-1,1,-1391,-480,19375,119,33,79,16,0,0,0,0,0,0,0,-32287,0,0,0,0,0,2867217,0
2772711,5854,-2592,980,-1473,1076,-32,-8463,-5,-4,-1386,-464,19375,108,33,79,16,0,0,0,0,0,0,0,-32286,0,0,0,0,0,2867222,0
2772716,5754,-2660,854,-1416,1050,-16,-8462,1,-3,-1385,-464,19375,108,33,79,16,0,0,0,0,0,0,0,-32286,0,0,0,0,0,2867237,0
2772721,5760,-2714,806,-1410,1015,-21,-8461,4,1,-1386,-464,19376,106,33,79,16,0,0,0,0,0,0,0,-32286,0,0,0,0,0,2867242,0
2772726,5668,-2722,794,-1384,976,-20,-8461,0,6,-1388,-472,19376,106,33,79,16,0,0,0,0,0,0,0,-32286,0,0,0,0,0,2867257,0
2772731,5718,-2804,808,-1352,955,-27,-8459,11,3,-1388,-472,19379,106,33,79,16,0,0,0,0,0,0,0,-32286,0,0,0,0,0,2867262,0
2772736,5742,-2832,840,-1278,877,-19,-8460,4,2,-1389,-464,19379,106,33,79,16,0,0,0,0,0,0,0,-32286,0,0,0,0,0,2867277,0
2772741,5786,-2854,866,-1267,851,-9,-8459,4,-2,-1390,-472,19378,110,33,79,16,0,0,0,0,0,0,0,-32286,0,0,0,0,0,2867282,0
2772746,5866,-2930,938,-1254,820,-7,-8458,0,1,-1386,-480,19378,110,33,79,16,0,0,0,0,0,0,0,-32286,0,0,0,0,0,2867297,0
2772751,6004,-2970,948,-1224,776,7,-8458,0,2,-1385,-472,19377,109,33,79,16,0,0,0,0,0,0,0,-32286,0,0,0,0,0,2867302,0
2772756,6226,-3014,1064,-1172,675,18,-8458,-1,-5,-1389,-480,19377,109,33,79,16,0,0,0,0,0,0,0,-32286,0,0,0,0,0,2867317,0
2772761,6334,-3014,1148,-1160,627,14,-8456,8,-1,-1389,-472,19377,109,33,79,16,0,0,0,0,0,0,0,-32286,0,0,0,0,0,2867322,0
2772766,6514,-2984,1260,-1145,595,22,-8456,0,-1,-1388,-472,19377,109,33,79,16,0,0,0,0,0,0,0,-32286,0,0,0,0,0,2867337,0
2772771,6616,-3000,1350,-1150,563,13,-8455,3,1,-1388,-464,19379,106,33,79,16,0,0,0,0,0,0,0,-32286,0,0,0,0,0,2867342,0
2772776,6972,-2994,1506,-1110,554,-6,-8454,7,3,-1388,-472,19379,106,33,79,16,0,0,0,0,0,0,0,-32286,0,0,0,0,0,2867357,0
2772781,7096,-2962,1568,-1094,567,-11,-8454,5,0,-1387,-464,19378,106,33,79,16,0,0,0,0,0,0,0,-32286,0,0,0,0,0,2867362,0
2772786,7240,-2972,1592,-1081,591,-24,-8453,4,1,-1387,-464,19378,106,33,79,16,0,0,0,0,0,0,0,-32286,0,0,0,0,0,2867377,0
2772791,7398,-2984,1602,-1068,608,-32,-8452,11,1,-1387,-464,19377,113,33,79,16,0,0,0,0,0,0,0,-32286,0,0,0,0,0,2867382,0
2772796,7596,-2970,1646,-1056,657,-39,-8452,5,-1,-1386,-464,19377,113,33,79,16,0,0,0,0,0,0,0,-32286,0,0,0,0,0,2867397,0
2772801,7710,-2928,1682,-1056,667,-46,-8451,0,-1,-1389,-472,19377,107,33,79,16,0,0,0,0,0,0,0,-32286,0,0,0,0,0,2867402,0
2772806,7688,-2806,1698,-1058,670,-49,-8449,5,-4,-1387,-472,19377,107,33,79,16,0,0,0,0,0,0,0,-32286,0,0,0,0,0,2867417,0
2772811,7762,-2672,1708,-1060,674,-60,-8448,6,2,-1391,-456,19377,104,33,79,16,0,0,0,0,0,0,0,-32286,0,0,0,0,0,2867422,0
2772816,7820,-2532,1800,-1107,707,-79,-8447,9,1,-1389,-472,19377,104,33,79,16,0,0,0,0,0,0,0,-32286,0,0,0,0,0,2867440,0
2772821,7918,-2446,1792,-1119,727,-71,-8444,12,3,-1387,-464,19377,95,33,79,16,0,0,0,0,0,0,0,-32286,0,0,0,0,0,2867445,0
2772826,7886,-2384,1810,-1149,740,-82,-8440,16,6,-1386,-464,19377,95,33,79,16,0,0,0,0,0,0,0,-32286,0,0,0,0,0,2867457,0
2772831,7970,-2342,1806,-1184,759,-86,-8438,15,12,-1388,-456,19377,101,33,79,16,0,0,0,0,0,0,0,-32286,0,0,0,0,0,2867462,0
2772836,8004,-2266,1804,-1243,778,-72,-8435,11,5,-1398,-424,19377,101,33,79,16,0,0,0,0,0,0,0,-32286,0,0,0,0,0,2867477,0
2772841,8000,-2236,1810,-1264,769,-73,-8430,17,2,-1396,-416,19378,104,33,79,16,0,0,0,0,0,0,0,-32286,0,0,0,0,0,2867482,0
2772846,8096,-2188,1808,-1269,755,-70,-8419,44,19,-1393,-368,19378,104,33,79,16,0,0,0,0,0,0,0,-32286,0,0,0,0,0,2867496,0
2772851,8118,-2086,1844,-1260,708,-100,-8399,94,45,-1424,-256,19378,102,33,79,16,0,0,0,0,0,0,0,-32286,0,0,0,0,0,2867501,0
2772856,8468,-1922,1694,-1223,566,-155,-8368,150,92,-1417,-192,19378,102,33,79,16,0,0,0,0,0,0,0,-32286,0,0,0,0,0,2867516,0
2772861,8318,-1640,1762,-1277,510,-211,-8327,185,122,-1409,-104,19380,90,33,79,16,0,0,0,0,0,0,0,-32287,0,0,0,0,0,2867521,0
2772866,8740,-1536,1674,-1227,405,-264,-8268,266,165,-1394,-72,19380,90,33,79,16,0,0,0,0,0,0,0,-32287,0,0,0,0,0,2867536,0
2772871,8708,-1346,1634,-1201,328,-340,-8191,345,200,-1359,-24,19385,73,33,79,16,0,0,0,0,0,0,0,-32287,0,0,0,0,0,2867546,0
2772876,9156,-1432,1464,-1174,134,-445,-8098,420,234,-1349,-8,19385,73,33,79,16,0,0,0,0,0,0,0,-32287,0,0,0,0,0,2867556,0
2772881,8916,-1370,1536,-1244,96,-486,-7996,454,238,-1351,24,19390,65,33,79,16,0,0,0,0,0,0,0,-32287,0,0,0,0,0,2867561,0
2772886,9154,-1544,1500,-1278,61,-504,-7885,481,215,-1351,0,19390,65,33,79,16,0,0,0,0,0,0,0,-32286,0,0,0,0,0,2867576,0
2772891,9026,-1502,1686,-1335,71,-530,-7772,498,167,-1370,24,19399,53,33,79,16,0,0,0,0,0,0,0,-32286,0,0,0,0,0,2867581,0
2772896,9170,-1782,1930,-1342,130,-563,-7651,526,118,-1362,56,19399,53,33,79,16,0,0,0,0,0,0,0,-32287,0,0,0,0,0,2867596,0
2772901,9130,-1998,1904,-1376,206,-527,-7534,514,78,-1370,-8,19404,36,33,79,16,0,0,0,0,0,0,0,-32286,0,0,0,0,0,2867601,0
2772906,9014,-2086,2134,-1421,298,-509,-7427,459,25,-1424,-8,19404,36,33,79,16,0,0,0,0,0,0,0,-32287,0,0,0,0,0,2867616,0
2772911,9096,-2158,2300,-1486,493,-475,-7332,411,-43,-1443,-32,19404,40,33,79,16,0,0,0,0,0,0,0,-32287,0,0,0,0,0,2867621,0
2772916,8866,-2200,2536,-1603,805,-433,-7241,392,-99,-1410,-24,19404,40,33,79,16,0,0,0,0,0,0,0,-32287,0,0,0,0,0,2867636,0
2772921,8664,-2534,2472,-1622,887,-390,-7157,373,-118,-1397,-48,19398,40,33,79,16,0,0,0,0,0,0,0,-32287,0,0,0,0,0,2867641,0
2772926,8402,-2560,2396,-1641,969,-360,-7084,316,-122,-1400,-80,19398,40,33,79,16,0,0,0,0,0,0,0,-32286,0,0,0,0,0,2867656,0
2772931,8390,-2582,2210,-1642,1047,-337,-7017,288,-117,-1404,-96,19391,49,33,79,16,0,0,0,0,0,0,0,-32286,0,0,0,0,0,2867661,0
2772936,7972,-2652,2116,-1714,1123,-259,-6958,260,-117,-1403,-104,19391,49,33,79,16,0,0,0,0,0,0,0,-32286,0,0,0,0,0,2867676,0
2772941,7904,-2446,1942,-1693,1114,-257,-6901,252,-112,-1398,-88,19386,56,33,79,16,0,0,0,0,0,0,0,-32286,0,0,0,0,0,2867681,0
2772946,7912,-2402,1786,-1694,1045,-273,-6836,282,-75,-1383,-72,19386,56,33,79,16,0,0,0,0,0,0,0,-32286,0,0,0,0,0,2867696,0
2772951,8210,-2668,1586,-1680,897,-276,-6767,310,-14,-1373,-40,19385,57,33,79,16,0,0,0,0,0,0,0,-32286,0,0,0,0,0,2867701,0
2772956,8980,-3324,1790,-1726,580,-238,-6692,339,45,-1372,-40,19385,57,33,79,16,0,0,0,0,0,0,0,-32287,0,0,0,0,0,2867716,0
2772961,9680,-3734,2188,-1811,498,-223,-6610,360,71,-1376,-40,19385,55,33,79,16,0,0,0,0,0,0,0,-32287,0,0,0,0,0,2867721,0
2772966,10566,-4294,2494,-1903,483,-186,-6517,418,98,-1368,-8,19385,55,33,79,16,0,0,0,0,0,0,0,-32287,0,0,0,0,0,2867736,0
2772971,11270,-4824,2712,-1984,515,-166,-6408,495,135,-1362,40,19390,55,33,79,16,0,0,0,0,0,0,0,-32287,0,0,0,0,0,2867741,0
2772976,12554,-6166,2412,-1857,477,-217,-6272,611,190,-1313,112,19390,55,33,79,16,0,0,0,0,0,0,0,-32286,0,0,0,0,0,2867756,0
2772981,12796,-6908,2038,-1702,401,-288,-6112,716,260,-1188,1184,19393,46,33,79,16,0,0,0,0,0,0,0,-32287,0,0,0,0,0,2867761,0
2772986,13148,-6202,1792,-1150,106,-703,-5877,1075,412,-437,2184,19393,46,33,79,16,0,0,0,0,0,0,0,-32286,0,0,0,0,0,2867776,0
2772991,13750,-7058,668,-427,-220,-959,-5552,1467,671,-88,3160,19393,45,33,79,16,0,0,0,0,0,0,0,-32287,0,0,0,0,0,2867781,0
2772996,12746,-6362,-1218,571,-1494,-1562,-5149,1804,941,-13,3848,19393,45,33,79,16,0,0,0,0,0,0,0,-32287,0,0,0,0,0,2867796,0
2773001,11848,-5712,-1494,862,-1893,-1816,-4687,2064,1119,30,4296,19391,50,33,79,16,0,0,0,0,0,0,0,-32286,0,0,0,0,0,2867801,0
2773006,11332,-5540,-1068,1081,-2136,-2015,-4180,2247,1124,51,4608,19391,50,33,79,16,0,0,0,0,0,0,0,-32287,0,0,0,0,0,2867815,0
2773011,11046,-5706,-22,1123,-2178,-2149,-3755,2334,919,50,4728,19383,68,33,79,16,0,0,0,0,0,0,0,-32286,0,0,0,0,0,2867820,0
2773016,9570,-6740,2330,850,-1750,-2156,-3214,2377,668,35,4728,19383,68,33,79,16,0,0,0,0,0,0,0,-32287,0,0,0,0,0,2867835,0
2773021,8668,-7606,2604,659,-1404,-1999,-2674,2368,408,20,4680,19379,83,33,79,16,0,0,0,0,0,0,0,-32286,0,0,0,0,0,2867840,0
2773026,7126,-8534,2970,315,-1050,-1717,-2150,2307,162,1,4576,19379,83,33,79,16,0,0,0,0,0,0,0,-32287,0,0,0,0,0,2867855,0
2773031,6114,-8732,2904,-25,-531,-1424,-1633,2264,-10,2,4456,19380,88,33,79,16,0,0,0,0,0,0,0,-32287,0,0,0,0,0,2867860,0
2773036,3574,-10286,3126,94,72,-922,-1123,2235,-102,4,4384,19380,88,33,79,16,0,0,0,0,0,0,0,-32286,0,0,0,0,0,2867875,0
2773041,3098,-9218,2766,670,192,-827,-623,2195,-135,17,4248,19380,86,33,79,16,0,0,0,0,0,0,0,-32286,0,0,0,0,0,2867880,0
2773046,2988,-8030,2290,1124,280,-817,-136,2134,-141,24,4080,19380,86,33,79,16,0,0,0,0,0,0,0,-32286,0,0,0,0,0,2867895,0
2773051,3176,-7252,1346,1211,271,-700,326,2029,-184,16,3800,19379,83,33,79,16,0,0,0,0,0,0,0,-32287,0,0,0,0,0,2867900,0
2773056,2098,-6124,314,650,331,-368,762,1908,-250,4,3552,19379,83,33,79,16,0,0,0,0,0,0,0,-32287,0,0,0,0,0,2867915,0
2773061,1992,-5536,-74,591,299,-352,1166,1761,-348,-3,3264,19379,83,33,79,16,0,0,0,0,0,0,0,-32287,0,0,0,0,0,2867920,0
2773066,2582,-4192,-314,1024,-92,-607,1534,1604,-422,2,2880,19379,83,33,79,16,0,0,0,0,0,0,0,-32286,0,0,0,0,0,2867938,0
2773071,3442,-5356,-1056,2212,-815,-829,1855,1387,-513,16,2400,19383,86,33,79,16,0,0,0,0,0,0,0,-32286,0,0,0,0,0,2867943,0
2773076,2576,-2584,-1034,1558,-970,-681,2131,1198,-589,4,1984,19383,86,33,79,16,0,0,0,0,0,0,0,-32286,0,0,0,0,0,2867955,0
2773081,4076,-2606,-1378,749,-413,-451,2364,1000,-651,12,1528,19388,87,33,79,16,0,0,0,0,0,0,0,-32287,0,0,0,0,0,2867960,0
2773086,2948,-2110,-496,-184,-146,-302,2546,790,-691,6,1088,19388,87,33,79,16,0,0,0,0,0,0,0,-32287,0,0,0,0,0,2867975,0
2773091,3326,-3384,-190,-701,92,-183,2690,611,-692,4,680,19387,80,33,79,16,0,0,0,0,0,0,0,-32287,0,0,0,0,0,2867980,0
2773096,3238,-5014,446,-679,226,82,2796,449,-666,2,256,19387,80,33,79,16,0,0,0,0,0,0,0,-32287,0,0,0,0,0,2867995,0
2773101,3342,-5034,578,-669,285,213,2867,295,-629,-16,96,19386,72,33,79,16,0,0,0,0,0,0,0,-32287,0,0,0,0,0,2868000,0
2773106,3688,-4948,670,-653,286,304,2907,170,-571,-40,40,19386,72,33,79,16,0,0,0,0,0,0,0,-32287,0,0,0,0,0,2868015,0
2773111,4218,-4970,766,-519,199,384,2923,59,-512,-15,-16,19383,67,33,79,16,0,0,0,0,0,0,0,-32286,0,0,0,0,0,2868020,0
2773116,5076,-5084,970,-5,-211,379,2914,-52,-452,8,-40,19383,67,33,79,16,0,0,0,0,0,0,0,-32287,0,0,0,0,0,2868035,0
2773121,5590,-5200,772,124,-420,408,2898,-62,-364,-3,-24,19383,57,33,79,16,0,0,0,0,0,0,0,-32286,0,0,0,0,0,2868040,0
2773126,6050,-4872,644,1,-567,487,2890,-33,-239,-8,-8,19383,57,33,79,16,0,0,0,0,0,0,0,-32286,0,0,0,0,0,2868055,0
2773131,6426,-4406,686,-294,-614,566,2894,13,-99,-5,8,19382,50,33,79,16,0,0,0,0,0,0,0,-32286,0,0,0,0,0,2868060,0
2773136,6850,-4648,740,-747,-658,618,2896,12,24,1,0,19382,50,33,79,16,0,0,0,0,0,0,0,-32286,0,0,0,0,0,2868075,0
2773141,6846,-5096,712,-642,-735,574,2897,9,64,3,-8,19384,59,33,79,16,0,0,0,0,0,0,0,-32287,0,0,0,0,0,2868080,0
2773146,6966,-5250,662,-403,-799,489,2897,1,35,1,0,19384,59,33,79,16,0,0,0,0,0,0,0,-32287,0,0,0,0,0,2868095,0
2773151,7044,-5170,612,-197,-816,425,2898,0,4,0,-8,19385,57,33,79,16,0,0,0,0,0,0,0,-32287,0,0,0,0,0,2868100,0
2773156,6926,-4520,326,-134,-760,315,2897,2,-8,0,0,19385,57,33,79,16,0,0,0,0,0,0,0,-32287,0,0,0,0,0,2868115,0
2773161,6736,-4232,122,-324,-664,286,2898,8,-3,-2,8,19386,57,33,79,16,0,0,0,0,0,0,0,-32287,0,0,0,0,0,2868120,0
2773166,6570,-4208,-116,-402,-651,219,2902,14,2,-2,8,19386,57,33,79,16,0,0,0,0,0,0,0,-32286,0,0,0,0,0,2868135,0
2773171,6558,-4382,-264,-289,-678,132,2905,14,10,0,8,19385,53,33,79,16,0,0,0,0,0,0,0,-32286,0,0,0,0,0,2868140,0
2773176,6412,-4324,-258,128,-888,-58,2906,11,17,1,-8,19385,53,33,79,16,0,0,0,0,0,0,0,-32287,0,0,0,0,0,2868154,0
2773181,6354,-4138,-310,256,-1021,-143,2907,0,0,1,0,19387,58,33,79,16,0,0,0,0,0,0,0,-32287,0,0,0,0,0,2868159,0
2773186,6332,-4254,-450,218,-1093,-134,2905,-3,-8,0,-8,19387,58,33,79,16,0,0,0,0,0,0,0,-32286,0,0,0,0,0,2868174,0
2773191,6152,-4078,-306,86,-1137,-128,2906,0,-12,-2,0,19386,68,33,79,16,0,0,0,0,0,0,0,-32287,0,0,0,0,0,2868179,0
2773196,6224,-4220,-278,145,-1257,-191,2908,7,-7,0,0,19386,68,33,79,16,0,0,0,0,0,0,0,-32286,0,0,0,0,0,2868194,0
2773201,6304,-4264,-86,318,-1334,-245,2911,9,8,0,0,19385,67,33,79,16,0,0,0,0,0,0,0,-32287,0,0,0,0,0,2868199,0
2773206,6488,-4208,8,495,-1398,-289,2911,1,10,0,0,19385,67,33,79,16,0,0,0,0,0,0,0,-32287,0,0,0,0,0,2868214,0
2773211,6726,-4072,60,596,-1431,-316,2912,8,0,0,-8,19384,64,33,79,16,0,0,0,0,0,0,0,-32287,0,0,0,0,0,2868219,0
2773216,7134,-3644,256,614,-1400,-327,2911,-7,-4,-1,-8,19384,64,33,79,16,0,0,0,0,0,0,0,-32286,0,0,0,0,0,2868234,0
2773221,7308,-3482,442,541,-1297,-303,2912,8,-5,-1,0,19384,60,33,79,16,0,0,0,0,0,0,0,-32287,0,0,0,0,0,2868239,0
2773226,7346,-3450,506,426,-1234,-245,2911,1,-3,-1,0,19384,60,33,79,16,0,0,0,0,0,0,0,-32286,0,0,0,0,0,2868254,0
2773231,7426,-3566,660,366,-1129,-210,2913,7,4,-2,8,19386,68,33,79,16,0,0,0,0,0,0,0,-32287,0,0,0,0,0,2868259,0
2773236,7456,-3728,1016,459,-898,-96,2916,12,7,-1,8,19386,68,33,79,16,0,0,0,0,0,0,0,-32287,0,0,0,0,0,2868274,0
2773241,7438,-3678,1116,401,-770,7,2921,15,17,0,8,19387,68,33,79,16,0,0,0,0,0,0,0,-32287,0,0,0,0,0,2868282,0
2773246,7336,-3386,1232,277,-600,78,2930,37,20,-1,16,19387,68,33,79,16,0,0,0,0,0,0,0,-32287,0,0,0,0,0,2868297,0
2773251,7482,-3148,1280,313,-461,70,2940,51,36,-1,32,19384,66,33,79,16,0,0,0,0,0,0,0,-32287,0,0,0,0,0,2868302,0
2773256,7640,-3146,1442,407,-118,161,2963,110,53,-9,72,19384,66,33,79,16,0,0,0,0,0,0,0,-32287,0,0,0,0,0,2868317,0
2773261,6860,-3350,1180,482,-212,164,3009,207,106,-11,168,19382,69,33,79,16,0,0,0,0,0,0,0,-32286,0,0,0,0,0,2868322,0
2773266,7162,-3592,516,852,-393,90,3078,314,196,-13,352,19382,69,33,79,16,0,0,0,0,0,0,0,-32287,0,0,0,0,0,2868337,0
2773271,7196,-3208,204,1295,-570,13,3177,438,290,-20,576,19382,73,33,79,16,0,0,0,0,0,0,0,-32287,0,0,0,0,0,2868342,0
2773276,7484,-1962,-368,1471,-884,-137,3295,534,356,-21,856,19382,73,33,79,16,0,0,0,0,0,0,0,-32287,0,0,0,0,0,2868357,0
2773281,7480,-1524,-506,1307,-960,-182,3431,608,359,5,1024,19382,71,33,79,16,0,0,0,0,0,0,0,-32287,0,0,0,0,0,2868362,0
2773286,7572,-1526,-540,1184,-1025,-238,3581,670,328,16,1112,19382,71,33,79,16,0,0,0,0,0,0,0,-32287,0,0,0,0,0,2868377,0
2773291,7618,-1636,-456,1183,-1114,-305,3747,731,286,12,1208,19387,68,33,79,16,0,0,0,0,0,0,0,-32286,0,0,0,0,0,2868382,0
2773296,7462,-2142,-240,1219,-1242,-336,3917,747,226,9,1224,19387,68,33,79,16,0,0,0,0,0,0,0,-32287,0,0,0,0,0,2868397,0
2773301,7600,-2132,-154,1171,-1250,-340,4091,770,174,5,1256,19386,69,33,79,16,0,0,0,0,0,0,0,-32287,0,0,0,0,0,2868402,0
2773306,7530,-2188,-30,1034,-1217,-282,4265,764,113,9,1216,19386,69,33,79,16,0,0,0,0,0,0,0,-32287,0,0,0,0,0,2868417,0
2773311,7410,-2222,144,798,-1151,-226,4435,749,53,6,1176,19386,67,33,79,16,0,0,0,0,0,0,0,-32287,0,0,0,0,0,2868422,0
2773316,7414,-2432,388,414,-899,-106,4602,741,2,-2,1176,19386,67,33,79,16,0,0,0,0,0,0,0,-32287,0,0,0,0,0,2868437,0
2773321,7200,-2822,406,408,-871,-75,4764,708,-23,4,1064,19384,61,33,79,16,0,0,0,0,0,0,0,-32287,0,0,0,0,0,2868442,0
2773326,7262,-3194,364,542,-900,-67,4918,682,-59,-2,1024,19384,61,33,79,16,0,0,0,0,0,0,0,-32287,0,0,0,0,0,2868457,0
2773331,7210,-3128,442,679,-878,-45,5069,658,-77,1,960,19385,59,33,79,16,0,0,0,0,0,0,0,-32287,0,0,0,0,0,2868462,0
2773336,7330,-2650,494,678,-752,12,5210,614,-89,8,840,19385,59,33,79,16,0,0,0,0,0,0,0,-32287,0,0,0,0,0,2868477,0
2773341,7452,-2676,464,618,-666,27,5342,569,-104,7,728,19385,64,33,79,16,0,0,0,0,0,0,0,-32287,0,0,0,0,0,2868482,0
2773346,7442,-2632,498,626,-603,45,5466,537,-118,-2,648,19385,64,33,79,16,0,0,0,0,0,0,0,-32287,0,0,0,0,0,2868497,0
2773351,7486,-2736,592,686,-560,45,5578,489,-134,0,536,19385,66,33,79,16,0,0,0,0,0,0,0,-32287,0,0,0,0,0,2868502,0
2773356,7684,-2760,608,791,-449,62,5676,427,-152,-7,400,19385,66,33,79,16,0,0,0,0,0,0,0,-32287,0,0,0,0,0,2868517,0
2773361,7558,-2640,682,775,-386,46,5760,353,-176,3,272,19387,70,33,79,16,0,0,0,0,0,0,0,-32287,0,0,0,0,0,2868522,0
2773366,7752,-2618,590,748,-304,57,5834,310,-191,13,192,19387,70,33,79,16,0,0,0,0,0,0,0,-32287,0,0,0,0,0,2868537,0
2773371,7668,-2492,578,699,-243,88,5895,265,-197,8,136,19387,76,33,79,16,0,0,0,0,0,0,0,-32287,0,0,0,0,0,2868542,0
2773376,7768,-2592,416,568,-167,116,5948,223,-184,-5,104,19387,76,33,79,16,0,0,0,0,0,0,0,-32287,0,0,0,0,0,2868557,0
2773381,7642,-2690,166,537,-229,175,5990,185,-170,0,56,19387,68,33,79,16,0,0,0,0,0,0,0,-32287,0,0,0,0,0,2868562,0
2773386,7392,-2804,218,582,-120,182,6018,113,-160,-4,32,19387,68,33,79,16,0,0,0,0,0,0,0,-32286,0,0,0,0,0,2868577,0
2773391,7316,-2634,400,672,-177,167,6041,102,-163,-8,32,19387,64,33,79,16,0,0,0,0,0,0,0,-32286,0,0,0,0,0,2868582,0
2773396,7260,-2496,162,712,-225,233,6051,46,-157,5,8,19387,64,33,79,16,0,0,0,0,0,0,0,-32286,0,0,0,0,0,2868597,0
2773401,7546,-2388,100,660,-169,248,6054,4,-150,4,-8,19388,61,33,79,16,0,0,0,0,0,0,0,-32287,0,0,0,0,0,2868602,0
2773406,7468,-2208,220,631,-110,247,6053,-2,-144,1,0,19388,61,33,79,16,0,0,0,0,0,0,0,-32287,0,0,0,0,0,2868617,0
2773411,7434,-2356,200,655,-125,244,6053,0,-96,1,0,19387,66,33,79,16,0,0,0,0,0,0,0,-32286,0,0,0,0,0,2868621,0
2773416,7294,-2486,-158,796,-193,253,6053,4,-70,1,0,19387,66,33,79,16,0,0,0,0,0,0,0,-32287,0,0,0,0,0,2868636,0
2773421,7162,-2448,-302,809,-209,280,6052,1,-22,-1,0,19384,72,33,79,16,0,0,0,0,0,0,0,-32287,0,0,0,0,0,2868641,0
2773426,6958,-2340,-430,742,-244,296,6053,4,-2,0,0,19384,72,33,79,16,0,0,0,0,0,0,0,-32287,0,0,0,0,0,2868656,0
2773431,7060,-2494,-626,633,-231,377,6052,-2,-1,-2,0,19383,73,33,79,16,0,0,0,0,0,0,0,-32287,0,0,0,0,0,2868661,0
2773436,6948,-2434,-418,399,-206,459,6055,7,5,-1,0,19383,73,33,79,16,0,0,0,0,0,0,0,-32287,0,0,0,0,0,2868676,0
2773441,6998,-2658,-360,460,-174,484,6058,20,14,-3,16,19384,73,33,79,16,0,0,0,0,0,0,0,-32287,0,0,0,0,0,2868681,0
2773446,6956,-2652,-240,579,-220,476,6070,52,29,-5,32,19384,73,33,79,16,0,0,0,0,0,0,0,-32287,0,0,0,0,0,2868696,0
2773451,7184,-2564,-194,732,-234,439,6097,123,68,-9,72,19385,66,33,79,16,0,0,0,0,0,0,0,-32286,0,0,0,0,0,2868701,0
2773456,7426,-2140,-144,865,-248,417,6137,172,121,-2,96,19385,66,33,79,16,0,0,0,0,0,0,0,-32287,0,0,0,0,0,2868716,0
2773461,7634,-1770,-174,834,-288,362,6185,220,159,-1,144,19385,60,33,79,16,0,0,0,0,0,0,0,-32286,0,0,0,0,0,2868721,0
2773466,8054,-1706,-196,815,-219,303,6245,274,183,-2,224,19385,60,33,79,16,0,0,0,0,0,0,0,-32287,0,0,0,0,0,2868736,0
2773471,8054,-1556,-82,842,-238,253,6320,339,182,-6,328,19383,62,33,79,16,0,0,0,0,0,0,0,-32286,0,0,0,0,0,2868741,0
2773476,8352,-1612,80,925,-249,95,6411,403,187,-14,464,19383,62,33,79,16,0,0,0,0,0,0,0,-32286,0,0,0,0,0,2868756,0
2773481,8474,-1742,44,929,-204,59,6511,449,204,-12,552,19384,67,33,79,16,0,0,0,0,0,0,0,-32286,0,0,0,0,0,2868761,0
2773486,8318,-1568,148,877,-195,-5,6619,475,193,-2,632,19384,67,33,79,16,0,0,0,0,0,0,0,-32286,0,0,0,0,0,2868776,0
2773491,8542,-1842,98,839,-121,-44,6734,507,159,4,704,19386,68,33,79,16,0,0,0,0,0,0,0,-32286,0,0,0,0,0,2868781,0
2773496,8476,-2060,106,899,-98,-183,6856,551,141,0,816,19386,68,33,79,16,0,0,0,0,0,0,0,-32287,0,0,0,0,0,2868796,0
2773501,8394,-2330,90,934,-86,-211,6988,577,119,6,856,19390,81,33,79,16,0,0,0,0,0,0,0,-32287,0,0,0,0,0,2868801,0
2773506,8212,-2486,74,933,-116,-245,7122,589,107,11,880,19390,81,33,79,16,0,0,0,0,0,0,0,-32287,0,0,0,0,0,2868816,0
2773511,8358,-2472,-46,943,-90,-280,7263,623,106,2,944,19391,73,33,79,16,0,0,0,0,0,0,0,-32286,0,0,0,0,0,2868821,0
2773516,8176,-2948,-22,971,-109,-309,7407,640,88,10,936,19391,73,33,79,16,0,0,0,0,0,0,0,-32286,0,0,0,0,0,2868836,0
2773521,8078,-2896,-12,1000,-142,-321,7549,623,62,11,888,19391,71,33,79,16,0,0,0,0,0,0,0,-32286,0,0,0,0,0,2868841,0
2773526,8148,-2960,6,1029,-149,-339,7691,625,34,1,904,19391,71,33,79,16,0,0,0,0,0,0,0,-32287,0,0,0,0,0,2868856,0
2773531,8112,-3018,48,1087,-171,-358,7835,630,20,0,896,19389,66,33,79,16,0,0,0,0,0,0,0,-32286,0,0,0,0,0,2868861,0
2773536,8112,-3020,202,1133,-197,-342,7976,614,-3,7,864,19389,66,33,79,16,0,0,0,0,0,0,0,-32286,0,0,0,0,0,2868876,0
2773541,8312,-3050,204,1136,-162,-351,8110,591,-22,0,824,19387,70,33,79,16,0,0,0,0,0,0,0,-32287,0,0,0,0,0,2868881,0
2773546,8246,-3002,268,1174,-155,-351,8241,579,-35,3,784,19387,70,33,79,16,0,0,0,0,0,0,0,-32287,0,0,0,0,0,2868896,0
2773551,8360,-2944,286,1191,-125,-333,8368,550,-52,8,672,19383,72,33,79,16,0,0,0,0,0,0,0,-32287,0,0,0,0,0,2868901,0
2773556,8454,-2696,172,1203,-71,-332,8490,531,-62,0,648,19383,72,33,79,16,0,0,0,0,0,0,0,-32287,0,0,0,0,0,2868916,0
2773561,8318,-2548,192,1194,-53,-333,8602,496,-72,-7,576,19381,70,33,79,16,0,0,0,0,0,0,0,-32287,0,0,0,0,0,2868921,0
2773566,8474,-2318,122,1197,-13,-350,8712,477,-85,-6,528,19381,70,33,79,16,0,0,0,0,0,0,0,-32287,0,0,0,0,0,2868936,0
2773571,8422,-2222,76,1212,12,-337,8814,446,-93,-4,448,19382,74,33,79,16,0,0,0,0,0,0,0,-32287,0,0,0,0,0,2868949,0
2773576,8464,-1972,-128,1146,56,-331,8910,420,-88,-6,432,19382,74,33,79,16,0,0,0,0,0,0,0,-32287,0,0,0,0,0,2868956,0
2773581,8464,-1786,-216,1100,70,-343,9000,397,-90,4,368,19383,74,33,79,16,0,0,0,0,0,0,0,-32287,0,0,0,0,0,2868961,0
2773586,8590,-1594,-328,1112,88,-350,9088,386,-88,8,344,19383,74,33,79,16,0,0,0,0,0,0,0,-32287,0,0,0,0,0,2868975,0
2773591,8526,-1428,-282,1137,87,-376,9180,407,-65,-3,408,19384,81,33,79,16,0,0,0,0,0,0,0,-32286,0,0,0,0,0,2868980,0
2773596,8542,-1322,-358,1153,93,-378,9269,391,-36,-1,368,19384,81,33,79,16,0,0,0,0,0,0,0,-32287,0,0,0,0,0,2868995,0
2773601,8528,-1248,-412,1125,87,-368,9356,388,-12,2,352,19386,82,33,79,16,0,0,0,0,0,0,0,-32287,0,0,0,0,0,2869000,0
2773606,8654,-1294,-420,1066,111,-354,9442,372,-14,2,344,19386,82,33,79,16,0,0,0,0,0,0,0,-32287,0,0,0,0,0,2869015,0
2773611,8572,-1388,-408,1032,85,-388,9531,396,-15,-7,392,19388,78,33,79,16,0,0,0,0,0,0,0,-32286,0,0,0,0,0,2869020,0
2773616,8918,-2104,-476,1184,79,-451,9625,418,2,-12,464,19388,78,33,79,16,0,0,0,0,0,0,0,-32287,0,0,0,0,0,2869035,0
2773621,8988,-2392,-426,1241,58,-474,9720,415,24,-3,456,19389,70,33,79,16,0,0,0,0,0,0,0,-32287,0,0,0,0,0,2869040,0
2773626,9244,-2474,-406,1285,47,-489,9814,422,37,3,464,19389,70,33,79,16,0,0,0,0,0,0,0,-32287,0,0,0,0,0,2869055,0
2773631,9386,-2718,-364,1307,67,-495,9908,414,25,0,456,19386,64,33,79,16,0,0,0,0,0,0,0,-32286,0,0,0,0,0,2869060,0
2773636,9592,-3016,-194,1374,-35,-562,10005,427,12,-5,496,19386,64,33,79,16,0,0,0,0,0,0,0,-32286,0,0,0,0,0,2869075,0
2773641,9468,-2882,18,1416,-98,-597,10105,431,10,-3,488,19384,62,33,79,16,0,0,0,0,0,0,0,-32286,0,0,0,0,0,2869080,0
2773646,9390,-2736,46,1358,-161,-602,10196,395,5,11,408,19384,62,33,79,16,0,0,0,0,0,0,0,-32287,0,0,0,0,0,2869095,0
2773651,9322,-2844,-96,1260,-264,-584,10282,369,-21,12,336,19384,52,33,79,16,0,0,0,0,0,0,0,-32287,0,0,0,0,0,2869100,0
2773656,9352,-2628,466,1058,-329,-568,10361,343,-61,11,296,19384,52,33,79,16,0,0,0,0,0,0,0,-32286,0,0,0,0,0,2869115,0
2773661,9310,-2698,498,952,-399,-532,10434,316,-84,9,224,19386,55,33,79,16,0,0,0,0,0,0,0,-32286,0,0,0,0,0,2869120,0
2773666,9148,-2374,516,822,-494,-499,10502,296,-91,8,176,19386,55,33,79,16,0,0,0,0,0,0,0,-32287,0,0,0,0,0,2869135,0
2773671,9196,-2246,444,678,-551,-457,10559,251,-94,9,96,19388,55,33,79,16,0,0,0,0,0,0,0,-32287,0,0,0,0,0,2869140,0
2773676,8894,-1930,1100,359,-513,-396,10601,174,-121,-3,64,19388,55,33,79,16,0,0,0,0,0,0,0,-32287,0,0,0,0,0,2869155,0
2773681,9310,-2326,1034,340,-509,-376,10626,103,-165,-7,24,19387,60,33,79,16,0,0,0,0,0,0,0,-32287,0,0,0,0,0,2869160,0
2773686,9240,-2076,1320,358,-534,-410,10642,63,-198,2,16,19387,60,33,79,16,0,0,0,0,0,0,0,-32287,0,0,0,0,0,2869175,0
2773691,9712,-2132,1244,397,-489,-450,10651,49,-199,1,16,19385,60,33,79,16,0,0,0,0,0,0,0,-32287,0,0,0,0,0,2869180,0
2773696,9846,-2084,1088,373,-347,-545,10658,36,-156,0,0,19385,60,33,79,16,0,0,0,0,0,0,0,-32287,0,0,0,0,0,2869195,0
2773701,10184,-2424,942,442,-309,-603,10660,-3,-109,4,-8,19384,70,33,79,16,0,0,0,0,0,0,0,-32286,0,0,0,0,0,2869200,0
2773706,10078,-2388,950,449,-259,-686,10661,4,-65,1,-8,19384,70,33,79,16,0,0,0,0,0,0,0,-32287,0,0,0,0,0,2869215,0
2773711,10202,-2668,754,372,-211,-727,10661,-1,-50,1,-8,19387,72,33,79,16,0,0,0,0,0,0,0,-32286,0,0,0,0,0,2869220,0
2773716,9942,-3284,524,1,-147,-739,10661,2,-33,0,-8,19387,72,33,79,16,0,0,0,0,0,0,0,-32287,0,0,0,0,0,2869235,0
2773721,9796,-3684,750,-145,11,-730,10661,0,-20,0,-8,19388,77,33,79,16,0,0,0,0,0,0,0,-32286,0,0,0,0,0,2869240,0
2773726,9264,-4278,880,-236,10,-709,10661,1,-2,0,0,19388,77,33,79,16,0,0,0,0,0,0,0,-32287,0,0,0,0,0,2869255,0
2773731,8902,-4824,938,-276,0,-670,10662,-1,-3,2,-8,19386,75,33,79,16,0,0,0,0,0,0,0,-32287,0,0,0,0,0,2869260,0
2773736,7976,-5350,1330,-337,92,-585,10661,6,-1,0,-8,19386,75,33,79,16,0,0,0,0,0,0,0,-32287,0,0,0,0,0,2869275,0
2773741,7278,-5618,1378,-323,92,-551,10659,-7,-2,1,-8,19384,74,33,79,16,0,0,0,0,0,0,0,-32287,0,0,0,0,0,2869280,0
2773746,6876,-6000,1356,-327,63,-492,10660,0,-3,0,0,19384,74,33,79,16,0,0,0,0,0,0,0,-32286,0,0,0,0,0,2869295,0
2773751,6274,-6116,1436,-369,74,-443,10659,-3,-2,0,-8,19384,70,33,79,16,0,0,0,0,0,0,0,-32287,0,0,0,0,0,2869298,0
2773756,5476,-6650,1640,-261,38,-372,10659,1,4,0,-8,19384,70,33,79,16,0,0,0,0,0,0,0,-32286,0,0,0,0,0,2869313,0
2773761,5012,-6840,1764,-64,8,-359,10660,3,0,0,-8,19386,64,33,79,16,0,0,0,0,0,0,0,-32286,0,0,0,0,0,2869318,0
2773766,6152,-5346,2476,945,-131,-857,10651,-37,-6,5,-32,19386,64,33,79,16,0,0,0,0,0,0,0,-32286,0,0,0,0,0,2869333,0
2773771,6318,-7414,2368,2257,-126,-996,10632,-97,-43,8,-64,19385,67,33,79,16,0,0,0,0,0,0,0,-32286,0,0,0,0,0,2869338,0
2773776,5816,-4940,1192,2512,-562,-985,10590,-202,-115,20,-184,19385,67,33,79,16,0,0,0,0,0,0,0,-32286,0,0,0,0,0,2869353,0
2773781,6232,-3792,1212,1667,-90,-827,10512,-348,-223,25,-456,19385,69,33,79,16,0,0,0,0,0,0,0,-32287,0,0,0,0,0,2869358,0
2773786,5488,-4150,1180,822,165,-687,10398,-513,-355,40,-856,19385,69,33,79,16,0,0,0,0,0,0,0,-32286,0,0,0,0,0,2869373,0
2773791,5564,-5546,1074,587,239,-561,10249,-670,-460,20,-1280,19385,70,33,79,16,0,0,0,0,0,0,0,-32286,0,0,0,0,0,2869378,0
2773796,5278,-6800,1590,870,279,-232,10055,-871,-538,15,-1736,19385,70,33,79,16,0,0,0,0,0,0,0,-32287,0,0,0,0,0,2869393,0
2773801,5366,-6396,1464,912,313,-52,9821,-1041,-585,7,-2112,19385,65,33,79,16,0,0,0,0,0,0,0,-32287,0,0,0,0,0,2869398,0
2773806,5464,-6012,1196,795,341,181,9546,-1227,-609,10,-2520,19385,65,33,79,16,0,0,0,0,0,0,0,-32287,0,0,0,0,0,2869413,0
2773811,5494,-5258,986,615,309,343,9234,-1398,-626,6,-2888,19388,69,33,79,16,0,0,0,0,0,0,0,-32286,0,0,0,0,0,2869418,0
2773816,6082,-4014,532,245,269,652,8882,-1564,-622,0,-3224,19388,69,33,79,16,0,0,0,0,0,0,0,-32286,0,0,0,0,0,2869433,0
2773821,6524,-3706,190,3,259,782,8491,-1729,-602,-9,-3528,19389,65,33,79,16,0,0,0,0,0,0,0,-32287,0,0,0,0,0,2869442,0
2773826,6830,-3122,200,-172,188,869,8067,-1875,-591,-15,-3792,19389,65,33,79,16,0,0,0,0,0,0,0,-32286,0,0,0,0,0,2869453,0
2773831,7054,-2664,128,-443,145,960,7618,-1984,-551,-17,-3992,19388,64,33,79,16,0,0,0,0,0,0,0,-32286,0,0,0,0,0,2869458,0
2773836,7914,-1978,394,-903,86,1020,7153,-2054,-476,-11,-4088,19388,64,33,79,16,0,0,0,0,0,0,0,-32286,0,0,0,0,0,2869473,0
2773841,8096,-2012,448,-1061,55,1028,6679,-2087,-375,-11,-4136,19385,74,33,79,16,0,0,0,0,0,0,0,-32286,0,0,0,0,0,2869477,0
2773846,8344,-1846,548,-1165,2,1000,6207,-2080,-255,-10,-4096,19385,74,33,79,16,0,0,0,0,0,0,0,-32287,0,0,0,0,0,2869492,0
2773851,8636,-1662,828,-1205,-22,925,5742,-2053,-129,-9,-4024,19382,80,33,79,16,0,0,0,0,0,0,0,-32286,0,0,0,0,0,2869497,0
2773856,9418,-1606,1296,-1011,-139,656,5283,-2016,-16,-5,-3952,19382,80,33,79,16,0,0,0,0,0,0,0,-32287,0,0,0,0,0,2869512,0
2773861,9702,-1540,1542,-793,-180,472,4832,-1982,60,-2,-3848,19381,85,33,79,16,0,0,0,0,0,0,0,-32286,0,0,0,0,0,2869517,0
2773866,9876,-1592,1628,-604,-225,315,4389,-1947,97,-2,-3768,19381,85,33,79,16,0,0,0,0,0,0,0,-32286,0,0,0,0,0,2869532,0
2773871,9866,-1530,1588,-549,-230,187,3954,-1907,114,-6,-3656,19382,83,33,79,16,0,0,0,0,0,0,0,-32287,0,0,0,0,0,2869537,0
2773876,9920,-1550,2294,-730,148,7,3532,-1846,127,-8,-3512,19382,83,33,79,16,0,0,0,0,0,0,0,-32286,0,0,0,0,0,2869552,0
2773881,9628,-2064,2512,-774,371,-32,3124,-1787,153,0,-3392,19385,84,33,79,16,0,0,0,0,0,0,0,-32286,0,0,0,0,0,2869557,0
2773886,9244,-2690,2586,-708,581,-67,2733,-1710,178,4,-3240,19385,84,33,79,16,0,0,0,0,0,0,0,-32286,0,0,0,0,0,2869572,0
2773891,8870,-3136,2438,-594,736,-75,2358,-1640,213,3,-3096,19385,84,33,79,16,0,0,0,0,0,0,0,-32287,0,0,0,0,0,2869577,0
2773896,7646,-3162,1992,-471,1020,-45,2000,-1566,238,1,-2968,19385,84,33,79,16,0,0,0,0,0,0,0,-32286,0,0,0,0,0,2869592,0
2773901,7622,-3466,1536,-476,1069,18,1659,-1496,250,1,-2808,19383,84,33,79,16,0,0,0,0,0,0,0,-32287,0,0,0,0,0,2869597,0
2773906,6826,-3288,1196,-528,1149,87,1335,-1426,250,-4,-2640,19383,84,33,79,16,0,0,0,0,0,0,0,-32287,0,0,0,0,0,2869612,0
2773911,6564,-3144,846,-555,1161,107,1028,-1345,255,-3,-2456,19384,73,33,79,16,0,0,0,0,0,0,0,-32286,0,0,0,0,0,2869617,0
2773916,5808,-3044,186,-442,1022,176,737,-1281,255,-12,-2280,19384,73,33,79,16,0,0,0,0,0,0,0,-32286,0,0,0,0,0,2869632,0
2773921,5796,-2910,-40,-390,929,213,463,-1198,254,-10,-2096,19385,75,33,79,16,0,0,0,0,0,0,0,-32286,0,0,0,0,0,2869637,0
2773926,5680,-2530,-320,-380,803,221,206,-1122,254,-4,-1920,19385,75,33,79,16,0,0,0,0,0,0,0,-32287,0,0,0,0,0,2869652,0
2773931,5726,-2312,-454,-407,678,225,-38,-1065,251,-3,-1800,19387,74,33,79,16,0,0,0,0,0,0,0,-32286,0,0,0,0,0,2869657,0
2773936,5882,-2024,-560,-467,389,226,-266,-999,245,1,-1664,19387,74,33,79,16,0,0,0,0,0,0,0,-32286,0,0,0,0,0,2869672,0
2773941,5832,-1954,-446,-595,284,251,-483,-949,230,4,-1576,19386,82,33,79,16,0,0,0,0,0,0,0,-32287,0,0,0,0,0,2869677,0
2773946,6008,-1688,-172,-716,223,265,-687,-892,209,0,-1440,19386,82,33,79,16,0,0,0,0,0,0,0,-32287,0,0,0,0,0,2869692,0
2773951,6178,-1724,32,-822,222,275,-881,-848,196,3,-1360,19384,75,33,79,16,0,0,0,0,0,0,0,-32287,0,0,0,0,0,2869697,0
2773956,6616,-1920,544,-780,112,254,-1063,-802,176,1,-1256,19384,75,33,79,16,0,0,0,0,0,0,0,-32286,0,0,0,0,0,2869712,0
2773961,6780,-1924,740,-756,96,260,-1238,-765,171,2,-1208,19385,69,33,79,16,0,0,0,0,0,0,0,-32286,0,0,0,0,0,2869717,0
2773966,6904,-1802,868,-818,83,271,-1403,-732,156,5,-1136,19385,69,33,79,16,0,0,0,0,0,0,0,-32287,0,0,0,0,0,2869732,0
2773971,7134,-1640,1048,-880,132,261,-1560,-682,140,-5,-1024,19385,65,33,79,16,0,0,0,0,0,0,0,-32287,0,0,0,0,0,2869737,0
2773976,7150,-1684,1354,-971,231,286,-1711,-665,134,0,-1000,19385,65,33,79,16,0,0,0,0,0,0,0,-32287,0,0,0,0,0,2869752,0
2773981,7272,-1740,1356,-961,273,298,-1855,-626,116,0,-920,19385,67,33,79,16,0,0,0,0,0,0,0,-32287,0,0,0,0,0,2869757,0
2773986,7258,-1796,1372,-927,305,303,-1993,-599,113,-5,-856,19385,67,33,79,16,0,0,0,0,0,0,0,-32286,0,0,0,0,0,2869772,0
2773991,7134,-1726,1408,-928,358,307,-2123,-574,110,0,-792,19385,67,33,79,16,0,0,0,0,0,0,0,-32287,0,0,0,0,0,2869777,0
2773996,7036,-1718,1288,-944,472,323,-2248,-547,98,0,-712,19385,67,33,79,16,0,0,0,0,0,0,0,-32287,0,0,0,0,0,2869792,0
2774001,6850,-1646,1238,-926,482,307,-2367,-526,100,0,-656,19385,67,33,79,16,0,0,0,0,0,0,0,-32286,0,0,0,0,0,2869797,0
2774006,6730,-1748,1116,-903,499,298,-2478,-483,93,0,-552,19383,75,33,79,16,0,0,0,0,0,0,0,-32286,0,0,0,0,0,2869812,0
2774011,6632,-1690,976,-871,520,294,-2563,-463,98,8,-512,19383,75,33,79,16,0,0,0,0,0,0,0,-32286,0,0,0,0,0,2869816,0
2774016,6282,-1792,750,-849,546,317,-2661,-431,104,9,-464,19382,70,33,79,16,0,0,0,0,0,0,0,-32287,0,0,0,0,0,2869831,0
2774021,6164,-1570,640,-836,538,298,-2756,-407,98,0,-416,19382,70,33,79,16,0,0,0,0,0,0,0,-32287,0,0,0,0,0,2869836,0
2774026,6202,-1660,504,-803,558,297,-2841,-372,105,-13,-320,19382,61,33,79,16,0,0,0,0,0,0,0,-32287,0,0,0,0,0,2869851,0
2774031,6048,-1576,448,-782,546,288,-2919,-339,104,-14,-264,19382,61,33,79,16,0,0,0,0,0,0,0,-32286,0,0,0,0,0,2869856,0
2774036,5942,-1512,6,-829,481,305,-2992,-315,109,-6,-208,19380,57,33,79,16,0,0,0,0,0,0,0,-32287,0,0,0,0,0,2869871,0
2774041,5874,-1494,-104,-837,451,332,-3056,-285,108,-5,-168,19380,57,33,79,16,0,0,0,0,0,0,0,-32287,0,0,0,0,0,2869876,0
2774046,5838,-1392,-106,-850,425,340,-3116,-259,102,9,-144,19382,58,33,79,16,0,0,0,0,0,0,0,-32286,0,0,0,0,0,2869891,0
2774051,5822,-1252,-52,-849,373,294,-3169,-240,95,7,-120,19382,58,33,79,16,0,0,0,0,0,0,0,-32287,0,0,0,0,0,2869896,0
2774056,6090,-1286,-68,-789,315,284,-3214,-183,101,0,-72,19379,74,33,79,16,0,0,0,0,0,0,0,-32286,0,0,0,0,0,2869911,0
2774061,6194,-1244,-32,-827,318,270,-3248,-146,112,9,-56,19379,74,33,79,16,0,0,0,0,0,0,0,-32286,0,0,0,0,0,2869916,0
2774066,6342,-1126,74,-851,288,219,-3270,-82,136,-3,-24,19377,81,33,79,16,0,0,0,0,0,0,0,-32287,0,0,0,0,0,2869931,0
2774071,6568,-1240,64,-868,322,223,-3278,-34,172,-5,-8,19377,81,33,79,16,0,0,0,0,0,0,0,-32287,0,0,0,0,0,2869936,0
2774076,6660,-1452,242,-909,304,192,-3279,6,179,-4,0,19375,70,33,79,16,0,0,0,0,0,0,0,-32287,0,0,0,0,0,2869951,0
2774081,6754,-1466,318,-892,299,188,-3278,3,141,-1,0,19375,70,33,79,16,0,0,0,0,0,0,0,-32287,0,0,0,0,0,2869956,0
2774086,6884,-1528,424,-863,291,147,-3275,3,113,0,-8,19375,75,33,79,16,0,0,0,0,0,0,0,-32287,0,0,0,0,0,2869971,0
2774091,6994,-1584,464,-823,296,137,-3275,4,50,1,-8,19375,75,33,79,16,0,0,0,0,0,0,0,-32286,0,0,0,0,0,2869976,0
2774096,7060,-1582,522,-752,286,94,-3275,-1,8,0,-8,19374,82,33,79,16,0,0,0,0,0,0,0,-32287,0,0,0,0,0,2869991,0
2774101,7140,-1556,494,-751,294,95,-3275,-4,-4,-1,0,19374,82,33,79,16,0,0,0,0,0,0,0,-32286,0,0,0,0,0,2869996,0
2774106,7112,-1534,508,-799,300,111,-3275,4,-2,0,0,19374,83,33,79,16,0,0,0,0,0,0,0,-32286,0,0,0,0,0,2870011,0
2774111,7152,-1584,486,-895,357,161,-3275,7,-2,0,0,19374,83,33,79,16,0,0,0,0,0,0,0,-32286,0,0,0,0,0,2870016,0
2774116,7248,-1662,718,-1007,435,187,-3271,18,12,-2,8,19375,81,33,79,16,0,0,0,0,0,0,0,-32286,0,0,0,0,0,2870031,0
2774121,7436,-1780,784,-891,413,167,-3264,34,27,-1,16,19375,81,33,79,16,0,0,0,0,0,0,0,-32286,0,0,0,0,0,2870036,0
2774126,7432,-1756,766,-766,341,141,-3255,45,26,-2,16,19378,71,33,79,16,0,0,0,0,0,0,0,-32287,0,0,0,0,0,2870051,0
2774131,7558,-1754,688,-693,269,140,-3246,36,34,0,8,19378,71,33,79,16,0,0,0,0,0,0,0,-32287,0,0,0,0,0,2870056,0
2774136,7746,-1456,558,-842,190,159,-3241,19,16,2,-8,19377,84,33,79,16,0,0,0,0,0,0,0,-32286,0,0,0,0,0,2870071,0
2774141,7656,-1414,532,-907,152,146,-3243,-12,-14,1,-8,19377,84,33,79,16,0,0,0,0,0,0,0,-32287,0,0,0,0,0,2870076,0
2774146,7894,-1538,662,-921,166,140,-3242,-5,-39,-3,0,19379,90,33,79,16,0,0,0,0,0,0,0,-32286,0,0,0,0,0,2870091,0
2774151,7812,-1608,810,-966,176,140,-3243,0,-37,0,-8,19379,90,33,79,16,0,0,0,0,0,0,0,-32286,0,0,0,0,0,2870096,0
2774156,7966,-1828,892,-1061,204,114,-3244,-6,-23,0,0,19380,85,33,79,16,0,0,0,0,0,0,0,-32287,0,0,0,0,0,2870111,0
2774161,8046,-1966,996,-1034,219,86,-3242,5,-4,0,-8,19380,85,33,79,16,0,0,0,0,0,0,0,-32287,0,0,0,0,0,2870116,0
2774166,8240,-2182,1122,-937,236,65,-3242,6,2,1,0,19380,73,33,79,16,0,0,0,0,0,0,0,-32286,0,0,0,0,0,2870131,0
2774171,8360,-2310,1324,-824,262,30,-3242,1,5,-1,0,19380,73,33,79,16,0,0,0,0,0,0,0,-32287,0,0,0,0,0,2870136,0
2774176,8792,-2278,1400,-740,343,6,-3242,2,-1,0,-8,19380,77,33,79,16,0,0,0,0,0,0,0,-32287,0,0,0,0,0,2870151,0
2774181,8964,-2212,1410,-799,393,-3,-3242,-1,1,0,0,19380,77,33,79,16,0,0,0,0,0,0,0,-32287,0,0,0,0,0,2870155,0
2774186,9112,-2282,1362,-853,449,-14,-3241,0,-1,-1,0,19381,85,33,79,16,0,0,0,0,0,0,0,-32287,0,0,0,0,0,2870170,0
2774191,9296,-2362,1294,-878,476,-16,-3241,-4,-5,-1,0,19381,85,33,79,16,0,0,0,0,0,0,0,-32286,0,0,0,0,0,2870175,0
2774196,9330,-2448,1270,-857,453,-64,-3241,6,0,0,0,19379,87,33,79,16,0,0,0,0,0,0,0,-32286,0,0,0,0,0,2870190,0
2774201,9520,-2454,1200,-825,432,-85,-3241,0,-2,0,-8,19379,87,33,79,16,0,0,0,0,0,0,0,-32287,0,0,0,0,0,2870195,0
2774206,9516,-2290,1212,-848,428,-108,-3241,1,2,0,-8,19376,81,33,79,16,0,0,0,0,0,0,0,-32286,0,0,0,0,0,2870210,0
2774211,9536,-2226,1206,-873,418,-131,-3241,0,1,0,-8,19376,81,33,79,16,0,0,0,0,0,0,0,-32286,0,0,0,0,0,2870215,0
2774216,9482,-2256,1324,-832,371,-194,-3241,2,1,0,-8,19376,67,33,79,16,0,0,0,0,0,0,0,-32286,0,0,0,0,0,2870230,0
2774221,9388,-2214,1362,-798,340,-222,-3241,0,-3,-1,0,19376,67,33,79,16,0,0,0,0,0,0,0,-32286,0,0,0,0,0,2870235,0
2774226,9384,-2126,1472,-751,360,-229,-3241,-4,0,-2,-8,19376,65,33,79,16,0,0,0,0,0,0,0,-32287,0,0,0,0,0,2870250,0
2774231,9222,-1890,1662,-749,369,-257,-3241,2,1,-1,-8,19376,65,33,79,16,0,0,0,0,0,0,0,-32287,0,0,0,0,0,2870255,0
2774236,9084,-1466,1852,-782,517,-270,-3241,0,2,-3,-8,19378,76,33,79,16,0,0,0,0,0,0,0,-32287,0,0,0,0,0,2870270,0
2774241,9024,-1246,1892,-794,602,-274,-3240,3,1,-1,-8,19378,76,33,79,16,0,0,0,0,0,0,0,-32287,0,0,0,0,0,2870278,0
2774246,8888,-982,1930,-808,697,-287,-3242,-2,1,-1,0,19378,81,33,79,16,0,0,0,0,0,0,0,-32287,0,0,0,0,0,2870293,0
2774251,8832,-750,1848,-819,803,-291,-3241,0,0,0,0,19378,81,33,79,16,0,0,0,0,0,0,0,-32287,0,0,0,0,0,2870298,0
2774256,8500,-210,1518,-879,907,-287,-3240,0,-6,0,0,19379,88,33,79,16,0,0,0,0,0,0,0,-32287,0,0,0,0,0,2870313,0
2774261,8496,2,1348,-953,943,-281,-3241,-3,-3,1,-8,19379,88,33,79,16,0,0,0,0,0,0,0,-32286,0,0,0,0,0,2870318,0
2774266,8492,158,1316,-1082,992,-233,-3240,-5,0,0,0,19377,78,33,79,16,0,0,0,0,0,0,0,-32287,0,0,0,0,0,2870333,0
2774271,8550,146,1382,-1265,1043,-192,-3241,-5,-4,-1,0,19377,78,33,79,16,0,0,0,0,0,0,0,-32287,0,0,0,0,0,2870338,0
2774276,9402,-612,1662,-1499,1009,-151,-3240,0,2,-3,0,19376,78,33,79,16,0,0,0,0,0,0,0,-32287,0,0,0,0,0,2870353,0
2774281,10002,-980,1894,-1574,975,-144,-3238,5,3,-2,0,19376,78,33,79,16,0,0,0,0,0,0,0,-32286,0,0,0,0,0,2870358,0
2774286,10670,-1226,2026,-1700,946,-114,-3236,12,12,-2,8,19374,76,33,79,16,0,0,0,0,0,0,0,-32287,0,0,0,0,0,2870373,0
2774291,11336,-1588,2158,-1826,958,-132,-3230,21,15,-2,16,19374,76,33,79,16,0,0,0,0,0,0,0,-32286,0,0,0,0,0,2870378,0
2774296,11982,-3580,1858,-2022,828,-66,-3224,26,22,-2,16,19376,88,33,79,16,0,0,0,0,0,0,0,-32287,0,0,0,0,0,2870393,0
2774301,12438,-4460,1784,-2238,848,35,-3210,60,40,-6,40,19376,88,33,79,16,0,0,0,0,0,0,0,-32287,0,0,0,0,0,2870398,0
2774306,12572,-5440,2340,-2482,1015,116,-3177,152,74,-18,128,19377,80,33,79,16,0,0,0,0,0,0,0,-32286,0,0,0,0,0,2870413,0
2774311,12372,-6456,2968,-2533,1148,161,-3119,256,154,-8,224,19377,80,33,79,16,0,0,0,0,0,0,0,-32286,0,0,0,0,0,2870418,0
2774316,11364,-8098,2966,-1882,998,84,-3043,338,240,1,336,19378,73,33,79,16,0,0,0,0,0,0,0,-32287,0,0,0,0,0,2870433,0
2774321,10836,-8104,2612,-1469,856,8,-2949,418,298,-14,504,19378,73,33,79,16,0,0,0,0,0,0,0,-32286,0,0,0,0,0,2870438,0
2774326,9924,-7926,2144,-1252,816,2,-2841,474,299,-19,656,19376,69,33,79,16,0,0,0,0,0,0,0,-32287,0,0,0,0,0,2870453,0
2774331,8792,-7750,1758,-1163,760,-3,-2723,523,259,1,768,19376,69,33,79,16,0,0,0,0,0,0,0,-32286,0,0,0,0,0,2870458,0
2774336,6856,-8608,750,-741,354,-15,-2593,577,222,17,848,19376,67,33,79,16,0,0,0,0,0,0,0,-32286,0,0,0,0,0,2870472,0
2774341,6318,-8878,394,-443,56,0,-2460,584,173,19,880,19376,67,33,79,16,0,0,0,0,0,0,0,-32287,0,0,0,0,0,2870477,0
2774346,6032,-8686,140,-217,-155,11,-2325,594,129,7,880,19380,72,33,79,16,0,0,0,0,0,0,0,-32287,0,0,0,0,0,2870492,0
2774351,5212,-9176,872,-32,-250,38,-2191,594,82,6,872,19380,72,33,79,16,0,0,0,0,0,0,0,-32287,0,0,0,0,0,2870497,0
2774356,4724,-9134,620,335,-657,163,-2056,593,38,8,840,19380,75,33,79,16,0,0,0,0,0,0,0,-32286,0,0,0,0,0,2870512,0
2774361,4578,-8328,874,404,-613,204,-1931,554,-8,10,736,19380,75,33,79,16,0,0,0,0,0,0,0,-32286,0,0,0,0,0,2870517,0
2774366,4426,-7256,926,392,-448,248,-1810,527,-38,-2,664,19380,73,33,79,16,0,0,0,0,0,0,0,-32287,0,0,0,0,0,2870532,0
2774371,4022,-6646,782,372,-259,266,-1696,499,-71,0,584,19380,73,33,79,16,0,0,0,0,0,0,0,-32286,0,0,0,0,0,2870537,0
2774376,3232,-6214,-428,736,-312,273,-1591,454,-96,0,464,19376,62,33,79,16,0,0,0,0,0,0,0,-32287,0,0,0,0,0,2870552,0
2774381,2838,-5638,-934,971,-444,248,-1504,385,-130,2,336,19376,62,33,79,16,0,0,0,0,0,0,0,-32287,0,0,0,0,0,2870557,0
2774386,2856,-4976,-1288,1068,-553,253,-1425,344,-152,7,256,19376,64,33,79,16,0,0,0,0,0,0,0,-32287,0,0,0,0,0,2870572,0
2774391,2842,-4322,-1206,1028,-571,275,-1352,310,-168,3,216,19376,64,33,79,16,0,0,0,0,0,0,0,-32287,0,0,0,0,0,2870577,0
2774396,2902,-4168,-618,847,-547,359,-1286,287,-156,3,152,19376,68,33,79,16,0,0,0,0,0,0,0,-32286,0,0,0,0,0,2870592,0
2774401,3184,-4172,-426,893,-572,357,-1234,222,-136,0,96,19376,68,33,79,16,0,0,0,0,0,0,0,-32286,0,0,0,0,0,2870597,0
2774406,3408,-4566,-486,818,-465,516,-1196,168,-144,-16,64,19376,80,33,79,16,0,0,0,0,0,0,0,-32287,0,0,0,0,0,2870612,0
2774411,3286,-3764,-166,571,-354,565,-1161,155,-150,-7,56,19376,80,33,79,16,0,0,0,0,0,0,0,-32287,0,0,0,0,0,2870617,0
2774416,4078,-3990,-168,514,-179,685,-1133,115,-147,3,40,19376,69,33,79,16,0,0,0,0,0,0,0,-32286,0,0,0,0,0,2870632,0
2774421,4586,-4120,-164,634,-222,725,-1107,111,-117,-3,56,19376,69,33,79,16,0,0,0,0,0,0,0,-32287,0,0,0,0,0,2870637,0
2774426,4916,-4148,-166,700,-277,789,-1082,113,-73,1,40,19377,75,33,79,16,0,0,0,0,0,0,0,-32287,0,0,0,0,0,2870652,0
2774431,5372,-3902,-176,668,-391,818,-1055,122,-41,-3,72,19377,75,33,79,16,0,0,0,0,0,0,0,-32286,0,0,0,0,0,2870657,0
2774436,6656,-3908,-110,506,-535,929,-1016,173,2,-3,88,19377,77,33,79,16,0,0,0,0,0,0,0,-32288,0,0,0,0,0,2870672,0
2774441,7130,-3830,214,434,-635,921,-968,219,63,-2,144,19377,77,33,79,16,0,0,0,0,0,0,0,-32287,0,0,0,0,0,2870677,0
2774446,7884,-3986,320,414,-648,935,-912,250,108,-1,184,19379,75,33,79,16,0,0,0,0,0,0,0,-32287,0,0,0,0,0,2870692,0
2774451,8384,-3958,410,450,-728,907,-847,286,131,0,224,19379,75,33,79,16,0,0,0,0,0,0,0,-32287,0,0,0,0,0,2870697,0
2774456,8924,-3790,244,293,-805,891,-782,281,120,12,184,19382,63,33,79,16,0,0,0,0,0,0,0,-32287,0,0,0,0,0,2870712,0
2774461,9146,-3766,98,148,-840,862,-718,286,85,3,200,19382,63,33,79,16,0,0,0,0,0,0,0,-32287,0,0,0,0,0,2870717,0
2774466,9132,-3946,80,75,-839,833,-652,287,44,0,192,19382,46,33,79,16,0,0,0,0,0,0,0,-32287,0,0,0,0,0,2870732,0
2774471,8850,-3996,132,64,-887,754,-584,296,19,-2,232,19382,46,33,79,16,0,0,0,0,0,0,0,-32287,0,0,0,0,0,2870737,0
2774476,8640,-3832,144,291,-944,501,-507,341,21,-6,280,19379,58,33,79,16,0,0,0,0,0,0,0,-32286,0,0,0,0,0,2870752,0
2774481,8364,-3658,176,376,-957,369,-429,358,54,-2,320,19379,58,33,79,16,0,0,0,0,0,0,0,-32287,0,0,0,0,0,2870757,0
2774486,8214,-3654,38,414,-972,249,-344,371,70,1,312,19379,74,33,79,16,0,0,0,0,0,0,0,-32287,0,0,0,0,0,2870772,0
2774491,7890,-3466,90,392,-903,160,-261,368,66,3,320,19379,74,33,79,16,0,0,0,0,0,0,0,-32287,0,0,0,0,0,2870777,0
2774496,7226,-3692,212,387,-818,-17,-174,381,53,-4,352,19380,87,33,79,16,0,0,0,0,0,0,0,-32287,0,0,0,0,0,2870792,0
2774501,6826,-3870,284,449,-822,-100,-86,396,32,-5,384,19380,87,33,79,16,0,0,0,0,0,0,0,-32287,0,0,0,0,0,2870796,0
2774506,6638,-4186,260,526,-801,-131,7,412,31,-10,448,19377,82,33,79,16,0,0,0,0,0,0,0,-32287,0,0,0,0,0,2870811,0
2774511,6302,-4238,328,573,-822,-166,107,437,49,-5,480,19377,82,33,79,16,0,0,0,0,0,0,0,-32287,0,0,0,0,0,2870816,0
2774516,6118,-4216,190,601,-794,-177,207,439,59,-7,512,19376,74,33,79,16,0,0,0,0,0,0,0,-32287,0,0,0,0,0,2870831,0
2774521,5890,-4236,130,615,-788,-167,311,451,65,-1,528,19376,74,33,79,16,0,0,0,0,0,0,0,-32287,0,0,0,0,0,2870836,0
2774526,5758,-4314,36,658,-826,-172,420,476,52,-1,624,19377,70,33,79,16,0,0,0,0,0,0,0,-32286,0,0,0,0,0,2870851,0
2774531,5790,-4238,-66,728,-851,-167,534,503,59,3,688,19377,70,33,79,16,0,0,0,0,0,0,0,-32287,0,0,0,0,0,2870856,0
2774536,5818,-3982,-150,866,-986,-148,651,507,61,9,672,19379,75,33,79,16,0,0,0,0,0,0,0,-32287,0,0,0,0,0,2870871,0
2774541,5946,-3712,-194,893,-1041,-123,769,513,61,4,672,19379,75,33,79,16,0,0,0,0,0,0,0,-32287,0,0,0,0,0,2870876,0
2774546,6028,-3530,-60,883,-1086,-108,889,526,48,5,704,19379,75,33,79,16,0,0,0,0,0,0,0,-32287,0,0,0,0,0,2870891,0
2774551,6360,-3344,38,894,-1116,-106,1010,533,36,-3,736,19379,75,33,79,16,0,0,0,0,0,0,0,-32287,0,0,0,0,0,2870896,0
2774556,6422,-3270,288,849,-1152,-48,1130,526,21,2,696,19381,74,33,79,16,0,0,0,0,0,0,0,-32287,0,0,0,0,0,2870911,0
2774561,6646,-3358,304,825,-1134,7,1246,507,4,4,640,19381,74,33,79,16,0,0,0,0,0,0,0,-32287,0,0,0,0,0,2870916,0
2774566,6712,-3150,470,812,-1102,18,1361,507,-10,-5,656,19381,76,33,79,16,0,0,0,0,0,0,0,-32287,0,0,0,0,0,2870931,0
2774571,6830,-3246,560,842,-1086,49,1478,509,-17,-3,648,19381,76,33,79,16,0,0,0,0,0,0,0,-32287,0,0,0,0,0,2870936,0
2774576,6954,-3128,706,845,-1015,128,1592,495,-20,1,608,19380,77,33,79,16,0,0,0,0,0,0,0,-32287,0,0,0,0,0,2870951,0
2774581,7032,-3198,732,826,-938,168,1702,486,-18,-4,616,19380,77,33,79,16,0,0,0,0,0,0,0,-32287,0,0,0,0,0,2870956,0
2774586,7096,-2994,808,838,-890,170,1814,497,-17,-8,672,19378,77,33,79,16,0,0,0,0,0,0,0,-32286,0,0,0,0,0,2870971,0
2774591,7074,-3132,764,874,-847,191,1929,498,-14,2,648,19378,77,33,79,16,0,0,0,0,0,0,0,-32287,0,0,0,0,0,2870976,0
2774596,7016,-3096,618,915,-778,246,2043,500,0,4,640,19378,84,33,79,16,0,0,0,0,0,0,0,-32287,0,0,0,0,0,2870991,0
2774601,6996,-3150,532,919,-721,265,2154,497,5,-1,656,19378,84,33,79,16,0,0,0,0,0,0,0,-32286,0,0,0,0,0,2870996,0
2774606,7008,-3102,458,941,-694,274,2268,508,9,-8,696,19379,78,33,79,16,0,0,0,0,0,0,0,-32287,0,0,0,0,0,2871011,0
2774611,6914,-3350,338,995,-702,281,2384,511,1,0,688,19379,78,33,79,16,0,0,0,0,0,0,0,-32287,0,0,0,0,0,2871016,0
2774616,6960,-3380,198,1126,-715,307,2498,507,6,6,672,19376,72,33,79,16,0,0,0,0,0,0,0,-32287,0,0,0,0,0,2871031,0
2774621,7124,-3350,184,1158,-709,306,2610,491,5,0,624,19376,72,33,79,16,0,0,0,0,0,0,0,-32287,0,0,0,0,0,2871036,0
2774626,7192,-3328,148,1165,-704,314,2725,501,0,0,656,19375,81,33,79,16,0,0,0,0,0,0,0,-32287,0,0,0,0,0,2871051,0
2774631,7176,-3426,128,1160,-691,328,2836,491,-9,5,608,19375,81,33,79,16,0,0,0,0,0,0,0,-32287,0,0,0,0,0,2871056,0
2774636,7260,-3476,64,1147,-663,365,2945,475,-14,3,584,19376,77,33,79,16,0,0,0,0,0,0,0,-32287,0,0,0,0,0,2871071,0
2774641,7146,-3468,16,1134,-642,369,3049,456,-34,-6,536,19376,77,33,79,16,0,0,0,0,0,0,0,-32287,0,0,0,0,0,2871076,0
2774646,7202,-3304,-50,1146,-624,372,3146,433,-46,-3,488,19377,79,33,79,16,0,0,0,0,0,0,0,-32287,0,0,0,0,0,2871091,0
2774651,7180,-3148,-54,1136,-594,380,3244,425,-56,-2,456,19377,79,33,79,16,0,0,0,0,0,0,0,-32286,0,0,0,0,0,2871096,0
2774656,7022,-3182,-194,1032,-572,411,3335,396,-64,8,392,19375,74,33,79,16,0,0,0,0,0,0,0,-32287,0,0,0,0,0,2871111,0
2774661,6974,-3188,-256,972,-562,427,3419,368,-60,15,312,19375,74,33,79,16,0,0,0,0,0,0,0,-32287,0,0,0,0,0,2871116,0
2774666,6846,-3068,-284,927,-577,434,3495,328,-82,16,232,19375,72,33,79,16,0,0,0,0,0,0,0,-32287,0,0,0,0,0,2871130,0
2774671,6886,-3116,-290,898,-609,417,3566,306,-92,8,208,19375,72,33,79,16,0,0,0,0,0,0,0,-32287,0,0,0,0,0,2871135,0
2774676,6900,-3056,-138,977,-665,381,3634,286,-101,0,184,19375,75,33,79,16,0,0,0,0,0,0,0,-32287,0,0,0,0,0,2871150,0
2774681,7036,-3052,2,1029,-658,365,3698,287,-83,-2,176,19375,75,33,79,16,0,0,0,0,0,0,0,-32287,0,0,0,0,0,2871155,0
2774686,7128,-3020,114,1040,-633,387,3752,238,-76,0,96,19376,70,33,79,16,0,0,0,0,0,0,0,-32287,0,0,0,0,0,2871170,0
2774691,7208,-2854,230,1044,-593,388,3796,181,-90,-10,80,19376,70,33,79,16,0,0,0,0,0,0,0,-32287,0,0,0,0,0,2871175,0
2774696,7454,-2774,322,963,-455,368,3835,172,-107,-9,72,19377,75,33,79,16,0,0,0,0,0,0,0,-32287,0,0,0,0,0,2871190,0
2774701,7318,-2722,372,930,-376,379,3860,112,-125,1,32,19377,75,33,79,16,0,0,0,0,0,0,0,-32287,0,0,0,0,0,2871195,0
2774706,7396,-2674,400,914,-336,363,3883,90,-137,-3,32,19376,72,33,79,16,0,0,0,0,0,0,0,-32287,0,0,0,0,0,2871210,0
2774711,7446,-2700,354,945,-257,367,3900,70,-119,3,16,19376,72,33,79,16,0,0,0,0,0,0,0,-32287,0,0,0,0,0,2871215,0
2774716,7432,-2592,366,968,-163,374,3905,17,-109,6,-8,19375,65,33,79,16,0,0,0,0,0,0,0,-32287,0,0,0,0,0,2871230,0
2774721,7512,-2478,302,980,-138,359,3902,-20,-124,3,-16,19375,65,33,79,16,0,0,0,0,0,0,0,-32287,0,0,0,0,0,2871235,0
2774726,7588,-2444,244,992,-108,366,3900,1,-109,-2,-8,19374,60,33,79,16,0,0,0,0,0,0,0,-32287,0,0,0,0,0,2871250,0
2774731,7566,-2314,220,991,-98,378,3900,1,-80,-4,0,19374,60,33,79,16,0,0,0,0,0,0,0,-32287,0,0,0,0,0,2871255,0
2774736,7704,-2386,-32,1089,-174,391,3899,0,-31,0,0,19376,69,33,79,16,0,0,0,0,0,0,0,-32287,0,0,0,0,0,2871270,0
2774741,7470,-2120,124,1047,-149,418,3899,-5,-1,-2,0,19376,69,33,79,16,0,0,0,0,0,0,0,-32287,0,0,0,0,0,2871275,0
2774746,7576,-2072,-76,944,-138,443,3900,-1,12,-1,0,19379,74,33,79,16,0,0,0,0,0,0,0,-32287,0,0,0,0,0,2871290,0
2774751,7598,-2034,-126,865,-79,479,3902,7,3,-1,0,19379,74,33,79,16,0,0,0,0,0,0,0,-32287,0,0,0,0,0,2871295,0
2774756,7302,-2322,-150,690,-12,546,3903,2,8,0,0,19381,84,33,79,16,0,0,0,0,0,0,0,-32286,0,0,0,0,0,2871310,0
2774761,7318,-2408,-376,745,-3,569,3907,16,10,-2,8,19381,84,33,79,16,0,0,0,0,0,0,0,-32287,0,0,0,0,0,2871315,0
2774766,7470,-2408,-268,703,80,614,3912,23,15,-3,16,19379,77,33,79,16,0,0,0,0,0,0,0,-32286,0,0,0,0,0,2871330,0
2774771,7252,-2468,-220,717,76,622,3930,80,35,-7,48,19379,77,33,79,16,0,0,0,0,0,0,0,-32287,0,0,0,0,0,2871335,0
2774776,7486,-2636,-358,1002,-1,550,3963,168,90,-15,120,19379,74,33,79,16,0,0,0,0,0,0,0,-32287,0,0,0,0,0,2871350,0
2774781,7514,-2590,-488,1170,-68,517,4016,232,159,-5,176,19379,74,33,79,16,0,0,0,0,0,0,0,-32286,0,0,0,0,0,2871355,0
2774786,7842,-2504,-634,1334,-201,474,4085,313,222,-7,320,19377,66,33,79,16,0,0,0,0,0,0,0,-32287,0,0,0,0,0,2871370,0
2774791,7832,-2248,-608,1375,-288,428,4174,383,260,0,384,19377,66,33,79,16,0,0,0,0,0,0,0,-32287,0,0,0,0,0,2871375,0
2774796,8076,-2104,-452,1178,-380,411,4262,396,250,1,408,19379,65,33,79,16,0,0,0,0,0,0,0,-32287,0,0,0,0,0,2871390,0
2774801,8344,-2172,-150,1062,-384,406,4358,420,193,-2,456,19379,65,33,79,16,0,0,0,0,0,0,0,-32286,0,0,0,0,0,2871395,0
2774806,8348,-2272,192,975,-375,367,4453,424,119,-3,472,19376,59,33,79,16,0,0,0,0,0,0,0,-32287,0,0,0,0,0,2871410,0
2774811,8564,-2598,382,992,-353,367,4552,438,78,-6,504,19376,59,33,79,16,0,0,0,0,0,0,0,-32286,0,0,0,0,0,2871415,0
2774816,8414,-3206,596,995,-271,420,4655,434,47,3,480,19375,63,33,79,16,0,0,0,0,0,0,0,-32287,0,0,0,0,0,2871433,0
2774821,8416,-3152,622,994,-208,442,4753,425,32,9,448,19375,63,33,79,16,0,0,0,0,0,0,0,-32286,0,0,0,0,0,2871440,0
2774826,8384,-3192,508,991,-152,483,4846,410,2,4,408,19376,65,33,79,16,0,0,0,0,0,0,0,-32287,0,0,0,0,0,2871450,0
2774831,8332,-3184,378,1026,-122,510,4937,402,-24,-1,416,19376,65,33,79,16,0,0,0,0,0,0,0,-32286,0,0,0,0,0,2871454,0
2774836,8160,-3082,156,1162,-118,579,5028,398,-38,-1,424,19377,73,33,79,16,0,0,0,0,0,0,0,-32287,0,0,0,0,0,2871469,0
2774841,8146,-3050,-58,1190,-83,640,5116,382,-35,13,344,19377,73,33,79,16,0,0,0,0,0,0,0,-32287,0,0,0,0,0,2871474,0
2774846,8020,-2678,-126,1179,-108,645,5199,359,-40,17,288,19376,70,33,79,16,0,0,0,0,0,0,0,-32286,0,0,0,0,0,2871489,0
2774851,8296,-2720,-350,1192,-109,670,5271,325,-51,9,232,19376,70,33,79,16,0,0,0,0,0,0,0,-32286,0,0,0,0,0,2871494,0
2774856,8316,-2182,-300,1208,-140,691,5341,299,-78,2,200,19379,58,33,79,16,0,0,0,0,0,0,0,-32287,0,0,0,0,0,2871509,0
2774861,8600,-2002,-386,1212,-130,684,5407,282,-89,0,160,19379,58,33,79,16,0,0,0,0,0,0,0,-32287,0,0,0,0,0,2871514,0
2774866,8802,-1826,-444,1204,-130,687,5466,261,-81,-7,144,19379,55,33,79,16,0,0,0,0,0,0,0,-32287,0,0,0,0,0,2871533,0
2774871,9016,-1808,-462,1199,-130,708,5521,243,-75,-7,128,19379,55,33,79,16,0,0,0,0,0,0,0,-32287,0,0,0,0,0,2871543,0
2774876,9390,-1202,-406,1061,-97,668,5564,185,-91,2,64,19380,56,33,79,16,0,0,0,0,0,0,0,-32287,0,0,0,0,0,2871549,0
2774881,9616,-990,-370,970,-76,638,5602,159,-106,-8,64,19380,56,33,79,16,0,0,0,0,0,0,0,-32286,0,0,0,0,0,2871554,0
2774886,9868,-816,-332,894,-4,564,5633,137,-108,-4,72,19380,61,33,79,16,0,0,0,0,0,0,0,-32287,0,0,0,0,0,2871569,0
2774891,10128,-894,-308,894,1,458,5667,143,-90,-2,48,19380,61,33,79,16,0,0,0,0,0,0,0,-32287,0,0,0,0,0,2871574,0
2774896,10444,-1274,-246,758,28,300,5691,118,-79,6,40,19381,68,33,79,16,0,0,0,0,0,0,0,-32286,0,0,0,0,0,2871589,0
2774901,10982,-1852,-452,618,71,227,5716,116,-51,-2,48,19381,68,33,79,16,0,0,0,0,0,0,0,-32287,0,0,0,0,0,2871594,0
2774906,10864,-2350,-354,346,163,221,5742,115,-36,1,48,19379,69,33,79,16,0,0,0,0,0,0,0,-32287,0,0,0,0,0,2871609,0
2774911,10950,-2906,-294,84,254,177,5774,148,-14,-6,96,19379,69,33,79,16,0,0,0,0,0,0,0,-32287,0,0,0,0,0,2871614,0
2774916,10852,-4192,64,329,342,12,5821,212,45,-3,136,19375,69,33,79,16,0,0,0,0,0,0,0,-32287,0,0,0,0,0,2871629,0
2774921,10592,-4478,138,580,229,-81,5881,267,106,2,216,19375,69,33,79,16,0,0,0,0,0,0,0,-32287,0,0,0,0,0,2871634,0
2774926,10552,-4200,132,793,175,-196,5958,343,165,-4,328,19374,80,33,79,16,0,0,0,0,0,0,0,-32287,0,0,0,0,0,2871649,0
2774931,10368,-3824,54,949,153,-269,6045,390,204,1,400,19374,80,33,79,16,0,0,0,0,0,0,0,-32287,0,0,0,0,0,2871654,0
2774936,9784,-2798,84,897,85,-375,6138,410,203,-8,448,19374,90,33,79,16,0,0,0,0,0,0,0,-32287,0,0,0,0,0,2871669,0
2774941,9596,-2380,164,798,93,-431,6237,431,158,-13,504,19374,90,33,79,16,0,0,0,0,0,0,0,-32287,0,0,0,0,0,2871674,0
2774946,9428,-1926,290,709,66,-501,6337,450,116,-3,560,19374,84,33,79,16,0,0,0,0,0,0,0,-32286,0,0,0,0,0,2871689,0
2774951,9266,-1682,394,667,71,-567,6443,462,81,-2,584,19374,84,33,79,16,0,0,0,0,0,0,0,-32287,0,0,0,0,0,2871694,0
2774956,8758,-1522,810,440,82,-635,6545,449,53,12,520,19375,69,33,79,16,0,0,0,0,0,0,0,-32287,0,0,0,0,0,2871709,0
2774961,8708,-1458,918,252,134,-652,6647,433,27,8,472,19375,69,33,79,16,0,0,0,0,0,0,0,-32287,0,0,0,0,0,2871713,0
2774966,8446,-1454,1170,76,154,-692,6741,414,-12,3,424,19377,63,33,79,16,0,0,0,0,0,0,0,-32287,0,0,0,0,0,2871728,0
2774971,8338,-1848,1216,-33,173,-728,6836,420,-35,-2,432,19377,63,33,79,16,0,0,0,0,0,0,0,-32287,0,0,0,0,0,2871733,0
2774976,7988,-2716,1108,-145,157,-773,6924,394,-45,4,376,19378,69,33,79,16,0,0,0,0,0,0,0,-32287,0,0,0,0,0,2871748,0
2774981,8020,-2990,1042,-202,152,-807,7009,357,-53,16,296,19378,69,33,79,16,0,0,0,0,0,0,0,-32287,0,0,0,0,0,2871753,0
2774986,8118,-3514,912,-247,162,-803,7084,332,-62,12,248,19378,69,33,79,16,0,0,0,0,0,0,0,-32287,0,0,0,0,0,2871768,0
2774991,8070,-3902,920,-278,184,-801,7151,295,-86,3,176,19378,69,33,79,16,0,0,0,0,0,0,0,-32287,0,0,0,0,0,2871773,0
2774996,8078,-4390,766,-489,254,-768,7214,276,-112,-4,160,19377,80,33,79,16,0,0,0,0,0,0,0,-32286,0,0,0,0,0,2871788,0
2775001,7852,-4766,640,-638,318,-712,7268,241,-111,-4,120,19377,80,33,79,16,0,0,0,0,0,0,0,-32287,0,0,0,0,0,2871793,0
2775006,7530,-5578,688,-665,330,-674,7318,209,-94,-1,88,19377,75,33,79,16,0,0,0,0,0,0,0,-32287,0,0,0,0,0,2871808,0
2775011,7472,-5956,846,-546,299,-671,7353,141,-110,0,40,19377,75,33,79,16,0,0,0,0,0,0,0,-32286,0,0,0,0,0,2871813,0
2775016,7166,-6640,1064,-105,99,-691,7363,50,-154,2,-16,19376,79,33,79,16,0,0,0,0,0,0,0,-32286,0,0,0,0,0,2871828,0
2775021,7362,-6128,1066,-59,98,-695,7354,-45,-234,8,-32,19376,79,33,79,16,0,0,0,0,0,0,0,-32287,0,0,0,0,0,2871833,0
2775026,6976,-5844,1238,-285,214,-673,7338,-78,-269,4,-32,19375,76,33,79,16,0,0,0,0,0,0,0,-32286,0,0,0,0,0,2871848,0
2775031,6578,-6086,1252,-581,384,-638,7327,-42,-222,-4,-16,19375,76,33,79,16,0,0,0,0,0,0,0,-32287,0,0,0,0,0,2871853,0
2775036,5324,-7482,1008,-592,452,-548,7324,0,-105,-5,8,19378,73,33,79,16,0,0,0,0,0,0,0,-32287,0,0,0,0,0,2871868,0
2775041,4954,-7614,726,-340,345,-542,7325,2,21,2,-8,19378,73,33,79,16,0,0,0,0,0,0,0,-32287,0,0,0,0,0,2871873,0
2775046,4420,-7452,856,-260,309,-514,7324,1,63,1,0,19376,69,33,79,16,0,0,0,0,0,0,0,-32287,0,0,0,0,0,2871888,0
2775051,4218,-7256,854,-268,355,-414,7325,3,52,1,0,19376,69,33,79,16,0,0,0,0,0,0,0,-32286,0,0,0,0,0,2871893,0
2775056,3264,-7658,896,-234,274,-386,7325,0,14,0,0,19376,65,33,79,16,0,0,0,0,0,0,0,-32287,0,0,0,0,0,2871908,0
2775061,2876,-7974,824,24,233,-320,7325,2,-1,0,0,19376,65,33,79,16,0,0,0,0,0,0,0,-32286,0,0,0,0,0,2871913,0
2775066,3368,-6778,1934,1008,-156,-815,7320,-17,-8,5,-32,19375,71,33,79,16,0,0,0,0,0,0,0,-32286,0,0,0,0,0,2871928,0
2775071,4700,-7936,1698,2633,-313,-1131,7301,-96,-53,15,-88,19375,71,33,79,16,0,0,0,0,0,0,0,-32286,0,0,0,0,0,2871933,0
2775076,4910,-4508,1400,2417,-854,-959,7250,-228,-148,18,-208,19376,75,33,79,16,0,0,0,0,0,0,0,-32287,0,0,0,0,0,2871948,0
2775081,5368,-4126,1468,1213,-266,-715,7164,-394,-287,25,-536,19376,75,33,79,16,0,0,0,0,0,0,0,-32287,0,0,0,0,0,2871953,0
2775086,4504,-5188,1274,379,-146,-503,7039,-570,-426,42,-1048,19377,75,33,79,16,0,0,0,0,0,0,0,-32286,0,0,0,0,0,2871968,0
2775091,4492,-6940,1256,293,-161,-341,6864,-792,-558,24,-1600,19377,75,33,79,16,0,0,0,0,0,0,0,-32287,0,0,0,0,0,2871973,0
2775096,4410,-7276,1806,531,-133,47,6639,-1005,-650,8,-2048,19378,71,33,79,16,0,0,0,0,0,0,0,-32287,0,0,0,0,0,2871988,0
2775101,4322,-6880,1780,313,25,293,6366,-1219,-714,3,-2504,19378,71,33,79,16,0,0,0,0,0,0,0,-32287,0,0,0,0,0,2871993,0
2775106,4532,-6466,1834,101,141,474,6053,-1394,-725,-2,-2864,19377,66,33,79,16,0,0,0,0,0,0,0,-32286,0,0,0,0,0,2872008,0
2775111,4622,-6366,1658,37,218,620,5705,-1553,-693,-1,-3192,19377,66,33,79,16,0,0,0,0,0,0,0,-32287,0,0,0,0,0,2872013,0
2775116,5366,-5672,1572,-1,272,844,5324,-1692,-611,-9,-3472,19376,70,33,79,16,0,0,0,0,0,0,0,-32287,0,0,0,0,0,2872028,0
2775121,5842,-5076,1364,-81,282,909,4912,-1825,-363,-11,-3712,19376,70,33,79,16,0,0,0,0,0,0,0,-32287,0,0,0,0,0,2872033,0
2775126,6178,-4682,1290,-189,301,986,4478,-1923,-292,-18,-3864,19375,80,33,79,16,0,0,0,0,0,0,0,-32287,0,0,0,0,0,2872048,0
2775131,6398,-4262,1212,-302,252,1024,4025,-1996,-494,-20,-3984,19375,80,33,79,16,0,0,0,0,0,0,0,-32287,0,0,0,0,0,2872053,0
2775136,7128,-3586,1098,-440,121,1003,3565,-2027,-416,-14,-4000,19375,86,33,79,16,0,0,0,0,0,0,0,-32287,0,0,0,0,0,2872067,0
2775141,7436,-3266,1078,-431,40,958,3107,-2016,-414,-16,-3952,19375,86,33,79,16,0,0,0,0,0,0,0,-32287,0,0,0,0,0,2872072,0
2775146,7628,-2892,982,-426,-65,894,2656,-1978,-301,-10,-3864,19373,96,33,79,16,0,0,0,0,0,0,0,-32287,0,0,0,0,0,2872087,0
2775151,8158,-2486,1018,-402,-167,769,2217,-1927,-2,-3,-3784,19373,96,33,79,16,0,0,0,0,0,0,0,-32287,0,0,0,0,0,2872092,0
2775156,9094,-2160,1604,-220,-261,486,1792,-1865,97,3,-3648,19372,88,33,79,16,0,0,0,0,0,0,0,-32287,0,0,0,0,0,2872107,0
2775161,9444,-1972,1598,-145,-314,375,1377,-1824,154,0,-3544,19372,88,33,79,16,0,0,0,0,0,0,0,-32287,0,0,0,0,0,2872112,0
2775166,9578,-1690,1740,-223,-272,266,970,-1786,168,-7,-3424,19371,84,33,79,16,0,0,0,0,0,0,0,-32287,0,0,0,0,0,2872127,0
2775171,9786,-1612,1928,-321,-165,184,571,-1747,155,-9,-3328,19371,84,33,79,16,0,0,0,0,0,0,0,-32286,0,0,0,0,0,2872132,0
2775176,9774,-2046,2284,-458,96,45,180,-1712,138,-5,-3232,19375,82,33,79,16,0,0,0,0,0,0,0,-32287,0,0,0,0,0,2872147,0
2775181,9680,-2220,2202,-415,236,-29,-203,-1681,127,-3,-3152,19375,82,33,79,16,0,0,0,0,0,0,0,-32286,0,0,0,0,0,2872152,0
2775186,9484,-2392,2102,-389,350,-70,-573,-1624,132,-2,-3016,19376,85,33,79,16,0,0,0,0,0,0,0,-32287,0,0,0,0,0,2872167,0
2775191,9330,-2406,2002,-395,472,-117,-931,-1573,144,0,-2920,19376,85,33,79,16,0,0,0,0,0,0,0,-32286,0,0,0,0,0,2872172,0
2775196,8804,-2634,1650,-546,769,-97,-1275,-1509,169,4,-2792,19377,79,33,79,16,0,0,0,0,0,0,0,-32287,0,0,0,0,0,2872187,0
2775201,8148,-2700,1530,-652,871,-114,-1606,-1446,184,2,-2664,19377,79,33,79,16,0,0,0,0,0,0,0,-32286,0,0,0,0,0,2872192,0
2775206,8072,-2826,1094,-668,966,-96,-1922,-1388,200,-1,-2528,19375,74,33,79,16,0,0,0,0,0,0,0,-32287,0,0,0,0,0,2872207,0
2775211,7630,-3158,942,-637,912,-89,-2224,-1326,210,-3,-2416,19375,74,33,79,16,0,0,0,0,0,0,0,-32286,0,0,0,0,0,2872212,0
2775216,7120,-3036,754,-595,964,-54,-2510,-1254,218,-3,-2256,19373,79,33,79,16,0,0,0,0,0,0,0,-32286,0,0,0,0,0,2872227,0
2775221,6826,-3022,530,-634,976,-21,-2784,-1191,228,-1,-2104,19373,79,33,79,16,0,0,0,0,0,0,0,-32286,0,0,0,0,0,2872232,0
2775226,6746,-3072,602,-674,949,0,-3038,-1115,227,-6,-1920,19375,81,33,79,16,0,0,0,0,0,0,0,-32287,0,0,0,0,0,2872247,0
2775231,6632,-3046,478,-732,911,27,-3279,-1055,231,-6,-1784,19375,81,33,79,16,0,0,0,0,0,0,0,-32286,0,0,0,0,0,2872252,0
2775236,6640,-2916,652,-721,825,39,-3500,-968,247,-6,-1584,19376,94,33,79,16,0,0,0,0,0,0,0,-32287,0,0,0,0,0,2872267,0
2775241,6740,-2788,662,-675,737,10,-3707,-902,247,0,-1432,19376,94,33,79,16,0,0,0,0,0,0,0,-32286,0,0,0,0,0,2872275,0
2775246,6874,-2766,682,-632,679,-9,-3895,-821,256,-7,-1256,19377,79,33,79,16,0,0,0,0,0,0,0,-32287,0,0,0,0,0,2872290,0
2775251,6926,-2494,834,-621,632,-15,-4071,-767,252,1,-1152,19377,79,33,79,16,0,0,0,0,0,0,0,-32287,0,0,0,0,0,2872295,0
2775256,7100,-2302,1008,-804,668,-28,-4230,-696,242,-2,-984,19375,69,33,79,16,0,0,0,0,0,0,0,-32286,0,0,0,0,0,2872310,0
2775261,7096,-2262,1138,-884,723,-23,-4374,-630,235,0,-856,19375,69,33,79,16,0,0,0,0,0,0,0,-32287,0,0,0,0,0,2872315,0
2775266,6942,-2526,1002,-937,700,-7,-4507,-571,225,2,-696,19377,73,33,79,16,0,0,0,0,0,0,0,-32287,0,0,0,0,0,2872330,0
2775271,7036,-2456,1188,-915,776,-30,-4625,-507,217,-4,-520,19377,73,33,79,16,0,0,0,0,0,0,0,-32287,0,0,0,0,0,2872335,0
2775276,7138,-2298,1348,-774,828,-61,-4722,-423,220,4,-352,19379,68,33,79,16,0,0,0,0,0,0,0,-32286,0,0,0,0,0,2872349,0
2775281,7006,-2174,1258,-831,836,-55,-4805,-359,235,8,-264,19379,68,33,79,16,0,0,0,0,0,0,0,-32287,0,0,0,0,0,2872354,0
2775286,7038,-2020,1252,-894,863,-91,-4877,-298,241,-8,-176,19379,81,33,79,16,0,0,0,0,0,0,0,-32287,0,0,0,0,0,2872369,0
2775291,7076,-2066,1090,-869,839,-107,-4934,-240,233,6,-112,19379,81,33,79,16,0,0,0,0,0,0,0,-32287,0,0,0,0,0,2872374,0
2775296,6896,-1958,994,-768,728,-177,-4979,-196,211,6,-80,19379,75,33,79,16,0,0,0,0,0,0,0,-32286,0,0,0,0,0,2872389,0
2775301,6908,-1886,942,-737,749,-182,-5009,-133,201,5,-48,19379,75,33,79,16,0,0,0,0,0,0,0,-32287,0,0,0,0,0,2872394,0
2775306,6720,-1688,1012,-737,718,-233,-5025,-56,203,-1,-8,19377,75,33,79,16,0,0,0,0,0,0,0,-32287,0,0,0,0,0,2872409,0
2775311,6646,-1790,826,-756,702,-254,-5023,20,216,-7,8,19377,75,33,79,16,0,0,0,0,0,0,0,-32287,0,0,0,0,0,2872414,0
2775316,6160,-1782,626,-902,687,-248,-5018,18,214,1,0,19376,81,33,79,16,0,0,0,0,0,0,0,-32287,0,0,0,0,0,2872429,0
2775321,6026,-1826,574,-925,679,-251,-5017,2,166,3,-8,19376,81,33,79,16,0,0,0,0,0,0,0,-32287,0,0,0,0,0,2872434,0
2775326,5800,-1932,566,-913,659,-259,-5017,-1,89,0,0,19376,82,33,79,16,0,0,0,0,0,0,0,-32287,0,0,0,0,0,2872449,0
2775331,5604,-1920,622,-906,634,-276,-5017,0,14,1,0,19376,82,33,79,16,0,0,0,0,0,0,0,-32286,0,0,0,0,0,2872454,0
2775336,5430,-1990,544,-870,607,-275,-5017,-4,-17,1,-8,19377,76,33,79,16,0,0,0,0,0,0,0,-32287,0,0,0,0,0,2872469,0
2775341,5342,-1932,540,-909,604,-257,-5017,-2,-10,1,-8,19377,76,33,79,16,0,0,0,0,0,0,0,-32286,0,0,0,0,0,2872474,0
2775346,5290,-1910,556,-984,643,-220,-5017,0,1,0,0,19376,72,33,79,16,0,0,0,0,0,0,0,-32287,0,0,0,0,0,2872489,0
2775351,5272,-1918,652,-1050,679,-192,-5016,0,-2,0,0,19376,72,33,79,16,0,0,0,0,0,0,0,-32287,0,0,0,0,0,2872494,0
2775356,5390,-2088,824,-1024,713,-178,-5014,9,2,-1,0,19375,66,33,79,16,0,0,0,0,0,0,0,-32286,0,0,0,0,0,2872509,0
2775361,5480,-2094,874,-951,688,-206,-5014,11,4,0,0,19375,66,33,79,16,0,0,0,0,0,0,0,-32287,0,0,0,0,0,2872514,0
2775366,5608,-2116,828,-883,666,-205,-5012,7,6,1,0,19376,71,33,79,16,0,0,0,0,0,0,0,-32287,0,0,0,0,0,2872529,0
2775371,5720,-1904,846,-798,609,-257,-5013,-3,-1,1,-8,19376,71,33,79,16,0,0,0,0,0,0,0,-32287,0,0,0,0,0,2872534,0
2775376,5932,-1812,774,-837,580,-252,-5012,2,-1,1,0,19379,82,33,79,16,0,0,0,0,0,0,0,-32287,0,0,0,0,0,2872549,0
2775381,6078,-1822,806,-904,606,-235,-5012,0,-5,0,0,19379,82,33,79,16,0,0,0,0,0,0,0,-32287,0,0,0,0,0,2872554,0
2775386,6168,-1896,924,-925,617,-252,-5012,4,-5,0,0,19379,78,33,79,16,0,0,0,0,0,0,0,-32287,0,0,0,0,0,2872569,0
2775391,6314,-2038,964,-854,561,-274,-5012,-1,0,1,0,19379,78,33,79,16,0,0,0,0,0,0,0,-32287,0,0,0,0,0,2872574,0
2775396,6494,-1978,814,-848,458,-292,-5011,2,0,0,-8,19379,67,33,79,16,0,0,0,0,0,0,0,-32287,0,0,0,0,0,2872589,0
2775401,6794,-2092,714,-847,442,-294,-5010,4,1,0,0,19379,67,33,79,16,0,0,0,0,0,0,0,-32287,0,0,0,0,0,2872594,0
2775406,6738,-1918,858,-891,430,-288,-5010,-5,2,1,0,19377,66,33,79,16,0,0,0,0,0,0,0,-32287,0,0,0,0,0,2872609,0
2775411,6996,-2022,936,-942,418,-291,-5010,0,4,0,0,19377,66,33,79,16,0,0,0,0,0,0,0,-32287,0,0,0,0,0,2872614,0
2775416,7234,-2318,1032,-933,352,-308,-5007,1,-6,0,-8,19377,69,33,79,16,0,0,0,0,0,0,0,-32286,0,0,0,0,0,2872629,0
2775421,7316,-2358,1036,-887,309,-317,-5008,0,-1,2,0,19377,69,33,79,16,0,0,0,0,0,0,0,-32287,0,0,0,0,0,2872634,0
2775426,7358,-2300,1038,-882,267,-314,-5007,3,1,0,0,19376,77,33,79,16,0,0,0,0,0,0,0,-32287,0,0,0,0,0,2872649,0
2775431,7408,-2184,988,-958,256,-311,-5007,3,3,1,0,19376,77,33,79,16,0,0,0,0,0,0,0,-32287,0,0,0,0,0,2872654,0
2775436,7444,-2286,930,-1052,227,-297,-5005,0,3,1,-8,19375,80,33,79,16,0,0,0,0,0,0,0,-32288,0,0,0,0,0,2872669,0
2775441,7406,-2398,968,-1040,206,-300,-5004,3,0,1,-8,19375,80,33,79,16,0,0,0,0,0,0,0,-32288,0,0,0,0,0,2872674,0
2775446,7526,-2488,1012,-1005,192,-292,-5004,0,-1,0,0,19380,83,33,79,16,0,0,0,0,0,0,0,-32287,0,0,0,0,0,2872689,0
2775451,7570,-2490,1170,-984,197,-284,-5004,4,-1,0,0,19380,83,33,79,16,0,0,0,0,0,0,0,-32287,0,0,0,0,0,2872702,0
2775456,7850,-2476,1418,-1002,243,-253,-5002,3,-6,-1,0,19385,83,33,79,16,0,0,0,0,0,0,0,-32287,0,0,0,0,0,2872708,0
2775461,7988,-2540,1524,-1012,263,-256,-5002,5,-1,0,0,19385,83,33,79,16,0,0,0,0,0,0,0,-32286,0,0,0,0,0,2872713,0
2775466,8264,-2556,1550,-987,284,-244,-5002,-2,2,0,0,19387,80,33,79,16,0,0,0,0,0,0,0,-32286,0,0,0,0,0,2872728,0
2775471,8354,-2536,1594,-970,292,-254,-5001,0,3,2,0,19387,80,33,79,16,0,0,0,0,0,0,0,-32287,0,0,0,0,0,2872733,0
2775476,8736,-2332,1510,-929,314,-283,-5000,1,-3,0,0,19385,80,33,79,16,0,0,0,0,0,0,0,-32286,0,0,0,0,0,2872748,0
2775481,8848,-2210,1410,-925,305,-299,-5003,-6,-4,2,-8,19385,80,33,79,16,0,0,0,0,0,0,0,-32287,0,0,0,0,0,2872753,0
2775486,8890,-2128,1322,-931,294,-325,-5000,5,-2,1,-8,19380,78,33,79,16,0,0,0,0,0,0,0,-32286,0,0,0,0,0,2872768,0
2775491,9058,-2092,1218,-941,298,-336,-5000,-1,-3,0,-8,19380,78,33,79,16,0,0,0,0,0,0,0,-32287,0,0,0,0,0,2872773,0
2775496,9086,-2016,1266,-960,275,-371,-5001,0,7,1,-16,19381,78,33,79,16,0,0,0,0,0,0,0,-32287,0,0,0,0,0,2872788,0
2775501,9112,-2038,1312,-955,277,-383,-5001,0,-1,0,-8,19381,78,33,79,16,0,0,0,0,0,0,0,-32287,0,0,0,0,0,2872793,0
2775506,9170,-2018,1458,-940,269,-392,-5001,3,-2,0,0,19379,87,33,79,16,0,0,0,0,0,0,0,-32287,0,0,0,0,0,2872808,0
2775511,9304,-1972,1654,-925,266,-420,-5001,-1,2,0,-8,19379,87,33,79,16,0,0,0,0,0,0,0,-32287,0,0,0,0,0,2872813,0
2775516,9408,-1878,2040,-930,384,-435,-5001,5,-1,0,0,19378,77,33,79,16,0,0,0,0,0,0,0,-32287,0,0,0,0,0,2872828,0
2775521,9352,-1870,2188,-946,457,-434,-5000,3,-1,0,-8,19378,77,33,79,16,0,0,0,0,0,0,0,-32287,0,0,0,0,0,2872833,0
2775526,9344,-1830,2276,-946,531,-438,-5002,1,0,-1,-8,19376,66,33,79,16,0,0,0,0,0,0,0,-32287,0,0,0,0,0,2872848,0
2775531,9276,-1754,2250,-926,613,-429,-5001,3,2,0,-8,19376,66,33,79,16,0,0,0,0,0,0,0,-32287,0,0,0,0,0,2872853,0
2775536,9182,-1394,2174,-927,714,-446,-5001,-3,-2,0,-8,19378,64,33,79,16,0,0,0,0,0,0,0,-32287,0,0,0,0,0,2872868,0
2775541,9062,-1264,2140,-967,787,-428,-5001,-3,2,1,-8,19378,64,33,79,16,0,0,0,0,0,0,0,-32287,0,0,0,0,0,2872873,0
2775546,8848,-1208,2024,-1064,806,-411,-5000,0,-3,1,-8,19376,69,33,79,16,0,0,0,0,0,0,0,-32287,0,0,0,0,0,2872888,0
2775551,8724,-1194,1942,-1132,804,-406,-5002,-10,-4,0,-8,19376,69,33,79,16,0,0,0,0,0,0,0,-32287,0,0,0,0,0,2872893,0
2775556,8422,-1000,1906,-1212,797,-388,-4999,9,0,0,-8,19375,76,33,79,16,0,0,0,0,0,0,0,-32287,0,0,0,0,0,2872908,0
2775561,8492,-1010,1906,-1272,782,-389,-5001,4,0,0,0,19375,76,33,79,16,0,0,0,0,0,0,0,-32287,0,0,0,0,0,2872913,0
2775566,8528,-1142,2008,-1342,768,-394,-5000,-4,-1,0,0,19376,78,33,79,16,0,0,0,0,0,0,0,-32287,0,0,0,0,0,2872928,0
2775571,8716,-1422,2236,-1418,760,-416,-5000,7,0,0,0,19376,78,33,79,16,0,0,0,0,0,0,0,-32287,0,0,0,0,0,2872933,0
2775576,9398,-2614,2718,-1594,777,-403,-4997,10,7,-2,8,19379,80,33,79,16,0,0,0,0,0,0,0,-32287,0,0,0,0,0,2872948,0
2775581,9926,-3398,2876,-1680,775,-374,-4992,25,11,0,16,19379,80,33,79,16,0,0,0,0,0,0,0,-32287,0,0,0,0,0,2872953,0
2775586,10328,-3910,2980,-1809,789,-322,-4986,33,24,0,16,19379,82,33,79,16,0,0,0,0,0,0,0,-32286,0,0,0,0,0,2872968,0
2775591,10770,-4386,2780,-1934,801,-294,-4969,71,42,-5,48,19379,82,33,79,16,0,0,0,0,0,0,0,-32287,0,0,0,0,0,2872973,0
2775596,11126,-6114,2056,-2034,792,-225,-4933,157,89,-9,88,19378,77,33,79,16,0,0,0,0,0,0,0,-32287,0,0,0,0,0,2872988,0
2775601,11244,-6696,1884,-1861,741,-247,-4888,204,146,-2,144,19378,77,33,79,16,0,0,0,0,0,0,0,-32287,0,0,0,0,0,2872993,0
2775606,11062,-7102,1644,-1580,661,-291,-4823,282,197,-6,248,19376,73,33,79,16,0,0,0,0,0,0,0,-32287,0,0,0,0,0,2873008,0
2775611,10532,-7166,1468,-1256,527,-380,-4745,352,225,-4,360,19376,73,33,79,16,0,0,0,0,0,0,0,-32287,0,0,0,0,0,2873021,0
2775616,9914,-6952,1140,-758,256,-593,-4650,418,240,-9,480,19376,69,33,79,16,0,0,0,0,0,0,0,-32287,0,0,0,0,0,2873027,0
2775621,9686,-6906,966,-612,164,-720,-4545,477,229,-20,656,19376,69,33,79,16,0,0,0,0,0,0,0,-32287,0,0,0,0,0,2873041,0
2775626,9052,-6932,894,-562,99,-784,-4426,521,227,0,736,19378,67,33,79,16,0,0,0,0,0,0,0,-32287,0,0,0,0,0,2873047,0
2775631,8154,-7370,826,-607,29,-841,-4304,546,187,14,792,19378,67,33,79,16,0,0,0,0,0,0,0,-32286,0,0,0,0,0,2873052,0
2775636,6938,-8680,370,-415,-300,-948,-4181,542,144,11,752,19377,68,33,79,16,0,0,0,0,0,0,0,-32286,0,0,0,0,0,2873067,0
2775641,6382,-8878,434,-189,-481,-970,-4052,567,94,3,816,19377,68,33,79,16,0,0,0,0,0,0,0,-32287,0,0,0,0,0,2873072,0
2775646,5824,-9146,824,24,-487,-902,-3924,560,56,7,768,19376,69,33,79,16,0,0,0,0,0,0,0,-32287,0,0,0,0,0,2873087,0
2775651,4538,-8738,792,218,-697,-910,-3800,541,29,7,688,19376,69,33,79,16,0,0,0,0,0,0,0,-32287,0,0,0,0,0,2873092,0
2775656,4138,-8196,816,661,-806,-768,-3679,533,-6,-3,696,19374,78,33,79,16,0,0,0,0,0,0,0,-32287,0,0,0,0,0,2873107,0
2775661,4002,-7642,972,779,-783,-707,-3560,519,-23,-5,664,19374,78,33,79,16,0,0,0,0,0,0,0,-32287,0,0,0,0,0,2873112,0
2775666,4052,-6810,1076,835,-692,-648,-3447,486,-50,3,552,19376,64,33,79,16,0,0,0,0,0,0,0,-32287,0,0,0,0,0,2873127,0
2775671,4082,-6310,1084,865,-613,-593,-3346,450,-63,1,456,19376,64,33,79,16,0,0,0,0,0,0,0,-32287,0,0,0,0,0,2873132,0
2775676,4132,-5474,848,838,-461,-509,-3247,435,-89,-8,464,19378,70,33,79,16,0,0,0,0,0,0,0,-32287,0,0,0,0,0,2873147,0
2775681,3926,-5086,804,772,-354,-429,-3149,432,-95,-11,472,19378,70,33,79,16,0,0,0,0,0,0,0,-32287,0,0,0,0,0,2873152,0
2775686,4080,-4916,582,807,-389,-403,-3053,420,-66,-1,448,19380,66,33,79,16,0,0,0,0,0,0,0,-32287,0,0,0,0,0,2873167,0
2775691,4156,-4612,356,822,-319,-347,-2960,418,-40,0,448,19380,66,33,79,16,0,0,0,0,0,0,0,-32287,0,0,0,0,0,2873172,0
2775696,4610,-3966,-114,744,-223,-271,-2865,412,-24,-2,456,19379,63,33,79,16,0,0,0,0,0,0,0,-32287,0,0,0,0,0,2873187,0
2775701,4720,-3762,-200,703,-205,-241,-2764,442,-4,-9,544,19379,63,33,79,16,0,0,0,0,0,0,0,-32287,0,0,0,0,0,2873192,0
2775706,4948,-3816,-260,743,-193,-209,-2653,493,31,-8,672,19381,67,33,79,16,0,0,0,0,0,0,0,-32287,0,0,0,0,0,2873207,0
2775711,5126,-3978,-362,798,-223,-173,-2537,517,76,3,752,19381,67,33,79,16,0,0,0,0,0,0,0,-32287,0,0,0,0,0,2873212,0
2775716,5576,-3894,-608,815,-328,-99,-2409,568,110,-3,880,19381,78,33,79,16,0,0,0,0,0,0,0,-32287,0,0,0,0,0,2873226,0
2775721,5904,-3800,-656,770,-419,-61,-2268,626,139,0,1016,19381,78,33,79,16,0,0,0,0,0,0,0,-32287,0,0,0,0,0,2873231,0
2775726,6244,-3776,-722,731,-531,-35,-2113,686,166,-3,1144,19379,83,33,79,16,0,0,0,0,0,0,0,-32286,0,0,0,0,0,2873246,0
2775731,6510,-3722,-712,701,-653,-30,-1950,728,180,0,1216,19379,83,33,79,16,0,0,0,0,0,0,0,-32287,0,0,0,0,0,2873251,0
2775736,7190,-3572,-914,631,-938,-42,-1776,769,179,1,1304,19374,76,33,79,16,0,0,0,0,0,0,0,-32287,0,0,0,0,0,2873266,0
2775741,7528,-3658,-958,571,-1060,-25,-1598,785,159,5,1304,19374,76,33,79,16,0,0,0,0,0,0,0,-32287,0,0,0,0,0,2873271,0
2775746,7712,-3608,-850,408,-1109,19,-1420,783,121,5,1296,19373,74,33,79,16,0,0,0,0,0,0,0,-32287,0,0,0,0,0,2873286,0
2775751,7934,-3776,-612,190,-1098,81,-1240,789,76,0,1296,19373,74,33,79,16,0,0,0,0,0,0,0,-32287,0,0,0,0,0,2873291,0
2775756,7942,-4528,-64,-147,-949,236,-1066,774,30,11,1232,19373,75,33,79,16,0,0,0,0,0,0,0,-32287,0,0,0,0,0,2873306,0
2775761,7760,-4964,386,-206,-795,315,-897,749,-9,4,1176,19373,75,33,79,16,0,0,0,0,0,0,0,-32287,0,0,0,0,0,2873311,0
2775766,7642,-5230,536,-208,-745,365,-730,731,-37,5,1112,19374,78,33,79,16,0,0,0,0,0,0,0,-32287,0,0,0,0,0,2873330,0
2775771,7602,-5200,616,-105,-668,364,-569,702,-61,8,1056,19374,78,33,79,16,0,0,0,0,0,0,0,-32287,0,0,0,0,0,2873335,0
2775776,7448,-4872,646,156,-546,301,-414,685,-70,0,1008,19377,80,33,79,16,0,0,0,0,0,0,0,-32287,0,0,0,0,0,2873346,0
2775781,7288,-4572,610,228,-494,257,-268,638,-81,8,888,19377,80,33,79,16,0,0,0,0,0,0,0,-32286,0,0,0,0,0,2873351,0
2775786,7256,-4442,516,279,-441,197,-131,594,-100,4,784,19377,72,33,79,16,0,0,0,0,0,0,0,-32287,0,0,0,0,0,2873366,0
2775791,7044,-4190,418,302,-382,131,-1,562,-118,0,688,19377,72,33,79,16,0,0,0,0,0,0,0,-32287,0,0,0,0,0,2873371,0
2775796,6726,-4012,146,311,-314,36,118,524,-129,-1,600,19376,67,33,79,16,0,0,0,0,0,0,0,-32287,0,0,0,0,0,2873386,0
2775801,6486,-3782,114,310,-335,-42,224,465,-138,-5,456,19376,67,33,79,16,0,0,0,0,0,0,0,-32287,0,0,0,0,0,2873400,0
2775806,6378,-3940,0,302,-319,-65,318,410,-161,-10,344,19376,68,33,79,16,0,0,0,0,0,0,0,-32287,0,0,0,0,0,2873406,0
2775811,6000,-3930,74,279,-359,-90,399,357,-176,3,264,19376,68,33,79,16,0,0,0,0,0,0,0,-32287,0,0,0,0,0,2873411,0
2775816,5680,-3898,68,240,-404,-106,473,315,-176,5,208,19377,82,33,79,16,0,0,0,0,0,0,0,-32287,0,0,0,0,0,2873426,0
2775821,5612,-3928,4,231,-457,-112,540,288,-162,3,152,19377,82,33,79,16,0,0,0,0,0,0,0,-32287,0,0,0,0,0,2873437,0
2775826,5532,-4074,-76,229,-503,-82,599,247,-143,2,104,19377,72,33,79,16,0,0,0,0,0,0,0,-32287,0,0,0,0,0,2873446,0
2775831,5400,-4084,-74,246,-594,-69,649,213,-129,-11,104,19377,72,33,79,16,0,0,0,0,0,0,0,-32287,0,0,0,0,0,2873451,0
2775836,5582,-3930,-194,388,-732,-89,693,198,-113,-1,64,19377,56,33,79,16,0,0,0,0,0,0,0,-32286,0,0,0,0,0,2873466,0
2775841,5594,-3536,-126,463,-849,-122,730,166,-117,-3,72,19377,56,33,79,16,0,0,0,0,0,0,0,-32287,0,0,0,0,0,2873471,0
2775846,5914,-3552,-240,475,-893,-97,759,127,-106,-3,48,19377,56,33,79,16,0,0,0,0,0,0,0,-32286,0,0,0,0,0,2873486,0
2775851,5882,-3072,-150,447,-1002,-132,786,118,-99,-3,56,19377,56,33,79,16,0,0,0,0,0,0,0,-32287,0,0,0,0,0,2873491,0
2775856,6302,-3194,-110,421,-1095,-86,816,125,-73,-1,48,19376,73,33,79,16,0,0,0,0,0,0,0,-32287,0,0,0,0,0,2873506,0
2775861,6554,-3194,102,426,-1187,-104,844,121,-47,0,64,19376,73,33,79,16,0,0,0,0,0,0,0,-32287,0,0,0,0,0,2873511,0
2775866,6936,-3354,242,462,-1181,-55,878,150,-3,-3,64,19376,82,33,79,16,0,0,0,0,0,0,0,-32287,0,0,0,0,0,2873526,0
2775871,6958,-3242,506,444,-1190,-14,915,166,21,-1,104,19376,82,33,79,16,0,0,0,0,0,0,0,-32287,0,0,0,0,0,2873530,0
2775876,7590,-3276,810,391,-1061,90,962,212,55,-3,136,19375,89,33,79,16,0,0,0,0,0,0,0,-32287,0,0,0,0,0,2873550,0
2775881,7732,-3366,1024,368,-998,142,1018,255,93,0,160,19375,89,33,79,16,0,0,0,0,0,0,0,-32286,0,0,0,0,0,2873554,0
2775886,7936,-3274,1192,387,-864,168,1082,281,115,5,224,19376,75,33,79,16,0,0,0,0,0,0,0,-32287,0,0,0,0,0,2873565,0
2775891,8150,-3336,1202,446,-751,217,1156,328,129,-6,304,19376,75,33,79,16,0,0,0,0,0,0,0,-32286,0,0,0,0,0,2873570,0
2775896,8596,-3300,1006,672,-576,244,1241,373,139,-3,384,19376,73,33,79,16,0,0,0,0,0,0,0,-32287,0,0,0,0,0,2873585,0
2775901,8524,-3088,960,773,-470,239,1342,447,152,-25,584,19376,73,33,79,16,0,0,0,0,0,0,0,-32286,0,0,0,0,0,2873590,0
2775906,8512,-3124,536,921,-515,218,1462,525,187,-17,816,19377,70,33,79,16,0,0,0,0,0,0,0,-32287,0,0,0,0,0,2873605,0
2775911,8698,-3056,108,1119,-549,199,1595,593,224,4,968,19377,70,33,79,16,0,0,0,0,0,0,0,-32287,0,0,0,0,0,2873610,0
2775916,8816,-2404,-340,1296,-625,136,1740,646,234,12,1080,19377,72,33,79,16,0,0,0,0,0,0,0,-32287,0,0,0,0,0,2873625,0
2775921,8788,-2224,-430,1330,-654,105,1899,705,228,0,1200,19377,72,33,79,16,0,0,0,0,0,0,0,-32287,0,0,0,0,0,2873630,0
2775926,8720,-2262,-562,1291,-666,108,2066,736,203,7,1240,19379,73,33,79,16,0,0,0,0,0,0,0,-32287,0,0,0,0,0,2873645,0
2775931,8670,-2266,-560,1226,-676,104,2239,756,173,7,1280,19379,73,33,79,16,0,0,0,0,0,0,0,-32287,0,0,0,0,0,2873650,0
2775936,8414,-2358,-370,1235,-652,89,2416,779,136,1,1320,19375,66,33,79,16,0,0,0,0,0,0,0,-32287,0,0,0,0,0,2873665,0
2775941,8250,-2428,-252,1227,-653,95,2595,790,98,5,1336,19375,66,33,79,16,0,0,0,0,0,0,0,-32287,0,0,0,0,0,2873670,0
2775946,8186,-2402,-168,1215,-613,86,2775,795,60,2,1344,19373,63,33,79,16,0,0,0,0,0,0,0,-32287,0,0,0,0,0,2873685,0
2775951,8046,-2450,-120,1198,-548,99,2956,791,39,8,1304,19373,63,33,79,16,0,0,0,0,0,0,0,-32287,0,0,0,0,0,2873690,0
2775956,7710,-2492,152,1160,-448,100,3133,783,16,2,1280,19372,72,33,79,16,0,0,0,0,0,0,0,-32286,0,0,0,0,0,2873705,0
2775961,7626,-2606,224,1146,-386,112,3310,777,0,2,1264,19372,72,33,79,16,0,0,0,0,0,0,0,-32287,0,0,0,0,0,2873710,0
2775966,7314,-2544,306,1122,-316,120,3484,755,-20,6,1208,19374,78,33,79,16,0,0,0,0,0,0,0,-32287,0,0,0,0,0,2873725,0
2775971,7210,-2566,312,1084,-276,103,3653,745,-36,4,1160,19374,78,33,79,16,0,0,0,0,0,0,0,-32287,0,0,0,0,0,2873730,0
2775976,6840,-2568,262,1094,-206,112,3819,731,-42,3,1144,19377,74,33,79,16,0,0,0,0,0,0,0,-32287,0,0,0,0,0,2873749,0
2775981,6788,-2640,210,1106,-214,88,3981,706,-56,6,1056,19377,74,33,79,16,0,0,0,0,0,0,0,-32287,0,0,0,0,0,2873754,0
2775986,6720,-2614,206,1140,-212,70,4138,694,-64,-3,1032,19377,76,33,79,16,0,0,0,0,0,0,0,-32287,0,0,0,0,0,2873765,0
2775991,6608,-2558,156,1172,-219,82,4288,660,-61,0,960,19377,76,33,79,16,0,0,0,0,0,0,0,-32287,0,0,0,0,0,2873770,0
2775996,6598,-2254,154,1185,-229,38,4431,618,-83,6,888,19376,70,33,79,16,0,0,0,0,0,0,0,-32287,0,0,0,0,0,2873785,0
2776001,6614,-2254,154,1197,-232,35,4573,618,-86,0,880,19376,70,33,79,16,0,0,0,0,0,0,0,-32287,0,0,0,0,0,2873799,0
2776006,6554,-2160,130,1190,-228,57,4707,584,-82,0,800,19376,65,33,79,16,0,0,0,0,0,0,0,-32286,0,0,0,0,0,2873805,0
2776011,6550,-1902,128,1159,-223,18,4835,554,-83,5,720,19376,65,33,79,16,0,0,0,0,0,0,0,-32287,0,0,0,0,0,2873810,0
2776016,6824,-1714,98,1150,-178,20,4933,541,-89,-6,696,19380,74,33,79,16,0,0,0,0,0,0,0,-32287,0,0,0,0,0,2873825,0
2776021,6742,-1576,202,1141,-198,6,5053,525,-79,-4,664,19380,74,33,79,16,0,0,0,0,0,0,0,-32287,0,0,0,0,0,2873829,0
2776026,6948,-1502,54,1095,-168,14,5164,487,-90,2,560,19380,74,33,79,16,0,0,0,0,0,0,0,-32287,0,0,0,0,0,2873848,0
2776031,6936,-1428,14,1056,-153,25,5272,471,-83,-4,528,19380,74,33,79,16,0,0,0,0,0,0,0,-32286,0,0,0,0,0,2873853,0
2776036,7398,-1138,50,959,-87,25,5373,445,-88,-11,496,19379,66,33,79,16,0,0,0,0,0,0,0,-32287,0,0,0,0,0,2873864,0
2776041,7598,-912,-96,1000,-168,11,5473,429,-80,-10,464,19379,66,33,79,16,0,0,0,0,0,0,0,-32286,0,0,0,0,0,2873869,0
2776046,7636,-1312,-48,926,-76,59,5567,415,-72,4,432,19376,67,33,79,16,0,0,0,0,0,0,0,-32286,0,0,0,0,0,2873884,0
2776051,7322,-970,270,823,-2,55,5659,399,-61,2,416,19376,67,33,79,16,0,0,0,0,0,0,0,-32287,0,0,0,0,0,2873889,0
2776056,7726,-1202,72,684,29,87,5741,369,-64,9,328,19374,62,33,79,16,0,0,0,0,0,0,0,-32286,0,0,0,0,0,2873904,0
2776061,7898,-1182,218,671,68,57,5824,356,-65,8,312,19374,62,33,79,16,0,0,0,0,0,0,0,-32287,0,0,0,0,0,2873909,0
2776066,7830,-1198,182,669,103,32,5907,356,-56,0,320,19375,63,33,79,16,0,0,0,0,0,0,0,-32287,0,0,0,0,0,2873924,0
2776071,7934,-1390,184,679,108,-5,5989,367,-31,0,304,19375,63,33,79,16,0,0,0,0,0,0,0,-32287,0,0,0,0,0,2873935,0
2776076,7900,-1620,200,625,137,-38,6069,357,-17,2,304,19378,70,33,79,16,0,0,0,0,0,0,0,-32287,0,0,0,0,0,2873948,0
2776081,7968,-1822,170,581,155,-39,6146,346,-13,0,288,19378,70,33,79,16,0,0,0,0,0,0,0,-32286,0,0,0,0,0,2873953,0
2776086,7778,-1880,290,533,161,-78,6226,343,-7,0,280,19377,62,33,79,16,0,0,0,0,0,0,0,-32287,0,0,0,0,0,2873964,0
2776091,7756,-2224,260,506,168,-114,6307,363,-3,-7,328,19377,62,33,79,16,0,0,0,0,0,0,0,-32286,0,0,0,0,0,2873978,0
2776096,7470,-2830,348,632,145,-178,6397,402,20,-14,440,19376,61,33,79,16,0,0,0,0,0,0,0,-32286,0,0,0,0,0,2873984,0
2776101,7278,-3106,384,768,97,-208,6493,426,58,-13,480,19376,61,33,79,16,0,0,0,0,0,0,0,-32287,0,0,0,0,0,2873998,0
2776106,7186,-3190,384,888,22,-242,6591,442,77,-3,520,19375,68,33,79,16,0,0,0,0,0,0,0,-32287,0,0,0,0,0,2874004,0
2776111,7186,-3324,326,994,-4,-246,6697,457,90,-4,576,19375,68,33,79,16,0,0,0,0,0,0,0,-32286,0,0,0,0,0,2874009,0
2776116,7256,-3206,230,1223,-96,-360,6811,504,94,-11,728,19381,87,33,79,16,0,0,0,0,0,0,0,-32287,0,0,0,0,0,2874024,0
2776121,7198,-3362,160,1372,-130,-381,6933,547,99,2,808,19381,87,33,79,16,0,0,0,0,0,0,0,-32287,0,0,0,0,0,2874029,0
2776126,7132,-3138,132,1459,-172,-427,7059,559,50,12,792,19380,87,33,79,16,0,0,0,0,0,0,0,-32287,0,0,0,0,0,2874044,0
2776131,7386,-3128,0,1541,-205,-462,7191,581,128,6,872,19380,87,33,79,16,0,0,0,0,0,0,0,-32286,0,0,0,0,0,2874049,0
2776136,7456,-2794,-122,1661,-233,-532,7330,608,115,6,904,19381,79,33,79,16,0,0,0,0,0,0,0,-32287,0,0,0,0,0,2874064,0
2776141,7440,-2598,-128,1693,-260,-554,7466,609,126,14,872,19381,79,33,79,16,0,0,0,0,0,0,0,-32287,0,0,0,0,0,2874069,0
2776146,7656,-2406,-222,1700,-273,-579,7603,596,103,5,840,19374,69,33,79,16,0,0,0,0,0,0,0,-32287,0,0,0,0,0,2874084,0
2776151,7742,-2124,-268,1740,-277,-593,7738,596,22,-2,840,19374,69,33,79,16,0,0,0,0,0,0,0,-32287,0,0,0,0,0,2874088,0
2776156,7938,-1810,-262,1716,-296,-579,7870,579,-3,3,776,19375,72,33,79,16,0,0,0,0,0,0,0,-32287,0,0,0,0,0,2874103,0
2776161,8220,-1614,-258,1668,-291,-557,7998,553,-35,1,712,19375,72,33,79,16,0,0,0,0,0,0,0,-32286,0,0,0,0,0,2874108,0
2776166,8366,-1264,-128,1578,-245,-527,8119,532,-54,-3,656,19375,73,33,79,16,0,0,0,0,0,0,0,-32287,0,0,0,0,0,2874123,0
2776171,8568,-1162,-134,1507,-242,-495,8234,497,-66,-1,576,19375,73,33,79,16,0,0,0,0,0,0,0,-32287,0,0,0,0,0,2874128,0
2776176,8870,-912,20,1338,-204,-414,8341,469,-88,-1,488,19376,71,33,79,16,0,0,0,0,0,0,0,-32287,0,0,0,0,0,2874143,0
2776181,9224,-948,-14,1259,-172,-360,8441,434,-101,-1,424,19376,71,33,79,16,0,0,0,0,0,0,0,-32287,0,0,0,0,0,2874148,0
2776186,9270,-908,90,1137,-138,-319,8533,400,-111,-1,368,19377,74,33,79,16,0,0,0,0,0,0,0,-32287,0,0,0,0,0,2874163,0
2776191,9664,-998,16,1054,-124,-282,8619,375,-114,1,312,19377,74,33,79,16,0,0,0,0,0,0,0,-32287,0,0,0,0,0,2874168,0
2776196,10034,-1514,12,945,-100,-245,8702,366,-102,-1,312,19376,72,33,79,16,0,0,0,0,0,0,0,-32287,0,0,0,0,0,2874183,0
2776201,10160,-1904,-88,966,-51,-196,8783,352,-81,5,272,19376,72,33,79,16,0,0,0,0,0,0,0,-32287,0,0,0,0,0,2874188,0
2776206,10164,-2088,-154,969,-69,-163,8858,321,-70,8,216,19375,79,33,79,16,0,0,0,0,0,0,0,-32286,0,0,0,0,0,2874203,0
2776211,10376,-2394,-292,963,-45,-116,8925,294,-64,6,176,19375,79,33,79,16,0,0,0,0,0,0,0,-32287,0,0,0,0,0,2874217,0
2776216,10414,-2366,-366,875,-70,-62,8985,262,-81,-2,136,19379,80,33,79,16,0,0,0,0,0,0,0,-32286,0,0,0,0,0,2874223,0
2776221,10484,-2526,-440,823,-118,-27,9039,233,-97,-6,-448,19379,80,33,79,16,0,0,0,0,0,0,0,-32287,0,0,0,0,0,2874228,0
2776226,10424,-3398,-596,581,-126,294,9049,-8,-156,-883,-888,19378,80,33,79,16,0,0,0,0,0,0,0,-32287,0,0,0,0,0,2874243,0
2776231,9662,-2532,-254,-1,-188,442,8997,-255,-342,-1302,-1360,19378,80,33,79,16,0,0,0,0,0,0,0,-32287,0,0,0,0,0,2874248,0
2776236,9594,-2604,170,-817,82,771,8894,-480,-553,-1472,-1944,19371,101,33,79,16,0,0,0,0,0,0,0,-32287,0,0,0,0,0,2874263,0
2776241,9096,-2898,450,-1259,155,956,8741,-700,-729,-1656,-2488,19371,101,33,79,16,0,0,0,0,0,0,0,-32287,0,0,0,0,0,2874271,0
2776246,9150,-3178,576,-1495,321,1134,8536,-922,-820,-1829,-2928,19353,168,33,79,16,0,0,0,0,0,0,0,-32286,0,0,0,0,0,2874286,0
2776251,8480,-3208,1062,-1714,494,1305,8292,-1088,-770,-1950,-3320,19353,168,33,79,16,0,0,0,0,0,0,0,-32286,0,0,0,0,0,2874291,0
2776256,8254,-3406,1358,-1924,690,1490,8015,-1228,-712,-2045,-3624,19333,268,33,79,16,0,0,0,0,0,0,0,-32287,0,0,0,0,0,2874306,0
2776261,8450,-3804,1426,-1903,877,1568,7719,-1326,-610,-2147,-3664,19333,268,33,79,16,0,0,0,0,0,0,0,-32286,0,0,0,0,0,2874311,0
2776266,8208,-3388,1416,-1838,961,1521,7412,-1351,-474,-2286,-3752,19311,377,33,79,16,0,0,0,0,0,0,0,-32287,0,0,0,0,0,2874326,0
2776271,8596,-3646,1224,-1740,1102,1486,7102,-1355,-316,-2369,-3808,19311,377,33,79,16,0,0,0,0,0,0,0,-32287,0,0,0,0,0,2874330,0
2776276,8682,-3060,782,-1403,1218,1304,6800,-1326,-177,-2424,-3760,19292,451,33,79,16,0,0,0,0,0,0,0,-32286,0,0,0,0,0,2874345,0
2776281,9076,-3086,488,-1290,1268,1195,6504,-1291,-43,-2539,-3704,19292,451,33,79,16,0,0,0,0,0,0,0,-32288,0,0,0,0,0,2874350,0
2776286,9068,-2798,388,-1214,1281,1073,6223,-1237,63,-2664,-3600,19276,513,33,79,16,0,0,0,0,0,0,0,-32286,0,0,0,0,0,2874365,0
2776291,9380,-2666,48,-1123,1249,927,5953,-1181,124,-2732,-3600,19276,513,33,79,16,0,0,0,0,0,0,0,-32286,0,0,0,0,0,2874370,0
2776296,9266,-2568,-96,-952,983,679,5695,-1138,168,-2809,-3584,19268,554,33,79,16,0,0,0,0,0,0,0,-32288,0,0,0,0,0,2874385,0
2776301,9668,-2836,-244,-987,913,636,5440,-1120,167,-2897,-3520,19268,554,33,79,16,0,0,0,0,0,0,0,-32286,0,0,0,0,0,2874390,0
2776306,9234,-2674,40,-1061,761,522,5188,-1107,133,-2979,-3608,19264,584,33,79,16,0,0,0,0,0,0,0,-32286,0,0,0,0,0,2874405,0
2776311,9440,-3274,-58,-1154,765,487,4928,-1141,75,-3056,-3664,19264,584,33,79,16,0,0,0,0,0,0,0,-32288,0,0,0,0,0,2874410,0
2776316,8958,-4228,510,-1158,663,398,4664,-1172,9,-3138,-3768,19260,612,33,79,16,0,0,0,0,0,0,0,-32286,0,0,0,0,0,2874425,0
2776321,8142,-4374,854,-1192,616,342,4386,-1229,-60,-3209,-4016,19260,612,33,79,16,0,0,0,0,0,0,0,-32286,0,0,0,0,0,2874430,0
2776326,8188,-5232,912,-1247,761,363,4088,-1318,-121,-3251,-4224,19256,643,33,79,16,0,0,0,0,0,0,0,-32288,0,0,0,0,0,2874445,0
2776331,7218,-5462,1326,-1305,869,366,3774,-1401,-196,-3335,-4328,19256,643,33,79,16,0,0,0,0,0,0,0,-32285,0,0,0,0,0,2874450,0
2776336,6164,-6928,1774,-1280,1132,440,3441,-1477,-247,-3430,-4520,19241,704,33,79,16,0,0,0,0,0,0,0,-32287,0,0,0,0,0,2874465,0
2776341,5322,-7794,1896,-1103,1165,534,3089,-1560,-274,-3465,-4768,19241,704,33,79,16,0,0,0,0,0,0,0,-32286,0,0,0,0,0,2874470,0
2776346,4644,-7816,2092,-969,1247,601,2714,-1648,-293,-3528,-5000,19221,785,33,79,16,0,0,0,0,0,0,0,-32287,0,0,0,0,0,2874485,0
2776351,4336,-8056,2282,-843,1392,706,2321,-1734,-297,-3569,-5184,19221,785,33,79,16,0,0,0,0,0,0,0,-32286,0,0,0,0,0,2874490,0
2776356,3546,-8778,2272,-482,1541,923,1910,-1816,-300,-3611,-5392,19195,892,33,79,16,0,0,0,0,0,0,0,-32287,0,0,0,0,0,2874505,0
2776361,2840,-8526,2168,-334,1620,1012,1479,-1905,-293,-3648,-5616,19195,892,33,79,16,0,0,0,0,0,0,0,-32287,0,0,0,0,0,2874510,0
2776366,3016,-8450,2502,-166,1718,1078,1028,-1994,-293,-3685,-5856,19174,996,33,79,16,0,0,0,0,0,0,0,-32288,0,0,0,0,0,2874525,0
2776371,2842,-8374,2482,59,1835,1165,559,-2073,-299,-3696,-5952,19174,996,33,79,16,0,0,0,0,0,0,0,-32285,0,0,0,0,0,2874530,0
2776376,2832,-7672,1398,402,1869,1285,72,-2150,-297,-3700,-5872,19154,1097,33,79,16,0,0,0,0,0,0,0,-32286,0,0,0,0,0,2874545,0
2776381,3126,-7618,1504,562,1911,1317,-423,-2181,-273,-3731,-5984,19154,1097,33,79,16,0,0,0,0,0,0,0,-32287,0,0,0,0,0,2874550,0
2776386,3440,-7340,1758,761,1867,1352,-921,-2184,-217,-3721,-6056,19137,1168,33,79,16,0,0,0,0,0,0,0,-32285,0,0,0,0,0,2874565,0
2776391,3716,-6718,1350,917,1790,1347,-1411,-2158,-127,-3703,-5992,19137,1168,33,79,16,0,0,0,0,0,0,0,-32288,0,0,0,0,0,2874570,0
2776396,4792,-5662,424,1211,1443,1319,-1886,-2096,-21,-3672,-5744,19126,1214,33,79,16,0,0,0,0,0,0,0,-32286,0,0,0,0,0,2874585,0
2776401,5514,-5082,154,1271,1208,1308,-2352,-2039,84,-3685,-5608,19126,1214,33,79,16,0,0,0,0,0,0,0,-32285,0,0,0,0,0,2874589,0
2776406,6088,-4082,26,1300,886,1210,-2800,-1972,157,-3689,-5472,19127,1215,33,79,16,0,0,0,0,0,0,0,-32288,0,0,0,0,0,2874604,0
2776411,6840,-3474,-102,1250,607,1141,-3232,-1895,199,-3702,-5360,19127,1215,33,79,16,0,0,0,0,0,0,0,-32285,0,0,0,0,0,2874609,0
2776416,8062,-2516,68,1088,9,944,-3647,-1814,231,-3669,-5168,19136,1173,33,79,16,0,0,0,0,0,0,0,-32287,0,0,0,0,0,2874624,0
2776421,8356,-1776,62,941,-289,815,-4043,-1731,252,-3648,-4944,19136,1173,33,79,16,0,0,0,0,0,0,0,-32285,0,0,0,0,0,2874629,0
2776426,8896,-1254,222,804,-531,672,-4417,-1639,272,-3619,-4672,19151,1100,33,79,16,0,0,0,0,0,0,0,-32288,0,0,0,0,0,2874644,0
2776431,9490,-1164,352,651,-683,536,-4765,-1524,303,-3578,-4368,19151,1100,33,79,16,0,0,0,0,0,0,0,-32285,0,0,0,0,0,2874649,0
2776436,10060,-1270,1122,415,-929,306,-5088,-1407,334,-3545,-4136,19170,1017,33,79,16,0,0,0,0,0,0,0,-32287,0,0,0,0,0,2874665,0
2776441,10058,-1092,1670,350,-1019,153,-5384,-1287,363,-3490,-3952,19170,1017,33,79,16,0,0,0,0,0,0,0,-32287,0,0,0,0,0,2874670,0
2776446,10238,-1390,2064,225,-972,27,-5659,-1196,375,-3416,-3776,19192,928,33,79,16,0,0,0,0,0,0,0,-32286,0,0,0,0,0,2874684,0
2776451,10340,-1676,2128,163,-966,-27,-5914,-1119,373,-3399,-3544,19192,928,33,79,16,0,0,0,0,0,0,0,-32288,0,0,0,0,0,2874689,0
2776456,9980,-2270,2756,60,-754,-178,-6152,-1034,343,-3369,-3456,19215,825,33,79,16,0,0,0,0,0,0,0,-32285,0,0,0,0,0,2874704,0
2776461,9644,-2564,2988,2,-599,-228,-6378,-989,295,-3327,-3320,19215,825,33,79,16,0,0,0,0,0,0,0,-32285,0,0,0,0,0,2874709,0
2776466,9450,-2698,3074,-7,-501,-239,-6594,-949,245,-3238,-3160,19235,732,33,79,16,0,0,0,0,0,0,0,-32288,0,0,0,0,0,2874724,0
2776471,9210,-3236,3030,-73,-302,-224,-6811,-947,184,-3211,-3240,19235,732,33,79,16,0,0,0,0,0,0,0,-32287,0,0,0,0,0,2874729,0
2776476,8860,-3558,2898,-74,36,-166,-7025,-941,123,-3188,-3152,19251,652,33,79,16,0,0,0,0,0,0,0,-32285,0,0,0,0,0,2874744,0
2776481,8398,-3394,2954,-98,179,-158,-7240,-946,63,-3092,-3168,19251,652,33,79,16,0,0,0,0,0,0,0,-32286,0,0,0,0,0,2874749,0
2776486,8404,-3722,2696,-168,391,-97,-7458,-970,11,-3061,-3168,19261,605,33,79,16,0,0,0,0,0,0,0,-32288,0,0,0,0,0,2874764,0
2776491,8060,-3560,2678,-222,564,-64,-7682,-985,-22,-3021,-3264,19261,605,33,79,16,0,0,0,0,0,0,0,-32287,0,0,0,0,0,2874768,0
2776496,7498,-3418,2168,-318,898,42,-7914,-1016,-51,-2944,-3168,19268,575,33,79,16,0,0,0,0,0,0,0,-32285,0,0,0,0,0,2874783,0
2776501,7566,-3628,1934,-351,1035,117,-8148,-1041,-74,-2861,-3192,19268,575,33,79,16,0,0,0,0,0,0,0,-32287,0,0,0,0,0,2874788,0
2776506,7282,-3576,2016,-401,1141,128,-8384,-1036,-77,-2841,-3248,19274,556,33,79,16,0,0,0,0,0,0,0,-32287,0,0,0,0,0,2874803,0
2776511,7302,-3680,1858,-369,1170,183,-8621,-1042,-50,-2770,-3184,19274,556,33,79,16,0,0,0,0,0,0,0,-32285,0,0,0,0,0,2874808,0
2776516,7036,-3114,1144,-379,1145,203,-8851,-1007,-22,-2692,-3072,19280,541,33,79,16,0,0,0,0,0,0,0,-32287,0,0,0,0,0,2874823,0
2776521,6986,-3212,924,-444,1192,237,-9079,-995,15,-2604,-2944,19280,541,33,79,16,0,0,0,0,0,0,0,-32288,0,0,0,0,0,2874828,0
2776526,6810,-2808,976,-509,1082,181,-9293,-938,59,-2557,-2888,19287,519,33,79,16,0,0,0,0,0,0,0,-32285,0,0,0,0,0,2874843,0
2776531,7202,-2932,838,-537,1074,210,-9497,-882,98,-2503,-2608,19287,519,33,79,16,0,0,0,0,0,0,0,-32286,0,0,0,0,0,2874848,0
2776536,7032,-2644,540,-561,775,120,-9684,-808,154,-2398,-2520,19296,481,33,79,16,0,0,0,0,0,0,0,-32287,0,0,0,0,0,2874863,0
2776541,7088,-2654,438,-568,640,76,-9852,-730,195,-2347,-2264,19296,481,33,79,16,0,0,0,0,0,0,0,-32287,0,0,0,0,0,2874868,0
2776546,7140,-2484,548,-582,465,22,-10004,-657,239,-2235,-2064,19304,430,33,79,16,0,0,0,0,0,0,0,-32287,0,0,0,0,0,2874883,0
2776551,7358,-2482,558,-619,369,-2,-10136,-574,266,-2186,-1824,19304,430,33,79,16,0,0,0,0,0,0,0,-32286,0,0,0,0,0,2874888,0
2776556,7386,-2234,640,-713,88,-103,-10245,-471,282,-2104,-1608,19317,379,33,79,16,0,0,0,0,0,0,0,-32286,0,0,0,0,0,2874903,0
2776561,7538,-2286,652,-758,-5,-137,-10336,-385,296,-2009,-1496,19317,379,33,79,16,0,0,0,0,0,0,0,-32287,0,0,0,0,0,2874908,0
2776566,7480,-2152,884,-787,-130,-159,-10408,-308,305,-1963,-1272,19328,317,33,79,16,0,0,0,0,0,0,0,-32287,0,0,0,0,0,2874923,0
2776571,7488,-2306,1060,-862,-134,-181,-10466,-244,290,-1917,-1120,19328,317,33,79,16,0,0,0,0,0,0,0,-32287,0,0,0,0,0,2874928,0
2776576,7488,-1912,1346,-858,-193,-274,-10503,-157,278,-1849,-800,19339,251,33,79,16,0,0,0,0,0,0,0,-32287,0,0,0,0,0,2874943,0
2776581,7486,-1972,1454,-848,-231,-310,-10517,-47,283,-1803,-592,19339,251,33,79,16,0,0,0,0,0,0,0,-32287,0,0,0,0,0,2874948,0
2776586,7392,-1950,1488,-872,-194,-329,-10516,11,289,-1707,-480,19349,189,33,79,16,0,0,0,0,0,0,0,-32288,0,0,0,0,0,2874963,0
2776591,7328,-1960,1600,-938,-99,-316,-10509,30,271,-1591,-432,19349,189,33,79,16,0,0,0,0,0,0,0,-32287,0,0,0,0,0,2874968,0
2776596,7040,-1938,1894,-1096,212,-307,-10499,49,216,-1514,-344,19356,151,33,79,16,0,0,0,0,0,0,0,-32287,0,0,0,0,0,2874983,0
2776601,6864,-2002,2022,-1094,396,-294,-10481,84,145,-1450,-280,19356,151,33,79,16,0,0,0,0,0,0,0,-32288,0,0,0,0,0,2874988,0
2776606,6610,-2160,2106,-1075,552,-281,-10461,90,96,-1359,-264,19365,121,33,79,16,0,0,0,0,0,0,0,-32287,0,0,0,0,0,2875003,0
2776611,6380,-2258,2094,-1066,726,-268,-10441,82,62,-1281,-216,19365,121,33,79,16,0,0,0,0,0,0,0,-32287,0,0,0,0,0,2875008,0
2776616,6324,-1908,1978,-936,1015,-312,-10413,130,51,-1228,-144,19369,102,33,79,16,0,0,0,0,0,0,0,-32287,0,0,0,0,0,2875023,0
2776621,6010,-1942,1766,-931,1101,-302,-10380,151,55,-1134,-120,19369,102,33,79,16,0,0,0,0,0,0,0,-32287,0,0,0,0,0,2875027,0
2776626,6068,-1538,1482,-916,1136,-368,-10340,187,69,-1061,-72,19373,88,33,79,16,0,0,0,0,0,0,0,-32287,0,0,0,0,0,2875042,0
2776631,6266,-1640,1162,-874,1175,-393,-10287,242,96,-989,-32,19373,88,33,79,16,0,0,0,0,0,0,0,-32286,0,0,0,0,0,2875047,0
2776636,6228,-1380,586,-846,1015,-507,-10219,302,143,-905,16,19375,78,33,79,16,0,0,0,0,0,0,0,-32286,0,0,0,0,0,2875062,0
2776641,5978,-1068,398,-842,866,-593,-10134,377,174,-829,48,19375,78,33,79,16,0,0,0,0,0,0,0,-32286,0,0,0,0,0,2875067,0
2776646,6234,-932,150,-823,706,-683,-10028,471,226,-757,168,19377,67,33,79,16,0,0,0,0,0,0,0,-32286,0,0,0,0,0,2875082,0
2776651,6198,-810,-44,-806,519,-771,-9903,562,263,-661,272,19377,67,33,79,16,0,0,0,0,0,0,0,-32287,0,0,0,0,0,2875087,0
2776656,6136,-714,-268,-893,131,-888,-9762,624,280,-598,376,19378,58,33,79,16,0,0,0,0,0,0,0,-32287,0,0,0,0,0,2875102,0
2776661,6336,-834,-226,-963,-2,-935,-9609,680,277,-578,528,19378,58,33,79,16,0,0,0,0,0,0,0,-32287,0,0,0,0,0,2875107,0
2776666,6348,-916,16,-989,-118,-981,-9439,758,253,-533,744,19381,51,33,79,16,0,0,0,0,0,0,0,-32287,0,0,0,0,0,2875122,0
2776671,6416,-1268,224,-1004,-215,-1010,-9258,809,231,-459,872,19381,51,33,79,16,0,0,0,0,0,0,0,-32287,0,0,0,0,0,2875127,0
2776676,6812,-1578,702,-906,-401,-1101,-9059,889,219,-422,1112,19381,31,33,79,16,0,0,0,0,0,0,0,-32287,0,0,0,0,0,2875142,0
2776681,6828,-1448,1220,-785,-386,-1121,-8846,940,227,-338,1192,19381,31,33,79,16,0,0,0,0,0,0,0,-32287,0,0,0,0,0,2875147,0
2776686,6754,-1418,962,-930,-461,-1150,-8617,1011,232,-306,1408,19381,35,33,79,16,0,0,0,0,0,0,0,-32287,0,0,0,0,0,2875162,0
2776691,7132,-1492,1236,-913,-426,-1157,-8377,1060,225,-241,1560,19381,35,33,79,16,0,0,0,0,0,0,0,-32287,0,0,0,0,0,2875167,0
2776696,6930,-1864,1580,-893,-471,-1178,-8124,1115,223,-199,1720,19379,43,33,79,16,0,0,0,0,0,0,0,-32287,0,0,0,0,0,2875182,0
2776701,7070,-2088,1524,-840,-477,-1180,-7859,1167,198,-152,1904,19379,43,33,79,16,0,0,0,0,0,0,0,-32287,0,0,0,0,0,2875187,0
2776706,6936,-2134,1456,-812,-493,-1190,-7587,1207,189,-118,2080,19379,58,33,79,16,0,0,0,0,0,0,0,-32286,0,0,0,0,0,2875202,0
2776711,7090,-2130,1442,-770,-494,-1199,-7310,1218,159,-77,2176,19379,58,33,79,16,0,0,0,0,0,0,0,-32287,0,0,0,0,0,2875207,0
2776716,7096,-2166,1364,-824,-468,-1180,-7027,1248,125,-33,2328,19379,67,33,79,16,0,0,0,0,0,0,0,-32286,0,0,0,0,0,2875222,0
2776721,6964,-2044,1350,-851,-475,-1202,-6744,1246,88,3,2416,19379,67,33,79,16,0,0,0,0,0,0,0,-32287,0,0,0,0,0,2875227,0
2776726,7090,-2422,1148,-836,-451,-1166,-6461,1247,63,42,2512,19381,64,33,79,16,0,0,0,0,0,0,0,-32287,0,0,0,0,0,2875242,0
2776731,6868,-2490,1244,-873,-405,-1148,-6177,1251,30,90,2592,19381,64,33,79,16,0,0,0,0,0,0,0,-32287,0,0,0,0,0,2875247,0
2776736,6902,-2652,1226,-754,-379,-1135,-5894,1252,18,133,2664,19380,74,33,79,16,0,0,0,0,0,0,0,-32287,0,0,0,0,0,2875261,0
2776741,6732,-2806,1024,-764,-364,-1086,-5606,1263,8,180,2720,19380,74,33,79,16,0,0,0,0,0,0,0,-32286,0,0,0,0,0,2875266,0
2776746,6666,-2802,1016,-835,-317,-1022,-5316,1289,22,223,2824,19380,93,33,79,16,0,0,0,0,0,0,0,-32287,0,0,0,0,0,2875281,0
2776751,6812,-2786,1208,-981,-157,-944,-5017,1318,45,271,2928,19380,93,33,79,16,0,0,0,0,0,0,0,-32287,0,0,0,0,0,2875286,0
2776756,6742,-2974,1312,-1282,94,-780,-4709,1361,74,304,3040,19375,103,33,79,16,0,0,0,0,0,0,0,-32287,0,0,0,0,0,2875301,0
2776761,6600,-3240,1452,-1246,159,-744,-4388,1414,114,352,3192,19375,103,33,79,16,0,0,0,0,0,0,0,-32287,0,0,0,0,0,2875306,0
2776766,6744,-3622,1320,-1099,141,-709,-4051,1480,154,391,3312,19367,113,33,79,16,0,0,0,0,0,0,0,-32286,0,0,0,0,0,2875321,0
2776771,6948,-3648,1454,-752,98,-724,-3699,1554,188,438,3528,19367,113,33,79,16,0,0,0,0,0,0,0,-32287,0,0,0,0,0,2875326,0
2776776,7216,-3662,1598,-359,-66,-678,-3332,1619,216,484,3728,19362,131,33,79,16,0,0,0,0,0,0,0,-32286,0,0,0,0,0,2875341,0
2776781,7254,-2798,992,-223,-166,-698,-2954,1677,221,529,3872,19362,131,33,79,16,0,0,0,0,0,0,0,-32286,0,0,0,0,0,2875346,0
2776786,7844,-2440,762,-467,-113,-616,-2559,1740,225,563,4048,19357,156,33,79,16,0,0,0,0,0,0,0,-32286,0,0,0,0,0,2875361,0
2776791,7798,-1810,978,-868,41,-539,-2147,1816,226,596,4264,19357,156,33,79,16,0,0,0,0,0,0,0,-32287,0,0,0,0,0,2875366,0
2776796,8002,-2612,1440,-999,177,-574,-1715,1908,241,647,4472,19352,186,33,79,16,0,0,0,0,0,0,0,-32287,0,0,0,0,0,2875381,0
2776801,10868,2280,2244,1945,-1828,-2274,-1278,1921,243,752,4304,19352,186,33,79,16,0,0,0,0,0,0,0,-32287,0,0,0,0,0,2875386,0
2776806,11974,-6292,-2220,2417,-881,-1172,-851,1876,179,769,4296,19346,216,33,79,16,0,0,0,0,0,0,0,-32286,0,0,0,0,0,2875401,0
2776811,5498,1536,2064,1823,-2592,-1900,-436,1818,78,792,4000,19346,216,33,79,16,0,0,0,0,0,0,0,-32287,0,0,0,0,0,2875406,0
2776816,10922,1532,804,638,-1549,-1724,-55,1658,-92,879,3608,19341,238,33,79,16,0,0,0,0,0,0,0,-32286,0,0,0,0,0,2875421,0
2776821,11104,1030,1826,-374,-1126,-1731,279,1444,-293,884,3056,19341,238,33,79,16,0,0,0,0,0,0,0,-32287,0,0,0,0,0,2875433,0
2776826,11434,-732,2120,-738,-580,-1662,554,1193,-488,910,2512,19341,244,33,79,16,0,0,0,0,0,0,0,-32287,0,0,0,0,0,2875441,0
2776831,10712,-1944,2870,-963,-69,-1530,769,922,-677,929,1952,19341,244,33,79,16,0,0,0,0,0,0,0,-32287,0,0,0,0,0,2875446,0
2776836,8914,-3970,3338,-1154,743,-1144,931,684,-819,970,1496,19345,225,33,79,16,0,0,0,0,0,0,0,-32287,0,0,0,0,0,2875461,0
2776841,7896,-4386,3486,-1213,1005,-877,1039,459,-856,999,1016,19345,225,33,79,16,0,0,0,0,0,0,0,-32287,0,0,0,0,0,2875466,0
2776846,7172,-4594,3344,-1288,1232,-644,1103,252,-835,1048,744,19352,190,33,79,16,0,0,0,0,0,0,0,-32287,0,0,0,0,0,2875481,0
2776851,6710,-4420,2948,-1246,1333,-482,1133,117,-769,1122,512,19352,190,33,79,16,0,0,0,0,0,0,0,-32286,0,0,0,0,0,2875486,0
2776856,6024,-3538,2114,-1144,1390,-198,1133,-21,-669,1232,304,19361,159,33,79,16,0,0,0,0,0,0,0,-32287,0,0,0,0,0,2875501,0
2776861,6360,-2806,1826,-1016,1343,-160,1122,-51,-540,1211,328,19361,159,33,79,16,0,0,0,0,0,0,0,-32286,0,0,0,0,0,2875506,0
2776866,6652,-2000,1630,-885,1290,-155,1117,-14,-370,1192,464,19368,121,33,79,16,0,0,0,0,0,0,0,-32287,0,0,0,0,0,2875521,0
2776871,6814,-1486,1474,-852,1219,-138,1121,18,-175,1220,512,19368,121,33,79,16,0,0,0,0,0,0,0,-32286,0,0,0,0,0,2875526,0
2776876,6692,-894,1090,-1092,1051,-75,1125,20,-25,1293,520,19369,98,33,79,16,0,0,0,0,0,0,0,-32287,0,0,0,0,0,2875540,0
2776881,7040,-884,884,-1136,924,-64,1128,14,50,1340,528,19369,98,33,79,16,0,0,0,0,0,0,0,-32286,0,0,0,0,0,2875545,0
2776886,7218,-642,996,-1227,815,-73,1130,7,35,1366,552,19368,104,33,79,16,0,0,0,0,0,0,0,-32287,0,0,0,0,0,2875560,0
2776891,7604,-598,1176,-1353,750,-78,1136,30,17,1405,584,19368,104,33,79,16,0,0,0,0,0,0,0,-32286,0,0,0,0,0,2875565,0
2776896,8444,-1462,1602,-1651,684,-2,1149,53,17,1424,688,19369,110,33,79,16,0,0,0,0,0,0,0,-32286,0,0,0,0,0,2875580,0
2776901,8956,-2026,1966,-1611,548,-25,1179,144,69,1422,920,19369,110,33,79,16,0,0,0,0,0,0,0,-32286,0,0,0,0,0,2875585,0
2776906,9898,-2852,2140,-1408,394,1,1232,236,146,1439,1240,19368,117,33,79,16,0,0,0,0,0,0,0,-32286,0,0,0,0,0,2875600,0
2776911,10758,-3028,2344,-1198,213,-55,1317,385,248,1477,1584,19368,117,33,79,16,0,0,0,0,0,0,0,-32286,0,0,0,0,0,2875605,0
2776916,13054,-3218,2376,-848,17,-195,1442,561,363,1552,2056,19363,130,33,79,16,0,0,0,0,0,0,0,-32286,0,0,0,0,0,2875620,0
2776921,13842,-3246,2278,-749,-49,-262,1604,730,477,1651,2416,19363,130,33,79,16,0,0,0,0,0,0,0,-32288,0,0,0,0,0,2875625,0
2776926,14138,-3608,2334,-804,34,-289,1803,890,542,1649,2792,19352,169,33,79,16,0,0,0,0,0,0,0,-32287,0,0,0,0,0,2875640,0
2776931,14032,-3608,2536,-636,-35,-440,2042,1055,580,1686,3168,19352,169,33,79,16,0,0,0,0,0,0,0,-32286,0,0,0,0,0,2875645,0
2776936,13608,-3830,2486,12,-115,-794,2314,1215,575,1723,3472,19340,242,33,79,16,0,0,0,0,0,0,0,-32286,0,0,0,0,0,2875660,0
2776941,13342,-3732,2354,273,-134,-1002,2613,1329,554,1758,3712,19340,242,33,79,16,0,0,0,0,0,0,0,-32287,0,0,0,0,0,2875665,0
2776946,12928,-3524,2268,425,-135,-1237,2934,1423,498,1817,3856,19329,331,33,79,16,0,0,0,0,0,0,0,-32286,0,0,0,0,0,2875680,0
2776951,12440,-3674,2130,556,-160,-1469,3266,1467,420,1846,3872,19329,331,33,79,16,0,0,0,0,0,0,0,-32287,0,0,0,0,0,2875685,0
2776956,11026,-4274,1760,368,18,-1673,3598,1462,303,1888,3800,19315,402,33,79,16,0,0,0,0,0,0,0,-32286,0,0,0,0,0,2875700,0
2776961,9860,-5178,1856,217,28,-1707,3924,1421,164,1901,3648,19315,402,33,79,16,0,0,0,0,0,0,0,-32287,0,0,0,0,0,2875705,0
2776966,9176,-6456,1742,360,27,-1729,4231,1340,17,1940,3520,19305,441,33,79,16,0,0,0,0,0,0,0,-32287,0,0,0,0,0,2875720,0
2776971,8402,-7270,1854,524,114,-1649,4514,1237,-117,1935,3200,19305,441,33,79,16,0,0,0,0,0,0,0,-32286,0,0,0,0,0,2875725,0
2776976,6522,-7878,2064,456,359,-1319,4771,1120,-244,1957,2984,19300,430,33,79,16,0,0,0,0,0,0,0,-32288,0,0,0,0,0,2875740,0
2776981,5096,-7866,2086,453,378,-1130,4999,995,-335,1995,2832,19300,430,33,79,16,0,0,0,0,0,0,0,-32287,0,0,0,0,0,2875745,0
2776986,4338,-7944,1512,537,403,-946,5200,876,-390,2000,2496,19303,406,33,79,16,0,0,0,0,0,0,0,-32286,0,0,0,0,0,2875760,0
2776991,3278,-7692,1312,651,342,-762,5379,771,-406,2014,2424,19303,406,33,79,16,0,0,0,0,0,0,0,-32286,0,0,0,0,0,2875765,0
2776996,2324,-6516,472,821,219,-426,5543,716,-382,2045,2272,19312,377,33,79,16,0,0,0,0,0,0,0,-32288,0,0,0,0,0,2875780,0
2777001,2094,-6002,40,832,170,-325,5694,663,-325,2061,2152,19312,377,33,79,16,0,0,0,0,0,0,0,-32287,0,0,0,0,0,2875785,0
2777006,2090,-5260,-114,822,101,-250,5839,630,-257,2074,2096,19320,351,33,79,16,0,0,0,0,0,0,0,-32286,0,0,0,0,0,2875800,0
2777011,2262,-4644,-178,795,67,-180,5983,636,-179,2112,2104,19320,351,33,79,16,0,0,0,0,0,0,0,-32286,0,0,0,0,0,2875805,0
2777016,2614,-3850,-170,859,-22,-135,6099,634,-96,2146,2152,19324,326,33,79,16,0,0,0,0,0,0,0,-32287,0,0,0,0,0,2875820,0
2777021,2960,-3480,-214,868,-61,-128,6246,657,-38,2171,2264,19324,326,33,79,16,0,0,0,0,0,0,0,-32288,0,0,0,0,0,2875825,0
2777026,3298,-2986,-214,850,-110,-157,6400,688,18,2179,2384,19324,314,33,79,16,0,0,0,0,0,0,0,-32287,0,0,0,0,0,2875840,0
2777031,3754,-2652,-188,802,-64,-163,6562,719,65,2180,2376,19324,314,33,79,16,0,0,0,0,0,0,0,-32286,0,0,0,0,0,2875845,0
2777036,3970,-2498,-490,649,-97,-208,6731,750,90,2205,2472,19322,327,33,79,16,0,0,0,0,0,0,0,-32286,0,0,0,0,0,2875860,0
2777041,4162,-2492,-584,675,-179,-218,6912,805,119,2209,2656,19322,327,33,79,16,0,0,0,0,0,0,0,-32287,0,0,0,0,0,2875865,0
2777046,4366,-2662,-666,695,-281,-209,7101,839,132,2258,2616,19321,351,33,79,16,0,0,0,0,0,0,0,-32287,0,0,0,0,0,2875880,0
2777051,4626,-2680,-542,691,-407,-196,7300,873,141,2255,2784,19321,351,33,79,16,0,0,0,0,0,0,0,-32286,0,0,0,0,0,2875885,0
2777056,5426,-2926,-130,611,-589,-80,7500,881,123,2287,2656,19320,368,33,79,16,0,0,0,0,0,0,0,-32286,0,0,0,0,0,2875900,0
2777061,5932,-3030,100,538,-672,-43,7698,877,80,2276,2744,19320,368,33,79,16,0,0,0,0,0,0,0,-32287,0,0,0,0,0,2875904,0
2777066,6646,-3324,368,528,-702,32,7893,850,27,2308,2528,19315,377,33,79,16,0,0,0,0,0,0,0,-32288,0,0,0,0,0,2875919,0
2777071,7074,-3390,868,441,-698,111,8074,792,-36,2295,2488,19315,377,33,79,16,0,0,0,0,0,0,0,-32287,0,0,0,0,0,2875924,0
2777076,8024,-3808,1318,285,-582,287,8242,731,-106,2315,2328,19312,375,33,79,16,0,0,0,0,0,0,0,-32286,0,0,0,0,0,2875939,0
2777081,8172,-3978,1266,185,-505,403,8389,638,-176,2308,2112,19312,375,33,79,16,0,0,0,0,0,0,0,-32286,0,0,0,0,0,2875944,0
2777086,8260,-4118,1118,107,-455,506,8514,536,-241,2296,1856,19313,368,33,79,16,0,0,0,0,0,0,0,-32287,0,0,0,0,0,2875959,0
2777091,8200,-4102,920,-4,-403,606,8614,424,-300,2293,1600,19313,368,33,79,16,0,0,0,0,0,0,0,-32288,0,0,0,0,0,2875964,0
2777096,7890,-3738,414,-232,-283,735,8687,314,-343,2303,1416,19321,341,33,79,16,0,0,0,0,0,0,0,-32288,0,0,0,0,0,2875979,0
2777101,7922,-3676,126,-286,-213,788,8741,233,-361,2350,1208,19321,341,33,79,16,0,0,0,0,0,0,0,-32287,0,0,0,0,0,2875984,0
2777106,7628,-3510,-54,-434,-163,809,8775,133,-355,2329,1128,19329,301,33,79,16,0,0,0,0,0,0,0,-32288,0,0,0,0,0,2875999,0
2777111,7608,-3222,-204,-442,-164,751,8799,91,-309,2318,1024,19329,301,33,79,16,0,0,0,0,0,0,0,-32287,0,0,0,0,0,2876004,0
2777116,7094,-3052,-476,-584,-128,721,8810,41,-262,2348,912,19339,247,33,79,16,0,0,0,0,0,0,0,-32287,0,0,0,0,0,2876019,0
2777121,6946,-3070,-660,-643,-182,673,8813,7,-211,2328,864,19339,247,33,79,16,0,0,0,0,0,0,0,-32287,0,0,0,0,0,2876024,0
2777126,6674,-3046,-684,-635,-278,607,8813,-3,-157,2290,864,19346,206,33,79,16,0,0,0,0,0,0,0,-32287,0,0,0,0,0,2876039,0
2777131,6526,-3196,-682,-603,-380,556,8813,2,-98,2278,864,19346,206,33,79,16,0,0,0,0,0,0,0,-32286,0,0,0,0,0,2876044,0
2777136,6326,-3210,-500,-562,-661,460,8815,10,-54,2258,872,19352,185,33,79,16,0,0,0,0,0,0,0,-32287,0,0,0,0,0,2876059,0
2777141,6348,-3220,-234,-517,-783,407,8820,27,-5,2241,888,19352,185,33,79,16,0,0,0,0,0,0,0,-32287,0,0,0,0,0,2876064,0
2777146,6468,-3186,-28,-438,-887,335,8831,50,29,2214,952,19354,170,33,79,16,0,0,0,0,0,0,0,-32286,0,0,0,0,0,2876079,0
2777151,6702,-3114,234,-303,-964,252,8854,106,67,2183,1024,19354,170,33,79,16,0,0,0,0,0,0,0,-32286,0,0,0,0,0,2876084,0
2777156,7026,-3046,654,-172,-1000,187,8881,111,98,2182,1016,19357,174,33,79,16,0,0,0,0,0,0,0,-32286,0,0,0,0,0,2876099,0
2777161,7278,-2744,810,-163,-1005,120,8909,131,101,2149,1128,19357,174,33,79,16,0,0,0,0,0,0,0,-32287,0,0,0,0,0,2876104,0
2777166,7704,-2912,936,-67,-933,88,8946,159,91,2136,1136,19357,176,33,79,16,0,0,0,0,0,0,0,-32286,0,0,0,0,0,2876119,0
2777171,7644,-2800,1130,-26,-893,58,8989,189,82,2127,1176,19357,176,33,79,16,0,0,0,0,0,0,0,-32286,0,0,0,0,0,2876124,0
2777176,7986,-2704,1254,145,-757,-6,9040,229,89,2069,1344,19355,188,33,79,16,0,0,0,0,0,0,0,-32286,0,0,0,0,0,2876139,0
2777181,8048,-2638,1326,243,-717,-43,9099,262,108,2048,-408,19355,188,33,79,16,0,0,0,0,0,0,0,-32287,0,0,0,0,0,2876144,0
2777186,7654,-5312,628,-201,-450,652,9094,-113,17,-4,-1464,19352,192,33,79,16,0,0,0,0,0,0,0,-32287,0,0,0,0,0,2876159,0
2777191,4522,-2876,812,-1732,-461,991,8949,-691,-398,-1155,-2952,19352,192,33,79,16,0,0,0,0,0,0,0,-32288,0,0,0,0,0,2876164,0
2777196,3904,-5470,438,-3636,379,2099,8667,-1302,-995,-1576,-4184,19351,216,33,79,16,0,0,0,0,0,0,0,-32287,0,0,0,0,0,2876178,0
2777201,3494,-6152,952,-3701,413,2307,8252,-1874,-1600,-1753,-5352,19351,216,33,79,16,0,0,0,0,0,0,0,-32287,0,0,0,0,0,2876183,0
2777206,4556,-6046,1078,-3101,718,2343,7718,-2403,-1962,-1896,-6600,19328,321,33,79,16,0,0,0,0,0,0,0,-32286,0,0,0,0,0,2876198,0
2777211,5260,-4222,1756,-1726,696,1959,7069,-2903,-1975,-1976,-7664,19328,321,33,79,16,0,0,0,0,0,0,0,-32287,0,0,0,0,0,2876203,0
2777216,7622,-2768,2048,1666,226,1280,6306,-3405,-1885,-2059,-8864,19287,504,33,79,16,0,0,0,0,0,0,0,-32288,0,0,0,0,0,2876218,0
2777221,5274,-2366,1908,1213,1156,1654,5427,-3921,-1809,-2210,-10152,19287,504,33,79,16,0,0,0,0,0,0,0,-32288,0,0,0,0,0,2876223,0
2777226,3238,-19354,-3862,-9256,3272,6882,4472,-4201,-1719,-2536,-10016,19215,825,33,79,16,0,0,0,0,0,0,0,-32286,0,0,0,0,0,2876238,0
2777231,296,2842,6116,-10391,3135,5886,3504,-4258,-1452,-2631,-9912,19215,825,33,79,16,0,0,0,0,0,0,0,-32285,0,0,0,0,0,2876243,0
2777236,-3632,-20080,8066,-6293,5347,6478,2587,-4002,-941,-2769,-9208,19150,1128,33,79,16,0,0,0,0,0,0,0,-32287,0,0,0,0,0,2876268,0
2777241,2716,-22986,5646,622,3675,5917,1763,-3589,-190,-2703,-8288,19150,1128,33,79,16,0,0,0,0,0,0,0,-32287,0,0,0,0,0,2876271,0
2777246,5036,-12322,3768,3620,3658,5550,1040,-3138,582,-2799,-7264,19113,1305,33,79,16,0,0,0,0,0,0,0,-32288,0,0,0,0,0,2876279,0
2777251,7120,-1214,1776,2575,3893,5089,419,-2695,1131,-2940,-6224,19113,1305,33,79,16,0,0,0,0,0,0,0,-32287,0,0,0,0,0,2876284,0
2777256,9462,1224,-2704,-363,2783,4143,-107,-2269,1434,-2987,-5496,19112,1318,33,79,16,0,0,0,0,0,0,0,-32286,0,0,0,0,0,2876299,0
2777261,10650,-1024,-4048,316,1179,3518,-542,-1871,1501,-3082,-4720,19112,1318,33,79,16,0,0,0,0,0,0,0,-32288,0,0,0,0,0,2876304,0
2777266,11428,-392,-4136,1185,94,2902,-883,-1470,1478,-3165,-3800,19155,1139,33,79,16,0,0,0,0,0,0,0,-32285,0,0,0,0,0,2876319,0
2777271,11738,2066,-3470,1362,-196,2311,-1134,-1065,1433,-3242,-2952,19155,1139,33,79,16,0,0,0,0,0,0,0,-32288,0,0,0,0,0,2876324,0
2777276,11704,2450,-2846,818,-533,1622,-1302,-698,1402,-3326,-2256,19203,920,33,79,16,0,0,0,0,0,0,0,-32288,0,0,0,0,0,2876339,0
2777281,10746,2232,-2418,850,-1243,1159,-1385,-337,1354,-3348,-1616,19203,920,33,79,16,0,0,0,0,0,0,0,-32286,0,0,0,0,0,2876344,0
2777286,11610,1508,-3082,1189,-1687,786,-1397,-26,1301,-3475,-1176,19255,679,33,79,16,0,0,0,0,0,0,0,-32286,0,0,0,0,0,2876359,0
2777291,10760,1578,-2772,1147,-1927,610,-1375,105,1178,-3569,-1088,19255,679,33,79,16,0,0,0,0,0,0,0,-32286,0,0,0,0,0,2876364,0
2777296,10358,1372,-1166,87,-1855,451,-1349,104,913,-3566,-1168,19296,484,33,79,16,0,0,0,0,0,0,0,-32287,0,0,0,0,0,2876379,0
2777301,9674,-224,42,-101,-1614,446,-1332,70,557,-3576,-1216,19296,484,33,79,16,0,0,0,0,0,0,0,-32287,0,0,0,0,0,2876384,0
2777306,9156,-1886,1184,57,-1515,405,-1318,60,229,-3643,-1168,19325,346,33,79,16,0,0,0,0,0,0,0,-32287,0,0,0,0,0,2876399,0
2777311,9168,-2830,1924,360,-1352,431,-1300,66,19,-3683,-1176,19325,346,33,79,16,0,0,0,0,0,0,0,-32287,0,0,0,0,0,2876404,0
2777316,8786,-2944,3138,269,-952,538,-1290,45,-39,-3655,-1272,19334,292,33,79,16,0,0,0,0,0,0,0,-32287,0,0,0,0,0,2876419,0
2777321,8830,-3422,3320,196,-629,558,-1289,-2,-51,-3663,-1344,19334,292,33,79,16,0,0,0,0,0,0,0,-32287,0,0,0,0,0,2876424,0
2777326,8436,-3866,3518,346,-374,550,-1289,-8,-68,-3695,-1328,19332,292,33,79,16,0,0,0,0,0,0,0,-32288,0,0,0,0,0,2876439,0
2777331,7986,-4444,3466,634,-171,573,-1290,-3,-67,-3701,-1328,19332,292,33,79,16,0,0,0,0,0,0,0,-32287,0,0,0,0,0,2876444,0
2777336,7526,-3956,3008,887,278,614,-1290,0,-50,-3696,-1304,19329,312,33,79,16,0,0,0,0,0,0,0,-32288,0,0,0,0,0,2876459,0
2777341,7268,-3994,2504,940,473,616,-1291,-3,-21,-3681,-1304,19329,312,33,79,16,0,0,0,0,0,0,0,-32287,0,0,0,0,0,2876464,0
2777346,6822,-4162,1860,1031,580,612,-1291,-2,1,-3661,-1296,19330,325,33,79,16,0,0,0,0,0,0,0,-32288,0,0,0,0,0,2876479,0
2777351,6530,-4292,1166,1148,644,624,-1291,-1,4,-3641,-1288,19330,325,33,79,16,0,0,0,0,0,0,0,-32287,0,0,0,0,0,2876484,0
2777356,5620,-4152,-38,1250,556,680,-1291,-7,2,-3621,-1272,19328,323,33,79,16,0,0,0,0,0,0,0,-32287,0,0,0,0,0,2876499,0
2777361,5230,-4188,-580,1246,407,720,-1290,0,0,-3589,-1248,19328,323,33,79,16,0,0,0,0,0,0,0,-32287,0,0,0,0,0,2876503,0
2777366,4986,-4194,-1146,1280,213,764,-1291,1,3,-3550,-1240,19331,305,33,79,16,0,0,0,0,0,0,0,-32287,0,0,0,0,0,2876518,0
2777371,4694,-4214,-1504,1320,-44,795,-1292,0,0,-3514,-1224,19331,305,33,79,16,0,0,0,0,0,0,0,-32287,0,0,0,0,0,2876524,0
2777376,4490,-3870,-1944,1343,-601,844,-1291,4,4,-3468,-1216,19331,301,33,79,16,0,0,0,0,0,0,0,-32287,0,0,0,0,0,2876538,0
2777381,4528,-3680,-1992,1313,-868,855,-1291,7,7,-3420,-1184,19331,301,33,79,16,0,0,0,0,0,0,0,-32287,0,0,0,0,0,2876543,0
2777386,4658,-3582,-1854,1288,-1108,844,-1290,3,2,-3380,-1176,19335,305,33,79,16,0,0,0,0,0,0,0,-32287,0,0,0,0,0,2876558,0
2777391,4928,-3534,-1640,1281,-1316,820,-1290,4,0,-3323,-1144,19335,305,33,79,16,0,0,0,0,0,0,0,-32287,0,0,0,0,0,2876563,0
2777396,5566,-3450,-1022,1337,-1666,768,-1291,-3,2,-3271,-1152,19336,299,33,79,16,0,0,0,0,0,0,0,-32287,0,0,0,0,0,2876578,0
2777401,5892,-3350,-606,1369,-1772,720,-1289,6,-1,-3210,-1104,19336,299,33,79,16,0,0,0,0,0,0,0,-32287,0,0,0,0,0,2876583,0
2777406,6408,-3166,-162,1378,-1842,661,-1290,-1,-2,-3149,-1096,19337,281,33,79,16,0,0,0,0,0,0,0,-32287,0,0,0,0,0,2876598,0
2777411,6884,-3138,332,1365,-1866,626,-1289,-5,5,-3092,-1064,19337,281,33,79,16,0,0,0,0,0,0,0,-32287,0,0,0,0,0,2876603,0
2777416,7638,-3074,1260,1381,-1859,498,-1289,1,-3,-3027,-1016,19337,253,33,79,16,0,0,0,0,0,0,0,-32287,0,0,0,0,0,2876618,0
2777421,7944,-3058,1642,1437,-1776,423,-1284,15,6,-2960,-968,19337,253,33,79,16,0,0,0,0,0,0,0,-32287,0,0,0,0,0,2876623,0
2777426,8296,-2896,1888,1491,-1654,348,-1275,47,23,-2903,-872,19342,234,33,79,16,0,0,0,0,0,0,0,-32288,0,0,0,0,0,2876638,0
2777431,8618,-2650,1984,1586,-1516,245,-1254,100,55,-2849,-680,19342,234,33,79,16,0,0,0,0,0,0,0,-32287,0,0,0,0,0,2876643,0
2777436,8908,-2238,1620,1854,-1300,50,-1212,193,119,-2805,-456,19349,220,33,79,16,0,0,0,0,0,0,0,-32288,0,0,0,0,0,2876658,0
2777441,8864,-1570,1210,1989,-1288,-119,-1148,294,193,-2724,-208,19349,220,33,79,16,0,0,0,0,0,0,0,-32289,0,0,0,0,0,2876663,0
2777446,9110,-1216,558,2085,-1210,-234,-1060,399,274,-2584,-80,19358,189,33,79,16,0,0,0,0,0,0,0,-32289,0,0,0,0,0,2876678,0
2777451,8984,-676,-16,2137,-1238,-386,-942,533,337,-2444,-8,19358,189,33,79,16,0,0,0,0,0,0,0,-32287,0,0,0,0,0,2876683,0
2777456,8788,-74,-1364,2291,-1492,-666,-789,689,394,-2312,64,19370,127,33,79,16,0,0,0,0,0,0,0,-32286,0,0,0,0,0,2876698,0
2777461,8668,270,-1774,2276,-1685,-796,-609,801,438,-2257,176,19370,127,33,79,16,0,0,0,0,0,0,0,-32286,0,0,0,0,0,2876703,0
2777466,8762,504,-2148,2198,-1834,-887,-412,883,441,-2201,272,19382,47,33,79,16,0,0,0,0,0,0,0,-32287,0,0,0,0,0,2876718,0
2777471,8772,672,-2126,2080,-2008,-966,-202,929,392,-2131,352,19382,47,33,79,16,0,0,0,0,0,0,0,-32287,0,0,0,0,0,2876723,0
2777476,9014,532,-1660,1837,-2280,-1110,16,966,295,-2087,400,19394,-13,33,79,16,0,0,0,0,0,0,0,-32286,0,0,0,0,0,2876738,0
2777481,9100,344,-1256,1801,-2432,-1190,242,993,213,-2008,528,19394,-13,33,79,16,0,0,0,0,0,0,0,-32286,0,0,0,0,0,2876743,0
2777486,9510,-80,-782,1822,-2515,-1240,474,1020,153,-1915,608,19400,-46,33,79,16,0,0,0,0,0,0,0,-32287,0,0,0,0,0,2876758,0
2777491,9798,-120,-172,1833,-2571,-1308,713,1047,115,-1826,688,19400,-46,33,79,16,0,0,0,0,0,0,0,-32287,0,0,0,0,0,2876763,0
2777496,10704,-550,806,1694,-2333,-1396,951,1053,93,-1745,784,19403,-48,33,79,16,0,0,0,0,0,0,0,-32286,0,0,0,0,0,2876778,0
2777501,11644,-1260,1186,1697,-2078,-1430,1190,1055,66,-1656,752,19403,-48,33,79,16,0,0,0,0,0,0,0,-32287,0,0,0,0,0,2876783,0
2777506,11886,-1696,1788,1712,-1856,-1491,1427,1049,34,-1583,872,19400,-55,33,79,16,0,0,0,0,0,0,0,-32287,0,0,0,0,0,2876798,0
2777511,12828,-2546,1942,1810,-1547,-1546,1670,1061,20,-1482,872,19400,-55,33,79,16,0,0,0,0,0,0,0,-32286,0,0,0,0,0,2876803,0
2777516,13286,-3440,2048,1929,-941,-1625,1912,1070,11,-1400,936,19398,-56,33,79,16,0,0,0,0,0,0,0,-32287,0,0,0,0,0,2876818,0
2777521,13368,-4104,1938,1890,-667,-1576,2154,1063,20,-1304,944,19398,-56,33,79,16,0,0,0,0,0,0,0,-32287,0,0,0,0,0,2876823,0
2777526,13122,-4124,1872,1850,-556,-1572,2395,1054,8,-1221,944,19397,-40,33,79,16,0,0,0,0,0,0,0,-32287,0,0,0,0,0,2876838,0
2777531,12958,-4448,1572,1803,-427,-1509,2629,1030,-7,-1140,944,19397,-40,33,79,16,0,0,0,0,0,0,0,-32286,0,0,0,0,0,2876842,0
2777536,12066,-4188,998,1713,-324,-1398,2864,1028,-28,-1059,984,19397,-29,33,79,16,0,0,0,0,0,0,0,-32288,0,0,0,0,0,2876857,0
2777541,11532,-3774,776,1683,-314,-1361,3095,1015,-39,-960,984,19397,-29,33,79,16,0,0,0,0,0,0,0,-32286,0,0,0,0,0,2876862,0
2777546,10910,-3148,514,1627,-327,-1325,3327,1011,-35,-881,984,19396,-20,33,79,16,0,0,0,0,0,0,0,-32287,0,0,0,0,0,2876877,0
2777551,10604,-2852,220,1543,-287,-1260,3549,977,-40,-794,936,19396,-20,33,79,16,0,0,0,0,0,0,0,-32287,0,0,0,0,0,2876882,0
2777556,9750,-1782,112,1302,-342,-1201,3765,951,-50,-734,888,19393,-13,33,79,16,0,0,0,0,0,0,0,-32287,0,0,0,0,0,2876897,0
2777561,9346,-1382,-42,1174,-352,-1188,3970,903,-84,-661,824,19393,-13,33,79,16,0,0,0,0,0,0,0,-32287,0,0,0,0,0,2876902,0
2777566,9282,-942,42,1038,-381,-1237,4166,860,-121,-593,768,19390,-1,33,79,16,0,0,0,0,0,0,0,-32286,0,0,0,0,0,2876917,0
2777571,9430,-896,116,915,-284,-1242,4352,809,-138,-514,696,19390,-1,33,79,16,0,0,0,0,0,0,0,-32287,0,0,0,0,0,2876922,0
2777576,9356,-1098,462,480,-54,-1321,4525,759,-149,-453,632,19391,11,33,79,16,0,0,0,0,0,0,0,-32286,0,0,0,0,0,2876937,0
2777581,9576,-1622,522,247,145,-1292,4687,707,-164,-382,544,19391,11,33,79,16,0,0,0,0,0,0,0,-32287,0,0,0,0,0,2876942,0
2777586,9148,-1862,862,-256,289,-1234,4831,628,-188,-321,480,19390,28,33,79,16,0,0,0,0,0,0,0,-32287,0,0,0,0,0,2876957,0
2777591,9394,-2460,1066,-844,565,-1192,4965,582,-196,-271,440,19390,28,33,79,16,0,0,0,0,0,0,0,-32287,0,0,0,0,0,2876962,0
2777596,8574,-5570,1398,-793,529,-1151,5089,540,-199,-206,392,19390,48,33,79,16,0,0,0,0,0,0,0,-32287,0,0,0,0,0,2876977,0
2777601,7910,-6896,980,-234,-44,-1202,5197,462,-197,-152,264,19390,48,33,79,16,0,0,0,0,0,0,0,-32287,0,0,0,0,0,2876981,0
2777606,8756,-7044,1172,-9,-113,-1143,5288,394,-203,-113,224,19387,57,33,79,16,0,0,0,0,0,0,0,-32287,0,0,0,0,0,2876996,0
2777611,8564,-5860,1788,-206,71,-1106,5360,319,-223,-54,176,19387,57,33,79,16,0,0,0,0,0,0,0,-32286,0,0,0,0,0,2877001,0
2777616,7292,-7192,1866,-1212,26,-759,5419,249,-238,-3,120,19381,57,33,79,16,0,0,0,0,0,0,0,-32287,0,0,0,0,0,2877016,0
2777621,6892,-7912,2000,-1410,-1,-647,5466,205,-247,39,136,19381,57,33,79,16,0,0,0,0,0,0,0,-32287,0,0,0,0,0,2877021,0
2777626,6672,-8736,1962,-1342,60,-523,5500,139,-217,97,104,19381,56,33,79,16,0,0,0,0,0,0,0,-32287,0,0,0,0,0,2877036,0
2777631,6006,-8924,2192,-1129,64,-434,5526,110,-195,143,104,19381,56,33,79,16,0,0,0,0,0,0,0,-32287,0,0,0,0,0,2877041,0
2777636,4928,-8914,2148,-735,-49,-246,5536,32,-185,208,48,19383,61,33,79,16,0,0,0,0,0,0,0,-32287,0,0,0,0,0,2877056,0
2777641,4458,-8672,2092,-625,-122,-199,5532,-27,-183,244,48,19383,61,33,79,16,0,0,0,0,0,0,0,-32287,0,0,0,0,0,2877061,0
2777646,4108,-8506,1824,-489,-205,-132,5528,-22,-180,284,64,19382,65,33,79,16,0,0,0,0,0,0,0,-32287,0,0,0,0,0,2877076,0
2777651,4538,-8188,1624,-278,-351,-161,5523,-21,-135,330,72,19382,65,33,79,16,0,0,0,0,0,0,0,-32287,0,0,0,0,0,2877081,0
2777656,4868,-8166,990,2343,-1049,-805,5511,-61,-90,388,48,19378,67,33,79,16,0,0,0,0,0,0,0,-32287,0,0,0,0,0,2877096,0
2777661,3462,-5836,58,2571,-1932,-887,5496,-62,-59,430,72,19378,67,33,79,16,0,0,0,0,0,0,0,-32287,0,0,0,0,0,2877101,0
2777666,7552,-4352,1944,1938,-1071,-858,5478,-83,-41,479,48,19374,63,33,79,16,0,0,0,0,0,0,0,-32287,0,0,0,0,0,2877116,0
2777671,5422,-3458,1288,1130,-1055,-854,5444,-155,-76,534,24,19374,63,33,79,16,0,0,0,0,0,0,0,-32287,0,0,0,0,0,2877120,0
2777676,5180,-5728,1468,686,-1009,-665,5400,-202,-114,573,-16,19372,66,33,79,16,0,0,0,0,0,0,0,-32287,0,0,0,0,0,2877135,0
2777681,4282,-6272,962,1042,-1461,-716,5341,-264,-144,618,-48,19372,66,33,79,16,0,0,0,0,0,0,0,-32286,0,0,0,0,0,2877140,0
2777686,5792,-6076,538,1504,-1430,-636,5265,-349,-194,649,-72,19377,69,33,79,16,0,0,0,0,0,0,0,-32287,0,0,0,0,0,2877155,0
2777691,5488,-4476,872,1448,-1285,-558,5169,-431,-230,695,-88,19377,69,33,79,16,0,0,0,0,0,0,0,-32286,0,0,0,0,0,2877160,0
2777696,6556,-3848,1048,437,-1062,-386,5051,-530,-257,735,-224,19378,69,33,79,16,0,0,0,0,0,0,0,-32286,0,0,0,0,0,2877175,0
2777701,6474,-4092,1228,231,-1060,-265,4907,-639,-304,743,-320,19378,69,33,79,16,0,0,0,0,0,0,0,-32286,0,0,0,0,0,2877180,0
2777706,6784,-4280,1614,268,-1188,-188,4745,-723,-328,806,-416,19380,58,33,79,16,0,0,0,0,0,0,0,-32287,0,0,0,0,0,2877195,0
2777711,7380,-4144,1710,367,-1283,-80,4564,-803,-335,913,-584,19380,58,33,79,16,0,0,0,0,0,0,0,-32287,0,0,0,0,0,2877200,0
2777716,8236,-2580,1910,45,-1315,55,4368,-859,-314,939,-632,19382,40,33,79,16,0,0,0,0,0,0,0,-32286,0,0,0,0,0,2877215,0
2777721,8640,-2284,1882,-176,-1243,109,4159,-919,-276,996,-760,19382,40,33,79,16,0,0,0,0,0,0,0,-32286,0,0,0,0,0,2877219,0
2777726,8850,-1942,2050,-396,-1196,93,3939,-956,-232,1020,-776,19387,8,33,79,16,0,0,0,0,0,0,0,-32287,0,0,0,0,0,2877234,0
2777731,9358,-2036,2188,-443,-1133,66,3719,-975,-189,1084,-792,19387,8,33,79,16,0,0,0,0,0,0,0,-32287,0,0,0,0,0,2877239,0
2777736,10062,-1388,2884,-501,-812,-88,3496,-977,-127,1117,-720,19393,-10,33,79,16,0,0,0,0,0,0,0,-32287,0,0,0,0,0,2877254,0
2777741,10364,-1644,3458,-507,-499,-160,3279,-951,-65,1169,-656,19393,-10,33,79,16,0,0,0,0,0,0,0,-32287,0,0,0,0,0,2877259,0
2777746,10304,-1760,3798,-531,-200,-236,3070,-913,-3,1205,-536,19394,-14,33,79,16,0,0,0,0,0,0,0,-32287,0,0,0,0,0,2877274,0
2777751,10406,-2104,3678,-443,73,-312,2876,-845,64,1277,-360,19394,-14,33,79,16,0,0,0,0,0,0,0,-32287,0,0,0,0,0,2877279,0
2777756,9878,-2632,3150,-310,427,-424,2695,-787,132,1293,-192,19394,-20,33,79,16,0,0,0,0,0,0,0,-32286,0,0,0,0,0,2877294,0
2777761,9476,-2772,2636,-196,499,-527,2539,-682,199,1371,-64,19394,-20,33,79,16,0,0,0,0,0,0,0,-32286,0,0,0,0,0,2877299,0
2777766,9098,-2942,2022,-41,484,-636,2411,-544,265,1441,88,19393,-12,33,79,16,0,0,0,0,0,0,0,-32287,0,0,0,0,0,2877314,0
2777771,8706,-3048,1476,168,400,-762,2313,-408,344,1546,72,19393,-12,33,79,16,0,0,0,0,0,0,0,-32287,0,0,0,0,0,2877319,0
2777776,7994,-2796,462,370,154,-941,2243,-297,399,1568,144,19392,6,33,79,16,0,0,0,0,0,0,0,-32287,0,0,0,0,0,2877334,0
2777781,7874,-2876,80,470,73,-1023,2199,-185,435,1548,248,19392,6,33,79,16,0,0,0,0,0,0,0,-32287,0,0,0,0,0,2877338,0
2777786,7334,-2600,66,509,-58,-1179,2180,-78,428,1540,472,19389,38,33,79,16,0,0,0,0,0,0,0,-32287,0,0,0,0,0,2877353,0
2777791,7630,-2710,-368,648,-107,-1292,2179,1,392,1538,608,19389,38,33,79,16,0,0,0,0,0,0,0,-32287,0,0,0,0,0,2877358,0
2777796,7106,-2838,-16,448,-144,-1322,2182,13,329,1626,616,19385,69,33,79,16,0,0,0,0,0,0,0,-32287,0,0,0,0,0,2877373,0
2777801,6754,-3266,324,289,-127,-1294,2182,-4,225,1691,608,19385,69,33,79,16,0,0,0,0,0,0,0,-32287,0,0,0,0,0,2877378,0
2777806,6758,-3702,546,343,-40,-1235,2181,-3,116,1718,624,19378,103,33,79,16,0,0,0,0,0,0,0,-32287,0,0,0,0,0,2877393,0
2777811,6514,-3930,884,434,-9,-1189,2180,-6,31,1755,632,19378,103,33,79,16,0,0,0,0,0,0,0,-32287,0,0,0,0,0,2877398,0
2777816,6318,-3852,1210,586,-5,-1075,2182,-5,-6,1795,648,19371,128,33,79,16,0,0,0,0,0,0,0,-32287,0,0,0,0,0,2877413,0
2777821,6358,-3602,1194,643,49,-1036,2183,6,-7,1829,656,19371,128,33,79,16,0,0,0,0,0,0,0,-32287,0,0,0,0,0,2877426,0
2777826,6218,-3334,1330,652,46,-983,2181,-8,2,1857,672,19367,148,33,79,16,0,0,0,0,0,0,0,-32287,0,0,0,0,0,2877432,0
2777831,6246,-3166,1290,668,84,-944,2178,-10,-5,1892,688,19367,148,33,79,16,0,0,0,0,0,0,0,-32287,0,0,0,0,0,2877437,0
2777836,6152,-2754,1234,685,122,-841,2177,-10,-10,1925,688,19367,161,33,79,16,0,0,0,0,0,0,0,-32286,0,0,0,0,0,2877452,0
2777841,6364,-2776,1118,686,141,-766,2175,-16,-5,1958,688,19367,161,33,79,16,0,0,0,0,0,0,0,-32287,0,0,0,0,0,2877457,0
2777846,6392,-2626,1162,673,170,-683,2169,-31,-11,1992,664,19366,160,33,79,16,0,0,0,0,0,0,0,-32287,0,0,0,0,0,2877472,0
2777851,6436,-2518,1074,630,210,-593,2156,-59,-21,2033,616,19366,160,33,79,16,0,0,0,0,0,0,0,-32287,0,0,0,0,0,2877477,0
2777856,6656,-2160,948,521,304,-378,2140,-76,-52,2062,608,19364,154,33,79,16,0,0,0,0,0,0,0,-32287,0,0,0,0,0,2877492,0
2777861,6890,-1900,934,545,342,-331,2123,-66,-58,2060,648,19364,154,33,79,16,0,0,0,0,0,0,0,-32286,0,0,0,0,0,2877497,0
2777866,7042,-1714,884,549,403,-282,2109,-55,-36,2081,656,19364,151,33,79,16,0,0,0,0,0,0,0,-32286,0,0,0,0,0,2877512,0
2777871,6950,-1518,764,452,490,-219,2091,-84,-17,2143,552,19364,151,33,79,16,0,0,0,0,0,0,0,-32286,0,0,0,0,0,2877517,0
2777876,6660,-1454,562,108,701,-51,2066,-115,-20,2176,488,19365,142,33,79,16,0,0,0,0,0,0,0,-32286,0,0,0,0,0,2877532,0
2777881,6460,-1660,602,98,768,15,2035,-137,-41,2173,488,19365,142,33,79,16,0,0,0,0,0,0,0,-32286,0,0,0,0,0,2877536,0
2777886,6152,-1666,620,35,839,92,1997,-163,-78,2190,456,19365,136,33,79,16,0,0,0,0,0,0,0,-32286,0,0,0,0,0,2877551,0
2777891,6034,-1424,576,46,845,96,1961,-163,-81,2214,408,19365,136,33,79,16,0,0,0,0,0,0,0,-32286,0,0,0,0,0,2877556,0
2777896,5780,-1116,524,-13,920,200,1921,-177,-62,2246,400,19368,133,33,79,16,0,0,0,0,0,0,0,-32286,0,0,0,0,0,2877571,0
2777901,5944,-1416,282,-90,996,269,1878,-196,-47,2230,368,19368,133,33,79,16,0,0,0,0,0,0,0,-32285,0,0,0,0,0,2877576,0
2777906,5702,-1034,362,-76,960,227,1838,-165,-29,2239,456,19367,129,33,79,16,0,0,0,0,0,0,0,-32286,0,0,0,0,0,2877591,0
2777911,5784,-1248,240,2,984,237,1811,-119,2,2244,600,19367,129,33,79,16,0,0,0,0,0,0,0,-32287,0,0,0,0,0,2877596,0
2777916,5894,-816,312,228,905,115,1800,-42,69,2204,816,19366,135,33,79,16,0,0,0,0,0,0,0,-32286,0,0,0,0,0,2877611,0
2777921,5864,-764,324,278,884,97,1803,14,149,2239,880,19366,135,33,79,16,0,0,0,0,0,0,0,-32286,0,0,0,0,0,2877616,0
2777926,5744,-758,246,172,898,143,1809,20,183,2294,840,19364,138,33,79,16,0,0,0,0,0,0,0,-32286,0,0,0,0,0,2877630,0
2777931,5644,-886,174,40,904,201,1810,7,144,2314,832,19364,138,33,79,16,0,0,0,0,0,0,0,-32286,0,0,0,0,0,2877635,0
2777936,5490,-1296,280,3,879,305,1809,-6,74,2308,840,19363,154,33,79,16,0,0,0,0,0,0,0,-32286,0,0,0,0,0,2877650,0
2777941,5518,-1262,396,40,819,354,1809,3,5,2311,832,19363,154,33,79,16,0,0,0,0,0,0,0,-32286,0,0,0,0,0,2877655,0
2777946,5628,-1162,496,16,778,388,1810,0,-21,2314,840,19362,161,33,79,16,0,0,0,0,0,0,0,-32286,0,0,0,0,0,2877670,0
2777951,5802,-1054,510,-28,738,431,1809,0,-6,2314,832,19362,161,33,79,16,0,0,0,0,0,0,0,-32286,0,0,0,0,0,2877675,0
2777956,6070,-660,580,-145,670,488,1809,-8,-2,2312,832,19358,158,33,79,16,0,0,0,0,0,0,0,-32286,0,0,0,0,0,2877690,0
2777961,6252,-610,582,-215,638,501,1810,6,1,2307,832,19358,158,33,79,16,0,0,0,0,0,0,0,-32286,0,0,0,0,0,2877695,0
2777966,6346,-624,584,-282,622,508,1811,2,-2,2298,824,19357,157,33,79,16,0,0,0,0,0,0,0,-32286,0,0,0,0,0,2877710,0
2777971,6408,-596,520,-341,597,502,1811,5,4,2289,832,19357,157,33,79,16,0,0,0,0,0,0,0,-32285,0,0,0,0,0,2877715,0
2777976,6510,-586,474,-469,562,491,1813,6,2,2280,824,19357,163,33,79,16,0,0,0,0,0,0,0,-32286,0,0,0,0,0,2877730,0
2777981,6526,-622,474,-525,552,498,1814,6,3,2266,808,19357,163,33,79,16,0,0,0,0,0,0,0,-32286,0,0,0,0,0,2877735,0
2777986,6500,-620,490,-584,544,484,1815,1,3,2254,792,19360,162,33,79,16,0,0,0,0,0,0,0,-32286,0,0,0,0,0,2877749,0
2777991,6484,-702,558,-636,548,484,1817,2,1,2228,784,19360,162,33,79,16,0,0,0,0,0,0,0,-32286,0,0,0,0,0,2877754,0
2777996,6494,-846,686,-683,563,476,1818,7,4,2217,760,19362,159,33,79,16,0,0,0,0,0,0,0,-32286,0,0,0,0,0,2877769,0
2778001,6514,-812,738,-691,556,469,1818,6,-1,2182,752,19362,159,33,79,16,0,0,0,0,0,0,0,-32286,0,0,0,0,0,2877774,0
2778006,6604,-766,812,-679,552,475,1818,0,-8,2158,736,19367,157,33,79,16,0,0,0,0,0,0,0,-32286,0,0,0,0,0,2877789,0
2778011,6706,-720,876,-666,534,466,1818,-1,-5,2129,728,19367,157,33,79,16,0,0,0,0,0,0,0,-32286,0,0,0,0,0,2877794,0
2778016,7074,-502,916,-730,557,465,1820,10,1,2108,704,19371,165,33,79,16,0,0,0,0,0,0,0,-32286,0,0,0,0,0,2877809,0
2778021,7244,-412,944,-777,570,471,1819,2,-4,2074,680,19371,165,33,79,16,0,0,0,0,0,0,0,-32286,0,0,0,0,0,2877814,0
2778026,7482,-418,880,-810,568,471,1819,-1,0,2047,680,19378,170,33,79,16,0,0,0,0,0,0,0,-32286,0,0,0,0,0,2877829,0
2778031,7706,-448,880,-842,565,465,1819,2,1,2005,656,19378,170,33,79,16,0,0,0,0,0,0,0,-32286,0,0,0,0,0,2877834,0
2778036,8044,-436,830,-906,545,436,1819,-1,-6,1968,672,19374,151,33,79,16,0,0,0,0,0,0,0,-32286,0,0,0,0,0,2877849,0
2778041,8230,-396,790,-946,525,416,1819,-4,4,1935,664,19374,151,33,79,16,0,0,0,0,0,0,0,-32286,0,0,0,0,0,2877854,0
2778046,8384,-336,768,-988,498,382,1819,1,0,1893,632,19364,139,33,79,16,0,0,0,0,0,0,0,-32286,0,0,0,0,0,2877868,0
2778051,8508,-250,718,-1055,483,349,1818,-7,-4,1849,624,19364,139,33,79,16,0,0,0,0,0,0,0,-32286,0,0,0,0,0,2877873,0
2778056,8732,-448,682,-1179,452,260,1818,0,-2,1809,616,19353,123,33,79,16,0,0,0,0,0,0,0,-32286,0,0,0,0,0,2877888,0
2778061,8828,-526,716,-1204,425,202,1818,0,0,1768,592,19353,123,33,79,16,0,0,0,0,0,0,0,-32286,0,0,0,0,0,2877893,0
2778066,8926,-602,678,-1249,389,159,1817,0,1,1720,568,19348,122,33,79,16,0,0,0,0,0,0,0,-32287,0,0,0,0,0,2877908,0
2778071,9036,-696,706,-1299,357,100,1816,-1,-3,1682,552,19348,122,33,79,16,0,0,0,0,0,0,0,-32286,0,0,0,0,0,2877913,0
2778076,9160,-1210,798,-1379,286,17,1815,-2,-2,1630,544,19351,125,33,79,16,0,0,0,0,0,0,0,-32286,0,0,0,0,0,2877928,0
2778081,9198,-1346,918,-1380,227,-35,1813,-10,-4,1590,504,19351,125,33,79,16,0,0,0,0,0,0,0,-32286,0,0,0,0,0,2877933,0
2778086,9120,-1556,1100,-1377,180,-80,1811,-11,-7,1544,472,19354,119,33,79,16,0,0,0,0,0,0,0,-32286,0,0,0,0,0,2877948,0
2778091,9164,-1746,1212,-1361,134,-138,1807,-18,-11,1489,456,19354,119,33,79,16,0,0,0,0,0,0,0,-32286,0,0,0,0,0,2877953,0
2778096,9158,-2024,1510,-1307,84,-243,1801,-27,-19,1446,376,19359,110,33,79,16,0,0,0,0,0,0,0,-32287,0,0,0,0,0,2877968,0
2778101,9098,-2152,1634,-1338,118,-262,1787,-68,-34,1417,240,19359,110,33,79,16,0,0,0,0,0,0,0,-32286,0,0,0,0,0,2877973,0
2778106,8862,-2324,1684,-1464,187,-226,1751,-159,-93,1376,128,19360,97,33,79,16,0,0,0,0,0,0,0,-32287,0,0,0,0,0,2877988,0
2778111,8618,-2304,1716,-1567,255,-241,1700,-234,-164,1289,64,19360,97,33,79,16,0,0,0,0,0,0,0,-32287,0,0,0,0,0,2877993,0
2778116,7922,-2968,1710,-1711,413,-74,1625,-342,-241,1190,16,19363,89,33,79,16,0,0,0,0,0,0,0,-32288,0,0,0,0,0,2878008,0
2778121,7622,-3112,1730,-1856,537,47,1519,-485,-319,1102,-104,19363,89,33,79,16,0,0,0,0,0,0,0,-32287,0,0,0,0,0,2878013,0
2778126,7206,-3222,1786,-2005,659,191,1379,-626,-325,1005,-224,19370,60,33,79,16,0,0,0,0,0,0,0,-32287,0,0,0,0,0,2878028,0
2778131,6970,-3010,1864,-2062,780,278,1218,-711,-347,987,-360,19370,60,33,79,16,0,0,0,0,0,0,0,-32286,0,0,0,0,0,2878033,0
2778136,6650,-3200,1826,-1866,918,465,1042,-775,-327,997,-504,19373,48,33,79,16,0,0,0,0,0,0,0,-32287,0,0,0,0,0,2878048,0
2778141,6596,-2890,1738,-1762,941,534,855,-822,-354,926,-568,19373,48,33,79,16,0,0,0,0,0,0,0,-32287,0,0,0,0,0,2878053,0
2778146,6750,-2636,1650,-1679,958,604,662,-847,-222,887,-648,19378,18,33,79,16,0,0,0,0,0,0,0,-32287,0,0,0,0,0,2878068,0
2778151,6792,-2298,1488,-1680,977,679,467,-864,-164,831,-696,19378,18,33,79,16,0,0,0,0,0,0,0,-32286,0,0,0,0,0,2878073,0
2778156,7722,-2598,1408,-1731,894,774,272,-858,-65,778,-688,19377,15,33,79,16,0,0,0,0,0,0,0,-32287,0,0,0,0,0,2878088,0
2778161,8348,-3200,1682,-1780,835,833,75,-854,-60,719,-712,19377,15,33,79,16,0,0,0,0,0,0,0,-32287,0,0,0,0,0,2878092,0
2778166,9120,-3968,2106,-1839,767,875,-121,-863,-22,660,-720,19376,19,33,79,16,0,0,0,0,0,0,0,-32287,0,0,0,0,0,2878107,0
2778171,9964,-4806,2492,-1851,652,939,-312,-839,-2,602,-720,19376,19,33,79,16,0,0,0,0,0,0,0,-32287,0,0,0,0,0,2878112,0
2778176,11506,-6076,2628,-1920,286,1033,-502,-834,27,563,-736,19377,21,33,79,16,0,0,0,0,0,0,0,-32287,0,0,0,0,0,2878127,0
2778181,12270,-6628,2388,-1965,205,1086,-684,-803,38,495,-704,19377,21,33,79,16,0,0,0,0,0,0,0,-32287,0,0,0,0,0,2878132,0
2778186,12622,-6992,2038,-1998,196,1122,-865,-791,49,454,-744,19378,31,33,79,16,0,0,0,0,0,0,0,-32287,0,0,0,0,0,2878147,0
2778191,12602,-7224,1820,-1959,260,1109,-1038,-766,61,381,-664,19378,31,33,79,16,0,0,0,0,0,0,0,-32287,0,0,0,0,0,2878152,0
2778196,11490,-7522,1540,-1567,342,978,-1204,-721,80,333,-672,19378,31,33,79,16,0,0,0,0,0,0,0,-32286,0,0,0,0,0,2878167,0
2778201,10464,-7280,1708,-1283,376,868,-1360,-680,100,288,-600,19378,31,33,79,16,0,0,0,0,0,0,0,-32286,0,0,0,0,0,2878172,0
2778206,9546,-6856,1652,-972,434,699,-1501,-614,116,225,-496,19379,39,33,79,16,0,0,0,0,0,0,0,-32287,0,0,0,0,0,2878187,0
2778211,8648,-6564,1470,-690,515,561,-1632,-564,160,199,-472,19379,39,33,79,16,0,0,0,0,0,0,0,-32287,0,0,0,0,0,2878192,0
2778216,7046,-7014,686,-68,381,244,-1751,-518,179,152,-472,19377,42,33,79,16,0,0,0,0,0,0,0,-32286,0,0,0,0,0,2878207,0
2778221,7240,-6922,1188,267,409,45,-1860,-469,178,92,-408,19377,42,33,79,16,0,0,0,0,0,0,0,-32286,0,0,0,0,0,2878212,0
2778226,6270,-5956,334,140,161,-28,-1960,-433,172,46,-424,19378,52,33,79,16,0,0,0,0,0,0,0,-32286,0,0,0,0,0,2878227,0
2778231,6600,-5976,-472,-120,-48,-71,-2054,-413,147,9,-560,19378,52,33,79,16,0,0,0,0,0,0,0,-32286,0,0,0,0,0,2878232,0
2778236,5716,-6290,-426,-190,-404,-132,-2149,-414,114,-52,-664,19378,61,33,79,16,0,0,0,0,0,0,0,-32287,0,0,0,0,0,2878257,0
2778241,5818,-6230,-350,43,-521,-158,-2245,-425,75,-116,-736,19378,61,33,79,16,0,0,0,0,0,0,0,-32287,0,0,0,0,0,2878260,0
2778246,5684,-5750,-42,309,-683,-207,-2342,-429,23,-164,-840,19379,72,33,79,16,0,0,0,0,0,0,0,-32287,0,0,0,0,0,2878268,0
2778251,5950,-5490,114,495,-732,-209,-2444,-452,-9,-234,-984,19379,72,33,79,16,0,0,0,0,0,0,0,-32287,0,0,0,0,0,2878273,0
2778256,6222,-4732,698,624,-622,-176,-2555,-501,-44,-280,-1192,19378,81,33,79,16,0,0,0,0,0,0,0,-32287,0,0,0,0,0,2878288,0
2778261,6000,-4436,896,238,-185,44,-2681,-554,-88,-360,-1352,19378,81,33,79,16,0,0,0,0,0,0,0,-32287,0,0,0,0,0,2878293,0
2778266,5800,-3898,986,-331,117,191,-2817,-609,-137,-442,-1448,19375,90,33,79,16,0,0,0,0,0,0,0,-32287,0,0,0,0,0,2878308,0
2778271,5878,-4272,812,-762,445,307,-2962,-633,-156,-490,-1544,19375,90,33,79,16,0,0,0,0,0,0,0,-32287,0,0,0,0,0,2878313,0
2778276,6090,-4976,446,-496,656,348,-3111,-662,-154,-536,-1632,19374,99,33,79,16,0,0,0,0,0,0,0,-32286,0,0,0,0,0,2878328,0
2778281,5968,-5174,110,-334,678,438,-3269,-692,-132,-617,-1704,19374,99,33,79,16,0,0,0,0,0,0,0,-32286,0,0,0,0,0,2878333,0
2778286,5584,-5902,-484,-806,817,854,-3423,-680,-95,-689,-1664,19372,109,33,79,16,0,0,0,0,0,0,0,-32287,0,0,0,0,0,2878348,0
2778291,5068,-5644,670,-1862,1461,1310,-3564,-608,-31,-767,-1408,19372,109,33,79,16,0,0,0,0,0,0,0,-32287,0,0,0,0,0,2878353,0
2778296,3974,-7396,2544,-1508,2074,1628,-3671,-457,80,-808,-984,19368,111,33,79,16,0,0,0,0,0,0,0,-32287,0,0,0,0,0,2878368,0
2778301,5288,-8378,600,-498,1147,1471,-3734,-254,261,-862,-632,19368,111,33,79,16,0,0,0,0,0,0,0,-32287,0,0,0,0,0,2878372,0
2778306,6380,-7260,-986,597,579,1370,-3760,-102,437,-965,-384,19369,113,33,79,16,0,0,0,0,0,0,0,-32287,0,0,0,0,0,2878387,0
2778311,6498,-4316,-1752,788,101,1220,-3759,17,529,-1041,-272,19369,113,33,79,16,0,0,0,0,0,0,0,-32286,0,0,0,0,0,2878392,0
2778316,7320,-1630,-2096,-530,-208,1220,-3753,27,502,-1056,-320,19371,112,33,79,16,0,0,0,0,0,0,0,-32286,0,0,0,0,0,2878407,0
2778321,7568,-2026,-1584,-1099,-279,1188,-3752,6,347,-1094,-360,19371,112,33,79,16,0,0,0,0,0,0,0,-32287,0,0,0,0,0,2878412,0
2778326,7806,-2894,-772,-1187,-309,1128,-3752,-2,162,-1145,-432,19375,110,33,79,16,0,0,0,0,0,0,0,-32286,0,0,0,0,0,2878427,0
2778331,7804,-3506,-28,-1032,-271,1065,-3752,-5,31,-1239,-464,19375,110,33,79,16,0,0,0,0,0,0,0,-32286,0,0,0,0,0,2878432,0
2778336,7688,-3516,828,-911,-51,929,-3753,-3,-15,-1300,-496,19376,112,33,79,16,0,0,0,0,0,0,0,-32287,0,0,0,0,0,2878447,0
2778341,7548,-3460,1002,-999,126,873,-3752,0,-14,-1372,-472,19376,112,33,79,16,0,0,0,0,0,0,0,-32286,0,0,0,0,0,2878452,0
2778346,7312,-3532,1136,-1052,265,837,-3749,10,0,-1393,-472,19374,107,33,79,16,0,0,0,0,0,0,0,-32286,0,0,0,0,0,2878467,0
2778351,7046,-3860,1224,-1069,345,785,-3746,22,8,-1398,-424,19374,107,33,79,16,0,0,0,0,0,0,0,-32286,0,0,0,0,0,2878472,0
2778356,6642,-4494,1188,-832,381,667,-3738,44,29,-1398,-384,19371,111,33,79,16,0,0,0,0,0,0,0,-32287,0,0,0,0,0,2878487,0
2778361,6470,-4422,1132,-657,323,614,-3721,77,44,-1425,-256,19371,111,33,79,16,0,0,0,0,0,0,0,-32286,0,0,0,0,0,2878492,0
2778366,6384,-4306,1002,-512,232,532,-3688,140,88,-1422,-200,19371,106,33,79,16,0,0,0,0,0,0,0,-32287,0,0,0,0,0,2878507,0
2778371,6282,-4322,836,-461,198,497,-3648,185,128,-1409,-112,19371,106,33,79,16,0,0,0,0,0,0,0,-32287,0,0,0,0,0,2878512,0
2778376,6292,-4272,542,-278,93,328,-3592,254,165,-1391,-72,19375,94,33,79,16,0,0,0,0,0,0,0,-32287,0,0,0,0,0,2878527,0
2778381,5898,-4236,492,-210,-31,273,-3522,309,188,-1361,-40,19375,94,33,79,16,0,0,0,0,0,0,0,-32287,0,0,0,0,0,2878532,0
2778386,5712,-4218,446,-138,-119,187,-3441,356,196,-1378,-48,19378,77,33,79,16,0,0,0,0,0,0,0,-32287,0,0,0,0,0,2878547,0
2778391,5860,-4502,284,-15,-180,132,-3347,412,204,-1369,0,19378,77,33,79,16,0,0,0,0,0,0,0,-32287,0,0,0,0,0,2878552,0
2778396,5676,-4268,-82,213,-453,1,-3239,482,200,-1354,32,19382,53,33,79,16,0,0,0,0,0,0,0,-32287,0,0,0,0,0,2878567,0
2778401,5410,-4210,-210,347,-635,-62,-3115,555,203,-1321,80,19382,53,33,79,16,0,0,0,0,0,0,0,-32286,0,0,0,0,0,2878572,0
2778406,5448,-4250,-480,448,-792,-96,-2975,614,218,-1330,88,19384,50,33,79,16,0,0,0,0,0,0,0,-32286,0,0,0,0,0,2878587,0
2778411,5336,-4068,-594,515,-981,-127,-2829,646,219,-1356,120,19384,50,33,79,16,0,0,0,0,0,0,0,-32287,0,0,0,0,0,2878592,0
2778416,5396,-3906,-620,548,-1267,-159,-2677,671,194,-1370,136,19389,45,33,79,16,0,0,0,0,0,0,0,-32287,0,0,0,0,0,2878607,0
2778421,5486,-3990,-586,525,-1339,-123,-2522,684,139,-1375,136,19389,45,33,79,16,0,0,0,0,0,0,0,-32287,0,0,0,0,0,2878612,0
2778426,5548,-4006,-366,524,-1445,-88,-2367,680,81,-1393,136,19393,26,33,79,16,0,0,0,0,0,0,0,-32286,0,0,0,0,0,2878626,0
2778431,5604,-3896,-128,551,-1503,-97,-2214,685,43,-1390,168,19393,26,33,79,16,0,0,0,0,0,0,0,-32286,0,0,0,0,0,2878631,0
2778436,5868,-3884,174,687,-1556,-19,-2062,668,13,-1387,120,19393,7,33,79,16,0,0,0,0,0,0,0,-32287,0,0,0,0,0,2878646,0
2778441,6142,-3752,334,687,-1555,6,-1912,653,-10,-1389,112,19393,7,33,79,16,0,0,0,0,0,0,0,-32287,0,0,0,0,0,2878651,0
2778446,6424,-3664,498,658,-1483,40,-1766,642,-22,-1389,96,19393,6,33,79,16,0,0,0,0,0,0,0,-32288,0,0,0,0,0,2878666,0
2778451,6474,-3690,720,641,-1402,84,-1626,603,-38,-1401,64,19393,6,33,79,16,0,0,0,0,0,0,0,-32286,0,0,0,0,0,2878671,0
2778456,6844,-3850,860,638,-1220,147,-1493,578,-65,-1406,64,19390,16,33,79,16,0,0,0,0,0,0,0,-32286,0,0,0,0,0,2878686,0
2778461,6994,-3908,830,700,-1135,178,-1365,563,-84,-1414,56,19390,16,33,79,16,0,0,0,0,0,0,0,-32287,0,0,0,0,0,2878691,0
2778466,7070,-3856,870,766,-1080,212,-1241,538,-84,-1389,0,19390,23,33,79,16,0,0,0,0,0,0,0,-32287,0,0,0,0,0,2878706,0
2778471,7078,-3992,698,744,-993,254,-1125,505,-83,-1405,8,19390,23,33,79,16,0,0,0,0,0,0,0,-32288,0,0,0,0,0,2878711,0
2778476,7356,-3820,598,752,-828,320,-1018,466,-89,-1423,-8,19390,32,33,79,16,0,0,0,0,0,0,0,-32287,0,0,0,0,0,2878726,0
2778481,7412,-3838,622,807,-791,322,-911,463,-90,-1400,8,19390,32,33,79,16,0,0,0,0,0,0,0,-32287,0,0,0,0,0,2878731,0
2778486,7454,-3850,496,875,-745,320,-808,452,-88,-1395,0,19389,36,33,79,16,0,0,0,0,0,0,0,-32286,0,0,0,0,0,2878746,0
2778491,7506,-3848,438,873,-674,366,-713,413,-75,-1403,-24,19389,36,33,79,16,0,0,0,0,0,0,0,-32286,0,0,0,0,0,2878751,0
2778496,7484,-3676,462,796,-506,420,-627,374,-81,-1399,-56,19387,36,33,79,16,0,0,0,0,0,0,0,-32286,0,0,0,0,0,2878766,0
2778501,7458,-3620,604,769,-421,431,-548,353,-93,-1403,-40,19387,36,33,79,16,0,0,0,0,0,0,0,-32287,0,0,0,0,0,2878771,0
2778506,7440,-3764,584,789,-341,450,-472,338,-102,-1389,-48,19384,49,33,79,16,0,0,0,0,0,0,0,-32287,0,0,0,0,0,2878786,0
2778511,7320,-3730,638,856,-270,436,-399,322,-97,-1388,-56,19384,49,33,79,16,0,0,0,0,0,0,0,-32287,0,0,0,0,0,2878791,0
2778516,7244,-3886,566,868,-155,479,-333,292,-75,-1381,-96,19386,51,33,79,16,0,0,0,0,0,0,0,-32287,0,0,0,0,0,2878806,0
2778521,7158,-3828,538,814,-120,497,-276,243,-79,-1397,-104,19386,51,33,79,16,0,0,0,0,0,0,0,-32287,0,0,0,0,0,2878811,0
2778526,7066,-3588,510,818,-87,485,-220,238,-87,-1391,-128,19385,63,33,79,16,0,0,0,0,0,0,0,-32287,0,0,0,0,0,2878826,0
2778531,6978,-3758,396,807,-42,489,-168,228,-84,-1383,-128,19385,63,33,79,16,0,0,0,0,0,0,0,-32287,0,0,0,0,0,2878831,0
2778536,6682,-3462,194,933,-124,441,-115,227,-68,-1398,-104,19384,67,33,79,16,0,0,0,0,0,0,0,-32286,0,0,0,0,0,2878846,0
2778541,6832,-3496,-46,996,-137,422,-57,254,-33,-1389,-88,19384,67,33,79,16,0,0,0,0,0,0,0,-32286,0,0,0,0,0,2878851,0
2778546,6532,-3412,-172,1032,-251,390,6,282,15,-1388,-56,19377,72,33,79,16,0,0,0,0,0,0,0,-32286,0,0,0,0,0,2878866,0
2778551,6482,-3022,-342,1084,-369,327,75,319,55,-1376,-64,19377,72,33,79,16,0,0,0,0,0,0,0,-32286,0,0,0,0,0,2878871,0
2778556,6262,-2870,-644,1023,-573,281,148,315,76,-1383,-56,19375,76,33,79,16,0,0,0,0,0,0,0,-32286,0,0,0,0,0,2878886,0
2778561,6594,-2942,-762,1016,-668,245,224,336,72,-1390,-40,19375,76,33,79,16,0,0,0,0,0,0,0,-32287,0,0,0,0,0,2878890,0
2778566,6430,-3006,-630,998,-745,244,301,338,62,-1382,-48,19377,72,33,79,16,0,0,0,0,0,0,0,-32287,0,0,0,0,0,2878905,0
2778571,6478,-3000,-550,1009,-862,208,384,365,50,-1380,-40,19377,72,33,79,16,0,0,0,0,0,0,0,-32287,0,0,0,0,0,2878910,0
2778576,6836,-3058,-256,1150,-1018,155,475,407,51,-1380,-8,19382,64,33,79,16,0,0,0,0,0,0,0,-32287,0,0,0,0,0,2878925,0
2778581,6926,-3174,-228,1189,-1099,138,572,437,82,-1373,-8,19382,64,33,79,16,0,0,0,0,0,0,0,-32287,0,0,0,0,0,2878930,0
2778586,7124,-3166,-116,1200,-1104,146,671,438,82,-1380,-8,19385,59,33,79,16,0,0,0,0,0,0,0,-32286,0,0,0,0,0,2878945,0
2778591,7332,-3064,50,1208,-1082,155,767,428,75,-1385,-16,19385,59,33,79,16,0,0,0,0,0,0,0,-32286,0,0,0,0,0,2878950,0
2778596,7848,-2972,404,1217,-934,140,867,432,42,-1394,-8,19385,43,33,79,16,0,0,0,0,0,0,0,-32286,0,0,0,0,0,2878965,0
2778601,7886,-2944,594,1313,-831,142,968,449,14,-1386,16,19385,43,33,79,16,0,0,0,0,0,0,0,-32286,0,0,0,0,0,2878970,0
2778606,8120,-3034,716,1420,-737,152,1074,460,21,-1375,0,19385,38,33,79,16,0,0,0,0,0,0,0,-32287,0,0,0,0,0,2878985,0
2778611,8192,-2622,754,1449,-622,141,1176,452,16,-1394,8,19385,38,33,79,16,0,0,0,0,0,0,0,-32287,0,0,0,0,0,2878990,0
2778616,8474,-2158,806,1360,-313,157,1275,440,20,-1396,64,19388,43,33,79,16,0,0,0,0,0,0,0,-32287,0,0,0,0,0,2879005,0
2778621,8488,-2140,806,1311,-159,151,1380,460,5,-1393,24,19388,43,33,79,16,0,0,0,0,0,0,0,-32287,0,0,0,0,0,2879010,0
2778626,8450,-2158,714,1353,-95,126,1488,474,6,-1376,16,19390,40,33,79,16,0,0,0,0,0,0,0,-32287,0,0,0,0,0,2879025,0
2778631,8290,-2162,510,1342,-21,142,1594,473,20,-1386,40,19390,40,33,79,16,0,0,0,0,0,0,0,-32286,0,0,0,0,0,2879030,0
2778636,8214,-1876,88,1234,120,96,1702,467,24,-1388,16,19391,39,33,79,16,0,0,0,0,0,0,0,-32286,0,0,0,0,0,2879045,0
2778641,8036,-1884,94,1206,117,64,1815,501,25,-1386,64,19391,39,33,79,16,0,0,0,0,0,0,0,-32286,0,0,0,0,0,2879050,0
2778646,7978,-2046,-148,1217,108,22,1934,528,35,-1360,48,19390,27,33,79,16,0,0,0,0,0,0,0,-32287,0,0,0,0,0,2879065,0
2778651,7816,-2232,-228,1191,86,30,2053,529,50,-1378,56,19390,27,33,79,16,0,0,0,0,0,0,0,-32287,0,0,0,0,0,2879070,0
2778656,7734,-2264,-304,1084,46,12,2172,517,51,-1394,48,19390,27,33,79,16,0,0,0,0,0,0,0,-32286,0,0,0,0,0,2879085,0
2778661,7696,-2384,-178,1041,35,-10,2292,527,34,-1389,48,19390,27,33,79,16,0,0,0,0,0,0,0,-32286,0,0,0,0,0,2879090,0
2778666,7680,-2584,-126,1048,5,-13,2415,540,17,-1374,80,19390,33,33,79,16,0,0,0,0,0,0,0,-32286,0,0,0,0,0,2879105,0
2778671,7582,-2768,20,1065,-22,-47,2541,553,18,-1380,64,19390,33,33,79,16,0,0,0,0,0,0,0,-32286,0,0,0,0,0,2879110,0
2778676,7590,-2768,154,1194,-79,-115,2671,578,34,-1375,96,19391,37,33,79,16,0,0,0,0,0,0,0,-32287,0,0,0,0,0,2879125,0
2778681,7688,-2786,242,1225,-88,-159,2811,616,63,-1363,80,19391,37,33,79,16,0,0,0,0,0,0,0,-32288,0,0,0,0,0,2879130,0
2778686,7706,-2896,278,1207,-88,-170,2955,633,76,-1361,112,19388,24,33,79,16,0,0,0,0,0,0,0,-32287,0,0,0,0,0,2879145,0
2778691,7740,-2960,390,1190,-95,-189,3102,647,86,-1378,128,19388,24,33,79,16,0,0,0,0,0,0,0,-32286,0,0,0,0,0,2879150,0
2778696,7810,-3108,500,1293,-84,-259,3254,669,84,-1378,120,19387,17,33,79,16,0,0,0,0,0,0,0,-32286,0,0,0,0,0,2879165,0
2778701,7690,-3232,486,1305,-82,-260,3408,674,66,-1373,120,19387,17,33,79,16,0,0,0,0,0,0,0,-32287,0,0,0,0,0,2879170,0
2778706,7712,-3160,474,1276,-66,-256,3553,645,32,-1390,104,19387,20,33,79,16,0,0,0,0,0,0,0,-32287,0,0,0,0,0,2879185,0
2778711,7838,-2990,500,1247,-19,-273,3701,648,2,-1396,96,19387,20,33,79,16,0,0,0,0,0,0,0,-32288,0,0,0,0,0,2879190,0
2778716,7714,-3072,512,1253,-8,-262,3843,633,-25,-1390,96,19390,32,33,79,16,0,0,0,0,0,0,0,-32287,0,0,0,0,0,2879205,0
2778721,7902,-3158,430,1302,-9,-267,3982,608,-39,-1395,56,19390,32,33,79,16,0,0,0,0,0,0,0,-32286,0,0,0,0,0,2879209,0
2778726,7964,-2866,480,1355,2,-283,4123,624,-42,-1389,96,19390,38,33,79,16,0,0,0,0,0,0,0,-32287,0,0,0,0,0,2879224,0
2778731,8184,-2626,452,1380,20,-278,4261,608,-28,-1380,80,19390,38,33,79,16,0,0,0,0,0,0,0,-32287,0,0,0,0,0,2879229,0
2778736,8136,-2368,228,1254,26,-265,4395,582,-23,-1396,32,19390,19,33,79,16,0,0,0,0,0,0,0,-32287,0,0,0,0,0,2879244,0
2778741,8348,-2036,162,1266,62,-270,4529,577,-33,-1400,40,19390,19,33,79,16,0,0,0,0,0,0,0,-32286,0,0,0,0,0,2879249,0
2778746,8302,-1966,142,1235,98,-269,4661,574,-26,-1391,8,19390,19,33,79,16,0,0,0,0,0,0,0,-32286,0,0,0,0,0,2879264,0
2778751,8278,-1958,156,1132,121,-237,4785,539,-39,-1405,16,19390,19,33,79,16,0,0,0,0,0,0,0,-32286,0,0,0,0,0,2879269,0
2778756,8440,-1618,226,995,257,-221,4901,507,-61,-1431,16,19388,22,33,79,16,0,0,0,0,0,0,0,-32287,0,0,0,0,0,2879284,0
2778761,8378,-1674,96,945,288,-225,5012,486,-77,-1416,48,19388,22,33,79,16,0,0,0,0,0,0,0,-32287,0,0,0,0,0,2879289,0
2778766,8442,-1782,-40,943,262,-233,5125,492,-75,-1387,32,19388,35,33,79,16,0,0,0,0,0,0,0,-32287,0,0,0,0,0,2879304,0
2778771,8538,-1968,-84,951,234,-239,5236,492,-62,-1387,40,19388,35,33,79,16,0,0,0,0,0,0,0,-32287,0,0,0,0,0,2879309,0
2778776,8966,-2362,-262,966,188,-324,5347,493,-26,-1385,24,19387,48,33,79,16,0,0,0,0,0,0,0,-32287,0,0,0,0,0,2879324,0
2778781,9110,-2684,-224,1014,148,-383,5462,508,-3,-1384,56,19387,48,33,79,16,0,0,0,0,0,0,0,-32286,0,0,0,0,0,2879329,0
2778786,9176,-2798,-248,1071,79,-444,5584,535,22,-1359,40,19388,42,33,79,16,0,0,0,0,0,0,0,-32286,0,0,0,0,0,2879344,0
2778791,9206,-3190,-352,1080,-43,-496,5706,536,43,-1375,32,19388,42,33,79,16,0,0,0,0,0,0,0,-32286,0,0,0,0,0,2879347,0
2778796,9430,-3580,-254,1079,-257,-585,5828,528,46,-1381,16,19387,40,33,79,16,0,0,0,0,0,0,0,-32287,0,0,0,0,0,2879362,0
2778801,9522,-3650,-74,1059,-363,-631,5947,531,27,-1393,32,19387,40,33,79,16,0,0,0,0,0,0,0,-32287,0,0,0,0,0,2879367,0
2778806,9460,-3892,24,1043,-478,-624,6060,485,-9,-1396,-48,19385,31,33,79,16,0,0,0,0,0,0,0,-32287,0,0,0,0,0,2879382,0
2778811,9348,-3794,332,962,-552,-627,6158,420,-62,-1424,-8,19385,31,33,79,16,0,0,0,0,0,0,0,-32286,0,0,0,0,0,2879387,0
2778816,9398,-3464,740,776,-612,-595,6239,346,-121,-1429,-32,19386,38,33,79,16,0,0,0,0,0,0,0,-32286,0,0,0,0,0,2879402,0
2778821,9514,-3344,986,759,-604,-571,6308,290,-183,-1412,-104,19386,38,33,79,16,0,0,0,0,0,0,0,-32286,0,0,0,0,0,2879407,0
2778826,9272,-3184,1152,729,-599,-538,6364,243,-217,-1403,-104,19386,51,33,79,16,0,0,0,0,0,0,0,-32286,0,0,0,0,0,2879422,0
2778831,9140,-2736,1274,730,-637,-540,6408,183,-208,-1394,-208,19386,51,33,79,16,0,0,0,0,0,0,0,-32286,0,0,0,0,0,2879427,0
2778836,9012,-2242,1388,505,-551,-489,6437,116,-201,-1363,-344,19384,66,33,79,16,0,0,0,0,0,0,0,-32286,0,0,0,0,0,2879442,0
2778841,8832,-1966,1462,229,-455,-485,6440,3,-226,-1315,-560,19384,66,33,79,16,0,0,0,0,0,0,0,-32286,0,0,0,0,0,2879447,0
2778846,9060,-1682,1536,36,-378,-569,6431,-36,-255,-1345,-592,19378,90,33,79,16,0,0,0,0,0,0,0,-32286,0,0,0,0,0,2879462,0
2778851,9198,-2078,1550,-4,-273,-643,6424,-25,-237,-1391,-568,19378,90,33,79,16,0,0,0,0,0,0,0,-32286,0,0,0,0,0,2879467,0
2778856,9198,-2868,1404,258,-314,-843,6422,-5,-159,-1399,-536,19373,110,33,79,16,0,0,0,0,0,0,0,-32287,0,0,0,0,0,2879482,0
2778861,9250,-3280,1110,349,-340,-881,6419,-13,-61,-1448,-616,19373,110,33,79,16,0,0,0,0,0,0,0,-32287,0,0,0,0,0,2879487,0
2778866,9042,-3320,936,313,-380,-908,6409,-51,-5,-1543,-760,19369,117,33,79,16,0,0,0,0,0,0,0,-32287,0,0,0,0,0,2879502,0
2778871,9060,-3514,714,193,-397,-927,6386,-110,-32,-1644,-936,19369,117,33,79,16,0,0,0,0,0,0,0,-32286,0,0,0,0,0,2879507,0
2778876,8526,-4376,628,-215,-413,-840,6339,-221,-116,-1727,-1248,19369,122,33,79,16,0,0,0,0,0,0,0,-32286,0,0,0,0,0,2879522,0
2778881,8368,-5058,816,-420,-409,-741,6261,-367,-225,-1810,-1696,19369,122,33,79,16,0,0,0,0,0,0,0,-32286,0,0,0,0,0,2879527,0
2778886,7828,-5472,1138,-696,-331,-617,6140,-564,-358,-1931,-2320,19363,151,33,79,16,0,0,0,0,0,0,0,-32286,0,0,0,0,0,2879542,0
2778891,7294,-6068,1478,-989,-246,-439,5962,-812,-506,-2074,-2904,19363,151,33,79,16,0,0,0,0,0,0,0,-32286,0,0,0,0,0,2879547,0
2778896,6214,-7132,2326,-1656,215,-28,5720,-1086,-671,-2210,-3504,19347,231,33,79,16,0,0,0,0,0,0,0,-32288,0,0,0,0,0,2879562,0
2778901,5580,-8180,2704,-1905,553,237,5417,-1359,-814,-2338,-4160,19347,231,33,79,16,0,0,0,0,0,0,0,-32286,0,0,0,0,0,2879567,0
2778906,4722,-8342,3080,-2039,873,448,5055,-1612,-895,-2443,-4672,19322,363,33,79,16,0,0,0,0,0,0,0,-32287,0,0,0,0,0,2879582,0
2778911,4436,-9282,3262,-1996,1200,677,4638,-1854,-921,-2534,-5176,19322,363,33,79,16,0,0,0,0,0,0,0,-32286,0,0,0,0,0,2879586,0
2778916,3104,-10240,3006,-1725,1653,1057,4174,-2058,-886,-2651,-5616,19288,534,33,79,16,0,0,0,0,0,0,0,-32287,0,0,0,0,0,2879601,0
2778921,2468,-9902,3326,-1547,1808,1209,3668,-2234,-822,-2769,-6016,19288,534,33,79,16,0,0,0,0,0,0,0,-32285,0,0,0,0,0,2879606,0
2778926,2260,-9764,3368,-1342,1973,1300,3138,-2349,-712,-2829,-6200,19253,713,33,79,16,0,0,0,0,0,0,0,-32287,0,0,0,0,0,2879621,0
2778931,2120,-10120,2850,-1127,2080,1502,2590,-2419,-576,-2895,-6400,19253,713,33,79,16,0,0,0,0,0,0,0,-32288,0,0,0,0,0,2879626,0
2778936,2324,-9206,1622,-550,2147,1607,2035,-2449,-424,-2958,-6568,19220,874,33,79,16,0,0,0,0,0,0,0,-32285,0,0,0,0,0,2879641,0
2778941,2406,-9210,1430,-244,2198,1739,1468,-2496,-289,-3083,-6600,19220,874,33,79,16,0,0,0,0,0,0,0,-32286,0,0,0,0,0,2879646,0
2778946,2244,-8188,1442,19,1956,1705,891,-2546,-205,-3128,-6784,19191,1007,33,79,16,0,0,0,0,0,0,0,-32288,0,0,0,0,0,2879661,0
2778951,3114,-8032,804,256,1858,1711,301,-2599,-168,-3269,-6792,19191,1007,33,79,16,0,0,0,0,0,0,0,-32287,0,0,0,0,0,2879666,0
2778956,4114,-6958,320,496,1507,1730,-294,-2628,-154,-3291,-6848,19165,1119,33,79,16,0,0,0,0,0,0,0,-32285,0,0,0,0,0,2879681,0
2778961,5168,-6786,204,681,1346,1731,-884,-2595,-133,-3390,-6672,19165,1119,33,79,16,0,0,0,0,0,0,0,-32286,0,0,0,0,0,2879686,0
2778966,5292,-5996,366,797,1069,1681,-1462,-2534,-52,-3375,-6744,19143,1204,33,79,16,0,0,0,0,0,0,0,-32288,0,0,0,0,0,2879701,0
2778971,6554,-5656,232,916,825,1623,-2025,-2467,55,-3478,-6488,19143,1204,33,79,16,0,0,0,0,0,0,0,-32287,0,0,0,0,0,2879706,0
2778976,8264,-3914,94,875,364,1412,-2572,-2399,148,-3506,-6488,19133,1254,33,79,16,0,0,0,0,0,0,0,-32285,0,0,0,0,0,2879721,0
2778981,9234,-3520,334,781,162,1317,-3102,-2332,206,-3561,-6168,19133,1254,33,79,16,0,0,0,0,0,0,0,-32287,0,0,0,0,0,2879726,0
2778986,9832,-2736,786,708,-62,1159,-3618,-2260,233,-3607,-6024,19128,1265,33,79,16,0,0,0,0,0,0,0,-32287,0,0,0,0,0,2879741,0
2778991,10532,-2146,854,583,-218,1025,-4111,-2163,252,-3660,-5920,19128,1265,33,79,16,0,0,0,0,0,0,0,-32285,0,0,0,0,0,2879746,0
2778996,11334,-1236,1394,320,-413,723,-4577,-2037,281,-3661,-5640,19130,1246,33,79,16,0,0,0,0,0,0,0,-32288,0,0,0,0,0,2879761,0
2779001,11528,-714,1634,180,-461,545,-5012,-1897,338,-3656,-5336,19130,1246,33,79,16,0,0,0,0,0,0,0,-32286,0,0,0,0,0,2879766,0
2779006,11612,-574,2144,56,-452,405,-5416,-1765,400,-3651,-5024,19142,1194,33,79,16,0,0,0,0,0,0,0,-32287,0,0,0,0,0,2879781,0
2779011,11344,-522,2814,-111,-415,274,-5790,-1629,446,-3680,-4840,19142,1194,33,79,16,0,0,0,0,0,0,0,-32286,0,0,0,0,0,2879786,0
2779016,10746,-164,3158,-235,-235,-22,-6136,-1510,462,-3665,-4608,19163,1109,33,79,16,0,0,0,0,0,0,0,-32287,0,0,0,0,0,2879801,0
2779021,10704,-660,3200,-314,-67,-133,-6396,-1433,449,-3681,-4408,19163,1109,33,79,16,0,0,0,0,0,0,0,-32285,0,0,0,0,0,2879806,0
2779026,10482,-1054,3466,-350,68,-177,-6703,-1352,410,-3664,-4168,19181,1018,33,79,16,0,0,0,0,0,0,0,-32289,0,0,0,0,0,2879821,0
2779031,9764,-954,3694,-441,265,-280,-6998,-1291,351,-3715,-4072,19181,1018,33,79,16,0,0,0,0,0,0,0,-32285,0,0,0,0,0,2879826,0
2779036,9224,-1940,3802,-511,670,-316,-7283,-1250,271,-3684,-4024,19200,929,33,79,16,0,0,0,0,0,0,0,-32286,0,0,0,0,0,2879841,0
2779041,8916,-2080,3600,-566,898,-368,-7562,-1228,203,-3646,-4024,19200,929,33,79,16,0,0,0,0,0,0,0,-32288,0,0,0,0,0,2879846,0
2779046,8808,-2942,3558,-554,1141,-323,-7840,-1218,134,-3620,-3904,19216,873,33,79,16,0,0,0,0,0,0,0,-32285,0,0,0,0,0,2879861,0
2779051,8048,-2926,3602,-584,1297,-326,-8116,-1217,82,-3597,-3888,19216,873,33,79,16,0,0,0,0,0,0,0,-32287,0,0,0,0,0,2879866,0
2779056,7570,-3690,3278,-524,1648,-259,-8396,-1234,29,-3580,-3944,19227,838,33,79,16,0,0,0,0,0,0,0,-32287,0,0,0,0,0,2879881,0
2779061,7484,-4388,2944,-433,1882,-189,-8680,-1252,-11,-3552,-3944,19227,838,33,79,16,0,0,0,0,0,0,0,-32285,0,0,0,0,0,2879886,0
2779066,7198,-4236,2704,-379,1930,-157,-8964,-1253,-29,-3536,-3952,19234,814,33,79,16,0,0,0,0,0,0,0,-32288,0,0,0,0,0,2879901,0
2779071,7014,-4238,2602,-410,2144,-95,-9253,-1268,-44,-3488,-4080,19234,814,33,79,16,0,0,0,0,0,0,0,-32286,0,0,0,0,0,2879906,0
2779076,6356,-4442,2030,-422,2260,7,-9547,-1285,-46,-3426,-4080,19235,792,33,79,16,0,0,0,0,0,0,0,-32286,0,0,0,0,0,2879920,0
2779081,6516,-4900,1542,-368,2280,70,-9839,-1287,-46,-3386,-3976,19235,792,33,79,16,0,0,0,0,0,0,0,-32288,0,0,0,0,0,2879925,0
2779086,6182,-4768,1566,-265,2233,108,-10129,-1283,-26,-3374,-3976,19238,780,33,79,16,0,0,0,0,0,0,0,-32286,0,0,0,0,0,2879940,0
2779091,6012,-4432,1374,-260,2202,133,-10421,-1279,-11,-3334,-4040,19238,780,33,79,16,0,0,0,0,0,0,0,-32287,0,0,0,0,0,2879945,0
2779096,5630,-3942,998,-308,2074,198,-10713,-1286,-7,-3255,-4000,19238,770,33,79,16,0,0,0,0,0,0,0,-32288,0,0,0,0,0,2879960,0
2779101,5784,-4194,662,-342,2014,239,-11000,-1269,9,-3215,-3816,19238,770,33,79,16,0,0,0,0,0,0,0,-32285,0,0,0,0,0,2879965,0
2779106,5712,-3930,674,-305,1780,229,-11281,-1238,28,-3170,-3744,19242,750,33,79,16,0,0,0,0,0,0,0,-32288,0,0,0,0,0,2879980,0
2779111,5672,-4086,628,-332,1730,261,-11558,-1214,50,-3123,-3728,19242,750,33,79,16,0,0,0,0,0,0,0,-32287,0,0,0,0,0,2879985,0
2779116,5654,-3380,534,-433,1454,260,-11832,-1203,67,-3069,-3640,19246,732,33,79,16,0,0,0,0,0,0,0,-32286,0,0,0,0,0,2880000,0
2779121,5834,-3570,814,-464,1296,271,-12094,-1138,88,-3013,-3432,19246,732,33,79,16,0,0,0,0,0,0,0,-32287,0,0,0,0,0,2880005,0
2779126,5848,-3270,848,-477,1149,254,-12342,-1078,229,-2929,-3256,19257,684,33,79,16,0,0,0,0,0,0,0,-32288,0,0,0,0,0,2880020,0
2779131,6148,-3318,812,-490,961,224,-12571,-1013,267,-2858,-3064,19257,684,33,79,16,0,0,0,0,0,0,0,-32285,0,0,0,0,0,2880025,0
2779136,6192,-2928,830,-599,665,192,-12785,-928,309,-2809,-2968,19268,617,33,79,16,0,0,0,0,0,0,0,-32287,0,0,0,0,0,2880040,0
2779141,6300,-2744,900,-622,566,159,-12981,-854,180,-2749,-2680,19268,617,33,79,16,0,0,0,0,0,0,0,-32288,0,0,0,0,0,2880045,0
2779146,6400,-2610,1062,-638,437,120,-13157,-769,193,-2659,-2560,19283,557,33,79,16,0,0,0,0,0,0,0,-32287,0,0,0,0,0,2880060,0
2779151,6362,-2530,1214,-670,364,92,-13315,-685,275,-2634,-2296,19283,557,33,79,16,0,0,0,0,0,0,0,-32285,0,0,0,0,0,2880065,0
2779156,6664,-2266,1200,-625,143,-18,-13442,-557,304,-2545,-2056,19298,482,33,79,16,0,0,0,0,0,0,0,-32287,0,0,0,0,0,2880080,0
2779161,6390,-2132,1220,-665,11,-78,-13549,-453,332,-2437,-1776,19298,482,33,79,16,0,0,0,0,0,0,0,-32287,0,0,0,0,0,2880085,0
2779166,6684,-2164,1186,-699,-64,-112,-13636,-375,352,-2391,-1536,19314,413,33,79,16,0,0,0,0,0,0,0,-32288,0,0,0,0,0,2880100,0
2779171,6512,-2076,1322,-716,-124,-160,-13701,-276,343,-2369,-1320,19314,413,33,79,16,0,0,0,0,0,0,0,-32287,0,0,0,0,0,2880105,0
2779176,6566,-2020,1292,-667,-298,-251,-13746,-181,337,-2259,-1112,19329,318,33,79,16,0,0,0,0,0,0,0,-32288,0,0,0,0,0,2880120,0
2779181,6574,-1990,1234,-688,-414,-298,-13767,-84,330,-2221,-880,19329,318,33,79,16,0,0,0,0,0,0,0,-32287,0,0,0,0,0,2880125,0
2779186,6608,-2026,1194,-734,-401,-282,-13776,-25,309,-2141,-728,19341,239,33,79,16,0,0,0,0,0,0,0,-32287,0,0,0,0,0,2880140,0
2779191,6418,-2026,1372,-815,-410,-273,-13774,4,290,-2041,-680,19341,239,33,79,16,0,0,0,0,0,0,0,-32288,0,0,0,0,0,2880145,0
2779196,6294,-2290,1708,-961,-209,-185,-13773,0,212,-1935,-680,19351,183,33,79,16,0,0,0,0,0,0,0,-32287,0,0,0,0,0,2880160,0
2779201,6374,-2422,1944,-980,-48,-135,-13771,8,127,-1867,-632,19351,183,33,79,16,0,0,0,0,0,0,0,-32287,0,0,0,0,0,2880165,0
2779206,6356,-2412,2138,-978,117,-107,-13768,15,54,-1796,-584,19359,148,33,79,16,0,0,0,0,0,0,0,-32287,0,0,0,0,0,2880179,0
2779211,6436,-2362,2226,-979,279,-76,-13760,37,27,-1733,-488,19359,148,33,79,16,0,0,0,0,0,0,0,-32287,0,0,0,0,0,2880184,0
2779216,6610,-2080,2106,-968,558,-88,-13744,77,40,-1661,-368,19364,136,33,79,16,0,0,0,0,0,0,0,-32287,0,0,0,0,0,2880199,0
2779221,6540,-2044,2040,-983,683,-78,-13720,106,73,-1590,-288,19364,136,33,79,16,0,0,0,0,0,0,0,-32287,0,0,0,0,0,2880204,0
2779226,6486,-1926,1940,-1049,817,-64,-13694,117,91,-1494,-216,19368,119,33,79,16,0,0,0,0,0,0,0,-32287,0,0,0,0,0,2880219,0
2779231,6582,-1664,1866,-1047,904,-130,-13653,186,106,-1433,-120,19368,119,33,79,16,0,0,0,0,0,0,0,-32287,0,0,0,0,0,2880224,0
2779236,6394,-1308,1358,-1003,940,-236,-13597,256,134,-1325,-80,19371,92,33,79,16,0,0,0,0,0,0,0,-32287,0,0,0,0,0,2880250,0
2779241,6536,-1310,1024,-1017,944,-302,-13525,324,167,-1234,-32,19371,92,33,79,16,0,0,0,0,0,0,0,-32287,0,0,0,0,0,2880252,0
2779246,6526,-1130,862,-1000,868,-398,-13434,415,218,-1158,24,19375,67,33,79,16,0,0,0,0,0,0,0,-32287,0,0,0,0,0,2880261,0
2779251,6434,-1044,540,-989,785,-465,-13318,515,267,-1052,120,19375,67,33,79,16,0,0,0,0,0,0,0,-32286,0,0,0,0,0,2880266,0
2779256,6370,-712,-22,-971,368,-701,-13175,655,307,-961,312,19382,56,33,79,16,0,0,0,0,0,0,0,-32287,0,0,0,0,0,2880281,0
2779261,6354,-692,-324,-980,138,-769,-13003,764,363,-933,536,19382,56,33,79,16,0,0,0,0,0,0,0,-32287,0,0,0,0,0,2880286,0
2779266,6192,-552,-496,-1053,-96,-862,-12809,860,394,-897,776,19387,34,33,79,16,0,0,0,0,0,0,0,-32287,0,0,0,0,0,2880301,0
2779271,6304,-582,-580,-1114,-304,-938,-12593,961,393,-818,1008,19387,34,33,79,16,0,0,0,0,0,0,0,-32287,0,0,0,0,0,2880306,0
2779276,5970,-634,-258,-1246,-652,-1015,-12358,1038,369,-757,1176,19392,18,33,79,16,0,0,0,0,0,0,0,-32287,0,0,0,0,0,2880321,0
2779281,6158,-1024,-148,-1250,-831,-1047,-12106,1119,322,-690,1352,19392,18,33,79,16,0,0,0,0,0,0,0,-32287,0,0,0,0,0,2880325,0
2779286,6040,-1166,-88,-1235,-950,-1091,-11838,1190,297,-630,1568,19396,8,33,79,16,0,0,0,0,0,0,0,-32287,0,0,0,0,0,2880340,0
2779291,6194,-1288,38,-1207,-1109,-1120,-11556,1255,267,-569,1736,19396,8,33,79,16,0,0,0,0,0,0,0,-32286,0,0,0,0,0,2880345,0
2779296,6232,-1366,384,-1218,-1309,-1144,-11259,1318,249,-497,1872,19397,17,33,79,16,0,0,0,0,0,0,0,-32287,0,0,0,0,0,2880360,0
2779301,6318,-1560,472,-1237,-1354,-1139,-10953,1351,224,-444,1968,19397,17,33,79,16,0,0,0,0,0,0,0,-32287,0,0,0,0,0,2880365,0
2779306,6490,-1814,870,-1201,-1399,-1149,-10640,1378,192,-381,2096,19396,29,33,79,16,0,0,0,0,0,0,0,-32287,0,0,0,0,0,2880380,0
2779311,6416,-1914,1064,-1152,-1400,-1139,-10322,1401,152,-334,2144,19396,29,33,79,16,0,0,0,0,0,0,0,-32287,0,0,0,0,0,2880385,0
2779316,6566,-2222,1512,-1113,-1339,-1094,-10000,1416,110,-278,2256,19392,32,33,79,16,0,0,0,0,0,0,0,-32287,0,0,0,0,0,2880400,0
2779321,6788,-2508,1754,-1079,-1237,-1047,-9675,1425,82,-225,2296,19392,32,33,79,16,0,0,0,0,0,0,0,-32287,0,0,0,0,0,2880405,0
2779326,6824,-2616,2030,-1018,-1163,-1036,-9349,1440,58,-181,2392,19385,32,33,79,16,0,0,0,0,0,0,0,-32287,0,0,0,0,0,2880420,0
2779331,7034,-2804,2146,-941,-1069,-1012,-9024,1433,37,-136,2432,19385,32,33,79,16,0,0,0,0,0,0,0,-32286,0,0,0,0,0,2880425,0
2779336,7220,-2824,2374,-959,-763,-927,-8703,1418,15,-94,2488,19381,45,33,79,16,0,0,0,0,0,0,0,-32287,0,0,0,0,0,2880440,0
2779341,7472,-2932,2276,-983,-611,-902,-8382,1402,-11,-55,2512,19381,45,33,79,16,0,0,0,0,0,0,0,-32287,0,0,0,0,0,2880445,0
2779346,7532,-2934,2110,-1030,-468,-857,-8069,1375,-33,-11,2520,19379,66,33,79,16,0,0,0,0,0,0,0,-32286,0,0,0,0,0,2880460,0
2779351,7648,-2810,1906,-1130,-301,-799,-7764,1342,-58,26,2536,19379,66,33,79,16,0,0,0,0,0,0,0,-32287,0,0,0,0,0,2880465,0
2779356,7944,-2768,1726,-1382,109,-706,-7466,1309,-86,61,2544,19380,78,33,79,16,0,0,0,0,0,0,0,-32287,0,0,0,0,0,2880480,0
2779361,7812,-3078,1906,-1376,287,-674,-7174,1276,-102,102,2544,19380,78,33,79,16,0,0,0,0,0,0,0,-32286,0,0,0,0,0,2880485,0
2779366,7748,-3448,1928,-1310,407,-619,-6889,1251,-105,145,2576,19377,86,33,79,16,0,0,0,0,0,0,0,-32287,0,0,0,0,0,2880500,0
2779371,7752,-3490,1670,-1230,445,-572,-6610,1230,-104,194,2592,19377,86,33,79,16,0,0,0,0,0,0,0,-32287,0,0,0,0,0,2880505,0
2779376,7860,-3388,1282,-1086,430,-507,-6331,1222,-89,238,2664,19375,81,33,79,16,0,0,0,0,0,0,0,-32287,0,0,0,0,0,2880520,0
2779381,8022,-3458,1294,-1004,390,-476,-6052,1227,-63,279,2704,19375,81,33,79,16,0,0,0,0,0,0,0,-32287,0,0,0,0,0,2880525,0
2779386,8098,-3320,1188,-836,294,-481,-5771,1239,-28,321,2728,19373,99,33,79,16,0,0,0,0,0,0,0,-32287,0,0,0,0,0,2880540,0
2779391,8020,-3458,1030,-815,229,-414,-5486,1255,2,365,2808,19373,99,33,79,16,0,0,0,0,0,0,0,-32286,0,0,0,0,0,2880545,0
2779396,8592,-3020,1338,-924,222,-345,-5191,1297,40,416,2968,19368,117,33,79,16,0,0,0,0,0,0,0,-32287,0,0,0,0,0,2880560,0
2779401,8414,-2848,1262,-1012,178,-331,-4886,1350,76,459,3072,19368,117,33,79,16,0,0,0,0,0,0,0,-32286,0,0,0,0,0,2880565,0
2779406,8622,-2952,1222,-1055,117,-302,-4570,1405,120,491,3192,19367,134,33,79,16,0,0,0,0,0,0,0,-32287,0,0,0,0,0,2880580,0
2779411,8682,-2814,1098,-1101,74,-283,-4237,1469,162,555,3384,19367,134,33,79,16,0,0,0,0,0,0,0,-32287,0,0,0,0,0,2880585,0
2779416,8890,-2904,1940,-1187,227,-234,-3887,1549,193,579,3584,19364,155,33,79,16,0,0,0,0,0,0,0,-32286,0,0,0,0,0,2880600,0
2779421,8928,-3144,2126,-1122,231,-255,-3519,1626,232,624,3752,19364,155,33,79,16,0,0,0,0,0,0,0,-32287,0,0,0,0,0,2880605,0
2779426,9206,-3396,2418,-976,237,-279,-3129,1719,257,652,3952,19361,171,33,79,16,0,0,0,0,0,0,0,-32286,0,0,0,0,0,2880620,0
2779431,10482,-1404,3970,337,-217,-1077,-2734,1736,263,739,3872,19361,171,33,79,16,0,0,0,0,0,0,0,-32287,0,0,0,0,0,2880625,0
2779436,7650,-1224,1792,1010,-886,-952,-2347,1709,206,749,3928,19354,192,33,79,16,0,0,0,0,0,0,0,-32286,0,0,0,0,0,2880640,0
2779441,10524,-410,1120,621,-1501,-1332,-1963,1684,104,776,3784,19354,192,33,79,16,0,0,0,0,0,0,0,-32287,0,0,0,0,0,2880645,0
2779446,11078,-1106,-134,351,-1173,-1233,-1599,1593,-21,854,3544,19349,214,33,79,16,0,0,0,0,0,0,0,-32287,0,0,0,0,0,2880660,0
2779451,10106,-170,1224,25,-1274,-1354,-1263,1464,-157,899,3304,19349,214,33,79,16,0,0,0,0,0,0,0,-32287,0,0,0,0,0,2880665,0
2779456,10678,-842,1998,-426,-642,-1441,-964,1301,-276,942,2872,19347,240,33,79,16,0,0,0,0,0,0,0,-32286,0,0,0,0,0,2880680,0
2779461,10066,-1004,2906,-842,-62,-1373,-702,1125,-408,971,2480,19347,240,33,79,16,0,0,0,0,0,0,0,-32287,0,0,0,0,0,2880684,0
2779466,9144,-1860,3286,-1253,436,-1215,-486,933,-524,1016,2168,19352,242,33,79,16,0,0,0,0,0,0,0,-32287,0,0,0,0,0,2880699,0
2779471,8602,-3072,3458,-1458,814,-1026,-308,762,-590,1039,1768,19352,242,33,79,16,0,0,0,0,0,0,0,-32286,0,0,0,0,0,2880704,0
2779476,7590,-4736,3248,-1488,1172,-603,-166,609,-610,1067,1480,19354,218,33,79,16,0,0,0,0,0,0,0,-32286,0,0,0,0,0,2880719,0
2779481,7712,-5130,3002,-1448,1273,-421,-50,495,-583,1074,1304,19354,218,33,79,16,0,0,0,0,0,0,0,-32287,0,0,0,0,0,2880724,0
2779486,8000,-5140,2766,-1461,1285,-266,45,422,-515,1122,1200,19359,189,33,79,16,0,0,0,0,0,0,0,-32287,0,0,0,0,0,2880739,0
2779491,8652,-5244,2300,-1469,1204,-125,123,344,-423,1191,1096,19359,189,33,79,16,0,0,0,0,0,0,0,-32286,0,0,0,0,0,2880744,0
2779496,9860,-5218,1484,-1628,996,86,195,317,-324,1233,1168,19363,165,33,79,16,0,0,0,0,0,0,0,-32286,0,0,0,0,0,2880759,0
2779501,10296,-5504,1106,-1655,912,171,270,325,-217,1272,1136,19363,165,33,79,16,0,0,0,0,0,0,0,-32286,0,0,0,0,0,2880764,0
2779506,10652,-6020,986,-1646,815,232,349,351,-102,1299,1296,19368,153,33,79,16,0,0,0,0,0,0,0,-32286,0,0,0,0,0,2880779,0
2779511,10990,-6470,1222,-1510,739,254,443,420,1,1325,1488,19368,153,33,79,16,0,0,0,0,0,0,0,-32286,0,0,0,0,0,2880784,0
2779516,11358,-6814,1810,-910,559,128,554,498,98,1369,1680,19367,153,33,79,16,0,0,0,0,0,0,0,-32286,0,0,0,0,0,2880799,0
2779521,11504,-6664,1984,-633,563,32,683,578,181,1448,1904,19367,153,33,79,16,0,0,0,0,0,0,0,-32287,0,0,0,0,0,2880804,0
2779526,11406,-6502,2192,-474,595,-78,835,671,248,1493,2128,19360,172,33,79,16,0,0,0,0,0,0,0,-32287,0,0,0,0,0,2880819,0
2779531,11250,-6592,2286,-329,613,-213,1006,763,289,1496,2296,19360,172,33,79,16,0,0,0,0,0,0,0,-32287,0,0,0,0,0,2880824,0
2779536,11130,-7082,1728,278,232,-590,1194,827,304,1558,2376,19353,208,33,79,16,0,0,0,0,0,0,0,-32286,0,0,0,0,0,2880839,0
2779541,10816,-6808,1716,405,116,-723,1388,857,271,1569,2496,19353,208,33,79,16,0,0,0,0,0,0,0,-32285,0,0,0,0,0,2880844,0
2779546,10414,-6874,1508,364,3,-791,1588,878,221,1628,2488,19347,252,33,79,16,0,0,0,0,0,0,0,-32287,0,0,0,0,0,2880859,0
2779551,9728,-7228,1384,376,-146,-887,1784,862,140,1631,2480,19347,252,33,79,16,0,0,0,0,0,0,0,-32286,0,0,0,0,0,2880864,0
2779556,7870,-7038,1266,542,-49,-916,1978,854,62,1695,2456,19340,278,33,79,16,0,0,0,0,0,0,0,-32286,0,0,0,0,0,2880879,0
2779561,6778,-7064,1096,550,-33,-908,2167,828,0,1701,2424,19340,278,33,79,16,0,0,0,0,0,0,0,-32285,0,0,0,0,0,2880884,0
2779566,5990,-7132,1004,715,-21,-895,2353,820,-35,1747,2400,19339,303,33,79,16,0,0,0,0,0,0,0,-32287,0,0,0,0,0,2880899,0
2779571,4926,-7066,860,886,-57,-845,2540,816,-49,1770,2448,19339,303,33,79,16,0,0,0,0,0,0,0,-32287,0,0,0,0,0,2880904,0
2779576,3752,-6080,424,1084,-128,-709,2725,820,-40,1804,2432,19335,294,33,79,16,0,0,0,0,0,0,0,-32286,0,0,0,0,0,2880919,0
2779581,3358,-5656,252,1111,-175,-613,2913,830,-17,1823,2552,19335,294,33,79,16,0,0,0,0,0,0,0,-32286,0,0,0,0,0,2880924,0
2779586,3072,-5178,144,1168,-245,-537,3107,852,10,1869,2552,19335,303,33,79,16,0,0,0,0,0,0,0,-32287,0,0,0,0,0,2880939,0
2779591,2986,-4756,70,1266,-333,-480,3312,908,51,1871,2712,19335,303,33,79,16,0,0,0,0,0,0,0,-32287,0,0,0,0,0,2880944,0
2779596,3334,-3422,212,1393,-498,-390,3529,957,96,1942,2840,19332,313,33,79,16,0,0,0,0,0,0,0,-32286,0,0,0,0,0,2880959,0
2779601,3734,-2670,300,1420,-530,-347,3755,1011,134,1946,2920,19332,313,33,79,16,0,0,0,0,0,0,0,-32286,0,0,0,0,0,2880964,0
2779606,4106,-2082,608,1368,-500,-351,3994,1048,159,1966,3000,19329,346,33,79,16,0,0,0,0,0,0,0,-32287,0,0,0,0,0,2880979,0
2779611,4536,-1454,704,1284,-456,-376,4246,1111,173,1996,3128,19329,346,33,79,16,0,0,0,0,0,0,0,-32286,0,0,0,0,0,2880984,0
2779616,5012,-388,274,1070,-354,-440,4506,1150,175,2033,3232,19322,365,33,79,16,0,0,0,0,0,0,0,-32286,0,0,0,0,0,2880999,0
2779621,5106,-122,28,867,-269,-497,4774,1187,167,2045,3312,19322,365,33,79,16,0,0,0,0,0,0,0,-32288,0,0,0,0,0,2881004,0
2779626,4924,-180,-72,644,-184,-518,5047,1203,143,2068,3336,19315,388,33,79,16,0,0,0,0,0,0,0,-32286,0,0,0,0,0,2881019,0
2779631,4754,-254,-264,470,-194,-557,5325,1221,119,2104,3400,19315,388,33,79,16,0,0,0,0,0,0,0,-32286,0,0,0,0,0,2881024,0
2779636,4608,-1158,-588,321,-223,-611,5603,1229,87,2125,3456,19307,416,33,79,16,0,0,0,0,0,0,0,-32288,0,0,0,0,0,2881039,0
2779641,4774,-1318,-524,194,-249,-625,5882,1218,57,2154,3456,19307,416,33,79,16,0,0,0,0,0,0,0,-32286,0,0,0,0,0,2881044,0
2779646,5072,-1994,-134,72,-251,-602,6158,1212,22,2156,3440,19305,445,33,79,16,0,0,0,0,0,0,0,-32286,0,0,0,0,0,2881059,0
2779651,5252,-2634,226,2,-280,-595,6423,1172,-11,2179,3296,19305,445,33,79,16,0,0,0,0,0,0,0,-32287,0,0,0,0,0,2881064,0
2779656,5944,-4008,908,-113,-301,-471,6676,1107,-65,2200,3120,19304,457,33,79,16,0,0,0,0,0,0,0,-32286,0,0,0,0,0,2881079,0
2779661,6064,-4330,1314,-182,-269,-408,6912,1035,-132,2224,2960,19304,457,33,79,16,0,0,0,0,0,0,0,-32286,0,0,0,0,0,2881084,0
2779666,6400,-4722,1370,-268,-190,-305,7130,948,-187,2227,2656,19306,438,33,79,16,0,0,0,0,0,0,0,-32287,0,0,0,0,0,2881099,0
2779671,6408,-5108,1508,-344,-143,-208,7325,849,-250,2243,2544,19306,438,33,79,16,0,0,0,0,0,0,0,-32287,0,0,0,0,0,2881104,0
2779676,6290,-5666,1194,-434,-130,31,7493,731,-297,2264,2208,19310,406,33,79,16,0,0,0,0,0,0,0,-32286,0,0,0,0,0,2881119,0
2779681,6378,-5614,740,-496,-133,112,7632,603,-345,2251,1952,19310,406,33,79,16,0,0,0,0,0,0,0,-32286,0,0,0,0,0,2881124,0
2779686,6308,-5592,332,-539,-116,206,7748,500,-385,2230,1752,19318,364,33,79,16,0,0,0,0,0,0,0,-32287,0,0,0,0,0,2881139,0
2779691,6122,-5434,12,-611,-119,270,7838,378,-396,2271,1480,19318,364,33,79,16,0,0,0,0,0,0,0,-32287,0,0,0,0,0,2881144,0
2779696,5872,-5070,-418,-717,-191,377,7902,269,-399,2296,1296,19327,328,33,79,16,0,0,0,0,0,0,0,-32288,0,0,0,0,0,2881159,0
2779701,5874,-4950,-608,-713,-209,388,7950,217,-381,2322,1208,19327,328,33,79,16,0,0,0,0,0,0,0,-32287,0,0,0,0,0,2881164,0
2779706,5672,-4912,-638,-755,-237,426,7984,141,-338,2316,1160,19335,281,33,79,16,0,0,0,0,0,0,0,-32287,0,0,0,0,0,2881179,0
2779711,5710,-4658,-638,-688,-354,372,8011,122,-280,2305,1104,19335,281,33,79,16,0,0,0,0,0,0,0,-32287,0,0,0,0,0,2881184,0
2779716,5794,-4396,-676,-603,-572,342,8032,86,-203,2346,992,19343,236,33,79,16,0,0,0,0,0,0,0,-32286,0,0,0,0,0,2881199,0
2779721,6246,-4266,-726,-567,-684,272,8048,73,-142,2331,1000,19343,236,33,79,16,0,0,0,0,0,0,0,-32286,0,0,0,0,0,2881210,0
2779726,6368,-4114,-532,-496,-763,219,8067,86,-93,2314,1000,19349,203,33,79,16,0,0,0,0,0,0,0,-32286,0,0,0,0,0,2881218,0
2779731,6424,-4216,-356,-479,-858,188,8087,80,-45,2327,968,19349,203,33,79,16,0,0,0,0,0,0,0,-32286,0,0,0,0,0,2881223,0
2779736,6676,-4192,-90,-528,-1000,115,8099,61,-25,2313,976,19350,190,33,79,16,0,0,0,0,0,0,0,-32287,0,0,0,0,0,2881238,0
2779741,6938,-4200,102,-422,-1046,64,8116,77,-10,2288,1048,19350,190,33,79,16,0,0,0,0,0,0,0,-32286,0,0,0,0,0,2881243,0
2779746,7090,-4136,472,-283,-1080,3,8141,118,2,2270,1096,19352,189,33,79,16,0,0,0,0,0,0,0,-32286,0,0,0,0,0,2881258,0
2779751,7322,-4098,680,-215,-1072,-21,8169,119,31,2289,1096,19352,189,33,79,16,0,0,0,0,0,0,0,-32286,0,0,0,0,0,2881263,0
2779756,7926,-3632,1134,-24,-947,-130,8205,166,69,2264,1168,19353,198,33,79,16,0,0,0,0,0,0,0,-32286,0,0,0,0,0,2881278,0
2779761,7778,-3348,1376,1,-837,-154,8247,188,89,2238,1280,19353,198,33,79,16,0,0,0,0,0,0,0,-32285,0,0,0,0,0,2881283,0
2779766,7960,-3130,1422,62,-770,-229,8295,215,91,2220,1320,19353,203,33,79,16,0,0,0,0,0,0,0,-32286,0,0,0,0,0,2881298,0
2779771,8030,-3020,1354,122,-598,-248,8352,256,97,2231,1416,19353,203,33,79,16,0,0,0,0,0,0,0,-32286,0,0,0,0,0,2881303,0
2779776,7806,-2700,1300,394,-448,-341,8426,324,129,2181,1544,19352,207,33,79,16,0,0,0,0,0,0,0,-32286,0,0,0,0,0,2881318,0
2779781,7772,-2642,1124,492,-387,-352,8510,378,152,2190,1696,19352,207,33,79,16,0,0,0,0,0,0,0,-32287,0,0,0,0,0,2881323,0
2779786,7586,-2300,932,559,-365,-402,8609,441,181,2161,1736,19347,237,33,79,16,0,0,0,0,0,0,0,-32287,0,0,0,0,0,2881338,0
2779791,7630,-2180,658,631,-340,-421,8720,496,195,2158,1888,19347,237,33,79,16,0,0,0,0,0,0,0,-32287,0,0,0,0,0,2881343,0
2779796,7504,-1826,360,723,-374,-493,8845,545,203,2152,1968,19346,264,33,79,16,0,0,0,0,0,0,0,-32287,0,0,0,0,0,2881358,0
2779801,7488,-1682,190,733,-396,-472,8977,584,191,2126,2016,19346,264,33,79,16,0,0,0,0,0,0,0,-32286,0,0,0,0,0,2881363,0
2779806,7400,-1548,72,704,-438,-503,9116,617,166,2093,2104,19340,286,33,79,16,0,0,0,0,0,0,0,-32286,0,0,0,0,0,2881378,0
2779811,7350,-1478,-58,666,-445,-531,9260,636,134,2064,2088,19340,286,33,79,16,0,0,0,0,0,0,0,-32286,0,0,0,0,0,2881383,0
2779816,7216,-1498,-90,548,-551,-463,9401,623,97,2051,2024,19338,287,33,79,16,0,0,0,0,0,0,0,-32287,0,0,0,0,0,2881398,0
2779821,7366,-1662,-168,449,-564,-459,9540,612,51,2007,2048,19338,287,33,79,16,0,0,0,0,0,0,0,-32287,0,0,0,0,0,2881403,0
2779826,7208,-1800,-162,399,-548,-431,9675,592,8,1971,1968,19335,287,33,79,16,0,0,0,0,0,0,0,-32287,0,0,0,0,0,2881418,0
2779831,7002,-2046,-128,295,-556,-355,9801,548,-43,1951,1792,19335,287,33,79,16,0,0,0,0,0,0,0,-32286,0,0,0,0,0,2881423,0
2779836,6736,-2176,-48,128,-572,-281,9915,491,-86,1892,1688,19335,278,33,79,16,0,0,0,0,0,0,0,-32286,0,0,0,0,0,2881438,0
2779841,6706,-2550,66,122,-557,-223,10024,471,-114,1839,1640,19335,278,33,79,16,0,0,0,0,0,0,0,-32286,0,0,0,0,0,2881443,0
2779846,6572,-2600,168,161,-551,-183,10124,443,-126,1825,1512,19339,256,33,79,16,0,0,0,0,0,0,0,-32287,0,0,0,0,0,2881458,0
2779851,6520,-2620,222,135,-530,-116,10212,378,-133,1788,1448,19339,256,33,79,16,0,0,0,0,0,0,0,-32287,0,0,0,0,0,2881463,0
2779856,6584,-2762,198,92,-483,18,10289,330,-140,1739,1280,19343,239,33,79,16,0,0,0,0,0,0,0,-32287,0,0,0,0,0,2881478,0
2779861,6654,-2834,274,92,-461,73,10359,299,-146,1701,1280,19343,239,33,79,16,0,0,0,0,0,0,0,-32287,0,0,0,0,0,2881483,0
2779866,6340,-5074,-70,-74,-409,580,10363,-57,-228,224,-1184,19349,208,33,79,16,0,0,0,0,0,0,0,-32287,0,0,0,0,0,2881498,0
2779871,3974,-3552,-48,-1425,-365,1032,10230,-629,-573,-1097,-2768,19349,208,33,79,16,0,0,0,0,0,0,0,-32286,0,0,0,0,0,2881503,0
2779876,4318,-5042,-88,-2876,129,1921,9966,-1228,-1071,-1475,-4112,19353,200,33,79,16,0,0,0,0,0,0,0,-32286,0,0,0,0,0,2881517,0
2779881,3858,-5402,182,-3210,-21,2169,9571,-1781,-1585,-1687,-5304,19353,200,33,79,16,0,0,0,0,0,0,0,-32287,0,0,0,0,0,2881522,0
2779886,5534,-5074,0,-3509,266,2452,9059,-2308,-1913,-1802,-6344,19338,280,33,79,16,0,0,0,0,0,0,0,-32286,0,0,0,0,0,2881537,0
2779891,5348,-3116,1288,-3336,806,2384,8431,-2820,-1938,-1923,-7456,19338,280,33,79,16,0,0,0,0,0,0,0,-32287,0,0,0,0,0,2881542,0
2779896,8808,-5604,3612,-343,962,1649,7686,-3340,-1870,-2011,-8528,19304,463,33,79,16,0,0,0,0,0,0,0,-32287,0,0,0,0,0,2881557,0
2779901,824,-5256,2292,1032,1611,1657,6827,-3830,-1813,-2104,-9640,19304,463,33,79,16,0,0,0,0,0,0,0,-32287,0,0,0,0,0,2881562,0
2779906,628,-23312,-3136,-2725,-204,5236,5896,-4106,-1726,-2320,-9592,19245,745,33,79,16,0,0,0,0,0,0,0,-32286,0,0,0,0,0,2881577,0
2779911,-5032,8428,2310,-8032,585,4190,4956,-4145,-1429,-2429,-9752,19245,745,33,79,16,0,0,0,0,0,0,0,-32286,0,0,0,0,0,2881582,0
2779916,-5752,-14812,8510,-8517,5865,6598,4032,-4054,-965,-2551,-9256,19180,1032,33,79,16,0,0,0,0,0,0,0,-32286,0,0,0,0,0,2881597,0
2779921,-488,-19042,8952,-4027,4734,6075,3180,-3715,-321,-2609,-8312,19180,1032,33,79,16,0,0,0,0,0,0,0,-32287,0,0,0,0,0,2881602,0
2779926,5894,-19098,5542,1255,3932,5896,2430,-3253,361,-2615,-7392,19137,1215,33,79,16,0,0,0,0,0,0,0,-32288,0,0,0,0,0,2881617,0
2779931,5934,-8062,3310,3178,3569,5365,1795,-2740,943,-2724,-6384,19137,1215,33,79,16,0,0,0,0,0,0,0,-32287,0,0,0,0,0,2881622,0
2779936,9888,1598,-2748,757,3700,4441,1268,-2282,1373,-2741,-5416,19133,1232,33,79,16,0,0,0,0,0,0,0,-32286,0,0,0,0,0,2881637,0
2779941,10236,546,-3344,307,2461,3771,834,-1864,1585,-2870,-4536,19133,1232,33,79,16,0,0,0,0,0,0,0,-32287,0,0,0,0,0,2881642,0
2779946,11572,-170,-4404,731,867,2953,491,-1468,1592,-2945,-3792,19167,1094,33,79,16,0,0,0,0,0,0,0,-32286,0,0,0,0,0,2881657,0
2779951,11066,1680,-4330,1242,-223,2309,237,-1078,1503,-3062,-2888,19167,1094,33,79,16,0,0,0,0,0,0,0,-32288,0,0,0,0,0,2881662,0
2779956,11130,3224,-2870,986,-647,1415,74,-679,1422,-3092,-2168,19217,876,33,79,16,0,0,0,0,0,0,0,-32285,0,0,0,0,0,2881677,0
2779961,11270,3222,-2446,797,-1230,851,-1,-290,1379,-3196,-1296,19217,876,33,79,16,0,0,0,0,0,0,0,-32285,0,0,0,0,0,2881682,0
2779966,11850,2446,-2920,1152,-1512,323,9,89,1374,-3316,-832,19261,647,33,79,16,0,0,0,0,0,0,0,-32285,0,0,0,0,0,2881697,0
2779971,11220,1628,-3010,1334,-1541,149,56,214,1271,-3382,-696,19261,647,33,79,16,0,0,0,0,0,0,0,-32285,0,0,0,0,0,2881702,0
2779976,10612,2230,-1124,689,-1666,-73,115,261,1026,-3383,-680,19302,430,33,79,16,0,0,0,0,0,0,0,-32285,0,0,0,0,0,2881717,0
2779981,10566,1092,-206,293,-1477,-143,182,298,687,-3429,-648,19302,430,33,79,16,0,0,0,0,0,0,0,-32286,0,0,0,0,0,2881722,0
2779986,10078,-514,826,222,-1279,-170,255,320,364,-3485,-560,19333,284,33,79,16,0,0,0,0,0,0,0,-32286,0,0,0,0,0,2881737,0
2779991,9934,-2060,1688,259,-1122,-240,334,351,161,-3541,-528,19333,284,33,79,16,0,0,0,0,0,0,0,-32287,0,0,0,0,0,2881742,0
2779996,9544,-3814,2996,711,-644,-150,424,400,116,-3592,-432,19350,205,33,79,16,0,0,0,0,0,0,0,-32288,0,0,0,0,0,2881757,0
2780001,9594,-4068,3244,778,-531,-54,522,439,120,-3614,-336,19350,205,33,79,16,0,0,0,0,0,0,0,-32288,0,0,0,0,0,2881762,0
2780006,9236,-4080,3352,737,-393,71,624,441,121,-3620,-416,19355,181,33,79,16,0,0,0,0,0,0,0,-32287,0,0,0,0,0,2881777,0
2780011,9300,-4130,3166,668,-205,157,719,417,91,-3639,-504,19355,181,33,79,16,0,0,0,0,0,0,0,-32286,0,0,0,0,0,2881782,0
2780016,8702,-4552,3172,649,335,309,806,371,25,-3672,-552,19358,159,33,79,16,0,0,0,0,0,0,0,-32286,0,0,0,0,0,2881797,0
2780021,8726,-4880,2942,786,622,365,870,353,-48,-3682,-672,19358,159,33,79,16,0,0,0,0,0,0,0,-32285,0,0,0,0,0,2881802,0
2780026,8066,-4762,2894,860,883,401,947,328,-88,-3691,-712,19359,163,33,79,16,0,0,0,0,0,0,0,-32285,0,0,0,0,0,2881817,0
2780031,8056,-4746,2424,936,1074,435,1017,306,-99,-3682,-776,19359,163,33,79,16,0,0,0,0,0,0,0,-32286,0,0,0,0,0,2881822,0
2780036,7384,-4640,1604,983,1338,522,1078,264,-103,-3694,-824,19356,187,33,79,16,0,0,0,0,0,0,0,-32287,0,0,0,0,0,2881837,0
2780041,7176,-4434,1102,1070,1412,546,1134,252,-95,-3687,-856,19356,187,33,79,16,0,0,0,0,0,0,0,-32288,0,0,0,0,0,2881842,0
2780046,6722,-3974,816,1054,1406,549,1186,221,-98,-3688,-856,19351,208,33,79,16,0,0,0,0,0,0,0,-32288,0,0,0,0,0,2881857,0
2780051,7040,-4034,246,1086,1325,552,1236,222,-76,-3662,-872,19351,208,33,79,16,0,0,0,0,0,0,0,-32289,0,0,0,0,0,2881862,0
2780056,6656,-3520,-330,1072,1068,496,1287,226,-50,-3645,-824,19346,222,33,79,16,0,0,0,0,0,0,0,-32288,0,0,0,0,0,2881877,0
2780061,6914,-3622,-652,1113,839,466,1343,242,-8,-3636,-792,19346,222,33,79,16,0,0,0,0,0,0,0,-32288,0,0,0,0,0,2881882,0
2780066,6738,-3466,-686,1155,630,409,1407,283,31,-3596,-672,19346,216,33,79,16,0,0,0,0,0,0,0,-32287,0,0,0,0,0,2881897,0
2780071,6772,-3428,-684,1188,423,364,1479,315,69,-3586,-592,19346,216,33,79,16,0,0,0,0,0,0,0,-32286,0,0,0,0,0,2881902,0
2780076,7228,-3230,-574,1257,6,248,1558,345,101,-3561,-432,19348,203,33,79,16,0,0,0,0,0,0,0,-32285,0,0,0,0,0,2881917,0
2780081,7450,-3288,-492,1301,-206,178,1652,408,128,-3543,-304,19348,203,33,79,16,0,0,0,0,0,0,0,-32285,0,0,0,0,0,2881922,0
2780086,7466,-3246,-466,1379,-393,93,1758,477,156,-3493,-184,19357,185,33,79,16,0,0,0,0,0,0,0,-32285,0,0,0,0,0,2881937,0
2780091,7644,-3270,-506,1494,-631,0,1882,560,192,-3400,-120,19357,185,33,79,16,0,0,0,0,0,0,0,-32287,0,0,0,0,0,2881942,0
2780096,7680,-2772,-416,1647,-1012,-156,2022,628,227,-3319,-88,19369,140,33,79,16,0,0,0,0,0,0,0,-32288,0,0,0,0,0,2881957,0
2780101,7616,-2580,-282,1613,-1177,-234,2172,663,234,-3305,-40,19369,140,33,79,16,0,0,0,0,0,0,0,-32288,0,0,0,0,0,2881962,0
2780106,7860,-2396,-190,1613,-1275,-323,2329,700,205,-3281,-40,19378,91,33,79,16,0,0,0,0,0,0,0,-32286,0,0,0,0,0,2881977,0
2780111,7760,-2392,-204,1639,-1359,-373,2492,718,163,-3236,-24,19378,91,33,79,16,0,0,0,0,0,0,0,-32285,0,0,0,0,0,2881982,0
2780116,7730,-1980,32,1696,-1551,-508,2661,747,116,-3180,16,19385,38,33,79,16,0,0,0,0,0,0,0,-32287,0,0,0,0,0,2881997,0
2780121,7846,-1972,200,1774,-1644,-592,2843,804,110,-3111,24,19385,38,33,79,16,0,0,0,0,0,0,0,-32288,0,0,0,0,0,2882002,0
2780126,8052,-2036,526,1870,-1667,-648,3032,837,38,-3058,32,19388,14,33,79,16,0,0,0,0,0,0,0,-32286,0,0,0,0,0,2882017,0
2780131,8294,-1826,752,1958,-1684,-704,3227,861,42,-3024,40,19388,14,33,79,16,0,0,0,0,0,0,0,-32285,0,0,0,0,0,2882022,0
2780136,8300,-1388,946,1862,-1590,-765,3425,869,28,-2972,40,19392,-7,33,79,16,0,0,0,0,0,0,0,-32287,0,0,0,0,0,2882036,0
2780141,8580,-1426,816,1679,-1559,-816,3612,823,105,-2940,32,19392,-7,33,79,16,0,0,0,0,0,0,0,-32288,0,0,0,0,0,2882041,0
2780146,8952,-1862,918,1633,-1438,-848,3798,816,45,-2881,40,19394,-19,33,79,16,0,0,0,0,0,0,0,-32286,0,0,0,0,0,2882056,0
2780151,8956,-2310,1262,1651,-1351,-905,3978,791,-48,-2821,48,19394,-19,33,79,16,0,0,0,0,0,0,0,-32286,0,0,0,0,0,2882061,0
2780156,9526,-2852,1486,1907,-1094,-1035,4163,811,-56,-2745,40,19395,-22,33,79,16,0,0,0,0,0,0,0,-32286,0,0,0,0,0,2882076,0
2780161,9436,-3076,1420,1893,-1019,-1084,4349,826,-28,-2666,64,19395,-22,33,79,16,0,0,0,0,0,0,0,-32287,0,0,0,0,0,2882081,0
2780166,9878,-3394,1252,1905,-967,-1154,4541,844,16,-2598,64,19393,-26,33,79,16,0,0,0,0,0,0,0,-32287,0,0,0,0,0,2882096,0
2780171,9884,-3994,1170,1944,-898,-1149,4731,838,35,-2530,88,19393,-26,33,79,16,0,0,0,0,0,0,0,-32286,0,0,0,0,0,2882101,0
2780176,10026,-4538,884,1918,-952,-1167,4919,819,31,-2472,80,19393,-28,33,79,16,0,0,0,0,0,0,0,-32286,0,0,0,0,0,2882116,0
2780181,9978,-4680,732,1945,-989,-1141,5097,788,-9,-2407,72,19393,-28,33,79,16,0,0,0,0,0,0,0,-32288,0,0,0,0,0,2882121,0
2780186,9856,-4636,686,1914,-1092,-1118,5270,762,-54,-2339,48,19394,-34,33,79,16,0,0,0,0,0,0,0,-32287,0,0,0,0,0,2882136,0
2780191,9944,-4592,610,1902,-1219,-1077,5433,718,-92,-2280,32,19394,-34,33,79,16,0,0,0,0,0,0,0,-32286,0,0,0,0,0,2882141,0
2780196,9632,-3996,640,1792,-1455,-1016,5588,674,-111,-2214,32,19395,-6,33,79,16,0,0,0,0,0,0,0,-32286,0,0,0,0,0,2882156,0
2780201,9386,-3558,868,1666,-1520,-963,5729,610,-133,-2144,8,19395,-6,33,79,16,0,0,0,0,0,0,0,-32287,0,0,0,0,0,2882161,0
2780206,9178,-3208,1082,1482,-1538,-929,5849,522,-169,-2106,-16,19393,7,33,79,16,0,0,0,0,0,0,0,-32287,0,0,0,0,0,2882176,0
2780211,9188,-2908,1340,1302,-1497,-899,5949,433,-222,-2037,-64,19393,7,33,79,16,0,0,0,0,0,0,0,-32287,0,0,0,0,0,2882181,0
2780216,9006,-2806,1996,1022,-1272,-858,6027,336,-275,-1925,-168,19386,21,33,79,16,0,0,0,0,0,0,0,-32287,0,0,0,0,0,2882196,0
2780221,8838,-2792,2328,859,-1116,-871,6080,225,-314,-1827,-248,19386,21,33,79,16,0,0,0,0,0,0,0,-32287,0,0,0,0,0,2882201,0
2780226,8744,-3046,2310,712,-952,-920,6114,148,-335,-1742,-384,19380,39,33,79,16,0,0,0,0,0,0,0,-32286,0,0,0,0,0,2882216,0
2780231,8748,-3896,2300,594,-722,-904,6126,50,-339,-1607,-568,19380,39,33,79,16,0,0,0,0,0,0,0,-32287,0,0,0,0,0,2882221,0
2780236,8572,-4838,2610,659,-448,-1061,6124,-14,-323,-1551,-568,19377,71,33,79,16,0,0,0,0,0,0,0,-32287,0,0,0,0,0,2882247,0
2780241,8336,-5440,2510,850,-347,-1143,6119,-17,-272,-1518,-552,19377,71,33,79,16,0,0,0,0,0,0,0,-32286,0,0,0,0,0,2882249,0
2780246,7904,-6016,2280,1034,-358,-1210,6117,-9,-182,-1456,-504,19374,100,33,79,16,0,0,0,0,0,0,0,-32286,0,0,0,0,0,2882258,0
2780251,7682,-6382,1842,1161,-431,-1275,6114,-8,-96,-1368,-504,19374,100,33,79,16,0,0,0,0,0,0,0,-32286,0,0,0,0,0,2882263,0
2780256,6954,-6976,1100,1191,-694,-1335,6108,-22,-32,-1286,-504,19373,108,33,79,16,0,0,0,0,0,0,0,-32287,0,0,0,0,0,2882278,0
2780261,6364,-7230,898,1148,-915,-1357,6100,-36,-11,-1220,-472,19373,108,33,79,16,0,0,0,0,0,0,0,-32286,0,0,0,0,0,2882283,0
2780266,6276,-7546,690,1167,-1119,-1364,6089,-47,-24,-1144,-464,19371,108,33,79,16,0,0,0,0,0,0,0,-32286,0,0,0,0,0,2882298,0
2780271,5720,-7806,660,1243,-1336,-1369,6080,-42,-27,-1071,-456,19371,108,33,79,16,0,0,0,0,0,0,0,-32286,0,0,0,0,0,2882303,0
2780276,5144,-8158,616,1422,-1679,-1333,6067,-59,-33,-989,-520,19371,102,33,79,16,0,0,0,0,0,0,0,-32287,0,0,0,0,0,2882318,0
2780281,4590,-8204,798,1406,-1770,-1236,6037,-138,-49,-868,-720,19371,102,33,79,16,0,0,0,0,0,0,0,-32287,0,0,0,0,0,2882323,0
2780286,4322,-8130,1042,1302,-1831,-1136,5989,-221,-108,-806,-856,19373,110,33,79,16,0,0,0,0,0,0,0,-32287,0,0,0,0,0,2882338,0
2780291,4340,-8362,1178,1077,-1730,-931,5917,-327,-197,-764,-1072,19373,110,33,79,16,0,0,0,0,0,0,0,-32287,0,0,0,0,0,2882349,0
2780296,3480,-8444,1628,460,-1404,-514,5826,-406,-271,-712,-1160,19373,115,33,79,16,0,0,0,0,0,0,0,-32287,0,0,0,0,0,2882358,0
2780301,3404,-9280,1732,441,-1283,-299,5718,-482,-309,-654,-1320,19373,115,33,79,16,0,0,0,0,0,0,0,-32287,0,0,0,0,0,2882363,0
2780306,3150,-9562,1964,835,-1398,-183,5592,-562,-300,-610,-1488,19374,115,33,79,16,0,0,0,0,0,0,0,-32286,0,0,0,0,0,2882378,0
2780311,4246,-9872,2074,1611,-1437,-82,5443,-666,-289,-562,-1672,19374,115,33,79,16,0,0,0,0,0,0,0,-32286,0,0,0,0,0,2882383,0
2780316,4650,-7356,2018,2234,-1375,167,5275,-747,-296,-504,-1856,19371,110,33,79,16,0,0,0,0,0,0,0,-32287,0,0,0,0,0,2882398,0
2780321,5132,-6072,1660,1798,-1216,369,5084,-837,-312,-427,-1968,19371,110,33,79,16,0,0,0,0,0,0,0,-32287,0,0,0,0,0,2882402,0
2780326,5610,-5274,1474,1285,-1041,518,4874,-930,-317,-383,-2120,19370,104,33,79,16,0,0,0,0,0,0,0,-32287,0,0,0,0,0,2882417,0
2780331,6154,-5138,1240,965,-879,642,4649,-995,-306,-333,-2208,19370,104,33,79,16,0,0,0,0,0,0,0,-32286,0,0,0,0,0,2882422,0
2780336,6960,-4636,1070,1163,-969,672,4410,-1050,-277,-272,-2264,19372,110,33,79,16,0,0,0,0,0,0,0,-32287,0,0,0,0,0,2882437,0
2780341,7460,-3898,966,1215,-1003,693,4164,-1093,-244,-218,-2288,19372,110,33,79,16,0,0,0,0,0,0,0,-32287,0,0,0,0,0,2882442,0
2780346,7880,-2888,820,1125,-1084,673,3908,-1129,-197,-174,-2288,19374,115,33,79,16,0,0,0,0,0,0,0,-32287,0,0,0,0,0,2882457,0
2780351,8520,-2306,656,900,-1097,694,3650,-1144,-149,-131,-2264,19374,115,33,79,16,0,0,0,0,0,0,0,-32287,0,0,0,0,0,2882462,0
2780356,9342,-1488,712,499,-1210,600,3390,-1138,-107,-85,-2176,19376,107,33,79,16,0,0,0,0,0,0,0,-32287,0,0,0,0,0,2882477,0
2780361,9480,-998,716,386,-1288,518,3131,-1140,-64,-49,-2088,19376,107,33,79,16,0,0,0,0,0,0,0,-32287,0,0,0,0,0,2882482,0
2780366,10480,-510,1206,415,-1357,342,2878,-1117,-22,-10,-1976,19376,94,33,79,16,0,0,0,0,0,0,0,-32287,0,0,0,0,0,2882497,0
2780371,10410,-332,1506,592,-1334,158,2626,-1109,16,34,-1896,19376,94,33,79,16,0,0,0,0,0,0,0,-32287,0,0,0,0,0,2882502,0
2780376,10374,-406,1568,342,-1385,96,2377,-1096,40,69,-1768,19376,84,33,79,16,0,0,0,0,0,0,0,-32287,0,0,0,0,0,2882517,0
2780381,10190,94,1458,47,-1406,-23,2136,-1060,47,105,-1616,19376,84,33,79,16,0,0,0,0,0,0,0,-32286,0,0,0,0,0,2882522,0
2780386,10804,-340,1046,-89,-1324,-84,1901,-1031,65,145,-1488,19379,67,33,79,16,0,0,0,0,0,0,0,-32287,0,0,0,0,0,2882537,0
2780391,10326,-242,1670,-208,-1144,-167,1672,-999,81,184,-1328,19379,67,33,79,16,0,0,0,0,0,0,0,-32287,0,0,0,0,0,2882542,0
2780396,10448,-948,2520,-326,-627,-348,1452,-970,101,236,-1224,19381,64,33,79,16,0,0,0,0,0,0,0,-32287,0,0,0,0,0,2882557,0
2780401,10350,-1118,3200,-292,-223,-426,1243,-918,109,273,-1056,19381,64,33,79,16,0,0,0,0,0,0,0,-32286,0,0,0,0,0,2882562,0
2780406,10184,-1584,3604,-268,179,-483,1041,-879,131,324,-944,19384,46,33,79,16,0,0,0,0,0,0,0,-32287,0,0,0,0,0,2882577,0
2780411,9912,-2036,3658,-280,511,-515,854,-826,148,365,-784,19384,46,33,79,16,0,0,0,0,0,0,0,-32287,0,0,0,0,0,2882582,0
2780416,8998,-3008,2752,-240,942,-492,680,-759,157,411,-616,19384,47,33,79,16,0,0,0,0,0,0,0,-32287,0,0,0,0,0,2882597,0
2780421,8464,-3246,2192,-168,1027,-489,515,-709,183,451,-440,19384,47,33,79,16,0,0,0,0,0,0,0,-32287,0,0,0,0,0,2882602,0
2780426,8150,-3116,1722,-2,1058,-516,365,-654,181,479,-304,19386,50,33,79,16,0,0,0,0,0,0,0,-32287,0,0,0,0,0,2882617,0
2780431,7984,-2914,1072,222,978,-581,227,-596,185,545,-216,19386,50,33,79,16,0,0,0,0,0,0,0,-32287,0,0,0,0,0,2882622,0
2780436,7264,-2480,-118,154,807,-581,100,-555,188,594,-128,19386,51,33,79,16,0,0,0,0,0,0,0,-32287,0,0,0,0,0,2882637,0
2780441,7220,-2718,-582,106,675,-597,-16,-506,184,659,-88,19386,51,33,79,16,0,0,0,0,0,0,0,-32287,0,0,0,0,0,2882642,0
2780446,6978,-2676,-684,121,544,-608,-121,-458,178,707,-56,19386,56,33,79,16,0,0,0,0,0,0,0,-32288,0,0,0,0,0,2882657,0
2780451,6864,-2744,-682,151,415,-630,-217,-413,172,740,-32,19386,56,33,79,16,0,0,0,0,0,0,0,-32288,0,0,0,0,0,2882662,0
2780456,6584,-2918,-442,118,210,-609,-305,-390,159,761,-16,19386,51,33,79,16,0,0,0,0,0,0,0,-32286,0,0,0,0,0,2882677,0
2780461,6802,-3066,-346,69,182,-579,-391,-378,136,795,-16,19386,51,33,79,16,0,0,0,0,0,0,0,-32286,0,0,0,0,0,2882682,0
2780466,6396,-2908,64,-60,139,-552,-484,-403,80,829,-32,19384,50,33,79,16,0,0,0,0,0,0,0,-32287,0,0,0,0,0,2882697,0
2780471,6756,-3128,128,-88,163,-546,-578,-414,27,869,-48,19384,50,33,79,16,0,0,0,0,0,0,0,-32286,0,0,0,0,0,2882702,0
2780476,6496,-3242,534,-174,240,-457,-674,-418,-24,905,-64,19384,51,33,79,16,0,0,0,0,0,0,0,-32286,0,0,0,0,0,2882717,0
2780481,6328,-3262,694,-252,306,-390,-780,-467,-49,945,-96,19384,51,33,79,16,0,0,0,0,0,0,0,-32287,0,0,0,0,0,2882722,0
2780486,6156,-3498,720,-380,365,-284,-898,-522,-77,959,-120,19384,49,33,79,16,0,0,0,0,0,0,0,-32287,0,0,0,0,0,2882737,0
2780491,6088,-3334,832,-464,434,-225,-1027,-565,-126,972,-112,19384,49,33,79,16,0,0,0,0,0,0,0,-32287,0,0,0,0,0,2882742,0
2780496,5862,-3658,926,-461,495,-95,-1160,-582,-141,1046,-136,19386,45,33,79,16,0,0,0,0,0,0,0,-32286,0,0,0,0,0,2882757,0
2780501,5648,-3466,948,-508,532,-33,-1302,-631,-143,1096,-160,19386,45,33,79,16,0,0,0,0,0,0,0,-32286,0,0,0,0,0,2882762,0
2780506,5632,-3434,910,-535,558,5,-1447,-638,-122,1121,-120,19389,34,33,79,16,0,0,0,0,0,0,0,-32287,0,0,0,0,0,2882777,0
2780511,5778,-3454,858,-453,525,30,-1586,-608,-77,1196,-112,19389,34,33,79,16,0,0,0,0,0,0,0,-32287,0,0,0,0,0,2882782,0
2780516,5546,-3060,750,-382,453,103,-1726,-608,-30,1240,-104,19389,22,33,79,16,0,0,0,0,0,0,0,-32287,0,0,0,0,0,2882797,0
2780521,5790,-2858,676,-337,445,103,-1859,-592,5,1258,-80,19389,22,33,79,16,0,0,0,0,0,0,0,-32286,0,0,0,0,0,2882802,0
2780526,5876,-2722,676,-275,414,101,-1986,-552,46,1324,-48,19390,19,33,79,16,0,0,0,0,0,0,0,-32286,0,0,0,0,0,2882817,0
2780531,5928,-2474,704,-271,397,113,-2108,-531,70,1368,-24,19390,19,33,79,16,0,0,0,0,0,0,0,-32286,0,0,0,0,0,2882822,0
2780536,6388,-2054,736,-355,441,114,-2223,-499,75,1390,8,19390,32,33,79,16,0,0,0,0,0,0,0,-32287,0,0,0,0,0,2882837,0
2780541,6474,-1820,892,-341,465,58,-2328,-451,96,1430,40,19390,32,33,79,16,0,0,0,0,0,0,0,-32288,0,0,0,0,0,2882842,0
2780546,6662,-1952,756,-285,496,70,-2421,-400,126,1479,32,19391,35,33,79,16,0,0,0,0,0,0,0,-32287,0,0,0,0,0,2882857,0
2780551,6684,-1760,776,-268,513,39,-2504,-363,139,1491,64,19391,35,33,79,16,0,0,0,0,0,0,0,-32287,0,0,0,0,0,2882862,0
2780556,6884,-1400,702,-306,534,-15,-2574,-301,156,1521,112,19387,32,33,79,16,0,0,0,0,0,0,0,-32286,0,0,0,0,0,2882877,0
2780561,7022,-1250,542,-267,564,-2,-2630,-228,183,1565,176,19387,32,33,79,16,0,0,0,0,0,0,0,-32286,0,0,0,0,0,2882881,0
2780566,7012,-1262,478,-342,539,-6,-2671,-180,193,1592,256,19387,55,33,79,16,0,0,0,0,0,0,0,-32286,0,0,0,0,0,2882896,0
2780571,7154,-952,454,-417,608,-52,-2702,-121,199,1607,320,19387,55,33,79,16,0,0,0,0,0,0,0,-32285,0,0,0,0,0,2882901,0
2780576,6934,-962,420,-551,657,-25,-2721,-81,202,1649,408,19388,85,33,79,16,0,0,0,0,0,0,0,-32286,0,0,0,0,0,2882916,0
2780581,7220,-1046,330,-571,651,-51,-2728,-16,188,1642,560,19388,85,33,79,16,0,0,0,0,0,0,0,-32286,0,0,0,0,0,2882921,0
2780586,7112,-1212,320,-575,665,-14,-2726,13,178,1684,624,19388,104,33,79,16,0,0,0,0,0,0,0,-32286,0,0,0,0,0,2882936,0
2780591,6786,-1088,352,-724,711,26,-2721,17,157,1756,608,19388,104,33,79,16,0,0,0,0,0,0,0,-32286,0,0,0,0,0,2882941,0
2780596,6522,-1336,282,-1003,838,104,-2722,-3,103,1787,608,19381,121,33,79,16,0,0,0,0,0,0,0,-32286,0,0,0,0,0,2882956,0
2780601,6306,-1494,346,-1068,894,130,-2721,8,52,1814,624,19381,121,33,79,16,0,0,0,0,0,0,0,-32286,0,0,0,0,0,2882961,0
2780606,6104,-1618,334,-1093,910,157,-2718,11,4,1845,640,19373,123,33,79,16,0,0,0,0,0,0,0,-32286,0,0,0,0,0,2882976,0
2780611,5972,-1750,240,-1116,927,188,-2715,14,-4,1863,672,19373,123,33,79,16,0,0,0,0,0,0,0,-32286,0,0,0,0,0,2882981,0
2780616,5716,-1582,162,-1193,910,228,-2712,11,10,1895,712,19368,137,33,79,16,0,0,0,0,0,0,0,-32286,0,0,0,0,0,2882996,0
2780621,5606,-1546,158,-1228,892,237,-2705,29,21,1922,736,19368,137,33,79,16,0,0,0,0,0,0,0,-32286,0,0,0,0,0,2883001,0
2780626,5518,-1546,142,-1252,878,238,-2696,45,22,1932,800,19368,144,33,79,16,0,0,0,0,0,0,0,-32285,0,0,0,0,0,2883016,0
2780631,5496,-1516,130,-1242,844,232,-2679,85,40,1935,984,19368,144,33,79,16,0,0,0,0,0,0,0,-32286,0,0,0,0,0,2883021,0
2780636,5626,-1594,250,-1075,704,180,-2645,157,81,1936,1136,19368,145,33,79,16,0,0,0,0,0,0,0,-32286,0,0,0,0,0,2883036,0
2780641,5624,-1510,348,-1061,662,138,-2597,219,135,1996,1280,19368,145,33,79,16,0,0,0,0,0,0,0,-32286,0,0,0,0,0,2883041,0
2780646,5880,-1428,486,-950,579,105,-2534,295,193,2001,1560,19361,158,33,79,16,0,0,0,0,0,0,0,-32286,0,0,0,0,0,2883056,0
2780651,5910,-1326,534,-865,509,38,-2448,387,230,2042,1672,19361,158,33,79,16,0,0,0,0,0,0,0,-32287,0,0,0,0,0,2883061,0
2780656,6246,-1318,630,-715,352,-86,-2346,459,256,2077,1848,19354,188,33,79,16,0,0,0,0,0,0,0,-32287,0,0,0,0,0,2883076,0
2780661,6498,-1276,628,-627,276,-135,-2227,533,275,2117,2024,19354,188,33,79,16,0,0,0,0,0,0,0,-32287,0,0,0,0,0,2883081,0
2780666,6710,-1146,714,-524,210,-186,-2092,595,271,2155,2120,19343,234,33,79,16,0,0,0,0,0,0,0,-32287,0,0,0,0,0,2883096,0
2780671,6914,-1004,772,-533,199,-244,-1943,640,256,2185,2168,19343,234,33,79,16,0,0,0,0,0,0,0,-32286,0,0,0,0,0,2883101,0
2780676,7436,-1080,1002,-581,276,-313,-1788,688,219,2196,2328,19338,282,33,79,16,0,0,0,0,0,0,0,-32286,0,0,0,0,0,2883116,0
2780681,7568,-1186,1104,-597,325,-333,-1628,707,180,2210,2400,19338,282,33,79,16,0,0,0,0,0,0,0,-32287,0,0,0,0,0,2883121,0
2780686,7604,-1164,1254,-648,377,-338,-1472,691,114,2212,2288,19333,308,33,79,16,0,0,0,0,0,0,0,-32288,0,0,0,0,0,2883136,0
2780691,7758,-1360,1398,-710,447,-333,-1315,693,57,2206,2264,19333,308,33,79,16,0,0,0,0,0,0,0,-32287,0,0,0,0,0,2883141,0
2780696,7930,-1788,1566,-808,614,-303,-1165,659,11,2253,2160,19331,326,33,79,16,0,0,0,0,0,0,0,-32286,0,0,0,0,0,2883156,0
2780701,7952,-1894,1540,-879,677,-257,-1019,631,-35,2265,2160,19331,326,33,79,16,0,0,0,0,0,0,0,-32286,0,0,0,0,0,2883161,0
2780706,7946,-1874,1572,-880,694,-274,-878,617,-68,2273,2176,19328,326,33,79,16,0,0,0,0,0,0,0,-32286,0,0,0,0,0,2883176,0
2780711,8036,-2110,1408,-866,730,-259,-743,592,-72,2306,2080,19328,326,33,79,16,0,0,0,0,0,0,0,-32287,0,0,0,0,0,2883181,0
2780716,7944,-2022,1048,-1017,776,-217,-616,555,-89,2300,2024,19325,321,33,79,16,0,0,0,0,0,0,0,-32287,0,0,0,0,0,2883196,0
2780721,7916,-2138,940,-1045,784,-214,-491,539,-89,2287,1992,19325,321,33,79,16,0,0,0,0,0,0,0,-32287,0,0,0,0,0,2883201,0
2780726,7804,-2188,818,-1046,740,-197,-371,532,-80,2321,1920,19331,316,33,79,16,0,0,0,0,0,0,0,-32286,0,0,0,0,0,2883216,0
2780731,7668,-2346,666,-1058,697,-155,-256,503,-74,2322,1880,19331,316,33,79,16,0,0,0,0,0,0,0,-32286,0,0,0,0,0,2883221,0
2780736,7780,-2374,446,-1086,612,-137,-143,494,-70,2292,1880,19336,309,33,79,16,0,0,0,0,0,0,0,-32286,0,0,0,0,0,2883236,0
2780741,7574,-2192,618,-1060,513,-149,-30,504,-51,2292,1936,19336,309,33,79,16,0,0,0,0,0,0,0,-32287,0,0,0,0,0,2883241,0
2780746,7772,-2226,614,-1028,451,-160,86,516,-23,2302,1952,19338,305,33,79,16,0,0,0,0,0,0,0,-32287,0,0,0,0,0,2883256,0
2780751,7876,-2392,604,-978,359,-156,204,517,-3,2289,2016,19338,305,33,79,16,0,0,0,0,0,0,0,-32287,0,0,0,0,0,2883261,0
2780756,8376,-1814,806,-908,259,-215,326,529,25,2301,2040,19335,291,33,79,16,0,0,0,0,0,0,0,-32286,0,0,0,0,0,2883276,0
2780761,8564,-1566,1006,-971,241,-250,450,550,41,2317,2080,19335,291,33,79,16,0,0,0,0,0,0,0,-32285,0,0,0,0,0,2883281,0
2780766,8838,-1800,1078,-1001,260,-261,577,559,41,2313,2072,19334,304,33,79,16,0,0,0,0,0,0,0,-32286,0,0,0,0,0,2883296,0
2780771,8882,-1834,1158,-1011,236,-263,702,558,37,2312,2056,19334,304,33,79,16,0,0,0,0,0,0,0,-32287,0,0,0,0,0,2883301,0
2780776,9064,-1756,1274,-1021,230,-291,824,535,19,2311,1952,19334,309,33,79,16,0,0,0,0,0,0,0,-32288,0,0,0,0,0,2883316,0
2780781,9148,-1796,1314,-1045,242,-304,941,518,-6,2285,1904,19334,309,33,79,16,0,0,0,0,0,0,0,-32287,0,0,0,0,0,2883321,0
2780786,9312,-1788,1350,-1042,266,-293,1055,493,-39,2287,1800,19333,321,33,79,16,0,0,0,0,0,0,0,-32286,0,0,0,0,0,2883336,0
2780791,9174,-1610,1476,-1119,311,-292,1155,440,-71,2271,1664,19333,321,33,79,16,0,0,0,0,0,0,0,-32286,0,0,0,0,0,2883341,0
2780796,9188,-1900,1512,-1281,450,-247,1245,381,-107,2253,1616,19335,316,33,79,16,0,0,0,0,0,0,0,-32285,0,0,0,0,0,2883356,0
2780801,9058,-1832,1626,-1291,478,-255,1324,349,-143,2229,1520,19335,316,33,79,16,0,0,0,0,0,0,0,-32286,0,0,0,0,0,2883361,0
2780806,9092,-2066,1618,-1267,530,-237,1396,315,-152,2206,1472,19335,290,33,79,16,0,0,0,0,0,0,0,-32287,0,0,0,0,0,2883375,0
2780811,8924,-2054,1622,-1233,531,-240,1463,290,-140,2217,1320,19335,290,33,79,16,0,0,0,0,0,0,0,-32287,0,0,0,0,0,2883380,0
2780816,8604,-1902,1486,-1366,581,-186,1517,226,-133,2174,1224,19338,265,33,79,16,0,0,0,0,0,0,0,-32288,0,0,0,0,0,2883395,0
2780821,8684,-2156,1244,-1449,600,-155,1558,176,-135,2168,1080,19338,265,33,79,16,0,0,0,0,0,0,0,-32288,0,0,0,0,0,2883400,0
2780826,8572,-2312,1250,-1489,548,-130,1589,132,-154,2156,944,19345,230,33,79,16,0,0,0,0,0,0,0,-32287,0,0,0,0,0,2883416,0
2780831,8748,-2860,1244,-1640,556,-70,1604,58,-180,2125,872,19345,230,33,79,16,0,0,0,0,0,0,0,-32287,0,0,0,0,0,2883421,0
2780836,10078,-4046,1760,-1768,563,-22,1613,38,-182,2078,848,19354,218,33,79,16,0,0,0,0,0,0,0,-32287,0,0,0,0,0,2883435,0
2780841,10644,-4682,1994,-1744,537,21,1624,47,-150,2031,880,19354,218,33,79,16,0,0,0,0,0,0,0,-32288,0,0,0,0,0,2883440,0
2780846,11256,-5236,1938,-1738,450,73,1636,56,-93,1998,872,19359,191,33,79,16,0,0,0,0,0,0,0,-32287,0,0,0,0,0,2883455,0
2780851,11922,-5718,1680,-1788,382,148,1647,50,-35,1987,832,19359,191,33,79,16,0,0,0,0,0,0,0,-32288,0,0,0,0,0,2883460,0
2780856,12822,-6320,1334,-1902,358,294,1656,39,-6,1959,800,19360,170,33,79,16,0,0,0,0,0,0,0,-32288,0,0,0,0,0,2883475,0
2780861,12874,-6518,1290,-1859,388,318,1665,46,-4,1911,800,19360,170,33,79,16,0,0,0,0,0,0,0,-32287,0,0,0,0,0,2883480,0
2780866,12924,-6592,1384,-1657,395,284,1690,110,12,1848,936,19359,155,33,79,16,0,0,0,0,0,0,0,-32287,0,0,0,0,0,2883495,0
2780871,12762,-6684,1536,-1406,455,247,1724,158,61,1805,1056,19359,155,33,79,16,0,0,0,0,0,0,0,-32287,0,0,0,0,0,2883500,0
2780876,11106,-6710,2256,-1343,657,202,1771,219,120,1752,1224,19362,163,33,79,16,0,0,0,0,0,0,0,-32287,0,0,0,0,0,2883515,0
2780881,11732,-7628,1884,-827,670,99,1831,273,164,1757,1256,19362,163,33,79,16,0,0,0,0,0,0,0,-32287,0,0,0,0,0,2883520,0
2780886,10712,-7086,1812,-520,505,21,1897,299,184,1725,1312,19362,166,33,79,16,0,0,0,0,0,0,0,-32287,0,0,0,0,0,2883535,0
2780891,10442,-6508,1562,-516,485,-59,1965,298,149,1705,1216,19362,166,33,79,16,0,0,0,0,0,0,0,-32286,0,0,0,0,0,2883540,0
2780896,9066,-6428,1238,-878,538,-55,2030,286,96,1636,1256,19359,168,33,79,16,0,0,0,0,0,0,0,-32286,0,0,0,0,0,2883555,0
2780901,8060,-6816,1296,-866,498,-63,2095,291,39,1607,1200,19359,168,33,79,16,0,0,0,0,0,0,0,-32286,0,0,0,0,0,2883560,0
2780906,7010,-7166,1274,-657,387,-52,2162,296,3,1550,1256,19357,166,33,79,16,0,0,0,0,0,0,0,-32286,0,0,0,0,0,2883575,0
2780911,5986,-7060,1304,-347,256,-59,2233,317,9,1527,1224,19357,166,33,79,16,0,0,0,0,0,0,0,-32287,0,0,0,0,0,2883580,0
2780916,4552,-6288,1244,37,85,0,2309,335,30,1476,1240,19356,172,33,79,16,0,0,0,0,0,0,0,-32287,0,0,0,0,0,2883595,0
2780921,4146,-5886,1212,69,81,80,2386,339,45,1456,1256,19356,172,33,79,16,0,0,0,0,0,0,0,-32288,0,0,0,0,0,2883600,0
2780926,3706,-5410,1232,41,97,120,2463,338,44,1386,1272,19359,176,33,79,16,0,0,0,0,0,0,0,-32287,0,0,0,0,0,2883615,0
2780931,3580,-5124,1186,128,86,160,2548,372,45,1333,1352,19359,176,33,79,16,0,0,0,0,0,0,0,-32287,0,0,0,0,0,2883620,0
2780936,3218,-4576,1086,367,-15,197,2642,420,57,1294,1456,19359,176,33,79,16,0,0,0,0,0,0,0,-32286,0,0,0,0,0,2883635,0
2780941,3446,-4226,846,456,-54,212,2750,472,94,1250,1512,19359,176,33,79,16,0,0,0,0,0,0,0,-32286,0,0,0,0,0,2883640,0
2780946,3410,-3676,790,496,-162,233,2870,528,144,1235,1600,19360,173,33,79,16,0,0,0,0,0,0,0,-32286,0,0,0,0,0,2883655,0
2780951,3586,-3146,646,518,-256,193,3003,587,180,1196,1736,19360,173,33,79,16,0,0,0,0,0,0,0,-32287,0,0,0,0,0,2883660,0
2780956,3862,-1960,418,344,-217,153,3149,647,190,1148,1856,19359,172,33,79,16,0,0,0,0,0,0,0,-32287,0,0,0,0,0,2883675,0
2780961,3858,-1774,254,261,-208,134,3309,709,199,1090,1992,19359,172,33,79,16,0,0,0,0,0,0,0,-32287,0,0,0,0,0,2883680,0
2780966,3882,-1872,136,190,-180,116,3480,760,201,1022,2016,19357,172,33,79,16,0,0,0,0,0,0,0,-32287,0,0,0,0,0,2883695,0
2780971,3794,-1896,40,167,-192,80,3662,810,194,980,2120,19357,172,33,79,16,0,0,0,0,0,0,0,-32286,0,0,0,0,0,2883700,0
2780976,3954,-2336,-226,227,-260,30,3855,853,186,921,2152,19356,175,33,79,16,0,0,0,0,0,0,0,-32287,0,0,0,0,0,2883715,0
2780981,3980,-2582,-292,190,-313,22,4053,876,160,897,2168,19356,175,33,79,16,0,0,0,0,0,0,0,-32287,0,0,0,0,0,2883720,0
2780986,4122,-2814,-176,170,-364,20,4256,897,137,824,2160,19356,177,33,79,16,0,0,0,0,0,0,0,-32287,0,0,0,0,0,2883735,0
2780991,4422,-3156,-104,123,-395,45,4458,883,95,813,2112,19356,177,33,79,16,0,0,0,0,0,0,0,-32286,0,0,0,0,0,2883740,0
2780996,4940,-4042,274,78,-505,108,4653,854,42,734,1976,19359,167,33,79,16,0,0,0,0,0,0,0,-32287,0,0,0,0,0,2883755,0
2781001,5062,-4636,564,16,-527,176,4836,791,-25,710,1832,19359,167,33,79,16,0,0,0,0,0,0,0,-32287,0,0,0,0,0,2883760,0
2781006,5406,-4958,840,-44,-553,239,4999,712,-107,645,1648,19360,160,33,79,16,0,0,0,0,0,0,0,-32287,0,0,0,0,0,2883775,0
2781011,5788,-5382,1076,-111,-511,322,5142,614,-195,617,1352,19360,160,33,79,16,0,0,0,0,0,0,0,-32286,0,0,0,0,0,2883780,0
2781016,5988,-6150,1258,-275,-497,530,5254,481,-276,550,1008,19363,149,33,79,16,0,0,0,0,0,0,0,-32287,0,0,0,0,0,2883795,0
2781021,6264,-6500,1070,-349,-492,641,5321,367,-353,483,704,19363,149,33,79,16,0,0,0,0,0,0,0,-32287,0,0,0,0,0,2883800,0
2781026,6210,-6446,986,-384,-513,727,5380,245,-408,469,416,19368,125,33,79,16,0,0,0,0,0,0,0,-32287,0,0,0,0,0,2883815,0
2781031,6246,-6418,804,-432,-506,799,5411,129,-440,448,128,19368,125,33,79,16,0,0,0,0,0,0,0,-32287,0,0,0,0,0,2883820,0
2781036,6126,-6030,386,-595,-470,891,5410,-16,-451,393,40,19373,100,33,79,16,0,0,0,0,0,0,0,-32287,0,0,0,0,0,2883835,0
2781041,6222,-5916,222,-569,-431,865,5389,-95,-430,310,8,19373,100,33,79,16,0,0,0,0,0,0,0,-32287,0,0,0,0,0,2883839,0
2781046,6278,-5564,104,-400,-447,784,5365,-112,-358,251,8,19380,75,33,79,16,0,0,0,0,0,0,0,-32287,0,0,0,0,0,2883854,0
2781051,6448,-5304,-26,-210,-474,700,5343,-94,-238,207,-8,19380,75,33,79,16,0,0,0,0,0,0,0,-32286,0,0,0,0,0,2883859,0
2781056,6364,-4624,-236,-244,-541,573,5315,-117,-127,163,-16,19381,70,33,79,16,0,0,0,0,0,0,0,-32287,0,0,0,0,0,2883874,0
2781061,6590,-4448,-420,-194,-581,484,5292,-100,-32,112,-24,19381,70,33,79,16,0,0,0,0,0,0,0,-32287,0,0,0,0,0,2883879,0
2781066,6498,-4540,-498,-175,-640,445,5270,-103,1,76,-48,19381,72,33,79,16,0,0,0,0,0,0,0,-32287,0,0,0,0,0,2883894,0
2781071,6394,-4416,-398,-182,-708,380,5241,-127,-8,31,-56,19381,72,33,79,16,0,0,0,0,0,0,0,-32286,0,0,0,0,0,2883899,0
2781076,6776,-4364,-324,-23,-795,252,5214,-126,-13,-13,-88,19379,77,33,79,16,0,0,0,0,0,0,0,-32287,0,0,0,0,0,2883914,0
2781081,6894,-4070,56,95,-857,141,5179,-159,-34,-55,-112,19379,77,33,79,16,0,0,0,0,0,0,0,-32287,0,0,0,0,0,2883919,0
2781086,7268,-4124,176,279,-877,75,5144,-152,-52,-100,-152,19379,79,33,79,16,0,0,0,0,0,0,0,-32287,0,0,0,0,0,2883934,0
2781091,7332,-4076,364,425,-912,6,5104,-186,-49,-133,-216,19379,79,33,79,16,0,0,0,0,0,0,0,-32287,0,0,0,0,0,2883939,0
2781096,7906,-3634,370,634,-942,-136,5053,-237,-69,-169,-384,19378,77,33,79,16,0,0,0,0,0,0,0,-32287,0,0,0,0,0,2883954,0
2781101,7958,-3336,464,698,-936,-186,4987,-289,-112,-200,-560,19378,77,33,79,16,0,0,0,0,0,0,0,-32287,0,0,0,0,0,2883959,0
2781106,7968,-3082,408,703,-894,-199,4914,-334,-148,-259,-720,19376,80,33,79,16,0,0,0,0,0,0,0,-32287,0,0,0,0,0,2883974,0
2781111,7906,-2726,340,634,-880,-243,4827,-384,-173,-298,-928,19376,80,33,79,16,0,0,0,0,0,0,0,-32286,0,0,0,0,0,2883979,0
2781116,7690,-2900,116,502,-785,-229,4723,-470,-190,-344,-1192,19375,86,33,79,16,0,0,0,0,0,0,0,-32287,0,0,0,0,0,2883994,0
2781121,7650,-3268,116,358,-629,-71,4597,-568,-218,-425,-1440,19375,86,33,79,16,0,0,0,0,0,0,0,-32286,0,0,0,0,0,2883999,0
2781126,6408,-2626,328,-78,-477,77,4448,-660,-210,-498,-1624,19375,90,33,79,16,0,0,0,0,0,0,0,-32287,0,0,0,0,0,2884014,0
2781131,6584,-2868,-90,-388,-458,208,4283,-732,-220,-543,-1800,19375,90,33,79,16,0,0,0,0,0,0,0,-32287,0,0,0,0,0,2884019,0
2781136,6290,-2892,-130,-451,-326,280,4101,-816,-218,-594,-2016,19372,100,33,79,16,0,0,0,0,0,0,0,-32287,0,0,0,0,0,2884034,0
2781141,6308,-3344,96,-122,-392,270,3906,-866,-227,-654,-2096,19372,100,33,79,16,0,0,0,0,0,0,0,-32286,0,0,0,0,0,2884039,0
2781146,6124,-3604,104,-79,-457,414,3697,-922,-224,-693,-2248,19370,119,33,79,16,0,0,0,0,0,0,0,-32287,0,0,0,0,0,2884054,0
2781151,5954,-6194,36,-1735,76,1379,3492,-889,-259,-813,-2072,19370,119,33,79,16,0,0,0,0,0,0,0,-32287,0,0,0,0,0,2884059,0
2781156,10010,-6434,848,-2002,1577,1640,3301,-828,-103,-814,-1936,19366,144,33,79,16,0,0,0,0,0,0,0,-32287,0,0,0,0,0,2884074,0
2781161,1706,-4526,3890,-1770,1053,1523,3137,-705,44,-901,-1528,19366,144,33,79,16,0,0,0,0,0,0,0,-32286,0,0,0,0,0,2884079,0
2781166,5758,-8114,982,-463,510,1391,3013,-529,225,-931,-1176,19365,157,33,79,16,0,0,0,0,0,0,0,-32286,0,0,0,0,0,2884094,0
2781171,5608,-6794,366,1052,214,1293,2932,-348,404,-936,-928,19365,157,33,79,16,0,0,0,0,0,0,0,-32286,0,0,0,0,0,2884099,0
2781176,6734,-2380,-1190,1276,-424,1006,2883,-201,515,-1037,-632,19367,152,33,79,16,0,0,0,0,0,0,0,-32287,0,0,0,0,0,2884114,0
2781181,6994,-1200,-1640,760,-591,957,2862,-85,557,-1140,-472,19367,152,33,79,16,0,0,0,0,0,0,0,-32287,0,0,0,0,0,2884119,0
2781186,7050,-1234,-1858,342,-870,848,2854,-30,498,-1175,-424,19369,138,33,79,16,0,0,0,0,0,0,0,-32287,0,0,0,0,0,2884134,0
2781191,7924,-1490,-2624,411,-1154,730,2853,-6,383,-1208,-416,19369,138,33,79,16,0,0,0,0,0,0,0,-32287,0,0,0,0,0,2884139,0
2781196,7538,-2734,-824,167,-1114,647,2854,-3,244,-1252,-424,19371,106,33,79,16,0,0,0,0,0,0,0,-32287,0,0,0,0,0,2884154,0
2781201,7916,-3118,-514,273,-1107,636,2854,0,129,-1304,-464,19371,106,33,79,16,0,0,0,0,0,0,0,-32287,0,0,0,0,0,2884159,0
2781206,7726,-3144,-12,279,-1051,636,2854,0,53,-1364,-464,19370,101,33,79,16,0,0,0,0,0,0,0,-32287,0,0,0,0,0,2884174,0
2781211,7770,-3118,254,217,-989,640,2854,0,12,-1387,-472,19370,101,33,79,16,0,0,0,0,0,0,0,-32287,0,0,0,0,0,2884179,0
2781216,7940,-3292,936,109,-724,644,2854,5,1,-1385,-464,19371,100,33,79,16,0,0,0,0,0,0,0,-32287,0,0,0,0,0,2884194,0
2781221,8082,-3572,958,202,-619,633,2854,3,-1,-1388,-472,19371,100,33,79,16,0,0,0,0,0,0,0,-32287,0,0,0,0,0,2884199,0
2781226,8024,-3696,1016,339,-550,623,2855,5,1,-1386,-472,19371,111,33,79,16,0,0,0,0,0,0,0,-32287,0,0,0,0,0,2884214,0
2781231,8034,-3646,946,427,-505,609,2854,1,-1,-1390,-472,19371,111,33,79,16,0,0,0,0,0,0,0,-32287,0,0,0,0,0,2884219,0
2781236,7862,-3558,642,449,-364,601,2855,0,-1,-1386,-472,19372,115,33,79,16,0,0,0,0,0,0,0,-32287,0,0,0,0,0,2884245,0
2781241,7734,-3522,490,430,-311,597,2857,7,-3,-1387,-464,19372,115,33,79,16,0,0,0,0,0,0,0,-32287,0,0,0,0,0,2884247,0
2781246,7606,-3496,416,429,-289,585,2858,9,8,-1386,-464,19373,111,33,79,16,0,0,0,0,0,0,0,-32287,0,0,0,0,0,2884256,0
2781251,7410,-3482,384,432,-270,571,2859,14,3,-1384,-464,19373,111,33,79,16,0,0,0,0,0,0,0,-32287,0,0,0,0,0,2884261,0
2781256,7194,-3542,306,452,-167,574,2861,10,0,-1387,-456,19371,105,33,79,16,0,0,0,0,0,0,0,-32287,0,0,0,0,0,2884276,0
2781261,7088,-3578,354,491,-122,575,2862,10,3,-1387,-472,19371,105,33,79,16,0,0,0,0,0,0,0,-32287,0,0,0,0,0,2884281,0
2781266,7074,-3694,346,545,-103,575,2864,14,4,-1388,-456,19371,107,33,79,16,0,0,0,0,0,0,0,-32286,0,0,0,0,0,2884296,0
2781271,7104,-3672,340,591,-108,565,2869,18,4,-1393,-432,19371,107,33,79,16,0,0,0,0,0,0,0,-32287,0,0,0,0,0,2884301,0
2781276,7198,-3624,302,678,-93,544,2874,28,10,-1399,-432,19372,108,33,79,16,0,0,0,0,0,0,0,-32287,0,0,0,0,0,2884316,0
2781281,7244,-3558,252,757,-114,490,2888,62,30,-1407,-312,19372,108,33,79,16,0,0,0,0,0,0,0,-32287,0,0,0,0,0,2884321,0
2781286,7258,-3492,128,848,-151,440,2910,104,54,-1428,-264,19371,115,33,79,16,0,0,0,0,0,0,0,-32287,0,0,0,0,0,2884335,0
2781291,7220,-3544,20,924,-187,436,2936,105,84,-1395,-256,19371,115,33,79,16,0,0,0,0,0,0,0,-32287,0,0,0,0,0,2884340,0
2781296,7230,-3044,-122,891,-263,380,2964,122,84,-1406,-192,19371,107,33,79,16,0,0,0,0,0,0,0,-32287,0,0,0,0,0,2884355,0
2781301,7320,-3190,-238,934,-246,375,2997,148,78,-1407,-176,19371,107,33,79,16,0,0,0,0,0,0,0,-32287,0,0,0,0,0,2884360,0
2781306,7050,-3060,-228,957,-323,322,3038,186,70,-1387,-128,19373,98,33,79,16,0,0,0,0,0,0,0,-32286,0,0,0,0,0,2884375,0
2781311,7314,-3070,-380,1122,-390,282,3088,225,77,-1393,-96,19373,98,33,79,16,0,0,0,0,0,0,0,-32286,0,0,0,0,0,2884380,0
2781316,7344,-2966,-460,1250,-517,203,3150,280,120,-1374,-72,19376,88,33,79,16,0,0,0,0,0,0,0,-32286,0,0,0,0,0,2884395,0
2781321,7300,-2822,-500,1306,-577,184,3222,318,143,-1368,-40,19376,88,33,79,16,0,0,0,0,0,0,0,-32286,0,0,0,0,0,2884400,0
2781326,7226,-2764,-502,1287,-625,179,3298,331,148,-1367,-48,19379,75,33,79,16,0,0,0,0,0,0,0,-32286,0,0,0,0,0,2884415,0
2781331,7338,-2816,-502,1239,-615,188,3372,316,115,-1387,-64,19379,75,33,79,16,0,0,0,0,0,0,0,-32287,0,0,0,0,0,2884420,0
2781336,7402,-2826,-248,1107,-495,231,3440,297,57,-1395,-88,19381,55,33,79,16,0,0,0,0,0,0,0,-32286,0,0,0,0,0,2884435,0
2781341,7496,-2924,-152,1073,-427,242,3505,284,-9,-1399,-72,19381,55,33,79,16,0,0,0,0,0,0,0,-32287,0,0,0,0,0,2884440,0
2781346,7600,-3094,-66,1130,-371,258,3569,291,-41,-1388,-88,19381,56,33,79,16,0,0,0,0,0,0,0,-32287,0,0,0,0,0,2884455,0
2781351,7426,-3102,56,1178,-353,277,3635,297,-36,-1385,-64,19381,56,33,79,16,0,0,0,0,0,0,0,-32287,0,0,0,0,0,2884460,0
2781356,7774,-3048,-6,1287,-310,285,3704,309,-12,-1384,-80,19384,57,33,79,16,0,0,0,0,0,0,0,-32287,0,0,0,0,0,2884475,0
2781361,7582,-2796,88,1228,-309,275,3771,295,10,-1387,-64,19384,57,33,79,16,0,0,0,0,0,0,0,-32286,0,0,0,0,0,2884480,0
2781366,7984,-2632,94,1186,-271,257,3840,302,18,-1392,-64,19384,61,33,79,16,0,0,0,0,0,0,0,-32286,0,0,0,0,0,2884495,0
2781371,8022,-2678,140,1142,-198,264,3910,309,6,-1389,-56,19384,61,33,79,16,0,0,0,0,0,0,0,-32286,0,0,0,0,0,2884500,0
2781376,8126,-2628,268,1156,-115,189,3986,339,16,-1384,-48,19385,63,33,79,16,0,0,0,0,0,0,0,-32286,0,0,0,0,0,2884515,0
2781381,8152,-2652,372,1247,-94,131,4069,370,38,-1384,-32,19385,63,33,79,16,0,0,0,0,0,0,0,-32286,0,0,0,0,0,2884520,0
2781386,8312,-2720,304,1328,-72,78,4166,430,87,-1370,-8,19384,49,33,79,16,0,0,0,0,0,0,0,-32287,0,0,0,0,0,2884535,0
2781391,8384,-2718,194,1374,-69,45,4266,445,115,-1365,24,19384,49,33,79,16,0,0,0,0,0,0,0,-32287,0,0,0,0,0,2884540,0
2781396,8522,-2574,38,1366,-22,-22,4375,477,126,-1364,32,19384,38,33,79,16,0,0,0,0,0,0,0,-32287,0,0,0,0,0,2884555,0
2781401,8448,-2384,34,1376,-39,-97,4489,508,113,-1371,24,19384,38,33,79,16,0,0,0,0,0,0,0,-32287,0,0,0,0,0,2884560,0
2781406,8566,-2458,-60,1390,-30,-135,4611,546,110,-1349,48,19383,40,33,79,16,0,0,0,0,0,0,0,-32286,0,0,0,0,0,2884575,0
2781411,8456,-2620,-72,1388,-40,-130,4736,548,99,-1365,64,19383,40,33,79,16,0,0,0,0,0,0,0,-32286,0,0,0,0,0,2884580,0
2781416,8368,-2496,-186,1257,-23,-149,4858,527,71,-1398,24,19384,33,33,79,16,0,0,0,0,0,0,0,-32286,0,0,0,0,0,2884595,0
2781421,8222,-2386,-74,1219,-15,-172,4978,532,39,-1399,32,19384,33,33,79,16,0,0,0,0,0,0,0,-32287,0,0,0,0,0,2884600,0
2781426,8238,-2502,-136,1243,-5,-185,5100,538,5,-1381,48,19386,36,33,79,16,0,0,0,0,0,0,0,-32287,0,0,0,0,0,2884615,0
2781431,8050,-2538,-84,1243,-10,-170,5222,535,-8,-1386,32,19386,36,33,79,16,0,0,0,0,0,0,0,-32287,0,0,0,0,0,2884620,0
2781436,8036,-2294,-118,1222,13,-171,5340,525,-7,-1405,24,19388,27,33,79,16,0,0,0,0,0,0,0,-32287,0,0,0,0,0,2884635,0
2781441,7834,-2144,-42,1197,-8,-179,5459,527,-9,-1405,56,19388,27,33,79,16,0,0,0,0,0,0,0,-32286,0,0,0,0,0,2884640,0
2781446,7764,-1990,-108,1171,10,-177,5577,519,-13,-1375,32,19388,28,33,79,16,0,0,0,0,0,0,0,-32286,0,0,0,0,0,2884655,0
2781451,7596,-2074,-36,1128,5,-171,5694,505,-16,-1395,32,19388,28,33,79,16,0,0,0,0,0,0,0,-32288,0,0,0,0,0,2884660,0
2781456,7792,-1722,112,1075,53,-134,5802,474,-24,-1404,0,19389,32,33,79,16,0,0,0,0,0,0,0,-32287,0,0,0,0,0,2884675,0
2781461,7918,-1668,208,1005,104,-132,5909,467,-46,-1405,-8,19389,32,33,79,16,0,0,0,0,0,0,0,-32287,0,0,0,0,0,2884680,0
2781466,8026,-1450,152,925,181,-123,6008,437,-67,-1386,-32,19388,31,33,79,16,0,0,0,0,0,0,0,-32287,0,0,0,0,0,2884695,0
2781471,7790,-1700,168,776,203,-86,6097,395,-85,-1405,-40,19388,31,33,79,16,0,0,0,0,0,0,0,-32286,0,0,0,0,0,2884700,0
2781476,8178,-1902,138,658,292,-79,6178,349,-105,-1400,-64,19388,34,33,79,16,0,0,0,0,0,0,0,-32286,0,0,0,0,0,2884715,0
2781481,8210,-2072,284,603,291,-124,6251,322,-123,-1404,-56,19388,34,33,79,16,0,0,0,0,0,0,0,-32286,0,0,0,0,0,2884720,0
2781486,8740,-2594,230,652,331,-163,6327,333,-109,-1389,-40,19384,42,33,79,16,0,0,0,0,0,0,0,-32286,0,0,0,0,0,2884735,0
2781491,8844,-3032,222,731,339,-220,6407,359,-66,-1381,-40,19384,42,33,79,16,0,0,0,0,0,0,0,-32286,0,0,0,0,0,2884740,0
2781496,9570,-4100,22,990,295,-303,6490,358,-8,-1379,-40,19382,54,33,79,16,0,0,0,0,0,0,0,-32287,0,0,0,0,0,2884755,0
2781501,9704,-4246,-40,1059,218,-371,6575,375,32,-1386,-32,19382,54,33,79,16,0,0,0,0,0,0,0,-32287,0,0,0,0,0,2884760,0
2781506,9948,-4710,-266,1052,159,-389,6660,375,42,-1379,-24,19381,57,33,79,16,0,0,0,0,0,0,0,-32287,0,0,0,0,0,2884775,0
2781511,9812,-4806,-258,1050,-7,-443,6746,380,31,-1387,-32,19381,57,33,79,16,0,0,0,0,0,0,0,-32287,0,0,0,0,0,2884780,0
2781516,9630,-5338,-462,1154,-454,-519,6835,388,20,-1386,-24,19382,62,33,79,16,0,0,0,0,0,0,0,-32287,0,0,0,0,0,2884795,0
2781521,9506,-5418,-546,1184,-707,-493,6922,379,21,-1383,-48,19382,62,33,79,16,0,0,0,0,0,0,0,-32287,0,0,0,0,0,2884800,0
2781526,9126,-5160,-482,1136,-943,-462,6998,325,-13,-1389,-72,19384,53,33,79,16,0,0,0,0,0,0,0,-32286,0,0,0,0,0,2884815,0
2781531,9134,-4632,-288,1060,-1094,-436,7058,257,-62,-1392,-136,19384,53,33,79,16,0,0,0,0,0,0,0,-32286,0,0,0,0,0,2884820,0
2781536,8736,-3716,450,841,-1201,-317,7101,175,-139,-1386,-248,19383,55,33,79,16,0,0,0,0,0,0,0,-32286,0,0,0,0,0,2884835,0
2781541,8636,-2946,936,734,-1125,-323,7121,91,-218,-1371,-328,19383,55,33,79,16,0,0,0,0,0,0,0,-32286,0,0,0,0,0,2884840,0
2781546,8742,-2432,1344,692,-973,-338,7131,37,-256,-1368,-432,19381,61,33,79,16,0,0,0,0,0,0,0,-32286,0,0,0,0,0,2884855,0
2781551,8558,-2248,1556,650,-833,-348,7132,-2,-251,-1356,-472,19381,61,33,79,16,0,0,0,0,0,0,0,-32287,0,0,0,0,0,2884860,0
2781556,8818,-2200,1498,635,-674,-469,7131,-6,-197,-1384,-472,19377,85,33,79,16,0,0,0,0,0,0,0,-32286,0,0,0,0,0,2884874,0
2781561,8930,-2366,1318,681,-662,-528,7129,-6,-118,-1388,-472,19377,85,33,79,16,0,0,0,0,0,0,0,-32286,0,0,0,0,0,2884879,0
2781566,9000,-2432,1118,714,-676,-618,7130,-6,-59,-1386,-480,19379,111,33,79,16,0,0,0,0,0,0,0,-32287,0,0,0,0,0,2884894,0
2781571,9450,-2554,782,742,-607,-701,7126,-19,-25,-1381,-512,19379,111,33,79,16,0,0,0,0,0,0,0,-32286,0,0,0,0,0,2884899,0
2781576,9734,-2978,426,642,-513,-866,7121,-31,-10,-1370,-568,19379,117,33,79,16,0,0,0,0,0,0,0,-32286,0,0,0,0,0,2884914,0
2781581,9792,-3540,136,571,-432,-917,7109,-48,-31,-1360,-672,19379,117,33,79,16,0,0,0,0,0,0,0,-32286,0,0,0,0,0,2884919,0
2781586,9636,-4132,4,475,-399,-942,7082,-126,-63,-1316,-912,19378,113,33,79,16,0,0,0,0,0,0,0,-32286,0,0,0,0,0,2884934,0
2781591,9400,-4704,-6,321,-357,-941,7031,-227,-133,-1320,-1096,19378,113,33,79,16,0,0,0,0,0,0,0,-32286,0,0,0,0,0,2884939,0
2781596,8770,-5710,348,-52,-264,-869,6952,-359,-233,-1352,-1408,19371,120,33,79,16,0,0,0,0,0,0,0,-32286,0,0,0,0,0,2884954,0
2781601,8278,-6484,578,-202,-201,-784,6847,-476,-321,-1337,-1736,19371,120,33,79,16,0,0,0,0,0,0,0,-32286,0,0,0,0,0,2884959,0
2781606,7518,-6942,858,-342,-176,-698,6710,-612,-399,-1383,-2064,19367,148,33,79,16,0,0,0,0,0,0,0,-32287,0,0,0,0,0,2884974,0
2781611,6970,-7604,1048,-437,-105,-584,6538,-766,-439,-1398,-2352,19367,148,33,79,16,0,0,0,0,0,0,0,-32287,0,0,0,0,0,2884979,0
2781616,5460,-8568,1334,-529,12,-311,6333,-917,-481,-1393,-2696,19358,192,33,79,16,0,0,0,0,0,0,0,-32286,0,0,0,0,0,2884994,0
2781621,4762,-8822,1468,-477,47,-192,6094,-1051,-499,-1379,-2936,19358,192,33,79,16,0,0,0,0,0,0,0,-32286,0,0,0,0,0,2884999,0
2781626,4242,-8992,1572,-350,64,-52,5827,-1191,-505,-1377,-3232,19348,228,33,79,16,0,0,0,0,0,0,0,-32288,0,0,0,0,0,2885014,0
2781631,3612,-9148,1648,-239,67,69,5532,-1309,-493,-1393,-3544,19348,228,33,79,16,0,0,0,0,0,0,0,-32287,0,0,0,0,0,2885019,0
2781636,2904,-8616,1526,-88,125,289,5210,-1424,-458,-1370,-3696,19338,260,33,79,16,0,0,0,0,0,0,0,-32286,0,0,0,0,0,2885034,0
2781641,2824,-8712,1418,35,157,376,4867,-1525,-426,-1398,-3928,19338,260,33,79,16,0,0,0,0,0,0,0,-32288,0,0,0,0,0,2885039,0
2781646,2580,-8424,1424,232,88,428,4502,-1607,-396,-1403,-4120,19331,298,33,79,16,0,0,0,0,0,0,0,-32286,0,0,0,0,0,2885054,0
2781651,2748,-8540,1278,382,81,533,4122,-1677,-343,-1406,-4216,19331,298,33,79,16,0,0,0,0,0,0,0,-32287,0,0,0,0,0,2885059,0
2781656,3204,-7728,1078,686,14,619,3733,-1720,-296,-1409,-4288,19326,336,33,79,16,0,0,0,0,0,0,0,-32286,0,0,0,0,0,2885074,0
2781661,3452,-7258,996,880,-69,630,3335,-1747,-235,-1396,-4352,19326,336,33,79,16,0,0,0,0,0,0,0,-32287,0,0,0,0,0,2885079,0
2781666,4040,-7242,824,1062,-174,683,2936,-1760,-166,-1390,-4408,19323,362,33,79,16,0,0,0,0,0,0,0,-32286,0,0,0,0,0,2885094,0
2781671,4440,-6372,606,1148,-286,682,2533,-1774,-111,-1392,-4440,19323,362,33,79,16,0,0,0,0,0,0,0,-32287,0,0,0,0,0,2885099,0
2781676,5822,-5190,476,1146,-393,677,2131,-1780,-65,-1384,-4464,19320,387,33,79,16,0,0,0,0,0,0,0,-32286,0,0,0,0,0,2885114,0
2781681,6474,-4908,342,1113,-483,697,1721,-1805,-48,-1366,-4496,19320,387,33,79,16,0,0,0,0,0,0,0,-32287,0,0,0,0,0,2885119,0
2781686,6782,-4112,168,1007,-584,688,1305,-1837,-48,-1363,-4600,19317,385,33,79,16,0,0,0,0,0,0,0,-32286,0,0,0,0,0,2885134,0
2781691,7718,-3600,350,878,-590,694,881,-1875,-77,-1377,-4640,19317,385,33,79,16,0,0,0,0,0,0,0,-32287,0,0,0,0,0,2885139,0
2781696,8698,-2812,576,543,-628,710,445,-1923,-103,-1391,-4632,19314,388,33,79,16,0,0,0,0,0,0,0,-32287,0,0,0,0,0,2885154,0
2781701,8974,-2028,956,304,-636,683,1,-1951,-127,-1398,-4672,19314,388,33,79,16,0,0,0,0,0,0,0,-32287,0,0,0,0,0,2885159,0
2781706,9656,-1790,1140,123,-547,664,-445,-1955,-126,-1412,-4680,19311,400,33,79,16,0,0,0,0,0,0,0,-32287,0,0,0,0,0,2885174,0
2781711,9932,-1444,1134,-35,-447,612,-886,-1941,-94,-1411,-4592,19311,400,33,79,16,0,0,0,0,0,0,0,-32286,0,0,0,0,0,2885179,0
2781716,10142,-946,2088,-317,-215,525,-1321,-1907,-34,-1417,-4560,19310,419,33,79,16,0,0,0,0,0,0,0,-32287,0,0,0,0,0,2885194,0
2781721,10080,-802,2036,-414,-51,463,-1743,-1844,43,-1398,-4448,19310,419,33,79,16,0,0,0,0,0,0,0,-32286,0,0,0,0,0,2885199,0
2781726,10332,-658,2106,-457,67,366,-2152,-1788,110,-1394,-4312,19309,423,33,79,16,0,0,0,0,0,0,0,-32287,0,0,0,0,0,2885214,0
2781731,10442,-846,2452,-531,289,301,-2542,-1715,170,-1394,-4176,19309,423,33,79,16,0,0,0,0,0,0,0,-32286,0,0,0,0,0,2885219,0
2781736,10334,-968,2588,-626,654,116,-2916,-1635,213,-1414,-3968,19311,407,33,79,16,0,0,0,0,0,0,0,-32287,0,0,0,0,0,2885234,0
2781741,10038,-1124,2696,-647,744,24,-3272,-1563,248,-1400,-3784,19311,407,33,79,16,0,0,0,0,0,0,0,-32286,0,0,0,0,0,2885239,0
2781746,10068,-1350,2676,-627,915,-73,-3608,-1473,260,-1406,-3528,19313,388,33,79,16,0,0,0,0,0,0,0,-32287,0,0,0,0,0,2885254,0
2781751,9826,-1484,2560,-632,1075,-174,-3925,-1382,275,-1393,-3312,19313,388,33,79,16,0,0,0,0,0,0,0,-32286,0,0,0,0,0,2885259,0
2781756,9300,-1944,2014,-664,1270,-317,-4221,-1296,287,-1402,-3200,19319,367,33,79,16,0,0,0,0,0,0,0,-32287,0,0,0,0,0,2885274,0
2781761,9110,-2300,1704,-671,1344,-370,-4503,-1221,289,-1379,-3064,19319,367,33,79,16,0,0,0,0,0,0,0,-32287,0,0,0,0,0,2885278,0
2781766,8760,-2648,1278,-673,1386,-407,-4768,-1159,280,-1383,-2896,19324,343,33,79,16,0,0,0,0,0,0,0,-32286,0,0,0,0,0,2885293,0
2781771,8456,-2844,1228,-673,1375,-423,-5019,-1097,260,-1389,-2824,19324,343,33,79,16,0,0,0,0,0,0,0,-32287,0,0,0,0,0,2885298,0
2781776,7844,-3322,720,-690,1301,-426,-5259,-1048,237,-1389,-2776,19333,311,33,79,16,0,0,0,0,0,0,0,-32288,0,0,0,0,0,2885313,0
2781781,7702,-3812,478,-717,1291,-398,-5491,-1023,207,-1379,-2672,19333,311,33,79,16,0,0,0,0,0,0,0,-32286,0,0,0,0,0,2885318,0
2781786,7258,-3684,386,-728,1213,-386,-5716,-987,168,-1370,-2608,19336,287,33,79,16,0,0,0,0,0,0,0,-32287,0,0,0,0,0,2885333,0
2781791,7202,-4108,272,-732,1174,-333,-5938,-982,135,-1368,-2616,19336,287,33,79,16,0,0,0,0,0,0,0,-32287,0,0,0,0,0,2885338,0
2781796,6744,-3970,364,-752,1066,-258,-6156,-963,98,-1405,-2640,19336,282,33,79,16,0,0,0,0,0,0,0,-32287,0,0,0,0,0,2885353,0
2781801,6414,-4022,388,-814,1028,-214,-6373,-961,65,-1382,-2576,19336,282,33,79,16,0,0,0,0,0,0,0,-32286,0,0,0,0,0,2885358,0
2781806,6354,-3842,396,-822,970,-200,-6592,-957,45,-1361,-2584,19336,271,33,79,16,0,0,0,0,0,0,0,-32287,0,0,0,0,0,2885373,0
2781811,6324,-4154,384,-824,991,-109,-6813,-974,12,-1406,-2696,19336,271,33,79,16,0,0,0,0,0,0,0,-32287,0,0,0,0,0,2885378,0
2781816,6128,-3928,716,-876,992,-44,-7036,-981,-8,-1398,-2608,19338,272,33,79,16,0,0,0,0,0,0,0,-32286,0,0,0,0,0,2885393,0
2781821,5940,-3920,894,-875,1018,-12,-7262,-996,-27,-1371,-2640,19338,272,33,79,16,0,0,0,0,0,0,0,-32286,0,0,0,0,0,2885398,0
2781826,5968,-3904,924,-851,1047,18,-7492,-1006,-35,-1389,-2664,19339,270,33,79,16,0,0,0,0,0,0,0,-32287,0,0,0,0,0,2885415,0
2781831,5886,-3782,910,-826,1073,49,-7724,-1021,-44,-1403,-2752,19339,270,33,79,16,0,0,0,0,0,0,0,-32286,0,0,0,0,0,2885420,0
2781836,5828,-3560,986,-886,1136,130,-7959,-1036,-45,-1403,-2736,19338,260,33,79,16,0,0,0,0,0,0,0,-32286,0,0,0,0,0,2885433,0
2781841,5812,-3692,960,-884,1206,187,-8195,-1042,-42,-1378,-2656,19338,260,33,79,16,0,0,0,0,0,0,0,-32287,0,0,0,0,0,2885438,0
2781846,5942,-3096,1044,-768,1178,119,-8433,-1035,-39,-1385,-2664,19342,263,33,79,16,0,0,0,0,0,0,0,-32287,0,0,0,0,0,2885453,0
2781851,6640,-3122,1034,-538,1265,139,-8670,-1045,-25,-1391,-2704,19342,263,33,79,16,0,0,0,0,0,0,0,-32286,0,0,0,0,0,2885458,0
2781856,6340,-2666,1544,-905,1490,217,-8902,-1025,-4,-1404,-2712,19344,266,33,79,16,0,0,0,0,0,0,0,-32287,0,0,0,0,0,2885473,0
2781861,6354,-3044,1374,-1043,1598,280,-9133,-1021,14,-1392,-2632,19344,266,33,79,16,0,0,0,0,0,0,0,-32287,0,0,0,0,0,2885478,0
2781866,6150,-3162,1284,-1015,1520,293,-9356,-980,38,-1374,-2520,19344,275,33,79,16,0,0,0,0,0,0,0,-32286,0,0,0,0,0,2885493,0
2781871,6272,-3466,1082,-875,1512,329,-9573,-946,57,-1392,-2520,19344,275,33,79,16,0,0,0,0,0,0,0,-32286,0,0,0,0,0,2885498,0
2781876,6362,-2920,1142,-766,1449,340,-9778,-899,96,-1391,-2328,19345,272,33,79,16,0,0,0,0,0,0,0,-32287,0,0,0,0,0,2885513,0
2781881,6358,-2634,1136,-809,1457,351,-9972,-853,120,-1374,-2328,19345,272,33,79,16,0,0,0,0,0,0,0,-32287,0,0,0,0,0,2885518,0
2781886,6446,-2624,1048,-886,1479,350,-10156,-804,152,-1400,-2120,19343,257,33,79,16,0,0,0,0,0,0,0,-32286,0,0,0,0,0,2885533,0
2781891,6444,-2676,974,-883,1478,342,-10326,-750,168,-1396,-2096,19343,257,33,79,16,0,0,0,0,0,0,0,-32286,0,0,0,0,0,2885538,0
2781896,6376,-2704,836,-817,1460,333,-10486,-702,177,-1387,-2000,19345,238,33,79,16,0,0,0,0,0,0,0,-32287,0,0,0,0,0,2885553,0
2781901,6446,-2526,834,-777,1435,302,-10632,-639,178,-1400,-1776,19345,238,33,79,16,0,0,0,0,0,0,0,-32287,0,0,0,0,0,2885558,0
2781906,6518,-2468,792,-765,1416,301,-10764,-578,191,-1356,-1688,19349,231,33,79,16,0,0,0,0,0,0,0,-32287,0,0,0,0,0,2885573,0
2781911,6452,-2278,704,-821,1386,285,-10880,-510,203,-1353,-1536,19349,231,33,79,16,0,0,0,0,0,0,0,-32287,0,0,0,0,0,2885578,0
2781916,6636,-2312,564,-890,1332,234,-10984,-447,214,-1369,-1376,19352,216,33,79,16,0,0,0,0,0,0,0,-32286,0,0,0,0,0,2885593,0
2781921,6668,-2496,506,-857,1267,229,-11070,-373,228,-1393,-1208,19352,216,33,79,16,0,0,0,0,0,0,0,-32286,0,0,0,0,0,2885598,0
2781926,6480,-2354,480,-856,1183,203,-11141,-310,232,-1384,-1168,19354,195,33,79,16,0,0,0,0,0,0,0,-32287,0,0,0,0,0,2885613,0
2781931,6504,-2444,402,-899,1154,208,-11205,-282,222,-1396,-1040,19354,195,33,79,16,0,0,0,0,0,0,0,-32287,0,0,0,0,0,2885618,0
2781936,6406,-2280,592,-1008,1194,216,-11257,-230,200,-1400,-968,19356,172,33,79,16,0,0,0,0,0,0,0,-32287,0,0,0,0,0,2885633,0
2781941,6268,-2202,794,-1064,1215,183,-11300,-177,175,-1405,-808,19356,172,33,79,16,0,0,0,0,0,0,0,-32287,0,0,0,0,0,2885638,0
2781946,6354,-2566,782,-1115,1259,204,-11333,-140,158,-1421,-696,19359,152,33,79,16,0,0,0,0,0,0,0,-32287,0,0,0,0,0,2885653,0
2781951,6184,-2234,898,-1104,1233,126,-11347,-51,164,-1443,-520,19359,152,33,79,16,0,0,0,0,0,0,0,-32287,0,0,0,0,0,2885658,0
2781956,6132,-2258,822,-1025,1148,69,-11342,29,201,-1452,-360,19363,139,33,79,16,0,0,0,0,0,0,0,-32287,0,0,0,0,0,2885673,0
2781961,6206,-2324,710,-1088,1114,61,-11328,72,229,-1424,-304,19363,139,33,79,16,0,0,0,0,0,0,0,-32287,0,0,0,0,0,2885678,0
2781966,6126,-2454,698,-1181,1159,101,-11312,72,215,-1392,-328,19367,114,33,79,16,0,0,0,0,0,0,0,-32287,0,0,0,0,0,2885693,0
2781971,5752,-2502,910,-1299,1237,166,-11304,30,138,-1358,-440,19367,114,33,79,16,0,0,0,0,0,0,0,-32287,0,0,0,0,0,2885698,0
2781976,5504,-2760,1352,-1423,1482,255,-11304,-3,23,-1358,-472,19371,98,33,79,16,0,0,0,0,0,0,0,-32287,0,0,0,0,0,2885713,0
2781981,5460,-2846,1486,-1364,1580,264,-11305,-1,-46,-1383,-464,19371,98,33,79,16,0,0,0,0,0,0,0,-32287,0,0,0,0,0,2885718,0
2781986,5416,-2858,1408,-1289,1632,291,-11303,9,-64,-1394,-424,19376,97,33,79,16,0,0,0,0,0,0,0,-32287,0,0,0,0,0,2885732,0
2781991,5398,-2794,1282,-1232,1655,302,-11297,26,-35,-1397,-416,19376,97,33,79,16,0,0,0,0,0,0,0,-32287,0,0,0,0,0,2885737,0
2781996,5576,-2472,1104,-1222,1658,312,-11287,57,19,-1403,-344,19376,106,33,79,16,0,0,0,0,0,0,0,-32287,0,0,0,0,0,2885752,0
2782001,5582,-2322,1094,-1223,1573,281,-11266,104,63,-1426,-224,19376,106,33,79,16,0,0,0,0,0,0,0,-32287,0,0,0,0,0,2885757,0
2782006,5726,-2370,902,-1144,1430,264,-11229,161,105,-1419,-152,19377,110,33,79,16,0,0,0,0,0,0,0,-32287,0,0,0,0,0,2885772,0
2782011,5794,-2408,674,-1120,1274,252,-11177,235,162,-1399,-96,19377,110,33,79,16,0,0,0,0,0,0,0,-32287,0,0,0,0,0,2885777,0
2782016,5978,-2224,506,-1013,957,182,-11111,295,201,-1374,-72,19378,112,33,79,16,0,0,0,0,0,0,0,-32287,0,0,0,0,0,2885792,0
2782021,6032,-2120,488,-1043,782,148,-11049,339,215,-1360,-32,19378,112,33,79,16,0,0,0,0,0,0,0,-32287,0,0,0,0,0,2885797,0
2782026,6178,-2126,442,-1047,597,112,-10956,417,220,-1354,0,19381,85,33,79,16,0,0,0,0,0,0,0,-32286,0,0,0,0,0,2885812,0
2782031,6114,-2094,542,-1040,391,50,-10843,502,242,-1328,16,19381,85,33,79,16,0,0,0,0,0,0,0,-32287,0,0,0,0,0,2885817,0
2782036,6334,-2158,404,-963,-73,-54,-10713,579,254,-1313,96,19382,53,33,79,16,0,0,0,0,0,0,0,-32287,0,0,0,0,0,2885832,0
2782041,6624,-2404,376,-961,-249,-96,-10569,647,265,-1327,136,19382,53,33,79,16,0,0,0,0,0,0,0,-32287,0,0,0,0,0,2885837,0
2782046,6668,-2408,464,-972,-442,-163,-10411,705,257,-1359,176,19384,39,33,79,16,0,0,0,0,0,0,0,-32288,0,0,0,0,0,2885852,0
2782051,6866,-2588,536,-992,-579,-181,-10245,735,224,-1364,224,19384,39,33,79,16,0,0,0,0,0,0,0,-32286,0,0,0,0,0,2885857,0
2782056,7112,-2736,1026,-1060,-760,-244,-10075,754,175,-1378,248,19390,23,33,79,16,0,0,0,0,0,0,0,-32287,0,0,0,0,0,2885872,0
2782061,7244,-3140,1250,-1041,-791,-250,-9900,767,131,-1378,232,19390,23,33,79,16,0,0,0,0,0,0,0,-32287,0,0,0,0,0,2885877,0
2782066,7180,-3298,1532,-1056,-791,-258,-9727,762,79,-1373,224,19393,18,33,79,16,0,0,0,0,0,0,0,-32287,0,0,0,0,0,2885892,0
2782071,7456,-3418,1766,-1032,-742,-263,-9557,749,26,-1390,208,19393,18,33,79,16,0,0,0,0,0,0,0,-32287,0,0,0,0,0,2885897,0
2782076,7708,-3772,2270,-960,-602,-269,-9389,742,-8,-1385,184,19391,1,33,79,16,0,0,0,0,0,0,0,-32286,0,0,0,0,0,2885912,0
2782081,7958,-3788,2384,-909,-529,-252,-9226,713,-37,-1394,152,19391,1,33,79,16,0,0,0,0,0,0,0,-32286,0,0,0,0,0,2885917,0
2782086,8088,-3750,2522,-849,-432,-262,-9065,709,-46,-1395,136,19390,1,33,79,16,0,0,0,0,0,0,0,-32287,0,0,0,0,0,2885932,0
2782091,8186,-3778,2554,-802,-354,-252,-8909,682,-52,-1388,104,19390,1,33,79,16,0,0,0,0,0,0,0,-32287,0,0,0,0,0,2885937,0
2782096,8356,-3564,2526,-819,-122,-219,-8763,639,-76,-1405,88,19388,8,33,79,16,0,0,0,0,0,0,0,-32287,0,0,0,0,0,2885952,0
2782101,8428,-3524,2464,-806,-10,-215,-8623,606,-90,-1413,56,19388,8,33,79,16,0,0,0,0,0,0,0,-32286,0,0,0,0,0,2885957,0
2782106,8332,-3664,2426,-811,83,-194,-8494,568,-111,-1413,64,19389,17,33,79,16,0,0,0,0,0,0,0,-32286,0,0,0,0,0,2885972,0
2782111,8230,-3522,2390,-825,158,-187,-8377,505,-141,-1446,32,19389,17,33,79,16,0,0,0,0,0,0,0,-32286,0,0,0,0,0,2885977,0
2782116,8120,-3716,2286,-813,311,-145,-8276,437,-163,-1475,0,19386,29,33,79,16,0,0,0,0,0,0,0,-32287,0,0,0,0,0,2885992,0
2782121,8268,-3762,2130,-772,355,-152,-8184,397,-180,-1438,-40,19386,29,33,79,16,0,0,0,0,0,0,0,-32287,0,0,0,0,0,2885997,0
2782126,8202,-3754,2068,-712,317,-155,-8096,384,-212,-1397,-56,19383,34,33,79,16,0,0,0,0,0,0,0,-32288,0,0,0,0,0,2886012,0
2782131,8086,-3816,1850,-704,307,-140,-8022,326,-188,-1404,-72,19383,34,33,79,16,0,0,0,0,0,0,0,-32287,0,0,0,0,0,2886017,0
2782136,8078,-3850,1732,-684,252,-107,-7955,289,-166,-1401,-112,19381,37,33,79,16,0,0,0,0,0,0,0,-32287,0,0,0,0,0,2886032,0
2782141,7856,-3558,1800,-705,217,-119,-7904,226,-155,-1406,-152,19381,37,33,79,16,0,0,0,0,0,0,0,-32287,0,0,0,0,0,2886037,0
2782146,8014,-3648,1786,-716,251,-119,-7863,176,-151,-1395,-184,19379,49,33,79,16,0,0,0,0,0,0,0,-32286,0,0,0,0,0,2886052,0
2782151,8038,-3504,1788,-659,210,-122,-7830,141,-145,-1382,-248,19379,49,33,79,16,0,0,0,0,0,0,0,-32286,0,0,0,0,0,2886057,0
2782156,7916,-3158,1886,-599,213,-156,-7804,101,-131,-1390,-232,19379,75,33,79,16,0,0,0,0,0,0,0,-32286,0,0,0,0,0,2886072,0
2782161,8042,-3176,1824,-564,269,-139,-7783,94,-134,-1383,-296,19379,75,33,79,16,0,0,0,0,0,0,0,-32286,0,0,0,0,0,2886077,0
2782166,7682,-2944,1966,-616,285,-119,-7770,51,-112,-1358,-408,19378,90,33,79,16,0,0,0,0,0,0,0,-32287,0,0,0,0,0,2886092,0
2782171,7950,-2744,1956,-660,366,-101,-7767,6,-111,-1347,-472,19378,90,33,79,16,0,0,0,0,0,0,0,-32286,0,0,0,0,0,2886097,0
2782176,7894,-2426,2228,-683,517,-74,-7768,0,-111,-1382,-472,19376,91,33,79,16,0,0,0,0,0,0,0,-32286,0,0,0,0,0,2886112,0
2782181,7958,-2338,2226,-699,562,-56,-7769,0,-93,-1388,-464,19376,91,33,79,16,0,0,0,0,0,0,0,-32286,0,0,0,0,0,2886117,0
2782186,8106,-2306,2238,-762,584,-27,-7769,-3,-67,-1386,-480,19376,93,33,79,16,0,0,0,0,0,0,0,-32286,0,0,0,0,0,2886132,0
2782191,8506,-2470,2284,-856,613,18,-7767,0,-22,-1388,-456,19376,93,33,79,16,0,0,0,0,0,0,0,-32286,0,0,0,0,0,2886136,0
2782196,9512,-3096,2584,-1138,638,126,-7761,30,11,-1409,-360,19374,103,33,79,16,0,0,0,0,0,0,0,-32286,0,0,0,0,0,2886151,0
2782201,10040,-3470,2688,-1245,590,153,-7742,86,43,-1441,-208,19374,103,33,79,16,0,0,0,0,0,0,0,-32287,0,0,0,0,0,2886156,0
2782206,10690,-3956,2606,-1293,488,183,-7701,188,106,-1436,-104,19375,110,33,79,16,0,0,0,0,0,0,0,-32286,0,0,0,0,0,2886171,0
2782211,11228,-4494,2446,-1351,381,187,-7637,302,198,-1381,-72,19375,110,33,79,16,0,0,0,0,0,0,0,-32286,0,0,0,0,0,2886176,0
2782216,12428,-5644,2194,-1280,66,126,-7544,421,296,-1334,16,19376,96,33,79,16,0,0,0,0,0,0,0,-32287,0,0,0,0,0,2886191,0
2782221,13090,-6278,2002,-1104,-61,63,-7425,543,361,-1315,88,19376,96,33,79,16,0,0,0,0,0,0,0,-32287,0,0,0,0,0,2886196,0
2782226,13340,-6514,2044,-878,-160,-60,-7274,678,408,-1290,232,19382,58,33,79,16,0,0,0,0,0,0,0,-32287,0,0,0,0,0,2886211,0
2782231,13348,-6624,1868,-709,-202,-162,-7099,780,429,-1323,360,19382,58,33,79,16,0,0,0,0,0,0,0,-32287,0,0,0,0,0,2886216,0
2782236,12290,-6740,1666,-549,-26,-305,-6910,834,401,-1362,424,19386,29,33,79,16,0,0,0,0,0,0,0,-32286,0,0,0,0,0,2886243,0
2782241,11806,-6822,1558,-447,131,-354,-6713,869,334,-1383,464,19386,29,33,79,16,0,0,0,0,0,0,0,-32287,0,0,0,0,0,2886245,0
2782246,10768,-7058,1654,-399,270,-388,-6518,860,235,-1373,424,19392,10,33,79,16,0,0,0,0,0,0,0,-32287,0,0,0,0,0,2886254,0
2782251,10192,-7326,1734,-365,358,-446,-6328,834,114,-1385,360,19392,10,33,79,16,0,0,0,0,0,0,0,-32287,0,0,0,0,0,2886259,0
2782256,8568,-8006,1814,-244,476,-455,-6145,795,10,-1379,232,19395,2,33,79,16,0,0,0,0,0,0,0,-32286,0,0,0,0,0,2886273,0
2782261,7884,-8282,1758,-191,517,-447,-5978,734,-68,-1400,168,19395,2,33,79,16,0,0,0,0,0,0,0,-32286,0,0,0,0,0,2886278,0
2782266,7178,-8404,1726,-84,564,-467,-5814,726,-126,-952,1240,19392,-4,33,79,16,0,0,0,0,0,0,0,-32287,0,0,0,0,0,2886293,0
2782271,6892,-7372,1622,443,274,-749,-5596,981,-30,-114,2000,19392,-4,33,79,16,0,0,0,0,0,0,0,-32286,0,0,0,0,0,2886298,0
2782276,5816,-6860,-154,1472,-615,-1027,-5319,1241,212,-51,2608,19387,7,33,79,16,0,0,0,0,0,0,0,-32287,0,0,0,0,0,2886313,0
2782281,5726,-6088,-820,1731,-1044,-1131,-4992,1461,514,-2,3048,19387,7,33,79,16,0,0,0,0,0,0,0,-32287,0,0,0,0,0,2886318,0
2782286,5326,-5514,-1036,1743,-1448,-1166,-4624,1636,722,19,3352,19385,34,33,79,16,0,0,0,0,0,0,0,-32287,0,0,0,0,0,2886333,0
2782291,4650,-5152,-1302,1610,-1854,-1173,-4225,1770,747,25,3560,19385,34,33,79,16,0,0,0,0,0,0,0,-32287,0,0,0,0,0,2886338,0
2782296,3872,-4950,-1106,1523,-2379,-1110,-3804,1859,626,30,3696,19380,72,33,79,16,0,0,0,0,0,0,0,-32287,0,0,0,0,0,2886353,0
2782301,3588,-4996,-694,1634,-2530,-1099,-3370,1908,480,25,3744,19380,72,33,79,16,0,0,0,0,0,0,0,-32287,0,0,0,0,0,2886358,0
2782306,3532,-4720,-284,1733,-2545,-1076,-2933,1921,337,17,3744,19379,90,33,79,16,0,0,0,0,0,0,0,-32287,0,0,0,0,0,2886373,0
2782311,3614,-4256,258,1729,-2447,-1039,-2499,1906,200,10,3704,19379,90,33,79,16,0,0,0,0,0,0,0,-32287,0,0,0,0,0,2886378,0
2782316,4056,-3218,1498,1252,-1755,-799,-2075,1862,67,2,3632,19376,91,33,79,16,0,0,0,0,0,0,0,-32287,0,0,0,0,0,2886393,0
2782321,3380,-3472,2458,929,-1316,-671,-1656,1834,-23,0,3552,19376,91,33,79,16,0,0,0,0,0,0,0,-32287,0,0,0,0,0,2886398,0
2782326,3798,-3902,2026,704,-1047,-537,-1244,1811,-81,2,3496,19376,82,33,79,16,0,0,0,0,0,0,0,-32287,0,0,0,0,0,2886413,0
2782331,3818,-3564,2126,646,-633,-439,-837,1793,-96,2,3432,19376,82,33,79,16,0,0,0,0,0,0,0,-32287,0,0,0,0,0,2886418,0
2782336,3676,-3292,1746,638,-80,-379,-436,1764,-96,6,3336,19375,72,33,79,16,0,0,0,0,0,0,0,-32287,0,0,0,0,0,2886433,0
2782341,3704,-3374,1518,668,78,-359,-43,1724,-89,7,3224,19375,72,33,79,16,0,0,0,0,0,0,0,-32287,0,0,0,0,0,2886438,0
2782346,3598,-3448,1114,725,108,-347,338,1674,-101,4,3096,19375,78,33,79,16,0,0,0,0,0,0,0,-32287,0,0,0,0,0,2886453,0
2782351,3604,-3476,442,546,100,-283,700,1591,-138,6,2920,19375,78,33,79,16,0,0,0,0,0,0,0,-32287,0,0,0,0,0,2886458,0
2782356,3914,-3348,-124,269,16,-241,1041,1486,-201,5,2688,19378,80,33,79,16,0,0,0,0,0,0,0,-32287,0,0,0,0,0,2886473,0
2782361,3530,-3898,-566,-23,-122,-117,1353,1356,-271,8,2400,19378,80,33,79,16,0,0,0,0,0,0,0,-32287,0,0,0,0,0,2886478,0
2782366,3472,-4714,-366,-229,-260,4,1639,1237,-333,0,2152,19379,83,33,79,16,0,0,0,0,0,0,0,-32287,0,0,0,0,0,2886493,0
2782371,3582,-5692,-558,-304,-409,141,1898,1125,-385,-1,1920,19379,83,33,79,16,0,0,0,0,0,0,0,-32287,0,0,0,0,0,2886498,0
2782376,4250,-6052,172,-316,-539,379,2130,1007,-410,3,1664,19379,73,33,79,16,0,0,0,0,0,0,0,-32287,0,0,0,0,0,2886513,0
2782381,4750,-6066,514,-342,-497,465,2338,911,-405,2,1440,19379,73,33,79,16,0,0,0,0,0,0,0,-32287,0,0,0,0,0,2886518,0
2782386,4854,-6340,718,-349,-542,530,2522,790,-396,2,1192,19378,74,33,79,16,0,0,0,0,0,0,0,-32287,0,0,0,0,0,2886533,0
2782391,5316,-6474,544,-183,-700,531,2679,678,-386,1,936,19378,74,33,79,16,0,0,0,0,0,0,0,-32287,0,0,0,0,0,2886538,0
2782396,6074,-5834,-4,399,-1142,419,2812,569,-378,11,632,19382,75,33,79,16,0,0,0,0,0,0,0,-32287,0,0,0,0,0,2886553,0
2782401,6474,-5826,-196,644,-1301,388,2912,421,-399,5,272,19382,75,33,79,16,0,0,0,0,0,0,0,-32286,0,0,0,0,0,2886558,0
2782406,6224,-5046,-376,358,-1320,475,2978,279,-429,-6,88,19384,75,33,79,16,0,0,0,0,0,0,0,-32287,0,0,0,0,0,2886573,0
2782411,6764,-4294,-196,-41,-1254,482,3008,123,-465,-26,8,19384,75,33,79,16,0,0,0,0,0,0,0,-32286,0,0,0,0,0,2886578,0
2782416,6896,-4034,-64,-643,-941,446,3007,-17,-501,-14,-24,19385,78,33,79,16,0,0,0,0,0,0,0,-32287,0,0,0,0,0,2886593,0
2782421,7054,-4488,-60,-521,-852,373,2996,-61,-474,4,-40,19385,78,33,79,16,0,0,0,0,0,0,0,-32287,0,0,0,0,0,2886598,0
2782426,7052,-4526,38,-245,-889,238,2976,-92,-383,2,-48,19382,78,33,79,16,0,0,0,0,0,0,0,-32287,0,0,0,0,0,2886613,0
2782431,7274,-4342,218,61,-918,74,2958,-87,-253,-5,-24,19382,78,33,79,16,0,0,0,0,0,0,0,-32287,0,0,0,0,0,2886618,0
2782436,7618,-4020,196,457,-987,-139,2948,-46,-115,-5,-16,19380,89,33,79,16,0,0,0,0,0,0,0,-32287,0,0,0,0,0,2886633,0
2782441,7596,-3810,114,431,-1040,-209,2948,-6,5,-2,0,19380,89,33,79,16,0,0,0,0,0,0,0,-32287,0,0,0,0,0,2886638,0
2782446,7722,-3744,-92,340,-1059,-263,2947,3,68,-1,0,19380,82,33,79,16,0,0,0,0,0,0,0,-32287,0,0,0,0,0,2886653,0
2782451,7734,-3590,-128,283,-1031,-317,2947,-3,80,0,0,19380,82,33,79,16,0,0,0,0,0,0,0,-32288,0,0,0,0,0,2886658,0
2782456,7682,-3886,30,417,-1030,-485,2946,0,52,0,-8,19380,83,33,79,16,0,0,0,0,0,0,0,-32288,0,0,0,0,0,2886673,0
2782461,7656,-3880,34,575,-1038,-528,2947,1,21,0,-8,19380,83,33,79,16,0,0,0,0,0,0,0,-32287,0,0,0,0,0,2886678,0
2782466,7574,-3694,100,646,-1062,-580,2947,-2,4,1,-8,19379,83,33,79,16,0,0,0,0,0,0,0,-32287,0,0,0,0,0,2886693,0
2782471,7748,-3516,84,651,-1010,-585,2946,-3,2,0,-8,19379,83,33,79,16,0,0,0,0,0,0,0,-32287,0,0,0,0,0,2886698,0
2782476,7570,-3514,104,490,-893,-507,2946,-5,0,0,-8,19377,74,33,79,16,0,0,0,0,0,0,0,-32287,0,0,0,0,0,2886712,0
2782481,7250,-3382,286,207,-664,-381,2947,1,3,-3,0,19377,74,33,79,16,0,0,0,0,0,0,0,-32287,0,0,0,0,0,2886717,0
2782486,7164,-3266,572,91,-605,-377,2952,13,8,-2,8,19375,71,33,79,16,0,0,0,0,0,0,0,-32287,0,0,0,0,0,2886732,0
2782491,7298,-3638,618,295,-542,-389,2955,24,20,-1,8,19375,71,33,79,16,0,0,0,0,0,0,0,-32287,0,0,0,0,0,2886737,0
2782496,6922,-3458,390,677,-662,-376,2963,34,24,-1,16,19376,77,33,79,16,0,0,0,0,0,0,0,-32287,0,0,0,0,0,2886752,0
2782501,7172,-2996,392,665,-575,-351,2971,38,31,0,8,19376,77,33,79,16,0,0,0,0,0,0,0,-32287,0,0,0,0,0,2886757,0
2782506,7184,-2636,472,564,-504,-286,2976,20,20,1,8,19379,84,33,79,16,0,0,0,0,0,0,0,-32287,0,0,0,0,0,2886772,0
2782511,7060,-2582,536,454,-505,-305,2977,-3,3,3,-8,19379,84,33,79,16,0,0,0,0,0,0,0,-32286,0,0,0,0,0,2886777,0
2782516,7220,-2718,378,527,-476,-296,2977,-4,-26,1,0,19380,85,33,79,16,0,0,0,0,0,0,0,-32287,0,0,0,0,0,2886792,0
2782521,6996,-2642,332,556,-556,-315,2978,0,-31,0,-8,19380,85,33,79,16,0,0,0,0,0,0,0,-32287,0,0,0,0,0,2886797,0
2782526,7174,-2812,238,474,-505,-275,2978,0,-23,-2,0,19378,78,33,79,16,0,0,0,0,0,0,0,-32287,0,0,0,0,0,2886812,0
2782531,6834,-2700,276,230,-422,-180,2980,11,-11,-4,8,19378,78,33,79,16,0,0,0,0,0,0,0,-32287,0,0,0,0,0,2886817,0
2782536,6482,-2830,454,-436,-130,8,2986,32,12,-4,16,19374,72,33,79,16,0,0,0,0,0,0,0,-32287,0,0,0,0,0,2886832,0
2782541,6924,-3486,540,-238,22,31,2997,54,32,-4,24,19374,72,33,79,16,0,0,0,0,0,0,0,-32287,0,0,0,0,0,2886837,0
2782546,6268,-4006,888,-165,131,123,3016,94,60,-10,72,19376,80,33,79,16,0,0,0,0,0,0,0,-32287,0,0,0,0,0,2886852,0
2782551,5744,-4158,850,-15,19,105,3063,213,118,-19,168,19376,80,33,79,16,0,0,0,0,0,0,0,-32287,0,0,0,0,0,2886857,0
2782556,5942,-4130,-354,897,-472,22,3133,319,202,-6,328,19379,80,33,79,16,0,0,0,0,0,0,0,-32287,0,0,0,0,0,2886872,0
2782561,6264,-3372,-742,1120,-760,-54,3226,413,289,-16,512,19379,80,33,79,16,0,0,0,0,0,0,0,-32287,0,0,0,0,0,2886876,0
2782566,6604,-2664,-1056,1075,-917,-99,3335,484,335,-16,688,19379,78,33,79,16,0,0,0,0,0,0,0,-32286,0,0,0,0,0,2886891,0
2782571,6728,-2028,-1140,863,-1058,-139,3455,527,316,1,776,19379,78,33,79,16,0,0,0,0,0,0,0,-32287,0,0,0,0,0,2886897,0
2782576,7144,-2110,-848,656,-1232,-230,3583,571,252,8,864,19379,70,33,79,16,0,0,0,0,0,0,0,-32287,0,0,0,0,0,2886911,0
2782581,7402,-2390,-530,712,-1271,-294,3721,613,194,9,952,19379,70,33,79,16,0,0,0,0,0,0,0,-32287,0,0,0,0,0,2886916,0
2782586,7544,-2704,-282,866,-1298,-349,3861,618,144,13,920,19378,67,33,79,16,0,0,0,0,0,0,0,-32287,0,0,0,0,0,2886931,0
2782591,8372,-2206,-388,695,-1321,-328,3999,609,95,10,872,19378,67,33,79,16,0,0,0,0,0,0,0,-32287,0,0,0,0,0,2886936,0
2782596,7874,-2768,622,435,-944,-309,4137,610,50,-2,888,19380,69,33,79,16,0,0,0,0,0,0,0,-32287,0,0,0,0,0,2886951,0
2782601,7926,-3012,658,403,-802,-264,4272,593,13,7,832,19380,69,33,79,16,0,0,0,0,0,0,0,-32286,0,0,0,0,0,2886956,0
2782606,7904,-3018,764,380,-725,-262,4402,569,-20,7,744,19381,71,33,79,16,0,0,0,0,0,0,0,-32287,0,0,0,0,0,2886971,0
2782611,8076,-3044,812,418,-568,-263,4529,557,-39,-3,728,19381,71,33,79,16,0,0,0,0,0,0,0,-32287,0,0,0,0,0,2886976,0
2782616,8090,-3118,1142,432,-260,-216,4654,551,-50,-5,704,19382,64,33,79,16,0,0,0,0,0,0,0,-32287,0,0,0,0,0,2886991,0
2782621,8048,-3016,1118,469,-133,-251,4769,506,-65,1,592,19382,64,33,79,16,0,0,0,0,0,0,0,-32287,0,0,0,0,0,2886996,0
2782626,8048,-3164,966,575,-7,-259,4880,478,-73,-8,552,19381,67,33,79,16,0,0,0,0,0,0,0,-32287,0,0,0,0,0,2887011,0
2782631,7854,-3200,758,705,51,-287,4986,465,-77,-6,528,19381,67,33,79,16,0,0,0,0,0,0,0,-32287,0,0,0,0,0,2887016,0
2782636,7562,-2890,248,788,113,-268,5091,463,-76,-4,520,19379,70,33,79,16,0,0,0,0,0,0,0,-32287,0,0,0,0,0,2887031,0
2782641,7410,-2802,110,723,142,-276,5188,422,-80,5,440,19379,70,33,79,16,0,0,0,0,0,0,0,-32287,0,0,0,0,0,2887036,0
2782646,7458,-2906,-152,656,172,-250,5280,401,-64,-4,416,19379,72,33,79,16,0,0,0,0,0,0,0,-32287,0,0,0,0,0,2887051,0
2782651,7258,-2810,-242,620,166,-243,5370,397,-69,0,424,19379,72,33,79,16,0,0,0,0,0,0,0,-32287,0,0,0,0,0,2887056,0
2782656,7226,-2806,-396,632,81,-227,5462,397,-57,0,408,19380,75,33,79,16,0,0,0,0,0,0,0,-32287,0,0,0,0,0,2887071,0
2782661,7164,-2856,-418,611,46,-192,5551,393,-38,0,408,19380,75,33,79,16,0,0,0,0,0,0,0,-32287,0,0,0,0,0,2887076,0
2782666,7068,-2690,-392,567,23,-178,5640,383,-21,3,376,19380,63,33,79,16,0,0,0,0,0,0,0,-32287,0,0,0,0,0,2887091,0
2782671,7060,-2736,-390,530,6,-163,5726,383,-16,4,352,19380,63,33,79,16,0,0,0,0,0,0,0,-32286,0,0,0,0,0,2887096,0
2782676,6936,-2742,-266,491,-26,-164,5811,374,-14,3,352,19378,60,33,79,16,0,0,0,0,0,0,0,-32287,0,0,0,0,0,2887111,0
2782681,6974,-2774,-232,506,-20,-163,5902,388,-6,-3,400,19378,60,33,79,16,0,0,0,0,0,0,0,-32287,0,0,0,0,0,2887116,0
2782686,6988,-2778,-162,537,-20,-195,5995,414,9,-4,432,19378,70,33,79,16,0,0,0,0,0,0,0,-32287,0,0,0,0,0,2887131,0
2782691,7010,-2856,-136,567,-7,-189,6088,415,28,0,440,19378,70,33,79,16,0,0,0,0,0,0,0,-32287,0,0,0,0,0,2887136,0
2782696,7004,-2818,-64,631,9,-188,6182,410,25,-7,464,19380,71,33,79,16,0,0,0,0,0,0,0,-32287,0,0,0,0,0,2887151,0
2782701,7022,-2796,-8,648,18,-187,6277,423,25,-6,480,19380,71,33,79,16,0,0,0,0,0,0,0,-32287,0,0,0,0,0,2887156,0
2782706,7080,-2912,-42,711,41,-195,6377,443,27,-10,544,19380,77,33,79,16,0,0,0,0,0,0,0,-32287,0,0,0,0,0,2887171,0
2782711,7144,-2892,-10,795,27,-209,6481,456,33,-2,568,19380,77,33,79,16,0,0,0,0,0,0,0,-32287,0,0,0,0,0,2887176,0
2782716,7218,-2770,-38,846,17,-188,6585,458,42,8,544,19379,66,33,79,16,0,0,0,0,0,0,0,-32287,0,0,0,0,0,2887191,0
2782721,7384,-2744,-70,830,56,-190,6690,450,39,5,528,19379,66,33,79,16,0,0,0,0,0,0,0,-32287,0,0,0,0,0,2887196,0
2782726,7470,-2440,-84,812,67,-196,6796,466,24,-2,576,19378,68,33,79,16,0,0,0,0,0,0,0,-32287,0,0,0,0,0,2887211,0
2782731,7484,-2396,-76,826,45,-213,6906,482,27,-1,616,19378,68,33,79,16,0,0,0,0,0,0,0,-32287,0,0,0,0,0,2887216,0
2782736,7598,-2408,-74,841,55,-216,7014,476,18,8,584,19377,75,33,79,16,0,0,0,0,0,0,0,-32287,0,0,0,0,0,2887231,0
2782741,7690,-2322,-92,828,65,-220,7119,458,13,6,512,19377,75,33,79,16,0,0,0,0,0,0,0,-32287,0,0,0,0,0,2887236,0
2782746,7656,-2254,-56,782,74,-231,7227,473,4,-9,584,19378,78,33,79,16,0,0,0,0,0,0,0,-32286,0,0,0,0,0,2887251,0
2782751,7740,-2276,-70,793,82,-254,7338,487,-2,-2,616,19378,78,33,79,16,0,0,0,0,0,0,0,-32287,0,0,0,0,0,2887256,0
2782756,7616,-2446,-94,797,59,-248,7445,470,5,13,552,19379,79,33,79,16,0,0,0,0,0,0,0,-32287,0,0,0,0,0,2887271,0
2782761,7674,-2502,-124,805,58,-247,7550,460,1,6,504,19379,79,33,79,16,0,0,0,0,0,0,0,-32287,0,0,0,0,0,2887276,0
2782766,7664,-2406,-48,820,40,-256,7660,476,2,-3,576,19379,75,33,79,16,0,0,0,0,0,0,0,-32287,0,0,0,0,0,2887291,0
2782771,7676,-2500,-30,862,24,-260,7772,484,3,-9,616,19379,75,33,79,16,0,0,0,0,0,0,0,-32287,0,0,0,0,0,2887296,0
2782776,7844,-2508,82,998,-6,-267,7886,493,21,2,608,19377,65,33,79,16,0,0,0,0,0,0,0,-32287,0,0,0,0,0,2887311,0
2782781,7902,-2476,88,1036,-18,-270,8002,506,28,3,656,19377,65,33,79,16,0,0,0,0,0,0,0,-32287,0,0,0,0,0,2887316,0
2782786,8058,-2396,90,1070,-10,-293,8119,518,35,2,680,19376,64,33,79,16,0,0,0,0,0,0,0,-32287,0,0,0,0,0,2887331,0
2782791,8140,-2280,80,1098,-18,-298,8240,534,36,6,712,19376,64,33,79,16,0,0,0,0,0,0,0,-32286,0,0,0,0,0,2887336,0
2782796,8322,-2132,58,1150,-29,-317,8363,544,37,9,704,19378,72,33,79,16,0,0,0,0,0,0,0,-32287,0,0,0,0,0,2887351,0
2782801,8420,-2132,64,1176,-49,-329,8485,540,33,2,720,19378,72,33,79,16,0,0,0,0,0,0,0,-32287,0,0,0,0,0,2887356,0
2782806,8550,-1900,90,1195,-26,-348,8608,547,21,-3,744,19380,76,33,79,16,0,0,0,0,0,0,0,-32287,0,0,0,0,0,2887371,0
2782811,8562,-1756,108,1214,-9,-382,8730,545,11,-5,736,19380,76,33,79,16,0,0,0,0,0,0,0,-32286,0,0,0,0,0,2887376,0
2782816,8532,-1596,-188,1207,-35,-406,8853,544,8,-1,728,19383,67,33,79,16,0,0,0,0,0,0,0,-32287,0,0,0,0,0,2887391,0
2782821,8744,-1480,-218,1228,-50,-415,8975,533,0,3,696,19383,67,33,79,16,0,0,0,0,0,0,0,-32287,0,0,0,0,0,2887395,0
2782826,8778,-1366,-102,1245,-4,-442,9096,533,0,-3,712,19384,69,33,79,16,0,0,0,0,0,0,0,-32287,0,0,0,0,0,2887414,0
2782831,8924,-1172,-88,1278,4,-481,9222,549,2,-4,736,19384,69,33,79,16,0,0,0,0,0,0,0,-32287,0,0,0,0,0,2887418,0
2782836,8974,-1116,-130,1289,58,-501,9343,532,0,1,704,19385,72,33,79,16,0,0,0,0,0,0,0,-32287,0,0,0,0,0,2887430,0
2782841,9060,-1010,-288,1208,116,-518,9461,514,-3,-2,648,19385,72,33,79,16,0,0,0,0,0,0,0,-32287,0,0,0,0,0,2887435,0
2782846,9076,-716,-486,1119,172,-551,9579,518,-14,-10,704,19384,78,33,79,16,0,0,0,0,0,0,0,-32287,0,0,0,0,0,2887450,0
2782851,8838,-1366,-1080,1044,107,-555,9696,522,-22,-4,688,19384,78,33,79,16,0,0,0,0,0,0,0,-32286,0,0,0,0,0,2887455,0
2782856,9238,-2072,-1258,994,-33,-560,9809,498,-33,10,616,19384,78,33,79,16,0,0,0,0,0,0,0,-32287,0,0,0,0,0,2887470,0
2782861,9480,-2356,-1004,967,-62,-572,9916,474,-36,0,552,19384,78,33,79,16,0,0,0,0,0,0,0,-32286,0,0,0,0,0,2887475,0
2782866,9632,-2468,-740,970,-141,-593,10022,463,-38,-5,544,19380,73,33,79,16,0,0,0,0,0,0,0,-32287,0,0,0,0,0,2887490,0
2782871,9916,-2846,-448,971,-181,-604,10126,452,-50,0,496,19380,73,33,79,16,0,0,0,0,0,0,0,-32286,0,0,0,0,0,2887495,0
2782876,10122,-3200,-86,852,-215,-578,10220,413,-64,8,416,19377,69,33,79,16,0,0,0,0,0,0,0,-32287,0,0,0,0,0,2887510,0
2782881,10108,-3132,-28,696,-223,-531,10300,356,-83,12,288,19377,69,33,79,16,0,0,0,0,0,0,0,-32287,0,0,0,0,0,2887515,0
2782886,9786,-3164,-32,471,-315,-494,10374,313,-116,11,216,19376,75,33,79,16,0,0,0,0,0,0,0,-32287,0,0,0,0,0,2887530,0
2782891,10170,-3364,-4,246,-350,-414,10440,286,-141,9,152,19376,75,33,79,16,0,0,0,0,0,0,0,-32287,0,0,0,0,0,2887535,0
2782896,9666,-3546,384,-146,-394,-247,10492,232,-147,-2,104,19379,77,33,79,16,0,0,0,0,0,0,0,-32287,0,0,0,0,0,2887550,0
2782901,9480,-3388,530,-184,-416,-213,10535,180,-149,-6,56,19379,77,33,79,16,0,0,0,0,0,0,0,-32287,0,0,0,0,0,2887555,0
2782906,9394,-3248,668,-191,-481,-143,10558,91,-171,-1,8,19379,77,33,79,16,0,0,0,0,0,0,0,-32287,0,0,0,0,0,2887570,0
2782911,9282,-2880,932,-135,-583,-156,10557,-14,-216,4,-16,19379,77,33,79,16,0,0,0,0,0,0,0,-32286,0,0,0,0,0,2887575,0
2782916,9518,-1986,1060,88,-737,-276,10549,-37,-253,0,-16,19378,71,33,79,16,0,0,0,0,0,0,0,-32287,0,0,0,0,0,2887590,0
2782921,9512,-1406,1148,-17,-776,-330,10542,-24,-227,0,-16,19378,71,33,79,16,0,0,0,0,0,0,0,-32287,0,0,0,0,0,2887595,0
2782926,9774,-1240,1126,-200,-741,-390,10539,-9,-148,-2,0,19380,60,33,79,16,0,0,0,0,0,0,0,-32287,0,0,0,0,0,2887610,0
2782931,9722,-1452,1128,-391,-655,-430,10537,-1,-39,0,-8,19380,60,33,79,16,0,0,0,0,0,0,0,-32287,0,0,0,0,0,2887615,0
2782936,9942,-2490,1098,-634,-569,-557,10538,-5,23,2,0,19381,66,33,79,16,0,0,0,0,0,0,0,-32287,0,0,0,0,0,2887630,0
2782941,9856,-3160,1076,-651,-441,-602,10538,-2,29,0,0,19381,66,33,79,16,0,0,0,0,0,0,0,-32287,0,0,0,0,0,2887635,0
2782946,9738,-3866,1076,-673,-345,-639,10538,-1,17,1,-8,19382,67,33,79,16,0,0,0,0,0,0,0,-32286,0,0,0,0,0,2887650,0
2782951,9664,-4508,900,-671,-294,-653,10539,2,1,0,0,19382,67,33,79,16,0,0,0,0,0,0,0,-32287,0,0,0,0,0,2887655,0
2782956,9444,-5252,630,-774,-131,-629,10538,2,0,0,0,19379,74,33,79,16,0,0,0,0,0,0,0,-32287,0,0,0,0,0,2887670,0
2782961,9068,-5566,656,-967,-3,-579,10538,-6,1,0,-8,19379,74,33,79,16,0,0,0,0,0,0,0,-32287,0,0,0,0,0,2887675,0
2782966,8558,-6092,696,-1120,82,-527,10538,-8,-3,0,-8,19378,73,33,79,16,0,0,0,0,0,0,0,-32287,0,0,0,0,0,2887690,0
2782971,7974,-6732,766,-1118,134,-476,10538,0,1,1,-8,19378,73,33,79,16,0,0,0,0,0,0,0,-32287,0,0,0,0,0,2887695,0
2782976,8214,-6108,1984,293,-99,-971,10534,-16,-7,5,-24,19377,70,33,79,16,0,0,0,0,0,0,0,-32287,0,0,0,0,0,2887710,0
2782981,8388,-7406,2312,1699,-107,-1195,10513,-96,-42,11,-56,19377,70,33,79,16,0,0,0,0,0,0,0,-32286,0,0,0,0,0,2887715,0
2782986,6638,-7084,1066,2155,-614,-1070,10478,-171,-102,16,-128,19378,74,33,79,16,0,0,0,0,0,0,0,-32287,0,0,0,0,0,2887730,0
2782991,6892,-4378,1932,1466,-283,-1062,10420,-263,-182,11,-224,19378,74,33,79,16,0,0,0,0,0,0,0,-32287,0,0,0,0,0,2887735,0
2782996,6422,-5800,756,332,-95,-886,10333,-384,-263,18,-464,19379,75,33,79,16,0,0,0,0,0,0,0,-32287,0,0,0,0,0,2887750,0
2783001,5446,-6164,1376,202,28,-833,10216,-533,-347,40,-848,19379,75,33,79,16,0,0,0,0,0,0,0,-32287,0,0,0,0,0,2887755,0
2783006,4876,-7170,1068,334,-60,-758,10059,-709,-420,28,-1312,19379,75,33,79,16,0,0,0,0,0,0,0,-32287,0,0,0,0,0,2887770,0
2783011,4860,-7250,1192,480,19,-645,9858,-891,-503,8,-1728,19379,75,33,79,16,0,0,0,0,0,0,0,-32286,0,0,0,0,0,2887775,0
2783016,4430,-6964,1540,181,385,-293,9614,-1090,-580,11,-2152,19378,72,33,79,16,0,0,0,0,0,0,0,-32287,0,0,0,0,0,2887789,0
2783021,4128,-6806,1822,27,588,-101,9327,-1286,-638,6,-2576,19378,72,33,79,16,0,0,0,0,0,0,0,-32287,0,0,0,0,0,2887794,0
2783026,4122,-7226,1956,-131,783,149,9061,-1462,-669,0,-3008,19380,78,33,79,16,0,0,0,0,0,0,0,-32287,0,0,0,0,0,2887809,0
2783031,4042,-7434,1926,-149,857,396,8693,-1643,-677,-8,-3360,19380,78,33,79,16,0,0,0,0,0,0,0,-32287,0,0,0,0,0,2887814,0
2783036,2964,-7686,1842,-251,1012,923,8287,-1802,-674,-23,-3616,19381,83,33,79,16,0,0,0,0,0,0,0,-32286,0,0,0,0,0,2887829,0
2783041,3756,-7856,942,154,741,1056,7856,-1908,-610,-24,-3808,19381,83,33,79,16,0,0,0,0,0,0,0,-32287,0,0,0,0,0,2887834,0
2783046,4220,-6292,774,498,577,1127,7402,-1995,-521,-16,-3976,19381,91,33,79,16,0,0,0,0,0,0,0,-32287,0,0,0,0,0,2887849,0
2783051,4900,-4886,526,501,498,1195,6933,-2066,-408,-13,-4104,19381,91,33,79,16,0,0,0,0,0,0,0,-32287,0,0,0,0,0,2887854,0
2783056,5956,-2980,-134,-118,451,1292,6457,-2100,-307,-1,-4168,19376,92,33,79,16,0,0,0,0,0,0,0,-32287,0,0,0,0,0,2887869,0
2783061,6524,-2618,-132,-270,386,1269,5974,-2121,-218,4,-4232,19376,92,33,79,16,0,0,0,0,0,0,0,-32287,0,0,0,0,0,2887874,0
2783066,7084,-2264,100,-262,271,1236,5487,-2149,-149,2,-4296,19375,86,33,79,16,0,0,0,0,0,0,0,-32287,0,0,0,0,0,2887889,0
2783071,7742,-1976,266,-334,142,1207,4993,-2171,-104,-5,-4320,19375,86,33,79,16,0,0,0,0,0,0,0,-32286,0,0,0,0,0,2887894,0
2783076,9050,-1036,466,-656,42,1114,4496,-2187,-84,-16,-4304,19373,84,33,79,16,0,0,0,0,0,0,0,-32287,0,0,0,0,0,2887909,0
2783081,9404,-770,700,-847,-60,1013,3998,-2185,-66,-21,-4264,19373,84,33,79,16,0,0,0,0,0,0,0,-32287,0,0,0,0,0,2887914,0
2783086,10096,-840,998,-881,-130,899,3510,-2145,-21,-17,-4160,19374,78,33,79,16,0,0,0,0,0,0,0,-32286,0,0,0,0,0,2887929,0
2783091,10478,-720,1406,-763,-200,711,3035,-2077,49,-4,-4024,19374,78,33,79,16,0,0,0,0,0,0,0,-32287,0,0,0,0,0,2887934,0
2783096,11036,-576,1568,-516,-350,384,2577,-2009,127,6,-3896,19376,89,33,79,16,0,0,0,0,0,0,0,-32287,0,0,0,0,0,2887949,0
2783101,11160,-268,1784,-623,-279,255,2134,-1937,195,9,-3760,19376,89,33,79,16,0,0,0,0,0,0,0,-32287,0,0,0,0,0,2887954,0
2783106,11400,-270,2340,-817,-15,179,1707,-1872,230,7,-3640,19377,86,33,79,16,0,0,0,0,0,0,0,-32287,0,0,0,0,0,2887969,0
2783111,11034,-624,2954,-950,271,87,1289,-1822,226,-1,-3520,19377,86,33,79,16,0,0,0,0,0,0,0,-32286,0,0,0,0,0,2887974,0
2783116,10596,-1850,2708,-888,698,-66,885,-1775,212,-9,-3400,19376,78,33,79,16,0,0,0,0,0,0,0,-32287,0,0,0,0,0,2887989,0
2783121,9956,-1944,2820,-873,921,-113,489,-1731,183,-10,-3280,19376,78,33,79,16,0,0,0,0,0,0,0,-32287,0,0,0,0,0,2887994,0
2783126,9624,-2232,2690,-929,1175,-135,106,-1674,345,-12,-3144,19379,79,33,79,16,0,0,0,0,0,0,0,-32286,0,0,0,0,0,2888009,0
2783131,9072,-2730,2322,-990,1323,-136,-261,-1611,182,-13,-2976,19379,79,33,79,16,0,0,0,0,0,0,0,-32287,0,0,0,0,0,2888014,0
2783136,7728,-3074,1528,-975,1584,-91,-614,-1541,350,-9,-2816,19387,94,33,79,16,0,0,0,0,0,0,0,-32287,0,0,0,0,0,2888029,0
2783141,7348,-3374,1010,-923,1614,-55,-948,-1463,299,-4,-2656,19387,94,33,79,16,0,0,0,0,0,0,0,-32287,0,0,0,0,0,2888034,0
2783146,6756,-3408,640,-881,1577,-11,-1261,-1369,232,1,-2456,19394,102,33,79,16,0,0,0,0,0,0,0,-32287,0,0,0,0,0,2888049,0
2783151,6506,-3292,256,-857,1531,12,-1556,-1291,182,1,-2280,19394,102,33,79,16,0,0,0,0,0,0,0,-32287,0,0,0,0,0,2888054,0
2783156,5950,-2984,-272,-898,1369,88,-1830,-1205,194,1,-2120,19391,90,33,79,16,0,0,0,0,0,0,0,-32287,0,0,0,0,0,2888069,0
2783161,6020,-2890,-354,-904,1222,114,-2084,-1110,296,5,-1928,19391,90,33,79,16,0,0,0,0,0,0,0,-32287,0,0,0,0,0,2888074,0
2783166,5936,-2908,-452,-891,1082,114,-2323,-1042,294,0,-1768,19385,81,33,79,16,0,0,0,0,0,0,0,-32286,0,0,0,0,0,2888089,0
2783171,5898,-2806,-392,-813,907,87,-2545,-970,281,0,-1616,19385,81,33,79,16,0,0,0,0,0,0,0,-32287,0,0,0,0,0,2888094,0
2783176,6060,-2282,-354,-761,619,63,-2754,-912,263,1,-1496,19378,73,33,79,16,0,0,0,0,0,0,0,-32287,0,0,0,0,0,2888109,0
2783181,6214,-2190,-302,-869,527,92,-2949,-853,241,0,-1360,19378,73,33,79,16,0,0,0,0,0,0,0,-32287,0,0,0,0,0,2888114,0
2783186,6240,-2110,-90,-1010,493,113,-3135,-808,216,-3,-1264,19377,83,33,79,16,0,0,0,0,0,0,0,-32287,0,0,0,0,0,2888129,0
2783191,6350,-2120,224,-1108,495,129,-3309,-768,195,-2,-1176,19377,83,33,79,16,0,0,0,0,0,0,0,-32287,0,0,0,0,0,2888134,0
2783196,6556,-2546,740,-1075,476,149,-3468,-700,182,-2,-1024,19378,80,33,79,16,0,0,0,0,0,0,0,-32287,0,0,0,0,0,2888149,0
2783201,6676,-2614,892,-1005,456,144,-3618,-654,182,3,-928,19378,80,33,79,16,0,0,0,0,0,0,0,-32287,0,0,0,0,0,2888154,0
2783206,6812,-2480,966,-965,470,166,-3758,-604,179,-9,-784,19379,78,33,79,16,0,0,0,0,0,0,0,-32286,0,0,0,0,0,2888169,0
2783211,6790,-2284,1046,-1016,507,178,-3881,-541,184,-1,-640,19379,78,33,79,16,0,0,0,0,0,0,0,-32287,0,0,0,0,0,2888174,0
2783216,6784,-2420,1060,-1054,541,225,-3993,-485,187,14,-512,19377,72,33,79,16,0,0,0,0,0,0,0,-32287,0,0,0,0,0,2888189,0
2783221,6676,-2322,1148,-977,555,222,-4094,-438,191,10,-408,19377,72,33,79,16,0,0,0,0,0,0,0,-32287,0,0,0,0,0,2888194,0
2783226,6674,-2354,1108,-880,556,219,-4179,-364,195,-8,-256,19376,73,33,79,16,0,0,0,0,0,0,0,-32287,0,0,0,0,0,2888209,0
2783231,6512,-2056,1136,-820,588,206,-4250,-306,199,-10,-176,19376,73,33,79,16,0,0,0,0,0,0,0,-32287,0,0,0,0,0,2888214,0
2783236,6432,-1696,864,-878,627,193,-4308,-259,208,5,-120,19381,72,33,79,16,0,0,0,0,0,0,0,-32287,0,0,0,0,0,2888240,0
2783241,6338,-1876,704,-908,623,211,-4357,-212,207,18,-104,19381,72,33,79,16,0,0,0,0,0,0,0,-32287,0,0,0,0,0,2888242,0
2783246,6048,-1748,664,-869,600,188,-4398,-176,186,5,-64,19383,77,33,79,16,0,0,0,0,0,0,0,-32286,0,0,0,0,0,2888251,0
2783251,5966,-1890,554,-833,588,223,-4426,-128,157,7,-48,19383,77,33,79,16,0,0,0,0,0,0,0,-32287,0,0,0,0,0,2888256,0
2783256,5842,-1694,500,-877,558,210,-4446,-76,145,0,-32,19385,62,33,79,16,0,0,0,0,0,0,0,-32287,0,0,0,0,0,2888271,0
2783261,5604,-1762,496,-891,572,230,-4455,-32,158,-2,-16,19385,62,33,79,16,0,0,0,0,0,0,0,-32287,0,0,0,0,0,2888276,0
2783266,5460,-1820,484,-869,557,223,-4456,-7,150,-3,0,19381,70,33,79,16,0,0,0,0,0,0,0,-32287,0,0,0,0,0,2888291,0
2783271,5450,-1862,412,-822,550,243,-4456,4,131,-1,0,19381,70,33,79,16,0,0,0,0,0,0,0,-32287,0,0,0,0,0,2888296,0
2783276,5374,-1700,314,-818,554,236,-4456,3,96,1,0,19379,73,33,79,16,0,0,0,0,0,0,0,-32287,0,0,0,0,0,2888311,0
2783281,5426,-1658,278,-851,587,248,-4457,0,46,1,-8,19379,73,33,79,16,0,0,0,0,0,0,0,-32287,0,0,0,0,0,2888316,0
2783286,5370,-1638,276,-906,601,249,-4456,4,14,0,0,19379,70,33,79,16,0,0,0,0,0,0,0,-32287,0,0,0,0,0,2888331,0
2783291,5426,-1688,274,-922,622,246,-4458,-2,3,0,0,19379,70,33,79,16,0,0,0,0,0,0,0,-32287,0,0,0,0,0,2888336,0
2783296,5600,-1724,310,-907,632,252,-4456,2,1,1,-8,19378,71,33,79,16,0,0,0,0,0,0,0,-32286,0,0,0,0,0,2888351,0
2783301,5694,-1780,334,-905,624,243,-4456,3,0,0,0,19378,71,33,79,16,0,0,0,0,0,0,0,-32287,0,0,0,0,0,2888356,0
2783306,5834,-1846,348,-898,622,250,-4458,-13,-2,1,0,19378,66,33,79,16,0,0,0,0,0,0,0,-32287,0,0,0,0,0,2888371,0
2783311,5964,-1854,402,-899,617,263,-4458,-10,-4,0,0,19378,66,33,79,16,0,0,0,0,0,0,0,-32287,0,0,0,0,0,2888376,0
2783316,6228,-1886,536,-932,612,263,-4457,1,-1,0,0,19376,62,33,79,16,0,0,0,0,0,0,0,-32287,0,0,0,0,0,2888391,0
2783321,6292,-1890,622,-942,622,261,-4457,0,2,0,0,19376,62,33,79,16,0,0,0,0,0,0,0,-32287,0,0,0,0,0,2888396,0
2783326,6438,-1994,694,-949,613,248,-4455,4,0,0,0,19377,64,33,79,16,0,0,0,0,0,0,0,-32287,0,0,0,0,0,2888411,0
2783331,6608,-2080,734,-904,586,220,-4457,-2,1,0,0,19377,64,33,79,16,0,0,0,0,0,0,0,-32287,0,0,0,0,0,2888415,0
2783336,6898,-2086,826,-763,463,158,-4457,-1,5,1,-8,19382,60,33,79,16,0,0,0,0,0,0,0,-32287,0,0,0,0,0,2888430,0
2783341,6990,-2184,804,-700,409,126,-4457,0,-2,1,0,19382,60,33,79,16,0,0,0,0,0,0,0,-32287,0,0,0,0,0,2888435,0
2783346,6846,-2096,724,-763,338,132,-4456,7,0,0,0,19382,61,33,79,16,0,0,0,0,0,0,0,-32287,0,0,0,0,0,2888450,0
2783351,7010,-2102,694,-861,309,122,-4456,4,5,0,0,19382,61,33,79,16,0,0,0,0,0,0,0,-32287,0,0,0,0,0,2888455,0
2783356,6930,-2220,596,-921,150,106,-4455,7,2,0,0,19382,61,33,79,16,0,0,0,0,0,0,0,-32287,0,0,0,0,0,2888470,0
2783361,6970,-2392,810,-906,150,95,-4456,0,5,0,0,19382,61,33,79,16,0,0,0,0,0,0,0,-32287,0,0,0,0,0,2888475,0
2783366,6938,-2448,1022,-889,128,88,-4454,8,5,0,0,19378,66,33,79,16,0,0,0,0,0,0,0,-32287,0,0,0,0,0,2888490,0
2783371,7104,-2654,1208,-836,137,90,-4450,12,1,-1,0,19378,66,33,79,16,0,0,0,0,0,0,0,-32287,0,0,0,0,0,2888495,0
2783376,7116,-2858,1484,-676,97,75,-4448,17,11,-2,8,19377,72,33,79,16,0,0,0,0,0,0,0,-32287,0,0,0,0,0,2888510,0
2783381,7092,-2842,1478,-634,96,81,-4444,17,14,1,8,19377,72,33,79,16,0,0,0,0,0,0,0,-32286,0,0,0,0,0,2888515,0
2783386,7100,-2798,1452,-631,84,95,-4437,28,15,2,8,19378,75,33,79,16,0,0,0,0,0,0,0,-32287,0,0,0,0,0,2888530,0
2783391,7226,-2856,1478,-636,105,117,-4428,37,21,2,8,19378,75,33,79,16,0,0,0,0,0,0,0,-32287,0,0,0,0,0,2888535,0
2783396,7314,-2986,1682,-691,152,155,-4422,31,24,2,8,19379,76,33,79,16,0,0,0,0,0,0,0,-32286,0,0,0,0,0,2888550,0
2783401,7422,-3044,1676,-669,160,167,-4420,-1,2,3,-8,19379,76,33,79,16,0,0,0,0,0,0,0,-32286,0,0,0,0,0,2888555,0
2783406,7440,-2974,1754,-640,163,149,-4419,5,-17,1,-8,19378,70,33,79,16,0,0,0,0,0,0,0,-32286,0,0,0,0,0,2888570,0
2783411,7598,-2974,1694,-589,172,151,-4421,-1,-32,0,0,19378,70,33,79,16,0,0,0,0,0,0,0,-32287,0,0,0,0,0,2888575,0
2783416,7832,-2824,1646,-562,169,107,-4420,-1,-31,0,0,19376,65,33,79,16,0,0,0,0,0,0,0,-32287,0,0,0,0,0,2888590,0
2783421,8000,-2764,1574,-534,166,93,-4419,5,-14,0,0,19376,65,33,79,16,0,0,0,0,0,0,0,-32287,0,0,0,0,0,2888595,0
2783426,8112,-2690,1542,-523,138,57,-4420,-1,3,0,0,19376,60,33,79,16,0,0,0,0,0,0,0,-32287,0,0,0,0,0,2888610,0
2783431,8278,-2706,1482,-514,103,25,-4421,-7,-2,1,-8,19376,60,33,79,16,0,0,0,0,0,0,0,-32287,0,0,0,0,0,2888615,0
2783436,8530,-2630,1398,-470,17,-21,-4421,-5,0,2,0,19379,64,33,79,16,0,0,0,0,0,0,0,-32287,0,0,0,0,0,2888630,0
2783441,8594,-2630,1408,-462,-43,-48,-4419,-2,0,1,0,19379,64,33,79,16,0,0,0,0,0,0,0,-32287,0,0,0,0,0,2888635,0
2783446,8790,-2588,1424,-438,-92,-62,-4421,-5,3,2,0,19383,70,33,79,16,0,0,0,0,0,0,0,-32287,0,0,0,0,0,2888650,0
2783451,8864,-2484,1496,-416,-128,-84,-4420,-9,1,0,-8,19383,70,33,79,16,0,0,0,0,0,0,0,-32287,0,0,0,0,0,2888655,0
2783456,9094,-2222,1738,-367,-118,-130,-4418,5,0,1,0,19381,62,33,79,16,0,0,0,0,0,0,0,-32288,0,0,0,0,0,2888670,0
2783461,9230,-2070,1860,-363,-78,-140,-4420,0,1,0,-8,19381,62,33,79,16,0,0,0,0,0,0,0,-32287,0,0,0,0,0,2888675,0
2783466,9270,-1942,1936,-355,-14,-154,-4420,3,4,0,0,19380,71,33,79,16,0,0,0,0,0,0,0,-32287,0,0,0,0,0,2888690,0
2783471,9282,-1798,1988,-341,56,-163,-4421,-3,-4,0,0,19380,71,33,79,16,0,0,0,0,0,0,0,-32287,0,0,0,0,0,2888695,0
2783476,9286,-1320,1980,-313,209,-179,-4419,3,4,0,0,19378,69,33,79,16,0,0,0,0,0,0,0,-32287,0,0,0,0,0,2888710,0
2783481,9276,-1070,1982,-348,309,-185,-4419,5,-2,1,0,19378,69,33,79,16,0,0,0,0,0,0,0,-32287,0,0,0,0,0,2888715,0
2783486,9198,-862,1934,-396,423,-177,-4421,-1,2,1,0,19379,71,33,79,16,0,0,0,0,0,0,0,-32287,0,0,0,0,0,2888730,0
2783491,9092,-674,1874,-451,501,-189,-4421,-2,-2,1,0,19379,71,33,79,16,0,0,0,0,0,0,0,-32287,0,0,0,0,0,2888735,0
2783496,9018,-414,1604,-450,542,-232,-4421,-2,0,1,-8,19379,64,33,79,16,0,0,0,0,0,0,0,-32287,0,0,0,0,0,2888750,0
2783501,9032,-326,1472,-478,524,-232,-4420,2,6,0,0,19379,64,33,79,16,0,0,0,0,0,0,0,-32287,0,0,0,0,0,2888755,0
2783506,9220,-284,1442,-628,503,-205,-4417,15,3,0,8,19379,61,33,79,16,0,0,0,0,0,0,0,-32287,0,0,0,0,0,2888770,0
2783511,9566,-424,1516,-898,526,-160,-4413,24,10,0,8,19379,61,33,79,16,0,0,0,0,0,0,0,-32287,0,0,0,0,0,2888775,0
2783516,10606,-1700,2320,-1492,679,-10,-4404,52,29,-2,24,19377,69,33,79,16,0,0,0,0,0,0,0,-32287,0,0,0,0,0,2888790,0
2783521,11190,-2514,2822,-1647,752,43,-4384,96,51,-7,64,19377,69,33,79,16,0,0,0,0,0,0,0,-32287,0,0,0,0,0,2888795,0
2783526,11884,-3290,3018,-1649,740,53,-4340,212,115,-16,160,19377,75,33,79,16,0,0,0,0,0,0,0,-32287,0,0,0,0,0,2888810,0
2783531,12728,-4084,2772,-1574,692,69,-4274,301,198,-6,312,19377,75,33,79,16,0,0,0,0,0,0,0,-32287,0,0,0,0,0,2888815,0
2783536,13894,-5284,2258,-1553,612,44,-4177,442,296,-26,600,19378,74,33,79,16,0,0,0,0,0,0,0,-32287,0,0,0,0,0,2888830,0
2783541,14194,-5694,1970,-1416,483,-61,-4047,585,373,-33,1032,19378,74,33,79,16,0,0,0,0,0,0,0,-32287,0,0,0,0,0,2888835,0
2783546,14496,-6464,1524,-1126,360,-135,-3889,705,435,0,1256,19381,69,33,79,16,0,0,0,0,0,0,0,-32287,0,0,0,0,0,2888850,0
2783551,13890,-6126,1510,-886,278,-258,-3706,821,444,5,1504,19381,69,33,79,16,0,0,0,0,0,0,0,-32287,0,0,0,0,0,2888855,0
2783556,12694,-5816,1302,-642,401,-467,-3499,917,443,5,1672,19382,67,33,79,16,0,0,0,0,0,0,0,-32287,0,0,0,0,0,2888870,0
2783561,11564,-5820,1380,-668,527,-536,-3275,978,389,13,1776,19382,67,33,79,16,0,0,0,0,0,0,0,-32287,0,0,0,0,0,2888875,0
2783566,10692,-6390,1326,-628,672,-573,-3041,1032,325,6,1872,19380,68,33,79,16,0,0,0,0,0,0,0,-32287,0,0,0,0,0,2888889,0
2783571,9380,-7056,1304,-530,698,-625,-2800,1061,256,8,1928,19380,68,33,79,16,0,0,0,0,0,0,0,-32287,0,0,0,0,0,2888894,0
2783576,7584,-8152,1042,-132,444,-649,-2555,1079,175,5,1944,19381,72,33,79,16,0,0,0,0,0,0,0,-32287,0,0,0,0,0,2888909,0
2783581,6746,-8212,1020,-15,282,-616,-2313,1061,111,6,1888,19381,72,33,79,16,0,0,0,0,0,0,0,-32287,0,0,0,0,0,2888914,0
2783586,6242,-8276,1096,45,285,-527,-2070,1066,59,-1,1896,19379,69,33,79,16,0,0,0,0,0,0,0,-32287,0,0,0,0,0,2888929,0
2783591,4952,-8638,1252,93,160,-412,-1831,1042,4,4,1840,19379,69,33,79,16,0,0,0,0,0,0,0,-32287,0,0,0,0,0,2888934,0
2783596,4394,-8646,1328,400,28,-202,-1597,1028,-24,1,1800,19380,65,33,79,16,0,0,0,0,0,0,0,-32287,0,0,0,0,0,2888949,0
2783601,4222,-8074,1642,607,53,-149,-1368,1004,-53,4,1752,19380,65,33,79,16,0,0,0,0,0,0,0,-32287,0,0,0,0,0,2888954,0
2783606,4170,-7530,1512,734,139,-56,-1144,984,-58,4,1688,19379,69,33,79,16,0,0,0,0,0,0,0,-32287,0,0,0,0,0,2888969,0
2783611,3888,-6634,1096,733,151,-20,-926,951,-76,9,1616,19379,69,33,79,16,0,0,0,0,0,0,0,-32287,0,0,0,0,0,2888974,0
2783616,3576,-5528,408,739,216,24,-712,934,-78,8,1552,19377,78,33,79,16,0,0,0,0,0,0,0,-32287,0,0,0,0,0,2888989,0
2783621,3470,-5218,20,854,112,35,-510,891,-92,10,1456,19377,78,33,79,16,0,0,0,0,0,0,0,-32287,0,0,0,0,0,2888994,0
2783626,3266,-4760,-364,964,-18,27,-315,855,-105,1,1360,19377,77,33,79,16,0,0,0,0,0,0,0,-32287,0,0,0,0,0,2889009,0
2783631,3224,-4120,-730,993,-142,27,-131,811,-124,11,1248,19377,77,33,79,16,0,0,0,0,0,0,0,-32287,0,0,0,0,0,2889014,0
2783636,3412,-3084,-692,764,-222,47,42,762,-139,0,1160,19379,68,33,79,16,0,0,0,0,0,0,0,-32287,0,0,0,0,0,2889029,0
2783641,3534,-2934,-526,599,-191,75,204,699,-153,3,1016,19379,68,33,79,16,0,0,0,0,0,0,0,-32287,0,0,0,0,0,2889034,0
2783646,3478,-3112,-366,428,-136,133,356,662,-161,3,928,19381,58,33,79,16,0,0,0,0,0,0,0,-32287,0,0,0,0,0,2889049,0
2783651,3414,-3174,-254,297,-89,166,499,623,-163,1,856,19381,58,33,79,16,0,0,0,0,0,0,0,-32287,0,0,0,0,0,2889054,0
2783656,3588,-3476,-46,194,-20,271,635,593,-153,-2,792,19383,62,33,79,16,0,0,0,0,0,0,0,-32287,0,0,0,0,0,2889069,0
2783661,3658,-3658,60,114,-16,341,762,561,-139,-6,720,19383,62,33,79,16,0,0,0,0,0,0,0,-32287,0,0,0,0,0,2889074,0
2783666,3712,-3862,152,58,-54,375,884,538,-124,-13,672,19382,75,33,79,16,0,0,0,0,0,0,0,-32287,0,0,0,0,0,2889089,0
2783671,4064,-4108,110,83,-120,399,1004,530,-104,-17,680,19382,75,33,79,16,0,0,0,0,0,0,0,-32287,0,0,0,0,0,2889094,0
2783676,4504,-4596,268,133,-357,502,1120,504,-84,-5,632,19382,78,33,79,16,0,0,0,0,0,0,0,-32287,0,0,0,0,0,2889109,0
2783681,4976,-4874,238,126,-428,579,1230,483,-67,0,576,19382,78,33,79,16,0,0,0,0,0,0,0,-32287,0,0,0,0,0,2889114,0
2783686,5254,-4996,404,117,-529,628,1337,469,-63,-7,576,19380,90,33,79,16,0,0,0,0,0,0,0,-32286,0,0,0,0,0,2889129,0
2783691,5830,-5144,458,140,-600,659,1446,480,-52,-8,600,19380,90,33,79,16,0,0,0,0,0,0,0,-32286,0,0,0,0,0,2889134,0
2783696,6414,-5512,784,222,-769,720,1548,438,-48,6,480,19379,86,33,79,16,0,0,0,0,0,0,0,-32287,0,0,0,0,0,2889149,0
2783701,6766,-5448,662,246,-841,730,1645,413,-48,2,440,19379,86,33,79,16,0,0,0,0,0,0,0,-32287,0,0,0,0,0,2889154,0
2783706,6944,-5200,582,259,-898,709,1733,390,-64,3,408,19378,83,33,79,16,0,0,0,0,0,0,0,-32287,0,0,0,0,0,2889169,0
2783711,7106,-5044,416,274,-931,690,1819,378,-79,-1,376,19378,83,33,79,16,0,0,0,0,0,0,0,-32287,0,0,0,0,0,2889174,0
2783716,7210,-4752,146,323,-969,585,1904,359,-81,14,304,19375,83,33,79,16,0,0,0,0,0,0,0,-32287,0,0,0,0,0,2889189,0
2783721,7184,-4526,58,319,-940,521,1973,305,-78,20,184,19375,83,33,79,16,0,0,0,0,0,0,0,-32287,0,0,0,0,0,2889194,0
2783726,7158,-4356,-68,281,-910,447,2036,265,-89,6,128,19377,75,33,79,16,0,0,0,0,0,0,0,-32287,0,0,0,0,0,2889209,0
2783731,7086,-4334,-144,243,-865,403,2090,230,-121,-3,104,19377,75,33,79,16,0,0,0,0,0,0,0,-32286,0,0,0,0,0,2889214,0
2783736,6744,-4086,-108,271,-848,229,2136,206,-135,-10,104,19380,74,33,79,16,0,0,0,0,0,0,0,-32287,0,0,0,0,0,2889229,0
2783741,6806,-4248,-286,316,-859,188,2181,191,-118,-4,88,19380,74,33,79,16,0,0,0,0,0,0,0,-32287,0,0,0,0,0,2889234,0
2783746,6522,-4046,-58,370,-906,95,2224,190,-89,0,96,19379,74,33,79,16,0,0,0,0,0,0,0,-32287,0,0,0,0,0,2889249,0
2783751,6512,-4262,-116,378,-915,56,2265,178,-59,-1,96,19379,74,33,79,16,0,0,0,0,0,0,0,-32287,0,0,0,0,0,2889254,0
2783756,6174,-4420,-210,491,-1093,-36,2305,179,-27,-2,80,19378,71,33,79,16,0,0,0,0,0,0,0,-32287,0,0,0,0,0,2889269,0
2783761,6144,-4516,-366,574,-1226,-64,2346,176,-21,5,64,19378,71,33,79,16,0,0,0,0,0,0,0,-32287,0,0,0,0,0,2889274,0
2783766,5996,-4324,-342,562,-1260,-63,2376,121,-30,0,48,19377,78,33,79,16,0,0,0,0,0,0,0,-32287,0,0,0,0,0,2889289,0
2783771,6140,-4006,-234,568,-1358,-121,2403,113,-50,-8,48,19377,78,33,79,16,0,0,0,0,0,0,0,-32287,0,0,0,0,0,2889294,0
2783776,6234,-3956,-12,608,-1398,-136,2426,100,-70,4,40,19380,83,33,79,16,0,0,0,0,0,0,0,-32287,0,0,0,0,0,2889309,0
2783781,6766,-3964,-4,719,-1432,-170,2447,98,-71,-1,48,19380,83,33,79,16,0,0,0,0,0,0,0,-32286,0,0,0,0,0,2889313,0
2783786,6858,-3846,176,795,-1420,-156,2477,126,-41,-6,48,19381,71,33,79,16,0,0,0,0,0,0,0,-32287,0,0,0,0,0,2889328,0
2783791,6938,-3718,392,774,-1376,-119,2502,114,1,1,48,19381,71,33,79,16,0,0,0,0,0,0,0,-32287,0,0,0,0,0,2889333,0
2783796,7412,-3530,524,755,-1251,-92,2531,130,16,-4,64,19380,66,33,79,16,0,0,0,0,0,0,0,-32287,0,0,0,0,0,2889348,0
2783801,7288,-3320,750,756,-1172,-77,2562,138,25,0,64,19380,66,33,79,16,0,0,0,0,0,0,0,-32286,0,0,0,0,0,2889353,0
2783806,7588,-3286,814,813,-1097,-84,2602,177,35,-3,112,19379,61,33,79,16,0,0,0,0,0,0,0,-32287,0,0,0,0,0,2889368,0
2783811,7652,-3214,842,871,-957,-51,2653,224,69,0,160,19379,61,33,79,16,0,0,0,0,0,0,0,-32287,0,0,0,0,0,2889373,0
2783816,7912,-2732,1016,991,-754,-76,2715,271,108,-2,232,19378,66,33,79,16,0,0,0,0,0,0,0,-32287,0,0,0,0,0,2889388,0
2783821,7932,-2710,912,1019,-693,-63,2786,320,140,4,288,19378,66,33,79,16,0,0,0,0,0,0,0,-32287,0,0,0,0,0,2889393,0
2783826,7928,-2768,786,1035,-648,-46,2865,353,152,2,320,19379,75,33,79,16,0,0,0,0,0,0,0,-32287,0,0,0,0,0,2889408,0
2783831,7932,-2530,624,1068,-633,-63,2953,392,146,-7,400,19379,75,33,79,16,0,0,0,0,0,0,0,-32287,0,0,0,0,0,2889417,0
2783836,7736,-2164,320,1093,-645,-71,3045,411,130,-15,472,19381,77,33,79,16,0,0,0,0,0,0,0,-32287,0,0,0,0,0,2889428,0
2783841,7782,-2138,98,1081,-672,-86,3147,453,117,-13,552,19381,77,33,79,16,0,0,0,0,0,0,0,-32287,0,0,0,0,0,2889433,0
2783846,7588,-2148,-12,1069,-697,-90,3255,482,107,-3,648,19379,69,33,79,16,0,0,0,0,0,0,0,-32287,0,0,0,0,0,2889448,0
2783851,7552,-2250,-128,1033,-737,-84,3369,499,105,4,672,19379,69,33,79,16,0,0,0,0,0,0,0,-32287,0,0,0,0,0,2889453,0
2783856,7266,-2434,-242,894,-817,-49,3482,500,88,9,648,19378,61,33,79,16,0,0,0,0,0,0,0,-32287,0,0,0,0,0,2889468,0
2783861,7198,-2412,-232,877,-852,-30,3599,508,73,5,664,19378,61,33,79,16,0,0,0,0,0,0,0,-32287,0,0,0,0,0,2889473,0
2783866,7046,-2640,-200,885,-905,-30,3721,530,49,-2,712,19377,67,33,79,16,0,0,0,0,0,0,0,-32286,0,0,0,0,0,2889488,0
2783871,7042,-2690,-228,890,-941,-14,3840,524,37,6,680,19377,67,33,79,16,0,0,0,0,0,0,0,-32287,0,0,0,0,0,2889493,0
2783876,6998,-2640,-120,806,-984,48,3956,501,17,8,608,19379,82,33,79,16,0,0,0,0,0,0,0,-32286,0,0,0,0,0,2889508,0
2783881,7078,-2636,-20,722,-964,65,4068,507,-10,-3,648,19379,82,33,79,16,0,0,0,0,0,0,0,-32286,0,0,0,0,0,2889513,0
2783886,7034,-2826,100,658,-922,98,4180,495,-23,-1,592,19379,86,33,79,16,0,0,0,0,0,0,0,-32286,0,0,0,0,0,2889528,0
2783891,7074,-2852,172,618,-882,124,4284,456,-41,8,496,19379,86,33,79,16,0,0,0,0,0,0,0,-32287,0,0,0,0,0,2889533,0
2783896,7128,-3132,380,597,-781,179,4382,420,-56,0,416,19378,71,33,79,16,0,0,0,0,0,0,0,-32286,0,0,0,0,0,2889548,0
2783901,7212,-3080,458,625,-747,160,4475,408,-75,-2,416,19378,71,33,79,16,0,0,0,0,0,0,0,-32286,0,0,0,0,0,2889553,0
2783906,7338,-3154,428,649,-679,172,4564,390,-90,-3,392,19377,66,33,79,16,0,0,0,0,0,0,0,-32287,0,0,0,0,0,2889568,0
2783911,7318,-3102,430,658,-640,183,4649,372,-79,9,312,19377,66,33,79,16,0,0,0,0,0,0,0,-32287,0,0,0,0,0,2889573,0
2783916,7448,-3096,362,657,-555,194,4726,331,-80,19,232,19376,66,33,79,16,0,0,0,0,0,0,0,-32286,0,0,0,0,0,2889587,0
2783921,7424,-3246,380,703,-509,204,4794,294,-85,6,176,19376,66,33,79,16,0,0,0,0,0,0,0,-32287,0,0,0,0,0,2889592,0
2783926,7388,-3166,422,772,-504,183,4854,264,-109,4,144,19376,74,33,79,16,0,0,0,0,0,0,0,-32287,0,0,0,0,0,2889607,0
2783931,7514,-2992,448,843,-464,149,4911,247,-112,-6,120,19376,74,33,79,16,0,0,0,0,0,0,0,-32287,0,0,0,0,0,2889612,0
2783936,7742,-2844,324,856,-376,159,4961,225,-103,0,96,19377,75,33,79,16,0,0,0,0,0,0,0,-32287,0,0,0,0,0,2889627,0
2783941,7568,-2604,362,836,-346,120,5010,210,-83,-3,112,19377,75,33,79,16,0,0,0,0,0,0,0,-32287,0,0,0,0,0,2889632,0
2783946,7686,-2682,220,816,-283,126,5054,185,-72,2,80,19379,69,33,79,16,0,0,0,0,0,0,0,-32287,0,0,0,0,0,2889647,0
2783951,7462,-2810,280,877,-314,112,5090,150,-66,5,32,19379,69,33,79,16,0,0,0,0,0,0,0,-32287,0,0,0,0,0,2889652,0
2783956,7314,-2216,42,750,-296,126,5112,93,-93,0,32,19379,69,33,79,16,0,0,0,0,0,0,0,-32287,0,0,0,0,0,2889667,0
2783961,7394,-2348,176,715,-212,117,5132,89,-110,0,24,19379,69,33,79,16,0,0,0,0,0,0,0,-32287,0,0,0,0,0,2889672,0
2783966,7268,-2500,96,719,-207,136,5146,59,-120,4,16,19380,71,33,79,16,0,0,0,0,0,0,0,-32287,0,0,0,0,0,2889687,0
2783971,7354,-2426,-24,694,-213,145,5153,28,-108,4,8,19380,71,33,79,16,0,0,0,0,0,0,0,-32287,0,0,0,0,0,2889692,0
2783976,7106,-2484,-126,782,-172,153,5155,9,-89,0,0,19381,77,33,79,16,0,0,0,0,0,0,0,-32287,0,0,0,0,0,2889707,0
2783981,7130,-2620,-284,927,-256,143,5159,3,-73,1,8,19381,77,33,79,16,0,0,0,0,0,0,0,-32287,0,0,0,0,0,2889712,0
2783986,6954,-2566,-380,993,-298,176,5162,18,-59,-1,8,19382,75,33,79,16,0,0,0,0,0,0,0,-32287,0,0,0,0,0,2889727,0
2783991,6976,-2276,-482,917,-336,211,5175,59,-6,-4,24,19382,75,33,79,16,0,0,0,0,0,0,0,-32287,0,0,0,0,0,2889732,0
2783996,7054,-2018,-448,669,-258,265,5197,102,44,-5,48,19379,67,33,79,16,0,0,0,0,0,0,0,-32287,0,0,0,0,0,2889747,0
2784001,6942,-2268,-402,664,-274,281,5224,118,93,0,48,19379,67,33,79,16,0,0,0,0,0,0,0,-32287,0,0,0,0,0,2889752,0
2784006,6992,-2330,-388,726,-317,242,5253,129,99,-3,64,19378,73,33,79,16,0,0,0,0,0,0,0,-32287,0,0,0,0,0,2889767,0
2784011,7162,-2332,-416,844,-333,237,5288,150,93,-2,72,19378,73,33,79,16,0,0,0,0,0,0,0,-32287,0,0,0,0,0,2889772,0
2784016,7304,-1966,-284,846,-333,187,5332,193,76,0,112,19377,78,33,79,16,0,0,0,0,0,0,0,-32287,0,0,0,0,0,2889787,0
2784021,7344,-2040,-282,837,-294,150,5386,240,88,-1,160,19377,78,33,79,16,0,0,0,0,0,0,0,-32287,0,0,0,0,0,2889792,0
2784026,7486,-2154,-330,884,-315,141,5434,264,112,4,192,19376,79,33,79,16,0,0,0,0,0,0,0,-32287,0,0,0,0,0,2889807,0
2784031,7480,-2060,-212,956,-331,90,5504,309,134,3,256,19376,79,33,79,16,0,0,0,0,0,0,0,-32287,0,0,0,0,0,2889812,0
2784036,7812,-1990,-162,941,-320,40,5577,319,129,4,248,19377,75,33,79,16,0,0,0,0,0,0,0,-32287,0,0,0,0,0,2889827,0
2784041,8030,-1924,-154,897,-298,35,5655,349,110,-3,312,19377,75,33,79,16,0,0,0,0,0,0,0,-32287,0,0,0,0,0,2889832,0
2784046,8114,-2062,-92,844,-246,42,5734,351,78,2,288,19375,67,33,79,16,0,0,0,0,0,0,0,-32287,0,0,0,0,0,2889846,0
2784051,8170,-2116,-18,793,-245,31,5814,360,52,-4,320,19375,67,33,79,16,0,0,0,0,0,0,0,-32286,0,0,0,0,0,2889851,0
2784056,8338,-2246,48,839,-171,-5,5899,374,42,-3,360,19374,69,33,79,16,0,0,0,0,0,0,0,-32287,0,0,0,0,0,2889866,0
2784061,8346,-2314,78,859,-156,-14,5989,395,51,-2,384,19374,69,33,79,16,0,0,0,0,0,0,0,-32286,0,0,0,0,0,2889871,0
2784066,8306,-2354,46,827,-108,-33,6078,395,44,-3,400,19375,60,33,79,16,0,0,0,0,0,0,0,-32287,0,0,0,0,0,2889886,0
2784071,8400,-2468,-42,823,-68,-48,6170,400,47,-7,424,19375,60,33,79,16,0,0,0,0,0,0,0,-32286,0,0,0,0,0,2889891,0
2784076,8262,-2588,-136,849,-6,-120,6261,405,29,-2,440,19379,58,33,79,16,0,0,0,0,0,0,0,-32287,0,0,0,0,0,2889906,0
2784081,8406,-2644,-288,919,24,-170,6360,428,30,-9,496,19379,58,33,79,16,0,0,0,0,0,0,0,-32286,0,0,0,0,0,2889911,0
2784086,8314,-2684,-322,987,23,-201,6463,460,43,-9,576,19381,56,33,79,16,0,0,0,0,0,0,0,-32286,0,0,0,0,0,2889926,0
2784091,8138,-2812,-364,1014,6,-221,6569,470,58,2,600,19381,56,33,79,16,0,0,0,0,0,0,0,-32286,0,0,0,0,0,2889931,0
2784096,8186,-2678,-502,1045,-14,-275,6679,478,65,5,608,19381,60,33,79,16,0,0,0,0,0,0,0,-32287,0,0,0,0,0,2889946,0
2784101,8172,-2740,-490,1086,-49,-316,6792,498,60,-2,680,19381,60,33,79,16,0,0,0,0,0,0,0,-32287,0,0,0,0,0,2889951,0
2784106,8226,-2730,-472,1177,-63,-355,6914,536,61,3,744,19379,72,33,79,16,0,0,0,0,0,0,0,-32287,0,0,0,0,0,2889966,0
2784111,8124,-2784,-478,1214,-97,-362,7033,528,57,9,712,19379,72,33,79,16,0,0,0,0,0,0,0,-32286,0,0,0,0,0,2889971,0
2784116,8298,-2422,-470,1244,-107,-412,7156,539,57,9,728,19378,74,33,79,16,0,0,0,0,0,0,0,-32287,0,0,0,0,0,2889986,0
2784121,8364,-2356,-422,1261,-105,-435,7279,550,40,0,752,19378,74,33,79,16,0,0,0,0,0,0,0,-32287,0,0,0,0,0,2889991,0
2784126,8354,-2412,-430,1252,-89,-430,7404,544,23,8,712,19379,75,33,79,16,0,0,0,0,0,0,0,-32287,0,0,0,0,0,2890006,0
2784131,8366,-2204,-378,1251,-86,-446,7524,522,-43,10,648,19379,75,33,79,16,0,0,0,0,0,0,0,-32287,0,0,0,0,0,2890011,0
2784136,8502,-2038,-322,1246,-36,-473,7643,524,-63,0,672,19379,66,33,79,16,0,0,0,0,0,0,0,-32287,0,0,0,0,0,2890026,0
2784141,8710,-1902,-334,1256,-9,-480,7760,508,-52,-7,616,19379,66,33,79,16,0,0,0,0,0,0,0,-32287,0,0,0,0,0,2890031,0
2784146,8610,-1982,-254,1235,17,-448,7873,496,-32,-1,584,19378,53,33,79,16,0,0,0,0,0,0,0,-32287,0,0,0,0,0,2890046,0
2784151,8812,-1734,-288,1183,40,-457,7980,469,-16,-3,536,19378,53,33,79,16,0,0,0,0,0,0,0,-32287,0,0,0,0,0,2890051,0
2784156,8852,-1644,-176,1084,123,-444,8083,447,-5,-8,480,19376,52,33,79,16,0,0,0,0,0,0,0,-32287,0,0,0,0,0,2890066,0
2784161,9208,-1744,-244,1064,166,-431,8180,433,-67,-4,464,19376,52,33,79,16,0,0,0,0,0,0,0,-32287,0,0,0,0,0,2890071,0
2784166,9216,-1850,-208,1042,199,-441,8277,429,-66,-2,448,19378,72,33,79,16,0,0,0,0,0,0,0,-32287,0,0,0,0,0,2890086,0
2784171,9432,-2106,-304,1013,229,-450,8368,403,-63,7,384,19378,72,33,79,16,0,0,0,0,0,0,0,-32286,0,0,0,0,0,2890091,0
2784176,9862,-2632,-480,1026,335,-422,8456,377,-59,6,320,19382,77,33,79,16,0,0,0,0,0,0,0,-32286,0,0,0,0,0,2890106,0
2784181,9710,-2816,-438,980,306,-426,8539,360,-53,6,296,19382,77,33,79,16,0,0,0,0,0,0,0,-32287,0,0,0,0,0,2890111,0
2784186,9924,-3054,-492,972,278,-430,8621,355,-55,2,272,19382,80,33,79,16,0,0,0,0,0,0,0,-32286,0,0,0,0,0,2890125,0
2784191,9900,-3228,-400,974,228,-428,8701,352,-55,0,272,19382,80,33,79,16,0,0,0,0,0,0,0,-32287,0,0,0,0,0,2890130,0
2784196,9840,-3488,-120,935,83,-404,8776,332,-45,3,240,19381,74,33,79,16,0,0,0,0,0,0,0,-32287,0,0,0,0,0,2890145,0
2784201,9694,-3438,106,863,7,-396,8843,297,-53,5,176,19381,74,33,79,16,0,0,0,0,0,0,0,-32287,0,0,0,0,0,2890150,0
2784206,9504,-3454,244,778,-50,-337,8900,249,-72,4,104,19376,76,33,79,16,0,0,0,0,0,0,0,-32286,0,0,0,0,0,2890165,0
2784211,9158,-3116,512,644,-131,-336,8945,190,-109,-6,64,19376,76,33,79,16,0,0,0,0,0,0,0,-32286,0,0,0,0,0,2890170,0
2784216,9054,-2924,712,472,-195,-271,8980,145,-149,-9,56,19378,81,33,79,16,0,0,0,0,0,0,0,-32287,0,0,0,0,0,2890185,0
2784221,8884,-2918,838,463,-215,-213,9005,112,-161,-4,32,19378,81,33,79,16,0,0,0,0,0,0,0,-32286,0,0,0,0,0,2890190,0
2784226,8706,-2642,1060,460,-242,-190,9017,53,-166,4,8,19377,73,33,79,16,0,0,0,0,0,0,0,-32286,0,0,0,0,0,2890205,0
2784231,8776,-2382,1122,458,-260,-171,9018,5,-169,4,0,19377,73,33,79,16,0,0,0,0,0,0,0,-32287,0,0,0,0,0,2890210,0
2784236,8854,-1632,1020,382,-255,-201,9018,1,-151,1,-8,19378,68,33,79,16,0,0,0,0,0,0,0,-32287,0,0,0,0,0,2890237,0
2784241,8964,-1392,988,270,-228,-229,9019,5,-113,2,0,19378,68,33,79,16,0,0,0,0,0,0,0,-32287,0,0,0,0,0,2890239,0
2784246,8976,-1312,888,103,-152,-246,9019,10,-72,2,-8,19377,70,33,79,16,0,0,0,0,0,0,0,-32287,0,0,0,0,0,2890247,0
2784251,9066,-1564,590,-27,-134,-284,9018,-8,-24,0,-8,19377,70,33,79,16,0,0,0,0,0,0,0,-32287,0,0,0,0,0,2890252,0
2784256,9234,-2204,358,-124,-70,-395,9018,6,-3,0,-8,19377,77,33,79,16,0,0,0,0,0,0,0,-32287,0,0,0,0,0,2890267,0
2784261,9304,-2662,236,-119,-61,-465,9019,7,-3,0,0,19377,77,33,79,16,0,0,0,0,0,0,0,-32287,0,0,0,0,0,2890272,0
2784266,9372,-3254,28,50,-172,-581,9018,2,1,1,-8,19377,73,33,79,16,0,0,0,0,0,0,0,-32287,0,0,0,0,0,2890287,0
2784271,9424,-3662,30,146,-170,-639,9018,0,-3,0,-8,19377,73,33,79,16,0,0,0,0,0,0,0,-32287,0,0,0,0,0,2890292,0
2784276,9182,-4034,182,-277,-64,-631,9017,-2,-3,0,-8,19379,83,33,79,16,0,0,0,0,0,0,0,-32287,0,0,0,0,0,2890307,0
2784281,9008,-4544,268,-603,18,-593,9016,-4,-5,0,-8,19379,83,33,79,16,0,0,0,0,0,0,0,-32287,0,0,0,0,0,2890312,0
2784286,8458,-5182,482,-841,108,-548,9015,-10,-4,2,-8,19380,69,33,79,16,0,0,0,0,0,0,0,-32287,0,0,0,0,0,2890327,0
2784291,7816,-5948,694,-896,112,-513,9013,-14,-6,1,-8,19380,69,33,79,16,0,0,0,0,0,0,0,-32286,0,0,0,0,0,2890332,0
2784296,6852,-6962,792,-638,-86,-423,9011,-9,-2,1,-8,19379,64,33,79,16,0,0,0,0,0,0,0,-32287,0,0,0,0,0,2890347,0
2784301,6308,-6898,1086,-571,-166,-379,9010,-7,-4,2,-16,19379,64,33,79,16,0,0,0,0,0,0,0,-32287,0,0,0,0,0,2890352,0
2784306,6014,-6952,1192,-586,-165,-316,9007,-7,-5,1,-16,19378,69,33,79,16,0,0,0,0,0,0,0,-32286,0,0,0,0,0,2890367,0
2784311,5422,-7020,1490,-542,-181,-267,9002,-18,-1,1,-24,19378,69,33,79,16,0,0,0,0,0,0,0,-32286,0,0,0,0,0,2890372,0
2784316,6700,-7582,2404,1726,-493,-968,8987,-74,-24,9,-64,19379,73,33,79,16,0,0,0,0,0,0,0,-32286,0,0,0,0,0,2890387,0
2784321,5500,-7338,1790,2470,-959,-900,8953,-157,-79,10,-104,19379,73,33,79,16,0,0,0,0,0,0,0,-32287,0,0,0,0,0,2890392,0
2784326,5434,-4958,2272,2064,-865,-856,8898,-261,-160,14,-248,19379,81,33,79,16,0,0,0,0,0,0,0,-32287,0,0,0,0,0,2890407,0
2784331,5526,-4482,1540,1260,-622,-771,8812,-403,-261,21,-536,19379,81,33,79,16,0,0,0,0,0,0,0,-32287,0,0,0,0,0,2890412,0
2784336,4818,-5594,1090,401,-344,-539,8688,-555,-364,35,-968,19379,69,33,79,16,0,0,0,0,0,0,0,-32287,0,0,0,0,0,2890427,0
2784341,4596,-6470,1066,491,-372,-464,8529,-720,-451,8,-1352,19379,69,33,79,16,0,0,0,0,0,0,0,-32286,0,0,0,0,0,2890432,0
2784346,4754,-6672,1206,713,-323,-334,8323,-925,-533,7,-1808,19378,73,33,79,16,0,0,0,0,0,0,0,-32286,0,0,0,0,0,2890447,0
2784351,4600,-6172,1396,691,-177,-149,8074,-1121,-595,9,-2240,19378,73,33,79,16,0,0,0,0,0,0,0,-32286,0,0,0,0,0,2890452,0
2784356,5062,-5498,1188,247,93,273,7780,-1313,-636,2,-2648,19377,78,33,79,16,0,0,0,0,0,0,0,-32287,0,0,0,0,0,2890467,0
2784361,5290,-4884,1366,10,256,434,7445,-1492,-672,-1,-3008,19377,78,33,79,16,0,0,0,0,0,0,0,-32286,0,0,0,0,0,2890472,0
2784366,5544,-5014,1172,-166,390,636,7072,-1653,-664,-4,-3336,19377,85,33,79,16,0,0,0,0,0,0,0,-32287,0,0,0,0,0,2890487,0
2784371,5592,-4696,1178,-263,420,786,6667,-1796,-620,-2,-3632,19377,85,33,79,16,0,0,0,0,0,0,0,-32287,0,0,0,0,0,2890492,0
2784376,6452,-3814,986,-490,512,1081,6238,-1900,-560,-6,-3848,19379,93,33,79,16,0,0,0,0,0,0,0,-32287,0,0,0,0,0,2890507,0
2784381,6176,-3164,1064,-703,518,1150,5790,-1977,-474,-6,-3992,19379,93,33,79,16,0,0,0,0,0,0,0,-32287,0,0,0,0,0,2890512,0
2784386,6954,-3422,514,-711,330,1204,5332,-2025,-377,-13,-4072,19378,93,33,79,16,0,0,0,0,0,0,0,-32287,0,0,0,0,0,2890527,0
2784391,7152,-2524,410,-692,192,1209,4864,-2059,-288,-12,-4080,19378,93,33,79,16,0,0,0,0,0,0,0,-32287,0,0,0,0,0,2890532,0
2784396,8388,-962,188,-901,94,1105,4390,-2088,-202,-17,-4112,19377,92,33,79,16,0,0,0,0,0,0,0,-32287,0,0,0,0,0,2890546,0
2784401,8792,-560,152,-1076,23,1005,3921,-2071,-133,-17,-4016,19377,92,33,79,16,0,0,0,0,0,0,0,-32287,0,0,0,0,0,2890551,0
2784406,9532,-498,390,-1097,-42,851,3457,-2031,-55,-17,-3912,19380,91,33,79,16,0,0,0,0,0,0,0,-32286,0,0,0,0,0,2890566,0
2784411,10008,-464,808,-971,-95,657,3008,-1975,32,-3,-3800,19380,91,33,79,16,0,0,0,0,0,0,0,-32286,0,0,0,0,0,2890571,0
2784416,10652,-432,1104,-822,-215,306,2576,-1899,107,7,-3664,19383,99,33,79,16,0,0,0,0,0,0,0,-32287,0,0,0,0,0,2890586,0
2784421,10940,-296,1152,-958,-144,195,2158,-1831,186,10,-3544,19383,99,33,79,16,0,0,0,0,0,0,0,-32287,0,0,0,0,0,2890591,0
2784426,10992,-566,1706,-1150,35,95,1753,-1767,221,5,-3408,19385,95,33,79,16,0,0,0,0,0,0,0,-32287,0,0,0,0,0,2890606,0
2784431,10844,-1128,2490,-1254,313,10,1361,-1719,218,2,-3296,19385,95,33,79,16,0,0,0,0,0,0,0,-32287,0,0,0,0,0,2890611,0
2784436,10346,-2324,2722,-1221,768,-53,979,-1679,206,-3,-3184,19382,81,33,79,16,0,0,0,0,0,0,0,-32287,0,0,0,0,0,2890626,0
2784441,10036,-2630,2592,-1187,968,-85,609,-1618,186,-13,-3032,19382,81,33,79,16,0,0,0,0,0,0,0,-32287,0,0,0,0,0,2890631,0
2784446,9386,-2568,2380,-1143,1175,-142,252,-1563,179,-8,-2904,19377,76,33,79,16,0,0,0,0,0,0,0,-32287,0,0,0,0,0,2890646,0
2784451,9462,-3040,2172,-1156,1333,-116,-91,-1498,183,-12,-2720,19377,76,33,79,16,0,0,0,0,0,0,0,-32286,0,0,0,0,0,2890651,0
2784456,8164,-3100,1290,-1194,1502,-118,-417,-1426,202,-9,-2568,19377,82,33,79,16,0,0,0,0,0,0,0,-32288,0,0,0,0,0,2890666,0
2784461,7538,-3192,772,-1154,1483,-142,-723,-1339,227,-7,-2360,19377,82,33,79,16,0,0,0,0,0,0,0,-32287,0,0,0,0,0,2890671,0
2784466,7110,-3222,320,-1154,1507,-74,-1009,-1253,251,-1,-2184,19378,85,33,79,16,0,0,0,0,0,0,0,-32286,0,0,0,0,0,2890686,0
2784471,6688,-2888,198,-1261,1488,-63,-1274,-1154,283,0,-1976,19378,85,33,79,16,0,0,0,0,0,0,0,-32286,0,0,0,0,0,2890691,0
2784476,6212,-3170,-68,-1301,1390,-57,-1517,-1055,305,-2,-1752,19380,84,33,79,16,0,0,0,0,0,0,0,-32286,0,0,0,0,0,2890706,0
2784481,6086,-3206,-276,-1158,1227,-65,-1735,-954,331,-4,-1560,19380,84,33,79,16,0,0,0,0,0,0,0,-32287,0,0,0,0,0,2890711,0
2784486,6186,-3002,-392,-963,1018,-119,-1935,-869,333,0,-1360,19381,75,33,79,16,0,0,0,0,0,0,0,-32287,0,0,0,0,0,2890726,0
2784491,6222,-2914,-478,-896,855,-99,-2115,-784,331,4,-1208,19381,75,33,79,16,0,0,0,0,0,0,0,-32287,0,0,0,0,0,2890731,0
2784496,6398,-2308,-74,-1147,693,-42,-2283,-732,303,4,-1096,19380,76,33,79,16,0,0,0,0,0,0,0,-32286,0,0,0,0,0,2890746,0
2784501,6478,-2390,140,-1253,659,-8,-2436,-660,270,-2,-936,19380,76,33,79,16,0,0,0,0,0,0,0,-32286,0,0,0,0,0,2890750,0
2784506,6440,-2636,274,-1300,592,32,-2578,-618,233,4,-856,19382,78,33,79,16,0,0,0,0,0,0,0,-32286,0,0,0,0,0,2890765,0
2784511,6620,-2722,548,-1285,546,67,-2708,-569,210,3,-744,19382,78,33,79,16,0,0,0,0,0,0,0,-32286,0,0,0,0,0,2890770,0
2784516,7096,-2332,1106,-1193,602,76,-2827,-516,182,1,-584,19383,80,33,79,16,0,0,0,0,0,0,0,-32287,0,0,0,0,0,2890785,0
2784521,7078,-2220,1260,-1235,672,99,-2932,-455,184,10,-472,19383,80,33,79,16,0,0,0,0,0,0,0,-32286,0,0,0,0,0,2890790,0
2784526,7192,-2060,1308,-1320,724,106,-3030,-411,176,8,-384,19383,72,33,79,16,0,0,0,0,0,0,0,-32287,0,0,0,0,0,2890805,0
2784531,7298,-2076,1260,-1395,748,102,-3114,-366,178,-4,-304,19383,72,33,79,16,0,0,0,0,0,0,0,-32287,0,0,0,0,0,2890810,0
2784536,7342,-1990,1244,-1348,763,36,-3195,-345,160,-10,-256,19381,66,33,79,16,0,0,0,0,0,0,0,-32286,0,0,0,0,0,2890825,0
2784541,7438,-2122,1156,-1211,751,-5,-3262,-295,151,-10,-184,19381,66,33,79,16,0,0,0,0,0,0,0,-32286,0,0,0,0,0,2890830,0
2784546,7220,-1970,1196,-1134,708,-58,-3318,-252,139,2,-128,19379,70,33,79,16,0,0,0,0,0,0,0,-32286,0,0,0,0,0,2890845,0
2784551,7172,-1842,1130,-1148,732,-101,-3366,-199,152,9,-96,19379,70,33,79,16,0,0,0,0,0,0,0,-32286,0,0,0,0,0,2890850,0
2784556,6790,-2004,1008,-1311,823,-78,-3404,-172,155,6,-72,19378,77,33,79,16,0,0,0,0,0,0,0,-32287,0,0,0,0,0,2890865,0
2784561,6538,-2256,886,-1335,885,-50,-3439,-155,139,6,-80,19378,77,33,79,16,0,0,0,0,0,0,0,-32287,0,0,0,0,0,2890870,0
2784566,6238,-2180,856,-1276,829,-91,-3468,-119,117,-1,-48,19377,73,33,79,16,0,0,0,0,0,0,0,-32287,0,0,0,0,0,2890885,0
2784571,6192,-2426,652,-1191,832,-75,-3491,-101,100,0,-48,19377,73,33,79,16,0,0,0,0,0,0,0,-32286,0,0,0,0,0,2890890,0
2784576,5794,-2174,518,-1193,787,-51,-3515,-104,73,0,-32,19377,78,33,79,16,0,0,0,0,0,0,0,-32287,0,0,0,0,0,2890905,0
2784581,5690,-2122,466,-1177,783,-23,-3531,-67,74,-3,-24,19377,78,33,79,16,0,0,0,0,0,0,0,-32287,0,0,0,0,0,2890910,0
2784586,5554,-2088,448,-1183,763,-4,-3538,-36,78,0,-24,19378,86,33,79,16,0,0,0,0,0,0,0,-32287,0,0,0,0,0,2890925,0
2784591,5502,-2126,428,-1201,747,26,-3545,-37,74,1,-24,19378,86,33,79,16,0,0,0,0,0,0,0,-32287,0,0,0,0,0,2890930,0
2784596,5460,-2182,436,-1246,753,83,-3558,-57,56,3,-40,19377,74,33,79,16,0,0,0,0,0,0,0,-32286,0,0,0,0,0,2890945,0
2784601,5492,-2080,480,-1238,749,70,-3575,-73,12,3,-40,19377,74,33,79,16,0,0,0,0,0,0,0,-32286,0,0,0,0,0,2890950,0
2784606,5688,-2068,460,-1193,782,54,-3587,-45,-20,-3,-8,19377,66,33,79,16,0,0,0,0,0,0,0,-32287,0,0,0,0,0,2890965,0
2784611,5706,-2032,544,-1177,799,56,-3587,10,4,-5,8,19377,66,33,79,16,0,0,0,0,0,0,0,-32286,0,0,0,0,0,2890970,0
2784616,5766,-2244,492,-1174,809,86,-3584,11,50,0,0,19379,65,33,79,16,0,0,0,0,0,0,0,-32287,0,0,0,0,0,2890985,0
2784621,5902,-2314,440,-1179,808,102,-3585,2,72,3,-8,19379,65,33,79,16,0,0,0,0,0,0,0,-32286,0,0,0,0,0,2890989,0
2784626,6010,-2394,408,-1161,797,110,-3583,1,56,0,0,19381,69,33,79,16,0,0,0,0,0,0,0,-32287,0,0,0,0,0,2891004,0
2784631,6106,-2358,436,-1142,783,110,-3583,6,15,2,-8,19381,69,33,79,16,0,0,0,0,0,0,0,-32287,0,0,0,0,0,2891009,0
2784636,6326,-2448,404,-1122,722,125,-3583,4,-4,2,0,19379,66,33,79,16,0,0,0,0,0,0,0,-32286,0,0,0,0,0,2891024,0
2784641,6396,-2436,430,-1100,688,120,-3584,3,-8,1,0,19379,66,33,79,16,0,0,0,0,0,0,0,-32287,0,0,0,0,0,2891029,0
2784646,6508,-2436,448,-1073,649,113,-3583,-1,-4,0,-8,19379,69,33,79,16,0,0,0,0,0,0,0,-32286,0,0,0,0,0,2891044,0
2784651,6634,-2446,488,-1040,609,117,-3584,7,-1,1,-8,19379,69,33,79,16,0,0,0,0,0,0,0,-32287,0,0,0,0,0,2891049,0
2784656,6806,-2518,588,-1028,568,107,-3584,2,3,1,0,19379,77,33,79,16,0,0,0,0,0,0,0,-32287,0,0,0,0,0,2891064,0
2784661,6884,-2560,628,-1042,558,105,-3584,0,-2,0,0,19379,77,33,79,16,0,0,0,0,0,0,0,-32287,0,0,0,0,0,2891069,0
2784666,6918,-2654,728,-1055,559,102,-3583,0,-2,0,0,19380,79,33,79,16,0,0,0,0,0,0,0,-32287,0,0,0,0,0,2891083,0
2784671,7032,-2722,810,-1053,551,107,-3583,8,1,0,0,19380,79,33,79,16,0,0,0,0,0,0,0,-32287,0,0,0,0,0,2891088,0
2784676,7036,-2902,952,-1006,515,77,-3583,4,-1,0,0,19379,78,33,79,16,0,0,0,0,0,0,0,-32286,0,0,0,0,0,2891103,0
2784681,7096,-2858,954,-949,477,72,-3583,0,0,0,0,19379,78,33,79,16,0,0,0,0,0,0,0,-32286,0,0,0,0,0,2891108,0
2784686,7092,-2832,1002,-898,431,49,-3580,13,3,2,0,19378,71,33,79,16,0,0,0,0,0,0,0,-32286,0,0,0,0,0,2891123,0
2784691,7148,-2786,1044,-855,403,14,-3581,0,2,1,0,19378,71,33,79,16,0,0,0,0,0,0,0,-32286,0,0,0,0,0,2891128,0
2784696,7210,-2684,1114,-813,391,-31,-3581,-3,-3,2,-8,19378,77,33,79,16,0,0,0,0,0,0,0,-32287,0,0,0,0,0,2891143,0
2784701,7308,-2682,1124,-779,378,-65,-3581,0,-5,0,0,19378,77,33,79,16,0,0,0,0,0,0,0,-32287,0,0,0,0,0,2891148,0
2784706,7344,-2766,1124,-735,360,-88,-3581,-3,-6,1,0,19380,86,33,79,16,0,0,0,0,0,0,0,-32286,0,0,0,0,0,2891163,0
2784711,7426,-2686,1184,-709,350,-104,-3581,3,-3,1,0,19380,86,33,79,16,0,0,0,0,0,0,0,-32286,0,0,0,0,0,2891168,0
2784716,7670,-2754,1234,-634,326,-136,-3580,3,0,0,0,19380,94,33,79,16,0,0,0,0,0,0,0,-32286,0,0,0,0,0,2891183,0
2784721,7738,-2650,1212,-648,322,-126,-3579,4,0,0,0,19380,94,33,79,16,0,0,0,0,0,0,0,-32287,0,0,0,0,0,2891187,0
2784726,7870,-2438,1430,-669,365,-137,-3580,-1,1,0,0,19379,92,33,79,16,0,0,0,0,0,0,0,-32286,0,0,0,0,0,2891202,0
2784731,8068,-2426,1402,-681,376,-131,-3578,12,-2,0,-8,19379,92,33,79,16,0,0,0,0,0,0,0,-32287,0,0,0,0,0,2891207,0
2784736,8120,-2408,1404,-713,398,-116,-3580,3,-3,2,0,19376,70,33,79,16,0,0,0,0,0,0,0,-32287,0,0,0,0,0,2891222,0
2784741,8336,-2244,1374,-683,402,-107,-3580,3,0,2,0,19376,70,33,79,16,0,0,0,0,0,0,0,-32287,0,0,0,0,0,2891227,0
2784746,8316,-2106,1406,-678,392,-118,-3580,-2,-5,1,-8,19377,70,33,79,16,0,0,0,0,0,0,0,-32286,0,0,0,0,0,2891242,0
2784751,8516,-2040,1344,-645,346,-140,-3579,4,2,0,0,19377,70,33,79,16,0,0,0,0,0,0,0,-32286,0,0,0,0,0,2891247,0
2784756,8530,-1786,1368,-803,384,-89,-3579,0,-1,0,0,19376,74,33,79,16,0,0,0,0,0,0,0,-32287,0,0,0,0,0,2891262,0
2784761,8756,-1848,1458,-866,418,-91,-3577,12,4,-1,0,19376,74,33,79,16,0,0,0,0,0,0,0,-32287,0,0,0,0,0,2891267,0
2784766,8692,-1858,1582,-887,445,-102,-3577,7,1,0,0,19377,80,33,79,16,0,0,0,0,0,0,0,-32286,0,0,0,0,0,2891282,0
2784771,8732,-1976,1662,-867,451,-109,-3577,0,5,0,0,19377,80,33,79,16,0,0,0,0,0,0,0,-32286,0,0,0,0,0,2891287,0
2784776,8796,-1992,1766,-830,495,-135,-3576,0,-1,0,0,19378,76,33,79,16,0,0,0,0,0,0,0,-32286,0,0,0,0,0,2891302,0
2784781,8826,-1956,1806,-832,545,-137,-3574,6,-1,0,0,19378,76,33,79,16,0,0,0,0,0,0,0,-32287,0,0,0,0,0,2891307,0
2784786,8798,-1980,1820,-839,582,-150,-3575,-1,0,2,0,19378,67,33,79,16,0,0,0,0,0,0,0,-32287,0,0,0,0,0,2891322,0
2784791,8706,-2060,1822,-841,616,-170,-3575,-7,-6,1,0,19378,67,33,79,16,0,0,0,0,0,0,0,-32287,0,0,0,0,0,2891327,0
2784796,8546,-2058,1750,-822,664,-193,-3575,4,-3,2,0,19379,73,33,79,16,0,0,0,0,0,0,0,-32287,0,0,0,0,0,2891341,0
2784801,8594,-1990,1690,-806,681,-201,-3575,-1,-2,0,0,19379,73,33,79,16,0,0,0,0,0,0,0,-32287,0,0,0,0,0,2891346,0
2784806,8498,-1898,1700,-810,701,-222,-3574,3,3,2,0,19383,77,33,79,16,0,0,0,0,0,0,0,-32286,0,0,0,0,0,2891361,0
2784811,8506,-1796,1684,-823,725,-227,-3573,3,0,1,0,19383,77,33,79,16,0,0,0,0,0,0,0,-32287,0,0,0,0,0,2891366,0
2784816,8452,-1770,1576,-781,718,-278,-3573,-2,3,0,0,19383,78,33,79,16,0,0,0,0,0,0,0,-32287,0,0,0,0,0,2891381,0
2784821,8456,-1618,1492,-721,690,-298,-3573,-2,-1,0,0,19383,78,33,79,16,0,0,0,0,0,0,0,-32286,0,0,0,0,0,2891386,0
2784826,8458,-1418,1452,-687,678,-330,-3573,0,5,0,0,19382,72,33,79,16,0,0,0,0,0,0,0,-32287,0,0,0,0,0,2891401,0
2784831,8504,-1144,1436,-689,679,-353,-3573,-2,-2,0,0,19382,72,33,79,16,0,0,0,0,0,0,0,-32287,0,0,0,0,0,2891411,0
2784836,8578,-794,1350,-764,670,-401,-3571,0,4,3,0,19378,75,33,79,16,0,0,0,0,0,0,0,-32287,0,0,0,0,0,2891421,0
2784841,8600,-716,1312,-786,645,-419,-3569,7,0,2,0,19378,75,33,79,16,0,0,0,0,0,0,0,-32287,0,0,0,0,0,2891426,0
2784846,8538,-566,1192,-799,578,-449,-3570,1,8,1,0,19378,78,33,79,16,0,0,0,0,0,0,0,-32287,0,0,0,0,0,2891440,0
2784851,8554,-440,1044,-859,529,-458,-3567,5,4,1,0,19378,78,33,79,16,0,0,0,0,0,0,0,-32287,0,0,0,0,0,2891445,0
2784856,8428,-452,934,-1277,460,-379,-3564,14,4,0,8,19379,85,33,79,16,0,0,0,0,0,0,0,-32287,0,0,0,0,0,2891460,0
2784861,8516,-854,1172,-1624,536,-258,-3558,31,16,0,16,19379,85,33,79,16,0,0,0,0,0,0,0,-32287,0,0,0,0,0,2891465,0
2784866,8626,-1320,1890,-2036,781,-82,-3544,73,31,-5,40,19378,79,33,79,16,0,0,0,0,0,0,0,-32287,0,0,0,0,0,2891480,0
2784871,8880,-1552,2544,-2157,952,-80,-3510,164,82,-13,128,19378,79,33,79,16,0,0,0,0,0,0,0,-32287,0,0,0,0,0,2891485,0
2784876,9978,-3330,3138,-1731,926,-87,-3444,306,184,-21,360,19378,70,33,79,16,0,0,0,0,0,0,0,-32287,0,0,0,0,0,2891500,0
2784881,10808,-3658,2722,-1435,714,-141,-3340,468,310,-33,720,19378,70,33,79,16,0,0,0,0,0,0,0,-32286,0,0,0,0,0,2891505,0
2784886,11718,-3470,2170,-1257,552,-202,-3198,646,437,-34,1224,19379,66,33,79,16,0,0,0,0,0,0,0,-32287,0,0,0,0,0,2891520,0
2784891,12496,-3508,1778,-1206,393,-293,-3014,822,533,-4,1576,19379,66,33,79,16,0,0,0,0,0,0,0,-32287,0,0,0,0,0,2891525,0
2784896,13442,-4600,1342,-1158,61,-485,-2795,982,586,1,1920,19378,72,33,79,16,0,0,0,0,0,0,0,-32287,0,0,0,0,0,2891539,0
2784901,13494,-5246,1300,-973,-103,-586,-2544,1119,583,3,2192,19378,72,33,79,16,0,0,0,0,0,0,0,-32287,0,0,0,0,0,2891544,0
2784906,13266,-5740,1190,-730,-230,-732,-2268,1221,540,8,2392,19378,74,33,79,16,0,0,0,0,0,0,0,-32287,0,0,0,0,0,2891559,0
2784911,12932,-6084,1192,-546,-226,-838,-1974,1306,470,4,2536,19378,74,33,79,16,0,0,0,0,0,0,0,-32287,0,0,0,0,0,2891564,0
2784916,11448,-6508,1480,-498,-1,-938,-1668,1350,380,15,2600,19381,81,33,79,16,0,0,0,0,0,0,0,-32287,0,0,0,0,0,2891579,0
2784921,10480,-7028,1676,-506,159,-977,-1358,1365,277,15,2600,19381,81,33,79,16,0,0,0,0,0,0,0,-32287,0,0,0,0,0,2891584,0
2784926,9326,-7914,1638,-462,289,-942,-1046,1372,186,15,2568,19382,69,33,79,16,0,0,0,0,0,0,0,-32287,0,0,0,0,0,2891599,0
2784931,8024,-8458,1462,-405,365,-890,-737,1355,92,15,2512,19382,69,33,79,16,0,0,0,0,0,0,0,-32286,0,0,0,0,0,2891604,0
2784936,5536,-9356,1450,-192,470,-690,-432,1339,28,5,2456,19382,69,33,79,16,0,0,0,0,0,0,0,-32287,0,0,0,0,0,2891619,0
2784941,5056,-9878,1218,-6,451,-553,-132,1309,-21,11,2368,19382,69,33,79,16,0,0,0,0,0,0,0,-32287,0,0,0,0,0,2891624,0
2784946,4214,-9522,1392,180,392,-464,158,1282,-60,6,2296,19381,72,33,79,16,0,0,0,0,0,0,0,-32287,0,0,0,0,0,2891639,0
2784951,3894,-9086,1150,353,357,-378,436,1217,-97,7,2152,19381,72,33,79,16,0,0,0,0,0,0,0,-32286,0,0,0,0,0,2891643,0
2784956,3220,-7762,676,746,235,-307,701,1156,-136,12,1992,19383,70,33,79,16,0,0,0,0,0,0,0,-32287,0,0,0,0,0,2891658,0
2784961,2904,-7406,-72,768,136,-248,947,1074,-179,7,1816,19383,70,33,79,16,0,0,0,0,0,0,0,-32287,0,0,0,0,0,2891663,0
2784966,2460,-6844,-340,917,38,-214,1174,984,-220,3,1608,19382,76,33,79,16,0,0,0,0,0,0,0,-32286,0,0,0,0,0,2891678,0
2784971,2456,-6242,-1016,1130,-307,-278,1373,868,-274,10,1352,19382,76,33,79,16,0,0,0,0,0,0,0,-32286,0,0,0,0,0,2891683,0
2784976,2350,-5172,-1354,940,-513,-151,1548,755,-320,4,1160,19379,67,33,79,16,0,0,0,0,0,0,0,-32287,0,0,0,0,0,2891698,0
2784981,2576,-4746,-1374,673,-532,-59,1695,631,-368,9,856,19379,67,33,79,16,0,0,0,0,0,0,0,-32287,0,0,0,0,0,2891703,0
2784986,2722,-4670,-1032,530,-493,-9,1817,520,-391,3,584,19376,73,33,79,16,0,0,0,0,0,0,0,-32287,0,0,0,0,0,2891718,0
2784991,2942,-4752,-604,505,-480,43,1914,415,-394,-12,352,19376,73,33,79,16,0,0,0,0,0,0,0,-32287,0,0,0,0,0,2891723,0
2784996,3384,-4724,-130,468,-417,217,1985,302,-391,4,144,19376,74,33,79,16,0,0,0,0,0,0,0,-32287,0,0,0,0,0,2891738,0
2785001,4042,-4412,34,454,-345,261,2030,187,-390,-10,56,19376,74,33,79,16,0,0,0,0,0,0,0,-32287,0,0,0,0,0,2891743,0
2785006,4454,-4254,178,379,-259,343,2043,38,-394,-21,0,19379,78,33,79,16,0,0,0,0,0,0,0,-32287,0,0,0,0,0,2891758,0
2785011,4626,-4300,330,152,-130,494,2040,-27,-408,-1,-24,19379,78,33,79,16,0,0,0,0,0,0,0,-32287,0,0,0,0,0,2891763,0
2785016,5342,-3920,586,-246,60,650,2031,-36,-359,1,-32,19379,79,33,79,16,0,0,0,0,0,0,0,-32287,0,0,0,0,0,2891777,0
2785021,5844,-4160,688,26,52,666,2020,-44,-258,1,-24,19379,79,33,79,16,0,0,0,0,0,0,0,-32287,0,0,0,0,0,2891782,0
2785026,5660,-4350,778,125,-7,723,2018,-9,-135,-5,0,19379,76,33,79,16,0,0,0,0,0,0,0,-32287,0,0,0,0,0,2891797,0
2785031,6024,-4418,580,106,-114,814,2021,15,-8,-4,8,19379,76,33,79,16,0,0,0,0,0,0,0,-32287,0,0,0,0,0,2891802,0
2785036,6664,-3784,304,-50,-265,894,2024,9,48,2,0,19378,68,33,79,16,0,0,0,0,0,0,0,-32287,0,0,0,0,0,2891817,0
2785041,6968,-3662,260,-59,-379,879,2023,4,45,3,0,19378,68,33,79,16,0,0,0,0,0,0,0,-32287,0,0,0,0,0,2891822,0
2785046,7340,-3712,248,1,-496,837,2024,0,23,2,0,19377,66,33,79,16,0,0,0,0,0,0,0,-32287,0,0,0,0,0,2891837,0
2785051,7482,-3682,290,65,-606,781,2025,8,-5,0,0,19377,66,33,79,16,0,0,0,0,0,0,0,-32287,0,0,0,0,0,2891842,0
2785056,7790,-3368,242,-25,-700,683,2025,12,-3,0,0,19379,65,33,79,16,0,0,0,0,0,0,0,-32286,0,0,0,0,0,2891857,0
2785061,7888,-3360,244,-128,-682,626,2024,0,0,0,0,19379,65,33,79,16,0,0,0,0,0,0,0,-32287,0,0,0,0,0,2891862,0
2785066,7806,-3566,200,-208,-660,569,2026,6,4,0,0,19379,77,33,79,16,0,0,0,0,0,0,0,-32287,0,0,0,0,0,2891877,0
2785071,7632,-3836,148,-285,-644,528,2027,9,8,-1,0,19379,77,33,79,16,0,0,0,0,0,0,0,-32287,0,0,0,0,0,2891882,0
2785076,7140,-4342,94,-439,-596,462,2029,12,7,-2,8,19377,76,33,79,16,0,0,0,0,0,0,0,-32286,0,0,0,0,0,2891900,0
2785081,6950,-4514,150,-444,-553,419,2037,28,23,-1,8,19377,76,33,79,16,0,0,0,0,0,0,0,-32287,0,0,0,0,0,2891905,0
2785086,6666,-4686,314,-408,-502,395,2048,57,33,-1,32,19376,74,33,79,16,0,0,0,0,0,0,0,-32286,0,0,0,0,0,2891917,0
2785091,6406,-4822,332,-294,-530,320,2077,128,79,-10,80,19376,74,33,79,16,0,0,0,0,0,0,0,-32287,0,0,0,0,0,2891921,0
2785096,6050,-5224,182,191,-762,165,2122,207,138,-9,160,19377,74,33,79,16,0,0,0,0,0,0,0,-32286,0,0,0,0,0,2891936,0
2785101,6006,-5272,-68,470,-952,79,2189,301,214,-6,312,19377,74,33,79,16,0,0,0,0,0,0,0,-32286,0,0,0,0,0,2891941,0
2785106,5844,-5084,-262,737,-1163,-38,2279,399,277,-14,496,19379,76,33,79,16,0,0,0,0,0,0,0,-32286,0,0,0,0,0,2891956,0
2785111,5934,-4846,-486,975,-1387,-152,2380,458,297,-18,624,19379,76,33,79,16,0,0,0,0,0,0,0,-32287,0,0,0,0,0,2891961,0
2785116,6230,-4100,-448,1137,-1630,-324,2490,493,266,-4,720,19383,81,33,79,16,0,0,0,0,0,0,0,-32286,0,0,0,0,0,2891976,0
2785121,6488,-4056,-234,1147,-1653,-391,2612,535,221,8,800,19383,81,33,79,16,0,0,0,0,0,0,0,-32286,0,0,0,0,0,2891981,0
2785126,6672,-4080,-28,1185,-1648,-426,2739,566,171,16,848,19381,74,33,79,16,0,0,0,0,0,0,0,-32286,0,0,0,0,0,2891996,0
2785131,6826,-4208,198,1242,-1629,-435,2868,570,119,22,816,19381,74,33,79,16,0,0,0,0,0,0,0,-32286,0,0,0,0,0,2892001,0
2785136,7150,-4290,548,1251,-1479,-391,2998,569,22,13,800,19379,74,33,79,16,0,0,0,0,0,0,0,-32286,0,0,0,0,0,2892016,0
2785141,7016,-4212,720,1260,-1415,-374,3124,554,3,3,752,19379,74,33,79,16,0,0,0,0,0,0,0,-32286,0,0,0,0,0,2892021,0
2785146,7202,-4192,702,1292,-1333,-338,3248,540,2,3,712,19380,80,33,79,16,0,0,0,0,0,0,0,-32287,0,0,0,0,0,2892036,0
2785151,7098,-4138,750,1330,-1248,-299,3367,519,-9,1,648,19380,80,33,79,16,0,0,0,0,0,0,0,-32287,0,0,0,0,0,2892041,0
2785156,7088,-3834,658,1378,-1085,-228,3478,483,4,6,552,19379,78,33,79,16,0,0,0,0,0,0,0,-32287,0,0,0,0,0,2892056,0
2785161,7214,-3644,548,1418,-1023,-193,3584,460,-16,-2,488,19379,78,33,79,16,0,0,0,0,0,0,0,-32286,0,0,0,0,0,2892061,0
2785166,7216,-3412,448,1454,-971,-163,3686,448,-84,-7,488,19378,73,33,79,16,0,0,0,0,0,0,0,-32287,0,0,0,0,0,2892076,0
2785171,7158,-3464,398,1453,-934,-111,3783,411,-82,3,408,19378,73,33,79,16,0,0,0,0,0,0,0,-32287,0,0,0,0,0,2892081,0
2785176,7328,-3186,194,1424,-867,-62,3872,389,-82,6,344,19377,65,33,79,16,0,0,0,0,0,0,0,-32287,0,0,0,0,0,2892096,0
2785181,7218,-3020,188,1398,-861,-28,3956,364,-83,13,296,19377,65,33,79,16,0,0,0,0,0,0,0,-32287,0,0,0,0,0,2892101,0
2785186,7310,-2958,136,1379,-846,9,4037,359,-91,-1,296,19377,62,33,79,16,0,0,0,0,0,0,0,-32287,0,0,0,0,0,2892116,0
2785191,7250,-2858,138,1381,-851,35,4116,366,-73,-2,304,19377,62,33,79,16,0,0,0,0,0,0,0,-32286,0,0,0,0,0,2892121,0
2785196,7204,-2856,8,1343,-871,129,4192,340,-52,8,248,19377,69,33,79,16,0,0,0,0,0,0,0,-32287,0,0,0,0,0,2892136,0
2785201,7140,-2698,6,1267,-892,163,4264,309,-45,8,200,19377,69,33,79,16,0,0,0,0,0,0,0,-32287,0,0,0,0,0,2892140,0
2785206,7262,-2714,-22,1235,-876,213,4333,298,-44,8,176,19377,72,33,79,16,0,0,0,0,0,0,0,-32287,0,0,0,0,0,2892155,0
2785211,7138,-2632,38,1181,-892,244,4395,278,-61,-4,168,19377,72,33,79,16,0,0,0,0,0,0,0,-32286,0,0,0,0,0,2892160,0
2785216,7476,-2528,-8,1238,-933,240,4457,272,-66,-8,184,19377,71,33,79,16,0,0,0,0,0,0,0,-32287,0,0,0,0,0,2892175,0
2785221,7342,-2396,88,1247,-953,253,4522,286,-44,-2,192,19377,71,33,79,16,0,0,0,0,0,0,0,-32287,0,0,0,0,0,2892180,0
2785226,7378,-2256,120,1240,-958,245,4590,299,-12,5,208,19377,73,33,79,16,0,0,0,0,0,0,0,-32287,0,0,0,0,0,2892195,0
2785231,7482,-2190,130,1220,-931,261,4654,277,9,5,152,19377,73,33,79,16,0,0,0,0,0,0,0,-32287,0,0,0,0,0,2892200,0
2785236,7634,-2126,148,1085,-865,281,4713,254,0,4,136,19375,64,33,79,16,0,0,0,0,0,0,0,-32287,0,0,0,0,0,2892228,0
2785241,7546,-2156,200,1058,-822,293,4768,243,-25,-6,120,19375,64,33,79,16,0,0,0,0,0,0,0,-32287,0,0,0,0,0,2892230,0
2785246,7472,-2088,300,1042,-799,279,4819,221,-51,0,112,19376,70,33,79,16,0,0,0,0,0,0,0,-32286,0,0,0,0,0,2892238,0
2785251,7648,-2302,254,1042,-748,287,4869,218,-61,-8,128,19376,70,33,79,16,0,0,0,0,0,0,0,-32286,0,0,0,0,0,2892243,0
2785256,7742,-2142,358,1109,-704,251,4920,227,-43,-3,128,19379,72,33,79,16,0,0,0,0,0,0,0,-32286,0,0,0,0,0,2892258,0
2785261,7844,-2146,338,1115,-681,261,4972,228,-17,3,120,19379,72,33,79,16,0,0,0,0,0,0,0,-32286,0,0,0,0,0,2892263,0
2785266,7900,-1966,410,1112,-650,248,5025,235,-1,1,120,19379,69,33,79,16,0,0,0,0,0,0,0,-32286,0,0,0,0,0,2892278,0
2785271,8076,-1944,406,1115,-596,238,5077,230,14,7,104,19379,69,33,79,16,0,0,0,0,0,0,0,-32287,0,0,0,0,0,2892283,0
2785276,7976,-1760,484,938,-501,248,5119,179,-6,1,80,19378,64,33,79,16,0,0,0,0,0,0,0,-32287,0,0,0,0,0,2892298,0
2785281,8160,-1862,180,894,-524,249,5157,161,-43,-5,64,19378,64,33,79,16,0,0,0,0,0,0,0,-32286,0,0,0,0,0,2892303,0
2785286,7886,-1792,328,888,-381,221,5193,167,-64,-2,80,19379,75,33,79,16,0,0,0,0,0,0,0,-32287,0,0,0,0,0,2892318,0
2785291,7894,-1866,470,916,-336,220,5230,150,-59,3,56,19379,75,33,79,16,0,0,0,0,0,0,0,-32287,0,0,0,0,0,2892322,0
2785296,8020,-1830,324,845,-266,210,5264,151,-47,-2,72,19380,68,33,79,16,0,0,0,0,0,0,0,-32287,0,0,0,0,0,2892337,0
2785301,8046,-1894,252,760,-159,225,5295,129,-22,2,56,19380,68,33,79,16,0,0,0,0,0,0,0,-32286,0,0,0,0,0,2892342,0
2785306,7946,-1814,288,728,-114,196,5328,144,-15,-4,64,19380,72,33,79,16,0,0,0,0,0,0,0,-32286,0,0,0,0,0,2892357,0
2785311,7988,-2078,192,793,-74,209,5363,151,-14,3,72,19380,72,33,79,16,0,0,0,0,0,0,0,-32286,0,0,0,0,0,2892362,0
2785316,7784,-2078,-68,933,-153,182,5400,166,6,-1,72,19379,70,33,79,16,0,0,0,0,0,0,0,-32286,0,0,0,0,0,2892377,0
2785321,7586,-1930,-148,918,-154,196,5436,158,14,1,80,19379,70,33,79,16,0,0,0,0,0,0,0,-32286,0,0,0,0,0,2892382,0
2785326,7512,-1508,-238,902,-209,166,5475,177,26,0,80,19379,78,33,79,16,0,0,0,0,0,0,0,-32286,0,0,0,0,0,2892397,0
2785331,7668,-1558,-292,815,-166,188,5512,163,15,1,72,19379,78,33,79,16,0,0,0,0,0,0,0,-32286,0,0,0,0,0,2892402,0
2785336,7550,-1556,-320,593,-150,215,5545,136,5,0,40,19378,87,33,79,16,0,0,0,0,0,0,0,-32287,0,0,0,0,0,2892417,0
2785341,7236,-1250,-96,461,-154,185,5569,105,-34,-1,40,19378,87,33,79,16,0,0,0,0,0,0,0,-32287,0,0,0,0,0,2892422,0
2785346,7508,-1502,-144,466,-98,171,5597,115,-46,-1,40,19377,73,33,79,16,0,0,0,0,0,0,0,-32286,0,0,0,0,0,2892437,0
2785351,7210,-1754,-24,462,-84,185,5618,101,-52,1,48,19377,73,33,79,16,0,0,0,0,0,0,0,-32287,0,0,0,0,0,2892442,0
2785356,7408,-1866,-42,562,-99,146,5649,126,-31,-5,64,19379,75,33,79,16,0,0,0,0,0,0,0,-32286,0,0,0,0,0,2892457,0
2785361,7206,-1782,74,529,-98,156,5676,112,1,2,40,19379,75,33,79,16,0,0,0,0,0,0,0,-32286,0,0,0,0,0,2892462,0
2785366,7270,-1630,38,478,-113,137,5701,110,10,1,48,19379,68,33,79,16,0,0,0,0,0,0,0,-32287,0,0,0,0,0,2892477,0
2785371,7500,-1684,-36,452,-79,157,5727,116,5,1,40,19379,68,33,79,16,0,0,0,0,0,0,0,-32287,0,0,0,0,0,2892482,0
2785376,7204,-2260,18,284,-36,364,5744,67,-15,-362,-624,19380,60,33,79,16,0,0,0,0,0,0,0,-32287,0,0,0,0,0,2892497,0
2785381,6606,-1750,146,58,-32,358,5703,-202,-139,-1213,-1248,19380,60,33,79,16,0,0,0,0,0,0,0,-32287,0,0,0,0,0,2892502,0
2785386,7180,-2398,-370,-283,18,563,5604,-455,-347,-1388,-1872,19373,77,33,79,16,0,0,0,0,0,0,0,-32286,0,0,0,0,0,2892517,0
2785391,6574,-3118,-348,-1285,327,1039,5454,-687,-597,-1663,-2360,19373,77,33,79,16,0,0,0,0,0,0,0,-32286,0,0,0,0,0,2892522,0
2785396,6414,-4272,674,-2264,1071,1551,5260,-872,-760,-1813,-2832,19363,151,33,79,16,0,0,0,0,0,0,0,-32286,0,0,0,0,0,2892537,0
2785401,5232,-5232,1308,-2099,1131,1731,5031,-1015,-771,-1936,-3072,19363,151,33,79,16,0,0,0,0,0,0,0,-32287,0,0,0,0,0,2892542,0
2785406,5512,-5956,1340,-1639,1159,1843,4787,-1086,-647,-2025,-3240,19346,255,33,79,16,0,0,0,0,0,0,0,-32287,0,0,0,0,0,2892557,0
2785411,5714,-5912,1258,-1195,1235,1975,4529,-1131,-492,-2142,-3272,19346,255,33,79,16,0,0,0,0,0,0,0,-32286,0,0,0,0,0,2892562,0
2785416,5882,-4804,288,-962,1203,2145,4274,-1120,-313,-2244,-3192,19325,350,33,79,16,0,0,0,0,0,0,0,-32287,0,0,0,0,0,2892577,0
2785421,6116,-4222,8,-891,1147,2126,4025,-1085,-161,-2330,-3128,19325,350,33,79,16,0,0,0,0,0,0,0,-32287,0,0,0,0,0,2892582,0
2785426,6590,-4070,-218,-742,1033,2086,3788,-1032,-15,-2454,-2984,19309,416,33,79,16,0,0,0,0,0,0,0,-32285,0,0,0,0,0,2892597,0
2785431,6924,-3814,-336,-524,844,1975,3575,-929,104,-2555,-2896,19309,416,33,79,16,0,0,0,0,0,0,0,-32287,0,0,0,0,0,2892602,0
2785436,7744,-2956,-710,-27,618,1710,3381,-832,200,-2660,-2624,19302,453,33,79,16,0,0,0,0,0,0,0,-32287,0,0,0,0,0,2892617,0
2785441,8162,-2626,-710,52,472,1571,3214,-729,280,-2717,-2536,19302,453,33,79,16,0,0,0,0,0,0,0,-32286,0,0,0,0,0,2892622,0
2785446,8350,-2252,-546,19,350,1437,3066,-634,319,-2855,-2296,19303,466,33,79,16,0,0,0,0,0,0,0,-32285,0,0,0,0,0,2892637,0
2785451,9060,-2174,-574,94,282,1254,2948,-509,358,-2920,-2104,19303,466,33,79,16,0,0,0,0,0,0,0,-32286,0,0,0,0,0,2892642,0
2785456,9330,-2318,-330,365,112,985,2851,-412,365,-2979,-1912,19308,452,33,79,16,0,0,0,0,0,0,0,-32288,0,0,0,0,0,2892657,0
2785461,9494,-2144,-220,468,71,850,2771,-342,361,-3095,-1832,19308,452,33,79,16,0,0,0,0,0,0,0,-32289,0,0,0,0,0,2892661,0
2785466,9760,-1952,-114,511,87,718,2710,-264,333,-3211,-1584,19314,426,33,79,16,0,0,0,0,0,0,0,-32288,0,0,0,0,0,2892676,0
2785471,9962,-1908,26,618,46,526,2677,-132,321,-3275,-1424,19314,426,33,79,16,0,0,0,0,0,0,0,-32288,0,0,0,0,0,2892681,0
2785476,9904,-2280,16,896,47,385,2660,-68,318,-3324,-1376,19318,376,33,79,16,0,0,0,0,0,0,0,-32288,0,0,0,0,0,2892696,0
2785481,10116,-2142,-44,897,32,298,2652,-25,302,-3405,-1288,19318,376,33,79,16,0,0,0,0,0,0,0,-32287,0,0,0,0,0,2892701,0
2785486,10306,-2290,-164,888,138,271,2653,-1,255,-3448,-1304,19324,338,33,79,16,0,0,0,0,0,0,0,-32288,0,0,0,0,0,2892716,0
2785491,9914,-2526,12,815,159,273,2654,-1,177,-3476,-1312,19324,338,33,79,16,0,0,0,0,0,0,0,-32287,0,0,0,0,0,2892721,0
2785496,9884,-2866,112,818,247,274,2653,0,94,-3530,-1328,19330,319,33,79,16,0,0,0,0,0,0,0,-32288,0,0,0,0,0,2892736,0
2785501,9598,-2836,360,809,252,266,2654,3,45,-3571,-1352,19330,319,33,79,16,0,0,0,0,0,0,0,-32287,0,0,0,0,0,2892741,0
2785506,9692,-2918,358,823,311,277,2653,3,5,-3605,-1352,19330,322,33,79,16,0,0,0,0,0,0,0,-32288,0,0,0,0,0,2892756,0
2785511,9462,-2876,492,815,350,284,2653,5,-2,-3641,-1352,19330,322,33,79,16,0,0,0,0,0,0,0,-32287,0,0,0,0,0,2892761,0
2785516,9210,-2920,542,837,411,284,2653,0,1,-3663,-1368,19331,321,33,79,16,0,0,0,0,0,0,0,-32288,0,0,0,0,0,2892776,0
2785521,9132,-2826,558,859,447,278,2652,-2,2,-3683,-1368,19331,321,33,79,16,0,0,0,0,0,0,0,-32288,0,0,0,0,0,2892781,0
2785526,9014,-2756,600,888,531,260,2654,0,0,-3693,-1376,19327,325,33,79,16,0,0,0,0,0,0,0,-32288,0,0,0,0,0,2892796,0
2785531,8904,-2612,618,918,571,241,2652,-5,-2,-3696,-1392,19327,325,33,79,16,0,0,0,0,0,0,0,-32288,0,0,0,0,0,2892801,0
2785536,8700,-2442,586,965,689,196,2654,5,0,-3703,-1368,19327,318,33,79,16,0,0,0,0,0,0,0,-32288,0,0,0,0,0,2892816,0
2785541,8652,-2466,448,998,744,175,2653,5,0,-3699,-1352,19327,318,33,79,16,0,0,0,0,0,0,0,-32288,0,0,0,0,0,2892821,0
2785546,8458,-2446,386,1040,770,150,2654,-1,2,-3688,-1360,19329,318,33,79,16,0,0,0,0,0,0,0,-32288,0,0,0,0,0,2892836,0
2785551,8378,-2494,308,1072,782,117,2655,1,-1,-3672,-1352,19329,318,33,79,16,0,0,0,0,0,0,0,-32288,0,0,0,0,0,2892841,0
2785556,8404,-2624,104,1104,760,45,2656,5,5,-3653,-1336,19330,322,33,79,16,0,0,0,0,0,0,0,-32288,0,0,0,0,0,2892856,0
2785561,8486,-2844,4,1111,710,6,2656,11,3,-3634,-1344,19330,322,33,79,16,0,0,0,0,0,0,0,-32287,0,0,0,0,0,2892861,0
2785566,8488,-2924,-26,1131,643,-51,2658,6,-1,-3610,-1320,19330,316,33,79,16,0,0,0,0,0,0,0,-32288,0,0,0,0,0,2892876,0
2785571,8560,-3168,-76,1139,581,-91,2659,4,0,-3588,-1312,19330,316,33,79,16,0,0,0,0,0,0,0,-32288,0,0,0,0,0,2892881,0
2785576,8594,-3426,-152,1161,377,-190,2661,14,3,-3553,-1304,19327,308,33,79,16,0,0,0,0,0,0,0,-32288,0,0,0,0,0,2892896,0
2785581,8556,-3590,-152,1169,250,-229,2662,4,7,-3521,-1280,19327,308,33,79,16,0,0,0,0,0,0,0,-32288,0,0,0,0,0,2892901,0
2785586,8596,-3684,-288,1184,145,-267,2664,7,-3,-3481,-1264,19330,302,33,79,16,0,0,0,0,0,0,0,-32288,0,0,0,0,0,2892916,0
2785591,8600,-3724,-270,1205,33,-294,2666,13,2,-3435,-1256,19330,302,33,79,16,0,0,0,0,0,0,0,-32288,0,0,0,0,0,2892921,0
2785596,8572,-3536,-394,1198,-220,-338,2668,9,2,-3398,-1224,19334,291,33,79,16,0,0,0,0,0,0,0,-32288,0,0,0,0,0,2892936,0
2785601,8504,-3312,-484,1174,-367,-362,2668,1,-2,-3354,-1224,19334,291,33,79,16,0,0,0,0,0,0,0,-32288,0,0,0,0,0,2892941,0
2785606,8442,-3090,-528,1125,-516,-393,2668,1,-3,-3301,-1200,19336,282,33,79,16,0,0,0,0,0,0,0,-32287,0,0,0,0,0,2892956,0
2785611,8288,-2820,-442,1074,-686,-442,2669,-1,-8,-3252,-1184,19336,282,33,79,16,0,0,0,0,0,0,0,-32287,0,0,0,0,0,2892961,0
2785616,8140,-2570,-320,1032,-1013,-574,2670,7,-7,-3198,-1168,19338,270,33,79,16,0,0,0,0,0,0,0,-32288,0,0,0,0,0,2892976,0
2785621,8078,-2556,-136,1055,-1166,-649,2668,-1,-6,-3143,-1144,19338,270,33,79,16,0,0,0,0,0,0,0,-32287,0,0,0,0,0,2892981,0
2785626,8042,-2332,-8,1085,-1293,-731,2666,-13,-6,-3084,-1128,19339,262,33,79,16,0,0,0,0,0,0,0,-32288,0,0,0,0,0,2892996,0
2785631,7870,-2160,244,1066,-1406,-847,2664,-15,-14,-3017,-1136,19339,262,33,79,16,0,0,0,0,0,0,0,-32287,0,0,0,0,0,2893001,0
2785636,7768,-2258,462,1038,-1503,-1034,2660,-9,-8,-2948,-1144,19340,260,33,79,16,0,0,0,0,0,0,0,-32288,0,0,0,0,0,2893016,0
2785641,7512,-2468,662,1002,-1568,-1135,2652,-36,-21,-2882,-1136,19340,260,33,79,16,0,0,0,0,0,0,0,-32288,0,0,0,0,0,2893021,0
2785646,7322,-2834,812,985,-1659,-1233,2639,-56,-33,-2814,-1168,19343,259,33,79,16,0,0,0,0,0,0,0,-32287,0,0,0,0,0,2893036,0
2785651,7278,-3256,878,1001,-1654,-1291,2622,-81,-50,-2741,-1240,19343,259,33,79,16,0,0,0,0,0,0,0,-32288,0,0,0,0,0,2893041,0
2785656,6602,-4074,1360,848,-1649,-1292,2584,-174,-89,-2637,-1440,19346,260,33,79,16,0,0,0,0,0,0,0,-32287,0,0,0,0,0,2893056,0
2785661,6476,-4318,1726,721,-1570,-1254,2521,-284,-164,-2515,-1840,19346,260,33,79,16,0,0,0,0,0,0,0,-32287,0,0,0,0,0,2893061,0
2785666,5990,-4930,2174,479,-1338,-1132,2418,-466,-277,-2470,-2208,19343,269,33,79,16,0,0,0,0,0,0,0,-32286,0,0,0,0,0,2893076,0
2785671,5682,-5242,2596,281,-1107,-1033,2277,-644,-412,-2467,-2576,19343,269,33,79,16,0,0,0,0,0,0,0,-32285,0,0,0,0,0,2893081,0
2785676,5244,-6190,3440,11,-463,-750,2098,-802,-525,-2407,-2840,19334,299,33,79,16,0,0,0,0,0,0,0,-32286,0,0,0,0,0,2893096,0
2785681,4872,-7150,3594,-72,-93,-541,1877,-985,-580,-2308,-3200,19334,299,33,79,16,0,0,0,0,0,0,0,-32287,0,0,0,0,0,2893101,0
2785686,4468,-7286,3706,-25,213,-376,1624,-1127,-601,-2266,-3464,19325,346,33,79,16,0,0,0,0,0,0,0,-32287,0,0,0,0,0,2893116,0
2785691,4572,-7936,3708,90,577,-154,1342,-1249,-566,-2174,-3624,19325,346,33,79,16,0,0,0,0,0,0,0,-32286,0,0,0,0,0,2893121,0
2785696,4678,-8110,3200,427,1042,121,1043,-1328,-495,-2114,-3712,19319,419,33,79,16,0,0,0,0,0,0,0,-32287,0,0,0,0,0,2893136,0
2785701,4492,-7552,2878,668,1099,238,731,-1380,-412,-2061,-3760,19319,419,33,79,16,0,0,0,0,0,0,0,-32286,0,0,0,0,0,2893140,0
2785706,4840,-7344,2192,826,1125,353,412,-1408,-301,-1958,-3648,19316,455,33,79,16,0,0,0,0,0,0,0,-32287,0,0,0,0,0,2893155,0
2785711,5072,-6694,1684,919,1067,438,95,-1392,-193,-1899,-3656,19316,455,33,79,16,0,0,0,0,0,0,0,-32287,0,0,0,0,0,2893160,0
2785716,5770,-5314,418,1117,706,475,-215,-1357,-92,-1802,-3456,19308,453,33,79,16,0,0,0,0,0,0,0,-32286,0,0,0,0,0,2893175,0
2785721,6632,-4986,-380,1242,419,466,-512,-1293,9,-1711,-3224,19308,453,33,79,16,0,0,0,0,0,0,0,-32287,0,0,0,0,0,2893180,0
2785726,7086,-3914,-730,1373,63,379,-792,-1222,105,-1641,-3032,19307,430,33,79,16,0,0,0,0,0,0,0,-32287,0,0,0,0,0,2893195,0
2785731,7688,-3324,-1306,1320,-222,278,-1053,-1135,188,-1559,-2856,19307,430,33,79,16,0,0,0,0,0,0,0,-32287,0,0,0,0,0,2893200,0
2785736,9032,-1978,-1298,971,-768,51,-1293,-1051,247,-1453,-2632,19314,383,33,79,16,0,0,0,0,0,0,0,-32287,0,0,0,0,0,2893215,0
2785741,9484,-1466,-1084,744,-1065,-85,-1516,-964,274,-1387,-2448,19314,383,33,79,16,0,0,0,0,0,0,0,-32286,0,0,0,0,0,2893220,0
2785746,10004,-1490,-1016,577,-1278,-208,-1717,-883,292,-1336,-2264,19328,330,33,79,16,0,0,0,0,0,0,0,-32286,0,0,0,0,0,2893235,0
2785751,10322,-1328,-664,417,-1500,-343,-1903,-808,291,-1219,-2080,19328,330,33,79,16,0,0,0,0,0,0,0,-32287,0,0,0,0,0,2893240,0
2785756,11034,-1132,92,105,-1755,-567,-2072,-738,284,-1168,-1864,19341,271,33,79,16,0,0,0,0,0,0,0,-32287,0,0,0,0,0,2893255,0
2785761,11144,-1064,550,-88,-1803,-650,-2225,-678,267,-1074,-1736,19341,271,33,79,16,0,0,0,0,0,0,0,-32286,0,0,0,0,0,2893260,0
2785766,11272,-1012,978,-286,-1800,-744,-2369,-621,240,-1028,-1576,19349,219,33,79,16,0,0,0,0,0,0,0,-32286,0,0,0,0,0,2893275,0
2785771,11386,-1040,1450,-452,-1748,-823,-2500,-573,220,-956,-1456,19349,219,33,79,16,0,0,0,0,0,0,0,-32287,0,0,0,0,0,2893280,0
2785776,11200,-1280,2382,-761,-1522,-898,-2624,-533,187,-857,-1368,19357,185,33,79,16,0,0,0,0,0,0,0,-32287,0,0,0,0,0,2893295,0
2785781,11162,-1322,2724,-903,-1317,-910,-2743,-524,155,-799,-1280,19357,185,33,79,16,0,0,0,0,0,0,0,-32287,0,0,0,0,0,2893300,0
2785786,10936,-1408,3160,-1069,-1108,-929,-2859,-505,123,-741,-1216,19365,162,33,79,16,0,0,0,0,0,0,0,-32287,0,0,0,0,0,2893315,0
2785791,10872,-1502,3306,-1215,-858,-916,-2967,-478,95,-643,-1192,19365,162,33,79,16,0,0,0,0,0,0,0,-32286,0,0,0,0,0,2893320,0
2785796,10394,-1794,3640,-1607,-187,-869,-3073,-465,71,-575,-1096,19371,142,33,79,16,0,0,0,0,0,0,0,-32287,0,0,0,0,0,2893335,0
2785801,10374,-2384,3834,-1528,153,-881,-3180,-466,61,-522,-1080,19371,142,33,79,16,0,0,0,0,0,0,0,-32287,0,0,0,0,0,2893340,0
2785806,9848,-2818,3868,-1361,396,-865,-3282,-445,42,-470,-944,19373,125,33,79,16,0,0,0,0,0,0,0,-32287,0,0,0,0,0,2893355,0
2785811,9708,-3006,3544,-1255,655,-859,-3379,-421,41,-402,-880,19373,125,33,79,16,0,0,0,0,0,0,0,-32287,0,0,0,0,0,2893360,0
2785816,9082,-2912,3226,-1362,1381,-767,-3471,-405,53,-347,-816,19373,107,33,79,16,0,0,0,0,0,0,0,-32287,0,0,0,0,0,2893375,0
2785821,8782,-3202,2836,-1433,1672,-719,-3558,-385,62,-304,-720,19373,107,33,79,16,0,0,0,0,0,0,0,-32287,0,0,0,0,0,2893380,0
2785826,8406,-3458,2382,-1415,1856,-684,-3641,-360,75,-253,-568,19372,99,33,79,16,0,0,0,0,0,0,0,-32287,0,0,0,0,0,2893395,0
2785831,8222,-3688,2098,-1250,1977,-698,-3712,-306,84,-218,-392,19372,99,33,79,16,0,0,0,0,0,0,0,-32287,0,0,0,0,0,2893406,0
2785836,7436,-3658,834,-932,1937,-689,-3772,-259,107,-167,-184,19373,97,33,79,16,0,0,0,0,0,0,0,-32287,0,0,0,0,0,2893415,0
2785841,7294,-3384,374,-878,1893,-679,-3820,-203,140,-97,-120,19373,97,33,79,16,0,0,0,0,0,0,0,-32286,0,0,0,0,0,2893420,0
2785846,7024,-3260,24,-1010,1932,-604,-3860,-171,159,-29,-64,19376,83,33,79,16,0,0,0,0,0,0,0,-32286,0,0,0,0,0,2893435,0
2785851,6504,-3256,-144,-1257,1873,-513,-3894,-138,157,10,-48,19376,83,33,79,16,0,0,0,0,0,0,0,-32287,0,0,0,0,0,2893440,0
2785856,5924,-3724,-524,-1543,1767,-374,-3919,-100,138,51,-16,19378,75,33,79,16,0,0,0,0,0,0,0,-32287,0,0,0,0,0,2893455,0
2785861,5704,-4016,-768,-1418,1559,-345,-3922,-10,145,84,40,19378,75,33,79,16,0,0,0,0,0,0,0,-32286,0,0,0,0,0,2893460,0
2785866,5480,-4008,-882,-1309,1336,-306,-3913,46,179,131,64,19379,68,33,79,16,0,0,0,0,0,0,0,-32287,0,0,0,0,0,2893475,0
2785871,5492,-3540,-786,-1369,1260,-237,-3899,60,195,176,72,19379,68,33,79,16,0,0,0,0,0,0,0,-32287,0,0,0,0,0,2893480,0
2785876,5376,-3708,-254,-1720,1189,-75,-3891,34,153,228,64,19377,62,33,79,16,0,0,0,0,0,0,0,-32287,0,0,0,0,0,2893495,0
2785881,5394,-4198,68,-1674,1070,-46,-3890,2,65,271,72,19377,62,33,79,16,0,0,0,0,0,0,0,-32287,0,0,0,0,0,2893500,0
2785886,5548,-4412,274,-1442,955,-21,-3892,0,-22,304,88,19378,68,33,79,16,0,0,0,0,0,0,0,-32287,0,0,0,0,0,2893515,0
2785891,6284,-4364,840,-1143,850,-87,-3892,-1,-55,348,88,19378,68,33,79,16,0,0,0,0,0,0,0,-32287,0,0,0,0,0,2893520,0
2785896,7312,-4618,-298,-361,306,-179,-3898,-19,-55,395,104,19378,78,33,79,16,0,0,0,0,0,0,0,-32286,0,0,0,0,0,2893535,0
2785901,5106,-2340,1326,-859,279,-226,-3896,7,-20,429,128,19378,78,33,79,16,0,0,0,0,0,0,0,-32286,0,0,0,0,0,2893540,0
2785906,6632,-2734,222,-1008,-49,-290,-3898,-8,-6,481,136,19379,83,33,79,16,0,0,0,0,0,0,0,-32287,0,0,0,0,0,2893555,0
2785911,7074,-2858,-86,-950,-117,-284,-3899,1,5,522,152,19379,83,33,79,16,0,0,0,0,0,0,0,-32287,0,0,0,0,0,2893560,0
2785916,7210,-2054,1320,-755,48,-475,-3899,-6,7,565,168,19377,75,33,79,16,0,0,0,0,0,0,0,-32287,0,0,0,0,0,2893575,0
2785921,7510,-1822,1698,-803,203,-504,-3899,-10,6,611,176,19377,75,33,79,16,0,0,0,0,0,0,0,-32288,0,0,0,0,0,2893580,0
2785926,7372,-1780,2096,-955,472,-511,-3899,-3,2,650,184,19376,79,33,79,16,0,0,0,0,0,0,0,-32287,0,0,0,0,0,2893595,0
2785931,6998,-1972,2284,-1118,655,-478,-3899,2,1,695,200,19376,79,33,79,16,0,0,0,0,0,0,0,-32287,0,0,0,0,0,2893600,0
2785936,6452,-2912,2024,-1070,911,-387,-3900,3,-2,738,216,19377,75,33,79,16,0,0,0,0,0,0,0,-32287,0,0,0,0,0,2893615,0
2785941,6248,-2964,1736,-951,949,-357,-3899,-3,5,780,216,19377,75,33,79,16,0,0,0,0,0,0,0,-32287,0,0,0,0,0,2893620,0
2785946,6018,-2808,1466,-887,970,-318,-3899,4,4,828,232,19377,83,33,79,16,0,0,0,0,0,0,0,-32287,0,0,0,0,0,2893635,0
2785951,5832,-2572,1304,-883,987,-274,-3900,0,2,869,248,19377,83,33,79,16,0,0,0,0,0,0,0,-32287,0,0,0,0,0,2893639,0
2785956,5560,-2360,984,-983,1027,-179,-3899,-5,-3,907,240,19376,81,33,79,16,0,0,0,0,0,0,0,-32287,0,0,0,0,0,2893654,0
2785961,5480,-2472,904,-994,1034,-128,-3900,-1,-2,949,296,19376,81,33,79,16,0,0,0,0,0,0,0,-32287,0,0,0,0,0,2893659,0
2785966,5404,-2462,836,-981,1027,-79,-3899,-2,8,983,312,19377,87,33,79,16,0,0,0,0,0,0,0,-32287,0,0,0,0,0,2893674,0
2785971,5412,-2466,752,-980,1021,-30,-3897,6,2,1033,336,19377,87,33,79,16,0,0,0,0,0,0,0,-32287,0,0,0,0,0,2893679,0
2785976,5430,-2288,648,-1044,1040,56,-3895,9,7,1083,336,19374,92,33,79,16,0,0,0,0,0,0,0,-32287,0,0,0,0,0,2893694,0
2785981,5364,-2262,584,-1092,1065,96,-3893,13,12,1120,352,19374,92,33,79,16,0,0,0,0,0,0,0,-32287,0,0,0,0,0,2893699,0
2785986,5380,-2328,536,-1123,1071,122,-3891,15,8,1160,360,19374,98,33,79,16,0,0,0,0,0,0,0,-32287,0,0,0,0,0,2893714,0
2785991,5312,-2368,514,-1117,1063,148,-3886,23,10,1189,424,19374,98,33,79,16,0,0,0,0,0,0,0,-32287,0,0,0,0,0,2893719,0
2785996,5300,-2340,520,-1145,1030,180,-3881,29,14,1214,504,19372,102,33,79,16,0,0,0,0,0,0,0,-32287,0,0,0,0,0,2893734,0
2786001,5496,-2232,490,-1130,1019,204,-3867,57,31,1255,608,19372,102,33,79,16,0,0,0,0,0,0,0,-32287,0,0,0,0,0,2893739,0
2786006,5566,-2126,502,-1099,982,170,-3839,129,65,1254,856,19371,104,33,79,16,0,0,0,0,0,0,0,-32288,0,0,0,0,0,2893754,0
2786011,5726,-2018,514,-1000,894,119,-3791,225,134,1290,1064,19371,104,33,79,16,0,0,0,0,0,0,0,-32287,0,0,0,0,0,2893759,0
2786016,6034,-1790,364,-809,682,6,-3713,347,221,1347,1424,19366,108,33,79,16,0,0,0,0,0,0,0,-32287,0,0,0,0,0,2893774,0
2786021,6148,-1762,458,-767,661,-38,-3603,491,320,1393,1712,19366,108,33,79,16,0,0,0,0,0,0,0,-32287,0,0,0,0,0,2893779,0
2786026,6072,-1694,312,-656,419,-110,-3463,629,408,1508,2008,19360,131,33,79,16,0,0,0,0,0,0,0,-32286,0,0,0,0,0,2893794,0
2786031,6258,-1626,134,-518,225,-193,-3330,730,450,1542,2344,19360,131,33,79,16,0,0,0,0,0,0,0,-32286,0,0,0,0,0,2893799,0
2786036,6572,-1164,172,-268,-115,-377,-3137,866,464,1557,2544,19353,187,33,79,16,0,0,0,0,0,0,0,-32287,0,0,0,0,0,2893814,0
2786041,6708,-1044,182,-241,-221,-424,-2917,982,457,1574,2832,19353,187,33,79,16,0,0,0,0,0,0,0,-32287,0,0,0,0,0,2893819,0
2786046,6778,-736,430,-226,-300,-519,-2675,1077,428,1633,3040,19344,237,33,79,16,0,0,0,0,0,0,0,-32286,0,0,0,0,0,2893834,0
2786051,7202,-966,524,-152,-322,-596,-2415,1152,384,1659,3216,19344,237,33,79,16,0,0,0,0,0,0,0,-32287,0,0,0,0,0,2893839,0
2786056,7292,-820,980,-68,-383,-747,-2139,1221,334,1686,3336,19333,291,33,79,16,0,0,0,0,0,0,0,-32288,0,0,0,0,0,2893854,0
2786061,7436,-898,964,-77,-401,-784,-1850,1269,278,1740,3424,19333,291,33,79,16,0,0,0,0,0,0,0,-32286,0,0,0,0,0,2893859,0
2786066,7592,-776,1238,-91,-364,-846,-1554,1309,221,1786,3544,19327,333,33,79,16,0,0,0,0,0,0,0,-32287,0,0,0,0,0,2893874,0
2786071,7764,-708,1264,-141,-236,-892,-1252,1325,172,1795,3520,19327,333,33,79,16,0,0,0,0,0,0,0,-32286,0,0,0,0,0,2893879,0
2786076,7856,-898,1516,-246,-64,-930,-952,1319,115,1815,3496,19319,373,33,79,16,0,0,0,0,0,0,0,-32286,0,0,0,0,0,2893894,0
2786081,8006,-1178,1524,-293,10,-938,-653,1310,56,1888,3488,19319,373,33,79,16,0,0,0,0,0,0,0,-32287,0,0,0,0,0,2893899,0
2786086,7864,-1386,1552,-346,136,-946,-360,1281,2,1917,3384,19315,395,33,79,16,0,0,0,0,0,0,0,-32286,0,0,0,0,0,2893914,0
2786091,7704,-1650,1642,-381,190,-908,-79,1223,-54,1921,3280,19315,395,33,79,16,0,0,0,0,0,0,0,-32286,0,0,0,0,0,2893919,0
2786096,7554,-1922,1550,-528,318,-836,190,1172,-112,1946,3112,19313,404,33,79,16,0,0,0,0,0,0,0,-32287,0,0,0,0,0,2893934,0
2786101,7452,-2168,1602,-588,382,-805,440,1096,-170,1971,3008,19313,404,33,79,16,0,0,0,0,0,0,0,-32286,0,0,0,0,0,2893939,0
2786106,7438,-2338,1570,-586,411,-774,676,1030,-210,2009,2904,19313,390,33,79,16,0,0,0,0,0,0,0,-32286,0,0,0,0,0,2893954,0
2786111,7280,-2512,1480,-611,419,-743,895,959,-232,2014,2688,19313,390,33,79,16,0,0,0,0,0,0,0,-32287,0,0,0,0,0,2893959,0
2786116,7284,-2710,1376,-668,452,-669,1097,878,-247,2031,2592,19315,381,33,79,16,0,0,0,0,0,0,0,-32286,0,0,0,0,0,2893974,0
2786121,7116,-2762,1358,-724,430,-643,1283,809,-247,2082,2400,19315,381,33,79,16,0,0,0,0,0,0,0,-32285,0,0,0,0,0,2893979,0
2786126,7164,-2848,1264,-710,401,-625,1453,746,-254,2078,2344,19317,367,33,79,16,0,0,0,0,0,0,0,-32287,0,0,0,0,0,2893994,0
2786131,7146,-2976,1174,-713,352,-596,1611,680,-242,2124,2248,19317,367,33,79,16,0,0,0,0,0,0,0,-32287,0,0,0,0,0,2893999,0
2786136,7178,-2974,1280,-712,213,-562,1757,638,-285,2110,2176,19322,353,33,79,16,0,0,0,0,0,0,0,-32287,0,0,0,0,0,2894014,0
2786141,7374,-3140,1308,-650,136,-551,1897,620,-224,2134,2072,19322,353,33,79,16,0,0,0,0,0,0,0,-32286,0,0,0,0,0,2894019,0
2786146,7382,-3252,1336,-642,48,-507,2023,558,-157,2161,1952,19326,336,33,79,16,0,0,0,0,0,0,0,-32285,0,0,0,0,0,2894034,0
2786151,7482,-3444,1376,-635,-46,-485,2141,510,-114,2149,1912,19326,336,33,79,16,0,0,0,0,0,0,0,-32285,0,0,0,0,0,2894039,0
2786156,7824,-3506,1650,-405,-237,-488,2250,482,-76,2186,1856,19331,313,33,79,16,0,0,0,0,0,0,0,-32287,0,0,0,0,0,2894054,0
2786161,7950,-3302,1760,-342,-303,-480,2349,426,-80,2233,1640,19331,313,33,79,16,0,0,0,0,0,0,0,-32287,0,0,0,0,0,2894059,0
2786166,8126,-3296,1758,-386,-282,-445,2431,350,-168,2252,1512,19333,294,33,79,16,0,0,0,0,0,0,0,-32287,0,0,0,0,0,2894074,0
2786171,8182,-3106,1996,-348,-319,-467,2497,287,-186,2276,1384,19333,294,33,79,16,0,0,0,0,0,0,0,-32287,0,0,0,0,0,2894079,0
2786176,8162,-2902,2074,-228,-290,-389,2548,212,-209,2275,1224,19337,267,33,79,16,0,0,0,0,0,0,0,-32287,0,0,0,0,0,2894094,0
2786181,8224,-2640,2214,-244,-210,-380,2584,150,-235,2321,1080,19337,267,33,79,16,0,0,0,0,0,0,0,-32286,0,0,0,0,0,2894103,0
2786186,8348,-2618,2146,-212,-136,-305,2606,86,-232,2340,880,19344,236,33,79,16,0,0,0,0,0,0,0,-32286,0,0,0,0,0,2894113,0
2786191,8108,-2302,2084,-278,-41,-236,2609,1,-237,2350,792,19344,236,33,79,16,0,0,0,0,0,0,0,-32286,0,0,0,0,0,2894118,0
2786196,8318,-1712,1794,-286,113,-189,2603,-20,-230,2310,792,19352,204,33,79,16,0,0,0,0,0,0,0,-32286,0,0,0,0,0,2894133,0
2786201,8252,-1370,1794,-200,126,-192,2604,1,-183,2293,832,19352,204,33,79,16,0,0,0,0,0,0,0,-32286,0,0,0,0,0,2894138,0
2786206,8298,-1116,1552,-187,148,-143,2602,3,-109,2301,840,19357,182,33,79,16,0,0,0,0,0,0,0,-32286,0,0,0,0,0,2894153,0
2786211,8446,-518,1348,-220,148,-149,2603,-1,-35,2312,832,19357,182,33,79,16,0,0,0,0,0,0,0,-32286,0,0,0,0,0,2894158,0
2786216,8742,430,996,-474,258,-104,2604,6,7,2313,832,19358,178,33,79,16,0,0,0,0,0,0,0,-32287,0,0,0,0,0,2894173,0
2786221,8846,628,912,-642,289,-78,2605,1,12,2312,832,19358,178,33,79,16,0,0,0,0,0,0,0,-32286,0,0,0,0,0,2894178,0
2786226,9056,598,902,-781,310,-72,2609,20,7,2308,848,19359,177,33,79,16,0,0,0,0,0,0,0,-32286,0,0,0,0,0,2894193,0
2786231,9302,526,1030,-936,328,-48,2615,26,17,2294,928,19359,177,33,79,16,0,0,0,0,0,0,0,-32286,0,0,0,0,0,2894198,0
2786236,10104,-58,1684,-1290,426,-13,2631,74,38,2247,1112,19358,174,33,79,16,0,0,0,0,0,0,0,-32286,0,0,0,0,0,2894219,0
2786241,10852,-678,2010,-1254,370,-31,2666,167,88,2214,1296,19358,174,33,79,16,0,0,0,0,0,0,0,-32286,0,0,0,0,0,2894221,0
2786246,11408,-1164,2156,-1291,347,-31,2722,252,164,2238,1464,19356,181,33,79,16,0,0,0,0,0,0,0,-32286,0,0,0,0,0,2894236,0
2786251,12184,-1504,2372,-1334,321,-44,2801,355,238,2211,1736,19356,181,33,79,16,0,0,0,0,0,0,0,-32285,0,0,0,0,0,2894241,0
2786256,13456,-2474,2424,-1397,333,-120,2906,476,312,2197,2080,19348,205,33,79,16,0,0,0,0,0,0,0,-32286,0,0,0,0,0,2894256,0
2786261,13920,-3162,2538,-1349,384,-163,3043,622,363,2211,2384,19348,205,33,79,16,0,0,0,0,0,0,0,-32287,0,0,0,0,0,2894261,0
2786266,14266,-3676,2622,-1139,307,-294,3215,770,414,2227,2640,19338,256,33,79,16,0,0,0,0,0,0,0,-32288,0,0,0,0,0,2894276,0
2786271,14672,-4230,2404,-898,329,-402,3421,909,469,2183,2984,19338,256,33,79,16,0,0,0,0,0,0,0,-32287,0,0,0,0,0,2894281,0
2786276,14000,-4384,2084,-676,398,-679,3653,1038,496,2208,3192,19327,319,33,79,16,0,0,0,0,0,0,0,-32286,0,0,0,0,0,2894296,0
2786281,13252,-4614,1978,-538,459,-795,3909,1133,477,2163,3352,19327,319,33,79,16,0,0,0,0,0,0,0,-32287,0,0,0,0,0,2894301,0
2786286,12374,-5038,1850,-401,473,-930,4184,1215,423,2131,3480,19318,383,33,79,16,0,0,0,0,0,0,0,-32287,0,0,0,0,0,2894316,0
2786291,11626,-5624,1644,-193,465,-1055,4466,1251,351,2112,3464,19318,383,33,79,16,0,0,0,0,0,0,0,-32285,0,0,0,0,0,2894321,0
2786296,10652,-6520,1182,233,272,-1251,4750,1244,254,2090,3320,19311,428,33,79,16,0,0,0,0,0,0,0,-32287,0,0,0,0,0,2894336,0
2786301,9844,-6638,1530,51,348,-1217,5020,1180,125,2066,3128,19311,428,33,79,16,0,0,0,0,0,0,0,-32286,0,0,0,0,0,2894341,0
2786306,8954,-7488,1564,-168,442,-1152,5270,1088,-10,2029,2920,19307,437,33,79,16,0,0,0,0,0,0,0,-32285,0,0,0,0,0,2894356,0
2786311,7710,-8300,1734,-215,503,-1046,5493,965,-168,2005,2656,19307,437,33,79,16,0,0,0,0,0,0,0,-32287,0,0,0,0,0,2894361,0
2786316,5296,-9378,1820,126,522,-696,5688,835,-293,1961,2304,19306,418,33,79,16,0,0,0,0,0,0,0,-32288,0,0,0,0,0,2894376,0
2786321,4492,-9056,1492,157,534,-505,5852,709,-377,1915,2048,19306,418,33,79,16,0,0,0,0,0,0,0,-32286,0,0,0,0,0,2894381,0
2786326,3564,-8826,1112,162,570,-299,5989,587,-420,1887,1784,19317,367,33,79,16,0,0,0,0,0,0,0,-32286,0,0,0,0,0,2894396,0
2786331,2676,-8548,846,221,511,-109,6100,475,-435,1837,1512,19317,367,33,79,16,0,0,0,0,0,0,0,-32287,0,0,0,0,0,2894401,0
2786336,1594,-7292,72,243,316,198,6187,368,-424,1783,1320,19331,304,33,79,16,0,0,0,0,0,0,0,-32287,0,0,0,0,0,2894416,0
2786341,1272,-6426,-162,221,221,271,6253,297,-394,1766,1168,19331,304,33,79,16,0,0,0,0,0,0,0,-32288,0,0,0,0,0,2894421,0
2786346,1266,-6084,-394,202,169,359,6312,253,-336,1701,1120,19343,247,33,79,16,0,0,0,0,0,0,0,-32287,0,0,0,0,0,2894436,0
2786351,1380,-5508,-310,298,31,378,6367,248,-263,1673,1120,19343,247,33,79,16,0,0,0,0,0,0,0,-32287,0,0,0,0,0,2894441,0
2786356,1836,-4398,-440,452,-111,382,6424,252,-154,1617,1160,19349,195,33,79,16,0,0,0,0,0,0,0,-32287,0,0,0,0,0,2894456,0
2786361,2068,-3862,-692,350,-121,414,6480,242,-71,1599,1056,19349,195,33,79,16,0,0,0,0,0,0,0,-32286,0,0,0,0,0,2894460,0
2786366,2208,-3578,-776,207,-140,442,6536,243,-22,1543,1096,19354,172,33,79,16,0,0,0,0,0,0,0,-32286,0,0,0,0,0,2894475,0
2786371,2286,-3540,-840,106,-149,463,6594,255,4,1498,1048,19354,172,33,79,16,0,0,0,0,0,0,0,-32286,0,0,0,0,0,2894480,0
2786376,2612,-3882,-958,156,-361,518,6652,257,2,1475,1048,19359,163,33,79,16,0,0,0,0,0,0,0,-32286,0,0,0,0,0,2894495,0
2786381,2906,-3758,-1030,224,-500,525,6712,269,11,1384,1104,19359,163,33,79,16,0,0,0,0,0,0,0,-32286,0,0,0,0,0,2894500,0
2786386,3342,-3640,-964,296,-618,508,6781,306,33,1364,1144,19363,162,33,79,16,0,0,0,0,0,0,0,-32286,0,0,0,0,0,2894515,0
2786391,3882,-3660,-872,360,-744,535,6858,341,64,1303,1160,19363,162,33,79,16,0,0,0,0,0,0,0,-32287,0,0,0,0,0,2894520,0
2786396,4922,-3928,-606,277,-959,657,6933,328,76,1291,1128,19365,159,33,79,16,0,0,0,0,0,0,0,-32287,0,0,0,0,0,2894535,0
2786401,5340,-3984,-312,174,-1040,711,7003,297,52,1231,984,19365,159,33,79,16,0,0,0,0,0,0,0,-32287,0,0,0,0,0,2894540,0
2786406,5960,-4542,-74,184,-1106,806,7063,254,-7,1193,880,19364,145,33,79,16,0,0,0,0,0,0,0,-32287,0,0,0,0,0,2894555,0
2786411,6300,-4638,386,179,-1168,859,7108,197,-74,1128,736,19364,145,33,79,16,0,0,0,0,0,0,0,-32287,0,0,0,0,0,2894560,0
2786416,7622,-4636,1004,258,-1173,930,7147,164,-133,1095,640,19364,134,33,79,16,0,0,0,0,0,0,0,-32287,0,0,0,0,0,2894575,0
2786421,7944,-4732,1004,178,-1097,1007,7174,111,-157,1048,496,19364,134,33,79,16,0,0,0,0,0,0,0,-32286,0,0,0,0,0,2894580,0
2786426,7988,-4478,986,114,-1100,1000,7189,58,-168,995,408,19367,129,33,79,16,0,0,0,0,0,0,0,-32287,0,0,0,0,0,2894595,0
2786431,8344,-4528,716,129,-1042,1008,7197,35,-160,947,312,19367,129,33,79,16,0,0,0,0,0,0,0,-32287,0,0,0,0,0,2894600,0
2786436,8210,-3964,292,184,-1013,930,7196,-2,-150,891,248,19372,120,33,79,16,0,0,0,0,0,0,0,-32287,0,0,0,0,0,2894615,0
2786441,8400,-3694,-12,292,-997,833,7196,0,-125,816,240,19372,120,33,79,16,0,0,0,0,0,0,0,-32287,0,0,0,0,0,2894620,0
2786446,8396,-3258,-258,356,-977,714,7196,-3,-83,757,216,19374,104,33,79,16,0,0,0,0,0,0,0,-32287,0,0,0,0,0,2894635,0
2786451,8476,-2906,-418,307,-903,610,7195,-2,-37,713,200,19374,104,33,79,16,0,0,0,0,0,0,0,-32287,0,0,0,0,0,2894640,0
2786456,8260,-2770,-398,114,-744,420,7196,0,-14,658,184,19376,86,33,79,16,0,0,0,0,0,0,0,-32287,0,0,0,0,0,2894655,0
2786461,8148,-2976,-292,88,-717,322,7196,7,-1,602,168,19376,86,33,79,16,0,0,0,0,0,0,0,-32288,0,0,0,0,0,2894660,0
2786466,8062,-3304,-254,112,-710,229,7194,-3,0,555,152,19376,82,33,79,16,0,0,0,0,0,0,0,-32287,0,0,0,0,0,2894675,0
2786471,7924,-3532,-218,121,-724,171,7195,3,4,505,128,19376,82,33,79,16,0,0,0,0,0,0,0,-32286,0,0,0,0,0,2894680,0
2786476,7262,-4794,-260,-35,-739,368,7188,-33,-4,23,-944,19378,90,33,79,16,0,0,0,0,0,0,0,-32287,0,0,0,0,0,2894695,0
2786481,5672,-4946,-100,-794,-678,612,7101,-417,-150,-1094,-1952,19378,90,33,79,16,0,0,0,0,0,0,0,-32286,0,0,0,0,0,2894700,0
2786486,5842,-5146,-116,-1366,-598,811,6921,-836,-483,-1421,-2960,19373,115,33,79,16,0,0,0,0,0,0,0,-32286,0,0,0,0,0,2894715,0
2786491,5910,-5400,86,-1460,-292,944,6638,-1274,-915,-1649,-3920,19373,115,33,79,16,0,0,0,0,0,0,0,-32287,0,0,0,0,0,2894720,0
2786496,7506,-5088,1432,145,-294,499,6254,-1732,-1276,-1769,-4984,19355,190,33,79,16,0,0,0,0,0,0,0,-32286,0,0,0,0,0,2894735,0
2786501,7070,-6210,2558,1395,-382,301,5768,-2189,-1511,-1858,-6152,19355,190,33,79,16,0,0,0,0,0,0,0,-32287,0,0,0,0,0,2894740,0
2786506,4698,-5390,668,1836,-348,416,5166,-2692,-1577,-1960,-7264,19321,355,33,79,16,0,0,0,0,0,0,0,-32286,0,0,0,0,0,2894755,0
2786511,4774,-3010,-968,724,-302,775,4456,-3171,-1633,-2178,-8016,19321,355,33,79,16,0,0,0,0,0,0,0,-32286,0,0,0,0,0,2894760,0
2786516,-146,-60,4214,-7795,1704,3650,3706,-3306,-1557,-2396,-8152,19267,613,33,79,16,0,0,0,0,0,0,0,-32285,0,0,0,0,0,2894775,0
2786521,2122,-10544,5302,-7421,5920,4487,2958,-3277,-1250,-2427,-7784,19267,613,33,79,16,0,0,0,0,0,0,0,-32286,0,0,0,0,0,2894780,0
2786526,-2262,-16754,6248,-4545,3788,4567,2261,-3030,-686,-2537,-7112,19217,858,33,79,16,0,0,0,0,0,0,0,-32286,0,0,0,0,0,2894795,0
2786531,1528,-17298,4912,-222,2897,4243,1636,-2720,-12,-2562,-6384,19217,858,33,79,16,0,0,0,0,0,0,0,-32287,0,0,0,0,0,2894800,0
2786536,5452,-4728,1626,2314,2479,3745,1085,-2390,574,-2706,-5712,19185,1020,33,79,16,0,0,0,0,0,0,0,-32287,0,0,0,0,0,2894815,0
2786541,7496,-1364,-758,1329,2489,3464,610,-2057,929,-2776,-5064,19185,1020,33,79,16,0,0,0,0,0,0,0,-32285,0,0,0,0,0,2894820,0
2786546,8026,-412,-1762,518,1800,3125,209,-1740,1101,-2853,-4416,19187,1007,33,79,16,0,0,0,0,0,0,0,-32288,0,0,0,0,0,2894835,0
2786551,9052,-1328,-2428,648,830,2701,-121,-1435,1133,-2945,-3744,19187,1007,33,79,16,0,0,0,0,0,0,0,-32285,0,0,0,0,0,2894840,0
2786556,10658,-872,-3082,1772,-346,1871,-380,-1110,1132,-3040,-3024,19210,887,33,79,16,0,0,0,0,0,0,0,-32288,0,0,0,0,0,2894855,0
2786561,10810,568,-2818,1803,-559,1481,-565,-783,1104,-3109,-2480,19210,887,33,79,16,0,0,0,0,0,0,0,-32287,0,0,0,0,0,2894860,0
2786566,11056,894,-2398,1609,-760,1187,-684,-494,1098,-3160,-1896,19243,720,33,79,16,0,0,0,0,0,0,0,-32286,0,0,0,0,0,2894875,0
2786571,10692,620,-2180,1501,-1141,899,-744,-247,1063,-3240,-1416,19243,720,33,79,16,0,0,0,0,0,0,0,-32285,0,0,0,0,0,2894879,0
2786576,10718,40,-2362,1706,-1803,433,-753,-18,1000,-3400,-1136,19277,556,33,79,16,0,0,0,0,0,0,0,-32285,0,0,0,0,0,2894894,0
2786581,10200,-94,-2082,1511,-1947,400,-738,73,871,-3434,-1096,19277,556,33,79,16,0,0,0,0,0,0,0,-32285,0,0,0,0,0,2894899,0
2786586,9778,-476,-1556,1211,-2050,391,-719,91,662,-3439,-1152,19309,413,33,79,16,0,0,0,0,0,0,0,-32286,0,0,0,0,0,2894914,0
2786591,9582,-1078,-894,961,-2032,469,-713,24,392,-3443,-1352,19309,413,33,79,16,0,0,0,0,0,0,0,-32285,0,0,0,0,0,2894919,0
2786596,9186,-1860,672,629,-1799,544,-716,-21,134,-3502,-1384,19328,315,33,79,16,0,0,0,0,0,0,0,-32285,0,0,0,0,0,2894934,0
2786601,9114,-2394,1304,719,-1608,534,-717,4,-40,-3600,-1352,19328,315,33,79,16,0,0,0,0,0,0,0,-32285,0,0,0,0,0,2894939,0
2786606,8826,-2832,1788,793,-1414,586,-717,4,-74,-3625,-1384,19335,290,33,79,16,0,0,0,0,0,0,0,-32285,0,0,0,0,0,2894954,0
2786611,8688,-3020,2068,843,-1244,607,-717,-5,-50,-3647,-1392,19335,290,33,79,16,0,0,0,0,0,0,0,-32285,0,0,0,0,0,2894959,0
2786616,8382,-3072,2350,921,-830,638,-717,1,0,-3675,-1384,19331,312,33,79,16,0,0,0,0,0,0,0,-32285,0,0,0,0,0,2894974,0
2786621,8192,-3082,2294,951,-630,658,-718,-1,13,-3694,-1400,19331,312,33,79,16,0,0,0,0,0,0,0,-32285,0,0,0,0,0,2894979,0
2786626,7998,-3138,2220,986,-435,678,-718,5,0,-3699,-1384,19329,333,33,79,16,0,0,0,0,0,0,0,-32285,0,0,0,0,0,2894994,0
2786631,7852,-3210,2048,1052,-256,690,-719,-3,-3,-3703,-1392,19329,333,33,79,16,0,0,0,0,0,0,0,-32285,0,0,0,0,0,2894999,0
2786636,7406,-3208,1672,1158,61,723,-719,-12,5,-3698,-1392,19329,335,33,79,16,0,0,0,0,0,0,0,-32285,0,0,0,0,0,2895014,0
2786641,7232,-3102,1390,1200,162,733,-719,3,2,-3692,-1392,19329,335,33,79,16,0,0,0,0,0,0,0,-32285,0,0,0,0,0,2895019,0
2786646,7028,-3100,1180,1217,214,736,-717,-2,2,-3680,-1392,19328,341,33,79,16,0,0,0,0,0,0,0,-32285,0,0,0,0,0,2895034,0
2786651,6826,-3116,832,1270,234,735,-719,-1,0,-3666,-1376,19328,341,33,79,16,0,0,0,0,0,0,0,-32285,0,0,0,0,0,2895039,0
2786656,6570,-2884,412,1295,182,735,-718,-2,4,-3654,-1360,19324,336,33,79,16,0,0,0,0,0,0,0,-32285,0,0,0,0,0,2895054,0
2786661,6640,-2814,212,1251,126,728,-718,2,3,-3630,-1352,19324,336,33,79,16,0,0,0,0,0,0,0,-32285,0,0,0,0,0,2895059,0
2786666,6578,-2856,52,1202,47,718,-718,2,2,-3601,-1344,19324,330,33,79,16,0,0,0,0,0,0,0,-32285,0,0,0,0,0,2895074,0
2786671,6666,-3110,-212,1227,-35,719,-719,3,4,-3573,-1344,19324,330,33,79,16,0,0,0,0,0,0,0,-32286,0,0,0,0,0,2895079,0
2786676,6678,-3144,-378,1222,-301,710,-718,-1,1,-3540,-1304,19326,320,33,79,16,0,0,0,0,0,0,0,-32285,0,0,0,0,0,2895094,0
2786681,6794,-2930,-376,1214,-500,691,-718,2,3,-3505,-1304,19326,320,33,79,16,0,0,0,0,0,0,0,-32285,0,0,0,0,0,2895099,0
2786686,7236,-2978,-662,1031,-586,741,-717,0,-2,-3461,-1296,19329,303,33,79,16,0,0,0,0,0,0,0,-32285,0,0,0,0,0,2895114,0
2786691,6886,-3004,-134,987,-671,733,-717,5,1,-3422,-1264,19329,303,33,79,16,0,0,0,0,0,0,0,-32285,0,0,0,0,0,2895119,0
2786696,7296,-2940,58,1060,-860,717,-716,2,3,-3383,-1240,19333,292,33,79,16,0,0,0,0,0,0,0,-32285,0,0,0,0,0,2895134,0
2786701,7554,-2710,186,1013,-877,709,-715,11,7,-3330,-1224,19333,292,33,79,16,0,0,0,0,0,0,0,-32285,0,0,0,0,0,2895139,0
2786706,7736,-2574,356,926,-832,707,-713,4,4,-3278,-1208,19336,296,33,79,16,0,0,0,0,0,0,0,-32286,0,0,0,0,0,2895154,0
2786711,7732,-2608,506,893,-795,679,-709,15,1,-3224,-1168,19336,296,33,79,16,0,0,0,0,0,0,0,-32285,0,0,0,0,0,2895159,0
2786716,8042,-2724,764,985,-673,637,-707,19,12,-3180,-1120,19338,288,33,79,16,0,0,0,0,0,0,0,-32285,0,0,0,0,0,2895174,0
2786721,8088,-2648,846,1006,-592,616,-698,32,16,-3130,-1056,19338,288,33,79,16,0,0,0,0,0,0,0,-32285,0,0,0,0,0,2895179,0
2786726,8292,-2508,812,1025,-511,581,-683,70,31,-3081,-928,19341,273,33,79,16,0,0,0,0,0,0,0,-32285,0,0,0,0,0,2895194,0
2786731,8396,-2238,776,1067,-451,524,-653,147,77,-3064,-672,19341,273,33,79,16,0,0,0,0,0,0,0,-32286,0,0,0,0,0,2895199,0
2786736,8528,-1916,410,1205,-501,372,-604,226,137,-2983,-488,19343,234,33,79,16,0,0,0,0,0,0,0,-32286,0,0,0,0,0,2895214,0
2786741,8716,-1744,106,1256,-595,309,-533,319,209,-2895,-208,19343,234,33,79,16,0,0,0,0,0,0,0,-32286,0,0,0,0,0,2895219,0
2786746,8482,-1218,-88,1263,-681,205,-436,436,283,-2801,-72,19351,186,33,79,16,0,0,0,0,0,0,0,-32287,0,0,0,0,0,2895234,0
2786751,8506,-1004,-304,1263,-802,78,-313,554,340,-2652,32,19351,186,33,79,16,0,0,0,0,0,0,0,-32288,0,0,0,0,0,2895239,0
2786756,8430,-908,-576,1304,-1076,-128,-158,688,379,-2540,96,19362,126,33,79,16,0,0,0,0,0,0,0,-32287,0,0,0,0,0,2895254,0
2786761,8374,-986,-730,1339,-1228,-243,26,826,417,-2498,168,19362,126,33,79,16,0,0,0,0,0,0,0,-32286,0,0,0,0,0,2895259,0
2786766,8338,-994,-740,1383,-1388,-349,236,948,441,-2444,352,19376,69,33,79,16,0,0,0,0,0,0,0,-32286,0,0,0,0,0,2895274,0
2786771,8294,-1098,-664,1397,-1509,-452,468,1032,428,-2401,528,19376,69,33,79,16,0,0,0,0,0,0,0,-32287,0,0,0,0,0,2895279,0
2786776,8502,-1556,-330,1372,-1677,-580,718,1102,392,-2352,664,19391,7,33,79,16,0,0,0,0,0,0,0,-32287,0,0,0,0,0,2895294,0
2786781,8282,-1622,-2,1322,-1727,-644,974,1128,326,-2275,744,19391,7,33,79,16,0,0,0,0,0,0,0,-32285,0,0,0,0,0,2895299,0
2786786,8652,-2122,312,1369,-1719,-673,1238,1154,246,-2195,824,19402,-48,33,79,16,0,0,0,0,0,0,0,-32287,0,0,0,0,0,2895314,0
2786791,8420,-2200,792,1400,-1688,-731,1507,1189,155,-2120,928,19402,-48,33,79,16,0,0,0,0,0,0,0,-32287,0,0,0,0,0,2895319,0
2786796,8588,-2838,1134,1619,-1566,-810,1779,1202,111,-2040,1032,19409,-95,33,79,16,0,0,0,0,0,0,0,-32286,0,0,0,0,0,2895334,0
2786801,8562,-2776,1350,1698,-1476,-823,2056,1217,82,-1970,1088,19409,-95,33,79,16,0,0,0,0,0,0,0,-32287,0,0,0,0,0,2895338,0
2786806,8444,-2668,1208,1671,-1323,-822,2335,1227,65,-1880,1088,19413,-101,33,79,16,0,0,0,0,0,0,0,-32286,0,0,0,0,0,2895353,0
2786811,8496,-2634,1508,1691,-1188,-836,2613,1222,51,-1801,1112,19413,-101,33,79,16,0,0,0,0,0,0,0,-32286,0,0,0,0,0,2895358,0
2786816,8144,-2478,1326,1753,-907,-853,2892,1226,28,-1722,1152,19412,-102,33,79,16,0,0,0,0,0,0,0,-32288,0,0,0,0,0,2895373,0
2786821,7970,-2484,976,1753,-764,-855,3171,1230,18,-1632,1192,19412,-102,33,79,16,0,0,0,0,0,0,0,-32286,0,0,0,0,0,2895378,0
2786826,7872,-2234,968,1735,-655,-838,3452,1225,10,-1554,1168,19411,-98,33,79,16,0,0,0,0,0,0,0,-32286,0,0,0,0,0,2895393,0
2786831,7650,-2130,672,1649,-508,-819,3725,1201,0,-1474,1144,19411,-98,33,79,16,0,0,0,0,0,0,0,-32287,0,0,0,0,0,2895405,0
2786836,7498,-1922,398,1600,-371,-786,3997,1190,-16,-1404,1120,19406,-95,33,79,16,0,0,0,0,0,0,0,-32286,0,0,0,0,0,2895413,0
2786841,7270,-1678,282,1570,-402,-793,4265,1176,-40,-1330,1136,19406,-95,33,79,16,0,0,0,0,0,0,0,-32286,0,0,0,0,0,2895418,0
2786846,7282,-1728,168,1497,-383,-774,4530,1160,-47,-1246,1152,19405,-81,33,79,16,0,0,0,0,0,0,0,-32287,0,0,0,0,0,2895433,0
2786851,7258,-1488,162,1439,-406,-774,4791,1149,-53,-1166,1128,19405,-81,33,79,16,0,0,0,0,0,0,0,-32286,0,0,0,0,0,2895438,0
2786856,7450,-1270,134,1318,-415,-797,5048,1130,-54,-1094,1136,19400,-60,33,79,16,0,0,0,0,0,0,0,-32287,0,0,0,0,0,2895453,0
2786861,7634,-1328,136,1310,-388,-809,5299,1102,-57,-1019,1128,19400,-60,33,79,16,0,0,0,0,0,0,0,-32287,0,0,0,0,0,2895458,0
2786866,7706,-1244,270,1304,-388,-845,5550,1095,-54,-956,1144,19398,-42,33,79,16,0,0,0,0,0,0,0,-32286,0,0,0,0,0,2895473,0
2786871,8028,-1172,314,1321,-330,-891,5798,1089,-55,-871,1168,19398,-42,33,79,16,0,0,0,0,0,0,0,-32287,0,0,0,0,0,2895478,0
2786876,8294,-1564,334,1125,-196,-870,6039,1062,-47,-943,728,19395,-16,33,79,16,0,0,0,0,0,0,0,-32287,0,0,0,0,0,2895493,0
2786881,8008,-1942,368,778,-39,-781,6246,882,-107,-1334,128,19395,-16,33,79,16,0,0,0,0,0,0,0,-32286,0,0,0,0,0,2895498,0
2786886,8178,-2226,386,355,143,-643,6397,637,-259,-1692,-128,19395,-14,33,79,16,0,0,0,0,0,0,0,-32286,0,0,0,0,0,2895513,0
2786891,8116,-2966,372,-186,484,-404,6473,305,-520,-2040,-408,19395,-14,33,79,16,0,0,0,0,0,0,0,-32286,0,0,0,0,0,2895518,0
2786896,8174,-4726,916,-1126,1162,-15,6483,27,-788,-2084,-856,19387,8,33,79,16,0,0,0,0,0,0,0,-32287,0,0,0,0,0,2895533,0
2786901,8044,-5700,1292,-1004,1505,101,6463,-97,-913,-2138,-1120,19387,8,33,79,16,0,0,0,0,0,0,0,-32287,0,0,0,0,0,2895538,0
2786906,8046,-7118,1434,-619,1583,222,6424,-179,-812,-2306,-1480,19375,70,33,79,16,0,0,0,0,0,0,0,-32287,0,0,0,0,0,2895553,0
2786911,8220,-7834,1092,-174,1579,352,6369,-250,-603,-2519,-1600,19375,70,33,79,16,0,0,0,0,0,0,0,-32286,0,0,0,0,0,2895558,0
2786916,8690,-6884,260,435,1454,500,6305,-285,-386,-2723,-1776,19361,171,33,79,16,0,0,0,0,0,0,0,-32286,0,0,0,0,0,2895573,0
2786921,8924,-6276,-360,419,1329,557,6226,-338,-248,-2883,-1848,19361,171,33,79,16,0,0,0,0,0,0,0,-32285,0,0,0,0,0,2895578,0
2786926,9088,-5512,-932,364,1140,576,6140,-383,-203,-3020,-2064,19344,270,33,79,16,0,0,0,0,0,0,0,-32285,0,0,0,0,0,2895593,0
2786931,9098,-5146,-1242,273,964,619,6038,-447,-181,-3119,-2352,19344,270,33,79,16,0,0,0,0,0,0,0,-32286,0,0,0,0,0,2895598,0
2786936,8816,-4150,-1376,28,574,619,5921,-532,-178,-3258,-2584,19327,342,33,79,16,0,0,0,0,0,0,0,-32287,0,0,0,0,0,2895613,0
2786941,8724,-3554,-1094,-126,401,585,5784,-605,-218,-3435,-2656,19327,342,33,79,16,0,0,0,0,0,0,0,-32288,0,0,0,0,0,2895618,0
2786946,8884,-3232,-640,-215,303,546,5639,-636,-230,-3497,-2832,19306,420,33,79,16,0,0,0,0,0,0,0,-32287,0,0,0,0,0,2895633,0
2786951,8958,-3314,-108,-229,179,516,5483,-689,-222,-3538,-2840,19306,420,33,79,16,0,0,0,0,0,0,0,-32285,0,0,0,0,0,2895638,0
2786956,9628,-2954,620,13,20,339,5320,-704,-190,-3659,-2808,19288,510,33,79,16,0,0,0,0,0,0,0,-32285,0,0,0,0,0,2895653,0
2786961,9884,-2876,886,110,52,263,5161,-702,-123,-3668,-2912,19288,510,33,79,16,0,0,0,0,0,0,0,-32287,0,0,0,0,0,2895658,0
2786966,10036,-2660,1080,125,54,143,5002,-697,-74,-3725,-2832,19281,585,33,79,16,0,0,0,0,0,0,0,-32288,0,0,0,0,0,2895673,0
2786971,10598,-2484,1194,161,87,-32,4855,-643,-9,-3710,-2720,19281,585,33,79,16,0,0,0,0,0,0,0,-32287,0,0,0,0,0,2895678,0
2786976,10622,-3040,1212,190,45,-264,4715,-618,60,-3646,-2664,19277,609,33,79,16,0,0,0,0,0,0,0,-32286,0,0,0,0,0,2895692,0
2786981,10836,-3162,928,162,-6,-370,4576,-608,85,-3672,-2584,19277,609,33,79,16,0,0,0,0,0,0,0,-32285,0,0,0,0,0,2895697,0
2786986,10526,-3392,918,126,-69,-444,4448,-561,100,-3605,-2560,19277,592,33,79,16,0,0,0,0,0,0,0,-32286,0,0,0,0,0,2895712,0
2786991,10164,-3870,878,76,-179,-491,4319,-567,92,-3555,-2512,19277,592,33,79,16,0,0,0,0,0,0,0,-32287,0,0,0,0,0,2895717,0
2786996,9536,-4134,828,11,-322,-539,4188,-577,55,-3535,-2512,19274,555,33,79,16,0,0,0,0,0,0,0,-32288,0,0,0,0,0,2895732,0
2787001,9264,-4308,878,-1,-380,-542,4053,-599,22,-3455,-2584,19274,555,33,79,16,0,0,0,0,0,0,0,-32287,0,0,0,0,0,2895737,0
2787006,8718,-4434,946,-27,-460,-562,3912,-628,-19,-3392,-2560,19274,531,33,79,16,0,0,0,0,0,0,0,-32285,0,0,0,0,0,2895752,0
2787011,8274,-4474,944,-52,-459,-555,3763,-649,-60,-3349,-2568,19274,531,33,79,16,0,0,0,0,0,0,0,-32285,0,0,0,0,0,2895757,0
2787016,7660,-4988,1332,-76,-458,-578,3606,-691,-88,-3234,-2696,19277,519,33,79,16,0,0,0,0,0,0,0,-32287,0,0,0,0,0,2895772,0
2787021,7118,-5142,1494,-83,-457,-572,3436,-752,-119,-3180,-2816,19277,519,33,79,16,0,0,0,0,0,0,0,-32288,0,0,0,0,0,2895777,0
2787026,6774,-5392,1514,-73,-438,-567,3254,-808,-143,-3056,-2920,19283,516,33,79,16,0,0,0,0,0,0,0,-32287,0,0,0,0,0,2895792,0
2787031,6156,-5792,1654,-144,-397,-515,3095,-874,-176,-2967,-3048,19283,516,33,79,16,0,0,0,0,0,0,0,-32285,0,0,0,0,0,2895796,0
2787036,5454,-6326,1940,-237,-270,-482,2884,-931,-208,-2854,-3096,19285,515,33,79,16,0,0,0,0,0,0,0,-32287,0,0,0,0,0,2895811,0
2787041,4584,-6564,2004,-214,-226,-420,2663,-991,-220,-2728,-3136,19285,515,33,79,16,0,0,0,0,0,0,0,-32288,0,0,0,0,0,2895816,0
2787046,4402,-6854,2048,-11,-238,-413,2432,-1017,-198,-2634,-3216,19287,503,33,79,16,0,0,0,0,0,0,0,-32286,0,0,0,0,0,2895831,0
2787051,3864,-7038,2274,159,-216,-354,2197,-1033,-168,-2526,-3200,19287,503,33,79,16,0,0,0,0,0,0,0,-32286,0,0,0,0,0,2895836,0
2787056,3960,-7086,1930,582,-244,-303,1966,-1028,-105,-2359,-3064,19286,501,33,79,16,0,0,0,0,0,0,0,-32287,0,0,0,0,0,2895851,0
2787061,3526,-6748,1802,682,-374,-307,1732,-1020,-55,-2237,-2968,19286,501,33,79,16,0,0,0,0,0,0,0,-32287,0,0,0,0,0,2895856,0
2787066,3936,-6866,1702,810,-428,-250,1501,-1017,-11,-2122,-2872,19294,483,33,79,16,0,0,0,0,0,0,0,-32286,0,0,0,0,0,2895871,0
2787071,3670,-6592,1824,923,-559,-251,1277,-984,24,-2011,-2816,19294,483,33,79,16,0,0,0,0,0,0,0,-32287,0,0,0,0,0,2895876,0
2787076,4256,-6488,1548,1398,-874,-266,1061,-949,57,-1874,-2592,19304,436,33,79,16,0,0,0,0,0,0,0,-32287,0,0,0,0,0,2895891,0
2787081,4684,-6060,1390,1668,-1078,-305,859,-885,103,-1699,-2424,19304,436,33,79,16,0,0,0,0,0,0,0,-32286,0,0,0,0,0,2895896,0
2787086,5226,-5522,1126,1925,-1242,-345,668,-835,136,-1605,-2248,19314,372,33,79,16,0,0,0,0,0,0,0,-32286,0,0,0,0,0,2895911,0
2787091,5862,-4974,906,2049,-1382,-381,488,-788,171,-1443,-2152,19314,372,33,79,16,0,0,0,0,0,0,0,-32287,0,0,0,0,0,2895916,0
2787096,7358,-3622,662,2061,-1553,-502,321,-738,179,-1323,-1920,19324,307,33,79,16,0,0,0,0,0,0,0,-32287,0,0,0,0,0,2895931,0
2787101,7992,-3318,570,2014,-1605,-541,163,-690,175,-1171,-1768,19324,307,33,79,16,0,0,0,0,0,0,0,-32287,0,0,0,0,0,2895935,0
2787106,8372,-2894,512,1926,-1713,-571,13,-663,159,-1060,-1640,19335,250,33,79,16,0,0,0,0,0,0,0,-32286,0,0,0,0,0,2895950,0
2787111,8984,-2488,456,1840,-1756,-630,-127,-612,150,-953,-1496,19335,250,33,79,16,0,0,0,0,0,0,0,-32287,0,0,0,0,0,2895955,0
2787116,9730,-1870,632,1641,-1774,-709,-260,-581,137,-809,-1416,19347,205,33,79,16,0,0,0,0,0,0,0,-32287,0,0,0,0,0,2895970,0
2787121,9870,-1426,816,1454,-1784,-729,-386,-558,128,-698,-1304,19347,205,33,79,16,0,0,0,0,0,0,0,-32287,0,0,0,0,0,2895975,0
2787126,10142,-1140,1044,1277,-1676,-776,-510,-537,103,-588,-1184,19355,164,33,79,16,0,0,0,0,0,0,0,-32287,0,0,0,0,0,2895990,0
2787131,10288,-828,1390,1092,-1544,-803,-626,-509,94,-485,-1072,19355,164,33,79,16,0,0,0,0,0,0,0,-32287,0,0,0,0,0,2895995,0
2787136,10048,-666,2444,611,-1009,-755,-737,-481,84,-367,-952,19362,124,33,79,16,0,0,0,0,0,0,0,-32287,0,0,0,0,0,2896010,0
2787141,9850,-666,2898,244,-664,-685,-841,-461,136,-285,-840,19362,124,33,79,16,0,0,0,0,0,0,0,-32287,0,0,0,0,0,2896015,0
2787146,9636,-1058,3184,-42,-315,-636,-937,-419,86,-215,-600,19365,104,33,79,16,0,0,0,0,0,0,0,-32286,0,0,0,0,0,2896030,0
2787151,9330,-1478,3406,-216,55,-574,-1016,-339,92,-150,-304,19365,104,33,79,16,0,0,0,0,0,0,0,-32287,0,0,0,0,0,2896035,0
2787156,9052,-2194,3512,-41,488,-598,-1076,-250,128,-83,-80,19367,90,33,79,16,0,0,0,0,0,0,0,-32287,0,0,0,0,0,2896050,0
2787161,8854,-2406,3302,393,615,-667,-1116,-167,169,58,-32,19367,90,33,79,16,0,0,0,0,0,0,0,-32287,0,0,0,0,0,2896055,0
2787166,8914,-2368,3042,813,634,-739,-1137,-82,273,138,16,19369,75,33,79,16,0,0,0,0,0,0,0,-32287,0,0,0,0,0,2896069,0
2787171,8498,-1998,2400,748,798,-663,-1142,-19,287,195,64,19369,75,33,79,16,0,0,0,0,0,0,0,-32286,0,0,0,0,0,2896074,0
2787176,7826,-1488,1338,-143,1181,-459,-1137,24,270,260,120,19374,75,33,79,16,0,0,0,0,0,0,0,-32287,0,0,0,0,0,2896089,0
2787181,7322,-1738,966,-281,1190,-453,-1121,73,230,320,216,19374,75,33,79,16,0,0,0,0,0,0,0,-32287,0,0,0,0,0,2896094,0
2787186,7176,-2568,556,-265,1247,-370,-1096,115,191,385,296,19378,67,33,79,16,0,0,0,0,0,0,0,-32287,0,0,0,0,0,2896109,0
2787191,6512,-2432,640,-293,1285,-284,-1068,130,153,455,432,19378,67,33,79,16,0,0,0,0,0,0,0,-32287,0,0,0,0,0,2896114,0
2787196,6356,-2930,472,-170,1339,-230,-1023,204,138,501,648,19378,67,33,79,16,0,0,0,0,0,0,0,-32287,0,0,0,0,0,2896129,0
2787201,5940,-2622,304,-112,1241,-203,-961,281,155,569,920,19378,67,33,79,16,0,0,0,0,0,0,0,-32287,0,0,0,0,0,2896134,0
2787206,7544,1526,694,1153,338,-1280,-885,341,198,707,880,19376,73,33,79,16,0,0,0,0,0,0,0,-32287,0,0,0,0,0,2896149,0
2787211,9902,-4884,-1590,2250,152,-898,-819,292,178,810,816,19376,73,33,79,16,0,0,0,0,0,0,0,-32287,0,0,0,0,0,2896154,0
2787216,9094,494,-1098,697,-384,-1062,-766,230,101,883,664,19374,90,33,79,16,0,0,0,0,0,0,0,-32287,0,0,0,0,0,2896169,0
2787221,7974,584,-836,-159,-10,-942,-732,137,-45,946,568,19374,90,33,79,16,0,0,0,0,0,0,0,-32287,0,0,0,0,0,2896174,0
2787226,7848,-760,254,-667,82,-885,-713,84,-168,1015,464,19372,108,33,79,16,0,0,0,0,0,0,0,-32287,0,0,0,0,0,2896189,0
2787231,7540,-2298,884,-654,257,-821,-711,0,-237,1126,328,19372,108,33,79,16,0,0,0,0,0,0,0,-32287,0,0,0,0,0,2896194,0
2787236,7388,-2742,1298,-312,470,-823,-718,-38,-243,1161,352,19369,102,33,79,16,0,0,0,0,0,0,0,-32287,0,0,0,0,0,2896209,0
2787241,7142,-2418,1338,-256,587,-784,-720,-10,-197,1177,464,19369,102,33,79,16,0,0,0,0,0,0,0,-32287,0,0,0,0,0,2896217,0
2787246,6976,-2224,1334,-370,702,-711,-721,0,-106,1249,504,19368,90,33,79,16,0,0,0,0,0,0,0,-32287,0,0,0,0,0,2896232,0
2787251,6690,-2302,1250,-536,789,-616,-719,-5,-29,1336,528,19368,90,33,79,16,0,0,0,0,0,0,0,-32287,0,0,0,0,0,2896237,0
2787256,6480,-2580,994,-611,802,-468,-718,0,15,1406,544,19368,96,33,79,16,0,0,0,0,0,0,0,-32287,0,0,0,0,0,2896252,0
2787261,6362,-2570,952,-576,780,-415,-718,3,27,1466,576,19368,96,33,79,16,0,0,0,0,0,0,0,-32287,0,0,0,0,0,2896257,0
2787266,6388,-2320,884,-569,757,-380,-719,-4,3,1532,584,19368,102,33,79,16,0,0,0,0,0,0,0,-32287,0,0,0,0,0,2896272,0
2787271,6378,-2018,860,-619,760,-366,-718,0,0,1596,632,19368,102,33,79,16,0,0,0,0,0,0,0,-32287,0,0,0,0,0,2896277,0
2787276,6230,-1776,938,-839,865,-328,-717,0,3,1649,648,19368,120,33,79,16,0,0,0,0,0,0,0,-32287,0,0,0,0,0,2896292,0
2787281,6096,-1886,930,-886,893,-311,-716,1,4,1711,664,19368,120,33,79,16,0,0,0,0,0,0,0,-32287,0,0,0,0,0,2896296,0
2787286,5894,-1944,888,-894,900,-302,-714,5,7,1766,704,19364,124,33,79,16,0,0,0,0,0,0,0,-32287,0,0,0,0,0,2896311,0
2787291,5734,-1986,850,-891,893,-294,-712,3,4,1819,712,19364,124,33,79,16,0,0,0,0,0,0,0,-32287,0,0,0,0,0,2896316,0
2787296,5532,-1978,708,-924,893,-269,-711,8,7,1875,752,19363,125,33,79,16,0,0,0,0,0,0,0,-32287,0,0,0,0,0,2896331,0
2787301,5352,-1928,666,-949,871,-257,-706,18,8,1916,792,19363,125,33,79,16,0,0,0,0,0,0,0,-32287,0,0,0,0,0,2896336,0
2787306,5278,-1946,590,-937,847,-236,-701,21,13,1964,808,19362,137,33,79,16,0,0,0,0,0,0,0,-32288,0,0,0,0,0,2896351,0
2787311,5216,-1874,548,-916,780,-228,-692,38,24,2002,888,19362,137,33,79,16,0,0,0,0,0,0,0,-32287,0,0,0,0,0,2896356,0
2787316,5276,-1544,518,-843,666,-241,-674,88,39,2025,1024,19360,151,33,79,16,0,0,0,0,0,0,0,-32287,0,0,0,0,0,2896371,0
2787321,5456,-1470,512,-751,592,-266,-639,165,84,2040,1192,19360,151,33,79,16,0,0,0,0,0,0,0,-32287,0,0,0,0,0,2896376,0
2787326,5392,-1290,506,-715,525,-275,-586,236,146,2063,1472,19356,163,33,79,16,0,0,0,0,0,0,0,-32287,0,0,0,0,0,2896391,0
2787331,5578,-1090,450,-625,402,-323,-509,347,229,2131,1616,19356,163,33,79,16,0,0,0,0,0,0,0,-32286,0,0,0,0,0,2896396,0
2787336,5690,-816,316,-502,240,-397,-410,441,288,2180,1808,19352,183,33,79,16,0,0,0,0,0,0,0,-32286,0,0,0,0,0,2896411,0
2787341,5932,-780,238,-501,185,-395,-294,510,311,2234,1992,19352,183,33,79,16,0,0,0,0,0,0,0,-32286,0,0,0,0,0,2896416,0
2787346,5658,-668,420,-511,132,-541,-162,590,309,2247,2176,19344,231,33,79,16,0,0,0,0,0,0,0,-32286,0,0,0,0,0,2896431,0
2787351,5724,-824,486,-433,82,-638,-11,670,288,2279,2304,19344,231,33,79,16,0,0,0,0,0,0,0,-32287,0,0,0,0,0,2896436,0
2787356,5874,-980,900,-307,-91,-697,154,733,267,2308,2480,19333,293,33,79,16,0,0,0,0,0,0,0,-32287,0,0,0,0,0,2896451,0
2787361,6300,-830,996,-313,-85,-685,328,770,245,2295,2600,19333,293,33,79,16,0,0,0,0,0,0,0,-32286,0,0,0,0,0,2896456,0
2787366,6316,-564,1180,-379,-42,-669,514,824,210,2317,2592,19324,340,33,79,16,0,0,0,0,0,0,0,-32286,0,0,0,0,0,2896471,0
2787371,6394,-700,1194,-434,-2,-666,703,843,175,2308,2752,19324,340,33,79,16,0,0,0,0,0,0,0,-32287,0,0,0,0,0,2896476,0
2787376,6396,-1176,1092,-416,89,-668,899,855,136,2327,2640,19318,371,33,79,16,0,0,0,0,0,0,0,-32287,0,0,0,0,0,2896491,0
2787381,6260,-1300,1030,-419,98,-655,1093,852,99,2303,2736,19318,371,33,79,16,0,0,0,0,0,0,0,-32287,0,0,0,0,0,2896496,0
2787386,6104,-1084,1136,-478,99,-618,1283,826,48,2304,2576,19315,366,33,79,16,0,0,0,0,0,0,0,-32286,0,0,0,0,0,2896511,0
2787391,6104,-1016,1166,-557,86,-592,1469,814,-5,2281,2608,19315,366,33,79,16,0,0,0,0,0,0,0,-32287,0,0,0,0,0,2896516,0
2787396,6086,-942,1150,-635,81,-470,1646,780,-48,2267,2464,19313,375,33,79,16,0,0,0,0,0,0,0,-32288,0,0,0,0,0,2896531,0
2787401,6308,-796,1124,-715,110,-458,1817,747,-73,2230,2384,19313,375,33,79,16,0,0,0,0,0,0,0,-32287,0,0,0,0,0,2896536,0
2787406,6424,-1116,1056,-773,160,-414,1980,710,-96,2211,2328,19315,373,33,79,16,0,0,0,0,0,0,0,-32286,0,0,0,0,0,2896550,0
2787411,6364,-1216,1036,-857,189,-394,2133,664,-113,2175,2232,19315,373,33,79,16,0,0,0,0,0,0,0,-32286,0,0,0,0,0,2896555,0
2787416,6764,-1682,1050,-811,172,-359,2276,628,-132,2104,2104,19320,364,33,79,16,0,0,0,0,0,0,0,-32287,0,0,0,0,0,2896570,0
2787421,6792,-1758,1004,-844,141,-324,2405,566,-138,2076,1856,19320,364,33,79,16,0,0,0,0,0,0,0,-32287,0,0,0,0,0,2896575,0
2787426,7006,-1770,934,-908,111,-297,2519,494,-170,2005,1728,19325,327,33,79,16,0,0,0,0,0,0,0,-32287,0,0,0,0,0,2896590,0
2787431,7214,-2128,858,-957,77,-248,2617,422,-200,1956,1496,19325,327,33,79,16,0,0,0,0,0,0,0,-32287,0,0,0,0,0,2896595,0
2787436,7466,-2452,1128,-940,-39,-193,2694,337,-229,1924,1288,19334,281,33,79,16,0,0,0,0,0,0,0,-32286,0,0,0,0,0,2896610,0
2787441,7728,-2748,1194,-910,-99,-162,2754,254,-260,1898,1056,19334,281,33,79,16,0,0,0,0,0,0,0,-32285,0,0,0,0,0,2896615,0
2787446,7834,-2854,1294,-949,-110,-126,2790,147,-288,1812,824,19344,245,33,79,16,0,0,0,0,0,0,0,-32286,0,0,0,0,0,2896630,0
2787451,8118,-3392,1346,-999,-120,-40,2795,0,-321,1801,512,19344,245,33,79,16,0,0,0,0,0,0,0,-32286,0,0,0,0,0,2896635,0
2787456,8360,-3546,1878,-930,-161,-20,2778,-82,-361,1710,392,19355,203,33,79,16,0,0,0,0,0,0,0,-32286,0,0,0,0,0,2896650,0
2787461,8642,-3660,2074,-634,-222,-74,2757,-87,-356,1587,304,19355,203,33,79,16,0,0,0,0,0,0,0,-32287,0,0,0,0,0,2896655,0
2787466,8740,-3680,2146,-412,-299,-83,2732,-116,-273,1521,168,19364,164,33,79,16,0,0,0,0,0,0,0,-32287,0,0,0,0,0,2896670,0
2787471,8780,-3304,2054,-411,-305,-68,2689,-194,-197,1436,96,19364,164,33,79,16,0,0,0,0,0,0,0,-32286,0,0,0,0,0,2896675,0
2787476,8806,-2714,1852,-561,-267,-21,2629,-280,-155,1327,32,19371,118,33,79,16,0,0,0,0,0,0,0,-32287,0,0,0,0,0,2896690,0
2787481,8626,-2590,1700,-722,-224,45,2540,-407,-216,1223,-72,19371,118,33,79,16,0,0,0,0,0,0,0,-32286,0,0,0,0,0,2896695,0
2787486,8372,-2510,1688,-878,-146,155,2417,-557,-317,1111,-216,19377,77,33,79,16,0,0,0,0,0,0,0,-32287,0,0,0,0,0,2896710,0
2787491,8014,-2356,1598,-1092,-19,292,2254,-731,-420,1026,-568,19377,77,33,79,16,0,0,0,0,0,0,0,-32287,0,0,0,0,0,2896715,0
2787496,7574,-1936,1656,-1457,306,523,2061,-865,-494,980,-832,19378,47,33,79,16,0,0,0,0,0,0,0,-32287,0,0,0,0,0,2896729,0
2787501,7172,-1694,1594,-1561,442,640,1836,-1000,-518,919,-1152,19378,47,33,79,16,0,0,0,0,0,0,0,-32287,0,0,0,0,0,2896734,0
2787506,7024,-1226,1372,-1667,543,715,1590,-1092,-495,816,-1352,19379,21,33,79,16,0,0,0,0,0,0,0,-32287,0,0,0,0,0,2896749,0
2787511,7102,-1024,1202,-1690,649,807,1324,-1178,-437,727,-1520,19379,21,33,79,16,0,0,0,0,0,0,0,-32287,0,0,0,0,0,2896754,0
2787516,7380,104,1166,-1830,734,837,1046,-1229,-356,646,-1664,19384,9,33,79,16,0,0,0,0,0,0,0,-32286,0,0,0,0,0,2896769,0
2787521,7652,414,1186,-1969,814,848,760,-1264,-282,569,-1776,19384,9,33,79,16,0,0,0,0,0,0,0,-32287,0,0,0,0,0,2896774,0
2787526,8110,448,1250,-2168,845,874,467,-1285,-205,482,-1808,19386,5,33,79,16,0,0,0,0,0,0,0,-32287,0,0,0,0,0,2896789,0
2787531,8730,58,1562,-2457,946,926,173,-1295,-134,409,-1848,19386,5,33,79,16,0,0,0,0,0,0,0,-32287,0,0,0,0,0,2896794,0
2787536,10452,-1516,2704,-2729,1016,995,-117,-1286,-85,313,-1872,19384,9,33,79,16,0,0,0,0,0,0,0,-32287,0,0,0,0,0,2896809,0
2787541,11384,-2520,3300,-2598,933,958,-403,-1245,-20,231,-1864,19384,9,33,79,16,0,0,0,0,0,0,0,-32287,0,0,0,0,0,2896814,0
2787546,12790,-3750,3584,-1824,597,774,-677,-1199,40,170,-1888,19382,16,33,79,16,0,0,0,0,0,0,0,-32287,0,0,0,0,0,2896829,0
2787551,14450,-3668,3962,-993,480,575,-944,-1175,86,109,-2008,19382,16,33,79,16,0,0,0,0,0,0,0,-32287,0,0,0,0,0,2896834,0
2787556,16692,-1976,1016,-1341,140,394,-1202,-1135,118,43,-2088,19382,32,33,79,16,0,0,0,0,0,0,0,-32287,0,0,0,0,0,2896849,0
2787561,16046,-1394,1646,-2127,351,313,-1456,-1122,120,-32,-2240,19382,32,33,79,16,0,0,0,0,0,0,0,-32287,0,0,0,0,0,2896854,0
2787566,15976,-2948,1286,-2476,361,182,-1711,-1119,100,-119,-2408,19381,54,33,79,16,0,0,0,0,0,0,0,-32287,0,0,0,0,0,2896869,0
2787571,15034,-3880,1484,-2395,431,69,-1970,-1129,48,-229,-2496,19381,54,33,79,16,0,0,0,0,0,0,0,-32287,0,0,0,0,0,2896874,0
2787576,11190,-4698,1882,-2903,1153,101,-2229,-1140,12,-345,-2536,19376,82,33,79,16,0,0,0,0,0,0,0,-32286,0,0,0,0,0,2896888,0
2787581,9864,-5784,1914,-3150,1354,48,-2486,-1122,-6,-447,-2544,19376,82,33,79,16,0,0,0,0,0,0,0,-32287,0,0,0,0,0,2896893,0
2787586,8958,-7458,2112,-2786,1452,-62,-2740,-1117,2,-532,-2576,19370,110,33,79,16,0,0,0,0,0,0,0,-32287,0,0,0,0,0,2896908,0
2787591,7764,-8748,1994,-2154,1296,-196,-2990,-1102,20,-615,-2584,19370,110,33,79,16,0,0,0,0,0,0,0,-32287,0,0,0,0,0,2896913,0
2787596,5608,-9772,1168,-1820,1211,116,-3241,-1101,28,-715,-2568,19363,149,33,79,16,0,0,0,0,0,0,0,-32286,0,0,0,0,0,2896928,0
2787601,4732,-9188,1100,-2273,1477,370,-3485,-1065,41,-818,-2488,19363,149,33,79,16,0,0,0,0,0,0,0,-32287,0,0,0,0,0,2896933,0
2787606,4820,-8468,1286,-2019,1457,316,-3720,-1035,53,-917,-2496,19359,174,33,79,16,0,0,0,0,0,0,0,-32287,0,0,0,0,0,2896948,0
2787611,4286,-8706,1058,-1557,1529,412,-3944,-980,87,-1030,-2416,19359,174,33,79,16,0,0,0,0,0,0,0,-32286,0,0,0,0,0,2896953,0
2787616,3146,-7584,672,-849,1271,495,-4154,-920,133,-1106,-2288,19356,203,33,79,16,0,0,0,0,0,0,0,-32286,0,0,0,0,0,2896968,0
2787621,2766,-6730,384,-525,1147,519,-4348,-844,177,-1207,-2232,19356,203,33,79,16,0,0,0,0,0,0,0,-32287,0,0,0,0,0,2896973,0
2787626,2818,-5868,146,-253,1032,515,-4528,-786,202,-1299,-2104,19352,208,33,79,16,0,0,0,0,0,0,0,-32287,0,0,0,0,0,2896988,0
2787631,3062,-4984,58,-133,1005,526,-4697,-735,214,-1391,-1936,19352,208,33,79,16,0,0,0,0,0,0,0,-32286,0,0,0,0,0,2896993,0
2787636,3542,-3966,170,-108,1127,566,-4846,-644,217,-1413,-1768,19349,207,33,79,16,0,0,0,0,0,0,0,-32286,0,0,0,0,0,2897008,0
2787641,3624,-4038,250,-135,1293,670,-4972,-538,239,-1412,-1448,19349,207,33,79,16,0,0,0,0,0,0,0,-32287,0,0,0,0,0,2897013,0
2787646,3674,-3940,200,-176,1409,756,-5064,-383,298,-1417,-1040,19350,202,33,79,16,0,0,0,0,0,0,0,-32287,0,0,0,0,0,2897028,0
2787651,2986,-4216,722,-90,1581,826,-5108,-168,398,-1461,-616,19350,202,33,79,16,0,0,0,0,0,0,0,-32287,0,0,0,0,0,2897033,0
2787656,4104,-4986,-2040,722,511,768,-5107,26,531,-1464,-352,19355,189,33,79,16,0,0,0,0,0,0,0,-32288,0,0,0,0,0,2897048,0
2787661,4240,-3764,-2656,764,-14,739,-5088,90,583,-1455,-224,19355,189,33,79,16,0,0,0,0,0,0,0,-32287,0,0,0,0,0,2897053,0
2787666,5444,-3204,-2934,564,-320,770,-5058,137,528,-1414,-200,19363,157,33,79,16,0,0,0,0,0,0,0,-32287,0,0,0,0,0,2897068,0
2787671,5718,-2722,-2510,215,-541,827,-5022,162,377,-1393,-144,19363,157,33,79,16,0,0,0,0,0,0,0,-32287,0,0,0,0,0,2897073,0
2787676,7458,-2990,-1674,105,-1047,809,-4975,210,232,-1391,-120,19371,117,33,79,16,0,0,0,0,0,0,0,-32288,0,0,0,0,0,2897088,0
2787681,7998,-2482,-1002,136,-1247,785,-4920,243,145,-1386,-88,19371,117,33,79,16,0,0,0,0,0,0,0,-32287,0,0,0,0,0,2897093,0
2787686,8844,-2070,-524,7,-1239,781,-4859,271,127,-1382,-64,19374,77,33,79,16,0,0,0,0,0,0,0,-32287,0,0,0,0,0,2897108,0
2787691,9526,-1838,-180,-224,-1238,760,-4792,302,118,-1391,-32,19374,77,33,79,16,0,0,0,0,0,0,0,-32287,0,0,0,0,0,2897112,0
2787696,9990,-1902,188,-562,-1203,664,-4718,322,108,-1384,-32,19376,59,33,79,16,0,0,0,0,0,0,0,-32286,0,0,0,0,0,2897127,0
2787701,10124,-1982,332,-650,-1190,566,-4635,368,106,-1384,-32,19376,59,33,79,16,0,0,0,0,0,0,0,-32286,0,0,0,0,0,2897132,0
2787706,10096,-2420,316,-703,-1122,481,-4541,423,114,-1381,8,19379,59,33,79,16,0,0,0,0,0,0,0,-32286,0,0,0,0,0,2897147,0
2787711,9782,-2630,462,-746,-1081,382,-4438,460,137,-1368,24,19379,59,33,79,16,0,0,0,0,0,0,0,-32287,0,0,0,0,0,2897152,0
2787716,9080,-3564,768,-827,-896,296,-4333,465,132,-1375,24,19382,59,33,79,16,0,0,0,0,0,0,0,-32287,0,0,0,0,0,2897167,0
2787721,8872,-4108,996,-781,-743,228,-4225,471,111,-1377,24,19382,59,33,79,16,0,0,0,0,0,0,0,-32287,0,0,0,0,0,2897172,0
2787726,8696,-4472,1238,-658,-636,159,-4114,489,69,-1372,48,19381,51,33,79,16,0,0,0,0,0,0,0,-32288,0,0,0,0,0,2897187,0
2787731,8428,-4658,1426,-476,-534,82,-4000,511,49,-1361,48,19381,51,33,79,16,0,0,0,0,0,0,0,-32286,0,0,0,0,0,2897192,0
2787736,7830,-4698,1450,-299,-278,-18,-3887,492,40,-1383,8,19380,41,33,79,16,0,0,0,0,0,0,0,-32286,0,0,0,0,0,2897207,0
2787741,7650,-4970,1478,-283,-76,-16,-3781,465,12,-1413,8,19380,41,33,79,16,0,0,0,0,0,0,0,-32286,0,0,0,0,0,2897212,0
2787746,7226,-4828,1506,-227,58,-67,-3675,467,-7,-1397,-16,19380,36,33,79,16,0,0,0,0,0,0,0,-32287,0,0,0,0,0,2897227,0
2787751,7114,-5110,1300,-106,178,-85,-3569,466,-34,-1385,-8,19380,36,33,79,16,0,0,0,0,0,0,0,-32287,0,0,0,0,0,2897232,0
2787756,6356,-5036,718,20,228,-60,-3467,442,-33,-1388,-16,19384,41,33,79,16,0,0,0,0,0,0,0,-32288,0,0,0,0,0,2897247,0
2787761,6266,-5014,526,15,248,-32,-3372,415,-35,-1405,-24,19384,41,33,79,16,0,0,0,0,0,0,0,-32287,0,0,0,0,0,2897252,0
2787766,5976,-4860,322,-40,230,-21,-3277,413,-47,-1396,-24,19383,44,33,79,16,0,0,0,0,0,0,0,-32287,0,0,0,0,0,2897267,0
2787771,6036,-4930,32,13,153,-3,-3183,420,-50,-1387,8,19383,44,33,79,16,0,0,0,0,0,0,0,-32286,0,0,0,0,0,2897272,0
2787776,5998,-4726,-362,142,-112,26,-3088,417,-33,-1376,-64,19385,46,33,79,16,0,0,0,0,0,0,0,-32286,0,0,0,0,0,2897287,0
2787781,6056,-4446,-472,115,-206,62,-2995,405,-15,-1383,-24,19385,46,33,79,16,0,0,0,0,0,0,0,-32286,0,0,0,0,0,2897292,0
2787786,6262,-4152,-546,76,-316,74,-2903,402,-3,-1391,-40,19384,47,33,79,16,0,0,0,0,0,0,0,-32286,0,0,0,0,0,2897310,0
2787791,6422,-4054,-482,13,-378,129,-2809,410,-5,-1396,-24,19384,47,33,79,16,0,0,0,0,0,0,0,-32287,0,0,0,0,0,2897315,0
2787796,6954,-3822,-320,-3,-582,122,-2713,422,-6,-1384,0,19381,45,33,79,16,0,0,0,0,0,0,0,-32287,0,0,0,0,0,2897327,0
2787801,7006,-3786,-136,24,-699,153,-2609,452,21,-1374,-16,19381,45,33,79,16,0,0,0,0,0,0,0,-32287,0,0,0,0,0,2897332,0
2787806,7142,-3448,-28,5,-786,162,-2505,458,41,-1372,8,19380,46,33,79,16,0,0,0,0,0,0,0,-32287,0,0,0,0,0,2897347,0
2787811,7514,-3364,86,-8,-808,182,-2395,482,63,-1377,40,19380,46,33,79,16,0,0,0,0,0,0,0,-32286,0,0,0,0,0,2897352,0
2787816,7724,-2952,250,-22,-853,181,-2276,528,62,-1366,96,19381,45,33,79,16,0,0,0,0,0,0,0,-32286,0,0,0,0,0,2897367,0
2787821,7716,-2862,300,34,-914,185,-2148,568,90,-1338,104,19381,45,33,79,16,0,0,0,0,0,0,0,-32286,0,0,0,0,0,2897372,0
2787826,7770,-2684,282,52,-957,189,-2012,603,109,-1352,104,19382,25,33,79,16,0,0,0,0,0,0,0,-32287,0,0,0,0,0,2897387,0
2787831,7870,-2554,346,13,-971,216,-1873,617,119,-1358,112,19382,25,33,79,16,0,0,0,0,0,0,0,-32287,0,0,0,0,0,2897400,0
2787836,7976,-2298,570,-50,-877,230,-1727,641,107,-1377,120,19382,15,33,79,16,0,0,0,0,0,0,0,-32287,0,0,0,0,0,2897407,0
2787841,7876,-2368,716,-63,-792,259,-1581,641,79,-1376,112,19382,15,33,79,16,0,0,0,0,0,0,0,-32286,0,0,0,0,0,2897411,0
2787846,8006,-2474,932,-87,-697,286,-1435,646,57,-1388,128,19386,8,33,79,16,0,0,0,0,0,0,0,-32286,0,0,0,0,0,2897426,0
2787851,8100,-2468,1070,-58,-582,289,-1282,676,40,-1388,144,19386,8,33,79,16,0,0,0,0,0,0,0,-32287,0,0,0,0,0,2897431,0
2787856,7928,-2676,1016,-67,-407,367,-1129,676,36,-1371,128,19390,14,33,79,16,0,0,0,0,0,0,0,-32287,0,0,0,0,0,2897446,0
2787861,8008,-2808,854,-96,-319,395,-975,679,37,-1385,136,19390,14,33,79,16,0,0,0,0,0,0,0,-32287,0,0,0,0,0,2897451,0
2787866,7874,-2862,780,-72,-250,430,-816,696,37,-1389,136,19394,9,33,79,16,0,0,0,0,0,0,0,-32287,0,0,0,0,0,2897466,0
2787871,7594,-3148,634,-53,-188,499,-657,699,32,-1374,160,19394,9,33,79,16,0,0,0,0,0,0,0,-32286,0,0,0,0,0,2897471,0
2787876,7310,-3218,394,-17,-93,585,-499,695,23,-1390,144,19396,8,33,79,16,0,0,0,0,0,0,0,-32287,0,0,0,0,0,2897486,0
2787881,7018,-3190,354,24,-48,633,-344,686,12,-1393,104,19396,8,33,79,16,0,0,0,0,0,0,0,-32287,0,0,0,0,0,2897491,0
2787886,6866,-3170,286,0,-14,687,-192,666,-13,-1390,120,19395,12,33,79,16,0,0,0,0,0,0,0,-32287,0,0,0,0,0,2897506,0
2787891,6790,-3174,228,2,12,721,-47,646,-38,-1406,96,19395,12,33,79,16,0,0,0,0,0,0,0,-32286,0,0,0,0,0,2897511,0
2787896,6498,-3110,162,81,26,745,100,651,-46,-1398,80,19395,17,33,79,16,0,0,0,0,0,0,0,-32286,0,0,0,0,0,2897526,0
2787901,6346,-3128,126,114,40,760,246,649,-43,-1388,112,19395,17,33,79,16,0,0,0,0,0,0,0,-32286,0,0,0,0,0,2897531,0
2787906,6300,-3168,80,130,24,764,386,624,-33,-1393,88,19390,20,33,79,16,0,0,0,0,0,0,0,-32287,0,0,0,0,0,2897546,0
2787911,6156,-3020,76,118,10,761,530,623,-25,-1395,80,19390,20,33,79,16,0,0,0,0,0,0,0,-32287,0,0,0,0,0,2897551,0
2787916,5928,-3288,70,125,-23,778,667,604,-26,-1390,56,19388,17,33,79,16,0,0,0,0,0,0,0,-32286,0,0,0,0,0,2897566,0
2787921,5830,-3428,94,71,-40,798,800,577,-32,-1405,32,19388,17,33,79,16,0,0,0,0,0,0,0,-32286,0,0,0,0,0,2897571,0
2787926,5834,-3456,168,88,-44,794,925,549,-60,-1421,24,19385,26,33,79,16,0,0,0,0,0,0,0,-32286,0,0,0,0,0,2897586,0
2787931,5754,-3564,286,126,-30,791,1048,538,-70,-1408,24,19385,26,33,79,16,0,0,0,0,0,0,0,-32287,0,0,0,0,0,2897591,0
2787936,5772,-3932,310,257,-141,805,1167,517,-77,-1404,16,19382,28,33,79,16,0,0,0,0,0,0,0,-32287,0,0,0,0,0,2897606,0
2787941,5872,-3830,344,322,-157,805,1280,500,-70,-1420,16,19382,28,33,79,16,0,0,0,0,0,0,0,-32287,0,0,0,0,0,2897611,0
2787946,6006,-3718,430,416,-226,758,1398,518,-51,-1396,56,19381,29,33,79,16,0,0,0,0,0,0,0,-32287,0,0,0,0,0,2897626,0
2787951,6242,-3722,444,542,-270,731,1520,537,-19,-1370,40,19381,29,33,79,16,0,0,0,0,0,0,0,-32286,0,0,0,0,0,2897631,0
2787956,6426,-3564,362,693,-387,691,1641,532,6,-1382,64,19384,31,33,79,16,0,0,0,0,0,0,0,-32286,0,0,0,0,0,2897646,0
2787961,6478,-3410,412,745,-373,660,1763,538,24,-1400,48,19384,31,33,79,16,0,0,0,0,0,0,0,-32286,0,0,0,0,0,2897651,0
2787966,6716,-3362,338,805,-371,628,1889,556,28,-1379,72,19385,33,33,79,16,0,0,0,0,0,0,0,-32287,0,0,0,0,0,2897666,0
2787971,6616,-3502,350,873,-373,630,2012,544,19,-1378,48,19385,33,33,79,16,0,0,0,0,0,0,0,-32288,0,0,0,0,0,2897671,0
2787976,6834,-3492,280,935,-332,643,2127,504,1,-1401,24,19385,23,33,79,16,0,0,0,0,0,0,0,-32287,0,0,0,0,0,2897686,0
2787981,6912,-3314,294,936,-267,640,2236,474,-36,-1425,24,19385,23,33,79,16,0,0,0,0,0,0,0,-32287,0,0,0,0,0,2897691,0
2787986,6820,-3290,294,945,-219,650,2340,449,-73,-1417,8,19384,26,33,79,16,0,0,0,0,0,0,0,-32286,0,0,0,0,0,2897705,0
2787991,6802,-3436,142,976,-181,674,2434,410,-96,-1419,-8,19384,26,33,79,16,0,0,0,0,0,0,0,-32286,0,0,0,0,0,2897710,0
2787996,7042,-3488,-180,1058,-151,644,2525,393,-101,-1406,-32,19384,31,33,79,16,0,0,0,0,0,0,0,-32287,0,0,0,0,0,2897725,0
2788001,6788,-3384,-98,1092,-165,631,2614,387,-92,-1396,-32,19384,31,33,79,16,0,0,0,0,0,0,0,-32287,0,0,0,0,0,2897730,0
2788006,7018,-3460,-230,1152,-262,592,2703,393,-69,-1396,-16,19384,46,33,79,16,0,0,0,0,0,0,0,-32287,0,0,0,0,0,2897745,0
2788011,7128,-3442,-314,1227,-296,570,2795,408,-31,-1380,-40,19384,46,33,79,16,0,0,0,0,0,0,0,-32287,0,0,0,0,0,2897750,0
2788016,7128,-3440,-386,1264,-505,534,2882,388,-7,-1382,-32,19383,50,33,79,16,0,0,0,0,0,0,0,-32287,0,0,0,0,0,2897765,0
2788021,7502,-3482,-390,1289,-575,530,2968,374,0,-1395,-24,19383,50,33,79,16,0,0,0,0,0,0,0,-32286,0,0,0,0,0,2897770,0
2788026,7434,-3208,-140,1228,-627,506,3051,363,-16,-1399,-64,19381,43,33,79,16,0,0,0,0,0,0,0,-32287,0,0,0,0,0,2897785,0
2788031,7688,-3130,50,1191,-655,443,3119,370,-26,-1388,-40,19381,43,33,79,16,0,0,0,0,0,0,0,-32286,0,0,0,0,0,2897790,0
2788036,7920,-3214,460,1259,-650,365,3204,375,-24,-1385,-32,19379,43,33,79,16,0,0,0,0,0,0,0,-32286,0,0,0,0,0,2897805,0
2788041,8046,-3188,566,1258,-622,332,3289,376,-4,-1387,-32,19379,43,33,79,16,0,0,0,0,0,0,0,-32286,0,0,0,0,0,2897810,0
2788046,8094,-3116,672,1204,-540,303,3370,354,-5,-1393,-40,19382,43,33,79,16,0,0,0,0,0,0,0,-32287,0,0,0,0,0,2897825,0
2788051,8120,-3130,740,1168,-419,295,3446,329,-21,-1398,-56,19382,43,33,79,16,0,0,0,0,0,0,0,-32288,0,0,0,0,0,2897830,0
2788056,8036,-3134,762,1203,-235,229,3521,326,-38,-1397,-40,19382,48,33,79,16,0,0,0,0,0,0,0,-32288,0,0,0,0,0,2897845,0
2788061,7974,-3274,668,1339,-154,194,3601,357,-31,-1384,-40,19382,48,33,79,16,0,0,0,0,0,0,0,-32287,0,0,0,0,0,2897850,0
2788066,7894,-3104,468,1529,-183,110,3692,407,18,-1368,-16,19381,52,33,79,16,0,0,0,0,0,0,0,-32287,0,0,0,0,0,2897865,0
2788071,8046,-3016,208,1702,-192,64,3794,449,82,-1351,-16,19381,52,33,79,16,0,0,0,0,0,0,0,-32286,0,0,0,0,0,2897870,0
2788076,8408,-2082,-2,1787,-232,-49,3907,497,133,-1343,24,19382,49,33,79,16,0,0,0,0,0,0,0,-32286,0,0,0,0,0,2897885,0
2788081,8524,-1708,-114,1817,-301,-155,4034,565,165,-1330,64,19382,49,33,79,16,0,0,0,0,0,0,0,-32286,0,0,0,0,0,2897896,0
2788086,8744,-1698,-162,1928,-341,-243,4180,649,194,-1309,136,19383,36,33,79,16,0,0,0,0,0,0,0,-32287,0,0,0,0,0,2897905,0
2788091,8806,-1632,-196,2026,-420,-292,4336,693,210,-1340,168,19383,36,33,79,16,0,0,0,0,0,0,0,-32287,0,0,0,0,0,2897910,0
2788096,9462,-802,-194,2054,-511,-425,4502,733,210,-1369,224,19387,34,33,79,16,0,0,0,0,0,0,0,-32287,0,0,0,0,0,2897925,0
2788101,9558,-582,28,1917,-470,-441,4672,762,177,-1364,208,19387,34,33,79,16,0,0,0,0,0,0,0,-32286,0,0,0,0,0,2897930,0
2788106,9606,-438,300,1727,-423,-474,4845,751,125,-1375,224,19388,21,33,79,16,0,0,0,0,0,0,0,-32286,0,0,0,0,0,2897945,0
2788111,10046,-702,342,1625,-345,-503,5013,737,69,-1398,192,19388,21,33,79,16,0,0,0,0,0,0,0,-32287,0,0,0,0,0,2897950,0
2788116,10038,-878,646,1581,-296,-517,5181,734,20,-1388,176,19391,13,33,79,16,0,0,0,0,0,0,0,-32287,0,0,0,0,0,2897964,0
2788121,10226,-1000,714,1516,-301,-532,5344,716,-24,-1401,160,19391,13,33,79,16,0,0,0,0,0,0,0,-32287,0,0,0,0,0,2897969,0
2788126,10384,-1038,782,1411,-242,-531,5503,704,-45,-1393,152,19391,2,33,79,16,0,0,0,0,0,0,0,-32286,0,0,0,0,0,2897984,0
2788131,10334,-1482,900,1282,-227,-522,5659,679,-51,-1395,112,19391,2,33,79,16,0,0,0,0,0,0,0,-32286,0,0,0,0,0,2897989,0
2788136,10378,-2532,828,1011,-199,-510,5804,638,-71,-1400,96,19389,-2,33,79,16,0,0,0,0,0,0,0,-32287,0,0,0,0,0,2898004,0
2788141,10310,-3046,834,998,-170,-514,5943,607,-149,-1402,80,19389,-2,33,79,16,0,0,0,0,0,0,0,-32287,0,0,0,0,0,2898009,0
2788146,10170,-3718,776,1023,-135,-496,6073,563,-163,-1403,88,19389,9,33,79,16,0,0,0,0,0,0,0,-32287,0,0,0,0,0,2898024,0
2788151,9756,-4040,744,1001,-145,-477,6188,499,-159,-1452,32,19389,9,33,79,16,0,0,0,0,0,0,0,-32286,0,0,0,0,0,2898029,0
2788156,9594,-4304,564,923,-110,-491,6286,433,-126,-1466,-24,19387,29,33,79,16,0,0,0,0,0,0,0,-32286,0,0,0,0,0,2898044,0
2788161,9352,-4312,422,976,-93,-507,6375,397,-117,-1426,-40,19387,29,33,79,16,0,0,0,0,0,0,0,-32286,0,0,0,0,0,2898049,0
2788166,9120,-4426,326,1069,-134,-512,6461,369,-186,-1397,-40,19384,40,33,79,16,0,0,0,0,0,0,0,-32287,0,0,0,0,0,2898064,0
2788171,8680,-4082,274,1070,-158,-484,6532,306,-164,-1403,-56,19384,40,33,79,16,0,0,0,0,0,0,0,-32287,0,0,0,0,0,2898069,0
2788176,8414,-3386,152,888,-213,-423,6591,252,-148,-1404,-112,19383,55,33,79,16,0,0,0,0,0,0,0,-32287,0,0,0,0,0,2898084,0
2788181,8154,-2946,280,745,-285,-411,6638,189,-168,-1398,-208,19383,55,33,79,16,0,0,0,0,0,0,0,-32287,0,0,0,0,0,2898089,0
2788186,8006,-2672,462,562,-280,-386,6664,119,-199,-1376,-280,19381,76,33,79,16,0,0,0,0,0,0,0,-32287,0,0,0,0,0,2898104,0
2788191,8062,-2462,750,477,-337,-435,6685,89,-205,-1366,-360,19381,76,33,79,16,0,0,0,0,0,0,0,-32288,0,0,0,0,0,2898109,0
2788196,7830,-2582,1314,340,-373,-433,6695,39,-201,-1333,-520,19379,83,33,79,16,0,0,0,0,0,0,0,-32287,0,0,0,0,0,2898124,0
2788201,8168,-2370,1484,315,-366,-468,6691,-10,-182,-1347,-552,19379,83,33,79,16,0,0,0,0,0,0,0,-32287,0,0,0,0,0,2898129,0
2788206,8532,-2386,1622,356,-336,-515,6689,-6,-145,-1387,-528,19376,97,33,79,16,0,0,0,0,0,0,0,-32287,0,0,0,0,0,2898144,0
2788211,8436,-2518,1846,340,-394,-594,6689,0,-105,-1396,-512,19376,97,33,79,16,0,0,0,0,0,0,0,-32287,0,0,0,0,0,2898149,0
2788216,8988,-2992,1604,358,-327,-691,6689,0,-53,-1383,-544,19371,92,33,79,16,0,0,0,0,0,0,0,-32287,0,0,0,0,0,2898164,0
2788221,9138,-3246,1634,299,-393,-748,6685,-12,-13,-1375,-552,19371,92,33,79,16,0,0,0,0,0,0,0,-32287,0,0,0,0,0,2898169,0
2788226,9044,-3740,1636,161,-432,-833,6679,-25,-11,-1374,-600,19368,103,33,79,16,0,0,0,0,0,0,0,-32287,0,0,0,0,0,2898184,0
2788231,9302,-4390,1428,159,-380,-861,6670,-43,-26,-1378,-600,19368,103,33,79,16,0,0,0,0,0,0,0,-32287,0,0,0,0,0,2898189,0
2788236,8518,-5222,1636,258,-440,-925,6654,-63,-41,-1365,-688,19366,110,33,79,16,0,0,0,0,0,0,0,-32287,0,0,0,0,0,2898204,0
2788241,8126,-5652,1646,237,-412,-895,6624,-144,-73,-1332,-896,19366,110,33,79,16,0,0,0,0,0,0,0,-32287,0,0,0,0,0,2898212,0
2788246,7690,-5724,1658,119,-349,-840,6569,-250,-144,-1307,-1224,19371,117,33,79,16,0,0,0,0,0,0,0,-32288,0,0,0,0,0,2898226,0
2788251,7796,-6072,1680,15,-258,-779,6485,-381,-234,-1328,-1464,19371,117,33,79,16,0,0,0,0,0,0,0,-32287,0,0,0,0,0,2898231,0
2788256,6298,-6992,1786,-397,-58,-547,6367,-528,-345,-1356,-1848,19376,137,33,79,16,0,0,0,0,0,0,0,-32286,0,0,0,0,0,2898246,0
2788261,5956,-7610,1754,-479,82,-387,6214,-689,-433,-1418,-2216,19376,137,33,79,16,0,0,0,0,0,0,0,-32286,0,0,0,0,0,2898251,0
2788266,4838,-8026,2112,-496,122,-265,6022,-860,-495,-1388,-2600,19374,173,33,79,16,0,0,0,0,0,0,0,-32287,0,0,0,0,0,2898266,0
2788271,4372,-8640,2022,-484,149,-112,5794,-1023,-544,-1396,-2936,19374,173,33,79,16,0,0,0,0,0,0,0,-32287,0,0,0,0,0,2898271,0
2788276,3204,-8966,1742,-353,292,252,5531,-1171,-559,-1416,-3320,19361,216,33,79,16,0,0,0,0,0,0,0,-32286,0,0,0,0,0,2898286,0
2788281,2586,-8726,1880,-346,388,428,5230,-1343,-565,-1537,-3760,19361,216,33,79,16,0,0,0,0,0,0,0,-32286,0,0,0,0,0,2898291,0
2788286,2394,-9010,1798,-317,490,629,4885,-1536,-569,-1727,-4320,19340,280,33,79,16,0,0,0,0,0,0,0,-32287,0,0,0,0,0,2898306,0
2788291,1938,-8904,1754,-290,586,817,4491,-1751,-607,-1911,-4816,19340,280,33,79,16,0,0,0,0,0,0,0,-32286,0,0,0,0,0,2898311,0
2788296,1634,-8708,1688,-336,873,1264,4047,-1971,-656,-2080,-5328,19316,394,33,79,16,0,0,0,0,0,0,0,-32287,0,0,0,0,0,2898326,0
2788301,1940,-8728,1770,-345,1046,1451,3563,-2155,-705,-2231,-5656,19316,394,33,79,16,0,0,0,0,0,0,0,-32286,0,0,0,0,0,2898331,0
2788306,2100,-8670,1520,-235,1144,1607,3042,-2306,-698,-2395,-6112,19289,545,33,79,16,0,0,0,0,0,0,0,-32286,0,0,0,0,0,2898346,0
2788311,2230,-8886,1328,-194,1243,1831,2494,-2416,-639,-2518,-6440,19289,545,33,79,16,0,0,0,0,0,0,0,-32288,0,0,0,0,0,2898351,0
2788316,3156,-8136,1710,141,1288,2055,1924,-2509,-538,-2682,-6600,19252,707,33,79,16,0,0,0,0,0,0,0,-32287,0,0,0,0,0,2898366,0
2788321,3732,-7698,1234,196,1294,2172,1333,-2610,-439,-2768,-6896,19252,707,33,79,16,0,0,0,0,0,0,0,-32286,0,0,0,0,0,2898375,0
2788326,4610,-7094,740,331,1171,2204,722,-2698,-369,-2959,-7104,19213,876,33,79,16,0,0,0,0,0,0,0,-32286,0,0,0,0,0,2898386,0
2788331,5532,-6438,786,403,1125,2249,87,-2792,-338,-3046,-7096,19213,876,33,79,16,0,0,0,0,0,0,0,-32287,0,0,0,0,0,2898391,0
2788336,7202,-4936,910,261,983,2230,-559,-2850,-317,-3205,-7352,19174,1058,33,79,16,0,0,0,0,0,0,0,-32288,0,0,0,0,0,2898406,0
2788341,7848,-4184,1142,164,962,2204,-1206,-2846,-267,-3336,-7280,19174,1058,33,79,16,0,0,0,0,0,0,0,-32287,0,0,0,0,0,2898411,0
2788346,8686,-3860,1420,126,894,2117,-1844,-2794,-155,-3336,-7152,19140,1218,33,79,16,0,0,0,0,0,0,0,-32285,0,0,0,0,0,2898425,0
2788351,9530,-3386,1500,172,858,1971,-2466,-2729,-27,-3468,-7200,19140,1218,33,79,16,0,0,0,0,0,0,0,-32285,0,0,0,0,0,2898430,0
2788356,10772,-2210,2050,182,813,1671,-3074,-2661,95,-3526,-6848,19117,1321,33,79,16,0,0,0,0,0,0,0,-32287,0,0,0,0,0,2898445,0
2788361,11166,-1832,2442,215,851,1493,-3663,-2574,189,-3606,-6696,19117,1321,33,79,16,0,0,0,0,0,0,0,-32288,0,0,0,0,0,2898450,0
2788366,11500,-1470,2702,256,916,1286,-4221,-2447,256,-3673,-6248,19106,1358,33,79,16,0,0,0,0,0,0,0,-32286,0,0,0,0,0,2898465,0
2788371,11804,-1236,2836,344,972,1090,-4744,-2278,333,-3678,-5952,19106,1358,33,79,16,0,0,0,0,0,0,0,-32285,0,0,0,0,0,2898470,0
2788376,11666,-780,3002,404,1055,704,-5224,-2093,440,-3690,-5736,19110,1330,33,79,16,0,0,0,0,0,0,0,-32288,0,0,0,0,0,2898485,0
2788381,11184,-550,3002,395,1152,509,-5659,-1902,535,-3694,-5296,19110,1330,33,79,16,0,0,0,0,0,0,0,-32285,0,0,0,0,0,2898490,0
2788386,10854,-854,2674,370,1187,353,-6057,-1734,605,-3671,-4968,19129,1251,33,79,16,0,0,0,0,0,0,0,-32287,0,0,0,0,0,2898505,0
2788391,10040,-822,2248,324,1230,198,-6423,-1593,616,-3671,-4680,19129,1251,33,79,16,0,0,0,0,0,0,0,-32285,0,0,0,0,0,2898510,0
2788396,9404,-1456,1784,286,1343,25,-6763,-1490,565,-3660,-4504,19156,1145,33,79,16,0,0,0,0,0,0,0,-32288,0,0,0,0,0,2898525,0
2788401,8698,-1652,1576,200,1237,-36,-7085,-1406,489,-3658,-4208,19156,1145,33,79,16,0,0,0,0,0,0,0,-32285,0,0,0,0,0,2898530,0
2788406,8230,-1956,1388,134,1231,-98,-7390,-1341,395,-3614,-4088,19185,1030,33,79,16,0,0,0,0,0,0,0,-32288,0,0,0,0,0,2898545,0
2788411,7742,-2216,1378,50,1257,-98,-7684,-1289,314,-3588,-4112,19185,1030,33,79,16,0,0,0,0,0,0,0,-32287,0,0,0,0,0,2898550,0
2788416,6930,-2680,1006,-107,1108,-50,-7974,-1268,232,-3523,-4024,19206,919,33,79,16,0,0,0,0,0,0,0,-32286,0,0,0,0,0,2898565,0
2788421,6818,-3198,798,-188,1112,7,-8257,-1247,169,-3475,-3832,19206,919,33,79,16,0,0,0,0,0,0,0,-32287,0,0,0,0,0,2898570,0
2788426,6480,-3076,994,-170,1013,-4,-8531,-1205,126,-3415,-3720,19220,837,33,79,16,0,0,0,0,0,0,0,-32285,0,0,0,0,0,2898585,0
2788431,6238,-3404,804,-194,1048,45,-8800,-1174,103,-3363,-3648,19220,837,33,79,16,0,0,0,0,0,0,0,-32286,0,0,0,0,0,2898590,0
2788436,6122,-3368,852,-253,964,73,-9063,-1148,104,-3287,-3520,19232,776,33,79,16,0,0,0,0,0,0,0,-32288,0,0,0,0,0,2898605,0
2788441,6116,-3476,776,-248,836,79,-9315,-1098,108,-3212,-3448,19232,776,33,79,16,0,0,0,0,0,0,0,-32286,0,0,0,0,0,2898610,0
2788446,5976,-3196,790,-269,822,76,-9556,-1059,120,-3142,-3384,19245,709,33,79,16,0,0,0,0,0,0,0,-32286,0,0,0,0,0,2898625,0
2788451,5992,-3374,674,-260,689,79,-9785,-1002,144,-3069,-3176,19245,709,33,79,16,0,0,0,0,0,0,0,-32287,0,0,0,0,0,2898630,0
2788456,6166,-3302,682,-266,471,60,-9999,-935,163,-2949,-3008,19257,653,33,79,16,0,0,0,0,0,0,0,-32287,0,0,0,0,0,2898645,0
2788461,6102,-3076,756,-284,344,47,-10202,-881,186,-2865,-2848,19257,653,33,79,16,0,0,0,0,0,0,0,-32285,0,0,0,0,0,2898650,0
2788466,6248,-2990,614,-279,229,27,-10389,-816,195,-2774,-2672,19271,581,33,79,16,0,0,0,0,0,0,0,-32288,0,0,0,0,0,2898665,0
2788471,6282,-2934,756,-342,141,24,-10566,-763,201,-2697,-2504,19271,581,33,79,16,0,0,0,0,0,0,0,-32288,0,0,0,0,0,2898670,0
2788476,6814,-2848,1128,-377,-33,-62,-10721,-676,213,-2617,-2328,19284,512,33,79,16,0,0,0,0,0,0,0,-32287,0,0,0,0,0,2898685,0
2788481,6652,-2776,1184,-398,-135,-86,-10862,-606,228,-2467,-2144,19284,512,33,79,16,0,0,0,0,0,0,0,-32286,0,0,0,0,0,2898690,0
2788486,6806,-2672,1100,-446,-213,-128,-10983,-524,251,-2403,-1848,19302,442,33,79,16,0,0,0,0,0,0,0,-32286,0,0,0,0,0,2898705,0
2788491,7096,-2482,1132,-410,-315,-204,-11077,-407,276,-2260,-1536,19302,442,33,79,16,0,0,0,0,0,0,0,-32286,0,0,0,0,0,2898710,0
2788496,7062,-2730,1200,-473,-540,-243,-11151,-321,309,-2150,-1384,19322,366,33,79,16,0,0,0,0,0,0,0,-32287,0,0,0,0,0,2898724,0
2788501,6932,-2624,1302,-544,-573,-260,-11215,-266,309,-2086,-1176,19322,366,33,79,16,0,0,0,0,0,0,0,-32287,0,0,0,0,0,2898729,0
2788506,6926,-2730,1412,-514,-642,-287,-11257,-186,297,-1950,-1032,19338,290,33,79,16,0,0,0,0,0,0,0,-32287,0,0,0,0,0,2898744,0
2788511,6630,-2512,1582,-491,-624,-309,-11283,-102,271,-1863,-744,19338,290,33,79,16,0,0,0,0,0,0,0,-32287,0,0,0,0,0,2898749,0
2788516,6620,-2512,1546,-437,-665,-348,-11287,-12,268,-1769,-560,19352,214,33,79,16,0,0,0,0,0,0,0,-32287,0,0,0,0,0,2898764,0
2788521,6442,-2496,1542,-460,-659,-354,-11277,43,273,-1645,-400,19352,214,33,79,16,0,0,0,0,0,0,0,-32287,0,0,0,0,0,2898769,0
2788526,6370,-2476,1530,-477,-599,-360,-11255,100,263,-1524,-272,19359,159,33,79,16,0,0,0,0,0,0,0,-32287,0,0,0,0,0,2898784,0
2788531,6170,-2554,1604,-480,-510,-334,-11229,121,223,-1385,-192,19359,159,33,79,16,0,0,0,0,0,0,0,-32287,0,0,0,0,0,2898789,0
2788536,6046,-2490,1694,-452,-357,-333,-11195,159,167,-1285,-96,19368,116,33,79,16,0,0,0,0,0,0,0,-32287,0,0,0,0,0,2898804,0
2788541,5930,-2642,1544,-371,-284,-297,-11150,202,136,-1166,-64,19368,116,33,79,16,0,0,0,0,0,0,0,-32287,0,0,0,0,0,2898809,0
2788546,5662,-2186,1498,-328,-286,-344,-11097,239,129,-1046,-32,19373,90,33,79,16,0,0,0,0,0,0,0,-32287,0,0,0,0,0,2898824,0
2788551,6036,-2240,1208,-252,-223,-356,-11026,316,147,-931,24,19373,90,33,79,16,0,0,0,0,0,0,0,-32286,0,0,0,0,0,2898829,0
2788556,6138,-1610,674,-111,-392,-469,-10935,407,190,-823,88,19377,82,33,79,16,0,0,0,0,0,0,0,-32286,0,0,0,0,0,2898844,0
2788561,6154,-1418,290,-89,-561,-517,-10821,509,242,-713,192,19377,82,33,79,16,0,0,0,0,0,0,0,-32286,0,0,0,0,0,2898849,0
2788566,6298,-1120,64,-84,-693,-599,-10687,595,288,-614,368,19377,63,33,79,16,0,0,0,0,0,0,0,-32286,0,0,0,0,0,2898864,0
2788571,6414,-1114,-134,-107,-842,-644,-10532,684,319,-556,576,19377,63,33,79,16,0,0,0,0,0,0,0,-32286,0,0,0,0,0,2898869,0
2788576,6636,-920,-204,-162,-1095,-766,-10359,767,316,-479,824,19378,49,33,79,16,0,0,0,0,0,0,0,-32287,0,0,0,0,0,2898884,0
2788581,6596,-974,-84,-216,-1194,-780,-10173,822,298,-391,968,19378,49,33,79,16,0,0,0,0,0,0,0,-32287,0,0,0,0,0,2898889,0
2788586,6784,-958,162,-241,-1201,-819,-9972,889,267,-319,1208,19380,40,33,79,16,0,0,0,0,0,0,0,-32286,0,0,0,0,0,2898904,0
2788591,6966,-1138,392,-224,-1216,-847,-9761,930,239,-233,1312,19380,40,33,79,16,0,0,0,0,0,0,0,-32287,0,0,0,0,0,2898909,0
2788596,7262,-1182,1178,-153,-1050,-907,-9537,979,208,-170,1520,19383,56,33,79,16,0,0,0,0,0,0,0,-32286,0,0,0,0,0,2898924,0
2788601,7410,-1140,1436,-115,-871,-926,-9308,1012,180,-106,1680,19383,56,33,79,16,0,0,0,0,0,0,0,-32286,0,0,0,0,0,2898929,0
2788606,7428,-1002,1656,-156,-710,-933,-9071,1041,153,-49,1872,19383,69,33,79,16,0,0,0,0,0,0,0,-32287,0,0,0,0,0,2898944,0
2788611,7370,-1104,1654,-235,-527,-927,-8830,1061,122,12,2000,19383,69,33,79,16,0,0,0,0,0,0,0,-32286,0,0,0,0,0,2898949,0
2788616,7192,-1450,1366,-409,-246,-882,-8586,1083,97,60,2144,19380,67,33,79,16,0,0,0,0,0,0,0,-32287,0,0,0,0,0,2898963,0
2788621,6910,-1652,1378,-448,-137,-855,-8338,1097,76,119,2240,19380,67,33,79,16,0,0,0,0,0,0,0,-32287,0,0,0,0,0,2898968,0
2788626,6740,-1806,1420,-486,-55,-824,-8088,1111,57,189,2336,19376,72,33,79,16,0,0,0,0,0,0,0,-32287,0,0,0,0,0,2898983,0
2788631,6596,-1974,1420,-570,93,-750,-7833,1125,58,255,2440,19376,72,33,79,16,0,0,0,0,0,0,0,-32286,0,0,0,0,0,2898988,0
2788636,6232,-2292,1458,-796,363,-597,-7569,1159,60,308,2568,19374,86,33,79,16,0,0,0,0,0,0,0,-32287,0,0,0,0,0,2899003,0
2788641,5942,-2308,1646,-842,501,-552,-7298,1198,81,379,2704,19374,86,33,79,16,0,0,0,0,0,0,0,-32286,0,0,0,0,0,2899008,0
2788646,5956,-2598,1704,-803,607,-498,-7012,1262,112,439,2872,19371,107,33,79,16,0,0,0,0,0,0,0,-32287,0,0,0,0,0,2899023,0
2788651,5920,-2500,1566,-716,656,-493,-6714,1325,142,502,3144,19371,107,33,79,16,0,0,0,0,0,0,0,-32287,0,0,0,0,0,2899028,0
2788656,5962,-1850,926,-525,566,-532,-6400,1387,186,560,3312,19366,128,33,79,16,0,0,0,0,0,0,0,-32287,0,0,0,0,0,2899043,0
2788661,6004,-1816,658,-649,527,-522,-6066,1477,220,628,3600,19366,128,33,79,16,0,0,0,0,0,0,0,-32287,0,0,0,0,0,2899048,0
2788666,6412,-872,314,-652,342,-635,-5712,1570,250,708,3792,19361,155,33,79,16,0,0,0,0,0,0,0,-32287,0,0,0,0,0,2899063,0
2788671,6614,-1168,212,-847,323,-609,-5331,1681,291,768,4072,19361,155,33,79,16,0,0,0,0,0,0,0,-32287,0,0,0,0,0,2899068,0
2788676,6246,-1696,362,-1163,160,-632,-4921,1820,331,817,4448,19352,189,33,79,16,0,0,0,0,0,0,0,-32287,0,0,0,0,0,2899083,0
2788681,6514,-1866,584,-1056,34,-702,-4476,1972,398,901,4752,19352,189,33,79,16,0,0,0,0,0,0,0,-32287,0,0,0,0,0,2899088,0
2788686,8900,2528,898,674,-1624,-2187,-4010,2052,441,1029,4744,19342,242,33,79,16,0,0,0,0,0,0,0,-32286,0,0,0,0,0,2899103,0
2788691,10860,-5086,-2874,2279,-1596,-1393,-3542,2066,394,1036,4808,19342,242,33,79,16,0,0,0,0,0,0,0,-32287,0,0,0,0,0,2899108,0
2788696,12590,-1304,-798,1395,-2767,-2166,-3077,2037,287,1079,4672,19334,287,33,79,16,0,0,0,0,0,0,0,-32286,0,0,0,0,0,2899123,0
2788701,10290,1292,634,892,-2212,-2105,-2635,1926,99,1160,4336,19334,287,33,79,16,0,0,0,0,0,0,0,-32287,0,0,0,0,0,2899128,0
2788706,9982,1134,2144,-20,-2022,-2149,-2229,1768,-119,1211,4008,19328,325,33,79,16,0,0,0,0,0,0,0,-32287,0,0,0,0,0,2899143,0
2788711,11054,-500,2148,-462,-1485,-2204,-1865,1573,-315,1269,3632,19328,325,33,79,16,0,0,0,0,0,0,0,-32286,0,0,0,0,0,2899148,0
2788716,9714,-2802,3112,-803,-571,-2048,-1547,1379,-488,1319,3176,19325,341,33,79,16,0,0,0,0,0,0,0,-32287,0,0,0,0,0,2899163,0
2788721,9428,-3786,2924,-839,-212,-1887,-1276,1173,-616,1381,2768,19325,341,33,79,16,0,0,0,0,0,0,0,-32287,0,0,0,0,0,2899167,0
2788726,8836,-4218,2768,-915,88,-1666,-1054,956,-677,1417,2256,19326,329,33,79,16,0,0,0,0,0,0,0,-32286,0,0,0,0,0,2899182,0
2788731,8298,-4230,2608,-1046,288,-1480,-875,764,-710,1466,1960,19326,329,33,79,16,0,0,0,0,0,0,0,-32286,0,0,0,0,0,2899187,0
2788736,7792,-4624,2090,-1133,587,-1082,-739,585,-702,1543,1560,19332,299,33,79,16,0,0,0,0,0,0,0,-32287,0,0,0,0,0,2899202,0
2788741,7622,-4452,1852,-1175,683,-898,-645,395,-689,1554,1192,19332,299,33,79,16,0,0,0,0,0,0,0,-32287,0,0,0,0,0,2899207,0
2788746,7546,-4202,1718,-1218,801,-730,-589,239,-663,1606,1040,19342,251,33,79,16,0,0,0,0,0,0,0,-32287,0,0,0,0,0,2899222,0
2788751,7692,-3816,1550,-1177,850,-631,-553,141,-603,1695,824,19342,251,33,79,16,0,0,0,0,0,0,0,-32287,0,0,0,0,0,2899227,0
2788756,8090,-2848,1240,-1156,906,-473,-537,70,-509,1780,744,19352,207,33,79,16,0,0,0,0,0,0,0,-32286,0,0,0,0,0,2899242,0
2788761,8480,-2466,1052,-1146,948,-423,-530,30,-389,1804,672,19352,207,33,79,16,0,0,0,0,0,0,0,-32286,0,0,0,0,0,2899247,0
2788766,8628,-1938,1008,-1188,957,-391,-526,16,-270,1834,656,19359,167,33,79,16,0,0,0,0,0,0,0,-32286,0,0,0,0,0,2899262,0
2788771,8810,-1504,976,-1278,979,-375,-524,16,-167,1861,672,19359,167,33,79,16,0,0,0,0,0,0,0,-32286,0,0,0,0,0,2899267,0
2788776,9100,-1004,854,-1457,1051,-329,-520,22,-84,1876,728,19360,147,33,79,16,0,0,0,0,0,0,0,-32286,0,0,0,0,0,2899282,0
2788781,9180,-752,922,-1469,1015,-361,-511,45,-17,1910,800,19360,147,33,79,16,0,0,0,0,0,0,0,-32286,0,0,0,0,0,2899287,0
2788786,9388,-592,810,-1481,1003,-369,-493,81,32,1945,904,19362,136,33,79,16,0,0,0,0,0,0,0,-32286,0,0,0,0,0,2899302,0
2788791,9486,-204,868,-1531,987,-396,-461,155,80,1931,1224,19362,136,33,79,16,0,0,0,0,0,0,0,-32286,0,0,0,0,0,2899307,0
2788796,10030,-206,1000,-1558,917,-492,-401,275,163,1966,1448,19359,154,33,79,16,0,0,0,0,0,0,0,-32286,0,0,0,0,0,2899322,0
2788801,10622,-498,1166,-1533,789,-564,-314,402,252,2034,1792,19359,154,33,79,16,0,0,0,0,0,0,0,-32286,0,0,0,0,0,2899327,0
2788806,11438,-528,1514,-1493,693,-686,-193,546,352,2057,2240,19357,186,33,79,16,0,0,0,0,0,0,0,-32285,0,0,0,0,0,2899342,0
2788811,12454,-872,1866,-1482,672,-758,-29,736,449,2120,2632,19357,186,33,79,16,0,0,0,0,0,0,0,-32286,0,0,0,0,0,2899347,0
2788816,14016,-1612,2540,-1604,711,-941,178,932,535,2177,3072,19344,248,33,79,16,0,0,0,0,0,0,0,-32287,0,0,0,0,0,2899362,0
2788821,14684,-2368,2330,-1627,642,-1038,426,1115,594,2183,3432,19344,248,33,79,16,0,0,0,0,0,0,0,-32286,0,0,0,0,0,2899367,0
2788826,15190,-3132,2060,-1604,570,-1148,712,1283,629,2215,3896,19327,339,33,79,16,0,0,0,0,0,0,0,-32286,0,0,0,0,0,2899381,0
2788831,15414,-3846,1996,-1568,537,-1241,1038,1446,632,2221,4120,19327,339,33,79,16,0,0,0,0,0,0,0,-32287,0,0,0,0,0,2899386,0
2788836,15016,-4976,1716,-1213,474,-1533,1394,1576,598,2254,4448,19307,418,33,79,16,0,0,0,0,0,0,0,-32285,0,0,0,0,0,2899401,0
2788841,14418,-5398,1704,-1006,553,-1653,1772,1679,542,2278,4672,19307,418,33,79,16,0,0,0,0,0,0,0,-32288,0,0,0,0,0,2899406,0
2788846,13308,-5592,1744,-891,625,-1800,2173,1766,464,2304,4800,19289,515,33,79,16,0,0,0,0,0,0,0,-32285,0,0,0,0,0,2899421,0
2788851,12428,-6000,1776,-733,707,-1943,2588,1828,382,2316,4912,19289,515,33,79,16,0,0,0,0,0,0,0,-32287,0,0,0,0,0,2899426,0
2788856,10356,-7524,1674,-284,612,-2151,3011,1862,304,2323,4984,19275,582,33,79,16,0,0,0,0,0,0,0,-32286,0,0,0,0,0,2899441,0
2788861,9690,-8098,1580,11,570,-2240,3433,1856,209,2334,4856,19275,582,33,79,16,0,0,0,0,0,0,0,-32287,0,0,0,0,0,2899446,0
2788866,8758,-8126,1818,36,620,-2270,3843,1803,105,2353,4576,19262,635,33,79,16,0,0,0,0,0,0,0,-32286,0,0,0,0,0,2899461,0
2788871,7874,-8856,2176,26,747,-2201,4232,1699,-28,2343,4312,19262,635,33,79,16,0,0,0,0,0,0,0,-32287,0,0,0,0,0,2899466,0
2788876,5882,-10966,2290,178,863,-1926,4594,1576,-165,2321,4096,19259,644,33,79,16,0,0,0,0,0,0,0,-32286,0,0,0,0,0,2899481,0
2788881,5268,-11596,1994,574,852,-1739,4922,1430,-301,2308,3632,19259,644,33,79,16,0,0,0,0,0,0,0,-32287,0,0,0,0,0,2899486,0
2788886,4102,-11040,1860,752,769,-1527,5211,1257,-417,2290,3272,19265,613,33,79,16,0,0,0,0,0,0,0,-32286,0,0,0,0,0,2899501,0
2788891,3992,-10610,1036,797,716,-1313,5459,1071,-512,2270,2848,19265,613,33,79,16,0,0,0,0,0,0,0,-32287,0,0,0,0,0,2899506,0
2788896,2132,-8754,-528,419,731,-870,5666,893,-573,2239,2544,19282,547,33,79,16,0,0,0,0,0,0,0,-32287,0,0,0,0,0,2899520,0
2788901,1264,-8478,-1108,298,663,-658,5832,717,-610,2232,2104,19282,547,33,79,16,0,0,0,0,0,0,0,-32286,0,0,0,0,0,2899525,0
2788906,562,-8070,-1438,260,519,-464,5965,565,-615,2188,1744,19303,457,33,79,16,0,0,0,0,0,0,0,-32286,0,0,0,0,0,2899540,0
2788911,276,-7468,-1662,207,359,-286,6065,424,-587,2136,1520,19303,457,33,79,16,0,0,0,0,0,0,0,-32286,0,0,0,0,0,2899545,0
2788916,458,-6632,-1700,-81,213,12,6140,320,-534,2123,1328,19320,364,33,79,16,0,0,0,0,0,0,0,-32287,0,0,0,0,0,2899560,0
2788921,444,-6320,-1356,-130,155,128,6192,221,-478,2107,1144,19320,364,33,79,16,0,0,0,0,0,0,0,-32287,0,0,0,0,0,2899565,0
2788926,824,-5976,-1108,-126,50,203,6233,176,-398,2087,1032,19334,278,33,79,16,0,0,0,0,0,0,0,-32287,0,0,0,0,0,2899580,0
2788931,1614,-5594,-748,-12,-65,225,6260,118,-313,2047,872,19334,278,33,79,16,0,0,0,0,0,0,0,-32287,0,0,0,0,0,2899585,0
2788936,2320,-4158,-404,-265,-52,345,6278,73,-242,1975,864,19344,224,33,79,16,0,0,0,0,0,0,0,-32288,0,0,0,0,0,2899600,0
2788941,2704,-4024,-374,-392,-35,413,6294,70,-180,1911,832,19344,224,33,79,16,0,0,0,0,0,0,0,-32287,0,0,0,0,0,2899605,0
2788946,2810,-4000,-336,-473,-115,503,6307,50,-125,1877,752,19353,181,33,79,16,0,0,0,0,0,0,0,-32288,0,0,0,0,0,2899620,0
2788951,3064,-4066,-212,-524,-235,575,6311,18,-92,1838,680,19353,181,33,79,16,0,0,0,0,0,0,0,-32288,0,0,0,0,0,2899625,0
2788956,4014,-4120,218,-522,-498,732,6311,-11,-74,1773,616,19358,152,33,79,16,0,0,0,0,0,0,0,-32287,0,0,0,0,0,2899640,0
2788961,4532,-4268,562,-464,-614,791,6313,6,-70,1698,584,19358,152,33,79,16,0,0,0,0,0,0,0,-32288,0,0,0,0,0,2899645,0
2788966,5150,-4368,868,-392,-726,856,6312,-1,-55,1638,592,19362,131,33,79,16,0,0,0,0,0,0,0,-32287,0,0,0,0,0,2899660,0
2788971,5814,-4328,1248,-288,-827,897,6313,5,-23,1572,560,19362,131,33,79,16,0,0,0,0,0,0,0,-32287,0,0,0,0,0,2899665,0
2788976,7010,-3988,1686,-157,-896,954,6312,-1,-11,1518,520,19364,124,33,79,16,0,0,0,0,0,0,0,-32287,0,0,0,0,0,2899680,0
2788981,7630,-3828,1674,-120,-876,954,6313,0,2,1448,496,19364,124,33,79,16,0,0,0,0,0,0,0,-32287,0,0,0,0,0,2899685,0
2788986,7918,-3662,1556,-58,-863,937,6313,0,-2,1381,464,19367,118,33,79,16,0,0,0,0,0,0,0,-32287,0,0,0,0,0,2899699,0
2788991,8236,-3352,1288,-53,-836,920,6314,0,-1,1316,416,19367,118,33,79,16,0,0,0,0,0,0,0,-32287,0,0,0,0,0,2899704,0
2788996,8228,-3004,548,-133,-752,880,6313,2,1,1247,392,19370,113,33,79,16,0,0,0,0,0,0,0,-32287,0,0,0,0,0,2899719,0
2789001,8272,-2876,128,-184,-731,843,6314,7,-5,1172,352,19370,113,33,79,16,0,0,0,0,0,0,0,-32287,0,0,0,0,0,2899724,0
2789006,8164,-2782,-122,-216,-721,783,6314,7,0,1111,312,19373,99,33,79,16,0,0,0,0,0,0,0,-32287,0,0,0,0,0,2899739,0
2789011,8086,-2796,-340,-240,-705,720,6313,2,-2,1030,288,19373,99,33,79,16,0,0,0,0,0,0,0,-32286,0,0,0,0,0,2899744,0
2789016,7928,-2602,-622,-205,-738,577,6312,7,3,960,272,19372,85,33,79,16,0,0,0,0,0,0,0,-32287,0,0,0,0,0,2899758,0
2789021,7830,-2464,-626,-239,-713,514,6312,2,-3,878,240,19372,85,33,79,16,0,0,0,0,0,0,0,-32287,0,0,0,0,0,2899763,0
2789026,7722,-2462,-584,-336,-707,457,6312,0,-5,813,216,19372,86,33,79,16,0,0,0,0,0,0,0,-32287,0,0,0,0,0,2899778,0
2789031,7756,-2636,-540,-407,-683,410,6312,0,0,740,184,19372,86,33,79,16,0,0,0,0,0,0,0,-32287,0,0,0,0,0,2899783,0
2789036,7428,-3082,-304,-447,-708,338,6311,-7,0,667,168,19374,88,33,79,16,0,0,0,0,0,0,0,-32287,0,0,0,0,0,2899798,0
2789041,7420,-3254,-244,-406,-743,301,6311,-6,-4,594,144,19374,88,33,79,16,0,0,0,0,0,0,0,-32287,0,0,0,0,0,2899803,0
2789046,7358,-3386,-76,-391,-743,269,6310,-7,-4,517,120,19374,88,33,79,16,0,0,0,0,0,0,0,-32287,0,0,0,0,0,2899818,0
2789051,7400,-3452,14,-355,-730,264,6309,-6,-5,450,96,19374,88,33,79,16,0,0,0,0,0,0,0,-32287,0,0,0,0,0,2899823,0
2789056,7308,-3588,400,-299,-673,267,6308,-3,-5,379,72,19376,78,33,79,16,0,0,0,0,0,0,0,-32287,0,0,0,0,0,2899838,0
2789061,7298,-3600,530,-233,-578,277,6308,-3,2,306,56,19376,78,33,79,16,0,0,0,0,0,0,0,-32287,0,0,0,0,0,2899843,0
2789066,7302,-3630,618,-163,-508,297,6307,-2,5,234,32,19376,74,33,79,16,0,0,0,0,0,0,0,-32287,0,0,0,0,0,2899858,0
2789071,7270,-3646,712,-106,-465,325,6306,-7,-2,167,16,19376,74,33,79,16,0,0,0,0,0,0,0,-32287,0,0,0,0,0,2899863,0
2789076,7242,-3508,708,-1,-380,395,6303,-5,-5,96,8,19377,75,33,79,16,0,0,0,0,0,0,0,-32287,0,0,0,0,0,2899878,0
2789081,7258,-3220,792,81,-375,392,6302,-2,-3,31,-16,19377,75,33,79,16,0,0,0,0,0,0,0,-32287,0,0,0,0,0,2899883,0
2789086,7414,-3026,836,230,-386,357,6299,-6,-2,-30,-32,19378,74,33,79,16,0,0,0,0,0,0,0,-32287,0,0,0,0,0,2899898,0
2789091,7586,-2802,776,418,-389,326,6293,-23,-6,-98,-56,19378,74,33,79,16,0,0,0,0,0,0,0,-32287,0,0,0,0,0,2899903,0
2789096,7732,-2308,756,678,-367,208,6288,-26,-14,-167,-88,19378,69,33,79,16,0,0,0,0,0,0,0,-32287,0,0,0,0,0,2899918,0
2789101,7758,-2116,652,669,-356,188,6280,-30,-16,-232,-112,19378,69,33,79,16,0,0,0,0,0,0,0,-32287,0,0,0,0,0,2899923,0
2789106,7756,-2022,524,576,-322,190,6270,-40,-29,-302,-160,19377,63,33,79,16,0,0,0,0,0,0,0,-32287,0,0,0,0,0,2899938,0
2789111,7744,-2098,438,466,-295,215,6251,-81,-36,-359,-296,19377,63,33,79,16,0,0,0,0,0,0,0,-32287,0,0,0,0,0,2899943,0
2789116,7572,-2244,396,363,-290,225,6215,-158,-88,-400,-504,19375,64,33,79,16,0,0,0,0,0,0,0,-32287,0,0,0,0,0,2899958,0
2789121,7612,-2512,332,379,-284,282,6161,-240,-157,-454,-808,19375,64,33,79,16,0,0,0,0,0,0,0,-32286,0,0,0,0,0,2899962,0
2789126,7422,-2330,580,371,-282,298,6083,-360,-238,-534,-1120,19373,75,33,79,16,0,0,0,0,0,0,0,-32287,0,0,0,0,0,2899977,0
2789131,7292,-2274,398,324,-235,365,5975,-487,-316,-630,-1496,19373,75,33,79,16,0,0,0,0,0,0,0,-32287,0,0,0,0,0,2899982,0
2789136,6248,-2162,88,-445,-136,653,5833,-634,-394,-777,-1856,19371,93,33,79,16,0,0,0,0,0,0,0,-32287,0,0,0,0,0,2899997,0
2789141,6478,-2508,-110,-527,-28,732,5658,-786,-366,-892,-2536,19371,93,33,79,16,0,0,0,0,0,0,0,-32287,0,0,0,0,0,2900002,0
2789146,5950,-3094,-252,-464,-63,834,5425,-1050,-428,-1258,-3256,19367,121,33,79,16,0,0,0,0,0,0,0,-32286,0,0,0,0,0,2900017,0
2789151,5426,-3246,-246,-195,-302,859,5121,-1372,-593,-1478,-3920,19367,121,33,79,16,0,0,0,0,0,0,0,-32287,0,0,0,0,0,2900022,0
2789156,2110,-898,310,-3731,312,2156,4759,-1607,-787,-1691,-4336,19351,206,33,79,16,0,0,0,0,0,0,0,-32287,0,0,0,0,0,2900037,0
2789161,9406,-6170,1352,-4303,2065,3084,4357,-1789,-935,-1806,-4624,19351,206,33,79,16,0,0,0,0,0,0,0,-32287,0,0,0,0,0,2900041,0
2789166,366,-5428,4348,-4597,2544,3322,3936,-1857,-817,-1965,-4688,19325,337,33,79,16,0,0,0,0,0,0,0,-32287,0,0,0,0,0,2900056,0
2789171,2536,-10370,3266,-3346,1861,3374,3518,-1829,-585,-2070,-4640,19325,337,33,79,16,0,0,0,0,0,0,0,-32287,0,0,0,0,0,2900061,0
2789176,3506,-8180,1934,15,1553,3381,3118,-1755,-289,-2178,-4496,19298,476,33,79,16,0,0,0,0,0,0,0,-32286,0,0,0,0,0,2900076,0
2789181,4716,-5272,1010,187,1406,3293,2740,-1644,-16,-2304,-4272,19298,476,33,79,16,0,0,0,0,0,0,0,-32287,0,0,0,0,0,2900081,0
2789186,6152,-3220,228,-302,1517,3238,2392,-1512,203,-2389,-4040,19281,578,33,79,16,0,0,0,0,0,0,0,-32287,0,0,0,0,0,2900096,0
2789191,6328,-2378,-228,-805,1220,3082,2070,-1397,324,-2498,-3936,19281,578,33,79,16,0,0,0,0,0,0,0,-32287,0,0,0,0,0,2900101,0
2789196,8076,-3166,-648,-480,641,2651,1771,-1307,388,-2608,-3768,19275,600,33,79,16,0,0,0,0,0,0,0,-32288,0,0,0,0,0,2900116,0
2789201,8594,-3050,-278,-203,452,2434,1496,-1209,393,-2728,-3512,19275,600,33,79,16,0,0,0,0,0,0,0,-32285,0,0,0,0,0,2900121,0
2789206,8708,-2502,174,-66,386,2187,1244,-1097,379,-2847,-3280,19273,602,33,79,16,0,0,0,0,0,0,0,-32287,0,0,0,0,0,2900136,0
2789211,9044,-2448,560,54,382,2002,1020,-977,369,-2978,-3144,19273,602,33,79,16,0,0,0,0,0,0,0,-32288,0,0,0,0,0,2900141,0
2789216,9446,-2092,564,466,242,1535,825,-844,380,-3038,-2728,19274,600,33,79,16,0,0,0,0,0,0,0,-32286,0,0,0,0,0,2900156,0
2789221,9524,-1802,448,685,181,1334,662,-712,414,-3137,-2528,19274,600,33,79,16,0,0,0,0,0,0,0,-32286,0,0,0,0,0,2900161,0
2789226,9482,-1548,350,783,156,1170,525,-587,440,-3192,-2336,19279,569,33,79,16,0,0,0,0,0,0,0,-32287,0,0,0,0,0,2900176,0
2789231,9516,-1282,242,736,149,1046,410,-484,434,-3309,-2032,19279,569,33,79,16,0,0,0,0,0,0,0,-32288,0,0,0,0,0,2900181,0
2789236,9314,-1142,-148,808,-47,743,323,-362,415,-3355,-1912,19288,531,33,79,16,0,0,0,0,0,0,0,-32288,0,0,0,0,0,2900196,0
2789241,9260,-1454,-384,801,-131,671,258,-271,397,-3428,-1760,19288,531,33,79,16,0,0,0,0,0,0,0,-32287,0,0,0,0,0,2900204,0
2789246,8922,-1244,-408,778,-249,563,212,-203,374,-3472,-1768,19298,463,33,79,16,0,0,0,0,0,0,0,-32287,0,0,0,0,0,2900219,0
2789251,8958,-1768,-524,668,-233,556,173,-174,319,-3555,-1624,19298,463,33,79,16,0,0,0,0,0,0,0,-32286,0,0,0,0,0,2900224,0
2789256,8224,-2352,-96,596,-330,495,146,-122,261,-3624,-1536,19306,413,33,79,16,0,0,0,0,0,0,0,-32286,0,0,0,0,0,2900238,0
2789261,7840,-2486,98,629,-393,458,127,-78,189,-3664,-1440,19306,413,33,79,16,0,0,0,0,0,0,0,-32286,0,0,0,0,0,2900243,0
2789266,7826,-2716,100,750,-428,433,122,-16,166,-3701,-1328,19312,381,33,79,16,0,0,0,0,0,0,0,-32286,0,0,0,0,0,2900258,0
2789271,7398,-2940,262,785,-463,450,126,14,163,-3702,-1352,19312,381,33,79,16,0,0,0,0,0,0,0,-32286,0,0,0,0,0,2900263,0
2789276,7170,-3198,424,678,-422,517,126,2,139,-3682,-1368,19318,359,33,79,16,0,0,0,0,0,0,0,-32286,0,0,0,0,0,2900278,0
2789281,7084,-3418,676,696,-361,558,126,4,94,-3692,-1384,19318,359,33,79,16,0,0,0,0,0,0,0,-32286,0,0,0,0,0,2900283,0
2789286,6784,-3666,898,727,-361,582,125,1,41,-3700,-1368,19322,338,33,79,16,0,0,0,0,0,0,0,-32286,0,0,0,0,0,2900298,0
2789291,6902,-3812,894,790,-307,623,126,-1,-1,-3703,-1336,19322,338,33,79,16,0,0,0,0,0,0,0,-32286,0,0,0,0,0,2900303,0
2789296,6770,-3670,1028,891,-233,682,127,0,-5,-3684,-1344,19325,332,33,79,16,0,0,0,0,0,0,0,-32286,0,0,0,0,0,2900318,0
2789301,6992,-3644,848,907,-182,714,128,10,5,-3663,-1320,19325,332,33,79,16,0,0,0,0,0,0,0,-32286,0,0,0,0,0,2900323,0
2789306,6908,-3398,820,909,-158,743,129,5,5,-3649,-1312,19325,330,33,79,16,0,0,0,0,0,0,0,-32286,0,0,0,0,0,2900338,0
2789311,7044,-3314,696,916,-137,753,130,8,3,-3620,-1312,19325,330,33,79,16,0,0,0,0,0,0,0,-32286,0,0,0,0,0,2900343,0
2789316,7224,-3114,488,908,-125,791,132,9,5,-3590,-1272,19326,339,33,79,16,0,0,0,0,0,0,0,-32286,0,0,0,0,0,2900358,0
2789321,7306,-2990,424,887,-101,808,136,14,6,-3562,-1256,19326,339,33,79,16,0,0,0,0,0,0,0,-32286,0,0,0,0,0,2900363,0
2789326,7360,-2942,466,860,-102,798,138,12,6,-3521,-1216,19328,342,33,79,16,0,0,0,0,0,0,0,-32286,0,0,0,0,0,2900378,0
2789331,7558,-3042,418,830,-54,809,142,19,11,-3478,-1216,19328,342,33,79,16,0,0,0,0,0,0,0,-32286,0,0,0,0,0,2900383,0
2789336,7748,-3148,472,857,53,803,148,29,6,-3429,-1184,19332,328,33,79,16,0,0,0,0,0,0,0,-32286,0,0,0,0,0,2900398,0
2789341,7836,-3138,514,856,104,774,157,45,20,-3384,-1128,19332,328,33,79,16,0,0,0,0,0,0,0,-32286,0,0,0,0,0,2900403,0
2789346,8020,-3216,496,894,164,726,172,74,36,-3345,-1024,19332,297,33,79,16,0,0,0,0,0,0,0,-32286,0,0,0,0,0,2900418,0
2789351,7890,-3306,356,1029,186,636,204,144,69,-3329,-832,19332,297,33,79,16,0,0,0,0,0,0,0,-32286,0,0,0,0,0,2900423,0
2789356,7972,-3450,196,1295,131,487,248,204,125,-3258,-608,19336,268,33,79,16,0,0,0,0,0,0,0,-32287,0,0,0,0,0,2900438,0
2789361,8282,-3290,-124,1391,19,394,312,288,182,-3194,-400,19336,268,33,79,16,0,0,0,0,0,0,0,-32288,0,0,0,0,0,2900443,0
2789366,8082,-3068,-340,1455,-124,282,399,391,236,-3113,-152,19344,231,33,79,16,0,0,0,0,0,0,0,-32288,0,0,0,0,0,2900457,0
2789371,8000,-3090,-624,1544,-336,136,517,529,300,-2977,-64,19344,231,33,79,16,0,0,0,0,0,0,0,-32288,0,0,0,0,0,2900462,0
2789376,7912,-3298,-1314,1774,-873,-64,663,657,355,-2830,-8,19358,172,33,79,16,0,0,0,0,0,0,0,-32287,0,0,0,0,0,2900477,0
2789381,7864,-3242,-1484,1770,-1122,-121,829,735,393,-2776,24,19358,172,33,79,16,0,0,0,0,0,0,0,-32286,0,0,0,0,0,2900482,0
2789386,7760,-2926,-1400,1759,-1372,-220,1009,803,379,-2735,64,19373,91,33,79,16,0,0,0,0,0,0,0,-32286,0,0,0,0,0,2900497,0
2789391,7982,-3088,-1400,1783,-1523,-259,1202,850,327,-2672,104,19373,91,33,79,16,0,0,0,0,0,0,0,-32287,0,0,0,0,0,2900502,0
2789396,8092,-2920,-872,1872,-1861,-397,1406,901,251,-2608,200,19386,17,33,79,16,0,0,0,0,0,0,0,-32287,0,0,0,0,0,2900517,0
2789401,8130,-2936,-688,1923,-1925,-411,1618,939,198,-2534,280,19386,17,33,79,16,0,0,0,0,0,0,0,-32286,0,0,0,0,0,2900522,0
2789406,8114,-2704,-314,1938,-2010,-485,1838,969,165,-2483,328,19394,-30,33,79,16,0,0,0,0,0,0,0,-32287,0,0,0,0,0,2900537,0
2789411,8484,-2570,-106,1969,-1991,-498,2062,991,137,-2382,384,19394,-30,33,79,16,0,0,0,0,0,0,0,-32288,0,0,0,0,0,2900542,0
2789416,8494,-2412,494,1930,-1900,-517,2286,977,102,-2302,416,19401,-46,33,79,16,0,0,0,0,0,0,0,-32287,0,0,0,0,0,2900557,0
2789421,8696,-2450,750,1965,-1770,-524,2506,972,59,-2222,432,19401,-46,33,79,16,0,0,0,0,0,0,0,-32286,0,0,0,0,0,2900562,0
2789426,8712,-2418,1174,2001,-1672,-525,2725,961,11,-2154,424,19403,-61,33,79,16,0,0,0,0,0,0,0,-32287,0,0,0,0,0,2900577,0
2789431,8880,-2242,1372,2085,-1564,-543,2948,972,-8,-2047,472,19403,-61,33,79,16,0,0,0,0,0,0,0,-32287,0,0,0,0,0,2900582,0
2789436,8998,-2088,1244,2181,-1247,-555,3170,975,-6,-1961,552,19405,-63,33,79,16,0,0,0,0,0,0,0,-32286,0,0,0,0,0,2900597,0
2789441,9020,-1966,1328,2172,-1107,-537,3395,984,12,-1879,536,19405,-63,33,79,16,0,0,0,0,0,0,0,-32287,0,0,0,0,0,2900602,0
2789446,9034,-1874,1566,2098,-969,-544,3612,962,4,-1780,536,19404,-74,33,79,16,0,0,0,0,0,0,0,-32288,0,0,0,0,0,2900617,0
2789451,9190,-1784,1346,2102,-857,-586,3830,956,-6,-1687,544,19404,-74,33,79,16,0,0,0,0,0,0,0,-32287,0,0,0,0,0,2900622,0
2789456,9196,-2040,1006,2086,-663,-656,4048,951,-20,-1614,600,19403,-67,33,79,16,0,0,0,0,0,0,0,-32286,0,0,0,0,0,2900637,0
2789461,9582,-2346,854,2150,-529,-696,4269,972,-10,-1530,656,19403,-67,33,79,16,0,0,0,0,0,0,0,-32287,0,0,0,0,0,2900642,0
2789466,9312,-2488,536,2143,-447,-726,4493,984,7,-1428,752,19399,-57,33,79,16,0,0,0,0,0,0,0,-32288,0,0,0,0,0,2900657,0
2789471,9512,-2564,202,2154,-446,-765,4720,1001,29,-1339,800,19399,-57,33,79,16,0,0,0,0,0,0,0,-32287,0,0,0,0,0,2900662,0
2789476,9554,-3146,-190,2142,-568,-858,4949,1007,38,-1267,864,19399,-34,33,79,16,0,0,0,0,0,0,0,-32287,0,0,0,0,0,2900677,0
2789481,9806,-3368,-462,2186,-649,-873,5180,1017,46,-1171,920,19399,-34,33,79,16,0,0,0,0,0,0,0,-32287,0,0,0,0,0,2900682,0
2789486,9436,-3282,-482,2169,-851,-905,5414,1033,41,-1095,992,19398,-25,33,79,16,0,0,0,0,0,0,0,-32286,0,0,0,0,0,2900696,0
2789491,9634,-3232,-634,2136,-1043,-943,5652,1045,42,-999,1072,19398,-25,33,79,16,0,0,0,0,0,0,0,-32287,0,0,0,0,0,2900701,0
2789496,9446,-2954,-672,1956,-1391,-927,5888,1041,39,-914,1072,19397,-36,33,79,16,0,0,0,0,0,0,0,-32288,0,0,0,0,0,2900716,0
2789501,9646,-2894,-566,1890,-1508,-912,6125,1027,28,-827,1056,19397,-36,33,79,16,0,0,0,0,0,0,0,-32287,0,0,0,0,0,2900721,0
2789506,9726,-2656,-98,1840,-1565,-917,6353,1002,-3,-759,1024,19394,-31,33,79,16,0,0,0,0,0,0,0,-32286,0,0,0,0,0,2900736,0
2789511,9706,-2250,460,1775,-1613,-925,6576,973,-33,-681,960,19394,-31,33,79,16,0,0,0,0,0,0,0,-32287,0,0,0,0,0,2900741,0
2789516,9710,-1568,1180,1563,-1460,-903,6788,921,-79,-598,920,19390,-7,33,79,16,0,0,0,0,0,0,0,-32287,0,0,0,0,0,2900756,0
2789521,9734,-1258,1602,1402,-1278,-909,6988,874,-115,-535,800,19390,-7,33,79,16,0,0,0,0,0,0,0,-32286,0,0,0,0,0,2900761,0
2789526,9664,-1152,1680,1139,-1039,-886,7172,804,-153,-457,704,19394,23,33,79,16,0,0,0,0,0,0,0,-32286,0,0,0,0,0,2900776,0
2789531,9414,-1116,1808,864,-877,-886,7339,735,-190,-399,600,19394,23,33,79,16,0,0,0,0,0,0,0,-32287,0,0,0,0,0,2900781,0
2789536,9448,-2094,2104,473,-456,-864,7488,642,-221,-324,416,19392,42,33,79,16,0,0,0,0,0,0,0,-32287,0,0,0,0,0,2900796,0
2789541,9670,-2766,2206,388,-293,-868,7618,557,-256,-275,264,19392,42,33,79,16,0,0,0,0,0,0,0,-32286,0,0,0,0,0,2900801,0
2789546,9766,-2992,2036,198,-150,-815,7731,486,-272,-244,240,19389,56,33,79,16,0,0,0,0,0,0,0,-32287,0,0,0,0,0,2900816,0
2789551,9606,-3364,1910,-165,100,-756,7827,417,-270,-190,168,19389,56,33,79,16,0,0,0,0,0,0,0,-32287,0,0,0,0,0,2900821,0
2789556,8764,-5182,1472,-492,277,-651,7907,340,-273,-118,144,19382,63,33,79,16,0,0,0,0,0,0,0,-32287,0,0,0,0,0,2900836,0
2789561,8940,-6154,1394,-358,294,-549,7974,288,-253,-61,152,19382,63,33,79,16,0,0,0,0,0,0,0,-32287,0,0,0,0,0,2900841,0
2789566,8234,-5868,1152,-20,38,-634,8030,238,-230,-9,128,19377,65,33,79,16,0,0,0,0,0,0,0,-32287,0,0,0,0,0,2900856,0
2789571,8896,-6262,862,252,48,-652,8072,185,-206,37,120,19377,65,33,79,16,0,0,0,0,0,0,0,-32287,0,0,0,0,0,2900861,0
2789576,7574,-5866,964,7,221,-561,8104,140,-190,97,80,19378,71,33,79,16,0,0,0,0,0,0,0,-32287,0,0,0,0,0,2900876,0
2789581,7148,-6324,612,-304,246,-447,8129,112,-173,143,104,19378,71,33,79,16,0,0,0,0,0,0,0,-32287,0,0,0,0,0,2900881,0
2789586,6556,-6784,592,-539,320,-318,8148,76,-146,201,88,19381,65,33,79,16,0,0,0,0,0,0,0,-32287,0,0,0,0,0,2900896,0
2789591,5838,-7088,678,-610,307,-252,8159,36,-125,255,80,19381,65,33,79,16,0,0,0,0,0,0,0,-32287,0,0,0,0,0,2900901,0
2789596,5008,-7794,700,-313,170,-178,8160,6,-116,297,80,19383,60,33,79,16,0,0,0,0,0,0,0,-32287,0,0,0,0,0,2900916,0
2789601,4418,-7588,754,-176,54,-136,8165,13,-101,339,112,19383,60,33,79,16,0,0,0,0,0,0,0,-32287,0,0,0,0,0,2900921,0
2789606,4240,-7514,778,-86,-10,-88,8173,36,-75,376,168,19381,67,33,79,16,0,0,0,0,0,0,0,-32286,0,0,0,0,0,2900936,0
2789611,3620,-7166,938,-36,-114,-91,8190,80,0,414,264,19381,67,33,79,16,0,0,0,0,0,0,0,-32287,0,0,0,0,0,2900941,0
2789616,4824,-5904,2160,1596,-454,-742,8212,93,58,474,208,19377,81,33,79,16,0,0,0,0,0,0,0,-32287,0,0,0,0,0,2900956,0
2789621,5802,-7526,1842,3105,-729,-1007,8214,-7,42,581,128,19377,81,33,79,16,0,0,0,0,0,0,0,-32287,0,0,0,0,0,2900961,0
2789626,3764,-6392,210,3295,-1330,-938,8205,-37,-29,597,128,19379,95,33,79,16,0,0,0,0,0,0,0,-32286,0,0,0,0,0,2900976,0
2789631,5458,-2746,2398,2638,-916,-1085,8194,-51,-101,635,128,19379,95,33,79,16,0,0,0,0,0,0,0,-32287,0,0,0,0,0,2900980,0
2789636,6108,-4270,1264,1509,-660,-974,8182,-55,-126,682,144,19380,91,33,79,16,0,0,0,0,0,0,0,-32287,0,0,0,0,0,2900995,0
2789641,5634,-5138,1672,1609,-658,-987,8170,-57,-96,733,144,19380,91,33,79,16,0,0,0,0,0,0,0,-32287,0,0,0,0,0,2901000,0
2789646,5912,-6142,1232,2089,-918,-1013,8148,-101,-38,801,80,19380,71,33,79,16,0,0,0,0,0,0,0,-32286,0,0,0,0,0,2901015,0
2789651,6300,-5488,1532,2299,-995,-974,8104,-207,-82,849,24,19380,71,33,79,16,0,0,0,0,0,0,0,-32286,0,0,0,0,0,2901020,0
2789656,7244,-3880,1200,1769,-785,-809,8034,-323,-173,869,-64,19376,59,33,79,16,0,0,0,0,0,0,0,-32286,0,0,0,0,0,2901035,0
2789661,7154,-3398,1372,1328,-593,-675,7928,-477,-291,894,-168,19376,59,33,79,16,0,0,0,0,0,0,0,-32287,0,0,0,0,0,2901040,0
2789666,7316,-3632,1308,1031,-478,-541,7782,-658,-414,898,-408,19378,52,33,79,16,0,0,0,0,0,0,0,-32287,0,0,0,0,0,2901055,0
2789671,7512,-3594,1338,833,-378,-426,7593,-845,-520,973,-720,19378,52,33,79,16,0,0,0,0,0,0,0,-32287,0,0,0,0,0,2901060,0
2789676,8086,-2842,1480,476,-160,-237,7370,-1001,-575,1041,-1024,19382,38,33,79,16,0,0,0,0,0,0,0,-32286,0,0,0,0,0,2901075,0
2789681,7970,-2406,1496,113,-39,-124,7113,-1146,-589,1103,-1240,19382,38,33,79,16,0,0,0,0,0,0,0,-32286,0,0,0,0,0,2901080,0
2789686,8116,-2446,1450,-144,77,-18,6832,-1256,-551,1145,-1488,19388,10,33,79,16,0,0,0,0,0,0,0,-32287,0,0,0,0,0,2901095,0
2789691,8054,-2356,1552,-361,161,61,6528,-1341,-483,1196,-1664,19388,10,33,79,16,0,0,0,0,0,0,0,-32286,0,0,0,0,0,2901100,0
2789696,7854,-2014,1138,-610,153,156,6208,-1409,-408,1244,-1712,19396,-25,33,79,16,0,0,0,0,0,0,0,-32287,0,0,0,0,0,2901115,0
2789701,7978,-1854,986,-740,167,184,5881,-1441,-324,1266,-1744,19396,-25,33,79,16,0,0,0,0,0,0,0,-32287,0,0,0,0,0,2901120,0
2789706,7880,-1670,1026,-861,155,190,5551,-1448,-230,1316,-1688,19401,-58,33,79,16,0,0,0,0,0,0,0,-32286,0,0,0,0,0,2901135,0
2789711,7764,-1720,1044,-948,159,175,5223,-1440,-131,1356,-1624,19401,-58,33,79,16,0,0,0,0,0,0,0,-32287,0,0,0,0,0,2901140,0
2789716,7942,-1832,1188,-981,191,111,4904,-1400,-45,1413,-1480,19406,-75,33,79,16,0,0,0,0,0,0,0,-32286,0,0,0,0,0,2901154,0
2789721,7766,-1854,1252,-957,203,43,4599,-1332,41,1446,-1328,19406,-75,33,79,16,0,0,0,0,0,0,0,-32288,0,0,0,0,0,2901159,0
2789726,7974,-2066,1408,-916,214,-15,4314,-1244,122,1490,-1048,19409,-83,33,79,16,0,0,0,0,0,0,0,-32286,0,0,0,0,0,2901174,0
2789731,8028,-2160,1598,-798,203,-90,4051,-1140,208,1531,-784,19409,-83,33,79,16,0,0,0,0,0,0,0,-32287,0,0,0,0,0,2901179,0
2789736,8096,-2294,1496,-616,170,-247,3817,-1013,291,1561,-528,19410,-77,33,79,16,0,0,0,0,0,0,0,-32288,0,0,0,0,0,2901194,0
2789741,8096,-2254,1348,-514,117,-339,3611,-893,358,1626,-192,19410,-77,33,79,16,0,0,0,0,0,0,0,-32287,0,0,0,0,0,2901199,0
2789746,8296,-2074,1080,-389,34,-469,3439,-740,406,1687,-64,19406,-57,33,79,16,0,0,0,0,0,0,0,-32286,0,0,0,0,0,2901214,0
2789751,8476,-2076,942,-287,28,-543,3299,-600,447,1785,64,19406,-57,33,79,16,0,0,0,0,0,0,0,-32287,0,0,0,0,0,2901219,0
2789756,8328,-2032,758,-194,-73,-734,3191,-452,476,1837,160,19400,-30,33,79,16,0,0,0,0,0,0,0,-32287,0,0,0,0,0,2901234,0
2789761,8136,-1820,624,-42,-195,-847,3115,-313,493,1894,152,19400,-30,33,79,16,0,0,0,0,0,0,0,-32288,0,0,0,0,0,2901239,0
2789766,8206,-2006,332,0,-233,-904,3059,-244,475,1854,240,19388,12,33,79,16,0,0,0,0,0,0,0,-32288,0,0,0,0,0,2901254,0
2789771,8166,-1684,294,-39,-244,-972,3015,-189,413,1850,328,19388,12,33,79,16,0,0,0,0,0,0,0,-32287,0,0,0,0,0,2901259,0
2789776,8388,-1452,254,-147,-100,-1082,2977,-164,323,1897,264,19381,57,33,79,16,0,0,0,0,0,0,0,-32287,0,0,0,0,0,2901274,0
2789781,7956,-1048,612,-415,-16,-1122,2939,-175,196,1924,312,19381,57,33,79,16,0,0,0,0,0,0,0,-32286,0,0,0,0,0,2901279,0
2789786,8216,-1950,626,-620,156,-1024,2895,-192,88,1944,320,19375,87,33,79,16,0,0,0,0,0,0,0,-32287,0,0,0,0,0,2901294,0
2789791,7544,-1954,986,-669,216,-1032,2852,-190,24,1983,264,19375,87,33,79,16,0,0,0,0,0,0,0,-32286,0,0,0,0,0,2901299,0
2789796,7000,-2542,1156,-618,247,-907,2804,-209,-22,2026,264,19370,94,33,79,16,0,0,0,0,0,0,0,-32286,0,0,0,0,0,2901314,0
2789801,7088,-2608,998,-734,353,-826,2749,-249,-50,2051,176,19370,94,33,79,16,0,0,0,0,0,0,0,-32286,0,0,0,0,0,2901319,0
2789806,6782,-2490,1096,-831,406,-754,2682,-293,-71,2072,160,19368,103,33,79,16,0,0,0,0,0,0,0,-32286,0,0,0,0,0,2901334,0
2789811,6662,-2570,1046,-920,505,-690,2609,-333,-102,2079,104,19368,103,33,79,16,0,0,0,0,0,0,0,-32286,0,0,0,0,0,2901339,0
2789816,6230,-2606,930,-1039,571,-585,2530,-347,-124,2105,120,19372,101,33,79,16,0,0,0,0,0,0,0,-32286,0,0,0,0,0,2901354,0
2789821,6208,-2658,906,-1061,581,-535,2446,-363,-111,2139,96,19372,101,33,79,16,0,0,0,0,0,0,0,-32288,0,0,0,0,0,2901359,0
2789826,6072,-2586,840,-1093,592,-494,2361,-382,-92,2164,88,19375,94,33,79,16,0,0,0,0,0,0,0,-32288,0,0,0,0,0,2901373,0
2789831,6008,-2574,740,-1167,589,-408,2266,-416,-77,2190,72,19375,94,33,79,16,0,0,0,0,0,0,0,-32287,0,0,0,0,0,2901378,0
2789836,5928,-2474,530,-1334,591,-319,2168,-423,-66,2190,72,19382,83,33,79,16,0,0,0,0,0,0,0,-32288,0,0,0,0,0,2901393,0
2789841,5816,-2276,574,-1324,559,-303,2072,-417,-68,2216,96,19382,83,33,79,16,0,0,0,0,0,0,0,-32286,0,0,0,0,0,2901398,0
2789846,5878,-2492,462,-1296,533,-255,1979,-409,-38,2249,96,19381,72,33,79,16,0,0,0,0,0,0,0,-32286,0,0,0,0,0,2901413,0
2789851,5698,-2232,516,-1325,483,-217,1883,-427,-9,2265,48,19381,72,33,79,16,0,0,0,0,0,0,0,-32286,0,0,0,0,0,2901418,0
2789856,5624,-2130,422,-1532,459,-119,1783,-440,-1,2254,72,19382,77,33,79,16,0,0,0,0,0,0,0,-32287,0,0,0,0,0,2901433,0
2789861,5798,-2206,482,-1472,430,-102,1692,-403,-2,2270,128,19382,77,33,79,16,0,0,0,0,0,0,0,-32287,0,0,0,0,0,2901438,0
2789866,5794,-2128,694,-1348,368,-108,1613,-342,23,2306,176,19381,74,33,79,16,0,0,0,0,0,0,0,-32288,0,0,0,0,0,2901453,0
2789871,5942,-2050,722,-1299,331,-87,1538,-329,72,2316,168,19381,74,33,79,16,0,0,0,0,0,0,0,-32288,0,0,0,0,0,2901458,0
2789876,6042,-1964,586,-1433,374,-36,1467,-315,102,2300,176,19378,83,33,79,16,0,0,0,0,0,0,0,-32287,0,0,0,0,0,2901473,0
2789881,6138,-2118,554,-1433,399,7,1398,-302,95,2303,256,19378,83,33,79,16,0,0,0,0,0,0,0,-32287,0,0,0,0,0,2901478,0
2789886,6082,-2050,678,-1358,370,-16,1342,-233,83,2273,464,19375,88,33,79,16,0,0,0,0,0,0,0,-32287,0,0,0,0,0,2901493,0
2789891,6270,-2026,764,-1169,327,-46,1302,-170,104,2296,520,19375,88,33,79,16,0,0,0,0,0,0,0,-32286,0,0,0,0,0,2901498,0
2789896,6476,-1592,668,-1056,300,-79,1278,-102,164,2283,672,19369,97,33,79,16,0,0,0,0,0,0,0,-32286,0,0,0,0,0,2901513,0
2789901,6660,-1596,542,-1118,355,-64,1264,-57,203,2274,728,19369,97,33,79,16,0,0,0,0,0,0,0,-32286,0,0,0,0,0,2901518,0
2789906,6552,-1506,564,-1218,369,-65,1253,-45,197,2294,768,19365,120,33,79,16,0,0,0,0,0,0,0,-32286,0,0,0,0,0,2901533,0
2789911,6682,-1648,520,-1253,409,-56,1248,-16,150,2281,848,19365,120,33,79,16,0,0,0,0,0,0,0,-32286,0,0,0,0,0,2901538,0
2789916,6590,-1896,536,-1237,448,-17,1248,4,111,2268,864,19361,147,33,79,16,0,0,0,0,0,0,0,-32286,0,0,0,0,0,2901553,0
2789921,6536,-1874,506,-1286,467,-8,1247,7,74,2273,840,19361,147,33,79,16,0,0,0,0,0,0,0,-32285,0,0,0,0,0,2901558,0
2789926,6516,-2034,458,-1314,500,16,1247,-2,46,2260,840,19358,162,33,79,16,0,0,0,0,0,0,0,-32286,0,0,0,0,0,2901573,0
2789931,6430,-2138,484,-1316,527,48,1248,3,26,2237,840,19358,162,33,79,16,0,0,0,0,0,0,0,-32286,0,0,0,0,0,2901578,0
2789936,6406,-2192,568,-1314,538,94,1247,-5,3,2222,832,19358,163,33,79,16,0,0,0,0,0,0,0,-32286,0,0,0,0,0,2901593,0
2789941,6378,-2196,650,-1321,543,114,1247,2,1,2203,800,19358,163,33,79,16,0,0,0,0,0,0,0,-32286,0,0,0,0,0,2901598,0
2789946,6446,-2176,654,-1334,549,128,1248,11,-5,2177,800,19360,154,33,79,16,0,0,0,0,0,0,0,-32286,0,0,0,0,0,2901613,0
2789951,6538,-2194,662,-1338,564,145,1247,1,0,2145,792,19360,154,33,79,16,0,0,0,0,0,0,0,-32286,0,0,0,0,0,2901618,0
2789956,6652,-2240,674,-1322,575,170,1248,2,0,2118,800,19360,154,33,79,16,0,0,0,0,0,0,0,-32286,0,0,0,0,0,2901633,0
2789961,6640,-2158,780,-1329,600,168,1247,2,-3,2087,784,19360,154,33,79,16,0,0,0,0,0,0,0,-32286,0,0,0,0,0,2901638,0
2789966,6712,-2236,850,-1322,620,172,1247,-3,0,2059,752,19362,160,33,79,16,0,0,0,0,0,0,0,-32286,0,0,0,0,0,2901652,0
2789971,6694,-2262,904,-1266,634,193,1247,0,-3,2025,752,19362,160,33,79,16,0,0,0,0,0,0,0,-32286,0,0,0,0,0,2901658,0
2789976,6810,-2148,968,-1246,666,192,1246,-4,-1,1983,720,19363,157,33,79,16,0,0,0,0,0,0,0,-32286,0,0,0,0,0,2901672,0
2789981,6860,-2212,970,-1249,704,182,1246,0,2,1949,712,19363,157,33,79,16,0,0,0,0,0,0,0,-32286,0,0,0,0,0,2901677,0
2789986,6812,-2222,926,-1231,707,190,1248,5,-2,1906,704,19363,138,33,79,16,0,0,0,0,0,0,0,-32286,0,0,0,0,0,2901692,0
2789991,6874,-2298,860,-1199,698,200,1247,0,2,1868,680,19363,138,33,79,16,0,0,0,0,0,0,0,-32286,0,0,0,0,0,2901697,0
2789996,7004,-2346,950,-1147,685,201,1246,-11,1,1829,672,19365,128,33,79,16,0,0,0,0,0,0,0,-32286,0,0,0,0,0,2901712,0
2790001,7074,-2316,930,-1112,681,205,1246,-3,-3,1779,640,19365,128,33,79,16,0,0,0,0,0,0,0,-32286,0,0,0,0,0,2901717,0
2790006,7146,-2304,906,-1094,666,202,1246,2,0,1734,624,19365,125,33,79,16,0,0,0,0,0,0,0,-32286,0,0,0,0,0,2901732,0
2790011,7172,-2180,958,-1083,640,206,1245,0,-2,1688,600,19365,125,33,79,16,0,0,0,0,0,0,0,-32286,0,0,0,0,0,2901737,0
2790016,7376,-2004,950,-1067,620,192,1244,-8,-1,1643,576,19368,130,33,79,16,0,0,0,0,0,0,0,-32286,0,0,0,0,0,2901752,0
2790021,7516,-2036,948,-1062,611,178,1242,-11,-4,1598,552,19368,130,33,79,16,0,0,0,0,0,0,0,-32286,0,0,0,0,0,2901757,0
2790026,7618,-2058,978,-1058,597,170,1241,-6,-7,1546,536,19367,127,33,79,16,0,0,0,0,0,0,0,-32286,0,0,0,0,0,2901772,0
2790031,7714,-2006,1038,-1048,573,158,1237,-16,-10,1494,496,19367,127,33,79,16,0,0,0,0,0,0,0,-32286,0,0,0,0,0,2901777,0
2790036,8048,-2070,1100,-1058,561,129,1235,-7,-7,1447,464,19368,120,33,79,16,0,0,0,0,0,0,0,-32286,0,0,0,0,0,2901792,0
2790041,8180,-2128,1148,-1059,551,121,1231,-9,-11,1397,432,19368,120,33,79,16,0,0,0,0,0,0,0,-32286,0,0,0,0,0,2901797,0
2790046,8288,-2146,1164,-1062,548,114,1226,-25,-5,1351,360,19370,119,33,79,16,0,0,0,0,0,0,0,-32286,0,0,0,0,0,2901812,0
2790051,8396,-2096,1194,-1076,535,126,1217,-42,-16,1307,264,19370,119,33,79,16,0,0,0,0,0,0,0,-32286,0,0,0,0,0,2901817,0
2790056,8330,-2206,1126,-1304,597,207,1198,-94,-48,1263,144,19369,117,33,79,16,0,0,0,0,0,0,0,-32286,0,0,0,0,0,2901832,0
2790061,8220,-2132,1126,-1472,645,257,1162,-173,-106,1190,88,19369,117,33,79,16,0,0,0,0,0,0,0,-32286,0,0,0,0,0,2901837,0
2790066,8234,-2392,1080,-1558,669,330,1107,-245,-174,1094,48,19371,100,33,79,16,0,0,0,0,0,0,0,-32286,0,0,0,0,0,2901852,0
2790071,8024,-2260,1224,-1614,676,330,1042,-294,-217,1022,24,19371,100,33,79,16,0,0,0,0,0,0,0,-32286,0,0,0,0,0,2901857,0
2790076,8220,-2126,1214,-1645,729,379,964,-351,-228,959,16,19373,82,33,79,16,0,0,0,0,0,0,0,-32287,0,0,0,0,0,2901871,0
2790081,8286,-1910,1146,-1676,745,349,883,-368,-188,908,-8,19373,82,33,79,16,0,0,0,0,0,0,0,-32287,0,0,0,0,0,2901876,0
2790086,8424,-2064,1060,-1652,779,361,801,-363,-130,866,-8,19378,54,33,79,16,0,0,0,0,0,0,0,-32287,0,0,0,0,0,2901891,0
2790091,8266,-2026,1098,-1632,731,353,714,-381,-88,820,-32,19378,54,33,79,16,0,0,0,0,0,0,0,-32287,0,0,0,0,0,2901896,0
2790096,8450,-1774,1140,-1634,753,351,623,-405,-57,751,-48,19377,38,33,79,16,0,0,0,0,0,0,0,-32287,0,0,0,0,0,2901911,0
2790101,8674,-1790,1282,-1641,776,348,527,-418,-49,689,-64,19377,38,33,79,16,0,0,0,0,0,0,0,-32287,0,0,0,0,0,2901916,0
2790106,8628,-1784,1440,-1667,828,330,428,-432,-62,639,-80,19376,44,33,79,16,0,0,0,0,0,0,0,-32286,0,0,0,0,0,2901931,0
2790111,8722,-1918,1430,-1636,835,304,331,-431,-48,592,-80,19376,44,33,79,16,0,0,0,0,0,0,0,-32286,0,0,0,0,0,2901936,0
2790116,8674,-1860,1300,-1534,814,293,234,-420,-24,534,-96,19378,52,33,79,16,0,0,0,0,0,0,0,-32287,0,0,0,0,0,2901951,0
2790121,8576,-1656,1192,-1529,771,273,138,-425,-2,474,-96,19378,52,33,79,16,0,0,0,0,0,0,0,-32287,0,0,0,0,0,2901956,0
2790126,8648,-1648,1010,-1533,742,273,41,-420,6,422,-112,19379,63,33,79,16,0,0,0,0,0,0,0,-32287,0,0,0,0,0,2901971,0
2790131,8472,-1514,906,-1570,689,253,-51,-403,13,373,-128,19379,63,33,79,16,0,0,0,0,0,0,0,-32287,0,0,0,0,0,2901976,0
2790136,8534,-1404,700,-1613,530,207,-140,-384,29,318,-112,19379,60,33,79,16,0,0,0,0,0,0,0,-32287,0,0,0,0,0,2901991,0
2790141,8782,-1386,734,-1601,429,188,-219,-353,91,272,-120,19379,60,33,79,16,0,0,0,0,0,0,0,-32287,0,0,0,0,0,2901996,0
2790146,9228,-1594,946,-1625,357,171,-293,-328,107,206,-112,19378,52,33,79,16,0,0,0,0,0,0,0,-32287,0,0,0,0,0,2902011,0
2790151,9792,-1886,1364,-1673,313,158,-362,-299,104,159,-136,19378,52,33,79,16,0,0,0,0,0,0,0,-32286,0,0,0,0,0,2902016,0
2790156,11264,-3260,2432,-1447,185,44,-430,-298,78,105,-160,19377,55,33,79,16,0,0,0,0,0,0,0,-32286,0,0,0,0,0,2902031,0
2790161,12528,-3528,2478,-1128,251,-22,-493,-274,47,46,-152,19377,55,33,79,16,0,0,0,0,0,0,0,-32287,0,0,0,0,0,2902036,0
2790166,13010,-3276,2886,-887,233,-139,-551,-254,62,7,-176,19377,62,33,79,16,0,0,0,0,0,0,0,-32287,0,0,0,0,0,2902051,0
2790171,14268,-3836,2454,-838,283,-167,-606,-243,63,-36,-224,19377,62,33,79,16,0,0,0,0,0,0,0,-32287,0,0,0,0,0,2902056,0
2790176,14682,-3878,894,-1757,516,-118,-662,-250,54,-94,-312,19377,69,33,79,16,0,0,0,0,0,0,0,-32287,0,0,0,0,0,2902071,0
2790181,14170,-4954,910,-1993,521,-116,-724,-279,30,-129,-480,19377,69,33,79,16,0,0,0,0,0,0,0,-32287,0,0,0,0,0,2902075,0
2790186,14120,-6176,918,-1806,525,-154,-793,-314,-21,-182,-616,19377,72,33,79,16,0,0,0,0,0,0,0,-32287,0,0,0,0,0,2902090,0
2790191,13262,-6574,1116,-1513,507,-216,-876,-371,-72,-237,-800,19377,72,33,79,16,0,0,0,0,0,0,0,-32287,0,0,0,0,0,2902095,0
2790196,11188,-6802,1562,-1817,1094,-17,-966,-402,-123,-317,-904,19376,78,33,79,16,0,0,0,0,0,0,0,-32287,0,0,0,0,0,2902110,0
2790201,9882,-7210,1592,-2160,1473,95,-1056,-399,-128,-387,-920,19376,78,33,79,16,0,0,0,0,0,0,0,-32287,0,0,0,0,0,2902115,0
2790206,8814,-7984,1752,-2117,1588,89,-1147,-396,-95,-449,-976,19376,91,33,79,16,0,0,0,0,0,0,0,-32287,0,0,0,0,0,2902130,0
2790211,7936,-9062,1782,-1565,1582,44,-1238,-408,-54,-502,-1040,19376,91,33,79,16,0,0,0,0,0,0,0,-32287,0,0,0,0,0,2902135,0
2790216,6110,-9290,1466,-589,1386,86,-1334,-417,-21,-569,-1064,19374,101,33,79,16,0,0,0,0,0,0,0,-32286,0,0,0,0,0,2902150,0
2790221,5100,-9058,1204,-1062,1519,481,-1425,-397,-14,-657,-984,19374,101,33,79,16,0,0,0,0,0,0,0,-32287,0,0,0,0,0,2902155,0
2790226,3952,-7730,1650,-1799,1963,678,-1499,-316,17,-728,-856,19373,110,33,79,16,0,0,0,0,0,0,0,-32287,0,0,0,0,0,2902170,0
2790231,4438,-8062,1970,-1380,1819,577,-1558,-252,91,-775,-696,19373,110,33,79,16,0,0,0,0,0,0,0,-32286,0,0,0,0,0,2902175,0
2790236,2778,-8078,1628,-310,1647,635,-1601,-178,168,-852,-592,19371,100,33,79,16,0,0,0,0,0,0,0,-32287,0,0,0,0,0,2902190,0
2790241,3140,-7706,760,60,1548,647,-1631,-117,218,-909,-512,19371,100,33,79,16,0,0,0,0,0,0,0,-32287,0,0,0,0,0,2902198,0
2790246,2828,-6470,240,261,1336,608,-1641,-37,242,-1027,-304,19369,98,33,79,16,0,0,0,0,0,0,0,-32287,0,0,0,0,0,2902212,0
2790251,2864,-5790,-272,323,1194,624,-1633,36,248,-1079,-264,19369,98,33,79,16,0,0,0,0,0,0,0,-32286,0,0,0,0,0,2902217,0
2790256,1750,-5174,-456,-31,1106,851,-1619,55,241,-1096,-296,19371,94,33,79,16,0,0,0,0,0,0,0,-32286,0,0,0,0,0,2902232,0
2790261,1920,-5570,-934,-43,962,935,-1613,30,185,-1142,-360,19371,94,33,79,16,0,0,0,0,0,0,0,-32286,0,0,0,0,0,2902237,0
2790266,1634,-5540,-874,59,839,1003,-1610,1,92,-1200,-440,19372,99,33,79,16,0,0,0,0,0,0,0,-32286,0,0,0,0,0,2902252,0
2790271,1598,-5274,-870,148,752,1067,-1607,11,1,-1273,-472,19372,99,33,79,16,0,0,0,0,0,0,0,-32286,0,0,0,0,0,2902257,0
2790276,1770,-4640,-868,177,530,1171,-1603,17,-35,-1348,-448,19372,102,33,79,16,0,0,0,0,0,0,0,-32286,0,0,0,0,0,2902272,0
2790281,2256,-4456,-1160,175,331,1190,-1596,32,-20,-1397,-384,19372,102,33,79,16,0,0,0,0,0,0,0,-32286,0,0,0,0,0,2902277,0
2790286,2516,-4134,-1288,226,67,1160,-1577,97,27,-1441,-184,19370,92,33,79,16,0,0,0,0,0,0,0,-32286,0,0,0,0,0,2902292,0
2790291,3178,-3768,-1392,331,-251,1085,-1538,182,98,-1429,-120,19370,92,33,79,16,0,0,0,0,0,0,0,-32286,0,0,0,0,0,2902297,0
2790296,4372,-3054,-1372,465,-943,884,-1478,282,178,-1382,-64,19371,86,33,79,16,0,0,0,0,0,0,0,-32286,0,0,0,0,0,2902312,0
2790301,5408,-2918,-1376,528,-1230,748,-1390,401,261,-1350,0,19371,86,33,79,16,0,0,0,0,0,0,0,-32287,0,0,0,0,0,2902317,0
2790306,6016,-2748,-1158,570,-1547,599,-1273,532,348,-1312,64,19376,74,33,79,16,0,0,0,0,0,0,0,-32287,0,0,0,0,0,2902332,0
2790311,6812,-2794,-918,620,-1812,465,-1128,648,391,-1277,160,19376,74,33,79,16,0,0,0,0,0,0,0,-32287,0,0,0,0,0,2902337,0
2790316,8018,-2924,-170,660,-2155,232,-964,737,406,-1336,264,19382,53,33,79,16,0,0,0,0,0,0,0,-32287,0,0,0,0,0,2902352,0
2790321,8390,-3138,190,637,-2207,148,-784,799,380,-1356,320,19382,53,33,79,16,0,0,0,0,0,0,0,-32286,0,0,0,0,0,2902357,0
2790326,8584,-3360,520,571,-2188,84,-594,832,318,-1358,368,19386,24,33,79,16,0,0,0,0,0,0,0,-32286,0,0,0,0,0,2902371,0
2790331,8778,-3654,780,499,-2134,38,-402,847,232,-1368,336,19386,24,33,79,16,0,0,0,0,0,0,0,-32287,0,0,0,0,0,2902376,0
2790336,8706,-4418,1108,411,-1886,-17,-216,804,134,-1365,264,19389,3,33,79,16,0,0,0,0,0,0,0,-32288,0,0,0,0,0,2902391,0
2790341,8560,-4614,1284,399,-1738,-43,-42,755,26,-1393,168,19389,3,33,79,16,0,0,0,0,0,0,0,-32286,0,0,0,0,0,2902396,0
2790346,8470,-4816,1298,428,-1563,-72,120,709,-71,-1397,112,19391,-3,33,79,16,0,0,0,0,0,0,0,-32286,0,0,0,0,0,2902411,0
2790351,8258,-4992,1292,405,-1356,-42,263,618,-149,-1433,56,19391,-3,33,79,16,0,0,0,0,0,0,0,-32286,0,0,0,0,0,2902416,0
2790356,7548,-5062,1020,186,-917,16,381,511,-217,-1467,-16,19392,14,33,79,16,0,0,0,0,0,0,0,-32287,0,0,0,0,0,2902431,0
2790361,7182,-4930,834,116,-731,39,480,421,-276,-1472,-48,19392,14,33,79,16,0,0,0,0,0,0,0,-32287,0,0,0,0,0,2902436,0
2790366,6798,-5146,532,111,-600,70,558,336,-310,-1426,-96,19390,29,33,79,16,0,0,0,0,0,0,0,-32287,0,0,0,0,0,2902451,0
2790371,6270,-5298,358,55,-478,145,615,242,-320,-1408,-160,19390,29,33,79,16,0,0,0,0,0,0,0,-32287,0,0,0,0,0,2902456,0
2790376,5482,-5236,190,22,-353,226,653,159,-319,-1415,-192,19387,50,33,79,16,0,0,0,0,0,0,0,-32286,0,0,0,0,0,2902471,0
2790381,5472,-5724,36,119,-322,306,680,115,-288,-1386,-288,19387,50,33,79,16,0,0,0,0,0,0,0,-32286,0,0,0,0,0,2902475,0
2790386,4908,-5666,28,143,-380,358,692,49,-265,-1346,-424,19382,71,33,79,16,0,0,0,0,0,0,0,-32287,0,0,0,0,0,2902490,0
2790391,5130,-5672,-152,209,-422,390,696,15,-225,-1349,-488,19382,71,33,79,16,0,0,0,0,0,0,0,-32286,0,0,0,0,0,2902495,0
2790396,5030,-5524,-166,400,-577,449,696,2,-174,-1378,-488,19375,86,33,79,16,0,0,0,0,0,0,0,-32286,0,0,0,0,0,2902510,0
2790401,5276,-5530,-262,538,-686,471,696,0,-127,-1387,-496,19375,86,33,79,16,0,0,0,0,0,0,0,-32286,0,0,0,0,0,2902515,0
2790406,5478,-5326,-254,668,-808,483,695,-3,-72,-1389,-496,19370,96,33,79,16,0,0,0,0,0,0,0,-32287,0,0,0,0,0,2902530,0
2790411,5806,-5036,-254,745,-888,501,696,2,-27,-1395,-472,19370,96,33,79,16,0,0,0,0,0,0,0,-32286,0,0,0,0,0,2902535,0
2790416,6250,-4514,-122,775,-960,536,697,11,-1,-1394,-472,19371,103,33,79,16,0,0,0,0,0,0,0,-32286,0,0,0,0,0,2902550,0
2790421,6480,-4372,-36,813,-1004,533,703,21,14,-1397,-416,19371,103,33,79,16,0,0,0,0,0,0,0,-32286,0,0,0,0,0,2902555,0
2790426,6716,-4296,10,894,-1027,536,714,50,29,-1417,-352,19373,97,33,79,16,0,0,0,0,0,0,0,-32286,0,0,0,0,0,2902570,0
2790431,6844,-4108,94,974,-1071,528,729,70,53,-1411,-328,19373,97,33,79,16,0,0,0,0,0,0,0,-32286,0,0,0,0,0,2902575,0
2790436,7128,-3758,242,961,-1076,579,746,66,55,-1388,-336,19373,96,33,79,16,0,0,0,0,0,0,0,-32286,0,0,0,0,0,2902589,0
2790441,7332,-3488,386,908,-1035,586,757,60,39,-1387,-320,19373,96,33,79,16,0,0,0,0,0,0,0,-32286,0,0,0,0,0,2902594,0
2790446,7566,-3338,518,894,-998,568,774,85,24,-1417,-240,19372,107,33,79,16,0,0,0,0,0,0,0,-32286,0,0,0,0,0,2902609,0
2790451,7734,-3250,570,990,-996,530,804,134,31,-1422,-176,19372,107,33,79,16,0,0,0,0,0,0,0,-32286,0,0,0,0,0,2902614,0
2790456,7706,-2928,560,1107,-1042,476,840,157,62,-1399,-160,19376,103,33,79,16,0,0,0,0,0,0,0,-32286,0,0,0,0,0,2902629,0
2790461,8086,-2850,396,1136,-1034,476,885,203,111,-1390,-128,19376,103,33,79,16,0,0,0,0,0,0,0,-32286,0,0,0,0,0,2902634,0
2790466,7822,-2396,452,1072,-1032,406,939,239,129,-1388,-88,19378,94,33,79,16,0,0,0,0,0,0,0,-32287,0,0,0,0,0,2902649,0
2790471,8202,-2580,242,1078,-1030,397,1003,277,135,-1370,-80,19378,94,33,79,16,0,0,0,0,0,0,0,-32287,0,0,0,0,0,2902654,0
2790476,7620,-2312,208,933,-1044,371,1066,274,114,-1384,-88,19382,85,33,79,16,0,0,0,0,0,0,0,-32287,0,0,0,0,0,2902669,0
2790481,7914,-2548,26,906,-949,379,1128,284,88,-1392,-80,19382,85,33,79,16,0,0,0,0,0,0,0,-32287,0,0,0,0,0,2902674,0
2790486,7434,-2678,132,830,-945,401,1192,279,52,-1385,-72,19381,72,33,79,16,0,0,0,0,0,0,0,-32287,0,0,0,0,0,2902689,0
2790491,7322,-2820,84,818,-957,408,1258,287,20,-1389,-80,19381,72,33,79,16,0,0,0,0,0,0,0,-32287,0,0,0,0,0,2902694,0
2790496,7084,-2766,24,925,-974,379,1326,299,16,-1384,-56,19380,68,33,79,16,0,0,0,0,0,0,0,-32287,0,0,0,0,0,2902708,0
2790501,7198,-2832,-72,977,-992,365,1398,319,33,-1384,-48,19380,68,33,79,16,0,0,0,0,0,0,0,-32286,0,0,0,0,0,2902713,0
2790506,7176,-2772,-78,980,-998,374,1472,322,37,-1385,-64,19379,57,33,79,16,0,0,0,0,0,0,0,-32286,0,0,0,0,0,2902728,0
2790511,7140,-2734,-110,887,-976,389,1540,293,25,-1393,-72,19379,57,33,79,16,0,0,0,0,0,0,0,-32286,0,0,0,0,0,2902733,0
2790516,7192,-2912,56,761,-877,428,1602,274,-2,-1401,-96,19381,65,33,79,16,0,0,0,0,0,0,0,-32287,0,0,0,0,0,2902748,0
2790521,7066,-2994,228,722,-827,443,1658,238,-42,-1388,-128,19381,65,33,79,16,0,0,0,0,0,0,0,-32286,0,0,0,0,0,2902753,0
2790526,7300,-3126,340,707,-757,428,1711,229,-76,-1402,-104,19380,69,33,79,16,0,0,0,0,0,0,0,-32286,0,0,0,0,0,2902768,0
2790531,7446,-3362,370,780,-691,448,1762,234,-72,-1388,-120,19380,69,33,79,16,0,0,0,0,0,0,0,-32286,0,0,0,0,0,2902773,0
2790536,7382,-3358,508,813,-595,414,1811,218,-50,-1388,-112,19378,67,33,79,16,0,0,0,0,0,0,0,-32287,0,0,0,0,0,2902788,0
2790541,7528,-3366,390,882,-571,427,1861,212,-35,-1388,-128,19378,67,33,79,16,0,0,0,0,0,0,0,-32287,0,0,0,0,0,2902793,0
2790546,7296,-3214,468,870,-539,405,1907,202,-20,-1375,-184,19376,66,33,79,16,0,0,0,0,0,0,0,-32287,0,0,0,0,0,2902808,0
2790551,7402,-3558,328,762,-454,466,1941,151,-41,-1384,-192,19376,66,33,79,16,0,0,0,0,0,0,0,-32287,0,0,0,0,0,2902813,0
2790556,7658,-3652,482,774,-359,464,1972,137,-72,-1391,-240,19377,79,33,79,16,0,0,0,0,0,0,0,-32287,0,0,0,0,0,2902828,0
2790561,7702,-3470,-2,655,-493,511,1995,106,-97,-1366,-264,19377,79,33,79,16,0,0,0,0,0,0,0,-32287,0,0,0,0,0,2902832,0
2790566,7316,-3636,240,655,-293,469,2020,115,-85,-1385,-280,19377,87,33,79,16,0,0,0,0,0,0,0,-32287,0,0,0,0,0,2902847,0
2790571,7132,-4252,496,737,-189,543,2038,74,-70,-1365,-368,19377,87,33,79,16,0,0,0,0,0,0,0,-32287,0,0,0,0,0,2902852,0
2790576,7420,-3728,624,756,-148,580,2050,44,-69,-1353,-432,19377,96,33,79,16,0,0,0,0,0,0,0,-32287,0,0,0,0,0,2902867,0
2790581,7380,-3622,542,751,-56,587,2056,36,-70,-1389,-392,19377,96,33,79,16,0,0,0,0,0,0,0,-32287,0,0,0,0,0,2902872,0
2790586,7304,-3636,422,836,-17,563,2069,49,-60,-1414,-328,19374,96,33,79,16,0,0,0,0,0,0,0,-32287,0,0,0,0,0,2902887,0
2790591,7260,-3602,216,970,-41,536,2085,72,-35,-1398,-312,19374,96,33,79,16,0,0,0,0,0,0,0,-32287,0,0,0,0,0,2902892,0
2790596,7038,-3288,-220,1054,-162,537,2098,58,14,-1374,-352,19372,96,33,79,16,0,0,0,0,0,0,0,-32287,0,0,0,0,0,2902907,0
2790601,7124,-2968,-396,992,-182,542,2110,50,15,-1376,-368,19372,96,33,79,16,0,0,0,0,0,0,0,-32287,0,0,0,0,0,2902912,0
2790606,7088,-2732,-434,917,-208,514,2125,72,8,-1401,-304,19373,99,33,79,16,0,0,0,0,0,0,0,-32287,0,0,0,0,0,2902927,0
2790611,7124,-2710,-470,939,-281,481,2149,112,16,-1409,-272,19373,99,33,79,16,0,0,0,0,0,0,0,-32287,0,0,0,0,0,2902932,0
2790616,7000,-2742,-522,1007,-460,440,2177,127,44,-1398,-240,19376,96,33,79,16,0,0,0,0,0,0,0,-32287,0,0,0,0,0,2902947,0
2790621,7248,-2398,-534,1058,-506,378,2210,154,71,-1413,-152,19376,96,33,79,16,0,0,0,0,0,0,0,-32287,0,0,0,0,0,2902952,0
2790626,7248,-2466,-466,1033,-492,396,2247,167,84,-1395,-144,19377,94,33,79,16,0,0,0,0,0,0,0,-32286,0,0,0,0,0,2902967,0
2790631,7142,-2146,-298,997,-559,321,2295,213,84,-1386,-112,19377,94,33,79,16,0,0,0,0,0,0,0,-32287,0,0,0,0,0,2902972,0
2790636,7216,-2322,-118,1053,-567,297,2347,235,91,-1386,-104,19377,83,33,79,16,0,0,0,0,0,0,0,-32287,0,0,0,0,0,2902987,0
2790641,7608,-2544,-156,1000,-490,314,2399,232,89,-1385,-112,19377,83,33,79,16,0,0,0,0,0,0,0,-32286,0,0,0,0,0,2902992,0
2790646,7634,-2600,50,975,-455,331,2449,225,55,-1393,-88,19378,75,33,79,16,0,0,0,0,0,0,0,-32286,0,0,0,0,0,2903007,0
2790651,7622,-2400,190,974,-403,301,2506,243,36,-1389,-104,19378,75,33,79,16,0,0,0,0,0,0,0,-32286,0,0,0,0,0,2903011,0
2790656,7730,-2832,252,961,-282,353,2563,249,22,-1383,-88,19380,74,33,79,16,0,0,0,0,0,0,0,-32286,0,0,0,0,0,2903026,0
2790661,7766,-2586,296,998,-235,317,2621,262,22,-1389,-72,19380,74,33,79,16,0,0,0,0,0,0,0,-32287,0,0,0,0,0,2903031,0
2790666,7916,-2694,224,1025,-155,313,2685,289,35,-1379,-56,19379,74,33,79,16,0,0,0,0,0,0,0,-32287,0,0,0,0,0,2903046,0
2790671,7828,-2768,154,1021,-138,305,2757,320,48,-1377,-32,19379,74,33,79,16,0,0,0,0,0,0,0,-32287,0,0,0,0,0,2903051,0
2790676,7782,-2822,-30,1043,-137,319,2829,319,63,-1369,-64,19380,63,33,79,16,0,0,0,0,0,0,0,-32287,0,0,0,0,0,2903066,0
2790681,7760,-2616,-32,985,-154,296,2902,320,62,-1384,-56,19380,63,33,79,16,0,0,0,0,0,0,0,-32287,0,0,0,0,0,2903071,0
2790686,7876,-2822,-114,931,-94,309,2979,330,47,-1385,-48,19380,56,33,79,16,0,0,0,0,0,0,0,-32286,0,0,0,0,0,2903086,0
2790691,7630,-2860,-28,871,-81,308,3053,332,22,-1393,-32,19380,56,33,79,16,0,0,0,0,0,0,0,-32286,0,0,0,0,0,2903091,0
2790696,7708,-3160,114,967,-92,255,3131,352,16,-1387,-24,19381,59,33,79,16,0,0,0,0,0,0,0,-32286,0,0,0,0,0,2903106,0
2790701,7808,-3360,96,1033,-96,232,3215,375,26,-1384,-16,19381,59,33,79,16,0,0,0,0,0,0,0,-32286,0,0,0,0,0,2903111,0
2790706,7726,-3404,56,1092,-106,236,3301,374,40,-1379,-48,19381,60,33,79,16,0,0,0,0,0,0,0,-32286,0,0,0,0,0,2903126,0
2790711,7662,-3400,-10,1037,-100,249,3381,357,41,-1393,-56,19381,60,33,79,16,0,0,0,0,0,0,0,-32287,0,0,0,0,0,2903131,0
2790716,7680,-3438,32,926,-57,283,3457,328,7,-1387,-64,19381,61,33,79,16,0,0,0,0,0,0,0,-32287,0,0,0,0,0,2903146,0
2790721,7630,-3432,82,892,-58,253,3526,307,-41,-1393,-64,19381,61,33,79,16,0,0,0,0,0,0,0,-32287,0,0,0,0,0,2903150,0
2790726,7826,-3700,44,967,-34,254,3596,307,-62,-1385,-80,19380,51,33,79,16,0,0,0,0,0,0,0,-32287,0,0,0,0,0,2903165,0
2790731,7676,-3686,106,1057,-73,242,3667,308,-50,-1385,-56,19380,51,33,79,16,0,0,0,0,0,0,0,-32287,0,0,0,0,0,2903170,0
2790736,7774,-3648,40,1176,-139,232,3738,303,-27,-1382,-80,19377,45,33,79,16,0,0,0,0,0,0,0,-32287,0,0,0,0,0,2903185,0
2790741,7812,-3238,10,1167,-165,211,3807,304,-12,-1392,-64,19377,45,33,79,16,0,0,0,0,0,0,0,-32287,0,0,0,0,0,2903190,0
2790746,7914,-3062,10,1153,-138,186,3873,295,-7,-1385,-56,19377,53,33,79,16,0,0,0,0,0,0,0,-32286,0,0,0,0,0,2903205,0
2790751,7876,-2878,82,1108,-133,151,3939,292,-17,-1392,-72,19377,53,33,79,16,0,0,0,0,0,0,0,-32286,0,0,0,0,0,2903210,0
2790756,8164,-2856,66,1220,-103,38,4009,310,-16,-1381,-56,19379,62,33,79,16,0,0,0,0,0,0,0,-32286,0,0,0,0,0,2903225,0
2790761,8170,-2674,34,1316,-115,-28,4085,340,16,-1381,-40,19379,62,33,79,16,0,0,0,0,0,0,0,-32286,0,0,0,0,0,2903230,0
2790766,8248,-2438,-68,1388,-124,-85,4169,366,47,-1377,-24,19379,65,33,79,16,0,0,0,0,0,0,0,-32287,0,0,0,0,0,2903245,0
2790771,8222,-2304,-100,1366,-103,-113,4250,362,68,-1384,-32,19379,65,33,79,16,0,0,0,0,0,0,0,-32287,0,0,0,0,0,2903250,0
2790776,8546,-1972,-268,1288,-49,-190,4333,359,57,-1393,-24,19380,65,33,79,16,0,0,0,0,0,0,0,-32287,0,0,0,0,0,2903265,0
2790781,8442,-1746,-246,1217,-20,-223,4416,367,30,-1385,-48,19380,65,33,79,16,0,0,0,0,0,0,0,-32287,0,0,0,0,0,2903270,0
2790786,8694,-1732,-256,1234,-17,-277,4503,389,16,-1385,-16,19382,59,33,79,16,0,0,0,0,0,0,0,-32287,0,0,0,0,0,2903285,0
2790791,8750,-1800,-308,1236,22,-308,4593,395,21,-1383,-16,19382,59,33,79,16,0,0,0,0,0,0,0,-32286,0,0,0,0,0,2903290,0
2790796,8954,-1880,-324,1160,4,-339,4680,380,29,-1391,-40,19384,54,33,79,16,0,0,0,0,0,0,0,-32286,0,0,0,0,0,2903305,0
2790801,9140,-1848,-258,1065,-3,-366,4765,370,15,-1394,-48,19384,54,33,79,16,0,0,0,0,0,0,0,-32286,0,0,0,0,0,2903310,0
2790806,9400,-2174,-298,973,70,-358,4845,354,-12,-1394,-48,19389,56,33,79,16,0,0,0,0,0,0,0,-32286,0,0,0,0,0,2903325,0
2790811,9406,-2394,-228,903,74,-390,4924,345,-40,-1396,-32,19389,56,33,79,16,0,0,0,0,0,0,0,-32286,0,0,0,0,0,2903330,0
2790816,9588,-3208,-298,955,26,-440,5004,352,-37,-1387,-40,19393,60,33,79,16,0,0,0,0,0,0,0,-32287,0,0,0,0,0,2903345,0
2790821,9640,-3604,-308,1023,-47,-454,5089,362,-15,-1384,-40,19393,60,33,79,16,0,0,0,0,0,0,0,-32287,0,0,0,0,0,2903350,0
2790826,9630,-3748,-338,1004,-125,-441,5166,342,-4,-1390,-40,19394,61,33,79,16,0,0,0,0,0,0,0,-32287,0,0,0,0,0,2903365,0
2790831,9648,-3684,-252,943,-232,-453,5238,320,-9,-1394,-72,19394,61,33,79,16,0,0,0,0,0,0,0,-32287,0,0,0,0,0,2903370,0
2790836,9464,-3872,-86,707,-402,-409,5302,277,-45,-1391,-104,19388,61,33,79,16,0,0,0,0,0,0,0,-32287,0,0,0,0,0,2903385,0
2790841,9332,-3752,140,625,-515,-415,5359,250,-81,-1404,-120,19388,61,33,79,16,0,0,0,0,0,0,0,-32286,0,0,0,0,0,2903390,0
2790846,9360,-3832,332,577,-542,-397,5408,211,-106,-1385,-168,19382,58,33,79,16,0,0,0,0,0,0,0,-32286,0,0,0,0,0,2903404,0
2790851,9226,-3952,614,511,-584,-336,5445,158,-127,-1395,-184,19382,58,33,79,16,0,0,0,0,0,0,0,-32286,0,0,0,0,0,2903409,0
2790856,9140,-3530,1252,444,-535,-278,5474,128,-138,-1384,-272,19380,75,33,79,16,0,0,0,0,0,0,0,-32286,0,0,0,0,0,2903424,0
2790861,8572,-3008,1608,336,-483,-257,5485,53,-158,-1343,-432,19380,75,33,79,16,0,0,0,0,0,0,0,-32286,0,0,0,0,0,2903429,0
2790866,8754,-2702,1598,262,-386,-248,5486,-1,-185,-1337,-512,19380,96,33,79,16,0,0,0,0,0,0,0,-32286,0,0,0,0,0,2903444,0
2790871,8580,-2364,1592,184,-268,-271,5479,-27,-184,-1378,-528,19380,96,33,79,16,0,0,0,0,0,0,0,-32286,0,0,0,0,0,2903449,0
2790876,8508,-2344,1296,94,-221,-371,5471,-34,-155,-1379,-544,19376,99,33,79,16,0,0,0,0,0,0,0,-32286,0,0,0,0,0,2903464,0
2790881,8464,-2440,1110,83,-240,-427,5460,-50,-111,-1384,-560,19376,99,33,79,16,0,0,0,0,0,0,0,-32286,0,0,0,0,0,2903469,0
2790886,8486,-2516,934,56,-254,-504,5449,-55,-65,-1386,-552,19371,107,33,79,16,0,0,0,0,0,0,0,-32286,0,0,0,0,0,2903484,0
2790891,8574,-2678,796,41,-253,-583,5441,-42,-27,-1393,-552,19371,107,33,79,16,0,0,0,0,0,0,0,-32286,0,0,0,0,0,2903489,0
2790896,8610,-3396,506,70,-307,-741,5434,-28,-2,-1390,-552,19370,113,33,79,16,0,0,0,0,0,0,0,-32286,0,0,0,0,0,2903504,0
2790901,8580,-3792,390,76,-340,-803,5421,-62,1,-1373,-648,19370,113,33,79,16,0,0,0,0,0,0,0,-32286,0,0,0,0,0,2903509,0
2790906,8482,-4304,376,-8,-353,-815,5394,-132,-26,-1319,-896,19369,117,33,79,16,0,0,0,0,0,0,0,-32286,0,0,0,0,0,2903524,0
2790911,8222,-4770,448,-206,-343,-811,5344,-234,-108,-1317,-1080,19369,117,33,79,16,0,0,0,0,0,0,0,-32286,0,0,0,0,0,2903529,0
2790916,7888,-5924,928,-519,-233,-737,5267,-347,-205,-1340,-1440,19368,120,33,79,16,0,0,0,0,0,0,0,-32286,0,0,0,0,0,2903544,0
2790921,7540,-6598,1190,-618,-157,-664,5157,-500,-321,-1324,-1824,19368,120,33,79,16,0,0,0,0,0,0,0,-32287,0,0,0,0,0,2903549,0
2790926,7032,-7090,1404,-749,-31,-569,5009,-673,-420,-1402,-2216,19362,145,33,79,16,0,0,0,0,0,0,0,-32287,0,0,0,0,0,2903564,0
2790931,6654,-7412,1650,-840,110,-478,4824,-832,-491,-1400,-2512,19362,145,33,79,16,0,0,0,0,0,0,0,-32287,0,0,0,0,0,2903569,0
2790936,5524,-8258,1894,-866,426,-207,4600,-998,-545,-1395,-2872,19353,190,33,79,16,0,0,0,0,0,0,0,-32286,0,0,0,0,0,2903584,0
2790941,4892,-8334,1934,-898,509,-97,4344,-1139,-566,-1405,-3168,19353,190,33,79,16,0,0,0,0,0,0,0,-32287,0,0,0,0,0,2903589,0
2790946,4584,-8732,1828,-842,649,34,4058,-1267,-550,-1390,-3400,19344,237,33,79,16,0,0,0,0,0,0,0,-32287,0,0,0,0,0,2903604,0
2790951,3860,-8664,1962,-768,710,146,3747,-1367,-506,-1388,-3520,19344,237,33,79,16,0,0,0,0,0,0,0,-32286,0,0,0,0,0,2903609,0
2790956,3186,-8640,1640,-392,720,303,3419,-1442,-444,-1421,-3704,19336,281,33,79,16,0,0,0,0,0,0,0,-32287,0,0,0,0,0,2903624,0
2790961,2958,-8730,1446,-163,665,393,3078,-1495,-362,-1397,-3744,19336,281,33,79,16,0,0,0,0,0,0,0,-32286,0,0,0,0,0,2903629,0
2790966,2742,-8166,1302,-13,597,434,2734,-1519,-271,-1398,-3792,19329,316,33,79,16,0,0,0,0,0,0,0,-32287,0,0,0,0,0,2903644,0
2790971,3138,-7934,1042,142,568,494,2386,-1527,-188,-1386,-3864,19329,316,33,79,16,0,0,0,0,0,0,0,-32287,0,0,0,0,0,2903649,0
2790976,3212,-7050,680,483,313,517,2041,-1519,-107,-1381,-3848,19323,337,33,79,16,0,0,0,0,0,0,0,-32286,0,0,0,0,0,2903664,0
2790981,3644,-7170,416,663,201,584,1696,-1514,-46,-1380,-3776,19323,337,33,79,16,0,0,0,0,0,0,0,-32287,0,0,0,0,0,2903669,0
2790986,3832,-6386,402,800,11,576,1351,-1516,-9,-1384,-3832,19318,350,33,79,16,0,0,0,0,0,0,0,-32286,0,0,0,0,0,2903684,0
2790991,4598,-5970,306,873,-79,581,1007,-1516,11,-1401,-3792,19318,350,33,79,16,0,0,0,0,0,0,0,-32287,0,0,0,0,0,2903689,0
2790996,5654,-5030,158,973,-394,520,665,-1508,14,-1398,-3712,19318,379,33,79,16,0,0,0,0,0,0,0,-32286,0,0,0,0,0,2903704,0
2791001,6270,-4882,82,976,-498,543,323,-1508,12,-1399,-3736,19318,379,33,79,16,0,0,0,0,0,0,0,-32287,0,0,0,0,0,2903708,0
2791006,6716,-4010,288,897,-631,515,-20,-1512,9,-1399,-3664,19321,381,33,79,16,0,0,0,0,0,0,0,-32287,0,0,0,0,0,2903723,0
2791011,7564,-3702,430,768,-661,495,-361,-1503,9,-1400,-3672,19321,381,33,79,16,0,0,0,0,0,0,0,-32287,0,0,0,0,0,2903728,0
2791016,8534,-2970,692,547,-816,442,-700,-1493,3,-1379,-3712,19321,376,33,79,16,0,0,0,0,0,0,0,-32287,0,0,0,0,0,2903743,0
2791021,9092,-2776,842,388,-785,428,-1036,-1483,11,-1374,-3656,19321,376,33,79,16,0,0,0,0,0,0,0,-32286,0,0,0,0,0,2903748,0
2791026,9434,-2382,1228,269,-798,395,-1368,-1462,29,-1377,-3712,19321,363,33,79,16,0,0,0,0,0,0,0,-32287,0,0,0,0,0,2903763,0
2791031,9740,-1960,1502,170,-733,321,-1694,-1429,50,-1379,-3560,19321,363,33,79,16,0,0,0,0,0,0,0,-32286,0,0,0,0,0,2903768,0
2791036,10432,-1508,1968,-15,-541,214,-1951,-1414,64,-1394,-3552,19320,337,33,79,16,0,0,0,0,0,0,0,-32288,0,0,0,0,0,2903783,0
2791041,10554,-1174,2316,-178,-336,170,-2266,-1385,80,-1387,-3440,19320,337,33,79,16,0,0,0,0,0,0,0,-32287,0,0,0,0,0,2903788,0
2791046,10520,-1028,2682,-343,-118,92,-2575,-1352,90,-1388,-3400,19323,324,33,79,16,0,0,0,0,0,0,0,-32286,0,0,0,0,0,2903803,0
2791051,10678,-1380,2912,-456,134,48,-2875,-1325,96,-1407,-3352,19323,324,33,79,16,0,0,0,0,0,0,0,-32287,0,0,0,0,0,2903808,0
2791056,10444,-1810,3374,-543,635,-70,-3168,-1285,104,-1389,-3184,19325,326,33,79,16,0,0,0,0,0,0,0,-32286,0,0,0,0,0,2903823,0
2791061,10162,-1754,3322,-553,863,-132,-3450,-1237,118,-1389,-3056,19325,326,33,79,16,0,0,0,0,0,0,0,-32287,0,0,0,0,0,2903828,0
2791066,9944,-1920,3164,-603,1131,-194,-3725,-1201,125,-1393,-2976,19328,320,33,79,16,0,0,0,0,0,0,0,-32287,0,0,0,0,0,2903843,0
2791071,9608,-2108,2744,-622,1298,-239,-3987,-1158,140,-1391,-2872,19328,320,33,79,16,0,0,0,0,0,0,0,-32286,0,0,0,0,0,2903848,0
2791076,8814,-2678,2142,-725,1555,-321,-4241,-1112,148,-1391,-2768,19328,309,33,79,16,0,0,0,0,0,0,0,-32287,0,0,0,0,0,2903863,0
2791081,8360,-2904,1720,-722,1640,-344,-4485,-1072,151,-1385,-2760,19328,309,33,79,16,0,0,0,0,0,0,0,-32287,0,0,0,0,0,2903868,0
2791086,8038,-3168,1366,-714,1653,-343,-4720,-1034,148,-1403,-2688,19332,302,33,79,16,0,0,0,0,0,0,0,-32286,0,0,0,0,0,2903883,0
2791091,7682,-3166,1006,-707,1632,-356,-4948,-993,138,-1390,-2624,19332,302,33,79,16,0,0,0,0,0,0,0,-32287,0,0,0,0,0,2903888,0
2791096,7168,-3382,314,-772,1543,-354,-5167,-966,132,-1370,-2520,19336,276,33,79,16,0,0,0,0,0,0,0,-32287,0,0,0,0,0,2903903,0
2791101,6874,-3698,142,-800,1470,-319,-5380,-938,122,-1372,-2544,19336,276,33,79,16,0,0,0,0,0,0,0,-32286,0,0,0,0,0,2903908,0
2791106,6538,-3704,48,-835,1383,-299,-5591,-915,101,-1408,-2480,19339,273,33,79,16,0,0,0,0,0,0,0,-32286,0,0,0,0,0,2903923,0
2791111,6520,-3778,-116,-820,1280,-282,-5795,-896,91,-1362,-2424,19339,273,33,79,16,0,0,0,0,0,0,0,-32287,0,0,0,0,0,2903928,0
2791116,6024,-3848,-72,-885,1089,-228,-5997,-885,72,-1406,-2440,19341,251,33,79,16,0,0,0,0,0,0,0,-32287,0,0,0,0,0,2903943,0
2791121,6082,-4068,-46,-842,1022,-178,-6196,-871,62,-1380,-2344,19341,251,33,79,16,0,0,0,0,0,0,0,-32287,0,0,0,0,0,2903948,0
2791126,5838,-3818,140,-841,929,-172,-6392,-868,50,-1393,-2440,19341,243,33,79,16,0,0,0,0,0,0,0,-32286,0,0,0,0,0,2903963,0
2791131,6010,-3742,134,-845,878,-153,-6587,-855,40,-1382,-2320,19341,243,33,79,16,0,0,0,0,0,0,0,-32287,0,0,0,0,0,2903968,0
2791136,5752,-3678,514,-962,870,-72,-6784,-865,25,-1387,-2432,19339,244,33,79,16,0,0,0,0,0,0,0,-32287,0,0,0,0,0,2903983,0
2791141,6178,-3730,640,-953,900,-35,-6979,-850,101,-1390,-2312,19339,244,33,79,16,0,0,0,0,0,0,0,-32286,0,0,0,0,0,2903988,0
2791146,6050,-3694,880,-954,917,-8,-7173,-860,94,-1392,-2408,19342,249,33,79,16,0,0,0,0,0,0,0,-32287,0,0,0,0,0,2904003,0
2791151,6128,-3780,1016,-957,913,29,-7365,-850,50,-1395,-2272,19342,249,33,79,16,0,0,0,0,0,0,0,-32287,0,0,0,0,0,2904008,0
2791156,6268,-3538,1288,-990,1000,92,-7558,-846,11,-1401,-2336,19343,251,33,79,16,0,0,0,0,0,0,0,-32287,0,0,0,0,0,2904023,0
2791161,6360,-3458,1402,-1022,1061,132,-7749,-844,-29,-1388,-2224,19343,251,33,79,16,0,0,0,0,0,0,0,-32286,0,0,0,0,0,2904028,0
2791166,6456,-3342,1454,-1056,1127,147,-7935,-818,20,-1402,-2248,19343,247,33,79,16,0,0,0,0,0,0,0,-32287,0,0,0,0,0,2904043,0
2791171,6478,-3334,1546,-1064,1193,176,-8117,-803,37,-1374,-2184,19343,247,33,79,16,0,0,0,0,0,0,0,-32287,0,0,0,0,0,2904048,0
2791176,6448,-2970,1648,-1049,1294,207,-8294,-780,48,-1413,-2040,19341,240,33,79,16,0,0,0,0,0,0,0,-32287,0,0,0,0,0,2904063,0
2791181,6572,-3108,1574,-1017,1361,235,-8458,-720,77,-1385,-1984,19341,240,33,79,16,0,0,0,0,0,0,0,-32287,0,0,0,0,0,2904068,0
2791186,6378,-2886,1492,-1011,1367,239,-8615,-682,108,-1401,-1888,19341,234,33,79,16,0,0,0,0,0,0,0,-32287,0,0,0,0,0,2904083,0
2791191,6478,-2664,1408,-1004,1389,200,-8755,-610,137,-1405,-1776,19341,234,33,79,16,0,0,0,0,0,0,0,-32287,0,0,0,0,0,2904088,0
2791196,6318,-2488,1194,-956,1385,193,-8882,-539,169,-1380,-1600,19346,232,33,79,16,0,0,0,0,0,0,0,-32287,0,0,0,0,0,2904103,0
2791201,6116,-2338,1152,-977,1341,169,-8996,-483,201,-1385,-1416,19346,232,33,79,16,0,0,0,0,0,0,0,-32287,0,0,0,0,0,2904108,0
2791206,6166,-2218,1042,-959,1330,126,-9093,-420,213,-1381,-1256,19354,208,33,79,16,0,0,0,0,0,0,0,-32287,0,0,0,0,0,2904122,0
2791211,6092,-2044,968,-922,1297,96,-9171,-339,229,-1403,-1160,19354,208,33,79,16,0,0,0,0,0,0,0,-32287,0,0,0,0,0,2904127,0
2791216,5890,-1910,742,-887,1113,11,-9232,-260,248,-1409,-936,19357,175,33,79,16,0,0,0,0,0,0,0,-32286,0,0,0,0,0,2904142,0
2791221,5890,-1600,634,-865,1037,-68,-9274,-176,262,-1426,-792,19357,175,33,79,16,0,0,0,0,0,0,0,-32286,0,0,0,0,0,2904147,0
2791226,5998,-1842,458,-865,973,-59,-9302,-118,268,-1396,-744,19360,147,33,79,16,0,0,0,0,0,0,0,-32286,0,0,0,0,0,2904162,0
2791231,5666,-1578,570,-959,909,-112,-9321,-79,253,-1414,-624,19360,147,33,79,16,0,0,0,0,0,0,0,-32286,0,0,0,0,0,2904167,0
2791236,5824,-1764,612,-969,854,-186,-9327,-19,215,-1443,-504,19362,136,33,79,16,0,0,0,0,0,0,0,-32286,0,0,0,0,0,2904182,0
2791241,5778,-1990,652,-989,805,-181,-9325,15,192,-1411,-496,19362,136,33,79,16,0,0,0,0,0,0,0,-32286,0,0,0,0,0,2904190,0
2791246,5700,-2054,680,-1071,838,-189,-9324,5,147,-1386,-496,19364,127,33,79,16,0,0,0,0,0,0,0,-32287,0,0,0,0,0,2904205,0
2791251,5806,-2152,800,-1141,927,-178,-9324,1,96,-1387,-504,19364,127,33,79,16,0,0,0,0,0,0,0,-32286,0,0,0,0,0,2904210,0
2791256,5754,-2458,976,-1193,1035,-155,-9324,2,44,-1389,-512,19368,119,33,79,16,0,0,0,0,0,0,0,-32286,0,0,0,0,0,2904225,0
2791261,5772,-2628,1000,-1183,1050,-150,-9322,11,2,-1389,-496,19368,119,33,79,16,0,0,0,0,0,0,0,-32286,0,0,0,0,0,2904230,0
2791266,5808,-2746,980,-1152,1078,-145,-9321,9,-2,-1388,-496,19369,110,33,79,16,0,0,0,0,0,0,0,-32287,0,0,0,0,0,2904245,0
2791271,5870,-2750,952,-1119,1093,-127,-9320,9,5,-1388,-512,19369,110,33,79,16,0,0,0,0,0,0,0,-32286,0,0,0,0,0,2904250,0
2791276,5900,-2766,1004,-1139,1109,-114,-9319,8,2,-1388,-504,19370,104,33,79,16,0,0,0,0,0,0,0,-32286,0,0,0,0,0,2904265,0
2791281,5956,-2846,1014,-1145,1129,-106,-9317,12,1,-1389,-504,19370,104,33,79,16,0,0,0,0,0,0,0,-32286,0,0,0,0,0,2904270,0
2791286,6006,-2876,1056,-1136,1141,-89,-9316,9,2,-1388,-504,19369,98,33,79,16,0,0,0,0,0,0,0,-32286,0,0,0,0,0,2904285,0
2791291,6064,-3032,1068,-1126,1149,-69,-9313,16,2,-1389,-504,19369,98,33,79,16,0,0,0,0,0,0,0,-32286,0,0,0,0,0,2904290,0
2791296,6182,-3182,1154,-1122,1157,-37,-9310,7,1,-1390,-512,19371,102,33,79,16,0,0,0,0,0,0,0,-32286,0,0,0,0,0,2904305,0
2791301,6154,-3194,1220,-1130,1154,-27,-9308,13,2,-1390,-504,19371,102,33,79,16,0,0,0,0,0,0,0,-32286,0,0,0,0,0,2904310,0
2791306,6194,-3204,1246,-1110,1140,-11,-9305,15,3,-1388,-504,19372,111,33,79,16,0,0,0,0,0,0,0,-32286,0,0,0,0,0,2904325,0
2791311,6272,-3186,1214,-1097,1131,5,-9299,20,2,-1387,-504,19372,111,33,79,16,0,0,0,0,0,0,0,-32286,0,0,0,0,0,2904330,0
2791316,6378,-3228,1230,-1079,1088,8,-9296,20,2,-1389,-496,19372,117,33,79,16,0,0,0,0,0,0,0,-32287,0,0,0,0,0,2904345,0
2791321,6464,-3208,1174,-1066,1056,14,-9292,22,2,-1398,-464,19372,117,33,79,16,0,0,0,0,0,0,0,-32286,0,0,0,0,0,2904350,0
2791326,6470,-3154,1210,-1057,997,-7,-9285,30,5,-1402,-424,19370,118,33,79,16,0,0,0,0,0,0,0,-32286,0,0,0,0,0,2904365,0
2791331,6584,-3092,1122,-1028,922,-39,-9272,70,17,-1422,-288,19370,118,33,79,16,0,0,0,0,0,0,0,-32286,0,0,0,0,0,2904370,0
2791336,6870,-2814,952,-862,637,-166,-9244,133,64,-1449,-160,19369,125,33,79,16,0,0,0,0,0,0,0,-32286,0,0,0,0,0,2904385,0
2791341,7040,-2942,752,-818,453,-217,-9198,210,121,-1408,-112,19369,125,33,79,16,0,0,0,0,0,0,0,-32287,0,0,0,0,0,2904390,0
2791346,7166,-2716,674,-782,218,-285,-9140,267,181,-1375,-72,19371,101,33,79,16,0,0,0,0,0,0,0,-32287,0,0,0,0,0,2904405,0
2791351,7362,-2644,660,-770,106,-352,-9067,325,217,-1363,-48,19371,101,33,79,16,0,0,0,0,0,0,0,-32287,0,0,0,0,0,2904410,0
2791356,7410,-2916,836,-774,-180,-389,-8988,350,218,-1366,-16,19375,85,33,79,16,0,0,0,0,0,0,0,-32288,0,0,0,0,0,2904425,0
2791361,7572,-2908,1014,-793,-266,-422,-8906,357,172,-1383,-40,19375,85,33,79,16,0,0,0,0,0,0,0,-32287,0,0,0,0,0,2904430,0
2791366,7744,-3100,1248,-787,-230,-398,-8825,355,108,-1386,-40,19378,70,33,79,16,0,0,0,0,0,0,0,-32287,0,0,0,0,0,2904445,0
2791371,7704,-3012,1538,-793,-246,-414,-8745,349,54,-1388,-40,19378,70,33,79,16,0,0,0,0,0,0,0,-32287,0,0,0,0,0,2904450,0
2791376,8072,-3102,1874,-744,-185,-429,-8664,351,10,-1388,-40,19377,56,33,79,16,0,0,0,0,0,0,0,-32286,0,0,0,0,0,2904465,0
2791381,8248,-3096,1938,-731,-151,-421,-8584,357,-3,-1385,-40,19377,56,33,79,16,0,0,0,0,0,0,0,-32286,0,0,0,0,0,2904470,0
2791386,8330,-3208,2010,-766,-83,-381,-8512,315,-14,-1386,-80,19377,54,33,79,16,0,0,0,0,0,0,0,-32287,0,0,0,0,0,2904485,0
2791391,8352,-3036,2096,-823,-16,-347,-8446,286,-42,-1404,-96,19377,54,33,79,16,0,0,0,0,0,0,0,-32286,0,0,0,0,0,2904490,0
2791396,8496,-3052,2372,-900,216,-299,-8392,236,-76,-1400,-136,19376,53,33,79,16,0,0,0,0,0,0,0,-32287,0,0,0,0,0,2904505,0
2791401,8564,-3176,2396,-940,307,-242,-8341,210,-104,-1392,-136,19376,53,33,79,16,0,0,0,0,0,0,0,-32287,0,0,0,0,0,2904510,0
2791406,8468,-2806,2504,-918,363,-278,-8296,199,-122,-1394,-136,19376,60,33,79,16,0,0,0,0,0,0,0,-32287,0,0,0,0,0,2904525,0
2791411,8550,-2988,2442,-907,455,-270,-8251,200,-88,-1385,-136,19376,60,33,79,16,0,0,0,0,0,0,0,-32287,0,0,0,0,0,2904530,0
2791416,8480,-2842,2220,-852,502,-327,-8204,205,-59,-1388,-112,19377,72,33,79,16,0,0,0,0,0,0,0,-32288,0,0,0,0,0,2904545,0
2791421,8516,-2928,2102,-783,438,-355,-8154,231,-11,-1387,-128,19377,72,33,79,16,0,0,0,0,0,0,0,-32287,0,0,0,0,0,2904550,0
2791426,8328,-2792,2026,-736,448,-383,-8102,226,16,-1375,-144,19377,85,33,79,16,0,0,0,0,0,0,0,-32287,0,0,0,0,0,2904565,0
2791431,8430,-3072,1958,-766,472,-352,-8057,192,11,-1386,-152,19377,85,33,79,16,0,0,0,0,0,0,0,-32287,0,0,0,0,0,2904570,0
2791436,8390,-2996,1982,-720,563,-394,-8013,195,-1,-1390,-152,19379,82,33,79,16,0,0,0,0,0,0,0,-32287,0,0,0,0,0,2904584,0
2791441,8246,-2948,1994,-670,507,-403,-7967,201,-24,-1382,-176,19379,82,33,79,16,0,0,0,0,0,0,0,-32287,0,0,0,0,0,2904589,0
2791446,8178,-2912,1932,-674,577,-400,-7931,161,-45,-1394,-152,19378,76,33,79,16,0,0,0,0,0,0,0,-32286,0,0,0,0,0,2904604,0
2791451,8306,-2826,1914,-639,557,-408,-7895,152,-42,-1392,-208,19378,76,33,79,16,0,0,0,0,0,0,0,-32286,0,0,0,0,0,2904609,0
2791456,8214,-2370,2008,-603,591,-434,-7859,161,-44,-1388,-176,19378,80,33,79,16,0,0,0,0,0,0,0,-32286,0,0,0,0,0,2904624,0
2791461,8408,-2562,1908,-589,642,-391,-7822,158,-30,-1388,-176,19378,80,33,79,16,0,0,0,0,0,0,0,-32286,0,0,0,0,0,2904629,0
2791466,8158,-2058,1998,-614,593,-447,-7779,194,-6,-1396,-136,19377,83,33,79,16,0,0,0,0,0,0,0,-32286,0,0,0,0,0,2904644,0
2791471,8538,-2318,1840,-613,612,-415,-7734,200,25,-1386,-128,19377,83,33,79,16,0,0,0,0,0,0,0,-32287,0,0,0,0,0,2904649,0
2791476,8498,-1950,1854,-676,563,-439,-7681,226,55,-1390,-96,19374,93,33,79,16,0,0,0,0,0,0,0,-32286,0,0,0,0,0,2904664,0
2791481,8242,-1726,1866,-740,509,-410,-7623,255,69,-1384,-104,19374,93,33,79,16,0,0,0,0,0,0,0,-32286,0,0,0,0,0,2904669,0
2791486,8244,-1452,1916,-831,535,-416,-7564,261,78,-1378,-96,19376,90,33,79,16,0,0,0,0,0,0,0,-32287,0,0,0,0,0,2904684,0
2791491,8366,-1556,2002,-924,554,-399,-7499,296,68,-1383,-56,19376,90,33,79,16,0,0,0,0,0,0,0,-32287,0,0,0,0,0,2904689,0
2791496,8486,-1610,2158,-989,452,-405,-7423,334,76,-1363,-16,19379,86,33,79,16,0,0,0,0,0,0,0,-32288,0,0,0,0,0,2904704,0
2791501,8808,-1650,2300,-1008,388,-445,-7333,409,104,-1372,16,19379,86,33,79,16,0,0,0,0,0,0,0,-32287,0,0,0,0,0,2904709,0
2791506,9392,-1894,2454,-1038,300,-467,-7221,504,166,-1349,88,19381,72,33,79,16,0,0,0,0,0,0,0,-32287,0,0,0,0,0,2904724,0
2791511,9856,-2246,2546,-1078,164,-489,-7083,617,244,-1303,152,19381,72,33,79,16,0,0,0,0,0,0,0,-32287,0,0,0,0,0,2904729,0
2791516,11182,-3142,2622,-1221,5,-527,-6920,718,307,-1326,288,19384,49,33,79,16,0,0,0,0,0,0,0,-32286,0,0,0,0,0,2904744,0
2791521,11742,-3752,2604,-1277,-92,-558,-6730,852,363,-1385,552,19384,49,33,79,16,0,0,0,0,0,0,0,-32287,0,0,0,0,0,2904749,0
2791526,12250,-4478,2436,-1294,-137,-580,-6516,954,385,-1390,784,19387,23,33,79,16,0,0,0,0,0,0,0,-32288,0,0,0,0,0,2904764,0
2791531,12486,-5160,2346,-1249,-146,-640,-6282,1052,381,-1394,1000,19387,23,33,79,16,0,0,0,0,0,0,0,-32287,0,0,0,0,0,2904769,0
2791536,12072,-6136,1932,-915,-109,-763,-6028,1121,360,-1385,1144,19393,-11,33,79,16,0,0,0,0,0,0,0,-32286,0,0,0,0,0,2904784,0
2791541,11488,-6402,1662,-753,-75,-830,-5756,1200,333,-1281,2208,19393,-11,33,79,16,0,0,0,0,0,0,0,-32288,0,0,0,0,0,2904789,0
2791546,11020,-5360,1468,-297,-306,-1251,-5422,1508,367,-440,3240,19396,-15,33,79,16,0,0,0,0,0,0,0,-32287,0,0,0,0,0,2904804,0
2791551,11086,-6168,370,372,-626,-1528,-5008,1852,554,-83,4024,19396,-15,33,79,16,0,0,0,0,0,0,0,-32287,0,0,0,0,0,2904809,0
2791556,9980,-5540,-1046,1337,-1845,-2107,-4523,2164,798,4,4624,19391,7,33,79,16,0,0,0,0,0,0,0,-32287,0,0,0,0,0,2904824,0
2791561,9248,-5124,-954,1555,-2206,-2310,-3987,2381,974,43,4952,19391,7,33,79,16,0,0,0,0,0,0,0,-32287,0,0,0,0,0,2904829,0
2791566,8984,-5070,-120,1546,-2347,-2414,-3421,2503,983,47,5096,19383,45,33,79,16,0,0,0,0,0,0,0,-32287,0,0,0,0,0,2904844,0
2791571,8434,-5702,696,1409,-2353,-2424,-2838,2566,774,31,5168,19383,45,33,79,16,0,0,0,0,0,0,0,-32287,0,0,0,0,0,2904849,0
2791576,7084,-7604,1898,1081,-2125,-2228,-2259,2545,499,25,5088,19374,87,33,79,16,0,0,0,0,0,0,0,-32287,0,0,0,0,0,2904864,0
2791581,6398,-8710,2230,887,-1876,-1959,-1687,2508,244,6,5016,19374,87,33,79,16,0,0,0,0,0,0,0,-32287,0,0,0,0,0,2904869,0
2791586,5190,-9632,3626,595,-1251,-1636,-1122,2478,50,11,4912,19372,101,33,79,16,0,0,0,0,0,0,0,-32287,0,0,0,0,0,2904884,0
2791591,3998,-10050,2964,312,-996,-1336,-563,2461,-51,10,4832,19372,101,33,79,16,0,0,0,0,0,0,0,-32287,0,0,0,0,0,2904889,0
2791596,3430,-8292,2742,613,-45,-1011,-11,2423,-99,17,4688,19374,97,33,79,16,0,0,0,0,0,0,0,-32286,0,0,0,0,0,2904904,0
2791601,3796,-7190,2342,1067,257,-1031,521,2341,-127,22,4480,19374,97,33,79,16,0,0,0,0,0,0,0,-32287,0,0,0,0,0,2904909,0
2791606,3224,-7654,1632,1129,418,-872,1024,2204,-185,10,4184,19374,89,33,79,16,0,0,0,0,0,0,0,-32286,0,0,0,0,0,2904924,0
2791611,2240,-7330,650,1012,411,-704,1495,2055,-284,1,3888,19374,89,33,79,16,0,0,0,0,0,0,0,-32287,0,0,0,0,0,2904929,0
2791616,2738,-5902,-378,1055,236,-665,1933,1914,-393,-5,3584,19374,86,33,79,16,0,0,0,0,0,0,0,-32286,0,0,0,0,0,2904944,0
2791621,3978,-6006,-784,2940,-1030,-1410,2325,1700,-481,17,3048,19374,86,33,79,16,0,0,0,0,0,0,0,-32287,0,0,0,0,0,2904948,0
2791626,3290,-7148,-2298,2842,-657,-769,2667,1481,-582,20,2576,19376,83,33,79,16,0,0,0,0,0,0,0,-32287,0,0,0,0,0,2904963,0
2791631,1792,-2708,-882,2430,-1468,-1092,2953,1237,-666,22,1976,19376,83,33,79,16,0,0,0,0,0,0,0,-32286,0,0,0,0,0,2904968,0
2791636,3484,-2406,-660,417,-476,-497,3180,969,-756,32,1368,19377,87,33,79,16,0,0,0,0,0,0,0,-32286,0,0,0,0,0,2904983,0
2791641,3880,-4210,-336,-428,-118,-254,3349,725,-837,19,824,19377,87,33,79,16,0,0,0,0,0,0,0,-32287,0,0,0,0,0,2904988,0
2791646,3790,-5482,244,-645,77,-49,3461,466,-867,12,160,19379,83,33,79,16,0,0,0,0,0,0,0,-32287,0,0,0,0,0,2905003,0
2791651,3768,-6496,746,-578,217,147,3520,239,-879,-32,-8,19379,83,33,79,16,0,0,0,0,0,0,0,-32287,0,0,0,0,0,2905008,0
2791656,3870,-6278,1146,-456,412,546,3536,49,-851,-50,-8,19378,80,33,79,16,0,0,0,0,0,0,0,-32287,0,0,0,0,0,2905023,0
2791661,4498,-5844,856,-310,319,615,3528,-35,-755,-1,-32,19378,80,33,79,16,0,0,0,0,0,0,0,-32287,0,0,0,0,0,2905028,0
2791666,5226,-5576,804,-104,263,663,3511,-80,-593,4,-40,19379,74,33,79,16,0,0,0,0,0,0,0,-32287,0,0,0,0,0,2905043,0
2791671,5552,-5192,984,131,79,646,3490,-102,-398,3,-40,19379,74,33,79,16,0,0,0,0,0,0,0,-32287,0,0,0,0,0,2905048,0
2791676,6696,-4414,722,559,-368,544,3474,-66,-207,-5,-24,19377,73,33,79,16,0,0,0,0,0,0,0,-32287,0,0,0,0,0,2905063,0
2791681,6994,-3868,456,518,-559,511,3467,-25,-57,-3,-16,19377,73,33,79,16,0,0,0,0,0,0,0,-32287,0,0,0,0,0,2905068,0
2791686,7284,-3372,198,347,-668,478,3467,0,36,-4,0,19376,67,33,79,16,0,0,0,0,0,0,0,-32287,0,0,0,0,0,2905083,0
2791691,7468,-3078,50,140,-702,438,3467,-3,81,0,0,19376,67,33,79,16,0,0,0,0,0,0,0,-32287,0,0,0,0,0,2905088,0
2791696,7422,-3388,-34,46,-780,257,3468,2,81,2,-8,19376,64,33,79,16,0,0,0,0,0,0,0,-32287,0,0,0,0,0,2905103,0
2791701,7340,-3650,2,144,-854,160,3468,-3,43,1,0,19376,64,33,79,16,0,0,0,0,0,0,0,-32287,0,0,0,0,0,2905108,0
2791706,7284,-3826,66,268,-925,68,3468,-4,12,1,0,19378,51,33,79,16,0,0,0,0,0,0,0,-32287,0,0,0,0,0,2905123,0
2791711,7246,-3836,54,348,-967,3,3469,1,0,1,0,19378,51,33,79,16,0,0,0,0,0,0,0,-32287,0,0,0,0,0,2905128,0
2791716,6956,-3816,106,364,-1021,-71,3467,0,0,0,0,19377,61,33,79,16,0,0,0,0,0,0,0,-32287,0,0,0,0,0,2905143,0
2791721,6806,-3910,-84,270,-1051,-24,3470,5,3,0,0,19377,61,33,79,16,0,0,0,0,0,0,0,-32287,0,0,0,0,0,2905148,0
2791726,6342,-3726,-100,44,-1004,22,3473,21,10,-4,16,19381,71,33,79,16,0,0,0,0,0,0,0,-32287,0,0,0,0,0,2905163,0
2791731,6392,-3836,-198,-4,-1066,12,3482,40,29,-2,16,19381,71,33,79,16,0,0,0,0,0,0,0,-32287,0,0,0,0,0,2905168,0
2791736,6272,-3954,90,356,-1156,-59,3492,44,39,0,16,19382,81,33,79,16,0,0,0,0,0,0,0,-32287,0,0,0,0,0,2905183,0
2791741,6466,-4186,34,499,-1198,-35,3499,22,30,2,0,19382,81,33,79,16,0,0,0,0,0,0,0,-32287,0,0,0,0,0,2905188,0
2791746,6258,-3822,186,427,-1210,0,3499,-8,6,3,-8,19383,89,33,79,16,0,0,0,0,0,0,0,-32287,0,0,0,0,0,2905203,0
2791751,6480,-3592,194,350,-1178,-1,3501,4,-23,1,0,19383,89,33,79,16,0,0,0,0,0,0,0,-32287,0,0,0,0,0,2905208,0
2791756,6648,-3678,410,455,-1098,12,3500,-3,-44,0,0,19379,81,33,79,16,0,0,0,0,0,0,0,-32287,0,0,0,0,0,2905223,0
2791761,6918,-3770,486,597,-1082,20,3501,0,-29,1,-8,19379,81,33,79,16,0,0,0,0,0,0,0,-32287,0,0,0,0,0,2905228,0
2791766,7018,-3558,632,725,-1080,13,3500,-2,-14,0,0,19377,80,33,79,16,0,0,0,0,0,0,0,-32287,0,0,0,0,0,2905243,0
2791771,7244,-3416,618,798,-1044,17,3500,0,-2,2,-8,19377,80,33,79,16,0,0,0,0,0,0,0,-32287,0,0,0,0,0,2905248,0
2791776,7528,-2992,686,738,-888,79,3500,0,-3,0,-8,19375,83,33,79,16,0,0,0,0,0,0,0,-32287,0,0,0,0,0,2905263,0
2791781,7644,-2990,648,694,-811,101,3500,-1,0,0,0,19375,83,33,79,16,0,0,0,0,0,0,0,-32287,0,0,0,0,0,2905267,0
2791786,7698,-3082,538,719,-746,135,3502,3,0,0,0,19376,90,33,79,16,0,0,0,0,0,0,0,-32287,0,0,0,0,0,2905282,0
2791791,7668,-3040,504,735,-723,169,3503,7,5,1,8,19376,90,33,79,16,0,0,0,0,0,0,0,-32286,0,0,0,0,0,2905287,0
2791796,7662,-2852,422,608,-638,273,3505,11,7,0,0,19378,89,33,79,16,0,0,0,0,0,0,0,-32286,0,0,0,0,0,2905302,0
2791801,7612,-2780,400,492,-580,327,3510,28,10,0,8,19378,89,33,79,16,0,0,0,0,0,0,0,-32287,0,0,0,0,0,2905307,0
2791806,7606,-2818,404,377,-511,392,3517,34,20,0,24,19379,84,33,79,16,0,0,0,0,0,0,0,-32287,0,0,0,0,0,2905322,0
2791811,7570,-2818,530,314,-451,419,3537,84,42,-2,48,19379,84,33,79,16,0,0,0,0,0,0,0,-32287,0,0,0,0,0,2905327,0
2791816,7710,-2910,598,605,-416,368,3570,157,89,-10,96,19376,75,33,79,16,0,0,0,0,0,0,0,-32287,0,0,0,0,0,2905342,0
2791821,7662,-2704,598,731,-438,330,3621,225,147,-2,160,19376,75,33,79,16,0,0,0,0,0,0,0,-32287,0,0,0,0,0,2905347,0
2791826,7858,-2604,432,833,-498,292,3691,317,209,-3,296,19377,77,33,79,16,0,0,0,0,0,0,0,-32287,0,0,0,0,0,2905362,0
2791831,7766,-2476,354,898,-520,286,3772,365,240,2,344,19377,77,33,79,16,0,0,0,0,0,0,0,-32287,0,0,0,0,0,2905367,0
2791836,7790,-2312,52,883,-620,210,3863,409,234,-9,448,19379,80,33,79,16,0,0,0,0,0,0,0,-32287,0,0,0,0,0,2905382,0
2791841,7640,-2220,6,891,-639,176,3961,432,195,-12,520,19379,80,33,79,16,0,0,0,0,0,0,0,-32287,0,0,0,0,0,2905387,0
2791846,7638,-2062,12,898,-697,120,4069,483,163,-13,672,19380,73,33,79,16,0,0,0,0,0,0,0,-32287,0,0,0,0,0,2905402,0
2791851,7584,-2112,28,930,-713,83,4186,513,137,2,720,19380,73,33,79,16,0,0,0,0,0,0,0,-32287,0,0,0,0,0,2905407,0
2791856,7384,-2136,74,894,-753,81,4304,523,118,19,688,19378,61,33,79,16,0,0,0,0,0,0,0,-32287,0,0,0,0,0,2905422,0
2791861,7302,-2240,102,790,-740,102,4422,523,94,14,680,19378,61,33,79,16,0,0,0,0,0,0,0,-32287,0,0,0,0,0,2905427,0
2791866,7332,-2206,198,698,-707,108,4542,530,52,3,696,19373,63,33,79,16,0,0,0,0,0,0,0,-32287,0,0,0,0,0,2905442,0
2791871,7204,-2370,254,632,-648,144,4658,517,22,0,664,19373,63,33,79,16,0,0,0,0,0,0,0,-32287,0,0,0,0,0,2905447,0
2791876,7176,-2676,456,592,-546,189,4772,489,-8,4,584,19372,63,33,79,16,0,0,0,0,0,0,0,-32287,0,0,0,0,0,2905462,0
2791881,7132,-2702,530,626,-492,181,4879,463,-36,-2,528,19372,63,33,79,16,0,0,0,0,0,0,0,-32287,0,0,0,0,0,2905467,0
2791886,7268,-2642,518,676,-448,186,4983,460,-54,-9,528,19374,69,33,79,16,0,0,0,0,0,0,0,-32287,0,0,0,0,0,2905482,0
2791891,7258,-2536,514,683,-398,201,5083,442,-65,-2,480,19374,69,33,79,16,0,0,0,0,0,0,0,-32287,0,0,0,0,0,2905487,0
2791896,7312,-2476,578,588,-275,230,5175,399,-70,13,384,19378,79,33,79,16,0,0,0,0,0,0,0,-32286,0,0,0,0,0,2905502,0
2791901,7558,-2574,502,605,-200,249,5263,379,-79,9,336,19378,79,33,79,16,0,0,0,0,0,0,0,-32286,0,0,0,0,0,2905507,0
2791906,7458,-2426,632,625,-164,218,5342,349,-88,8,280,19378,66,33,79,16,0,0,0,0,0,0,0,-32287,0,0,0,0,0,2905522,0
2791911,7690,-2538,562,668,-127,209,5418,339,-91,1,256,19378,66,33,79,16,0,0,0,0,0,0,0,-32287,0,0,0,0,0,2905527,0
2791916,7904,-2136,342,734,-144,209,5488,318,-91,5,216,19375,64,33,79,16,0,0,0,0,0,0,0,-32287,0,0,0,0,0,2905542,0
2791921,7580,-2114,458,559,20,224,5551,268,-79,1,120,19375,64,33,79,16,0,0,0,0,0,0,0,-32287,0,0,0,0,0,2905547,0
2791926,7320,-2280,372,597,-36,193,5607,242,-91,-2,104,19376,64,33,79,16,0,0,0,0,0,0,0,-32286,0,0,0,0,0,2905562,0
2791931,7734,-2372,196,553,-12,235,5655,208,-103,-9,112,19376,64,33,79,16,0,0,0,0,0,0,0,-32287,0,0,0,0,0,2905567,0
2791936,7522,-1832,376,395,38,260,5696,173,-109,0,64,19379,77,33,79,16,0,0,0,0,0,0,0,-32287,0,0,0,0,0,2905582,0
2791941,7728,-1852,428,277,118,282,5729,148,-118,0,48,19379,77,33,79,16,0,0,0,0,0,0,0,-32287,0,0,0,0,0,2905587,0
2791946,7518,-1890,470,262,158,260,5755,103,-111,1,48,19378,69,33,79,16,0,0,0,0,0,0,0,-32287,0,0,0,0,0,2905602,0
2791951,7576,-1952,364,379,151,216,5783,122,-98,-4,56,19378,69,33,79,16,0,0,0,0,0,0,0,-32287,0,0,0,0,0,2905607,0
2791956,7324,-1914,-18,547,57,212,5808,107,-69,4,40,19378,62,33,79,16,0,0,0,0,0,0,0,-32287,0,0,0,0,0,2905622,0
2791961,7390,-1778,-132,545,28,175,5837,122,-41,0,56,19378,62,33,79,16,0,0,0,0,0,0,0,-32287,0,0,0,0,0,2905627,0
2791966,7482,-1762,-200,517,58,214,5864,121,-4,0,40,19376,66,33,79,16,0,0,0,0,0,0,0,-32286,0,0,0,0,0,2905642,0
2791971,7308,-1566,-126,447,26,196,5891,115,11,1,56,19376,66,33,79,16,0,0,0,0,0,0,0,-32287,0,0,0,0,0,2905647,0
2791976,7582,-1930,-250,334,76,229,5928,156,16,-6,64,19377,72,33,79,16,0,0,0,0,0,0,0,-32287,0,0,0,0,0,2905662,0
2791981,7570,-1664,-12,298,90,213,5969,188,45,1,104,19377,72,33,79,16,0,0,0,0,0,0,0,-32286,0,0,0,0,0,2905667,0
2791986,7660,-2160,20,274,158,264,6013,190,64,3,96,19377,78,33,79,16,0,0,0,0,0,0,0,-32286,0,0,0,0,0,2905682,0
2791991,7466,-2088,150,273,111,226,6059,214,67,-5,120,19377,78,33,79,16,0,0,0,0,0,0,0,-32287,0,0,0,0,0,2905687,0
2791996,7614,-1992,264,320,143,235,6114,249,70,-5,152,19377,74,33,79,16,0,0,0,0,0,0,0,-32287,0,0,0,0,0,2905702,0
2792001,7732,-1956,240,303,190,208,6174,269,71,-2,184,19377,74,33,79,16,0,0,0,0,0,0,0,-32287,0,0,0,0,0,2905707,0
2792006,7806,-2044,178,303,209,196,6241,305,83,-2,224,19377,75,33,79,16,0,0,0,0,0,0,0,-32287,0,0,0,0,0,2905722,0
2792011,7758,-2046,188,352,201,156,6319,353,110,-7,328,19377,75,33,79,16,0,0,0,0,0,0,0,-32287,0,0,0,0,0,2905727,0
2792016,7832,-2068,140,508,136,37,6410,406,126,-16,448,19375,72,33,79,16,0,0,0,0,0,0,0,-32287,0,0,0,0,0,2905742,0
2792021,7826,-2156,66,537,116,14,6510,443,148,-14,512,19375,72,33,79,16,0,0,0,0,0,0,0,-32287,0,0,0,0,0,2905747,0
2792026,7844,-1978,42,514,67,-39,6615,461,153,0,568,19376,71,33,79,16,0,0,0,0,0,0,0,-32287,0,0,0,0,0,2905762,0
2792031,7862,-2200,-26,495,82,-46,6725,486,133,0,640,19376,71,33,79,16,0,0,0,0,0,0,0,-32287,0,0,0,0,0,2905767,0
2792036,7918,-2358,-10,529,17,-146,6821,526,114,-3,760,19379,69,33,79,16,0,0,0,0,0,0,0,-32287,0,0,0,0,0,2905782,0
2792041,7738,-2664,50,603,-19,-155,6945,554,101,3,792,19379,69,33,79,16,0,0,0,0,0,0,0,-32286,0,0,0,0,0,2905792,0
2792046,7690,-2640,40,621,-62,-166,7072,559,98,9,792,19378,65,33,79,16,0,0,0,0,0,0,0,-32287,0,0,0,0,0,2905801,0
2792051,7798,-2626,24,631,-73,-195,7199,563,77,0,808,19378,65,33,79,16,0,0,0,0,0,0,0,-32287,0,0,0,0,0,2905806,0
2792056,7736,-2758,34,645,-81,-201,7331,578,58,4,832,19377,61,33,79,16,0,0,0,0,0,0,0,-32287,0,0,0,0,0,2905821,0
2792061,7672,-2812,94,669,-103,-210,7462,570,33,17,760,19377,61,33,79,16,0,0,0,0,0,0,0,-32287,0,0,0,0,0,2905826,0
2792066,7756,-2748,20,697,-130,-207,7589,546,9,5,712,19376,75,33,79,16,0,0,0,0,0,0,0,-32287,0,0,0,0,0,2905841,0
2792071,7682,-2764,74,723,-130,-217,7718,556,-5,-6,752,19376,75,33,79,16,0,0,0,0,0,0,0,-32287,0,0,0,0,0,2905846,0
2792076,7816,-2752,40,744,-114,-212,7844,560,-19,-1,752,19377,81,33,79,16,0,0,0,0,0,0,0,-32287,0,0,0,0,0,2905861,0
2792081,7818,-2512,124,743,-131,-228,7963,535,-35,2,680,19377,81,33,79,16,0,0,0,0,0,0,0,-32287,0,0,0,0,0,2905866,0
2792086,7952,-2534,74,769,-93,-217,8080,513,-38,-4,632,19382,89,33,79,16,0,0,0,0,0,0,0,-32286,0,0,0,0,0,2905881,0
2792091,8030,-2294,138,749,-95,-232,8192,500,-44,-3,608,19382,89,33,79,16,0,0,0,0,0,0,0,-32287,0,0,0,0,0,2905886,0
2792096,8270,-2258,100,773,-35,-221,8306,490,-53,5,576,19384,74,33,79,16,0,0,0,0,0,0,0,-32287,0,0,0,0,0,2905901,0
2792101,8322,-1988,104,773,-43,-232,8414,476,-50,-1,552,19384,74,33,79,16,0,0,0,0,0,0,0,-32286,0,0,0,0,0,2905906,0
2792106,8488,-1952,6,768,4,-222,8518,452,-47,-5,488,19383,64,33,79,16,0,0,0,0,0,0,0,-32287,0,0,0,0,0,2905921,0
2792111,8406,-1830,18,743,10,-228,8621,443,-48,-6,480,19383,64,33,79,16,0,0,0,0,0,0,0,-32287,0,0,0,0,0,2905926,0
2792116,8642,-1534,-94,749,49,-254,8724,458,-36,-7,536,19379,71,33,79,16,0,0,0,0,0,0,0,-32287,0,0,0,0,0,2905941,0
2792121,8596,-1550,-150,732,47,-261,8825,454,-27,-1,536,19379,71,33,79,16,0,0,0,0,0,0,0,-32287,0,0,0,0,0,2905946,0
2792126,8746,-1674,-306,708,42,-259,8922,432,-21,-2,496,19379,67,33,79,16,0,0,0,0,0,0,0,-32287,0,0,0,0,0,2905961,0
2792131,8758,-1660,-336,656,46,-288,9022,429,-14,-1,488,19379,67,33,79,16,0,0,0,0,0,0,0,-32287,0,0,0,0,0,2905966,0
2792136,9098,-2048,-424,657,27,-364,9124,446,-3,-3,520,19380,69,33,79,16,0,0,0,0,0,0,0,-32287,0,0,0,0,0,2905981,0
2792141,9068,-2558,-372,686,10,-379,9231,471,-38,-2,576,19380,69,33,79,16,0,0,0,0,0,0,0,-32287,0,0,0,0,0,2905986,0
2792146,9154,-2732,-344,724,-15,-412,9337,459,-25,4,552,19381,73,33,79,16,0,0,0,0,0,0,0,-32287,0,0,0,0,0,2906001,0
2792151,9188,-2892,-336,737,-4,-421,9441,455,0,-1,544,19381,73,33,79,16,0,0,0,0,0,0,0,-32287,0,0,0,0,0,2906006,0
2792156,9272,-3184,-166,810,-3,-493,9545,459,-36,-2,560,19380,75,33,79,16,0,0,0,0,0,0,0,-32287,0,0,0,0,0,2906021,0
2792161,9150,-3232,-90,886,-25,-517,9652,471,25,2,560,19380,75,33,79,16,0,0,0,0,0,0,0,-32287,0,0,0,0,0,2906026,0
2792166,9124,-3284,-54,911,-68,-513,9752,435,37,11,464,19376,76,33,79,16,0,0,0,0,0,0,0,-32287,0,0,0,0,0,2906041,0
2792171,9110,-3152,-36,878,-115,-480,9845,398,-24,6,392,19376,76,33,79,16,0,0,0,0,0,0,0,-32286,0,0,0,0,0,2906046,0
2792176,9042,-2546,16,625,-237,-439,9928,371,-63,9,320,19376,78,33,79,16,0,0,0,0,0,0,0,-32286,0,0,0,0,0,2906061,0
2792181,9046,-2346,2,464,-307,-417,10008,346,-92,6,272,19376,78,33,79,16,0,0,0,0,0,0,0,-32287,0,0,0,0,0,2906066,0
2792186,9008,-2264,118,340,-362,-418,10082,320,-107,8,216,19376,69,33,79,16,0,0,0,0,0,0,0,-32287,0,0,0,0,0,2906081,0
2792191,9194,-2292,434,204,-337,-389,10143,258,-104,9,112,19376,69,33,79,16,0,0,0,0,0,0,0,-32287,0,0,0,0,0,2906086,0
2792196,9134,-2630,790,29,-390,-436,10188,195,-123,-9,80,19377,70,33,79,16,0,0,0,0,0,0,0,-32287,0,0,0,0,0,2906101,0
2792201,9026,-2822,1032,34,-400,-436,10225,152,-167,-12,48,19377,70,33,79,16,0,0,0,0,0,0,0,-32287,0,0,0,0,0,2906106,0
2792206,8930,-3082,1182,1,-377,-432,10243,77,-190,0,8,19377,64,33,79,16,0,0,0,0,0,0,0,-32287,0,0,0,0,0,2906121,0
2792211,9004,-3178,1214,-4,-364,-436,10248,3,-208,3,-8,19377,64,33,79,16,0,0,0,0,0,0,0,-32287,0,0,0,0,0,2906126,0
2792216,9212,-3248,1214,15,-257,-466,10248,0,-201,0,0,19374,71,33,79,16,0,0,0,0,0,0,0,-32287,0,0,0,0,0,2906141,0
2792221,9138,-3240,1134,-22,-181,-464,10247,3,-160,-1,0,19374,71,33,79,16,0,0,0,0,0,0,0,-32287,0,0,0,0,0,2906146,0
2792226,9146,-3264,976,-87,-152,-464,10248,-2,-105,0,0,19376,81,33,79,16,0,0,0,0,0,0,0,-32287,0,0,0,0,0,2906161,0
2792231,9114,-3356,810,-183,-131,-463,10246,-1,-42,0,0,19376,81,33,79,16,0,0,0,0,0,0,0,-32287,0,0,0,0,0,2906165,0
2792236,8802,-3726,478,-361,-145,-470,10247,-9,2,-1,0,19377,78,33,79,16,0,0,0,0,0,0,0,-32287,0,0,0,0,0,2906180,0
2792241,8926,-4166,454,-168,-275,-538,10247,-3,-1,0,0,19377,78,33,79,16,0,0,0,0,0,0,0,-32287,0,0,0,0,0,2906188,0
2792246,8832,-4444,486,6,-380,-568,10248,3,2,-1,0,19377,68,33,79,16,0,0,0,0,0,0,0,-32287,0,0,0,0,0,2906203,0
2792251,8934,-4190,538,40,-437,-599,10247,1,2,0,-8,19377,68,33,79,16,0,0,0,0,0,0,0,-32287,0,0,0,0,0,2906208,0
2792256,8538,-4408,852,-361,-170,-567,10246,-5,0,1,-16,19378,65,33,79,16,0,0,0,0,0,0,0,-32287,0,0,0,0,0,2906223,0
2792261,8160,-5124,842,-519,-113,-523,10242,-12,-5,0,-8,19378,65,33,79,16,0,0,0,0,0,0,0,-32286,0,0,0,0,0,2906237,0
2792266,7778,-5604,914,-583,-83,-491,10238,-26,-15,0,-8,19379,70,33,79,16,0,0,0,0,0,0,0,-32287,0,0,0,0,0,2906243,0
2792271,7380,-5918,1064,-530,-34,-489,10232,-30,-21,0,-16,19379,70,33,79,16,0,0,0,0,0,0,0,-32287,0,0,0,0,0,2906248,0
2792276,6370,-6652,1372,-497,39,-411,10224,-30,-21,-1,-16,19381,84,33,79,16,0,0,0,0,0,0,0,-32287,0,0,0,0,0,2906267,0
2792281,5894,-6974,1416,-417,51,-349,10218,-23,-19,-3,-8,19381,84,33,79,16,0,0,0,0,0,0,0,-32287,0,0,0,0,0,2906272,0
2792286,5356,-7212,1626,-300,66,-311,10216,-7,-2,-4,0,19378,85,33,79,16,0,0,0,0,0,0,0,-32287,0,0,0,0,0,2906283,0
2792291,4978,-7476,1834,-91,29,-270,10217,-4,22,-2,-8,19378,85,33,79,16,0,0,0,0,0,0,0,-32287,0,0,0,0,0,2906288,0
2792296,6586,-7172,2814,2209,-115,-958,10210,-36,23,6,-40,19378,75,33,79,16,0,0,0,0,0,0,0,-32287,0,0,0,0,0,2906303,0
2792301,5026,-7494,2234,3114,-535,-964,10185,-121,-26,12,-88,19378,75,33,79,16,0,0,0,0,0,0,0,-32286,0,0,0,0,0,2906308,0
2792306,6594,-5626,2190,2894,-637,-894,10131,-249,-130,18,-248,19376,75,33,79,16,0,0,0,0,0,0,0,-32287,0,0,0,0,0,2906323,0
2792311,6168,-4134,2198,2019,-114,-750,10040,-422,-274,36,-624,19376,75,33,79,16,0,0,0,0,0,0,0,-32287,0,0,0,0,0,2906328,0
2792316,5662,-5752,1600,791,286,-470,9910,-583,-411,36,-1104,19376,75,33,79,16,0,0,0,0,0,0,0,-32287,0,0,0,0,0,2906343,0
2792321,4874,-6946,1694,871,329,-316,9738,-780,-517,13,-1552,19376,75,33,79,16,0,0,0,0,0,0,0,-32287,0,0,0,0,0,2906348,0
2792326,4890,-7404,1578,1051,254,-162,9517,-995,-607,11,-2016,19376,78,33,79,16,0,0,0,0,0,0,0,-32287,0,0,0,0,0,2906363,0
2792331,5056,-6990,1680,1057,342,68,9250,-1201,-659,6,-2472,19376,78,33,79,16,0,0,0,0,0,0,0,-32287,0,0,0,0,0,2906368,0
2792336,4590,-6478,1034,533,393,556,8935,-1404,-693,0,-2896,19376,81,33,79,16,0,0,0,0,0,0,0,-32287,0,0,0,0,0,2906383,0
2792341,4736,-6290,610,542,321,747,8579,-1587,-711,-10,-3248,19376,81,33,79,16,0,0,0,0,0,0,0,-32287,0,0,0,0,0,2906388,0
2792346,5010,-5422,578,521,200,872,8184,-1755,-692,-18,-3576,19378,74,33,79,16,0,0,0,0,0,0,0,-32287,0,0,0,0,0,2906403,0
2792351,5430,-4654,428,389,148,1010,7753,-1903,-646,-20,-3840,19378,74,33,79,16,0,0,0,0,0,0,0,-32287,0,0,0,0,0,2906408,0
2792356,6404,-3364,270,-88,47,1167,7299,-2010,-581,-17,-4032,19379,73,33,79,16,0,0,0,0,0,0,0,-32287,0,0,0,0,0,2906423,0
2792361,6658,-3130,362,-246,-19,1220,6825,-2091,-498,-11,-4168,19379,73,33,79,16,0,0,0,0,0,0,0,-32287,0,0,0,0,0,2906428,0
2792366,7074,-2796,548,-386,-130,1234,6343,-2130,-390,-11,-4232,19376,73,33,79,16,0,0,0,0,0,0,0,-32287,0,0,0,0,0,2906443,0
2792371,7698,-2442,738,-495,-174,1204,5857,-2143,-279,-1,-4272,19376,73,33,79,16,0,0,0,0,0,0,0,-32287,0,0,0,0,0,2906448,0
2792376,8488,-2260,910,-604,-333,1118,5369,-2144,-168,-2,-4256,19377,83,33,79,16,0,0,0,0,0,0,0,-32286,0,0,0,0,0,2906463,0
2792381,8950,-1986,1032,-650,-418,1046,4881,-2149,-87,-10,-4232,19377,83,33,79,16,0,0,0,0,0,0,0,-32287,0,0,0,0,0,2906468,0
2792386,9374,-1812,1360,-681,-442,951,4397,-2132,-35,-18,-4152,19375,96,33,79,16,0,0,0,0,0,0,0,-32287,0,0,0,0,0,2906483,0
2792391,9848,-1722,1632,-594,-452,818,3921,-2098,15,-9,-4048,19375,96,33,79,16,0,0,0,0,0,0,0,-32287,0,0,0,0,0,2906488,0
2792396,10358,-1528,1740,-305,-520,537,3456,-2038,61,-11,-3912,19374,89,33,79,16,0,0,0,0,0,0,0,-32287,0,0,0,0,0,2906502,0
2792401,10558,-1290,1716,-317,-457,449,3006,-1970,111,-1,-3784,19374,89,33,79,16,0,0,0,0,0,0,0,-32287,0,0,0,0,0,2906507,0
2792406,10546,-1146,1862,-454,-353,381,2572,-1897,173,10,-3656,19374,81,33,79,16,0,0,0,0,0,0,0,-32287,0,0,0,0,0,2906522,0
2792411,10492,-1268,2196,-590,-154,323,2155,-1831,216,9,-3536,19374,81,33,79,16,0,0,0,0,0,0,0,-32287,0,0,0,0,0,2906527,0
2792416,10052,-1820,2384,-653,227,217,1753,-1767,239,7,-3408,19375,83,33,79,16,0,0,0,0,0,0,0,-32287,0,0,0,0,0,2906542,0
2792421,10008,-2358,2272,-561,437,211,1362,-1715,237,3,-3280,19375,83,33,79,16,0,0,0,0,0,0,0,-32287,0,0,0,0,0,2906547,0
2792426,9392,-2350,2280,-498,598,185,983,-1674,215,-3,-3184,19378,79,33,79,16,0,0,0,0,0,0,0,-32287,0,0,0,0,0,2906562,0
2792431,9268,-2346,2186,-535,796,188,614,-1621,185,-8,-3048,19378,79,33,79,16,0,0,0,0,0,0,0,-32287,0,0,0,0,0,2906567,0
2792436,8366,-2566,1430,-680,1074,266,254,-1572,174,-8,-2920,19377,79,33,79,16,0,0,0,0,0,0,0,-32287,0,0,0,0,0,2906582,0
2792441,7926,-2504,1020,-717,1132,272,-90,-1515,170,-12,-2768,19377,79,33,79,16,0,0,0,0,0,0,0,-32287,0,0,0,0,0,2906587,0
2792446,7830,-2806,722,-712,1105,300,-422,-1455,179,-5,-2648,19377,77,33,79,16,0,0,0,0,0,0,0,-32287,0,0,0,0,0,2906602,0
2792451,7142,-2488,608,-716,1128,312,-737,-1374,198,-1,-2448,19377,77,33,79,16,0,0,0,0,0,0,0,-32287,0,0,0,0,0,2906607,0
2792456,6766,-2260,252,-751,1033,352,-1036,-1306,216,0,-2312,19377,81,33,79,16,0,0,0,0,0,0,0,-32287,0,0,0,0,0,2906622,0
2792461,6646,-2352,62,-802,949,384,-1318,-1234,236,1,-2168,19377,81,33,79,16,0,0,0,0,0,0,0,-32286,0,0,0,0,0,2906627,0
2792466,6562,-2150,110,-819,852,366,-1583,-1158,248,2,-2024,19378,92,33,79,16,0,0,0,0,0,0,0,-32287,0,0,0,0,0,2906642,0
2792471,6608,-2184,-64,-817,774,376,-1833,-1099,251,5,-1904,19378,92,33,79,16,0,0,0,0,0,0,0,-32288,0,0,0,0,0,2906647,0
2792476,6680,-2078,170,-801,592,358,-2066,-1029,247,6,-1768,19376,94,33,79,16,0,0,0,0,0,0,0,-32288,0,0,0,0,0,2906662,0
2792481,6766,-1920,380,-862,550,359,-2292,-983,232,5,-1664,19376,94,33,79,16,0,0,0,0,0,0,0,-32287,0,0,0,0,0,2906667,0
2792486,6930,-1858,646,-951,592,381,-2503,-928,212,-3,-1560,19374,91,33,79,16,0,0,0,0,0,0,0,-32287,0,0,0,0,0,2906682,0
2792491,6884,-1790,980,-1039,652,391,-2705,-882,189,1,-1448,19374,91,33,79,16,0,0,0,0,0,0,0,-32287,0,0,0,0,0,2906687,0
2792496,7074,-1970,1150,-1012,725,384,-2896,-835,172,-3,-1344,19373,74,33,79,16,0,0,0,0,0,0,0,-32287,0,0,0,0,0,2906702,0
2792501,7008,-2038,1140,-1014,785,409,-3076,-782,167,-2,-1216,19373,74,33,79,16,0,0,0,0,0,0,0,-32287,0,0,0,0,0,2906707,0
2792506,7092,-1734,1220,-1005,824,385,-3246,-746,162,-2,-1128,19371,79,33,79,16,0,0,0,0,0,0,0,-32287,0,0,0,0,0,2906722,0
2792511,7244,-1812,1128,-957,830,364,-3406,-691,164,-4,-1016,19371,79,33,79,16,0,0,0,0,0,0,0,-32287,0,0,0,0,0,2906727,0
2792516,7012,-1786,856,-1010,778,351,-3555,-659,159,-1,-952,19370,83,33,79,16,0,0,0,0,0,0,0,-32287,0,0,0,0,0,2906742,0
2792521,6934,-2066,878,-1038,747,351,-3696,-618,152,-2,-848,19370,83,33,79,16,0,0,0,0,0,0,0,-32287,0,0,0,0,0,2906747,0
2792526,6958,-1734,1166,-857,822,289,-3822,-551,153,-9,-656,19371,87,33,79,16,0,0,0,0,0,0,0,-32287,0,0,0,0,0,2906762,0
2792531,6874,-1316,1118,-841,832,264,-3940,-507,162,7,-560,19371,87,33,79,16,0,0,0,0,0,0,0,-32287,0,0,0,0,0,2906767,0
2792536,6606,-1478,528,-1141,845,241,-4045,-465,166,8,-472,19374,73,33,79,16,0,0,0,0,0,0,0,-32287,0,0,0,0,0,2906782,0
2792541,6464,-1482,482,-1140,839,185,-4140,-405,166,4,-352,19374,73,33,79,16,0,0,0,0,0,0,0,-32287,0,0,0,0,0,2906787,0
2792546,6314,-1776,500,-1047,810,161,-4218,-342,181,-11,-240,19375,55,33,79,16,0,0,0,0,0,0,0,-32287,0,0,0,0,0,2906802,0
2792551,6088,-1850,488,-960,722,146,-4282,-271,188,-8,-128,19375,55,33,79,16,0,0,0,0,0,0,0,-32287,0,0,0,0,0,2906807,0
2792556,5844,-1740,418,-950,631,159,-4339,-238,203,7,-104,19376,56,33,79,16,0,0,0,0,0,0,0,-32287,0,0,0,0,0,2906822,0
2792561,5746,-1628,400,-990,636,132,-4383,-196,197,6,-72,19376,56,33,79,16,0,0,0,0,0,0,0,-32287,0,0,0,0,0,2906827,0
2792566,5844,-1816,360,-968,604,150,-4412,-123,184,6,-48,19381,69,33,79,16,0,0,0,0,0,0,0,-32286,0,0,0,0,0,2906841,0
2792571,5616,-1824,418,-923,582,150,-4431,-88,183,3,-24,19381,69,33,79,16,0,0,0,0,0,0,0,-32286,0,0,0,0,0,2906846,0
2792576,5766,-1766,434,-793,511,125,-4437,-13,183,-8,8,19385,68,33,79,16,0,0,0,0,0,0,0,-32287,0,0,0,0,0,2906861,0
2792581,5642,-1750,532,-775,508,146,-4434,10,185,-4,8,19385,68,33,79,16,0,0,0,0,0,0,0,-32287,0,0,0,0,0,2906866,0
2792586,5604,-1638,506,-830,497,155,-4430,11,159,1,-8,19385,53,33,79,16,0,0,0,0,0,0,0,-32287,0,0,0,0,0,2906881,0
2792591,5696,-1498,470,-911,542,181,-4431,-5,106,1,0,19385,53,33,79,16,0,0,0,0,0,0,0,-32287,0,0,0,0,0,2906886,0
2792596,5726,-1604,612,-1018,660,184,-4430,2,49,0,-8,19382,53,33,79,16,0,0,0,0,0,0,0,-32286,0,0,0,0,0,2906901,0
2792601,5752,-1702,578,-1006,695,208,-4429,2,-10,0,0,19382,53,33,79,16,0,0,0,0,0,0,0,-32287,0,0,0,0,0,2906906,0
2792606,5760,-1786,626,-957,699,199,-4430,-2,-10,2,0,19377,62,33,79,16,0,0,0,0,0,0,0,-32287,0,0,0,0,0,2906921,0
2792611,5874,-1820,508,-888,684,192,-4430,2,-6,0,0,19377,62,33,79,16,0,0,0,0,0,0,0,-32287,0,0,0,0,0,2906926,0
2792616,6176,-1702,436,-786,632,167,-4430,1,-2,0,0,19377,75,33,79,16,0,0,0,0,0,0,0,-32287,0,0,0,0,0,2906941,0
2792621,6244,-1444,490,-842,596,150,-4431,0,-2,0,0,19377,75,33,79,16,0,0,0,0,0,0,0,-32287,0,0,0,0,0,2906946,0
2792626,6472,-1564,474,-909,595,155,-4430,-4,-1,0,0,19376,76,33,79,16,0,0,0,0,0,0,0,-32287,0,0,0,0,0,2906961,0
2792631,6594,-1404,622,-975,606,149,-4429,2,3,0,0,19376,76,33,79,16,0,0,0,0,0,0,0,-32287,0,0,0,0,0,2906966,0
2792636,6726,-1500,496,-1021,480,115,-4428,5,5,0,0,19378,73,33,79,16,0,0,0,0,0,0,0,-32287,0,0,0,0,0,2906981,0
2792641,6978,-1568,424,-996,395,55,-4427,0,5,1,0,19378,73,33,79,16,0,0,0,0,0,0,0,-32287,0,0,0,0,0,2906986,0
2792646,7148,-1614,558,-933,378,37,-4427,1,1,3,0,19379,72,33,79,16,0,0,0,0,0,0,0,-32287,0,0,0,0,0,2907001,0
2792651,7182,-1454,758,-936,381,16,-4426,1,-1,0,0,19379,72,33,79,16,0,0,0,0,0,0,0,-32287,0,0,0,0,0,2907015,0
2792656,7422,-1760,980,-1054,398,-17,-4426,-1,-2,0,0,19377,67,33,79,16,0,0,0,0,0,0,0,-32287,0,0,0,0,0,2907021,0
2792661,7360,-1978,1130,-1024,382,-48,-4426,3,-1,0,0,19377,67,33,79,16,0,0,0,0,0,0,0,-32286,0,0,0,0,0,2907026,0
2792666,7472,-2094,1186,-941,358,-61,-4424,3,2,0,8,19375,67,33,79,16,0,0,0,0,0,0,0,-32286,0,0,0,0,0,2907041,0
2792671,7472,-2296,1296,-881,340,-80,-4424,6,4,1,0,19375,67,33,79,16,0,0,0,0,0,0,0,-32287,0,0,0,0,0,2907046,0
2792676,7486,-2442,1626,-978,482,-30,-4420,19,3,0,0,19377,69,33,79,16,0,0,0,0,0,0,0,-32287,0,0,0,0,0,2907061,0
2792681,7590,-2648,1702,-1052,581,17,-4420,7,6,-1,8,19377,69,33,79,16,0,0,0,0,0,0,0,-32287,0,0,0,0,0,2907066,0
2792686,7496,-2876,1802,-1139,676,48,-4414,15,12,0,8,19379,67,33,79,16,0,0,0,0,0,0,0,-32287,0,0,0,0,0,2907081,0
2792691,7570,-3016,1888,-1181,777,86,-4406,36,20,0,16,19379,67,33,79,16,0,0,0,0,0,0,0,-32287,0,0,0,0,0,2907086,0
2792696,7784,-3184,1804,-954,844,49,-4398,39,23,0,16,19378,63,33,79,16,0,0,0,0,0,0,0,-32287,0,0,0,0,0,2907101,0
2792701,7862,-3078,1642,-814,749,-8,-4383,66,34,-3,40,19378,63,33,79,16,0,0,0,0,0,0,0,-32287,0,0,0,0,0,2907106,0
2792706,8256,-2838,1358,-660,612,-94,-4356,124,60,-8,64,19376,76,33,79,16,0,0,0,0,0,0,0,-32287,0,0,0,0,0,2907121,0
2792711,8394,-2772,1062,-543,470,-118,-4325,138,95,2,48,19376,76,33,79,16,0,0,0,0,0,0,0,-32286,0,0,0,0,0,2907126,0
2792716,8724,-2302,872,-626,173,-229,-4292,145,100,0,64,19375,77,33,79,16,0,0,0,0,0,0,0,-32287,0,0,0,0,0,2907141,0
2792721,8872,-2464,934,-645,100,-249,-4265,120,69,4,40,19375,77,33,79,16,0,0,0,0,0,0,0,-32287,0,0,0,0,0,2907146,0
2792726,8764,-2402,1118,-686,4,-298,-4241,108,22,1,48,19376,78,33,79,16,0,0,0,0,0,0,0,-32287,0,0,0,0,0,2907161,0
2792731,9090,-2538,1200,-665,-50,-342,-4214,112,-23,-1,48,19376,78,33,79,16,0,0,0,0,0,0,0,-32287,0,0,0,0,0,2907166,0
2792736,8846,-2738,1712,-731,-31,-341,-4193,87,-30,5,32,19376,70,33,79,16,0,0,0,0,0,0,0,-32286,0,0,0,0,0,2907181,0
2792741,8922,-2890,1872,-752,38,-327,-4174,85,-37,0,32,19376,70,33,79,16,0,0,0,0,0,0,0,-32287,0,0,0,0,0,2907186,0
2792746,8790,-2976,2064,-757,109,-280,-4154,88,-31,0,32,19375,58,33,79,16,0,0,0,0,0,0,0,-32287,0,0,0,0,0,2907201,0
2792751,8656,-3034,2298,-736,186,-256,-4143,47,-34,5,8,19375,58,33,79,16,0,0,0,0,0,0,0,-32287,0,0,0,0,0,2907206,0
2792756,8704,-2610,2338,-537,338,-261,-4142,3,-62,4,-8,19375,68,33,79,16,0,0,0,0,0,0,0,-32287,0,0,0,0,0,2907221,0
2792761,8688,-2324,2282,-461,401,-269,-4145,-9,-82,1,-8,19375,68,33,79,16,0,0,0,0,0,0,0,-32286,0,0,0,0,0,2907226,0
2792766,8606,-1878,2158,-453,473,-265,-4145,-1,-87,0,-8,19376,70,33,79,16,0,0,0,0,0,0,0,-32287,0,0,0,0,0,2907241,0
2792771,8582,-1582,1980,-500,550,-239,-4145,0,-59,0,0,19376,70,33,79,16,0,0,0,0,0,0,0,-32287,0,0,0,0,0,2907246,0
2792776,8520,-1146,1740,-534,618,-256,-4145,-3,-20,-1,-8,19376,81,33,79,16,0,0,0,0,0,0,0,-32287,0,0,0,0,0,2907261,0
2792781,8470,-872,1650,-485,593,-280,-4145,0,2,0,-8,19376,81,33,79,16,0,0,0,0,0,0,0,-32287,0,0,0,0,0,2907266,0
2792786,8444,-634,1530,-475,526,-321,-4145,3,1,1,0,19375,79,33,79,16,0,0,0,0,0,0,0,-32287,0,0,0,0,0,2907281,0
2792791,8578,-456,1336,-530,450,-327,-4145,0,0,0,0,19375,79,33,79,16,0,0,0,0,0,0,0,-32287,0,0,0,0,0,2907286,0
2792796,8976,-578,1510,-878,400,-285,-4146,-3,-1,0,-8,19376,74,33,79,16,0,0,0,0,0,0,0,-32287,0,0,0,0,0,2907301,0
2792801,9220,-1018,1800,-1075,387,-265,-4144,7,3,0,-8,19376,74,33,79,16,0,0,0,0,0,0,0,-32286,0,0,0,0,0,2907306,0
2792806,9790,-1800,2124,-1171,362,-234,-4144,7,0,0,0,19376,69,33,79,16,0,0,0,0,0,0,0,-32287,0,0,0,0,0,2907321,0
2792811,10358,-2560,2446,-1204,310,-218,-4146,-2,-2,0,-8,19376,69,33,79,16,0,0,0,0,0,0,0,-32286,0,0,0,0,0,2907326,0
2792816,11624,-3850,2746,-1313,263,-143,-4145,-6,-1,0,-8,19376,76,33,79,16,0,0,0,0,0,0,0,-32287,0,0,0,0,0,2907341,0
2792821,12218,-4510,2810,-1397,291,-94,-4144,-1,1,-1,0,19376,76,33,79,16,0,0,0,0,0,0,0,-32287,0,0,0,0,0,2907346,0
2792826,12546,-5378,2826,-1475,333,-50,-4143,1,3,0,0,19377,79,33,79,16,0,0,0,0,0,0,0,-32287,0,0,0,0,0,2907361,0
2792831,12682,-6210,2714,-1527,374,14,-4141,11,4,-1,0,19377,79,33,79,16,0,0,0,0,0,0,0,-32287,0,0,0,0,0,2907375,0
2792836,12044,-6986,2628,-1453,556,81,-4137,14,5,-1,8,19377,69,33,79,16,0,0,0,0,0,0,0,-32286,0,0,0,0,0,2907381,0
2792841,11216,-6966,2564,-1367,726,81,-4130,41,20,-2,24,19377,69,33,79,16,0,0,0,0,0,0,0,-32286,0,0,0,0,0,2907386,0
2792846,10112,-6990,2464,-1275,859,40,-4109,108,50,-8,64,19376,54,33,79,16,0,0,0,0,0,0,0,-32287,0,0,0,0,0,2907401,0
2792851,9228,-6872,2160,-1089,919,-32,-4071,171,101,-10,96,19376,54,33,79,16,0,0,0,0,0,0,0,-32286,0,0,0,0,0,2907405,0
2792856,7318,-6928,1366,-564,783,-208,-4026,210,155,2,120,19375,54,33,79,16,0,0,0,0,0,0,0,-32287,0,0,0,0,0,2907420,0
2792861,6726,-7160,776,-408,647,-233,-3979,199,164,4,104,19375,54,33,79,16,0,0,0,0,0,0,0,-32287,0,0,0,0,0,2907425,0
2792866,6098,-7048,406,-328,423,-301,-3933,212,122,-3,104,19374,68,33,79,16,0,0,0,0,0,0,0,-32287,0,0,0,0,0,2907440,0
2792871,5614,-7384,356,-234,289,-338,-3881,227,67,0,120,19374,68,33,79,16,0,0,0,0,0,0,0,-32287,0,0,0,0,0,2907445,0
2792876,4984,-7892,-82,177,-375,-423,-3832,219,34,0,128,19374,78,33,79,16,0,0,0,0,0,0,0,-32287,0,0,0,0,0,2907460,0
2792881,4918,-7796,-154,344,-654,-414,-3784,206,11,0,96,19374,78,33,79,16,0,0,0,0,0,0,0,-32287,0,0,0,0,0,2907465,0
2792886,4796,-7508,-106,439,-843,-390,-3734,212,5,1,104,19374,75,33,79,16,0,0,0,0,0,0,0,-32287,0,0,0,0,0,2907480,0
2792891,4650,-7062,34,442,-925,-345,-3681,231,5,0,128,19374,75,33,79,16,0,0,0,0,0,0,0,-32287,0,0,0,0,0,2907485,0
2792896,4706,-6366,338,442,-1013,-252,-3632,213,2,3,112,19376,71,33,79,16,0,0,0,0,0,0,0,-32287,0,0,0,0,0,2907500,0
2792901,5092,-5814,550,533,-937,-231,-3583,209,6,1,96,19376,71,33,79,16,0,0,0,0,0,0,0,-32287,0,0,0,0,0,2907505,0
2792906,5188,-5300,738,644,-883,-206,-3542,178,-14,7,48,19379,67,33,79,16,0,0,0,0,0,0,0,-32287,0,0,0,0,0,2907520,0
2792911,5184,-4914,726,598,-766,-146,-3514,124,-59,-2,48,19379,67,33,79,16,0,0,0,0,0,0,0,-32287,0,0,0,0,0,2907525,0
2792916,5466,-4454,1086,303,-330,14,-3487,121,-87,-3,32,19380,74,33,79,16,0,0,0,0,0,0,0,-32287,0,0,0,0,0,2907540,0
2792921,4998,-4258,1402,250,-164,43,-3460,116,-94,1,56,19380,74,33,79,16,0,0,0,0,0,0,0,-32287,0,0,0,0,0,2907545,0
2792926,5614,-4296,1024,439,-163,7,-3424,160,-50,-7,88,19376,76,33,79,16,0,0,0,0,0,0,0,-32286,0,0,0,0,0,2907560,0
2792931,5550,-3886,852,618,-42,35,-3384,179,12,2,112,19376,76,33,79,16,0,0,0,0,0,0,0,-32287,0,0,0,0,0,2907565,0
2792936,5746,-3328,376,613,128,39,-3334,228,72,-4,152,19375,71,33,79,16,0,0,0,0,0,0,0,-32287,0,0,0,0,0,2907580,0
2792941,5488,-3474,316,562,137,76,-3265,313,120,-10,304,19375,71,33,79,16,0,0,0,0,0,0,0,-32287,0,0,0,0,0,2907585,0
2792946,5450,-3794,82,554,95,112,-3177,396,181,-11,464,19376,78,33,79,16,0,0,0,0,0,0,0,-32287,0,0,0,0,0,2907600,0
2792951,5590,-3894,-100,603,31,149,-3072,473,234,-24,648,19376,78,33,79,16,0,0,0,0,0,0,0,-32287,0,0,0,0,0,2907605,0
2792956,6044,-3572,-440,645,-171,154,-2950,540,267,-10,840,19376,82,33,79,16,0,0,0,0,0,0,0,-32287,0,0,0,0,0,2907620,0
2792961,6320,-3510,-608,646,-287,144,-2809,621,273,6,1032,19376,82,33,79,16,0,0,0,0,0,0,0,-32287,0,0,0,0,0,2907625,0
2792966,6552,-3470,-800,643,-464,123,-2652,700,268,10,1184,19377,81,33,79,16,0,0,0,0,0,0,0,-32287,0,0,0,0,0,2907640,0
2792971,6740,-3558,-1012,631,-677,109,-2484,742,253,8,1256,19377,81,33,79,16,0,0,0,0,0,0,0,-32287,0,0,0,0,0,2907645,0
2792976,7138,-3564,-1068,522,-1027,102,-2309,765,222,6,1288,19378,81,33,79,16,0,0,0,0,0,0,0,-32287,0,0,0,0,0,2907660,0
2792981,7242,-3678,-886,331,-1119,138,-2129,796,179,4,1344,19378,81,33,79,16,0,0,0,0,0,0,0,-32287,0,0,0,0,0,2907665,0
2792986,7292,-3910,-600,113,-1139,201,-1950,786,118,10,1288,19377,73,33,79,16,0,0,0,0,0,0,0,-32287,0,0,0,0,0,2907680,0
2792991,7254,-4274,-272,-51,-1158,233,-1771,783,60,5,1296,19377,73,33,79,16,0,0,0,0,0,0,0,-32287,0,0,0,0,0,2907685,0
2792996,7084,-5016,320,-40,-1154,272,-1595,778,20,-1,1264,19378,67,33,79,16,0,0,0,0,0,0,0,-32287,0,0,0,0,0,2907700,0
2793001,7136,-5282,628,36,-1118,279,-1426,744,-15,7,1176,19378,67,33,79,16,0,0,0,0,0,0,0,-32287,0,0,0,0,0,2907705,0
2793006,7038,-5228,846,106,-1041,277,-1256,748,-39,0,1200,19378,72,33,79,16,0,0,0,0,0,0,0,-32287,0,0,0,0,0,2907720,0
2793011,6944,-5206,922,156,-974,256,-1092,715,-47,13,1120,19378,72,33,79,16,0,0,0,0,0,0,0,-32286,0,0,0,0,0,2907725,0
2793016,6868,-4976,1010,364,-802,157,-930,704,-46,4,1080,19380,82,33,79,16,0,0,0,0,0,0,0,-32287,0,0,0,0,0,2907740,0
2793021,6804,-4922,912,442,-712,125,-772,691,-54,-1,1048,19380,82,33,79,16,0,0,0,0,0,0,0,-32287,0,0,0,0,0,2907745,0
2793026,6656,-4622,900,508,-655,57,-622,655,-58,8,960,19378,85,33,79,16,0,0,0,0,0,0,0,-32287,0,0,0,0,0,2907760,0
2793031,6618,-4594,712,567,-607,-10,-477,637,-74,3,920,19378,85,33,79,16,0,0,0,0,0,0,0,-32287,0,0,0,0,0,2907765,0
2793036,6386,-4494,370,683,-592,-90,-364,611,-75,6,848,19376,78,33,79,16,0,0,0,0,0,0,0,-32287,0,0,0,0,0,2907780,0
2793041,6272,-4200,248,705,-626,-152,-231,583,-87,12,760,19376,78,33,79,16,0,0,0,0,0,0,0,-32287,0,0,0,0,0,2907785,0
2793046,6224,-4232,90,710,-629,-172,-108,543,-106,-2,656,19375,73,33,79,16,0,0,0,0,0,0,0,-32287,0,0,0,0,0,2907800,0
2793051,6160,-4014,28,696,-650,-194,6,505,-119,-10,584,19375,73,33,79,16,0,0,0,0,0,0,0,-32287,0,0,0,0,0,2907805,0
2793056,5980,-4088,-94,620,-679,-174,116,473,-120,-2,496,19376,69,33,79,16,0,0,0,0,0,0,0,-32287,0,0,0,0,0,2907820,0
2793061,5868,-3972,-90,617,-702,-177,219,446,-119,-9,448,19376,69,33,79,16,0,0,0,0,0,0,0,-32286,0,0,0,0,0,2907825,0
2793066,5884,-3974,-132,646,-731,-153,315,421,-109,-6,424,19378,67,33,79,16,0,0,0,0,0,0,0,-32287,0,0,0,0,0,2907840,0
2793071,5898,-3822,-96,670,-776,-133,406,399,-99,0,392,19378,67,33,79,16,0,0,0,0,0,0,0,-32287,0,0,0,0,0,2907845,0
2793076,6180,-3508,-180,701,-855,-117,497,402,-75,0,392,19379,70,33,79,16,0,0,0,0,0,0,0,-32286,0,0,0,0,0,2907860,0
2793081,6348,-3344,-128,706,-879,-80,587,398,-46,0,384,19379,70,33,79,16,0,0,0,0,0,0,0,-32287,0,0,0,0,0,2907865,0
2793086,6424,-3118,-96,708,-946,-77,675,390,-28,3,360,19378,71,33,79,16,0,0,0,0,0,0,0,-32287,0,0,0,0,0,2907880,0
2793091,6638,-3112,-118,701,-982,-40,759,373,-23,-1,320,19378,71,33,79,16,0,0,0,0,0,0,0,-32286,0,0,0,0,0,2907885,0
2793096,6884,-2936,-54,662,-1066,-5,843,369,-21,0,320,19376,69,33,79,16,0,0,0,0,0,0,0,-32287,0,0,0,0,0,2907900,0
2793101,6864,-2706,42,652,-1100,5,927,368,-27,-6,336,19376,69,33,79,16,0,0,0,0,0,0,0,-32287,0,0,0,0,0,2907905,0
2793106,7010,-2782,40,658,-1131,29,1017,392,0,-7,376,19379,64,33,79,16,0,0,0,0,0,0,0,-32287,0,0,0,0,0,2907920,0
2793111,6914,-2642,88,676,-1157,23,1106,387,10,4,360,19379,64,33,79,16,0,0,0,0,0,0,0,-32287,0,0,0,0,0,2907925,0
2793116,7146,-2772,170,724,-1150,75,1193,386,16,3,352,19380,71,33,79,16,0,0,0,0,0,0,0,-32286,0,0,0,0,0,2907940,0
2793121,7332,-2856,278,700,-1123,90,1279,381,5,-1,352,19380,71,33,79,16,0,0,0,0,0,0,0,-32287,0,0,0,0,0,2907945,0
2793126,7438,-2922,410,699,-1040,122,1369,402,1,-12,432,19381,80,33,79,16,0,0,0,0,0,0,0,-32286,0,0,0,0,0,2907960,0
2793131,7506,-3084,538,711,-976,144,1466,428,22,-14,488,19381,80,33,79,16,0,0,0,0,0,0,0,-32287,0,0,0,0,0,2907965,0
2793136,7628,-3234,616,795,-842,186,1561,424,39,-3,480,19378,79,33,79,16,0,0,0,0,0,0,0,-32287,0,0,0,0,0,2907980,0
2793141,7620,-3362,532,850,-767,221,1660,429,-2,-2,504,19378,79,33,79,16,0,0,0,0,0,0,0,-32287,0,0,0,0,0,2907985,0
2793146,7592,-3370,524,899,-723,224,1762,453,-10,-14,584,19375,76,33,79,16,0,0,0,0,0,0,0,-32287,0,0,0,0,0,2908000,0
2793151,7724,-3372,386,973,-643,239,1871,489,19,-7,672,19375,76,33,79,16,0,0,0,0,0,0,0,-32287,0,0,0,0,0,2908005,0
2793156,7558,-3344,350,1080,-559,272,1984,498,10,10,688,19376,72,33,79,16,0,0,0,0,0,0,0,-32287,0,0,0,0,0,2908020,0
2793161,7658,-3296,214,1113,-537,280,2098,505,88,6,688,19376,72,33,79,16,0,0,0,0,0,0,0,-32287,0,0,0,0,0,2908024,0
2793166,7560,-3216,182,1161,-514,280,2215,516,79,2,712,19377,77,33,79,16,0,0,0,0,0,0,0,-32287,0,0,0,0,0,2908039,0
2793171,7632,-3106,70,1239,-508,262,2337,536,94,1,744,19377,77,33,79,16,0,0,0,0,0,0,0,-32287,0,0,0,0,0,2908044,0
2793176,7430,-2888,-50,1258,-517,258,2457,532,37,9,752,19378,70,33,79,16,0,0,0,0,0,0,0,-32287,0,0,0,0,0,2908059,0
2793181,7320,-2914,-126,1233,-513,268,2577,522,29,1,704,19378,70,33,79,16,0,0,0,0,0,0,0,-32287,0,0,0,0,0,2908064,0
2793186,7244,-2720,-162,1220,-518,254,2697,524,8,0,712,19377,62,33,79,16,0,0,0,0,0,0,0,-32287,0,0,0,0,0,2908079,0
2793191,7122,-2744,-166,1212,-515,248,2815,525,-1,3,696,19377,62,33,79,16,0,0,0,0,0,0,0,-32287,0,0,0,0,0,2908084,0
2793196,7008,-2790,-152,1135,-526,255,2929,503,-14,5,616,19376,62,33,79,16,0,0,0,0,0,0,0,-32286,0,0,0,0,0,2908099,0
2793201,6924,-2750,-128,1095,-515,259,3040,482,-29,-4,592,19376,62,33,79,16,0,0,0,0,0,0,0,-32287,0,0,0,0,0,2908104,0
2793206,6944,-2660,-122,1087,-529,256,3147,474,-42,0,552,19380,78,33,79,16,0,0,0,0,0,0,0,-32286,0,0,0,0,0,2908119,0
2793211,6818,-2734,-20,1066,-541,250,3252,465,-50,-3,536,19380,78,33,79,16,0,0,0,0,0,0,0,-32287,0,0,0,0,0,2908124,0
2793216,6858,-2684,52,1051,-523,240,3352,438,-52,0,472,19382,85,33,79,16,0,0,0,0,0,0,0,-32287,0,0,0,0,0,2908139,0
2793221,6854,-2670,116,1044,-509,244,3446,410,-60,2,416,19382,85,33,79,16,0,0,0,0,0,0,0,-32287,0,0,0,0,0,2908144,0
2793226,6878,-2602,226,1064,-503,223,3534,390,-67,11,360,19381,82,33,79,16,0,0,0,0,0,0,0,-32287,0,0,0,0,0,2908159,0
2793231,6980,-2650,202,1105,-474,228,3619,381,-74,6,344,19381,82,33,79,16,0,0,0,0,0,0,0,-32287,0,0,0,0,0,2908164,0
2793236,7072,-2626,214,1136,-407,250,3705,379,-65,0,328,19379,68,33,79,16,0,0,0,0,0,0,0,-32287,0,0,0,0,0,2908179,0
2793241,7076,-2440,246,1111,-387,256,3784,341,-53,11,240,19379,68,33,79,16,0,0,0,0,0,0,0,-32287,0,0,0,0,0,2908187,0
2793246,7226,-2422,180,1084,-344,280,3857,320,-47,2,200,19376,59,33,79,16,0,0,0,0,0,0,0,-32287,0,0,0,0,0,2908202,0
2793251,7132,-2306,130,1044,-339,303,3923,284,-73,5,152,19376,59,33,79,16,0,0,0,0,0,0,0,-32287,0,0,0,0,0,2908207,0
2793256,7482,-2156,46,1004,-308,347,3984,264,-85,-7,152,19377,70,33,79,16,0,0,0,0,0,0,0,-32287,0,0,0,0,0,2908222,0
2793261,7504,-2096,92,1018,-295,359,4047,273,-82,-7,168,19377,70,33,79,16,0,0,0,0,0,0,0,-32287,0,0,0,0,0,2908227,0
2793266,7464,-1834,84,1009,-281,339,4110,282,-44,-4,200,19377,78,33,79,16,0,0,0,0,0,0,0,-32287,0,0,0,0,0,2908242,0
2793271,7740,-1814,-16,1000,-259,338,4177,288,-14,5,168,19377,78,33,79,16,0,0,0,0,0,0,0,-32286,0,0,0,0,0,2908247,0
2793276,8276,-1712,-252,919,-314,373,4235,261,0,0,144,19378,78,33,79,16,0,0,0,0,0,0,0,-32287,0,0,0,0,0,2908262,0
2793281,7664,-1630,30,896,-185,353,4293,250,-6,-7,136,19378,78,33,79,16,0,0,0,0,0,0,0,-32287,0,0,0,0,0,2908267,0
2793286,7970,-1510,144,798,-85,366,4349,235,-33,-5,128,19378,70,33,79,16,0,0,0,0,0,0,0,-32287,0,0,0,0,0,2908282,0
2793291,8132,-1708,276,794,-13,377,4400,232,-41,-8,136,19378,70,33,79,16,0,0,0,0,0,0,0,-32287,0,0,0,0,0,2908287,0
2793296,8138,-1674,104,844,129,312,4457,251,-24,-4,168,19376,65,33,79,16,0,0,0,0,0,0,0,-32287,0,0,0,0,0,2908302,0
2793301,7974,-1860,-66,914,119,299,4521,278,1,2,200,19376,65,33,79,16,0,0,0,0,0,0,0,-32287,0,0,0,0,0,2908307,0
2793306,7948,-1860,-190,964,138,291,4591,307,45,6,240,19377,73,33,79,16,0,0,0,0,0,0,0,-32286,0,0,0,0,0,2908322,0
2793311,7742,-1784,-306,945,143,285,4663,311,78,5,216,19377,73,33,79,16,0,0,0,0,0,0,0,-32287,0,0,0,0,0,2908327,0
2793316,7786,-1652,-496,786,169,254,4733,304,62,0,232,19382,82,33,79,16,0,0,0,0,0,0,0,-32287,0,0,0,0,0,2908342,0
2793321,7742,-1782,-496,735,151,247,4805,313,38,-4,240,19382,82,33,79,16,0,0,0,0,0,0,0,-32286,0,0,0,0,0,2908347,0
2793326,7764,-1960,-450,715,120,231,4880,329,23,-6,280,19382,72,33,79,16,0,0,0,0,0,0,0,-32287,0,0,0,0,0,2908362,0
2793331,7756,-2164,-378,712,96,218,4962,364,28,-7,328,19382,72,33,79,16,0,0,0,0,0,0,0,-32287,0,0,0,0,0,2908367,0
2793336,7826,-2318,-164,745,26,190,5050,394,56,-7,384,19381,54,33,79,16,0,0,0,0,0,0,0,-32287,0,0,0,0,0,2908382,0
2793341,7798,-2380,-56,736,-3,176,5138,389,70,0,376,19381,54,33,79,16,0,0,0,0,0,0,0,-32286,0,0,0,0,0,2908387,0
2793346,7916,-2314,16,742,-29,135,5228,401,68,-2,408,19377,57,33,79,16,0,0,0,0,0,0,0,-32286,0,0,0,0,0,2908402,0
2793351,7964,-2366,160,762,-15,128,5321,412,51,-9,448,19377,57,33,79,16,0,0,0,0,0,0,0,-32287,0,0,0,0,0,2908407,0
2793356,8084,-2478,326,753,-28,47,5416,415,32,-10,464,19378,53,33,79,16,0,0,0,0,0,0,0,-32287,0,0,0,0,0,2908422,0
2793361,8094,-2472,442,777,-25,5,5516,441,35,-8,520,19378,53,33,79,16,0,0,0,0,0,0,0,-32287,0,0,0,0,0,2908427,0
2793366,8104,-2490,484,786,16,-26,5616,443,37,-1,528,19382,67,33,79,16,0,0,0,0,0,0,0,-32287,0,0,0,0,0,2908442,0
2793371,8158,-2548,510,802,-21,-54,5716,448,38,-5,544,19382,67,33,79,16,0,0,0,0,0,0,0,-32287,0,0,0,0,0,2908447,0
2793376,8204,-2632,500,819,8,-114,5818,450,24,3,536,19387,67,33,79,16,0,0,0,0,0,0,0,-32287,0,0,0,0,0,2908462,0
2793381,8328,-2722,510,848,29,-133,5923,464,20,-3,592,19387,67,33,79,16,0,0,0,0,0,0,0,-32287,0,0,0,0,0,2908467,0
2793386,8330,-2612,534,909,21,-140,6031,475,27,0,616,19389,66,33,79,16,0,0,0,0,0,0,0,-32287,0,0,0,0,0,2908482,0
2793391,8296,-2716,432,958,6,-165,6140,480,34,2,608,19389,66,33,79,16,0,0,0,0,0,0,0,-32287,0,0,0,0,0,2908487,0
2793396,8640,-2342,322,1102,16,-222,6250,491,31,0,640,19386,63,33,79,16,0,0,0,0,0,0,0,-32287,0,0,0,0,0,2908502,0
2793401,8742,-2174,344,1127,36,-259,6365,512,28,-2,704,19386,63,33,79,16,0,0,0,0,0,0,0,-32287,0,0,0,0,0,2908507,0
2793406,8870,-1886,300,1167,61,-289,6484,527,40,-1,744,19383,63,33,79,16,0,0,0,0,0,0,0,-32287,0,0,0,0,0,2908522,0
2793411,8822,-1818,112,1174,67,-319,6608,544,49,9,760,19383,63,33,79,16,0,0,0,0,0,0,0,-32286,0,0,0,0,0,2908527,0
2793416,8950,-1356,-56,1187,136,-391,6731,551,51,5,776,19383,71,33,79,16,0,0,0,0,0,0,0,-32287,0,0,0,0,0,2908542,0
2793421,8994,-1128,-160,1224,128,-434,6862,578,57,0,872,19383,71,33,79,16,0,0,0,0,0,0,0,-32287,0,0,0,0,0,2908546,0
2793426,8930,-1092,-228,1218,154,-439,6999,602,55,8,888,19382,76,33,79,16,0,0,0,0,0,0,0,-32287,0,0,0,0,0,2908561,0
2793431,8794,-814,-292,1188,120,-457,7135,601,62,9,888,19382,76,33,79,16,0,0,0,0,0,0,0,-32287,0,0,0,0,0,2908566,0
2793436,9082,-460,-264,1166,185,-501,7279,629,62,-1,928,19379,78,33,79,16,0,0,0,0,0,0,0,-32286,0,0,0,0,0,2908581,0
2793441,9032,-464,-288,1077,207,-486,7423,637,51,8,936,19379,78,33,79,16,0,0,0,0,0,0,0,-32287,0,0,0,0,0,2908586,0
2793446,9010,-302,-304,988,180,-502,7567,637,46,11,920,19377,78,33,79,16,0,0,0,0,0,0,0,-32287,0,0,0,0,0,2908601,0
2793451,9290,-516,-428,940,182,-514,7713,646,31,0,968,19377,78,33,79,16,0,0,0,0,0,0,0,-32287,0,0,0,0,0,2908606,0
2793456,9418,-1016,-336,885,147,-536,7859,651,22,0,944,19377,85,33,79,16,0,0,0,0,0,0,0,-32287,0,0,0,0,0,2908621,0
2793461,9524,-1194,-348,819,128,-543,8004,634,9,5,912,19377,85,33,79,16,0,0,0,0,0,0,0,-32287,0,0,0,0,0,2908626,0
2793466,9866,-1548,-328,755,158,-538,8147,623,-7,-3,888,19379,87,33,79,16,0,0,0,0,0,0,0,-32287,0,0,0,0,0,2908641,0
2793471,9818,-1786,-130,674,116,-563,8287,616,-13,4,856,19379,87,33,79,16,0,0,0,0,0,0,0,-32287,0,0,0,0,0,2908646,0
2793476,9938,-2132,-168,384,77,-535,8421,588,-37,5,784,19378,75,33,79,16,0,0,0,0,0,0,0,-32288,0,0,0,0,0,2908661,0
2793481,10024,-2516,-90,222,76,-544,8545,539,-66,0,656,19378,75,33,79,16,0,0,0,0,0,0,0,-32287,0,0,0,0,0,2908666,0
2793486,10120,-2672,84,149,89,-538,8664,505,-86,-8,576,19377,69,33,79,16,0,0,0,0,0,0,0,-32287,0,0,0,0,0,2908681,0
2793491,10108,-2896,344,123,108,-535,8770,468,-105,-3,488,19377,69,33,79,16,0,0,0,0,0,0,0,-32286,0,0,0,0,0,2908686,0
2793496,9820,-2586,634,-72,170,-499,8867,409,-129,-1,360,19377,69,33,79,16,0,0,0,0,0,0,0,-32287,0,0,0,0,0,2908701,0
2793501,9648,-2496,626,-197,210,-466,8952,361,-152,10,256,19377,69,33,79,16,0,0,0,0,0,0,0,-32287,0,0,0,0,0,2908706,0
2793506,9302,-2242,758,-312,193,-472,9022,314,-161,13,192,19379,70,33,79,16,0,0,0,0,0,0,0,-32287,0,0,0,0,0,2908721,0
2793511,9188,-2068,788,-448,180,-463,9084,267,-171,3,120,19379,70,33,79,16,0,0,0,0,0,0,0,-32287,0,0,0,0,0,2908726,0
2793516,8614,-1990,922,-645,-31,-503,9137,234,-171,-6,96,19379,71,33,79,16,0,0,0,0,0,0,0,-32286,0,0,0,0,0,2908741,0
2793521,8704,-1938,1030,-594,-135,-584,9183,192,-150,-5,72,19379,71,33,79,16,0,0,0,0,0,0,0,-32286,0,0,0,0,0,2908746,0
2793526,8628,-2164,1290,-566,-207,-606,9209,92,-150,-2,16,19383,72,33,79,16,0,0,0,0,0,0,0,-32287,0,0,0,0,0,2908761,0
2793531,8556,-2152,1388,-632,-239,-650,9213,1,-196,1,-16,19383,72,33,79,16,0,0,0,0,0,0,0,-32287,0,0,0,0,0,2908766,0
2793536,9190,-2430,1450,-840,-131,-779,9210,-13,-230,2,-8,19381,75,33,79,16,0,0,0,0,0,0,0,-32287,0,0,0,0,0,2908781,0
2793541,9128,-2828,1426,-935,-39,-810,9207,-8,-211,0,-8,19381,75,33,79,16,0,0,0,0,0,0,0,-32287,0,0,0,0,0,2908786,0
2793546,9138,-3516,1452,-994,25,-832,9205,-6,-144,-1,-8,19382,71,33,79,16,0,0,0,0,0,0,0,-32287,0,0,0,0,0,2908801,0
2793551,9100,-4190,1366,-1010,97,-847,9202,-11,-53,0,-16,19382,71,33,79,16,0,0,0,0,0,0,0,-32287,0,0,0,0,0,2908806,0
2793556,8590,-5266,1284,-1116,243,-786,9198,-22,-10,0,-16,19379,71,33,79,16,0,0,0,0,0,0,0,-32287,0,0,0,0,0,2908821,0
2793561,8374,-5748,1214,-1202,311,-731,9193,-15,-8,0,-16,19379,71,33,79,16,0,0,0,0,0,0,0,-32286,0,0,0,0,0,2908826,0
2793566,7814,-6276,1238,-1304,386,-675,9190,-16,-8,-1,-16,19380,69,33,79,16,0,0,0,0,0,0,0,-32287,0,0,0,0,0,2908841,0
2793571,7302,-6824,1160,-1330,398,-596,9188,0,1,-2,-8,19380,69,33,79,16,0,0,0,0,0,0,0,-32286,0,0,0,0,0,2908846,0
2793576,6062,-7686,944,-1147,265,-449,9189,-3,11,0,-8,19380,64,33,79,16,0,0,0,0,0,0,0,-32287,0,0,0,0,0,2908861,0
2793581,5798,-7818,842,-1099,210,-348,9187,-8,20,-1,0,19380,64,33,79,16,0,0,0,0,0,0,0,-32287,0,0,0,0,0,2908866,0
2793586,5294,-7890,876,-1067,150,-274,9188,-5,13,0,-8,19376,65,33,79,16,0,0,0,0,0,0,0,-32287,0,0,0,0,0,2908881,0
2793591,4848,-8044,924,-986,74,-224,9189,-4,7,0,-8,19376,65,33,79,16,0,0,0,0,0,0,0,-32287,0,0,0,0,0,2908886,0
2793596,6100,-6232,1744,429,-387,-746,9183,-21,-3,3,-32,19376,73,33,79,16,0,0,0,0,0,0,0,-32287,0,0,0,0,0,2908901,0
2793601,6942,-8162,1980,1756,-486,-861,9164,-100,-35,12,-64,19376,73,33,79,16,0,0,0,0,0,0,0,-32287,0,0,0,0,0,2908906,0
2793606,5666,-7262,1224,2279,-1025,-866,9128,-172,-106,11,-128,19379,73,33,79,16,0,0,0,0,0,0,0,-32287,0,0,0,0,0,2908921,0
2793611,6636,-4308,2900,1640,-496,-821,9065,-289,-188,13,-304,19379,73,33,79,16,0,0,0,0,0,0,0,-32286,0,0,0,0,0,2908926,0
2793616,6830,-5058,1382,118,-155,-544,8970,-434,-291,28,-608,19380,75,33,79,16,0,0,0,0,0,0,0,-32287,0,0,0,0,0,2908941,0
2793621,6044,-5904,1772,-21,-15,-441,8835,-611,-393,46,-1152,19380,75,33,79,16,0,0,0,0,0,0,0,-32287,0,0,0,0,0,2908946,0
2793626,5996,-7100,1630,239,-100,-349,8658,-809,-488,9,-1576,19380,69,33,79,16,0,0,0,0,0,0,0,-32287,0,0,0,0,0,2908961,0
2793631,6358,-6840,2108,428,23,-254,8436,-992,-582,3,-1976,19380,69,33,79,16,0,0,0,0,0,0,0,-32287,0,0,0,0,0,2908966,0
2793636,6868,-5948,1958,-128,506,209,8167,-1200,-637,7,-2408,19378,61,33,79,16,0,0,0,0,0,0,0,-32287,0,0,0,0,0,2908981,0
2793641,5900,-5910,2312,-599,814,430,7861,-1363,-665,-6,-2728,19378,61,33,79,16,0,0,0,0,0,0,0,-32286,0,0,0,0,0,2908986,0
2793646,5854,-7108,1666,-506,705,570,7525,-1491,-639,-11,-2960,19379,73,33,79,16,0,0,0,0,0,0,0,-32287,0,0,0,0,0,2909001,0
2793651,6122,-6746,1572,-51,583,630,7162,-1611,-574,-9,-3176,19379,73,33,79,16,0,0,0,0,0,0,0,-32287,0,0,0,0,0,2909006,0
2793656,6890,-4658,988,-10,480,770,6781,-1682,-484,-5,-3312,19376,81,33,79,16,0,0,0,0,0,0,0,-32287,0,0,0,0,0,2909021,0
2793661,7220,-3756,588,-322,495,827,6388,-1741,-382,0,-3424,19376,81,33,79,16,0,0,0,0,0,0,0,-32287,0,0,0,0,0,2909026,0
2793666,7430,-3060,418,-566,442,836,5988,-1766,-291,0,-3480,19375,93,33,79,16,0,0,0,0,0,0,0,-32287,0,0,0,0,0,2909040,0
2793671,7780,-2820,380,-650,310,802,5577,-1804,-212,2,-3560,19375,93,33,79,16,0,0,0,0,0,0,0,-32287,0,0,0,0,0,2909045,0
2793676,8226,-2062,332,-858,70,754,5163,-1828,-151,-3,-3608,19373,88,33,79,16,0,0,0,0,0,0,0,-32287,0,0,0,0,0,2909060,0
2793681,8674,-1556,526,-1022,18,698,4745,-1840,-118,-9,-3584,19373,88,33,79,16,0,0,0,0,0,0,0,-32287,0,0,0,0,0,2909065,0
2793686,8864,-1438,678,-1177,-4,634,4329,-1829,-73,-16,-3520,19372,87,33,79,16,0,0,0,0,0,0,0,-32287,0,0,0,0,0,2909080,0
2793691,8858,-1394,978,-1223,-86,536,3920,-1799,-33,-14,-3424,19372,87,33,79,16,0,0,0,0,0,0,0,-32286,0,0,0,0,0,2909085,0
2793696,9502,-1302,1654,-959,-155,232,3522,-1745,32,-9,-3288,19374,81,33,79,16,0,0,0,0,0,0,0,-32287,0,0,0,0,0,2909100,0
2793701,9630,-1360,1762,-861,-164,148,3137,-1688,96,2,-3176,19374,81,33,79,16,0,0,0,0,0,0,0,-32287,0,0,0,0,0,2909105,0
2793706,9592,-1104,2024,-890,-107,50,2771,-1613,157,2,-3024,19376,84,33,79,16,0,0,0,0,0,0,0,-32287,0,0,0,0,0,2909120,0
2793711,9618,-1006,2234,-1014,90,-22,2417,-1546,200,5,-2904,19376,84,33,79,16,0,0,0,0,0,0,0,-32287,0,0,0,0,0,2909125,0
2793716,9424,-1442,2716,-1151,515,-98,2080,-1482,224,3,-2784,19378,79,33,79,16,0,0,0,0,0,0,0,-32287,0,0,0,0,0,2909140,0
2793721,9354,-2072,2712,-1133,711,-124,1755,-1426,228,5,-2672,19378,79,33,79,16,0,0,0,0,0,0,0,-32286,0,0,0,0,0,2909145,0
2793726,9104,-2292,2756,-1061,909,-148,1445,-1361,227,-4,-2512,19376,74,33,79,16,0,0,0,0,0,0,0,-32287,0,0,0,0,0,2909160,0
2793731,8756,-2426,2670,-1011,1094,-182,1146,-1307,210,-8,-2400,19376,74,33,79,16,0,0,0,0,0,0,0,-32287,0,0,0,0,0,2909165,0
2793736,8144,-2814,1902,-1013,1363,-175,859,-1259,201,-8,-2272,19377,85,33,79,16,0,0,0,0,0,0,0,-32287,0,0,0,0,0,2909180,0
2793741,7556,-2898,1754,-1028,1437,-174,583,-1211,183,-7,-2168,19377,85,33,79,16,0,0,0,0,0,0,0,-32287,0,0,0,0,0,2909185,0
2793746,7378,-3144,1114,-1002,1525,-135,318,-1160,184,-3,-2040,19377,81,33,79,16,0,0,0,0,0,0,0,-32287,0,0,0,0,0,2909200,0
2793751,6732,-3100,960,-1004,1525,-101,68,-1100,177,-6,-1888,19377,81,33,79,16,0,0,0,0,0,0,0,-32286,0,0,0,0,0,2909205,0
2793756,6284,-3348,262,-1008,1486,-36,-173,-1041,182,-9,-1752,19378,87,33,79,16,0,0,0,0,0,0,0,-32287,0,0,0,0,0,2909220,0
2793761,6032,-3260,48,-1014,1403,6,-399,-984,187,-2,-1640,19378,87,33,79,16,0,0,0,0,0,0,0,-32287,0,0,0,0,0,2909225,0
2793766,5868,-3144,-156,-1022,1299,21,-611,-929,192,-2,-1504,19378,82,33,79,16,0,0,0,0,0,0,0,-32287,0,0,0,0,0,2909240,0
2793771,5778,-3206,-182,-1032,1190,70,-811,-869,203,-6,-1384,19378,82,33,79,16,0,0,0,0,0,0,0,-32287,0,0,0,0,0,2909245,0
2793776,5666,-2838,-108,-1080,965,102,-1002,-832,191,3,-1320,19377,68,33,79,16,0,0,0,0,0,0,0,-32286,0,0,0,0,0,2909260,0
2793781,5846,-2906,-54,-983,846,111,-1180,-790,182,2,-1240,19377,68,33,79,16,0,0,0,0,0,0,0,-32287,0,0,0,0,0,2909265,0
2793786,5686,-2834,-38,-992,707,146,-1354,-764,159,6,-1200,19377,67,33,79,16,0,0,0,0,0,0,0,-32287,0,0,0,0,0,2909280,0
2793791,5884,-2518,8,-1101,627,179,-1519,-720,144,-2,-1104,19377,67,33,79,16,0,0,0,0,0,0,0,-32286,0,0,0,0,0,2909285,0
2793796,5986,-2394,570,-1407,700,285,-1679,-701,121,0,-1072,19377,67,33,79,16,0,0,0,0,0,0,0,-32287,0,0,0,0,0,2909300,0
2793801,6082,-2696,824,-1430,701,301,-1834,-680,103,3,-1024,19377,67,33,79,16,0,0,0,0,0,0,0,-32287,0,0,0,0,0,2909305,0
2793806,6156,-2832,1040,-1347,681,313,-1981,-638,96,-4,-928,19378,64,33,79,16,0,0,0,0,0,0,0,-32287,0,0,0,0,0,2909320,0
2793811,6216,-2692,1192,-1266,676,309,-2123,-621,94,0,-896,19378,64,33,79,16,0,0,0,0,0,0,0,-32287,0,0,0,0,0,2909325,0
2793816,6424,-2396,1220,-1242,746,294,-2260,-594,89,-5,-832,19377,61,33,79,16,0,0,0,0,0,0,0,-32287,0,0,0,0,0,2909340,0
2793821,6380,-2264,1250,-1257,766,290,-2388,-562,94,-4,-744,19377,61,33,79,16,0,0,0,0,0,0,0,-32287,0,0,0,0,0,2909345,0
2793826,6352,-2194,1192,-1276,771,277,-2510,-532,93,2,-688,19378,63,33,79,16,0,0,0,0,0,0,0,-32287,0,0,0,0,0,2909360,0
2793831,6310,-2290,1050,-1246,780,269,-2625,-502,98,2,-592,19378,63,33,79,16,0,0,0,0,0,0,0,-32287,0,0,0,0,0,2909365,0
2793836,6040,-2196,802,-1161,697,256,-2736,-483,107,4,-576,19380,65,33,79,16,0,0,0,0,0,0,0,-32287,0,0,0,0,0,2909380,0
2793841,5994,-2212,606,-1154,675,260,-2835,-436,103,-1,-448,19380,65,33,79,16,0,0,0,0,0,0,0,-32287,0,0,0,0,0,2909385,0
2793846,5876,-1988,546,-1162,644,259,-2926,-396,109,0,-368,19381,72,33,79,16,0,0,0,0,0,0,0,-32287,0,0,0,0,0,2909400,0
2793851,5778,-1950,438,-1152,602,271,-3009,-367,123,-9,-288,19381,72,33,79,16,0,0,0,0,0,0,0,-32287,0,0,0,0,0,2909405,0
2793856,5554,-2010,302,-1039,485,254,-3084,-326,127,-9,-224,19383,67,33,79,16,0,0,0,0,0,0,0,-32287,0,0,0,0,0,2909420,0
2793861,5504,-1968,290,-990,425,246,-3153,-309,127,-4,-192,19383,67,33,79,16,0,0,0,0,0,0,0,-32287,0,0,0,0,0,2909425,0
2793866,5524,-1876,242,-946,377,249,-3213,-256,118,-7,-104,19381,72,33,79,16,0,0,0,0,0,0,0,-32287,0,0,0,0,0,2909439,0
2793871,5420,-1792,288,-944,327,264,-3262,-209,120,3,-88,19381,72,33,79,16,0,0,0,0,0,0,0,-32287,0,0,0,0,0,2909444,0
2793876,5638,-1782,202,-985,291,264,-3297,-151,141,4,-48,19379,66,33,79,16,0,0,0,0,0,0,0,-32287,0,0,0,0,0,2909459,0
2793881,5528,-1630,348,-996,255,235,-3321,-100,159,6,-32,19379,66,33,79,16,0,0,0,0,0,0,0,-32287,0,0,0,0,0,2909469,0
2793886,5702,-1726,318,-955,234,213,-3327,-10,199,-10,8,19375,72,33,79,16,0,0,0,0,0,0,0,-32287,0,0,0,0,0,2909479,0
2793891,5750,-1818,370,-911,237,206,-3318,37,211,-5,16,19375,72,33,79,16,0,0,0,0,0,0,0,-32287,0,0,0,0,0,2909484,0
2793896,5806,-1928,412,-896,211,207,-3310,41,199,0,16,19375,76,33,79,16,0,0,0,0,0,0,0,-32287,0,0,0,0,0,2909499,0
2793901,5860,-1988,376,-951,233,226,-3307,6,144,3,-8,19375,76,33,79,16,0,0,0,0,0,0,0,-32286,0,0,0,0,0,2909504,0
2793906,5954,-1872,486,-959,255,194,-3310,-7,55,1,0,19376,73,33,79,16,0,0,0,0,0,0,0,-32287,0,0,0,0,0,2909519,0
2793911,6180,-2024,568,-901,283,174,-3308,0,-20,-2,0,19376,73,33,79,16,0,0,0,0,0,0,0,-32287,0,0,0,0,0,2909524,0
2793916,6244,-2166,634,-777,257,120,-3310,-3,-34,0,-8,19378,74,33,79,16,0,0,0,0,0,0,0,-32286,0,0,0,0,0,2909539,0
2793921,6410,-2186,628,-732,267,108,-3309,-2,-16,0,-8,19378,74,33,79,16,0,0,0,0,0,0,0,-32287,0,0,0,0,0,2909544,0
2793926,6546,-2124,662,-711,271,107,-3309,4,-4,0,0,19376,72,33,79,16,0,0,0,0,0,0,0,-32287,0,0,0,0,0,2909559,0
2793931,6628,-2096,686,-703,267,84,-3310,-11,7,0,-8,19376,72,33,79,16,0,0,0,0,0,0,0,-32287,0,0,0,0,0,2909564,0
2793936,6852,-2124,790,-681,320,64,-3309,-4,1,0,-8,19374,78,33,79,16,0,0,0,0,0,0,0,-32286,0,0,0,0,0,2909579,0
2793941,6952,-2188,870,-682,347,43,-3310,0,0,0,0,19374,78,33,79,16,0,0,0,0,0,0,0,-32287,0,0,0,0,0,2909584,0
2793946,7072,-2270,914,-661,368,16,-3309,-4,2,0,-8,19377,76,33,79,16,0,0,0,0,0,0,0,-32287,0,0,0,0,0,2909599,0
2793951,7150,-2300,890,-614,366,-7,-3309,0,1,-1,0,19377,76,33,79,16,0,0,0,0,0,0,0,-32287,0,0,0,0,0,2909604,0
2793956,7264,-2222,368,-704,248,-59,-3308,0,5,0,0,19379,84,33,79,16,0,0,0,0,0,0,0,-32287,0,0,0,0,0,2909619,0
2793961,7304,-2296,504,-682,200,-79,-3307,4,-1,0,0,19379,84,33,79,16,0,0,0,0,0,0,0,-32287,0,0,0,0,0,2909624,0
2793966,7212,-2474,554,-698,132,-94,-3308,0,-1,0,-8,19379,73,33,79,16,0,0,0,0,0,0,0,-32287,0,0,0,0,0,2909639,0
2793971,7178,-2590,428,-722,46,-91,-3306,4,5,-1,0,19379,73,33,79,16,0,0,0,0,0,0,0,-32287,0,0,0,0,0,2909644,0
2793976,7250,-2738,588,-670,-69,-137,-3306,1,-2,-1,0,19376,73,33,79,16,0,0,0,0,0,0,0,-32287,0,0,0,0,0,2909659,0
2793981,7376,-2852,690,-600,-108,-155,-3306,3,3,0,0,19376,73,33,79,16,0,0,0,0,0,0,0,-32287,0,0,0,0,0,2909664,0
2793986,7430,-2892,876,-564,-136,-168,-3305,2,-2,-1,0,19375,68,33,79,16,0,0,0,0,0,0,0,-32287,0,0,0,0,0,2909679,0
2793991,7552,-2898,984,-551,-149,-184,-3305,1,3,0,0,19375,68,33,79,16,0,0,0,0,0,0,0,-32287,0,0,0,0,0,2909684,0
2793996,7806,-2944,1210,-550,-122,-196,-3304,4,0,0,-8,19377,66,33,79,16,0,0,0,0,0,0,0,-32287,0,0,0,0,0,2909699,0
2794001,8026,-3024,1302,-517,-104,-202,-3304,0,-3,0,-8,19377,66,33,79,16,0,0,0,0,0,0,0,-32287,0,0,0,0,0,2909704,0
2794006,8174,-3014,1384,-458,-96,-220,-3305,0,-2,0,-8,19377,73,33,79,16,0,0,0,0,0,0,0,-32287,0,0,0,0,0,2909719,0
2794011,8272,-3010,1414,-405,-118,-248,-3304,7,-1,0,0,19377,73,33,79,16,0,0,0,0,0,0,0,-32287,0,0,0,0,0,2909724,0
2794016,8518,-2834,1366,-366,-115,-250,-3304,2,-4,0,-8,19377,74,33,79,16,0,0,0,0,0,0,0,-32287,0,0,0,0,0,2909739,0
2794021,8586,-2724,1438,-399,-112,-259,-3304,-2,-2,0,-8,19377,74,33,79,16,0,0,0,0,0,0,0,-32287,0,0,0,0,0,2909744,0
2794026,8726,-2710,1512,-404,-84,-270,-3305,-6,-6,0,-8,19376,80,33,79,16,0,0,0,0,0,0,0,-32287,0,0,0,0,0,2909759,0
2794031,8834,-2682,1604,-368,-58,-265,-3304,3,-1,0,0,19376,80,33,79,16,0,0,0,0,0,0,0,-32287,0,0,0,0,0,2909764,0
2794036,8930,-2610,1864,-261,-29,-303,-3305,-1,-2,0,0,19375,75,33,79,16,0,0,0,0,0,0,0,-32287,0,0,0,0,0,2909779,0
2794041,9018,-2552,1886,-229,-8,-312,-3304,0,1,0,-8,19375,75,33,79,16,0,0,0,0,0,0,0,-32287,0,0,0,0,0,2909784,0
2794046,9006,-2408,1906,-212,33,-299,-3305,-1,1,-2,0,19377,70,33,79,16,0,0,0,0,0,0,0,-32287,0,0,0,0,0,2909799,0
2794051,8990,-2274,1918,-228,72,-296,-3306,-1,-2,0,0,19377,70,33,79,16,0,0,0,0,0,0,0,-32287,0,0,0,0,0,2909804,0
2794056,8946,-2058,1932,-233,132,-281,-3305,-1,0,0,-8,19379,69,33,79,16,0,0,0,0,0,0,0,-32287,0,0,0,0,0,2909819,0
2794061,8940,-1906,1922,-205,165,-260,-3305,-2,-2,0,-8,19379,69,33,79,16,0,0,0,0,0,0,0,-32287,0,0,0,0,0,2909824,0
2794066,8924,-1684,2080,-215,236,-252,-3305,2,0,0,-8,19379,70,33,79,16,0,0,0,0,0,0,0,-32287,0,0,0,0,0,2909839,0
2794071,8748,-1540,1950,-244,240,-238,-3306,0,-3,0,-8,19379,70,33,79,16,0,0,0,0,0,0,0,-32287,0,0,0,0,0,2909844,0
2794076,8588,-1192,1812,-290,284,-189,-3305,0,0,0,-8,19376,69,33,79,16,0,0,0,0,0,0,0,-32287,0,0,0,0,0,2909859,0
2794081,8496,-970,1730,-358,300,-171,-3306,-5,-1,0,-8,19376,69,33,79,16,0,0,0,0,0,0,0,-32287,0,0,0,0,0,2909864,0
2794086,8428,-836,1706,-452,344,-143,-3305,-1,1,0,0,19375,72,33,79,16,0,0,0,0,0,0,0,-32287,0,0,0,0,0,2909879,0
2794091,8414,-760,1864,-508,384,-134,-3306,8,-3,0,0,19375,72,33,79,16,0,0,0,0,0,0,0,-32287,0,0,0,0,0,2909884,0
2794096,8444,-1276,1734,-605,294,-82,-3305,6,3,0,-8,19377,81,33,79,16,0,0,0,0,0,0,0,-32287,0,0,0,0,0,2909898,0
2794101,8868,-1502,1740,-669,265,-58,-3305,1,4,0,0,19377,81,33,79,16,0,0,0,0,0,0,0,-32286,0,0,0,0,0,2909903,0
2794106,9360,-1716,1944,-759,272,-16,-3305,0,3,-1,-8,19377,82,33,79,16,0,0,0,0,0,0,0,-32287,0,0,0,0,0,2909918,0
2794111,9886,-2190,2222,-898,253,8,-3305,-1,2,0,0,19377,82,33,79,16,0,0,0,0,0,0,0,-32287,0,0,0,0,0,2909923,0
2794116,11188,-3396,2494,-1155,221,85,-3305,0,0,0,-8,19376,73,33,79,16,0,0,0,0,0,0,0,-32287,0,0,0,0,0,2909938,0
2794121,11774,-4210,2400,-1269,264,151,-3305,9,1,0,-8,19376,73,33,79,16,0,0,0,0,0,0,0,-32286,0,0,0,0,0,2909943,0
2794126,12130,-4808,2456,-1342,276,181,-3306,6,2,0,0,19376,69,33,79,16,0,0,0,0,0,0,0,-32287,0,0,0,0,0,2909958,0
2794131,12520,-5522,2430,-1312,336,204,-3304,7,6,-1,0,19376,69,33,79,16,0,0,0,0,0,0,0,-32287,0,0,0,0,0,2909963,0
2794136,12162,-6276,2336,-1100,530,203,-3303,8,10,0,0,19376,69,33,79,16,0,0,0,0,0,0,0,-32287,0,0,0,0,0,2909978,0
2794141,11490,-6266,2262,-960,694,180,-3301,12,6,0,8,19376,69,33,79,16,0,0,0,0,0,0,0,-32287,0,0,0,0,0,2909983,0
2794146,10668,-6172,2096,-809,815,117,-3299,7,4,0,8,19377,67,33,79,16,0,0,0,0,0,0,0,-32287,0,0,0,0,0,2909998,0
2794151,9682,-6130,1874,-686,945,78,-3297,5,4,0,0,19377,67,33,79,16,0,0,0,0,0,0,0,-32286,0,0,0,0,0,2910003,0
2794156,7788,-6392,1118,-642,954,64,-3297,-3,-4,0,0,19379,73,33,79,16,0,0,0,0,0,0,0,-32287,0,0,0,0,0,2910018,0
2794161,6950,-6760,794,-610,816,41,-3297,4,-3,0,0,19379,73,33,79,16,0,0,0,0,0,0,0,-32287,0,0,0,0,0,2910023,0
2794166,6376,-7156,362,-514,583,15,-3294,1,-7,0,-8,19379,61,33,79,16,0,0,0,0,0,0,0,-32286,0,0,0,0,0,2910038,0
2794171,5982,-7410,90,-380,323,-16,-3294,9,-1,0,0,19379,61,33,79,16,0,0,0,0,0,0,0,-32287,0,0,0,0,0,2910043,0
2794176,5476,-7394,-112,-177,-136,-30,-3293,6,1,0,0,19377,65,33,79,16,0,0,0,0,0,0,0,-32287,0,0,0,0,0,2910058,0
2794181,5268,-7300,-22,-113,-297,-21,-3291,7,1,0,0,19377,65,33,79,16,0,0,0,0,0,0,0,-32287,0,0,0,0,0,2910063,0
2794186,5222,-7262,82,-8,-420,-9,-3289,6,6,-1,8,19375,74,33,79,16,0,0,0,0,0,0,0,-32287,0,0,0,0,0,2910078,0
2794191,5058,-7128,252,160,-511,4,-3284,21,14,0,8,19375,74,33,79,16,0,0,0,0,0,0,0,-32287,0,0,0,0,0,2910083,0
2794196,5114,-6490,566,548,-624,-12,-3276,42,17,-2,24,19376,82,33,79,16,0,0,0,0,0,0,0,-32287,0,0,0,0,0,2910098,0
2794201,5408,-5966,574,723,-646,-13,-3259,83,43,-7,48,19376,82,33,79,16,0,0,0,0,0,0,0,-32286,0,0,0,0,0,2910103,0
2794206,5632,-5318,636,818,-597,8,-3231,126,79,-7,56,19377,78,33,79,16,0,0,0,0,0,0,0,-32287,0,0,0,0,0,2910118,0
2794211,5678,-4738,764,817,-527,20,-3198,143,107,-4,80,19377,78,33,79,16,0,0,0,0,0,0,0,-32287,0,0,0,0,0,2910123,0
2794216,5782,-4242,340,816,-494,47,-3155,197,128,-3,112,19378,66,33,79,16,0,0,0,0,0,0,0,-32286,0,0,0,0,0,2910138,0
2794221,5632,-3556,374,744,-447,71,-3103,232,128,5,136,19378,66,33,79,16,0,0,0,0,0,0,0,-32287,0,0,0,0,0,2910143,0
2794226,5816,-3270,346,634,-319,87,-3050,236,116,1,160,19376,64,33,79,16,0,0,0,0,0,0,0,-32287,0,0,0,0,0,2910158,0
2794231,5858,-3072,400,558,-215,95,-2987,284,109,-4,216,19376,64,33,79,16,0,0,0,0,0,0,0,-32287,0,0,0,0,0,2910163,0
2794236,5922,-2820,376,528,33,111,-2912,332,111,-5,312,19376,65,33,79,16,0,0,0,0,0,0,0,-32287,0,0,0,0,0,2910178,0
2794241,5984,-2906,178,507,88,129,-2824,393,125,-12,448,19376,65,33,79,16,0,0,0,0,0,0,0,-32287,0,0,0,0,0,2910186,0
2794246,5960,-3172,-70,455,126,171,-2722,461,162,-23,632,19378,69,33,79,16,0,0,0,0,0,0,0,-32287,0,0,0,0,0,2910201,0
2794251,5948,-3300,-270,423,95,195,-2600,542,208,-5,840,19378,69,33,79,16,0,0,0,0,0,0,0,-32287,0,0,0,0,0,2910206,0
2794256,6190,-3462,-588,456,-88,216,-2463,615,232,3,1024,19382,72,33,79,16,0,0,0,0,0,0,0,-32287,0,0,0,0,0,2910221,0
2794261,6468,-3504,-810,515,-283,177,-2309,692,255,0,1192,19382,72,33,79,16,0,0,0,0,0,0,0,-32287,0,0,0,0,0,2910226,0
2794266,6676,-3442,-1034,586,-540,126,-2137,758,251,1,1328,19382,75,33,79,16,0,0,0,0,0,0,0,-32287,0,0,0,0,0,2910241,0
2794271,7016,-3406,-1318,569,-761,123,-1958,787,243,13,1344,19382,75,33,79,16,0,0,0,0,0,0,0,-32287,0,0,0,0,0,2910246,0
2794276,7640,-3326,-980,124,-947,170,-1775,812,202,9,1384,19380,82,33,79,16,0,0,0,0,0,0,0,-32287,0,0,0,0,0,2910261,0
2794281,7660,-3628,-700,-150,-953,231,-1588,817,150,10,1360,19380,82,33,79,16,0,0,0,0,0,0,0,-32287,0,0,0,0,0,2910266,0
2794286,7742,-4048,-344,-291,-941,279,-1404,801,77,9,1328,19378,90,33,79,16,0,0,0,0,0,0,0,-32287,0,0,0,0,0,2910281,0
2794291,7812,-4552,72,-306,-894,316,-1222,799,33,2,1312,19378,90,33,79,16,0,0,0,0,0,0,0,-32286,0,0,0,0,0,2910286,0
2794296,7480,-5204,668,-212,-817,357,-1045,775,-4,10,1240,19378,87,33,79,16,0,0,0,0,0,0,0,-32287,0,0,0,0,0,2910301,0
2794301,7458,-5236,728,-87,-773,348,-870,774,-36,0,1240,19378,87,33,79,16,0,0,0,0,0,0,0,-32287,0,0,0,0,0,2910306,0
2794306,7298,-5148,826,20,-718,343,-699,742,-46,7,1144,19379,73,33,79,16,0,0,0,0,0,0,0,-32287,0,0,0,0,0,2910321,0
2794311,7220,-4892,838,115,-676,295,-534,720,-54,3,1096,19379,73,33,79,16,0,0,0,0,0,0,0,-32287,0,0,0,0,0,2910326,0
2794316,7112,-4588,718,235,-511,205,-372,711,-58,3,1056,19375,58,33,79,16,0,0,0,0,0,0,0,-32287,0,0,0,0,0,2910341,0
2794321,6968,-4314,718,277,-431,136,-218,668,-66,11,960,19375,58,33,79,16,0,0,0,0,0,0,0,-32287,0,0,0,0,0,2910346,0
2794326,6972,-4326,642,335,-362,72,-71,646,-87,-1,920,19375,69,33,79,16,0,0,0,0,0,0,0,-32286,0,0,0,0,0,2910361,0
2794331,6786,-4278,578,427,-323,20,69,626,-93,0,864,19375,69,33,79,16,0,0,0,0,0,0,0,-32286,0,0,0,0,0,2910366,0
2794336,6422,-4146,342,500,-301,-53,199,574,-103,3,744,19376,74,33,79,16,0,0,0,0,0,0,0,-32287,0,0,0,0,0,2910380,0
2794341,6348,-4068,182,441,-264,-49,325,540,-111,-6,672,19376,74,33,79,16,0,0,0,0,0,0,0,-32287,0,0,0,0,0,2910385,0
2794346,6158,-4034,132,407,-266,-65,443,515,-108,-8,624,19377,79,33,79,16,0,0,0,0,0,0,0,-32287,0,0,0,0,0,2910400,0
2794351,6072,-4034,24,428,-293,-62,558,502,-96,-7,592,19377,79,33,79,16,0,0,0,0,0,0,0,-32286,0,0,0,0,0,2910405,0
2794356,5902,-4074,-116,623,-453,-95,667,478,-91,-3,544,19382,70,33,79,16,0,0,0,0,0,0,0,-32286,0,0,0,0,0,2910420,0
2794361,5876,-3958,-236,666,-545,-74,771,448,-77,-6,488,19382,70,33,79,16,0,0,0,0,0,0,0,-32287,0,0,0,0,0,2910425,0
2794366,5862,-3684,-252,659,-624,-69,874,441,-70,-8,496,19381,65,33,79,16,0,0,0,0,0,0,0,-32287,0,0,0,0,0,2910440,0
2794371,6032,-3464,-268,614,-654,-71,975,443,-57,-8,520,19381,65,33,79,16,0,0,0,0,0,0,0,-32287,0,0,0,0,0,2910445,0
2794376,6126,-3174,-74,557,-758,-31,1077,446,-34,1,488,19380,74,33,79,16,0,0,0,0,0,0,0,-32286,0,0,0,0,0,2910460,0
2794381,6308,-3250,-46,609,-827,-22,1174,434,-26,1,496,19380,74,33,79,16,0,0,0,0,0,0,0,-32287,0,0,0,0,0,2910465,0
2794386,6354,-3192,92,640,-869,-22,1272,421,-16,2,472,19376,64,33,79,16,0,0,0,0,0,0,0,-32287,0,0,0,0,0,2910480,0
2794391,6536,-2988,236,650,-920,-13,1372,447,-15,-7,552,19376,64,33,79,16,0,0,0,0,0,0,0,-32287,0,0,0,0,0,2910485,0
2794396,6668,-2862,528,523,-879,74,1477,466,5,-7,592,19378,70,33,79,16,0,0,0,0,0,0,0,-32287,0,0,0,0,0,2910500,0
2794401,6780,-2806,670,507,-866,67,1582,462,23,-1,592,19378,70,33,79,16,0,0,0,0,0,0,0,-32287,0,0,0,0,0,2910505,0
2794406,6980,-2810,696,526,-835,87,1690,476,33,-4,632,19378,70,33,79,16,0,0,0,0,0,0,0,-32286,0,0,0,0,0,2910520,0
2794411,6932,-2830,808,597,-824,73,1804,508,44,-8,736,19378,70,33,79,16,0,0,0,0,0,0,0,-32287,0,0,0,0,0,2910525,0
2794416,7108,-2880,848,719,-742,110,1929,551,61,2,816,19377,67,33,79,16,0,0,0,0,0,0,0,-32287,0,0,0,0,0,2910540,0
2794421,7156,-2744,876,730,-703,115,2055,560,84,13,832,19377,67,33,79,16,0,0,0,0,0,0,0,-32287,0,0,0,0,0,2910545,0
2794426,7254,-2854,790,751,-637,118,2186,573,91,0,880,19376,67,33,79,16,0,0,0,0,0,0,0,-32287,0,0,0,0,0,2910560,0
2794431,7366,-2810,734,798,-608,126,2326,614,91,1,960,19376,67,33,79,16,0,0,0,0,0,0,0,-32287,0,0,0,0,0,2910565,0
2794436,7388,-3028,640,929,-579,128,2469,625,79,9,968,19378,69,33,79,16,0,0,0,0,0,0,0,-32287,0,0,0,0,0,2910580,0
2794441,7440,-3094,548,960,-577,129,2615,645,77,0,1024,19378,69,33,79,16,0,0,0,0,0,0,0,-32287,0,0,0,0,0,2910585,0
2794446,7450,-3038,428,1009,-578,134,2767,668,72,1,1072,19379,72,33,79,16,0,0,0,0,0,0,0,-32287,0,0,0,0,0,2910600,0
2794451,7460,-3154,312,1045,-577,168,2917,666,59,7,1048,19379,72,33,79,16,0,0,0,0,0,0,0,-32287,0,0,0,0,0,2910605,0
2794456,7410,-3118,142,1038,-592,180,3067,660,42,4,1024,19379,76,33,79,16,0,0,0,0,0,0,0,-32286,0,0,0,0,0,2910620,0
2794461,7350,-3122,88,1043,-592,185,3220,668,23,0,1032,19379,76,33,79,16,0,0,0,0,0,0,0,-32287,0,0,0,0,0,2910625,0
2794466,7376,-3208,32,1031,-571,218,3370,657,10,4,992,19380,72,33,79,16,0,0,0,0,0,0,0,-32287,0,0,0,0,0,2910640,0
2794471,7144,-3204,70,974,-575,256,3516,641,-9,13,928,19380,72,33,79,16,0,0,0,0,0,0,0,-32287,0,0,0,0,0,2910645,0
2794476,7232,-3110,-88,921,-582,280,3657,632,-27,8,912,19378,68,33,79,16,0,0,0,0,0,0,0,-32288,0,0,0,0,0,2910660,0
2794481,7068,-3178,-90,872,-578,304,3795,600,-38,6,824,19378,68,33,79,16,0,0,0,0,0,0,0,-32287,0,0,0,0,0,2910665,0
2794486,6928,-3192,-54,820,-591,317,3926,567,-64,7,720,19379,73,33,79,16,0,0,0,0,0,0,0,-32287,0,0,0,0,0,2910680,0
2794491,6992,-3144,-16,827,-587,313,4050,536,-75,0,664,19379,73,33,79,16,0,0,0,0,0,0,0,-32287,0,0,0,0,0,2910685,0
2794496,7056,-3284,278,876,-580,329,4170,526,-85,-10,648,19379,70,33,79,16,0,0,0,0,0,0,0,-32287,0,0,0,0,0,2910700,0
2794501,6942,-3282,410,855,-527,332,4281,481,-96,7,504,19379,70,33,79,16,0,0,0,0,0,0,0,-32287,0,0,0,0,0,2910705,0
2794506,7196,-3300,462,880,-483,334,4384,446,-101,0,424,19379,63,33,79,16,0,0,0,0,0,0,0,-32287,0,0,0,0,0,2910720,0
2794511,7116,-3086,586,956,-485,298,4478,418,-104,-10,424,19379,63,33,79,16,0,0,0,0,0,0,0,-32287,0,0,0,0,0,2910725,0
2794516,7240,-3138,660,1108,-454,275,4572,405,-104,-7,400,19377,58,33,79,16,0,0,0,0,0,0,0,-32287,0,0,0,0,0,2910740,0
2794521,7380,-3148,644,1110,-404,284,4658,369,-100,6,304,19377,58,33,79,16,0,0,0,0,0,0,0,-32287,0,0,0,0,0,2910745,0
2794526,7364,-2900,644,1104,-364,284,4734,337,-94,15,256,19377,66,33,79,16,0,0,0,0,0,0,0,-32287,0,0,0,0,0,2910760,0
2794531,7482,-2814,614,1090,-321,292,4801,295,-102,6,176,19377,66,33,79,16,0,0,0,0,0,0,0,-32287,0,0,0,0,0,2910765,0
2794536,7598,-2682,488,1074,-235,266,4863,262,-124,0,152,19379,77,33,79,16,0,0,0,0,0,0,0,-32287,0,0,0,0,0,2910780,0
2794541,7572,-2770,454,1083,-180,286,4921,258,-112,-9,152,19379,77,33,79,16,0,0,0,0,0,0,0,-32286,0,0,0,0,0,2910785,0
2794546,7488,-2694,430,1130,-161,315,4975,234,-90,2,120,19379,77,33,79,16,0,0,0,0,0,0,0,-32287,0,0,0,0,0,2910800,0
2794551,7446,-2420,392,1155,-157,292,5030,237,-66,-2,120,19379,77,33,79,16,0,0,0,0,0,0,0,-32287,0,0,0,0,0,2910805,0
2794556,7390,-2554,114,1182,-106,345,5081,227,-45,8,96,19379,68,33,79,16,0,0,0,0,0,0,0,-32287,0,0,0,0,0,2910820,0
2794561,7188,-2220,92,1178,-100,332,5121,172,-46,1,80,19379,68,33,79,16,0,0,0,0,0,0,0,-32287,0,0,0,0,0,2910825,0
2794566,7286,-2304,-42,1156,-91,354,5156,149,-73,-6,48,19380,75,33,79,16,0,0,0,0,0,0,0,-32287,0,0,0,0,0,2910840,0
2794571,7210,-2220,-140,1147,-43,358,5189,140,-90,-2,64,19380,75,33,79,16,0,0,0,0,0,0,0,-32287,0,0,0,0,0,2910845,0
2794576,7094,-2396,-320,1133,-48,417,5220,139,-77,3,40,19379,77,33,79,16,0,0,0,0,0,0,0,-32287,0,0,0,0,0,2910860,0
2794581,7122,-2212,-350,1122,-92,413,5245,110,-66,1,48,19379,77,33,79,16,0,0,0,0,0,0,0,-32287,0,0,0,0,0,2910865,0
2794586,7226,-2362,-440,1123,-114,442,5271,107,-46,0,40,19379,82,33,79,16,0,0,0,0,0,0,0,-32287,0,0,0,0,0,2910880,0
2794591,7074,-2330,-398,1108,-176,442,5291,84,-41,4,24,19379,82,33,79,16,0,0,0,0,0,0,0,-32287,0,0,0,0,0,2910885,0
2794596,7480,-1986,-350,1071,-213,416,5308,78,-51,-3,40,19377,73,33,79,16,0,0,0,0,0,0,0,-32287,0,0,0,0,0,2910900,0
2794601,7570,-1896,-326,1061,-236,384,5334,114,-31,-6,48,19377,73,33,79,16,0,0,0,0,0,0,0,-32287,0,0,0,0,0,2910905,0
2794606,7626,-2014,-310,1088,-247,347,5360,112,3,1,48,19378,65,33,79,16,0,0,0,0,0,0,0,-32287,0,0,0,0,0,2910920,0
2794611,7576,-1964,-236,1122,-273,293,5389,134,26,-8,64,19378,65,33,79,16,0,0,0,0,0,0,0,-32287,0,0,0,0,0,2910925,0
2794616,7580,-1952,-252,956,-208,282,5420,140,46,0,56,19377,64,33,79,16,0,0,0,0,0,0,0,-32287,0,0,0,0,0,2910939,0
2794621,7764,-2042,-236,891,-215,222,5457,167,43,-4,96,19377,64,33,79,16,0,0,0,0,0,0,0,-32287,0,0,0,0,0,2910944,0
2794626,7742,-2410,-238,879,-170,215,5502,196,53,0,120,19376,65,33,79,16,0,0,0,0,0,0,0,-32287,0,0,0,0,0,2910959,0
2794631,7638,-2430,0,894,-234,153,5550,219,83,1,112,19376,65,33,79,16,0,0,0,0,0,0,0,-32287,0,0,0,0,0,2910964,0
2794636,7764,-2780,124,913,-240,119,5602,236,78,-1,152,19377,69,33,79,16,0,0,0,0,0,0,0,-32286,0,0,0,0,0,2910979,0
2794641,7812,-2738,214,918,-230,68,5665,276,86,-10,224,19377,69,33,79,16,0,0,0,0,0,0,0,-32287,0,0,0,0,0,2910984,0
2794646,7924,-2926,270,939,-230,29,5734,308,91,2,256,19382,68,33,79,16,0,0,0,0,0,0,0,-32287,0,0,0,0,0,2910999,0
2794651,7914,-3066,262,988,-237,-3,5812,360,110,-4,336,19382,68,33,79,16,0,0,0,0,0,0,0,-32287,0,0,0,0,0,2911004,0
2794656,7998,-2998,238,1166,-254,-100,5899,385,124,-7,424,19384,60,33,79,16,0,0,0,0,0,0,0,-32287,0,0,0,0,0,2911019,0
2794661,8016,-2830,196,1240,-270,-144,5999,431,142,-14,504,19384,60,33,79,16,0,0,0,0,0,0,0,-32287,0,0,0,0,0,2911024,0
2794666,8086,-2726,68,1254,-255,-157,6101,449,137,-5,552,19384,66,33,79,16,0,0,0,0,0,0,0,-32287,0,0,0,0,0,2911039,0
2794671,8016,-2514,8,1266,-262,-168,6209,473,126,-3,616,19384,66,33,79,16,0,0,0,0,0,0,0,-32287,0,0,0,0,0,2911044,0
2794676,8020,-2026,-72,1224,-249,-234,6319,490,88,-1,672,19380,70,33,79,16,0,0,0,0,0,0,0,-32287,0,0,0,0,0,2911059,0
2794681,8254,-1936,-220,1265,-202,-235,6435,520,81,-2,744,19380,70,33,79,16,0,0,0,0,0,0,0,-32287,0,0,0,0,0,2911064,0
2794686,8026,-1652,-158,1220,-225,-254,6553,518,66,9,704,19379,75,33,79,16,0,0,0,0,0,0,0,-32287,0,0,0,0,0,2911079,0
2794691,8212,-1574,-276,1148,-214,-242,6668,508,51,10,656,19379,75,33,79,16,0,0,0,0,0,0,0,-32286,0,0,0,0,0,2911084,0
2794696,8312,-864,-132,982,-158,-259,6784,517,25,2,672,19382,62,33,79,16,0,0,0,0,0,0,0,-32287,0,0,0,0,0,2911099,0
2794701,8538,-960,-104,927,-117,-289,6902,519,9,0,688,19382,62,33,79,16,0,0,0,0,0,0,0,-32287,0,0,0,0,0,2911104,0
2794706,8354,-1610,-58,736,-46,-89,6986,330,-41,-710,-336,19381,66,33,79,16,0,0,0,0,0,0,0,-32286,0,0,0,0,0,2911119,0
2794711,7550,-1682,-42,105,61,121,6986,-31,-266,-1458,-856,19381,66,33,79,16,0,0,0,0,0,0,0,-32286,0,0,0,0,0,2911124,0
2794716,8346,-2080,-100,-1013,544,490,6935,-243,-544,-1435,-1384,19376,89,33,79,16,0,0,0,0,0,0,0,-32286,0,0,0,0,0,2911139,0
2794721,7486,-2898,682,-1395,740,705,6843,-426,-772,-1610,-1816,19376,89,33,79,16,0,0,0,0,0,0,0,-32286,0,0,0,0,0,2911144,0
2794726,7484,-3718,952,-1408,880,823,6716,-564,-819,-1797,-2152,19366,141,33,79,16,0,0,0,0,0,0,0,-32287,0,0,0,0,0,2911159,0
2794731,7666,-4532,994,-1151,1100,993,6568,-668,-685,-1971,-2368,19366,141,33,79,16,0,0,0,0,0,0,0,-32288,0,0,0,0,0,2911164,0
2794736,7386,-4528,942,-778,1311,1213,6399,-736,-508,-2042,-2472,19353,213,33,79,16,0,0,0,0,0,0,0,-32287,0,0,0,0,0,2911179,0
2794741,7472,-4270,716,-606,1417,1309,6223,-771,-377,-2165,-2480,19353,213,33,79,16,0,0,0,0,0,0,0,-32286,0,0,0,0,0,2911184,0
2794746,7386,-4022,518,-466,1348,1334,6047,-775,-257,-2263,-2624,19338,289,33,79,16,0,0,0,0,0,0,0,-32286,0,0,0,0,0,2911199,0
2794751,7908,-4076,122,-247,1293,1365,5874,-773,-140,-2342,-2544,19338,289,33,79,16,0,0,0,0,0,0,0,-32288,0,0,0,0,0,2911204,0
2794756,8366,-3516,-492,86,1145,1286,5703,-749,-48,-2465,-2512,19324,344,33,79,16,0,0,0,0,0,0,0,-32287,0,0,0,0,0,2911219,0
2794761,8860,-3474,-740,157,1147,1245,5537,-732,15,-2541,-2624,19324,344,33,79,16,0,0,0,0,0,0,0,-32286,0,0,0,0,0,2911224,0
2794766,8782,-3234,-736,146,1041,1153,5375,-712,40,-2667,-2504,19315,390,33,79,16,0,0,0,0,0,0,0,-32285,0,0,0,0,0,2911239,0
2794771,9272,-3180,-886,269,972,1007,5224,-659,72,-2719,-2464,19315,390,33,79,16,0,0,0,0,0,0,0,-32286,0,0,0,0,0,2911244,0
2794776,9516,-3094,-1032,442,872,765,5080,-634,92,-2812,-2368,19310,413,33,79,16,0,0,0,0,0,0,0,-32288,0,0,0,0,0,2911259,0
2794781,9524,-2920,-878,490,736,568,4946,-574,115,-2940,-2216,19310,413,33,79,16,0,0,0,0,0,0,0,-32288,0,0,0,0,0,2911264,0
2794786,9798,-3132,-928,601,665,415,4830,-507,146,-2975,-2152,19309,431,33,79,16,0,0,0,0,0,0,0,-32287,0,0,0,0,0,2911279,0
2794791,9402,-3494,-908,778,512,348,4723,-471,174,-3033,-2168,19309,431,33,79,16,0,0,0,0,0,0,0,-32286,0,0,0,0,0,2911284,0
2794796,9540,-3232,-996,973,147,152,4625,-427,180,-3159,-2096,19310,436,33,79,16,0,0,0,0,0,0,0,-32285,0,0,0,0,0,2911299,0
2794801,9414,-3074,-950,971,6,124,4532,-401,167,-3228,-2016,19310,436,33,79,16,0,0,0,0,0,0,0,-32286,0,0,0,0,0,2911304,0
2794806,9274,-2784,-756,944,-213,54,4450,-359,142,-3282,-2056,19310,420,33,79,16,0,0,0,0,0,0,0,-32287,0,0,0,0,0,2911319,0
2794811,9370,-2836,-650,882,-366,39,4367,-365,111,-3351,-2088,19310,420,33,79,16,0,0,0,0,0,0,0,-32288,0,0,0,0,0,2911324,0
2794816,9416,-2738,-174,713,-602,-20,4283,-378,82,-3410,-2096,19305,412,33,79,16,0,0,0,0,0,0,0,-32288,0,0,0,0,0,2911339,0
2794821,9328,-2404,238,665,-678,-79,4193,-390,28,-3473,-2144,19305,412,33,79,16,0,0,0,0,0,0,0,-32288,0,0,0,0,0,2911344,0
2794826,9396,-2604,666,608,-627,-75,4099,-418,-21,-3499,-2304,19303,431,33,79,16,0,0,0,0,0,0,0,-32287,0,0,0,0,0,2911359,0
2794831,9168,-2354,1170,597,-627,-143,4001,-436,-53,-3542,-2328,19303,431,33,79,16,0,0,0,0,0,0,0,-32286,0,0,0,0,0,2911363,0
2794836,9322,-2672,1724,528,-378,-189,3895,-471,-71,-3612,-2360,19299,458,33,79,16,0,0,0,0,0,0,0,-32285,0,0,0,0,0,2911378,0
2794841,9360,-2772,1936,484,-224,-218,3778,-509,-86,-3657,-2424,19299,458,33,79,16,0,0,0,0,0,0,0,-32285,0,0,0,0,0,2911383,0
2794846,9338,-3116,2072,465,-89,-221,3653,-555,-111,-3629,-2680,19293,480,33,79,16,0,0,0,0,0,0,0,-32286,0,0,0,0,0,2911398,0
2794851,8954,-3462,2216,390,2,-221,3509,-642,-146,-3688,-2760,19293,480,33,79,16,0,0,0,0,0,0,0,-32287,0,0,0,0,0,2911403,0
2794856,8674,-4000,2172,278,242,-206,3348,-715,-184,-3703,-3024,19285,523,33,79,16,0,0,0,0,0,0,0,-32288,0,0,0,0,0,2911418,0
2794861,8278,-4572,2164,137,339,-125,3163,-828,-234,-3656,-3376,19285,523,33,79,16,0,0,0,0,0,0,0,-32285,0,0,0,0,0,2911423,0
2794866,7732,-4674,2194,-64,407,-102,2952,-938,-295,-3729,-3560,19272,580,33,79,16,0,0,0,0,0,0,0,-32285,0,0,0,0,0,2911438,0
2794871,7828,-5204,2082,-170,533,-14,2714,-1060,-343,-3665,-3792,19272,580,33,79,16,0,0,0,0,0,0,0,-32288,0,0,0,0,0,2911443,0
2794876,6554,-5882,2254,-457,650,159,2451,-1172,-381,-3687,-4080,19260,661,33,79,16,0,0,0,0,0,0,0,-32288,0,0,0,0,0,2911458,0
2794881,5898,-6316,2000,-531,757,222,2163,-1275,-398,-3688,-4344,19260,661,33,79,16,0,0,0,0,0,0,0,-32285,0,0,0,0,0,2911463,0
2794886,5376,-6542,1836,-503,718,315,1854,-1372,-379,-3662,-4464,19243,747,33,79,16,0,0,0,0,0,0,0,-32288,0,0,0,0,0,2911478,0
2794891,4650,-6558,1840,-581,721,373,1522,-1466,-367,-3662,-4640,19243,747,33,79,16,0,0,0,0,0,0,0,-32285,0,0,0,0,0,2911483,0
2794896,4098,-6824,1660,-581,683,517,1170,-1554,-345,-3660,-4728,19224,831,33,79,16,0,0,0,0,0,0,0,-32287,0,0,0,0,0,2911498,0
2794901,3846,-7078,1598,-539,673,544,800,-1627,-326,-3611,-4824,19224,831,33,79,16,0,0,0,0,0,0,0,-32286,0,0,0,0,0,2911503,0
2794906,4042,-7384,1458,-404,660,579,415,-1701,-305,-3569,-4936,19207,907,33,79,16,0,0,0,0,0,0,0,-32286,0,0,0,0,0,2911518,0
2794911,3972,-7438,1432,-303,644,629,16,-1753,-275,-3551,-4936,19207,907,33,79,16,0,0,0,0,0,0,0,-32287,0,0,0,0,0,2911523,0
2794916,4130,-7018,1478,3,551,637,-385,-1762,-223,-3520,-4928,19192,967,33,79,16,0,0,0,0,0,0,0,-32287,0,0,0,0,0,2911538,0
2794921,4188,-6736,1486,150,463,597,-783,-1741,-149,-3463,-4864,19192,967,33,79,16,0,0,0,0,0,0,0,-32287,0,0,0,0,0,2911543,0
2794926,4902,-6830,1150,284,392,558,-1172,-1706,-60,-3420,-4752,19186,982,33,79,16,0,0,0,0,0,0,0,-32287,0,0,0,0,0,2911558,0
2794931,5608,-6832,808,481,291,553,-1548,-1649,37,-3367,-4640,19186,982,33,79,16,0,0,0,0,0,0,0,-32286,0,0,0,0,0,2911563,0
2794936,6156,-5824,610,801,-145,432,-1908,-1577,119,-3321,-4520,19193,971,33,79,16,0,0,0,0,0,0,0,-32286,0,0,0,0,0,2911578,0
2794941,6630,-5254,456,839,-331,372,-2255,-1515,179,-3269,-4464,19193,971,33,79,16,0,0,0,0,0,0,0,-32287,0,0,0,0,0,2911583,0
2794946,7268,-4744,92,792,-539,320,-2589,-1458,204,-3229,-4256,19205,913,33,79,16,0,0,0,0,0,0,0,-32286,0,0,0,0,0,2911598,0
2794951,7772,-4216,-54,758,-765,277,-2909,-1406,212,-3196,-4160,19205,913,33,79,16,0,0,0,0,0,0,0,-32288,0,0,0,0,0,2911603,0
2794956,8720,-3500,48,584,-1109,130,-3218,-1350,205,-3148,-3912,19220,837,33,79,16,0,0,0,0,0,0,0,-32285,0,0,0,0,0,2911618,0
2794961,8804,-2858,258,508,-1294,67,-3515,-1299,194,-3092,-3752,19220,837,33,79,16,0,0,0,0,0,0,0,-32287,0,0,0,0,0,2911623,0
2794966,9072,-2420,428,362,-1358,-44,-3801,-1246,184,-3052,-3704,19233,769,33,79,16,0,0,0,0,0,0,0,-32287,0,0,0,0,0,2911638,0
2794971,9560,-2462,650,271,-1438,-77,-4072,-1189,183,-2978,-3560,19233,769,33,79,16,0,0,0,0,0,0,0,-32285,0,0,0,0,0,2911643,0
2794976,9886,-2074,1132,94,-1501,-214,-4330,-1123,190,-2906,-3344,19246,709,33,79,16,0,0,0,0,0,0,0,-32287,0,0,0,0,0,2911657,0
2794981,9868,-1806,1564,2,-1488,-293,-4575,-1067,202,-2830,-3248,19246,709,33,79,16,0,0,0,0,0,0,0,-32287,0,0,0,0,0,2911662,0
2794986,10184,-1858,1838,-117,-1377,-327,-4805,-1010,202,-2774,-3048,19263,645,33,79,16,0,0,0,0,0,0,0,-32285,0,0,0,0,0,2911677,0
2794991,10168,-1700,2212,-183,-1300,-392,-5020,-941,209,-2707,-2992,19263,645,33,79,16,0,0,0,0,0,0,0,-32287,0,0,0,0,0,2911682,0
2794996,10238,-1548,2798,-317,-1009,-484,-5223,-880,215,-2654,-2816,19278,560,33,79,16,0,0,0,0,0,0,0,-32288,0,0,0,0,0,2911698,0
2795001,10392,-1862,3050,-351,-770,-490,-5413,-829,209,-2542,-2752,19278,560,33,79,16,0,0,0,0,0,0,0,-32286,0,0,0,0,0,2911703,0
2795006,10094,-1708,3222,-421,-541,-534,-5597,-790,198,-2534,-2512,19291,492,33,79,16,0,0,0,0,0,0,0,-32286,0,0,0,0,0,2911717,0
2795011,10288,-1850,3282,-397,-322,-573,-5768,-748,181,-2408,-2504,19291,492,33,79,16,0,0,0,0,0,0,0,-32287,0,0,0,0,0,2911722,0
2795016,9814,-1982,3582,-445,255,-601,-5934,-733,151,-2360,-2384,19301,439,33,79,16,0,0,0,0,0,0,0,-32288,0,0,0,0,0,2911737,0
2795021,10034,-2110,3568,-411,557,-623,-6090,-686,133,-2271,-2256,19301,439,33,79,16,0,0,0,0,0,0,0,-32286,0,0,0,0,0,2911742,0
2795026,9456,-2176,3476,-458,845,-618,-6242,-671,120,-2187,-2152,19312,390,33,79,16,0,0,0,0,0,0,0,-32286,0,0,0,0,0,2911757,0
2795031,9332,-2282,3066,-518,1083,-632,-6392,-652,99,-2143,-2152,19312,390,33,79,16,0,0,0,0,0,0,0,-32286,0,0,0,0,0,2911762,0
2795036,8598,-2544,2390,-607,1489,-601,-6539,-643,74,-2061,-2160,19321,354,33,79,16,0,0,0,0,0,0,0,-32287,0,0,0,0,0,2911777,0
2795041,8112,-2720,2090,-678,1644,-587,-6660,-658,48,-1997,-2136,19321,354,33,79,16,0,0,0,0,0,0,0,-32287,0,0,0,0,0,2911782,0
2795046,7756,-2814,1738,-690,1759,-571,-6808,-655,19,-1898,-2104,19327,325,33,79,16,0,0,0,0,0,0,0,-32286,0,0,0,0,0,2911797,0
2795051,7356,-2738,1306,-712,1842,-548,-6954,-638,13,-1811,-1960,19327,325,33,79,16,0,0,0,0,0,0,0,-32286,0,0,0,0,0,2911802,0
2795056,6626,-2830,614,-737,1830,-528,-7099,-633,11,-1745,-1888,19332,287,33,79,16,0,0,0,0,0,0,0,-32286,0,0,0,0,0,2911817,0
2795061,6374,-3006,244,-766,1770,-514,-7240,-619,24,-1654,-1848,19332,287,33,79,16,0,0,0,0,0,0,0,-32286,0,0,0,0,0,2911822,0
2795066,6200,-2970,52,-766,1700,-504,-7376,-590,46,-1600,-1728,19337,262,33,79,16,0,0,0,0,0,0,0,-32287,0,0,0,0,0,2911837,0
2795071,5976,-3072,-76,-759,1597,-503,-7505,-557,62,-1525,-1632,19337,262,33,79,16,0,0,0,0,0,0,0,-32287,0,0,0,0,0,2911842,0
2795076,5532,-3010,-278,-803,1295,-476,-7627,-532,82,-1427,-1560,19342,238,33,79,16,0,0,0,0,0,0,0,-32287,0,0,0,0,0,2911857,0
2795081,5426,-3170,-216,-848,1186,-491,-7743,-500,100,-1356,-1432,19342,238,33,79,16,0,0,0,0,0,0,0,-32286,0,0,0,0,0,2911862,0
2795086,5640,-3300,-278,-819,1064,-483,-7849,-458,112,-1287,-1328,19350,207,33,79,16,0,0,0,0,0,0,0,-32286,0,0,0,0,0,2911877,0
2795091,5386,-3184,-108,-794,918,-486,-7942,-404,131,-1212,-1200,19350,207,33,79,16,0,0,0,0,0,0,0,-32286,0,0,0,0,0,2911882,0
2795096,5444,-3308,74,-815,688,-451,-8030,-378,138,-1146,-1096,19358,181,33,79,16,0,0,0,0,0,0,0,-32287,0,0,0,0,0,2911897,0
2795101,5490,-3366,228,-825,645,-428,-8111,-354,132,-1087,-1064,19358,181,33,79,16,0,0,0,0,0,0,0,-32287,0,0,0,0,0,2911902,0
2795106,5544,-3314,384,-853,588,-416,-8182,-311,129,-1009,-864,19364,147,33,79,16,0,0,0,0,0,0,0,-32287,0,0,0,0,0,2911917,0
2795111,5644,-3296,528,-833,528,-423,-8242,-250,123,-946,-760,19364,147,33,79,16,0,0,0,0,0,0,0,-32287,0,0,0,0,0,2911922,0
2795116,5640,-3184,726,-768,351,-403,-8288,-193,146,-869,-552,19368,135,33,79,16,0,0,0,0,0,0,0,-32287,0,0,0,0,0,2911937,0
2795121,5840,-3268,746,-765,325,-376,-8325,-152,173,-822,-432,19368,135,33,79,16,0,0,0,0,0,0,0,-32287,0,0,0,0,0,2911942,0
2795126,5870,-2922,852,-766,246,-389,-8349,-94,182,-757,-280,19369,123,33,79,16,0,0,0,0,0,0,0,-32287,0,0,0,0,0,2911957,0
2795131,6010,-3058,862,-763,241,-362,-8359,-47,185,-683,-208,19369,123,33,79,16,0,0,0,0,0,0,0,-32286,0,0,0,0,0,2911962,0
2795136,5944,-2966,1128,-902,225,-274,-8368,-36,161,-594,-176,19373,99,33,79,16,0,0,0,0,0,0,0,-32287,0,0,0,0,0,2911977,0
2795141,5908,-2934,1292,-944,308,-240,-8374,-27,128,-528,-176,19373,99,33,79,16,0,0,0,0,0,0,0,-32287,0,0,0,0,0,2911982,0
2795146,5800,-2890,1460,-955,370,-207,-8378,-8,79,-477,-128,19374,72,33,79,16,0,0,0,0,0,0,0,-32287,0,0,0,0,0,2911997,0
2795151,5768,-2900,1494,-947,418,-178,-8379,-9,51,-411,-80,19374,72,33,79,16,0,0,0,0,0,0,0,-32286,0,0,0,0,0,2912002,0
2795156,5638,-2650,1550,-962,574,-127,-8376,0,42,-343,-88,19374,67,33,79,16,0,0,0,0,0,0,0,-32287,0,0,0,0,0,2912016,0
2795161,5490,-2480,1514,-965,684,-105,-8376,0,30,-293,-64,19374,67,33,79,16,0,0,0,0,0,0,0,-32287,0,0,0,0,0,2912021,0
2795166,5464,-2426,1468,-993,753,-88,-8374,9,22,-242,-32,19374,72,33,79,16,0,0,0,0,0,0,0,-32287,0,0,0,0,0,2912036,0
2795171,5404,-2326,1400,-992,807,-90,-8369,21,8,-184,-32,19374,72,33,79,16,0,0,0,0,0,0,0,-32287,0,0,0,0,0,2912041,0
2795176,5302,-2252,1112,-986,876,-84,-8363,36,19,-138,0,19376,76,33,79,16,0,0,0,0,0,0,0,-32286,0,0,0,0,0,2912056,0
2795181,5332,-2156,952,-946,868,-109,-8351,58,35,-90,32,19376,76,33,79,16,0,0,0,0,0,0,0,-32287,0,0,0,0,0,2912061,0
2795186,5364,-1972,806,-863,812,-178,-8324,126,61,-51,80,19376,71,33,79,16,0,0,0,0,0,0,0,-32286,0,0,0,0,0,2912076,0
2795191,5486,-1994,542,-769,710,-211,-8281,193,121,-7,152,19376,71,33,79,16,0,0,0,0,0,0,0,-32287,0,0,0,0,0,2912081,0
2795196,5646,-1806,50,-703,448,-285,-8223,266,173,31,272,19378,63,33,79,16,0,0,0,0,0,0,0,-32287,0,0,0,0,0,2912096,0
2795201,5556,-1498,-28,-697,323,-315,-8152,329,212,68,440,19378,63,33,79,16,0,0,0,0,0,0,0,-32287,0,0,0,0,0,2912101,0
2795206,5672,-1582,-120,-730,207,-328,-8073,348,216,93,552,19377,68,33,79,16,0,0,0,0,0,0,0,-32286,0,0,0,0,0,2912116,0
2795211,5636,-1464,-90,-782,88,-349,-7984,398,182,132,720,19377,68,33,79,16,0,0,0,0,0,0,0,-32286,0,0,0,0,0,2912121,0
2795216,5896,-1716,60,-760,-99,-393,-7887,435,158,174,848,19377,72,33,79,16,0,0,0,0,0,0,0,-32286,0,0,0,0,0,2912136,0
2795221,6148,-1666,120,-749,-180,-414,-7780,484,142,211,992,19377,72,33,79,16,0,0,0,0,0,0,0,-32287,0,0,0,0,0,2912141,0
2795226,6370,-1618,256,-743,-236,-423,-7663,531,133,263,1208,19376,77,33,79,16,0,0,0,0,0,0,0,-32287,0,0,0,0,0,2912156,0
2795231,6464,-1896,410,-758,-239,-398,-7533,577,149,326,1296,19376,77,33,79,16,0,0,0,0,0,0,0,-32286,0,0,0,0,0,2912161,0
2795236,6686,-1968,840,-932,-197,-336,-7391,627,157,369,1464,19373,93,33,79,16,0,0,0,0,0,0,0,-32286,0,0,0,0,0,2912176,0
2795241,6962,-1990,906,-1026,-142,-303,-7235,699,184,406,1688,19373,93,33,79,16,0,0,0,0,0,0,0,-32287,0,0,0,0,0,2912191,0
2795246,7114,-2004,956,-1128,-82,-256,-7062,760,200,441,1808,19372,98,33,79,16,0,0,0,0,0,0,0,-32287,0,0,0,0,0,2912199,0
2795251,7210,-2134,1206,-1157,19,-228,-6875,825,209,480,2024,19372,98,33,79,16,0,0,0,0,0,0,0,-32287,0,0,0,0,0,2912204,0
2795256,7374,-2662,1068,-1067,-10,-209,-6668,924,236,508,2240,19366,108,33,79,16,0,0,0,0,0,0,0,-32286,0,0,0,0,0,2912219,0
2795261,7454,-2528,1126,-961,-78,-234,-6442,1004,255,575,2504,19366,108,33,79,16,0,0,0,0,0,0,0,-32286,0,0,0,0,0,2912224,0
2795266,7782,-2440,1252,-801,-122,-273,-6197,1096,276,608,2728,19362,122,33,79,16,0,0,0,0,0,0,0,-32287,0,0,0,0,0,2912239,0
2795271,7890,-2250,1222,-740,-69,-296,-5930,1183,293,644,2960,19362,122,33,79,16,0,0,0,0,0,0,0,-32287,0,0,0,0,0,2912244,0
2795276,8034,-1590,1262,-719,-51,-398,-5638,1296,316,680,3200,19359,153,33,79,16,0,0,0,0,0,0,0,-32286,0,0,0,0,0,2912259,0
2795281,8110,-1820,1120,-799,15,-408,-5321,1414,335,738,3520,19359,153,33,79,16,0,0,0,0,0,0,0,-32287,0,0,0,0,0,2912264,0
2795286,7868,-1688,1274,-918,75,-427,-4975,1540,370,779,3776,19356,178,33,79,16,0,0,0,0,0,0,0,-32286,0,0,0,0,0,2912279,0
2795291,7974,-1892,1056,-964,132,-453,-4594,1687,406,822,4096,19356,178,33,79,16,0,0,0,0,0,0,0,-32287,0,0,0,0,0,2912284,0
2795296,9102,-1860,2156,-356,-33,-1016,-4179,1848,458,867,4408,19348,202,33,79,16,0,0,0,0,0,0,0,-32287,0,0,0,0,0,2912299,0
2795301,11342,-3370,586,2016,-1430,-1555,-3751,1882,467,961,4368,19348,202,33,79,16,0,0,0,0,0,0,0,-32287,0,0,0,0,0,2912304,0
2795306,6704,-2098,-682,1359,-956,-1182,-3311,1934,398,949,4496,19341,234,33,79,16,0,0,0,0,0,0,0,-32286,0,0,0,0,0,2912319,0
2795311,8220,1022,356,1145,-2248,-1771,-2875,1918,284,1015,4440,19341,234,33,79,16,0,0,0,0,0,0,0,-32287,0,0,0,0,0,2912324,0
2795316,8812,1746,814,346,-1636,-1682,-2454,1842,130,1041,4280,19334,272,33,79,16,0,0,0,0,0,0,0,-32286,0,0,0,0,0,2912339,0
2795321,10356,578,1406,-138,-1301,-1764,-2056,1740,-54,1079,4072,19334,272,33,79,16,0,0,0,0,0,0,0,-32287,0,0,0,0,0,2912344,0
2795326,10416,-252,1666,-424,-827,-1722,-1688,1613,-192,1129,3784,19331,300,33,79,16,0,0,0,0,0,0,0,-32287,0,0,0,0,0,2912359,0
2795331,9614,-710,2650,-673,-443,-1713,-1350,1471,-331,1160,3408,19331,300,33,79,16,0,0,0,0,0,0,0,-32287,0,0,0,0,0,2912364,0
2795336,8794,-2228,2610,-906,282,-1499,-1042,1338,-410,1192,3128,19328,317,33,79,16,0,0,0,0,0,0,0,-32286,0,0,0,0,0,2912379,0
2795341,8268,-2448,2850,-979,490,-1395,-763,1221,-446,1246,2912,19328,317,33,79,16,0,0,0,0,0,0,0,-32287,0,0,0,0,0,2912384,0
2795346,8036,-3010,2468,-1024,704,-1253,-516,1080,-456,1264,2664,19330,298,33,79,16,0,0,0,0,0,0,0,-32287,0,0,0,0,0,2912399,0
2795351,7652,-3038,2398,-1032,799,-1132,-289,975,-449,1298,2360,19330,298,33,79,16,0,0,0,0,0,0,0,-32287,0,0,0,0,0,2912404,0
2795356,7246,-3100,1982,-1026,903,-907,-89,870,-422,1347,2280,19335,272,33,79,16,0,0,0,0,0,0,0,-32287,0,0,0,0,0,2912419,0
2795361,7358,-3052,1812,-982,891,-819,90,780,-386,1381,2040,19335,272,33,79,16,0,0,0,0,0,0,0,-32287,0,0,0,0,0,2912423,0
2795366,7352,-2994,1744,-993,894,-726,250,700,-360,1415,1856,19340,255,33,79,16,0,0,0,0,0,0,0,-32288,0,0,0,0,0,2912438,0
2795371,7478,-2890,1726,-1014,854,-647,391,609,-327,1447,1704,19340,255,33,79,16,0,0,0,0,0,0,0,-32286,0,0,0,0,0,2912443,0
2795376,7668,-2880,1694,-1006,766,-568,518,554,-293,1490,1608,19345,240,33,79,16,0,0,0,0,0,0,0,-32286,0,0,0,0,0,2912458,0
2795381,7812,-2872,1710,-990,722,-515,630,477,-265,1520,1480,19345,240,33,79,16,0,0,0,0,0,0,0,-32287,0,0,0,0,0,2912463,0
2795386,7794,-2800,1800,-993,675,-480,727,418,-242,1535,1424,19348,232,33,79,16,0,0,0,0,0,0,0,-32287,0,0,0,0,0,2912478,0
2795391,7936,-2908,1798,-1030,686,-441,812,367,-227,1610,1312,19348,232,33,79,16,0,0,0,0,0,0,0,-32287,0,0,0,0,0,2912483,0
2795396,8006,-2810,2000,-966,665,-398,886,325,-206,1637,1264,19349,199,33,79,16,0,0,0,0,0,0,0,-32287,0,0,0,0,0,2912498,0
2795401,8016,-2666,2022,-874,644,-393,958,315,-176,1679,1280,19349,199,33,79,16,0,0,0,0,0,0,0,-32287,0,0,0,0,0,2912503,0
2795406,8014,-2582,1822,-835,645,-353,1023,285,-133,1707,1200,19351,190,33,79,16,0,0,0,0,0,0,0,-32287,0,0,0,0,0,2912518,0
2795411,7908,-2264,1682,-854,612,-323,1085,270,-98,1766,1184,19351,190,33,79,16,0,0,0,0,0,0,0,-32286,0,0,0,0,0,2912523,0
2795416,7880,-1978,1242,-899,536,-218,1142,254,-81,1763,1168,19354,189,33,79,16,0,0,0,0,0,0,0,-32286,0,0,0,0,0,2912538,0
2795421,8022,-1872,1156,-965,483,-201,1197,247,-60,1823,1152,19354,189,33,79,16,0,0,0,0,0,0,0,-32286,0,0,0,0,0,2912543,0
2795426,8518,-2152,1120,-1012,435,-143,1253,248,-53,1800,1296,19356,195,33,79,16,0,0,0,0,0,0,0,-32286,0,0,0,0,0,2912558,0
2795431,9088,-2216,1356,-998,342,-155,1321,305,-9,1838,1408,19356,195,33,79,16,0,0,0,0,0,0,0,-32286,0,0,0,0,0,2912563,0
2795436,10476,-2588,1724,-1010,237,-158,1402,368,54,1860,1568,19355,197,33,79,16,0,0,0,0,0,0,0,-32286,0,0,0,0,0,2912578,0
2795441,11336,-3046,1714,-1052,172,-147,1499,433,132,1894,1760,19355,197,33,79,16,0,0,0,0,0,0,0,-32287,0,0,0,0,0,2912583,0
2795446,12076,-3222,1672,-1154,130,-175,1612,499,190,1930,1952,19349,197,33,79,16,0,0,0,0,0,0,0,-32287,0,0,0,0,0,2912598,0
2795451,13042,-3982,1738,-1200,128,-178,1742,587,228,1958,2256,19349,197,33,79,16,0,0,0,0,0,0,0,-32287,0,0,0,0,0,2912603,0
2795456,14230,-5326,2290,-933,181,-311,1897,695,260,1988,2400,19341,228,33,79,16,0,0,0,0,0,0,0,-32286,0,0,0,0,0,2912618,0
2795461,14272,-5676,2750,-751,224,-415,2075,789,291,2034,2560,19341,228,33,79,16,0,0,0,0,0,0,0,-32286,0,0,0,0,0,2912623,0
2795466,14616,-5804,2964,-495,273,-588,2273,872,321,2015,2840,19334,281,33,79,16,0,0,0,0,0,0,0,-32287,0,0,0,0,0,2912638,0
2795471,14290,-6328,2822,-538,561,-589,2489,964,334,2093,3008,19334,281,33,79,16,0,0,0,0,0,0,0,-32287,0,0,0,0,0,2912643,0
2795476,13272,-6144,2346,103,551,-997,2719,1022,306,2086,3032,19326,338,33,79,16,0,0,0,0,0,0,0,-32288,0,0,0,0,0,2912658,0
2795481,12324,-5762,1670,205,552,-1110,2958,1055,265,2117,3096,19326,338,33,79,16,0,0,0,0,0,0,0,-32287,0,0,0,0,0,2912663,0
2795486,11340,-5614,1376,148,578,-1252,3204,1081,211,2139,3096,19317,383,33,79,16,0,0,0,0,0,0,0,-32288,0,0,0,0,0,2912678,0
2795491,10712,-6070,1066,222,489,-1348,3450,1075,151,2180,3056,19317,383,33,79,16,0,0,0,0,0,0,0,-32286,0,0,0,0,0,2912683,0
2795496,8276,-6170,1324,255,539,-1389,3686,1043,68,2203,3000,19312,408,33,79,16,0,0,0,0,0,0,0,-32286,0,0,0,0,0,2912698,0
2795501,7072,-6886,1184,107,649,-1293,3911,984,-16,2220,2848,19312,408,33,79,16,0,0,0,0,0,0,0,-32287,0,0,0,0,0,2912703,0
2795506,6104,-7502,1020,270,628,-1189,4125,929,-91,2192,2720,19310,410,33,79,16,0,0,0,0,0,0,0,-32287,0,0,0,0,0,2912718,0
2795511,4824,-7468,1392,507,500,-1105,4328,889,-144,2226,2688,19310,410,33,79,16,0,0,0,0,0,0,0,-32286,0,0,0,0,0,2912723,0
2795516,3760,-6582,964,744,377,-881,4521,846,-162,2238,2552,19313,402,33,79,16,0,0,0,0,0,0,0,-32286,0,0,0,0,0,2912738,0
2795521,3434,-5934,536,709,334,-744,4706,810,-164,2257,2512,19313,402,33,79,16,0,0,0,0,0,0,0,-32287,0,0,0,0,0,2912743,0
2795526,2996,-5506,266,660,310,-605,4881,764,-151,2261,2440,19315,380,33,79,16,0,0,0,0,0,0,0,-32287,0,0,0,0,0,2912758,0
2795531,2782,-4838,168,633,208,-524,5048,737,-139,2259,2336,19315,380,33,79,16,0,0,0,0,0,0,0,-32286,0,0,0,0,0,2912763,0
2795536,2586,-3664,-320,562,110,-336,5211,704,-127,2288,2336,19320,362,33,79,16,0,0,0,0,0,0,0,-32285,0,0,0,0,0,2912778,0
2795541,2890,-3238,-436,457,73,-285,5373,712,-106,2285,2432,19320,362,33,79,16,0,0,0,0,0,0,0,-32287,0,0,0,0,0,2912783,0
2795546,3012,-2772,-406,410,46,-253,5536,724,-65,2286,2408,19322,362,33,79,16,0,0,0,0,0,0,0,-32288,0,0,0,0,0,2912798,0
2795551,3224,-2442,-270,328,31,-199,5699,727,-27,2289,2408,19322,362,33,79,16,0,0,0,0,0,0,0,-32287,0,0,0,0,0,2912803,0
2795556,3864,-1834,-198,126,83,-189,5868,738,-5,2310,2496,19322,366,33,79,16,0,0,0,0,0,0,0,-32286,0,0,0,0,0,2912818,0
2795561,3870,-1676,-188,-10,126,-176,6038,753,31,2322,2520,19322,366,33,79,16,0,0,0,0,0,0,0,-32285,0,0,0,0,0,2912823,0
2795566,4000,-1846,-218,-167,140,-140,6211,762,45,2315,2440,19321,371,33,79,16,0,0,0,0,0,0,0,-32287,0,0,0,0,0,2912838,0
2795571,4032,-2184,-266,-270,112,-108,6385,767,42,2311,2544,19321,371,33,79,16,0,0,0,0,0,0,0,-32287,0,0,0,0,0,2912843,0
2795576,4378,-2872,-72,-344,-35,-21,6561,769,31,2305,2512,19319,387,33,79,16,0,0,0,0,0,0,0,-32287,0,0,0,0,0,2912858,0
2795581,4432,-3192,220,-388,-116,56,6735,760,18,2313,2464,19319,387,33,79,16,0,0,0,0,0,0,0,-32285,0,0,0,0,0,2912863,0
2795586,4818,-3484,480,-387,-191,95,6910,775,11,2296,2536,19318,380,33,79,16,0,0,0,0,0,0,0,-32287,0,0,0,0,0,2912878,0
2795591,5230,-3988,772,-357,-241,170,7087,770,9,2321,2456,19318,380,33,79,16,0,0,0,0,0,0,0,-32288,0,0,0,0,0,2912883,0
2795596,6128,-4616,1448,-279,-325,291,7254,745,-8,2286,2368,19314,372,33,79,16,0,0,0,0,0,0,0,-32287,0,0,0,0,0,2912898,0
2795601,6658,-5070,1638,-221,-284,388,7415,701,-33,2301,2208,19314,372,33,79,16,0,0,0,0,0,0,0,-32285,0,0,0,0,0,2912903,0
2795606,6810,-5182,1712,-240,-244,486,7559,627,-82,2298,2048,19314,377,33,79,16,0,0,0,0,0,0,0,-32286,0,0,0,0,0,2912917,0
2795611,7058,-5362,1578,-277,-229,552,7688,556,-151,2269,1872,19314,377,33,79,16,0,0,0,0,0,0,0,-32287,0,0,0,0,0,2912922,0
2795616,7042,-5534,1000,-261,-223,698,7795,467,-207,2242,1632,19320,353,33,79,16,0,0,0,0,0,0,0,-32287,0,0,0,0,0,2912937,0
2795621,7010,-5590,612,-317,-231,784,7878,347,-272,2224,1448,19320,353,33,79,16,0,0,0,0,0,0,0,-32287,0,0,0,0,0,2912942,0
2795626,6930,-5232,224,-345,-269,801,7940,277,-312,2204,1256,19327,322,33,79,16,0,0,0,0,0,0,0,-32287,0,0,0,0,0,2912957,0
2795631,6954,-5230,-98,-363,-256,840,7983,185,-323,2184,1160,19327,322,33,79,16,0,0,0,0,0,0,0,-32287,0,0,0,0,0,2912962,0
2795636,6792,-5002,-418,-394,-334,783,8015,133,-312,2162,1024,19335,264,33,79,16,0,0,0,0,0,0,0,-32287,0,0,0,0,0,2912977,0
2795641,6478,-4768,-552,-373,-386,751,8032,72,-271,2174,920,19335,264,33,79,16,0,0,0,0,0,0,0,-32286,0,0,0,0,0,2912982,0
2795646,6454,-4524,-634,-324,-500,658,8049,64,-212,2127,864,19343,217,33,79,16,0,0,0,0,0,0,0,-32286,0,0,0,0,0,2912997,0
2795651,6576,-4452,-728,-239,-572,579,8064,70,-150,2074,848,19343,217,33,79,16,0,0,0,0,0,0,0,-32286,0,0,0,0,0,2913002,0
2795656,6478,-4246,-634,-181,-803,438,8077,51,-88,2070,784,19347,187,33,79,16,0,0,0,0,0,0,0,-32286,0,0,0,0,0,2913017,0
2795661,6454,-4138,-556,-220,-902,391,8081,18,-59,2042,712,19347,187,33,79,16,0,0,0,0,0,0,0,-32286,0,0,0,0,0,2913022,0
2795666,6458,-4062,-366,-257,-978,328,8080,-9,-55,2000,688,19354,164,33,79,16,0,0,0,0,0,0,0,-32286,0,0,0,0,0,2913037,0
2795671,6534,-4164,-108,-224,-1025,261,8082,1,-62,1951,680,19354,164,33,79,16,0,0,0,0,0,0,0,-32286,0,0,0,0,0,2913042,0
2795676,6602,-4124,430,-26,-1084,159,8081,3,-59,1918,672,19358,154,33,79,16,0,0,0,0,0,0,0,-32286,0,0,0,0,0,2913057,0
2795681,6832,-4036,652,58,-1087,119,8081,2,-25,1883,664,19358,154,33,79,16,0,0,0,0,0,0,0,-32286,0,0,0,0,0,2913062,0
2795686,7048,-3854,842,122,-1047,89,8082,-7,-3,1851,640,19360,146,33,79,16,0,0,0,0,0,0,0,-32286,0,0,0,0,0,2913077,0
2795691,7238,-3666,932,188,-988,80,8085,10,6,1808,640,19360,146,33,79,16,0,0,0,0,0,0,0,-32286,0,0,0,0,0,2913082,0
2795696,7418,-3378,1006,278,-876,53,8087,12,12,1766,656,19361,132,33,79,16,0,0,0,0,0,0,0,-32286,0,0,0,0,0,2913097,0
2795701,7438,-3256,980,347,-824,43,8096,40,23,1717,704,19361,132,33,79,16,0,0,0,0,0,0,0,-32286,0,0,0,0,0,2913102,0
2795706,7492,-3032,930,439,-783,27,8112,81,39,1653,832,19362,123,33,79,16,0,0,0,0,0,0,0,-32286,0,0,0,0,0,2913117,0
2795711,7568,-2788,932,584,-749,-6,8143,147,89,1602,928,19362,123,33,79,16,0,0,0,0,0,0,0,-32286,0,0,0,0,0,2913122,0
2795716,7550,-2326,870,719,-704,10,8179,166,118,1595,936,19365,131,33,79,16,0,0,0,0,0,0,0,-32286,0,0,0,0,0,2913137,0
2795721,7920,-2230,736,800,-693,41,8227,216,150,1560,1000,19365,131,33,79,16,0,0,0,0,0,0,0,-32286,0,0,0,0,0,2913142,0
2795726,7638,-1858,786,735,-657,40,8280,238,141,1498,1080,19368,144,33,79,16,0,0,0,0,0,0,0,-32286,0,0,0,0,0,2913157,0
2795731,7950,-1914,602,684,-648,69,8335,243,117,1478,1056,19368,144,33,79,16,0,0,0,0,0,0,0,-32286,0,0,0,0,0,2913162,0
2795736,7796,-1492,528,698,-654,43,8397,274,93,1408,1176,19365,153,33,79,16,0,0,0,0,0,0,0,-32286,0,0,0,0,0,2913177,0
2795741,7566,-3808,-118,213,-503,628,8408,-14,4,99,-1104,19365,153,33,79,16,0,0,0,0,0,0,0,-32287,0,0,0,0,0,2913182,0
2795746,4886,-1778,212,-1178,-529,906,8295,-538,-354,-1145,-2392,19362,145,33,79,16,0,0,0,0,0,0,0,-32287,0,0,0,0,0,2913196,0
2795751,6372,-3444,-746,-1862,-338,1236,8066,-1057,-853,-1511,-3488,19362,145,33,79,16,0,0,0,0,0,0,0,-32287,0,0,0,0,0,2913201,0
2795756,5394,-3352,838,-2354,245,1592,7726,-1548,-1358,-1731,-4608,19349,188,33,79,16,0,0,0,0,0,0,0,-32286,0,0,0,0,0,2913216,0
2795761,6442,-3674,1568,-1488,457,1408,7275,-2034,-1692,-1850,-5704,19349,188,33,79,16,0,0,0,0,0,0,0,-32288,0,0,0,0,0,2913221,0
2795766,6710,-3856,2030,-109,273,1092,6712,-2528,-1740,-1945,-6872,19324,322,33,79,16,0,0,0,0,0,0,0,-32286,0,0,0,0,0,2913236,0
2795771,6922,-2916,1850,1274,4,831,6034,-3026,-1722,-2064,-8064,19324,322,33,79,16,0,0,0,0,0,0,0,-32286,0,0,0,0,0,2913241,0
2795776,3884,-14146,-2234,-3363,219,4415,5246,-3518,-1725,-2201,-9024,19280,552,33,79,16,0,0,0,0,0,0,0,-32286,0,0,0,0,0,2913256,0
2795781,-5626,9444,1688,-8646,1059,3357,4407,-3704,-1622,-2441,-9144,19280,552,33,79,16,0,0,0,0,0,0,0,-32286,0,0,0,0,0,2913261,0
2795786,17898,-13550,1604,-9972,7033,6158,3546,-3782,-1356,-2546,-8760,19214,853,33,79,16,0,0,0,0,0,0,0,-32286,0,0,0,0,0,2913276,0
2795791,-9098,-11260,9572,-8588,5495,5793,2738,-3528,-833,-2722,-7976,19214,853,33,79,16,0,0,0,0,0,0,0,-32286,0,0,0,0,0,2913281,0
2795796,4838,-19116,3474,1726,3334,5287,2013,-3150,-153,-2725,-7232,19159,1101,33,79,16,0,0,0,0,0,0,0,-32286,0,0,0,0,0,2913296,0
2795801,4240,-7192,2904,3034,3096,4941,1382,-2733,545,-2827,-6432,19159,1101,33,79,16,0,0,0,0,0,0,0,-32285,0,0,0,0,0,2913301,0
2795806,7718,28,-420,1553,3359,4532,843,-2333,1046,-2896,-5488,19138,1193,33,79,16,0,0,0,0,0,0,0,-32288,0,0,0,0,0,2913316,0
2795811,8354,1308,-2126,11,3011,4128,391,-1961,1319,-2960,-4768,19138,1193,33,79,16,0,0,0,0,0,0,0,-32287,0,0,0,0,0,2913321,0
2795816,10346,-724,-3692,488,392,2968,14,-1616,1356,-3029,-4048,19160,1113,33,79,16,0,0,0,0,0,0,0,-32286,0,0,0,0,0,2913336,0
2795821,10948,524,-3278,1075,-294,2350,-281,-1260,1311,-3146,-3408,19160,1113,33,79,16,0,0,0,0,0,0,0,-32287,0,0,0,0,0,2913341,0
2795826,11098,1748,-2672,1041,-395,1944,-495,-909,1249,-3226,-2576,19200,923,33,79,16,0,0,0,0,0,0,0,-32288,0,0,0,0,0,2913356,0
2795831,10648,2236,-1818,868,-628,1518,-627,-542,1230,-3283,-1904,19200,923,33,79,16,0,0,0,0,0,0,0,-32287,0,0,0,0,0,2913361,0
2795836,10684,426,-1744,1144,-1401,825,-692,-246,1214,-3323,-1488,19241,718,33,79,16,0,0,0,0,0,0,0,-32286,0,0,0,0,0,2913376,0
2795841,11014,0,-1972,1398,-1711,573,-707,-49,1144,-3439,-1280,19241,718,33,79,16,0,0,0,0,0,0,0,-32285,0,0,0,0,0,2913381,0
2795846,10226,904,-1438,1233,-1903,427,-698,36,976,-3543,-1224,19280,524,33,79,16,0,0,0,0,0,0,0,-32285,0,0,0,0,0,2913396,0
2795851,9816,1124,-644,654,-1909,333,-692,22,702,-3539,-1312,19280,524,33,79,16,0,0,0,0,0,0,0,-32285,0,0,0,0,0,2913401,0
2795856,9596,-1880,720,150,-1368,257,-689,5,386,-3570,-1352,19310,391,33,79,16,0,0,0,0,0,0,0,-32286,0,0,0,0,0,2913416,0
2795861,9548,-3196,1306,400,-1190,258,-690,0,131,-3620,-1376,19310,391,33,79,16,0,0,0,0,0,0,0,-32285,0,0,0,0,0,2913421,0
2795866,8758,-3524,2142,603,-1099,266,-691,0,-1,-3659,-1384,19324,336,33,79,16,0,0,0,0,0,0,0,-32286,0,0,0,0,0,2913436,0
2795871,8866,-3728,2248,608,-933,271,-692,-7,-34,-3679,-1392,19324,336,33,79,16,0,0,0,0,0,0,0,-32285,0,0,0,0,0,2913441,0
2795876,8034,-4134,2200,592,-522,372,-690,0,-12,-3698,-1392,19326,326,33,79,16,0,0,0,0,0,0,0,-32285,0,0,0,0,0,2913456,0
2795881,7724,-4406,2008,720,-452,411,-691,-3,-2,-3703,-1392,19326,326,33,79,16,0,0,0,0,0,0,0,-32286,0,0,0,0,0,2913461,0
2795886,7326,-4216,1794,850,-379,459,-691,-3,2,-3699,-1400,19323,331,33,79,16,0,0,0,0,0,0,0,-32285,0,0,0,0,0,2913476,0
2795891,7026,-3922,1560,901,-283,501,-690,-1,-4,-3693,-1392,19323,331,33,79,16,0,0,0,0,0,0,0,-32285,0,0,0,0,0,2913481,0
2795896,6586,-3534,1190,900,-85,569,-690,1,-1,-3684,-1392,19320,326,33,79,16,0,0,0,0,0,0,0,-32285,0,0,0,0,0,2913496,0
2795901,6410,-3618,1064,924,-21,580,-690,4,2,-3671,-1392,19320,326,33,79,16,0,0,0,0,0,0,0,-32285,0,0,0,0,0,2913500,0
2795906,6322,-3644,912,976,44,597,-690,1,-2,-3657,-1352,19320,337,33,79,16,0,0,0,0,0,0,0,-32286,0,0,0,0,0,2913515,0
2795911,6226,-3608,812,1038,78,616,-688,4,1,-3629,-1344,19320,337,33,79,16,0,0,0,0,0,0,0,-32285,0,0,0,0,0,2913520,0
2795916,6262,-3386,604,1103,75,650,-685,15,5,-3612,-1296,19322,344,33,79,16,0,0,0,0,0,0,0,-32286,0,0,0,0,0,2913535,0
2795921,6432,-3182,498,1152,26,649,-677,37,19,-3595,-1208,19322,344,33,79,16,0,0,0,0,0,0,0,-32285,0,0,0,0,0,2913540,0
2795926,6692,-2918,350,1216,-47,630,-656,97,44,-3571,-1040,19329,332,33,79,16,0,0,0,0,0,0,0,-32286,0,0,0,0,0,2913555,0
2795931,6838,-2724,172,1255,-153,616,-627,129,91,-3520,-1008,19329,332,33,79,16,0,0,0,0,0,0,0,-32286,0,0,0,0,0,2913560,0
2795936,7330,-2102,-64,1155,-335,547,-593,159,120,-3455,-896,19338,302,33,79,16,0,0,0,0,0,0,0,-32286,0,0,0,0,0,2913575,0
2795941,7550,-2194,-62,1121,-381,549,-547,201,131,-3423,-776,19338,302,33,79,16,0,0,0,0,0,0,0,-32287,0,0,0,0,0,2913580,0
2795946,7600,-1834,86,1095,-493,452,-491,262,134,-3393,-584,19348,266,33,79,16,0,0,0,0,0,0,0,-32287,0,0,0,0,0,2913595,0
2795951,8166,-2026,24,1118,-497,393,-415,345,158,-3317,-400,19348,266,33,79,16,0,0,0,0,0,0,0,-32288,0,0,0,0,0,2913600,0
2795956,8454,-1982,50,1185,-660,218,-320,427,201,-3258,-208,19355,217,33,79,16,0,0,0,0,0,0,0,-32288,0,0,0,0,0,2913615,0
2795961,8590,-1826,68,1159,-729,112,-206,515,249,-3148,-72,19355,217,33,79,16,0,0,0,0,0,0,0,-32288,0,0,0,0,0,2913620,0
2795966,8806,-2102,-54,1240,-826,-19,-64,639,297,-3031,24,19364,161,33,79,16,0,0,0,0,0,0,0,-32286,0,0,0,0,0,2913635,0
2795971,8788,-2168,-164,1399,-987,-183,111,793,349,-2942,96,19364,161,33,79,16,0,0,0,0,0,0,0,-32285,0,0,0,0,0,2913640,0
2795976,8798,-1942,-544,1576,-1355,-463,322,937,405,-2868,200,19376,85,33,79,16,0,0,0,0,0,0,0,-32286,0,0,0,0,0,2913655,0
2795981,8930,-1788,-744,1571,-1539,-600,555,1045,455,-2863,352,19376,85,33,79,16,0,0,0,0,0,0,0,-32288,0,0,0,0,0,2913660,0
2795986,8996,-2082,-866,1541,-1695,-679,807,1116,451,-2817,464,19390,9,33,79,16,0,0,0,0,0,0,0,-32286,0,0,0,0,0,2913675,0
2795991,8864,-2166,-760,1463,-1825,-748,1063,1136,371,-2764,544,19390,9,33,79,16,0,0,0,0,0,0,0,-32287,0,0,0,0,0,2913680,0
2795996,8846,-2350,-16,1455,-1940,-889,1329,1161,261,-2692,648,19401,-58,33,79,16,0,0,0,0,0,0,0,-32288,0,0,0,0,0,2913695,0
2796001,9178,-2570,164,1511,-1959,-924,1597,1187,165,-2620,696,19401,-58,33,79,16,0,0,0,0,0,0,0,-32287,0,0,0,0,0,2913700,0
2796006,9024,-2630,356,1543,-1933,-973,1869,1201,105,-2547,760,19409,-99,33,79,16,0,0,0,0,0,0,0,-32286,0,0,0,0,0,2913715,0
2796011,9260,-2730,784,1592,-1891,-982,2142,1197,66,-2443,768,19409,-99,33,79,16,0,0,0,0,0,0,0,-32288,0,0,0,0,0,2913720,0
2796016,9286,-2508,1198,1570,-1673,-978,2407,1173,32,-2370,792,19415,-114,33,79,16,0,0,0,0,0,0,0,-32286,0,0,0,0,0,2913735,0
2796021,9346,-2566,1528,1580,-1503,-956,2672,1156,-3,-2293,792,19415,-114,33,79,16,0,0,0,0,0,0,0,-32287,0,0,0,0,0,2913740,0
2796026,9334,-2308,1570,1631,-1339,-955,2933,1146,-37,-2202,768,19414,-114,33,79,16,0,0,0,0,0,0,0,-32288,0,0,0,0,0,2913755,0
2796031,9334,-2288,1632,1666,-1142,-924,3192,1139,-41,-2123,784,19414,-114,33,79,16,0,0,0,0,0,0,0,-32286,0,0,0,0,0,2913760,0
2796036,9356,-1930,1780,1591,-704,-858,3448,1120,-46,-2026,744,19410,-113,33,79,16,0,0,0,0,0,0,0,-32286,0,0,0,0,0,2913775,0
2796041,8982,-1422,1742,1487,-515,-868,3647,1090,-49,-1943,688,19410,-113,33,79,16,0,0,0,0,0,0,0,-32288,0,0,0,0,0,2913780,0
2796046,9190,-1612,1478,1462,-316,-842,3889,1058,-67,-1871,624,19404,-97,33,79,16,0,0,0,0,0,0,0,-32286,0,0,0,0,0,2913795,0
2796051,8818,-1488,1422,1433,-165,-825,4126,1037,-83,-1796,640,19404,-97,33,79,16,0,0,0,0,0,0,0,-32287,0,0,0,0,0,2913800,0
2796056,8478,-1374,1072,1437,44,-793,4362,1035,-84,-1700,672,19401,-73,33,79,16,0,0,0,0,0,0,0,-32287,0,0,0,0,0,2913815,0
2796061,8442,-1260,820,1393,57,-816,4596,1032,-64,-1613,712,19401,-73,33,79,16,0,0,0,0,0,0,0,-32286,0,0,0,0,0,2913820,0
2796066,8496,-1508,500,1325,126,-793,4828,1017,-41,-1524,728,19400,-46,33,79,16,0,0,0,0,0,0,0,-32286,0,0,0,0,0,2913835,0
2796071,8462,-1562,428,1324,92,-823,5059,1018,-25,-1457,760,19400,-46,33,79,16,0,0,0,0,0,0,0,-32287,0,0,0,0,0,2913840,0
2796076,8546,-2004,168,1422,26,-915,5294,1033,-10,-1364,864,19397,-43,33,79,16,0,0,0,0,0,0,0,-32287,0,0,0,0,0,2913855,0
2796081,8826,-2080,32,1479,-24,-986,5533,1055,15,-1282,968,19397,-43,33,79,16,0,0,0,0,0,0,0,-32286,0,0,0,0,0,2913860,0
2796086,8926,-2444,-136,1490,-33,-1024,5779,1087,48,-1189,1072,19394,-44,33,79,16,0,0,0,0,0,0,0,-32287,0,0,0,0,0,2913874,0
2796091,8792,-2686,-328,1456,-143,-1089,6033,1125,80,-1101,1176,19394,-44,33,79,16,0,0,0,0,0,0,0,-32287,0,0,0,0,0,2913879,0
2796096,8670,-3072,-286,1502,-407,-1208,6291,1140,95,-1018,1264,19392,-44,33,79,16,0,0,0,0,0,0,0,-32286,0,0,0,0,0,2913894,0
2796101,8910,-3532,-348,1589,-612,-1291,6560,1181,110,-948,1384,19392,-44,33,79,16,0,0,0,0,0,0,0,-32287,0,0,0,0,0,2913899,0
2796106,8916,-3612,-188,1680,-646,-1347,6836,1223,111,-861,1488,19393,-33,33,79,16,0,0,0,0,0,0,0,-32287,0,0,0,0,0,2913914,0
2796111,8786,-3686,-68,1762,-782,-1397,7122,1262,123,-776,1576,19393,-33,33,79,16,0,0,0,0,0,0,0,-32286,0,0,0,0,0,2913919,0
2796116,8578,-3610,-4,1810,-989,-1457,7412,1283,124,-692,1624,19393,-25,33,79,16,0,0,0,0,0,0,0,-32287,0,0,0,0,0,2913934,0
2796121,8734,-3360,138,1841,-1069,-1484,7705,1283,108,-621,1656,19393,-25,33,79,16,0,0,0,0,0,0,0,-32286,0,0,0,0,0,2913939,0
2796126,8764,-3194,442,1921,-1087,-1514,7998,1288,74,-556,1664,19390,-9,33,79,16,0,0,0,0,0,0,0,-32287,0,0,0,0,0,2913954,0
2796131,8758,-3022,638,1883,-1082,-1516,8287,1264,28,-486,1616,19390,-9,33,79,16,0,0,0,0,0,0,0,-32287,0,0,0,0,0,2913959,0
2796136,8870,-2554,1390,1685,-912,-1500,8559,1208,-37,-416,1504,19386,7,33,79,16,0,0,0,0,0,0,0,-32287,0,0,0,0,0,2913974,0
2796141,8890,-2306,1784,1516,-830,-1470,8820,1134,-108,-353,1400,19386,7,33,79,16,0,0,0,0,0,0,0,-32286,0,0,0,0,0,2913979,0
2796146,8972,-2428,1810,1266,-665,-1415,9059,1040,-180,-298,1248,19382,17,33,79,16,0,0,0,0,0,0,0,-32287,0,0,0,0,0,2913994,0
2796151,8714,-2354,1872,946,-547,-1337,9275,943,-289,-240,1128,19382,17,33,79,16,0,0,0,0,0,0,0,-32287,0,0,0,0,0,2913999,0
2796156,8400,-2514,1766,-117,-304,-1064,9469,838,-388,-195,968,19382,37,33,79,16,0,0,0,0,0,0,0,-32287,0,0,0,0,0,2914014,0
2796161,9082,-3796,1658,-274,-214,-993,9646,767,-256,-148,920,19382,37,33,79,16,0,0,0,0,0,0,0,-32286,0,0,0,0,0,2914019,0
2796166,8520,-4490,1630,-152,-99,-931,9801,672,-255,-91,808,19382,49,33,79,16,0,0,0,0,0,0,0,-32287,0,0,0,0,0,2914034,0
2796171,8538,-5174,1426,460,-424,-1029,9937,590,-199,-46,728,19382,49,33,79,16,0,0,0,0,0,0,0,-32287,0,0,0,0,0,2914039,0
2796176,9240,-3964,2144,859,-219,-1056,10059,528,-294,-9,680,19381,58,33,79,16,0,0,0,0,0,0,0,-32287,0,0,0,0,0,2914054,0
2796181,9796,-3988,1774,525,98,-997,10162,440,-276,36,520,19381,58,33,79,16,0,0,0,0,0,0,0,-32286,0,0,0,0,0,2914059,0
2796186,9080,-4168,1822,42,270,-926,10246,358,-275,92,456,19376,62,33,79,16,0,0,0,0,0,0,0,-32287,0,0,0,0,0,2914074,0
2796191,9152,-5038,1612,-211,431,-872,10316,298,-264,154,416,19376,62,33,79,16,0,0,0,0,0,0,0,-32286,0,0,0,0,0,2914079,0
2796196,8302,-6300,1804,-271,723,-828,10378,275,-243,198,416,19373,72,33,79,16,0,0,0,0,0,0,0,-32287,0,0,0,0,0,2914094,0
2796201,7738,-6862,1716,-139,766,-793,10435,254,-202,259,416,19373,72,33,79,16,0,0,0,0,0,0,0,-32287,0,0,0,0,0,2914099,0
2796206,6962,-7056,1538,-48,736,-785,10489,241,-145,290,464,19374,77,33,79,16,0,0,0,0,0,0,0,-32287,0,0,0,0,0,2914114,0
2796211,6484,-7576,1054,-36,689,-700,10541,226,-88,343,456,19374,77,33,79,16,0,0,0,0,0,0,0,-32286,0,0,0,0,0,2914119,0
2796216,5036,-8008,694,-81,437,-562,10588,206,-57,397,464,19374,89,33,79,16,0,0,0,0,0,0,0,-32286,0,0,0,0,0,2914134,0
2796221,4328,-8416,562,-58,213,-479,10632,196,-50,431,496,19374,89,33,79,16,0,0,0,0,0,0,0,-32287,0,0,0,0,0,2914139,0
2796226,3832,-8434,540,85,-24,-445,10682,223,-39,475,568,19374,82,33,79,16,0,0,0,0,0,0,0,-32287,0,0,0,0,0,2914154,0
2796231,5108,-6730,1502,1063,-305,-973,10726,187,-23,555,464,19374,82,33,79,16,0,0,0,0,0,0,0,-32286,0,0,0,0,0,2914159,0
2796236,3646,-7828,914,3504,-1157,-1284,10750,89,-45,649,200,19372,83,33,79,16,0,0,0,0,0,0,0,-32287,0,0,0,0,0,2914174,0
2796241,5516,-4930,696,3167,-1457,-1372,10748,-23,-135,697,120,19372,83,33,79,16,0,0,0,0,0,0,0,-32287,0,0,0,0,0,2914181,0
2796246,6548,-3724,1004,2134,-926,-1279,10731,-75,-226,694,104,19371,82,33,79,16,0,0,0,0,0,0,0,-32287,0,0,0,0,0,2914196,0
2796251,6230,-4334,1920,1215,-520,-1212,10707,-104,-277,732,104,19371,82,33,79,16,0,0,0,0,0,0,0,-32287,0,0,0,0,0,2914201,0
2796256,5148,-8532,2684,1811,-349,-1105,10678,-122,-231,784,64,19377,76,33,79,16,0,0,0,0,0,0,0,-32287,0,0,0,0,0,2914216,0
2796261,4824,-7970,3000,2464,-636,-1088,10634,-198,-169,824,32,19377,76,33,79,16,0,0,0,0,0,0,0,-32287,0,0,0,0,0,2914221,0
2796266,5830,-7348,2582,2811,-683,-1012,10573,-282,-152,859,8,19378,71,33,79,16,0,0,0,0,0,0,0,-32286,0,0,0,0,0,2914236,0
2796271,6262,-6278,2360,2620,-519,-807,10482,-424,-213,884,-88,19378,71,33,79,16,0,0,0,0,0,0,0,-32286,0,0,0,0,0,2914241,0
2796276,6742,-5188,1988,1892,-151,-501,10357,-566,-316,889,-232,19381,56,33,79,16,0,0,0,0,0,0,0,-32286,0,0,0,0,0,2914256,0
2796281,6598,-4858,2026,1780,-139,-378,10199,-713,-410,942,-504,19381,56,33,79,16,0,0,0,0,0,0,0,-32287,0,0,0,0,0,2914261,0
2796286,6982,-4514,1800,1742,-202,-267,10005,-867,-486,1057,-808,19380,37,33,79,16,0,0,0,0,0,0,0,-32287,0,0,0,0,0,2914276,0
2796291,7320,-3470,1540,1599,-214,-188,9776,-1013,-516,1095,-1096,19380,37,33,79,16,0,0,0,0,0,0,0,-32286,0,0,0,0,0,2914281,0
2796296,7780,-2144,1036,907,-114,36,9514,-1174,-526,1142,-1360,19385,12,33,79,16,0,0,0,0,0,0,0,-32286,0,0,0,0,0,2914296,0
2796301,7992,-2064,938,557,-124,136,9218,-1321,-526,1171,-1704,19385,12,33,79,16,0,0,0,0,0,0,0,-32287,0,0,0,0,0,2914301,0
2796306,7864,-1684,758,242,-158,198,8889,-1463,-524,1225,-1912,19393,-17,33,79,16,0,0,0,0,0,0,0,-32286,0,0,0,0,0,2914316,0
2796311,8056,-1778,696,10,-248,274,8534,-1573,-504,1269,-2120,19393,-17,33,79,16,0,0,0,0,0,0,0,-32287,0,0,0,0,0,2914321,0
2796316,8138,-1402,784,-465,-359,324,8158,-1666,-465,1302,-2232,19403,-54,33,79,16,0,0,0,0,0,0,0,-32286,0,0,0,0,0,2914336,0
2796321,8154,-1442,894,-658,-396,353,7771,-1718,-394,1336,-2312,19403,-54,33,79,16,0,0,0,0,0,0,0,-32287,0,0,0,0,0,2914341,0
2796326,8124,-1412,972,-789,-465,328,7379,-1718,-296,1379,-2232,19408,-86,33,79,16,0,0,0,0,0,0,0,-32286,0,0,0,0,0,2914356,0
2796331,8282,-1618,1074,-811,-518,320,6995,-1688,-178,1427,-2104,19408,-86,33,79,16,0,0,0,0,0,0,0,-32287,0,0,0,0,0,2914361,0
2796336,8392,-1648,1670,-804,-536,239,6625,-1617,-48,1478,-1920,19412,-121,33,79,16,0,0,0,0,0,0,0,-32287,0,0,0,0,0,2914376,0
2796341,8598,-1820,1766,-772,-475,190,6274,-1534,90,1514,-1680,19412,-121,33,79,16,0,0,0,0,0,0,0,-32287,0,0,0,0,0,2914381,0
2796346,8670,-2028,1852,-695,-466,131,5952,-1408,211,1557,-1368,19413,-127,33,79,16,0,0,0,0,0,0,0,-32287,0,0,0,0,0,2914396,0
2796351,8650,-2008,1956,-535,-460,34,5657,-1288,303,1595,-1104,19413,-127,33,79,16,0,0,0,0,0,0,0,-32287,0,0,0,0,0,2914401,0
2796356,8914,-1942,1804,-267,-422,-113,5388,-1170,372,1642,-872,19417,-109,33,79,16,0,0,0,0,0,0,0,-32288,0,0,0,0,0,2914416,0
2796361,8966,-1802,1740,-249,-357,-177,5147,-1052,406,1674,-560,19417,-109,33,79,16,0,0,0,0,0,0,0,-32286,0,0,0,0,0,2914421,0
2796366,8936,-1900,1568,-209,-321,-231,4934,-933,418,1724,-272,19413,-82,33,79,16,0,0,0,0,0,0,0,-32286,0,0,0,0,0,2914436,0
2796371,8838,-1928,1526,-135,-323,-325,4751,-793,427,1771,-96,19413,-82,33,79,16,0,0,0,0,0,0,0,-32287,0,0,0,0,0,2914441,0
2796376,8726,-1884,1260,179,-363,-523,4601,-648,442,1883,-40,19405,-61,33,79,16,0,0,0,0,0,0,0,-32288,0,0,0,0,0,2914456,0
2796381,8786,-1456,1000,232,-366,-611,4473,-542,444,1903,24,19405,-61,33,79,16,0,0,0,0,0,0,0,-32287,0,0,0,0,0,2914460,0
2796386,8808,-1420,834,302,-329,-725,4378,-404,448,1960,112,19392,-20,33,79,16,0,0,0,0,0,0,0,-32287,0,0,0,0,0,2914475,0
2796391,8852,-1646,744,358,-302,-779,4306,-313,436,1957,128,19392,-20,33,79,16,0,0,0,0,0,0,0,-32286,0,0,0,0,0,2914480,0
2796396,8594,-1444,642,236,-247,-849,4240,-283,390,1948,152,19385,27,33,79,16,0,0,0,0,0,0,0,-32286,0,0,0,0,0,2914495,0
2796401,8778,-1252,708,176,-120,-876,4175,-287,286,1955,128,19385,27,33,79,16,0,0,0,0,0,0,0,-32286,0,0,0,0,0,2914500,0
2796406,8498,-1322,992,-14,39,-845,4105,-307,164,1987,136,19381,62,33,79,16,0,0,0,0,0,0,0,-32287,0,0,0,0,0,2914515,0
2796411,8348,-1380,1284,-183,217,-828,4035,-303,45,2001,144,19381,62,33,79,16,0,0,0,0,0,0,0,-32287,0,0,0,0,0,2914520,0
2796416,7730,-2112,1524,-234,399,-724,3966,-298,-4,2045,160,19378,84,33,79,16,0,0,0,0,0,0,0,-32288,0,0,0,0,0,2914535,0
2796421,7500,-2210,1370,-213,447,-666,3896,-308,-15,2077,104,19378,84,33,79,16,0,0,0,0,0,0,0,-32288,0,0,0,0,0,2914540,0
2796426,7238,-2228,1280,-343,511,-559,3809,-378,-35,2093,72,19377,77,33,79,16,0,0,0,0,0,0,0,-32287,0,0,0,0,0,2914555,0
2796431,6952,-1982,1192,-513,558,-489,3711,-438,-78,2095,48,19377,77,33,79,16,0,0,0,0,0,0,0,-32287,0,0,0,0,0,2914560,0
2796436,6498,-1988,1044,-648,637,-397,3604,-474,-144,2113,56,19377,75,33,79,16,0,0,0,0,0,0,0,-32286,0,0,0,0,0,2914575,0
2796441,6406,-2202,888,-613,655,-352,3498,-467,-146,2159,48,19377,75,33,79,16,0,0,0,0,0,0,0,-32286,0,0,0,0,0,2914580,0
2796446,6070,-2088,796,-700,629,-280,3385,-497,-123,2181,8,19377,67,33,79,16,0,0,0,0,0,0,0,-32286,0,0,0,0,0,2914595,0
2796451,6010,-2028,554,-847,641,-229,3266,-527,-82,2178,16,19377,67,33,79,16,0,0,0,0,0,0,0,-32287,0,0,0,0,0,2914600,0
2796456,5586,-1856,334,-908,575,-155,3145,-534,-70,2199,16,19382,55,33,79,16,0,0,0,0,0,0,0,-32288,0,0,0,0,0,2914615,0
2796461,5590,-2072,262,-956,527,-87,3023,-532,-56,2243,16,19382,55,33,79,16,0,0,0,0,0,0,0,-32288,0,0,0,0,0,2914620,0
2796466,5412,-1946,240,-1013,477,-58,2898,-549,-53,2237,16,19384,44,33,79,16,0,0,0,0,0,0,0,-32287,0,0,0,0,0,2914635,0
2796471,5358,-1872,268,-1039,441,-46,2779,-522,-22,2273,56,19384,44,33,79,16,0,0,0,0,0,0,0,-32286,0,0,0,0,0,2914639,0
2796476,5258,-1788,244,-1006,312,31,2663,-510,6,2294,24,19385,31,33,79,16,0,0,0,0,0,0,0,-32286,0,0,0,0,0,2914654,0
2796481,5400,-1794,260,-1021,259,49,2552,-485,36,2298,64,19385,31,33,79,16,0,0,0,0,0,0,0,-32287,0,0,0,0,0,2914659,0
2796486,5544,-1568,260,-981,215,49,2451,-440,63,2317,112,19382,36,33,79,16,0,0,0,0,0,0,0,-32287,0,0,0,0,0,2914674,0
2796491,5678,-1472,286,-962,174,65,2363,-387,99,2329,120,19382,36,33,79,16,0,0,0,0,0,0,0,-32288,0,0,0,0,0,2914679,0
2796496,5832,-1328,258,-1053,139,124,2276,-376,119,2324,120,19379,50,33,79,16,0,0,0,0,0,0,0,-32288,0,0,0,0,0,2914694,0
2796501,6054,-1404,256,-1064,129,135,2196,-344,119,2306,168,19379,50,33,79,16,0,0,0,0,0,0,0,-32287,0,0,0,0,0,2914699,0
2796506,6058,-1342,330,-1075,171,150,2124,-311,108,2306,272,19379,62,33,79,16,0,0,0,0,0,0,0,-32287,0,0,0,0,0,2914714,0
2796511,6214,-1256,454,-1008,143,137,2066,-252,112,2321,320,19379,62,33,79,16,0,0,0,0,0,0,0,-32286,0,0,0,0,0,2914719,0
2796516,6376,-1398,434,-1072,208,202,2014,-231,123,2317,352,19376,82,33,79,16,0,0,0,0,0,0,0,-32286,0,0,0,0,0,2914734,0
2796521,6484,-1238,452,-1084,232,201,1966,-200,137,2306,352,19376,82,33,79,16,0,0,0,0,0,0,0,-32285,0,0,0,0,0,2914739,0
2796526,6408,-1278,416,-1204,329,272,1920,-205,111,2310,360,19372,98,33,79,16,0,0,0,0,0,0,0,-32286,0,0,0,0,0,2914754,0
2796531,6348,-1474,378,-1291,352,341,1872,-219,63,2284,336,19372,98,33,79,16,0,0,0,0,0,0,0,-32286,0,0,0,0,0,2914759,0
2796536,6384,-1654,330,-1321,436,381,1825,-200,30,2274,360,19367,108,33,79,16,0,0,0,0,0,0,0,-32286,0,0,0,0,0,2914774,0
2796541,6288,-1308,466,-1241,422,352,1789,-152,28,2231,568,19367,108,33,79,16,0,0,0,0,0,0,0,-32286,0,0,0,0,0,2914779,0
2796546,6432,-1354,354,-1235,451,366,1761,-117,52,2205,648,19367,122,33,79,16,0,0,0,0,0,0,0,-32287,0,0,0,0,0,2914794,0
2796551,6400,-986,364,-1240,459,322,1746,-60,99,2181,800,19367,122,33,79,16,0,0,0,0,0,0,0,-32287,0,0,0,0,0,2914799,0
2796556,6522,-1154,194,-1110,444,257,1749,16,160,2157,880,19367,130,33,79,16,0,0,0,0,0,0,0,-32287,0,0,0,0,0,2914814,0
2796561,6406,-1118,60,-1200,432,275,1752,17,176,2187,832,19367,130,33,79,16,0,0,0,0,0,0,0,-32287,0,0,0,0,0,2914819,0
2796566,6400,-1020,22,-1327,456,277,1751,-1,139,2178,832,19364,149,33,79,16,0,0,0,0,0,0,0,-32287,0,0,0,0,0,2914834,0
2796571,6404,-1112,38,-1395,468,300,1752,6,78,2138,808,19364,149,33,79,16,0,0,0,0,0,0,0,-32287,0,0,0,0,0,2914839,0
2796576,6118,-1526,286,-1455,462,311,1752,-1,16,2106,808,19360,154,33,79,16,0,0,0,0,0,0,0,-32287,0,0,0,0,0,2914854,0
2796581,6154,-1724,364,-1421,458,332,1752,0,-11,2075,792,19360,154,33,79,16,0,0,0,0,0,0,0,-32287,0,0,0,0,0,2914859,0
2796586,6078,-1824,480,-1401,444,345,1753,6,-8,2048,784,19357,160,33,79,16,0,0,0,0,0,0,0,-32287,0,0,0,0,0,2914873,0
2796591,6116,-1758,598,-1364,417,353,1752,0,2,2012,768,19357,160,33,79,16,0,0,0,0,0,0,0,-32287,0,0,0,0,0,2914878,0
2796596,6250,-1684,608,-1332,421,366,1752,-3,-1,1974,752,19359,147,33,79,16,0,0,0,0,0,0,0,-32287,0,0,0,0,0,2914893,0
2796601,6364,-1708,602,-1313,446,378,1752,0,-2,1937,752,19359,147,33,79,16,0,0,0,0,0,0,0,-32287,0,0,0,0,0,2914898,0
2796606,6432,-1748,604,-1264,435,381,1753,0,0,1905,728,19361,147,33,79,16,0,0,0,0,0,0,0,-32287,0,0,0,0,0,2914913,0
2796611,6510,-1714,566,-1226,411,382,1752,-2,-2,1865,712,19361,147,33,79,16,0,0,0,0,0,0,0,-32287,0,0,0,0,0,2914918,0
2796616,6956,-1618,576,-1201,404,402,1752,-3,-1,1825,688,19363,144,33,79,16,0,0,0,0,0,0,0,-32287,0,0,0,0,0,2914933,0
2796621,7180,-1692,620,-1197,401,409,1754,5,-5,1773,672,19363,144,33,79,16,0,0,0,0,0,0,0,-32287,0,0,0,0,0,2914938,0
2796626,7406,-1800,718,-1166,406,428,1752,4,1,1734,656,19363,143,33,79,16,0,0,0,0,0,0,0,-32287,0,0,0,0,0,2914953,0
2796631,7574,-1782,854,-1155,397,428,1752,-9,1,1684,632,19363,143,33,79,16,0,0,0,0,0,0,0,-32287,0,0,0,0,0,2914958,0
2796636,8058,-1792,1010,-1142,435,455,1752,1,-5,1642,616,19363,143,33,79,16,0,0,0,0,0,0,0,-32287,0,0,0,0,0,2914973,0
2796641,8198,-1848,1018,-1124,454,460,1752,3,-4,1593,592,19363,143,33,79,16,0,0,0,0,0,0,0,-32287,0,0,0,0,0,2914977,0
2796646,8358,-1954,1054,-1128,482,467,1750,-5,2,1543,576,19365,127,33,79,16,0,0,0,0,0,0,0,-32287,0,0,0,0,0,2914992,0
2796651,8468,-1952,1108,-1110,489,464,1751,-3,-3,1498,552,19365,127,33,79,16,0,0,0,0,0,0,0,-32287,0,0,0,0,0,2914997,0
2796656,8672,-1904,1142,-1061,485,464,1750,0,4,1443,536,19370,123,33,79,16,0,0,0,0,0,0,0,-32287,0,0,0,0,0,2915012,0
2796661,8740,-1922,1110,-1066,485,460,1749,-4,2,1398,504,19370,123,33,79,16,0,0,0,0,0,0,0,-32287,0,0,0,0,0,2915017,0
2796666,8760,-1942,1128,-1070,483,458,1749,-7,-6,1346,464,19373,113,33,79,16,0,0,0,0,0,0,0,-32287,0,0,0,0,0,2915032,0
2796671,8802,-2028,1156,-1068,477,453,1747,-9,-4,1287,456,19373,113,33,79,16,0,0,0,0,0,0,0,-32287,0,0,0,0,0,2915037,0
2796676,8732,-2334,1222,-1072,480,444,1746,-3,-1,1239,416,19372,99,33,79,16,0,0,0,0,0,0,0,-32287,0,0,0,0,0,2915052,0
2796681,8774,-2440,1318,-1027,433,427,1742,-14,-6,1193,352,19372,99,33,79,16,0,0,0,0,0,0,0,-32287,0,0,0,0,0,2915057,0
2796686,8902,-2438,1378,-955,370,402,1738,-14,-13,1142,312,19371,98,33,79,16,0,0,0,0,0,0,0,-32287,0,0,0,0,0,2915071,0
2796691,8960,-2318,1426,-970,364,398,1725,-56,-25,1096,208,19371,98,33,79,16,0,0,0,0,0,0,0,-32287,0,0,0,0,0,2915076,0
2796696,8772,-2408,1408,-1215,467,491,1699,-120,-60,1051,104,19371,103,33,79,16,0,0,0,0,0,0,0,-32287,0,0,0,0,0,2915091,0
2796701,8602,-2582,1472,-1307,492,493,1658,-189,-118,974,48,19371,103,33,79,16,0,0,0,0,0,0,0,-32287,0,0,0,0,0,2915096,0
2796706,8524,-3166,1382,-1329,544,587,1599,-278,-178,899,-48,19374,96,33,79,16,0,0,0,0,0,0,0,-32287,0,0,0,0,0,2915111,0
2796711,8004,-3180,1564,-1377,542,637,1514,-386,-247,815,-88,19374,96,33,79,16,0,0,0,0,0,0,0,-32287,0,0,0,0,0,2915116,0
2796716,8210,-3064,1736,-1460,679,734,1405,-495,-298,757,-176,19376,79,33,79,16,0,0,0,0,0,0,0,-32287,0,0,0,0,0,2915131,0
2796721,7880,-2864,1906,-1528,748,758,1278,-570,-329,674,-224,19376,79,33,79,16,0,0,0,0,0,0,0,-32287,0,0,0,0,0,2915136,0
2796726,8062,-2912,1854,-1510,819,776,1136,-628,-324,644,-376,19378,56,33,79,16,0,0,0,0,0,0,0,-32287,0,0,0,0,0,2915151,0
2796731,7932,-2758,1950,-1455,861,787,981,-689,-293,622,-496,19378,56,33,79,16,0,0,0,0,0,0,0,-32286,0,0,0,0,0,2915156,0
2796736,8002,-2318,1872,-1441,1023,782,815,-731,-239,564,-576,19380,46,33,79,16,0,0,0,0,0,0,0,-32287,0,0,0,0,0,2915171,0
2796741,7986,-2290,1814,-1430,1090,808,644,-761,-191,524,-696,19380,46,33,79,16,0,0,0,0,0,0,0,-32287,0,0,0,0,0,2915176,0
2796746,7760,-2054,1812,-1453,1138,805,467,-785,-156,459,-752,19382,49,33,79,16,0,0,0,0,0,0,0,-32287,0,0,0,0,0,2915190,0
2796751,7888,-1866,1576,-1445,1165,799,286,-793,-115,410,-800,19382,49,33,79,16,0,0,0,0,0,0,0,-32286,0,0,0,0,0,2915195,0
2796756,7722,-1450,1370,-1460,1156,807,101,-810,-85,351,-824,19382,40,33,79,16,0,0,0,0,0,0,0,-32287,0,0,0,0,0,2915210,0
2796761,7912,-1260,1330,-1465,1098,777,-78,-800,-55,296,-840,19382,40,33,79,16,0,0,0,0,0,0,0,-32286,0,0,0,0,0,2915215,0
2796766,8112,-1038,1286,-1422,1034,742,-252,-764,-11,254,-816,19383,35,33,79,16,0,0,0,0,0,0,0,-32287,0,0,0,0,0,2915230,0
2796771,8300,-726,1308,-1392,952,709,-418,-733,38,199,-800,19383,35,33,79,16,0,0,0,0,0,0,0,-32287,0,0,0,0,0,2915235,0
2796776,9236,-338,1564,-1461,783,604,-576,-680,77,148,-736,19381,36,33,79,16,0,0,0,0,0,0,0,-32287,0,0,0,0,0,2915250,0
2796781,10076,-658,2060,-1305,653,478,-718,-618,121,94,-688,19381,36,33,79,16,0,0,0,0,0,0,0,-32286,0,0,0,0,0,2915255,0
2796786,10744,-1060,2130,-969,370,330,-852,-588,151,65,-728,19378,51,33,79,16,0,0,0,0,0,0,0,-32287,0,0,0,0,0,2915270,0
2796791,11834,-954,2236,-694,132,180,-979,-555,157,20,-752,19378,51,33,79,16,0,0,0,0,0,0,0,-32286,0,0,0,0,0,2915275,0
2796796,13910,-160,2412,-710,-9,-36,-1099,-529,147,-21,-824,19377,68,33,79,16,0,0,0,0,0,0,0,-32287,0,0,0,0,0,2915289,0
2796801,14388,86,2414,-1056,66,-99,-1219,-534,110,-71,-968,19377,68,33,79,16,0,0,0,0,0,0,0,-32287,0,0,0,0,0,2915294,0
2796806,14938,-186,2056,-1573,223,-130,-1344,-551,62,-131,-1096,19376,70,33,79,16,0,0,0,0,0,0,0,-32287,0,0,0,0,0,2915309,0
2796811,14638,-1294,1862,-2082,435,-113,-1473,-569,10,-213,-1184,19376,70,33,79,16,0,0,0,0,0,0,0,-32286,0,0,0,0,0,2915314,0
2796816,13202,-3908,2138,-2793,1046,125,-1603,-570,-28,-284,-1208,19377,68,33,79,16,0,0,0,0,0,0,0,-32287,0,0,0,0,0,2915329,0
2796821,12788,-5006,2614,-2722,1320,137,-1733,-564,-37,-347,-1216,19377,68,33,79,16,0,0,0,0,0,0,0,-32287,0,0,0,0,0,2915334,0
2796826,12088,-5886,2900,-2302,1430,78,-1856,-539,-15,-404,-1176,19374,75,33,79,16,0,0,0,0,0,0,0,-32287,0,0,0,0,0,2915349,0
2796831,11296,-6906,2618,-1914,1489,98,-1972,-499,29,-464,-1072,19374,75,33,79,16,0,0,0,0,0,0,0,-32287,0,0,0,0,0,2915354,0
2796836,8698,-7508,2400,-3226,2318,871,-2069,-411,90,-531,-848,19373,94,33,79,16,0,0,0,0,0,0,0,-32287,0,0,0,0,0,2915369,0
2796841,8686,-7520,3322,-3022,2448,665,-2138,-289,169,-605,-664,19373,94,33,79,16,0,0,0,0,0,0,0,-32287,0,0,0,0,0,2915374,0
2796846,8016,-9306,2720,-2315,2583,665,-2179,-166,272,-669,-416,19374,103,33,79,16,0,0,0,0,0,0,0,-32286,0,0,0,0,0,2915389,0
2796851,6914,-9460,2466,-1530,2088,561,-2198,-68,355,-747,-272,19374,103,33,79,16,0,0,0,0,0,0,0,-32286,0,0,0,0,0,2915393,0
2796856,6748,-8006,726,-519,1553,368,-2199,8,382,-801,-200,19374,110,33,79,16,0,0,0,0,0,0,0,-32287,0,0,0,0,0,2915408,0
2796861,6100,-7040,292,-553,1448,360,-2193,26,332,-833,-224,19374,110,33,79,16,0,0,0,0,0,0,0,-32286,0,0,0,0,0,2915413,0
2796866,5490,-6592,118,-729,1356,358,-2193,-3,229,-867,-288,19375,99,33,79,16,0,0,0,0,0,0,0,-32287,0,0,0,0,0,2915428,0
2796871,5056,-6558,82,-843,1281,364,-2193,-14,113,-940,-296,19375,99,33,79,16,0,0,0,0,0,0,0,-32287,0,0,0,0,0,2915433,0
2796876,4168,-7162,350,-575,1081,384,-2191,0,24,-1006,-312,19375,96,33,79,16,0,0,0,0,0,0,0,-32287,0,0,0,0,0,2915448,0
2796881,3612,-7230,548,-452,1012,462,-2192,0,-8,-1072,-328,19375,96,33,79,16,0,0,0,0,0,0,0,-32286,0,0,0,0,0,2915453,0
2796886,3180,-7074,636,-360,914,540,-2190,4,-8,-1134,-352,19374,95,33,79,16,0,0,0,0,0,0,0,-32287,0,0,0,0,0,2915468,0
2796891,2840,-6928,550,-272,850,628,-2188,15,7,-1202,-360,19374,95,33,79,16,0,0,0,0,0,0,0,-32286,0,0,0,0,0,2915473,0
2796896,2384,-6474,310,-90,670,802,-2182,21,18,-1264,-400,19373,102,33,79,16,0,0,0,0,0,0,0,-32287,0,0,0,0,0,2915488,0
2796901,2226,-6166,132,26,585,865,-2173,40,26,-1335,-384,19373,102,33,79,16,0,0,0,0,0,0,0,-32286,0,0,0,0,0,2915493,0
2796906,2218,-5742,-48,156,466,927,-2154,88,49,-1411,-256,19369,105,33,79,16,0,0,0,0,0,0,0,-32286,0,0,0,0,0,2915508,0
2796911,2272,-5256,-288,296,302,932,-2121,153,90,-1427,-168,19369,105,33,79,16,0,0,0,0,0,0,0,-32287,0,0,0,0,0,2915513,0
2796916,2434,-4066,-900,493,-138,899,-2075,212,137,-1412,-72,19369,101,33,79,16,0,0,0,0,0,0,0,-32287,0,0,0,0,0,2915528,0
2796921,2878,-3684,-1270,567,-324,884,-2008,292,195,-1378,-48,19369,101,33,79,16,0,0,0,0,0,0,0,-32287,0,0,0,0,0,2915532,0
2796926,2912,-3126,-1404,574,-616,815,-1921,386,239,-1350,-8,19370,88,33,79,16,0,0,0,0,0,0,0,-32287,0,0,0,0,0,2915548,0
2796931,3344,-2678,-1532,621,-866,695,-1814,485,273,-1351,88,19370,88,33,79,16,0,0,0,0,0,0,0,-32287,0,0,0,0,0,2915552,0
2796936,4242,-2340,-1336,685,-1366,486,-1685,575,305,-1298,96,19374,67,33,79,16,0,0,0,0,0,0,0,-32287,0,0,0,0,0,2915567,0
2796941,4552,-2116,-956,638,-1565,401,-1539,637,310,-1311,104,19374,67,33,79,16,0,0,0,0,0,0,0,-32287,0,0,0,0,0,2915572,0
2796946,5250,-2200,-554,528,-1691,320,-1387,680,289,-1356,168,19381,43,33,79,16,0,0,0,0,0,0,0,-32287,0,0,0,0,0,2915587,0
2796951,5884,-2474,-2,450,-1755,267,-1222,718,240,-1355,176,19381,43,33,79,16,0,0,0,0,0,0,0,-32287,0,0,0,0,0,2915592,0
2796956,6960,-3578,1016,276,-1691,248,-1060,711,164,-1367,160,19387,17,33,79,16,0,0,0,0,0,0,0,-32288,0,0,0,0,0,2915607,0
2796961,7518,-3736,1524,255,-1519,243,-897,712,105,-1382,160,19387,17,33,79,16,0,0,0,0,0,0,0,-32287,0,0,0,0,0,2915612,0
2796966,7706,-4174,1318,206,-1467,274,-740,681,38,-1383,80,19389,5,33,79,16,0,0,0,0,0,0,0,-32286,0,0,0,0,0,2915627,0
2796971,8028,-4276,1324,97,-1317,321,-599,617,-34,-1405,48,19389,5,33,79,16,0,0,0,0,0,0,0,-32286,0,0,0,0,0,2915632,0
2796976,8104,-4820,1454,-200,-906,508,-475,540,-114,-1443,-16,19392,2,33,79,16,0,0,0,0,0,0,0,-32287,0,0,0,0,0,2915647,0
2796981,8066,-5054,1412,-314,-732,588,-371,440,-193,-1468,-40,19392,2,33,79,16,0,0,0,0,0,0,0,-32287,0,0,0,0,0,2915652,0
2796986,7864,-5246,1222,-422,-563,674,-294,333,-270,-1476,-96,19387,14,33,79,16,0,0,0,0,0,0,0,-32287,0,0,0,0,0,2915667,0
2796991,7866,-5124,1024,-460,-428,714,-238,252,-314,-1434,-136,19387,14,33,79,16,0,0,0,0,0,0,0,-32287,0,0,0,0,0,2915672,0
2796996,7400,-4554,844,-530,-103,713,-195,172,-329,-1402,-200,19386,44,33,79,16,0,0,0,0,0,0,0,-32287,0,0,0,0,0,2915687,0
2797001,7494,-4770,544,-558,43,712,-165,128,-299,-1384,-280,19386,44,33,79,16,0,0,0,0,0,0,0,-32287,0,0,0,0,0,2915692,0
2797006,7092,-4424,560,-600,167,663,-147,83,-244,-1382,-280,19379,72,33,79,16,0,0,0,0,0,0,0,-32287,0,0,0,0,0,2915707,0
2797011,7120,-4402,384,-558,241,560,-122,106,-178,-1407,-232,19379,72,33,79,16,0,0,0,0,0,0,0,-32286,0,0,0,0,0,2915711,0
2797016,6412,-4764,0,-434,221,432,-95,110,-103,-1389,-256,19374,80,33,79,16,0,0,0,0,0,0,0,-32287,0,0,0,0,0,2915726,0
2797021,6384,-4642,-200,-345,113,323,-66,134,-22,-1392,-200,19374,80,33,79,16,0,0,0,0,0,0,0,-32287,0,0,0,0,0,2915731,0
2797026,6202,-4808,-408,-267,36,281,-31,154,38,-1397,-192,19370,90,33,79,16,0,0,0,0,0,0,0,-32286,0,0,0,0,0,2915746,0
2797031,5696,-4656,-430,-294,-133,208,10,194,54,-1399,-128,19370,90,33,79,16,0,0,0,0,0,0,0,-32286,0,0,0,0,0,2915751,0
2797036,5440,-5108,-574,-170,-466,102,60,229,81,-1389,-120,19371,85,33,79,16,0,0,0,0,0,0,0,-32286,0,0,0,0,0,2915766,0
2797041,5386,-5556,-642,-93,-724,87,115,231,99,-1379,-120,19371,85,33,79,16,0,0,0,0,0,0,0,-32286,0,0,0,0,0,2915771,0
2797046,5204,-5286,-482,-27,-895,42,158,239,86,-1388,-104,19374,83,33,79,16,0,0,0,0,0,0,0,-32287,0,0,0,0,0,2915786,0
2797051,5506,-5596,-336,70,-1013,31,221,283,83,-1375,-88,19374,83,33,79,16,0,0,0,0,0,0,0,-32287,0,0,0,0,0,2915791,0
2797056,5510,-5566,54,338,-1291,10,285,287,63,-1376,-72,19375,86,33,79,16,0,0,0,0,0,0,0,-32287,0,0,0,0,0,2915806,0
2797061,5888,-5452,130,489,-1347,5,354,299,58,-1385,-80,19375,86,33,79,16,0,0,0,0,0,0,0,-32287,0,0,0,0,0,2915811,0
2797066,6122,-5248,314,647,-1388,-7,429,335,72,-1376,-56,19375,69,33,79,16,0,0,0,0,0,0,0,-32287,0,0,0,0,0,2915826,0
2797071,6440,-5126,352,761,-1435,-16,508,362,69,-1372,-56,19375,69,33,79,16,0,0,0,0,0,0,0,-32287,0,0,0,0,0,2915831,0
2797076,6794,-4734,622,856,-1394,42,586,337,57,-1378,-56,19376,58,33,79,16,0,0,0,0,0,0,0,-32287,0,0,0,0,0,2915846,0
2797081,6954,-4510,800,830,-1320,61,659,315,34,-1396,-64,19376,58,33,79,16,0,0,0,0,0,0,0,-32287,0,0,0,0,0,2915851,0
2797086,7140,-4526,908,838,-1183,116,725,291,-24,-1401,-96,19377,54,33,79,16,0,0,0,0,0,0,0,-32286,0,0,0,0,0,2915869,0
2797091,6976,-4420,1070,823,-1065,168,780,242,-78,-1408,-104,19377,54,33,79,16,0,0,0,0,0,0,0,-32286,0,0,0,0,0,2915874,0
2797096,7278,-4294,998,924,-839,211,833,222,-99,-1401,-112,19381,64,33,79,16,0,0,0,0,0,0,0,-32286,0,0,0,0,0,2915886,0
2797101,7064,-4184,924,985,-822,243,883,214,-94,-1388,-136,19381,64,33,79,16,0,0,0,0,0,0,0,-32286,0,0,0,0,0,2915890,0
2797106,7010,-3748,744,982,-756,242,930,209,-71,-1396,-128,19380,71,33,79,16,0,0,0,0,0,0,0,-32287,0,0,0,0,0,2915905,0
2797111,7238,-3964,432,1054,-761,281,980,217,-40,-1383,-136,19380,71,33,79,16,0,0,0,0,0,0,0,-32286,0,0,0,0,0,2915910,0
2797116,7016,-3528,60,982,-763,369,1025,185,-24,-1382,-160,19376,68,33,79,16,0,0,0,0,0,0,0,-32287,0,0,0,0,0,2915925,0
2797121,7024,-3292,-24,919,-830,374,1063,161,-34,-1398,-176,19376,68,33,79,16,0,0,0,0,0,0,0,-32287,0,0,0,0,0,2915930,0
2797126,6914,-3402,-100,852,-770,423,1099,159,-54,-1385,-168,19374,75,33,79,16,0,0,0,0,0,0,0,-32287,0,0,0,0,0,2915945,0
2797131,6802,-3420,-128,878,-888,411,1139,173,-47,-1384,-168,19374,75,33,79,16,0,0,0,0,0,0,0,-32287,0,0,0,0,0,2915950,0
2797136,6644,-3320,-194,923,-1031,453,1174,154,-37,-1392,-160,19375,81,33,79,16,0,0,0,0,0,0,0,-32287,0,0,0,0,0,2915965,0
2797141,6920,-3556,-318,940,-1008,508,1211,160,-12,-1389,-184,19375,81,33,79,16,0,0,0,0,0,0,0,-32287,0,0,0,0,0,2915970,0
2797146,6628,-3084,-124,923,-1108,471,1250,177,3,-1386,-168,19375,85,33,79,16,0,0,0,0,0,0,0,-32288,0,0,0,0,0,2915985,0
2797151,7076,-3476,-276,968,-1144,490,1292,184,-4,-1392,-136,19375,85,33,79,16,0,0,0,0,0,0,0,-32287,0,0,0,0,0,2915990,0
2797156,7246,-3264,-56,1071,-1264,451,1339,218,17,-1385,-136,19376,76,33,79,16,0,0,0,0,0,0,0,-32287,0,0,0,0,0,2916005,0
2797161,7108,-2968,112,1098,-1321,402,1391,233,59,-1380,-120,19376,76,33,79,16,0,0,0,0,0,0,0,-32287,0,0,0,0,0,2916010,0
2797166,7420,-2958,150,1080,-1252,407,1444,233,70,-1387,-120,19376,70,33,79,16,0,0,0,0,0,0,0,-32286,0,0,0,0,0,2916025,0
2797171,7372,-3108,304,1023,-1263,437,1491,198,60,-1388,-144,19376,70,33,79,16,0,0,0,0,0,0,0,-32286,0,0,0,0,0,2916030,0
2797176,7602,-3258,556,889,-1068,436,1533,178,21,-1390,-168,19376,69,33,79,16,0,0,0,0,0,0,0,-32286,0,0,0,0,0,2916045,0
2797181,7414,-3070,802,912,-1035,389,1572,173,-44,-1396,-168,19376,69,33,79,16,0,0,0,0,0,0,0,-32286,0,0,0,0,0,2916050,0
2797186,7540,-3564,728,938,-905,428,1608,148,-61,-1375,-216,19376,73,33,79,16,0,0,0,0,0,0,0,-32286,0,0,0,0,0,2916065,0
2797191,7296,-3280,874,939,-884,403,1639,131,-62,-1381,-256,19376,73,33,79,16,0,0,0,0,0,0,0,-32286,0,0,0,0,0,2916070,0
2797196,6704,-3244,728,1107,-832,346,1662,95,-64,-1372,-288,19374,85,33,79,16,0,0,0,0,0,0,0,-32287,0,0,0,0,0,2916085,0
2797201,8026,-3158,334,904,-647,415,1681,87,-74,-1395,-248,19374,85,33,79,16,0,0,0,0,0,0,0,-32287,0,0,0,0,0,2916090,0
2797206,7434,-3478,628,926,-602,406,1707,115,-66,-1402,-248,19378,89,33,79,16,0,0,0,0,0,0,0,-32287,0,0,0,0,0,2916105,0
2797211,7190,-3998,652,955,-573,418,1731,108,-33,-1384,-264,19378,89,33,79,16,0,0,0,0,0,0,0,-32286,0,0,0,0,0,2916110,0
2797216,7584,-3546,462,1172,-576,374,1756,119,-1,-1389,-256,19378,96,33,79,16,0,0,0,0,0,0,0,-32287,0,0,0,0,0,2916125,0
2797221,7352,-3520,382,1159,-531,408,1779,100,14,-1380,-288,19378,96,33,79,16,0,0,0,0,0,0,0,-32286,0,0,0,0,0,2916130,0
2797226,7372,-3236,224,1064,-521,392,1798,70,-7,-1381,-280,19377,105,33,79,16,0,0,0,0,0,0,0,-32286,0,0,0,0,0,2916145,0
2797231,7446,-3282,68,1098,-485,357,1820,101,-20,-1407,-224,19377,105,33,79,16,0,0,0,0,0,0,0,-32287,0,0,0,0,0,2916149,0
2797236,7044,-3362,-74,1243,-579,350,1844,102,-8,-1390,-256,19373,96,33,79,16,0,0,0,0,0,0,0,-32287,0,0,0,0,0,2916164,0
2797241,7132,-2924,-160,1252,-635,312,1868,98,1,-1379,-256,19373,96,33,79,16,0,0,0,0,0,0,0,-32287,0,0,0,0,0,2916172,0
2797246,7212,-2850,-218,1223,-602,304,1892,103,13,-1385,-304,19370,87,33,79,16,0,0,0,0,0,0,0,-32287,0,0,0,0,0,2916187,0
2797251,6922,-2906,-176,1107,-571,345,1909,61,8,-1360,-384,19370,87,33,79,16,0,0,0,0,0,0,0,-32287,0,0,0,0,0,2916192,0
2797256,7012,-2964,-8,943,-494,378,1915,30,-44,-1352,-456,19373,70,33,79,16,0,0,0,0,0,0,0,-32288,0,0,0,0,0,2916207,0
2797261,6892,-3084,106,956,-463,379,1919,15,-71,-1376,-464,19373,70,33,79,16,0,0,0,0,0,0,0,-32287,0,0,0,0,0,2916212,0
2797266,6872,-3186,128,1022,-467,379,1926,32,-78,-1397,-408,19373,77,33,79,16,0,0,0,0,0,0,0,-32287,0,0,0,0,0,2916227,0
2797271,6924,-3116,84,1131,-484,365,1936,54,-40,-1423,-296,19373,77,33,79,16,0,0,0,0,0,0,0,-32287,0,0,0,0,0,2916232,0
2797276,7028,-2922,-130,1303,-548,331,1959,98,23,-1411,-248,19372,91,33,79,16,0,0,0,0,0,0,0,-32287,0,0,0,0,0,2916247,0
2797281,6976,-2726,-228,1279,-555,332,1981,102,68,-1387,-240,19372,91,33,79,16,0,0,0,0,0,0,0,-32287,0,0,0,0,0,2916252,0
2797286,7170,-2510,-276,1273,-564,295,2011,132,86,-1396,-208,19373,102,33,79,16,0,0,0,0,0,0,0,-32287,0,0,0,0,0,2916267,0
2797291,7272,-2712,-342,1328,-548,308,2044,144,84,-1387,-208,19373,102,33,79,16,0,0,0,0,0,0,0,-32287,0,0,0,0,0,2916272,0
2797296,7482,-2552,-340,1293,-533,265,2076,148,63,-1395,-168,19376,95,33,79,16,0,0,0,0,0,0,0,-32287,0,0,0,0,0,2916287,0
2797301,7336,-2612,-256,1282,-453,298,2113,152,50,-1387,-176,19376,95,33,79,16,0,0,0,0,0,0,0,-32287,0,0,0,0,0,2916292,0
2797306,7342,-2410,-122,1288,-491,239,2157,196,47,-1389,-136,19377,84,33,79,16,0,0,0,0,0,0,0,-32287,0,0,0,0,0,2916307,0
2797311,7544,-2664,-198,1313,-448,234,2207,225,59,-1393,-88,19377,84,33,79,16,0,0,0,0,0,0,0,-32286,0,0,0,0,0,2916312,0
2797316,7546,-2338,-132,1432,-469,164,2268,265,89,-1387,-80,19377,74,33,79,16,0,0,0,0,0,0,0,-32287,0,0,0,0,0,2916327,0
2797321,7874,-2450,-276,1460,-499,136,2339,319,115,-1371,-40,19377,74,33,79,16,0,0,0,0,0,0,0,-32287,0,0,0,0,0,2916332,0
2797326,7874,-2516,-270,1450,-489,154,2414,331,136,-1374,-40,19376,66,33,79,16,0,0,0,0,0,0,0,-32287,0,0,0,0,0,2916347,0
2797331,7966,-2360,-210,1413,-513,126,2498,363,125,-1382,-32,19376,66,33,79,16,0,0,0,0,0,0,0,-32286,0,0,0,0,0,2916352,0
2797336,8022,-2526,-48,1401,-496,101,2586,388,114,-1380,0,19377,69,33,79,16,0,0,0,0,0,0,0,-32287,0,0,0,0,0,2916367,0
2797341,8334,-2708,-10,1486,-529,76,2683,434,107,-1377,40,19377,69,33,79,16,0,0,0,0,0,0,0,-32287,0,0,0,0,0,2916372,0
2797346,8196,-2616,192,1550,-545,34,2792,480,109,-1354,48,19380,56,33,79,16,0,0,0,0,0,0,0,-32287,0,0,0,0,0,2916387,0
2797351,8460,-2754,36,1587,-550,23,2908,511,124,-1353,32,19380,56,33,79,16,0,0,0,0,0,0,0,-32287,0,0,0,0,0,2916392,0
2797356,8452,-2592,270,1536,-481,-7,3026,523,126,-1366,40,19382,51,33,79,16,0,0,0,0,0,0,0,-32287,0,0,0,0,0,2916407,0
2797361,8498,-2556,368,1502,-460,-51,3149,544,110,-1372,56,19382,51,33,79,16,0,0,0,0,0,0,0,-32286,0,0,0,0,0,2916412,0
2797366,8554,-2750,374,1517,-387,-64,3276,565,81,-1366,56,19382,40,33,79,16,0,0,0,0,0,0,0,-32287,0,0,0,0,0,2916427,0
2797371,8332,-2934,366,1514,-368,-57,3401,546,53,-1374,56,19382,40,33,79,16,0,0,0,0,0,0,0,-32287,0,0,0,0,0,2916432,0
2797376,8194,-2958,484,1394,-221,-32,3517,505,19,-1413,0,19382,35,33,79,16,0,0,0,0,0,0,0,-32287,0,0,0,0,0,2916447,0
2797381,8320,-3096,412,1376,-153,-34,3629,493,-26,-1418,16,19382,35,33,79,16,0,0,0,0,0,0,0,-32287,0,0,0,0,0,2916452,0
2797386,8060,-3100,448,1429,-123,-39,3739,481,-60,-1395,0,19384,37,33,79,16,0,0,0,0,0,0,0,-32287,0,0,0,0,0,2916467,0
2797391,7886,-3248,416,1439,-102,-24,3844,456,-75,-1407,-64,19384,37,33,79,16,0,0,0,0,0,0,0,-32287,0,0,0,0,0,2916472,0
2797396,8028,-2846,274,1521,-81,-37,3943,441,-62,-1398,8,19384,38,33,79,16,0,0,0,0,0,0,0,-32286,0,0,0,0,0,2916487,0
2797401,8070,-2808,180,1547,-82,-55,4047,451,-46,-1389,8,19384,38,33,79,16,0,0,0,0,0,0,0,-32286,0,0,0,0,0,2916492,0
2797406,8104,-2728,72,1619,-106,-71,4153,469,-28,-1375,0,19383,43,33,79,16,0,0,0,0,0,0,0,-32287,0,0,0,0,0,2916506,0
2797411,8016,-2652,-6,1644,-130,-75,4259,461,3,-1373,24,19383,43,33,79,16,0,0,0,0,0,0,0,-32287,0,0,0,0,0,2916511,0
2797416,8246,-2192,-56,1596,-155,-86,4361,445,10,-1393,16,19379,41,33,79,16,0,0,0,0,0,0,0,-32287,0,0,0,0,0,2916526,0
2797421,8190,-1884,30,1536,-161,-119,4462,440,-2,-1388,-8,19379,41,33,79,16,0,0,0,0,0,0,0,-32287,0,0,0,0,0,2916531,0
2797426,8438,-1882,-68,1512,-130,-127,4562,443,-14,-1385,-8,19380,50,33,79,16,0,0,0,0,0,0,0,-32287,0,0,0,0,0,2916546,0
2797431,8440,-1662,52,1528,-144,-156,4663,436,-19,-1389,-16,19380,50,33,79,16,0,0,0,0,0,0,0,-32287,0,0,0,0,0,2916551,0
2797436,8580,-1540,122,1433,-119,-147,4756,409,-27,-1398,-48,19380,50,33,79,16,0,0,0,0,0,0,0,-32287,0,0,0,0,0,2916566,0
2797441,8816,-1466,180,1362,-18,-133,4841,373,-38,-1387,-48,19380,50,33,79,16,0,0,0,0,0,0,0,-32286,0,0,0,0,0,2916571,0
2797446,8894,-1454,258,1286,5,-156,4926,369,-65,-1403,-32,19380,53,33,79,16,0,0,0,0,0,0,0,-32287,0,0,0,0,0,2916586,0
2797451,9196,-1638,222,1260,33,-189,5007,359,-69,-1388,-32,19380,53,33,79,16,0,0,0,0,0,0,0,-32288,0,0,0,0,0,2916591,0
2797456,9388,-2120,148,1312,91,-260,5094,377,-41,-1384,-24,19381,42,33,79,16,0,0,0,0,0,0,0,-32288,0,0,0,0,0,2916606,0
2797461,9670,-2214,68,1295,108,-291,5177,367,-19,-1379,-24,19381,42,33,79,16,0,0,0,0,0,0,0,-32287,0,0,0,0,0,2916611,0
2797466,9820,-2460,-72,1293,137,-320,5263,372,6,-1389,-40,19381,42,33,79,16,0,0,0,0,0,0,0,-32287,0,0,0,0,0,2916626,0
2797471,9730,-2588,-10,1227,109,-354,5348,370,0,-1391,-32,19381,42,33,79,16,0,0,0,0,0,0,0,-32287,0,0,0,0,0,2916631,0
2797476,9894,-2972,-348,1237,-95,-449,5437,391,13,-1391,-8,19379,45,33,79,16,0,0,0,0,0,0,0,-32287,0,0,0,0,0,2916646,0
2797481,9890,-2980,-236,1289,-243,-510,5531,417,22,-1377,-16,19379,45,33,79,16,0,0,0,0,0,0,0,-32287,0,0,0,0,0,2916651,0
2797486,9888,-2926,-218,1259,-347,-509,5624,403,40,-1378,-32,19378,46,33,79,16,0,0,0,0,0,0,0,-32287,0,0,0,0,0,2916666,0
2797491,9818,-2672,-144,1181,-506,-525,5712,390,25,-1388,-40,19378,46,33,79,16,0,0,0,0,0,0,0,-32287,0,0,0,0,0,2916671,0
2797496,9674,-2088,184,839,-654,-504,5792,353,-8,-1390,-56,19378,55,33,79,16,0,0,0,0,0,0,0,-32287,0,0,0,0,0,2916686,0
2797501,9760,-1906,380,699,-685,-505,5866,325,-59,-1395,-72,19378,55,33,79,16,0,0,0,0,0,0,0,-32287,0,0,0,0,0,2916691,0
2797506,9668,-1646,654,580,-687,-513,5929,285,-99,-1392,-104,19378,57,33,79,16,0,0,0,0,0,0,0,-32287,0,0,0,0,0,2916706,0
2797511,9708,-1536,878,470,-664,-516,5982,235,-120,-1399,-152,19378,57,33,79,16,0,0,0,0,0,0,0,-32287,0,0,0,0,0,2916711,0
2797516,9374,-1086,1500,87,-418,-514,6014,135,-161,-1377,-280,19375,67,33,79,16,0,0,0,0,0,0,0,-32287,0,0,0,0,0,2916726,0
2797521,9714,-1120,1712,-64,-237,-554,6033,79,-194,-1367,-376,19375,67,33,79,16,0,0,0,0,0,0,0,-32287,0,0,0,0,0,2916731,0
2797526,9526,-1426,1906,-195,-13,-582,6040,22,-225,-1333,-528,19372,77,33,79,16,0,0,0,0,0,0,0,-32287,0,0,0,0,0,2916745,0
2797531,9512,-1606,2030,-265,172,-661,6040,-3,-218,-1358,-544,19372,77,33,79,16,0,0,0,0,0,0,0,-32287,0,0,0,0,0,2916750,0
2797536,9632,-2350,1884,-90,521,-827,6037,-2,-173,-1390,-544,19370,96,33,79,16,0,0,0,0,0,0,0,-32287,0,0,0,0,0,2916765,0
2797541,9560,-2626,1592,-38,600,-909,6038,-2,-101,-1385,-544,19370,96,33,79,16,0,0,0,0,0,0,0,-32287,0,0,0,0,0,2916770,0
2797546,9666,-2978,1168,-2,671,-977,6037,-11,-49,-1388,-552,19369,107,33,79,16,0,0,0,0,0,0,0,-32287,0,0,0,0,0,2916785,0
2797551,9430,-3190,906,-13,677,-1041,6035,-8,-8,-1388,-544,19369,107,33,79,16,0,0,0,0,0,0,0,-32287,0,0,0,0,0,2916790,0
2797556,9034,-3918,412,-57,510,-1154,6032,-12,-5,-1388,-552,19367,110,33,79,16,0,0,0,0,0,0,0,-32287,0,0,0,0,0,2916805,0
2797561,8828,-4280,278,-77,368,-1206,6028,-16,-16,-1386,-560,19367,110,33,79,16,0,0,0,0,0,0,0,-32287,0,0,0,0,0,2916810,0
2797566,8642,-4644,190,-74,236,-1234,6024,-20,-13,-1376,-600,19368,106,33,79,16,0,0,0,0,0,0,0,-32287,0,0,0,0,0,2916825,0
2797571,8288,-4996,200,-112,92,-1254,6013,-40,-22,-1369,-656,19368,106,33,79,16,0,0,0,0,0,0,0,-32287,0,0,0,0,0,2916830,0
2797576,7654,-5778,414,-248,-114,-1237,5990,-104,-46,-1345,-800,19367,112,33,79,16,0,0,0,0,0,0,0,-32287,0,0,0,0,0,2916845,0
2797581,7132,-5970,672,-401,-145,-1208,5947,-200,-114,-1324,-1008,19367,112,33,79,16,0,0,0,0,0,0,0,-32287,0,0,0,0,0,2916850,0
2797586,6866,-6382,862,-495,-121,-1169,5885,-285,-187,-1329,-1224,19368,122,33,79,16,0,0,0,0,0,0,0,-32287,0,0,0,0,0,2916865,0
2797591,6176,-6824,1140,-568,-30,-1087,5803,-370,-253,-1355,-1448,19368,122,33,79,16,0,0,0,0,0,0,0,-32288,0,0,0,0,0,2916870,0
2797596,5146,-7728,1628,-631,83,-915,5694,-483,-307,-1340,-1720,19366,140,33,79,16,0,0,0,0,0,0,0,-32287,0,0,0,0,0,2916885,0
2797601,4450,-8054,1816,-650,183,-765,5554,-630,-345,-1385,-2096,19366,140,33,79,16,0,0,0,0,0,0,0,-32286,0,0,0,0,0,2916890,0
2797606,4008,-8382,1994,-698,274,-616,5377,-783,-404,-1414,-2368,19361,161,33,79,16,0,0,0,0,0,0,0,-32286,0,0,0,0,0,2916905,0
2797611,3694,-8522,2158,-647,391,-496,5172,-919,-459,-1393,-2680,19361,161,33,79,16,0,0,0,0,0,0,0,-32287,0,0,0,0,0,2916910,0
2797616,2986,-8792,2252,-405,583,-176,4934,-1058,-492,-1382,-2912,19355,202,33,79,16,0,0,0,0,0,0,0,-32287,0,0,0,0,0,2916925,0
2797621,3286,-8902,2100,-197,638,-28,4667,-1182,-487,-1384,-3184,19355,202,33,79,16,0,0,0,0,0,0,0,-32286,0,0,0,0,0,2916930,0
2797626,3076,-8612,1994,-72,694,126,4373,-1310,-470,-1402,-3504,19346,242,33,79,16,0,0,0,0,0,0,0,-32286,0,0,0,0,0,2916945,0
2797631,3242,-8192,1700,3,685,255,4055,-1420,-449,-1386,-3648,19346,242,33,79,16,0,0,0,0,0,0,0,-32287,0,0,0,0,0,2916950,0
2797636,3790,-7316,1442,147,746,441,3716,-1492,-412,-1387,-3840,19336,290,33,79,16,0,0,0,0,0,0,0,-32286,0,0,0,0,0,2916965,0
2797641,4124,-6852,1094,282,672,477,3362,-1560,-360,-1382,-3952,19336,290,33,79,16,0,0,0,0,0,0,0,-32287,0,0,0,0,0,2916970,0
2797646,4490,-6596,766,399,583,547,2996,-1618,-307,-1389,-4056,19326,332,33,79,16,0,0,0,0,0,0,0,-32286,0,0,0,0,0,2916985,0
2797651,4702,-5868,634,382,514,562,2621,-1659,-240,-1386,-4144,19326,332,33,79,16,0,0,0,0,0,0,0,-32287,0,0,0,0,0,2916990,0
2797656,5602,-4658,456,194,413,602,2237,-1687,-191,-1397,-4216,19320,338,33,79,16,0,0,0,0,0,0,0,-32286,0,0,0,0,0,2917005,0
2797661,6164,-4212,474,146,286,589,1846,-1725,-157,-1383,-4304,19320,338,33,79,16,0,0,0,0,0,0,0,-32287,0,0,0,0,0,2917010,0
2797666,6652,-4074,230,12,213,603,1447,-1760,-137,-1392,-4408,19316,359,33,79,16,0,0,0,0,0,0,0,-32286,0,0,0,0,0,2917025,0
2797671,7148,-3470,562,-92,92,555,1038,-1804,-122,-1400,-4480,19316,359,33,79,16,0,0,0,0,0,0,0,-32287,0,0,0,0,0,2917030,0
2797676,8020,-2686,1032,-333,-106,479,624,-1829,-121,-1410,-4544,19313,379,33,79,16,0,0,0,0,0,0,0,-32286,0,0,0,0,0,2917044,0
2797681,8520,-2860,872,-555,-142,501,204,-1852,-118,-1405,-4512,19313,379,33,79,16,0,0,0,0,0,0,0,-32287,0,0,0,0,0,2917049,0
2797686,8836,-2236,1376,-749,-204,449,-217,-1858,-93,-1401,-4448,19313,399,33,79,16,0,0,0,0,0,0,0,-32286,0,0,0,0,0,2917064,0
2797691,9356,-2178,1668,-889,-144,410,-632,-1833,-61,-1396,-4360,19313,399,33,79,16,0,0,0,0,0,0,0,-32287,0,0,0,0,0,2917069,0
2797696,9702,-1898,2042,-1108,-100,272,-1041,-1793,-4,-1381,-4256,19313,407,33,79,16,0,0,0,0,0,0,0,-32287,0,0,0,0,0,2917084,0
2797701,9892,-1842,2234,-1138,-12,206,-1436,-1727,59,-1362,-4168,19313,407,33,79,16,0,0,0,0,0,0,0,-32287,0,0,0,0,0,2917089,0
2797706,9796,-1778,2516,-1130,103,120,-1814,-1651,126,-1362,-3984,19314,392,33,79,16,0,0,0,0,0,0,0,-32287,0,0,0,0,0,2917104,0
2797711,9972,-1734,2900,-1104,254,14,-2176,-1588,190,-1372,-3824,19314,392,33,79,16,0,0,0,0,0,0,0,-32287,0,0,0,0,0,2917109,0
2797716,9916,-1660,3142,-1128,551,-170,-2518,-1501,236,-1390,-3704,19314,391,33,79,16,0,0,0,0,0,0,0,-32286,0,0,0,0,0,2917124,0
2797721,9962,-2012,2960,-1140,752,-240,-2843,-1416,260,-1394,-3448,19314,391,33,79,16,0,0,0,0,0,0,0,-32287,0,0,0,0,0,2917129,0
2797726,9488,-1902,2874,-1130,856,-341,-3154,-1356,266,-1413,-3336,19318,379,33,79,16,0,0,0,0,0,0,0,-32286,0,0,0,0,0,2917144,0
2797731,9528,-2386,2642,-1106,1034,-401,-3448,-1291,259,-1399,-3200,19318,379,33,79,16,0,0,0,0,0,0,0,-32287,0,0,0,0,0,2917149,0
2797736,8834,-2464,2382,-1065,1259,-501,-3729,-1235,244,-1381,-3064,19322,359,33,79,16,0,0,0,0,0,0,0,-32287,0,0,0,0,0,2917164,0
2797741,8828,-2860,1914,-1025,1361,-504,-3997,-1171,234,-1384,-2912,19322,359,33,79,16,0,0,0,0,0,0,0,-32286,0,0,0,0,0,2917169,0
2797746,8322,-3002,1714,-973,1438,-540,-4251,-1114,211,-1386,-2808,19326,336,33,79,16,0,0,0,0,0,0,0,-32287,0,0,0,0,0,2917184,0
2797751,8282,-3252,1448,-930,1494,-519,-4499,-1084,198,-1392,-2808,19326,336,33,79,16,0,0,0,0,0,0,0,-32287,0,0,0,0,0,2917189,0
2797756,7658,-3464,1030,-957,1526,-498,-4739,-1050,169,-1393,-2744,19327,306,33,79,16,0,0,0,0,0,0,0,-32286,0,0,0,0,0,2917204,0
2797761,7496,-3556,818,-968,1501,-467,-4969,-1021,148,-1376,-2680,19327,306,33,79,16,0,0,0,0,0,0,0,-32287,0,0,0,0,0,2917209,0
2797766,7204,-3680,694,-963,1474,-434,-5196,-996,124,-1369,-2592,19331,286,33,79,16,0,0,0,0,0,0,0,-32287,0,0,0,0,0,2917224,0
2797771,6970,-3656,598,-936,1389,-422,-5418,-977,107,-1363,-2632,19331,286,33,79,16,0,0,0,0,0,0,0,-32286,0,0,0,0,0,2917229,0
2797776,6552,-3454,604,-978,1319,-348,-5638,-971,79,-1409,-2648,19335,278,33,79,16,0,0,0,0,0,0,0,-32286,0,0,0,0,0,2917244,0
2797781,6594,-3702,520,-1024,1315,-297,-5859,-969,57,-1380,-2584,19335,278,33,79,16,0,0,0,0,0,0,0,-32287,0,0,0,0,0,2917249,0
2797786,6370,-3506,504,-1095,1275,-251,-6077,-959,37,-1378,-2600,19336,272,33,79,16,0,0,0,0,0,0,0,-32287,0,0,0,0,0,2917264,0
2797791,6384,-3728,630,-1074,1240,-215,-6297,-965,19,-1400,-2648,19336,272,33,79,16,0,0,0,0,0,0,0,-32287,0,0,0,0,0,2917269,0
2797796,6154,-3560,846,-1049,1182,-156,-6516,-963,11,-1397,-2624,19337,266,33,79,16,0,0,0,0,0,0,0,-32287,0,0,0,0,0,2917284,0
2797801,6130,-3696,780,-1098,1216,-80,-6739,-987,0,-1372,-2616,19337,266,33,79,16,0,0,0,0,0,0,0,-32287,0,0,0,0,0,2917289,0
2797806,5884,-3400,916,-1187,1217,-60,-6962,-985,-11,-1389,-2680,19337,272,33,79,16,0,0,0,0,0,0,0,-32287,0,0,0,0,0,2917304,0
2797811,6082,-3564,990,-1195,1251,5,-7188,-1001,-25,-1408,-2720,19337,272,33,79,16,0,0,0,0,0,0,0,-32286,0,0,0,0,0,2917308,0
2797816,5822,-3592,1220,-1159,1261,62,-7415,-998,-27,-1387,-2608,19336,279,33,79,16,0,0,0,0,0,0,0,-32287,0,0,0,0,0,2917323,0
2797821,5820,-3498,1218,-1125,1275,124,-7643,-1006,-25,-1373,-2648,19336,279,33,79,16,0,0,0,0,0,0,0,-32287,0,0,0,0,0,2917328,0
2797826,5644,-3472,1318,-1164,1309,159,-7872,-1009,-20,-1399,-2640,19336,277,33,79,16,0,0,0,0,0,0,0,-32286,0,0,0,0,0,2917343,0
2797831,5666,-3274,1458,-1175,1313,189,-8100,-1001,-15,-1408,-2672,19336,277,33,79,16,0,0,0,0,0,0,0,-32287,0,0,0,0,0,2917348,0
2797836,5514,-3212,1624,-1155,1371,273,-8327,-995,-6,-1398,-2544,19337,281,33,79,16,0,0,0,0,0,0,0,-32288,0,0,0,0,0,2917363,0
2797841,5700,-3516,1552,-1104,1393,314,-8547,-970,14,-1376,-2528,19337,281,33,79,16,0,0,0,0,0,0,0,-32286,0,0,0,0,0,2917368,0
2797846,5420,-3374,1544,-1072,1393,335,-8764,-940,36,-1414,-2488,19340,266,33,79,16,0,0,0,0,0,0,0,-32287,0,0,0,0,0,2917383,0
2797851,5674,-3160,1514,-998,1361,343,-8971,-909,67,-1380,-2344,19340,266,33,79,16,0,0,0,0,0,0,0,-32287,0,0,0,0,0,2917388,0
2797856,5460,-2928,1432,-960,1358,404,-9173,-883,88,-1399,-2344,19338,258,33,79,16,0,0,0,0,0,0,0,-32287,0,0,0,0,0,2917403,0
2797861,5738,-2902,1300,-916,1355,429,-9360,-821,116,-1392,-2128,19338,258,33,79,16,0,0,0,0,0,0,0,-32286,0,0,0,0,0,2917408,0
2797866,5576,-2734,1288,-920,1330,436,-9536,-766,140,-1391,-2088,19339,250,33,79,16,0,0,0,0,0,0,0,-32286,0,0,0,0,0,2917423,0
2797871,5798,-2720,1112,-896,1292,425,-9696,-697,166,-1391,-1952,19339,250,33,79,16,0,0,0,0,0,0,0,-32287,0,0,0,0,0,2917428,0
2797876,5762,-2578,1018,-802,1150,428,-9843,-640,195,-1387,-1816,19342,240,33,79,16,0,0,0,0,0,0,0,-32288,0,0,0,0,0,2917443,0
2797881,5846,-2532,878,-765,1082,435,-9978,-585,209,-1361,-1728,19342,240,33,79,16,0,0,0,0,0,0,0,-32287,0,0,0,0,0,2917448,0
2797886,5854,-2304,812,-773,1046,430,-10098,-527,208,-1361,-1568,19347,224,33,79,16,0,0,0,0,0,0,0,-32286,0,0,0,0,0,2917463,0
2797891,5898,-2136,790,-787,971,416,-10200,-451,215,-1380,-1392,19347,224,33,79,16,0,0,0,0,0,0,0,-32286,0,0,0,0,0,2917468,0
2797896,6066,-2198,642,-831,850,422,-10289,-382,219,-1374,-1240,19349,197,33,79,16,0,0,0,0,0,0,0,-32286,0,0,0,0,0,2917483,0
2797901,5916,-1876,720,-855,768,380,-10362,-316,228,-1389,-1160,19349,197,33,79,16,0,0,0,0,0,0,0,-32286,0,0,0,0,0,2917488,0
2797906,6102,-2100,646,-860,734,416,-10426,-278,221,-1403,-1024,19350,172,33,79,16,0,0,0,0,0,0,0,-32287,0,0,0,0,0,2917503,0
2797911,5946,-1854,768,-899,682,382,-10473,-196,217,-1404,-896,19350,172,33,79,16,0,0,0,0,0,0,0,-32287,0,0,0,0,0,2917508,0
2797916,6152,-1714,818,-820,538,307,-10501,-106,217,-1426,-656,19354,155,33,79,16,0,0,0,0,0,0,0,-32287,0,0,0,0,0,2917523,0
2797921,6310,-1766,716,-758,434,264,-10505,0,252,-1466,-456,19354,155,33,79,16,0,0,0,0,0,0,0,-32288,0,0,0,0,0,2917536,0
2797926,6300,-1632,688,-790,358,245,-10498,37,275,-1439,-352,19362,143,33,79,16,0,0,0,0,0,0,0,-32288,0,0,0,0,0,2917542,0
2797931,6354,-1540,684,-888,355,242,-10483,60,264,-1403,-352,19362,143,33,79,16,0,0,0,0,0,0,0,-32287,0,0,0,0,0,2917547,0
2797936,6216,-1676,1108,-1143,491,323,-10470,56,200,-1378,-408,19367,130,33,79,16,0,0,0,0,0,0,0,-32287,0,0,0,0,0,2917562,0
2797941,6120,-1864,1396,-1216,610,359,-10464,22,98,-1359,-480,19367,130,33,79,16,0,0,0,0,0,0,0,-32287,0,0,0,0,0,2917567,0
2797946,6108,-1996,1638,-1230,757,387,-10463,1,-2,-1368,-512,19369,112,33,79,16,0,0,0,0,0,0,0,-32287,0,0,0,0,0,2917582,0
2797951,6086,-2050,1814,-1202,891,400,-10461,1,-46,-1381,-504,19369,112,33,79,16,0,0,0,0,0,0,0,-32287,0,0,0,0,0,2917587,0
2797956,6086,-1912,1964,-1143,1096,408,-10459,15,-51,-1393,-464,19369,96,33,79,16,0,0,0,0,0,0,0,-32288,0,0,0,0,0,2917602,0
2797961,6160,-1822,1994,-1125,1155,396,-10452,35,-16,-1405,-416,19369,96,33,79,16,0,0,0,0,0,0,0,-32288,0,0,0,0,0,2917607,0
2797966,6288,-1726,1886,-1088,1171,369,-10436,75,26,-1424,-280,19369,97,33,79,16,0,0,0,0,0,0,0,-32287,0,0,0,0,0,2917622,0
2797971,6386,-1504,1846,-1040,1134,307,-10407,132,81,-1435,-176,19369,97,33,79,16,0,0,0,0,0,0,0,-32287,0,0,0,0,0,2917627,0
2797976,6454,-1480,1406,-1026,988,268,-10370,164,119,-1396,-176,19370,99,33,79,16,0,0,0,0,0,0,0,-32287,0,0,0,0,0,2917642,0
2797981,6676,-1236,1336,-1062,884,234,-10322,223,148,-1386,-104,19370,99,33,79,16,0,0,0,0,0,0,0,-32287,0,0,0,0,0,2917647,0
2797986,6882,-1286,1326,-1121,866,201,-10264,276,159,-1390,-40,19371,90,33,79,16,0,0,0,0,0,0,0,-32287,0,0,0,0,0,2917662,0
2797991,6728,-1458,1372,-1160,717,170,-10191,327,169,-1369,-40,19371,90,33,79,16,0,0,0,0,0,0,0,-32287,0,0,0,0,0,2917667,0
2797996,6822,-1522,1300,-1065,450,71,-10102,401,181,-1362,-32,19373,73,33,79,16,0,0,0,0,0,0,0,-32286,0,0,0,0,0,2917682,0
2798001,6974,-1726,1326,-1006,303,0,-9996,481,215,-1356,16,19373,73,33,79,16,0,0,0,0,0,0,0,-32286,0,0,0,0,0,2917687,0
2798006,6968,-1560,1342,-954,122,-56,-9871,558,240,-1315,56,19377,56,33,79,16,0,0,0,0,0,0,0,-32287,0,0,0,0,0,2917702,0
2798011,7138,-1832,1224,-982,11,-97,-9738,595,242,-1317,72,19377,56,33,79,16,0,0,0,0,0,0,0,-32287,0,0,0,0,0,2917707,0
2798016,7320,-1974,1322,-1058,-206,-162,-9596,626,215,-1354,96,19381,45,33,79,16,0,0,0,0,0,0,0,-32287,0,0,0,0,0,2917722,0
2798021,7330,-2218,1448,-1045,-300,-204,-9446,669,181,-1359,128,19381,45,33,79,16,0,0,0,0,0,0,0,-32287,0,0,0,0,0,2917727,0
2798026,7434,-2532,1496,-1045,-366,-230,-9292,680,135,-1368,136,19384,35,33,79,16,0,0,0,0,0,0,0,-32286,0,0,0,0,0,2917742,0
2798031,7432,-2738,1586,-1036,-421,-257,-9135,700,101,-1391,152,19384,35,33,79,16,0,0,0,0,0,0,0,-32287,0,0,0,0,0,2917747,0
2798036,7616,-3134,1830,-946,-483,-288,-8972,718,84,-1373,160,19388,23,33,79,16,0,0,0,0,0,0,0,-32288,0,0,0,0,0,2917762,0
2798041,7580,-3272,1930,-925,-508,-293,-8812,708,60,-1385,144,19388,23,33,79,16,0,0,0,0,0,0,0,-32288,0,0,0,0,0,2917767,0
2798046,7850,-3294,1992,-896,-494,-288,-8683,708,34,-1395,152,19390,11,33,79,16,0,0,0,0,0,0,0,-32287,0,0,0,0,0,2917782,0
2798051,7964,-3378,2106,-846,-477,-286,-8525,703,7,-1392,120,19390,11,33,79,16,0,0,0,0,0,0,0,-32286,0,0,0,0,0,2917787,0
2798056,8140,-3524,2244,-809,-414,-232,-8373,668,-22,-1395,104,19390,5,33,79,16,0,0,0,0,0,0,0,-32287,0,0,0,0,0,2917802,0
2798061,8230,-3350,2308,-768,-371,-229,-8227,640,-49,-1407,80,19390,5,33,79,16,0,0,0,0,0,0,0,-32287,0,0,0,0,0,2917807,0
2798066,8438,-3370,2326,-720,-329,-234,-8085,623,-71,-1401,80,19388,11,33,79,16,0,0,0,0,0,0,0,-32287,0,0,0,0,0,2917822,0
2798071,8494,-3310,2296,-708,-293,-204,-7946,602,-71,-1400,64,19388,11,33,79,16,0,0,0,0,0,0,0,-32287,0,0,0,0,0,2917827,0
2798076,8626,-3058,2306,-713,-230,-188,-7817,570,-86,-1423,64,19387,19,33,79,16,0,0,0,0,0,0,0,-32287,0,0,0,0,0,2917842,0
2798081,8782,-2952,2244,-697,-192,-199,-7693,547,-86,-1430,32,19387,19,33,79,16,0,0,0,0,0,0,0,-32286,0,0,0,0,0,2917847,0
2798086,8656,-2918,2210,-691,-188,-190,-7577,509,-96,-1421,24,19384,26,33,79,16,0,0,0,0,0,0,0,-32287,0,0,0,0,0,2917861,0
2798091,8708,-2876,2132,-712,-141,-187,-7474,448,-121,-1452,-16,19384,26,33,79,16,0,0,0,0,0,0,0,-32287,0,0,0,0,0,2917866,0
2798096,8680,-2624,2268,-761,-29,-188,-7388,365,-153,-1449,-40,19383,24,33,79,16,0,0,0,0,0,0,0,-32288,0,0,0,0,0,2917881,0
2798101,8730,-2642,2304,-736,22,-206,-7308,350,-171,-1414,-56,19383,24,33,79,16,0,0,0,0,0,0,0,-32288,0,0,0,0,0,2917886,0
2798106,8662,-2526,2310,-697,32,-237,-7233,332,-171,-1394,-72,19382,33,33,79,16,0,0,0,0,0,0,0,-32287,0,0,0,0,0,2917901,0
2798111,8684,-2526,2232,-660,32,-253,-7169,287,-141,-1388,-96,19382,33,33,79,16,0,0,0,0,0,0,0,-32287,0,0,0,0,0,2917906,0
2798116,8444,-2232,2316,-756,103,-218,-7116,226,-128,-1410,-152,19382,51,33,79,16,0,0,0,0,0,0,0,-32287,0,0,0,0,0,2917921,0
2798121,8604,-2180,2432,-796,208,-242,-7073,184,-130,-1396,-176,19382,51,33,79,16,0,0,0,0,0,0,0,-32287,0,0,0,0,0,2917926,0
2798126,8698,-2518,2542,-848,234,-181,-7039,147,-150,-1386,-232,19381,66,33,79,16,0,0,0,0,0,0,0,-32287,0,0,0,0,0,2917941,0
2798131,8736,-2578,2764,-934,250,-188,-7012,120,-155,-1393,-200,19381,66,33,79,16,0,0,0,0,0,0,0,-32286,0,0,0,0,0,2917946,0
2798136,10118,-3756,3166,-1013,319,-120,-6982,132,-107,-1383,-232,19379,82,33,79,16,0,0,0,0,0,0,0,-32287,0,0,0,0,0,2917961,0
2798141,11192,-2744,3490,-848,144,-491,-6926,286,-2,-651,568,19379,82,33,79,16,0,0,0,0,0,0,0,-32287,0,0,0,0,0,2917966,0
2798146,13334,-4400,2392,-357,-158,-601,-6778,692,297,-58,1568,19378,85,33,79,16,0,0,0,0,0,0,0,-32287,0,0,0,0,0,2917981,0
2798151,12338,-3736,1656,-132,-902,-848,-6547,1053,566,-24,2336,19378,85,33,79,16,0,0,0,0,0,0,0,-32286,0,0,0,0,0,2917986,0
2798156,14228,-4324,-542,209,-1786,-1226,-6246,1348,855,9,2912,19375,84,33,79,16,0,0,0,0,0,0,0,-32287,0,0,0,0,0,2918001,0
2798161,14002,-4630,-332,344,-2018,-1401,-5891,1580,1118,16,3352,19375,84,33,79,16,0,0,0,0,0,0,0,-32287,0,0,0,0,0,2918006,0
2798166,13738,-5278,88,543,-2190,-1516,-5492,1769,1034,22,3688,19373,85,33,79,16,0,0,0,0,0,0,0,-32287,0,0,0,0,0,2918021,0
2798171,13498,-5730,680,780,-2306,-1656,-5065,1891,911,31,3864,19373,85,33,79,16,0,0,0,0,0,0,0,-32287,0,0,0,0,0,2918026,0
2798176,13178,-6554,2416,986,-1897,-1770,-4614,1977,757,38,3944,19374,95,33,79,16,0,0,0,0,0,0,0,-32287,0,0,0,0,0,2918041,0
2798181,12830,-7374,3050,818,-1450,-1675,-4158,2016,478,36,3944,19374,95,33,79,16,0,0,0,0,0,0,0,-32286,0,0,0,0,0,2918046,0
2798186,12022,-7968,3632,492,-1047,-1558,-3703,1997,304,31,3840,19372,97,33,79,16,0,0,0,0,0,0,0,-32287,0,0,0,0,0,2918061,0
2798191,11266,-9014,3818,65,-553,-1339,-3257,1956,138,18,3752,19372,97,33,79,16,0,0,0,0,0,0,0,-32287,0,0,0,0,0,2918066,0
2798196,8344,-10642,3820,-441,335,-877,-2825,1902,-3,-1,3632,19371,82,33,79,16,0,0,0,0,0,0,0,-32287,0,0,0,0,0,2918081,0
2798201,7118,-11434,3110,-213,469,-678,-2406,1835,-104,-8,3504,19371,82,33,79,16,0,0,0,0,0,0,0,-32287,0,0,0,0,0,2918086,0
2798206,5896,-10930,2792,402,531,-615,-2000,1779,-174,-9,3392,19371,80,33,79,16,0,0,0,0,0,0,0,-32287,0,0,0,0,0,2918101,0
2798211,5296,-9992,2050,1029,442,-595,-1610,1709,-199,0,3224,19371,80,33,79,16,0,0,0,0,0,0,0,-32287,0,0,0,0,0,2918106,0
2798216,4020,-7598,804,1611,248,-441,-1238,1629,-219,9,3016,19372,77,33,79,16,0,0,0,0,0,0,0,-32287,0,0,0,0,0,2918121,0
2798221,3142,-6360,52,1178,302,-267,-888,1531,-247,17,2792,19372,77,33,79,16,0,0,0,0,0,0,0,-32287,0,0,0,0,0,2918125,0
2798226,2380,-6180,-322,723,231,-99,-560,1428,-278,10,2544,19372,75,33,79,16,0,0,0,0,0,0,0,-32287,0,0,0,0,0,2918140,0
2798231,2176,-6226,-658,550,146,23,-257,1325,-317,9,2304,19372,75,33,79,16,0,0,0,0,0,0,0,-32286,0,0,0,0,0,2918145,0
2798236,2278,-5392,34,1244,-331,-134,20,1206,-342,10,2024,19375,72,33,79,16,0,0,0,0,0,0,0,-32287,0,0,0,0,0,2918160,0
2798241,2584,-5840,-730,1745,-734,-134,269,1063,-379,12,1688,19375,72,33,79,16,0,0,0,0,0,0,0,-32287,0,0,0,0,0,2918168,0
2798246,2242,-4834,-818,1749,-969,-81,482,927,-411,6,1392,19374,74,33,79,16,0,0,0,0,0,0,0,-32287,0,0,0,0,0,2918183,0
2798251,2658,-3576,-950,1342,-935,23,664,783,-447,5,1080,19374,74,33,79,16,0,0,0,0,0,0,0,-32286,0,0,0,0,0,2918188,0
2798256,2580,-2870,48,265,-555,248,817,653,-478,-1,800,19375,80,33,79,16,0,0,0,0,0,0,0,-32287,0,0,0,0,0,2918203,0
2798261,2798,-3726,116,302,-542,244,943,545,-470,-4,584,19375,80,33,79,16,0,0,0,0,0,0,0,-32287,0,0,0,0,0,2918208,0
2798266,2860,-3998,72,600,-612,243,1048,447,-436,-12,344,19374,75,33,79,16,0,0,0,0,0,0,0,-32287,0,0,0,0,0,2918223,0
2798271,3004,-3702,218,887,-697,197,1127,338,-407,-4,184,19374,75,33,79,16,0,0,0,0,0,0,0,-32287,0,0,0,0,0,2918228,0
2798276,3590,-2790,200,794,-732,232,1181,216,-380,-10,64,19376,74,33,79,16,0,0,0,0,0,0,0,-32287,0,0,0,0,0,2918243,0
2798281,3972,-2972,228,536,-692,305,1207,94,-375,-24,8,19376,74,33,79,16,0,0,0,0,0,0,0,-32287,0,0,0,0,0,2918248,0
2798286,4006,-3176,400,358,-737,334,1206,-14,-397,-2,-16,19376,72,33,79,16,0,0,0,0,0,0,0,-32287,0,0,0,0,0,2918263,0
2798291,4370,-3912,454,291,-717,452,1191,-61,-389,3,-32,19376,72,33,79,16,0,0,0,0,0,0,0,-32287,0,0,0,0,0,2918268,0
2798296,4464,-4504,1134,-441,-371,714,1177,-55,-321,-3,-16,19374,68,33,79,16,0,0,0,0,0,0,0,-32287,0,0,0,0,0,2918283,0
2798301,4640,-5266,862,-574,-293,835,1178,5,-182,-5,8,19374,68,33,79,16,0,0,0,0,0,0,0,-32287,0,0,0,0,0,2918288,0
2798306,4824,-5638,1074,-421,-358,836,1183,28,-24,0,8,19374,74,33,79,16,0,0,0,0,0,0,0,-32287,0,0,0,0,0,2918303,0
2798311,5392,-6114,1144,-109,-380,839,1187,13,70,4,-8,19374,74,33,79,16,0,0,0,0,0,0,0,-32287,0,0,0,0,0,2918308,0
2798316,5788,-6328,1138,347,-568,799,1188,0,62,4,0,19376,82,33,79,16,0,0,0,0,0,0,0,-32287,0,0,0,0,0,2918323,0
2798321,5994,-6376,806,389,-645,827,1187,0,20,1,0,19376,82,33,79,16,0,0,0,0,0,0,0,-32287,0,0,0,0,0,2918328,0
2798326,6006,-6158,586,360,-730,828,1188,4,-18,0,0,19378,88,33,79,16,0,0,0,0,0,0,0,-32287,0,0,0,0,0,2918343,0
2798331,6122,-6104,204,352,-769,820,1188,3,-17,1,-8,19378,88,33,79,16,0,0,0,0,0,0,0,-32287,0,0,0,0,0,2918348,0
2798336,6118,-5536,-346,511,-919,703,1189,4,-5,0,0,19376,77,33,79,16,0,0,0,0,0,0,0,-32287,0,0,0,0,0,2918363,0
2798341,6136,-5132,-590,638,-977,613,1187,0,4,0,0,19376,77,33,79,16,0,0,0,0,0,0,0,-32287,0,0,0,0,0,2918368,0
2798346,6208,-4600,-708,677,-1035,507,1187,-4,0,0,-8,19374,67,33,79,16,0,0,0,0,0,0,0,-32287,0,0,0,0,0,2918383,0
2798351,6372,-4188,-778,653,-1055,414,1188,1,-4,0,-8,19374,67,33,79,16,0,0,0,0,0,0,0,-32286,0,0,0,0,0,2918388,0
2798356,6408,-4148,-702,615,-1223,244,1188,-1,1,2,0,19373,61,33,79,16,0,0,0,0,0,0,0,-32287,0,0,0,0,0,2918403,0
2798361,6296,-4264,-728,634,-1369,163,1188,3,3,1,0,19373,61,33,79,16,0,0,0,0,0,0,0,-32287,0,0,0,0,0,2918408,0
2798366,6286,-4344,-822,634,-1526,112,1188,1,0,0,0,19373,75,33,79,16,0,0,0,0,0,0,0,-32287,0,0,0,0,0,2918423,0
2798371,6276,-4212,-802,612,-1619,62,1188,3,1,0,0,19373,75,33,79,16,0,0,0,0,0,0,0,-32287,0,0,0,0,0,2918427,0
2798376,6436,-4188,-446,514,-1629,-5,1192,10,8,-1,0,19375,78,33,79,16,0,0,0,0,0,0,0,-32286,0,0,0,0,0,2918442,0
2798381,6492,-4254,-110,497,-1568,-34,1198,21,15,0,8,19375,78,33,79,16,0,0,0,0,0,0,0,-32287,0,0,0,0,0,2918447,0
2798386,6640,-4398,108,573,-1524,-72,1207,34,29,0,24,19375,84,33,79,16,0,0,0,0,0,0,0,-32287,0,0,0,0,0,2918462,0
2798391,6754,-4434,348,717,-1477,-121,1226,92,49,-7,64,19375,84,33,79,16,0,0,0,0,0,0,0,-32287,0,0,0,0,0,2918467,0
2798396,7382,-4390,486,1162,-1446,-240,1265,178,99,-14,128,19374,75,33,79,16,0,0,0,0,0,0,0,-32287,0,0,0,0,0,2918482,0
2798401,7450,-4030,542,1306,-1452,-290,1322,254,165,-3,208,19374,75,33,79,16,0,0,0,0,0,0,0,-32287,0,0,0,0,0,2918487,0
2798406,7846,-3884,378,1435,-1470,-340,1397,343,233,-8,368,19374,68,33,79,16,0,0,0,0,0,0,0,-32287,0,0,0,0,0,2918502,0
2798411,8002,-3626,298,1537,-1501,-368,1488,401,270,-7,472,19374,68,33,79,16,0,0,0,0,0,0,0,-32287,0,0,0,0,0,2918507,0
2798416,8220,-3078,130,1581,-1495,-368,1587,439,258,-11,544,19375,67,33,79,16,0,0,0,0,0,0,0,-32287,0,0,0,0,0,2918522,0
2798421,8188,-2976,148,1576,-1445,-380,1694,472,219,-7,640,19375,67,33,79,16,0,0,0,0,0,0,0,-32287,0,0,0,0,0,2918527,0
2798426,8276,-2608,246,1598,-1425,-434,1812,525,175,-3,800,19376,73,33,79,16,0,0,0,0,0,0,0,-32287,0,0,0,0,0,2918542,0
2798431,8450,-2586,216,1679,-1342,-438,1940,564,155,13,848,19376,73,33,79,16,0,0,0,0,0,0,0,-32287,0,0,0,0,0,2918547,0
2798436,8222,-2338,398,1617,-1216,-448,2075,591,141,17,912,19377,71,33,79,16,0,0,0,0,0,0,0,-32287,0,0,0,0,0,2918562,0
2798441,8334,-2132,384,1624,-1120,-473,2209,601,124,6,936,19377,71,33,79,16,0,0,0,0,0,0,0,-32287,0,0,0,0,0,2918567,0
2798446,8320,-2138,410,1638,-1024,-479,2352,623,104,4,944,19379,71,33,79,16,0,0,0,0,0,0,0,-32287,0,0,0,0,0,2918582,0
2798451,8240,-2224,378,1621,-957,-470,2494,624,68,12,944,19379,71,33,79,16,0,0,0,0,0,0,0,-32287,0,0,0,0,0,2918587,0
2798456,8088,-2190,218,1487,-844,-446,2634,614,44,4,920,19378,69,33,79,16,0,0,0,0,0,0,0,-32287,0,0,0,0,0,2918602,0
2798461,8020,-2290,122,1431,-814,-419,2776,617,26,8,912,19378,69,33,79,16,0,0,0,0,0,0,0,-32287,0,0,0,0,0,2918607,0
2798466,7884,-2516,58,1352,-798,-374,2914,599,-4,7,864,19380,73,33,79,16,0,0,0,0,0,0,0,-32287,0,0,0,0,0,2918622,0
2798471,7636,-2592,46,1276,-808,-312,3047,578,-22,2,816,19380,73,33,79,16,0,0,0,0,0,0,0,-32287,0,0,0,0,0,2918627,0
2798476,7302,-2778,40,1121,-830,-204,3175,565,-39,0,760,19379,81,33,79,16,0,0,0,0,0,0,0,-32287,0,0,0,0,0,2918642,0
2798481,7190,-2924,26,1059,-840,-128,3300,545,-56,-4,720,19379,81,33,79,16,0,0,0,0,0,0,0,-32287,0,0,0,0,0,2918647,0
2798486,7068,-2904,66,1001,-858,-81,3417,508,-74,0,608,19384,68,33,79,16,0,0,0,0,0,0,0,-32288,0,0,0,0,0,2918662,0
2798491,7074,-2926,114,950,-850,-18,3524,464,-82,0,496,19384,68,33,79,16,0,0,0,0,0,0,0,-32287,0,0,0,0,0,2918667,0
2798496,6984,-2858,210,894,-807,25,3627,447,-94,-2,464,19387,72,33,79,16,0,0,0,0,0,0,0,-32287,0,0,0,0,0,2918682,0
2798501,6956,-2910,234,860,-777,94,3726,429,-102,-3,432,19387,72,33,79,16,0,0,0,0,0,0,0,-32287,0,0,0,0,0,2918687,0
2798506,6802,-2928,302,835,-748,117,3816,388,-96,5,352,19391,82,33,79,16,0,0,0,0,0,0,0,-32287,0,0,0,0,0,2918702,0
2798511,6846,-3134,244,836,-722,157,3898,356,-94,12,264,19391,82,33,79,16,0,0,0,0,0,0,0,-32287,0,0,0,0,0,2918706,0
2798516,6886,-3106,326,855,-643,173,3971,319,-105,8,216,19388,84,33,79,16,0,0,0,0,0,0,0,-32287,0,0,0,0,0,2918721,0
2798521,6980,-3110,310,884,-597,173,4041,306,-113,-5,208,19388,84,33,79,16,0,0,0,0,0,0,0,-32287,0,0,0,0,0,2918726,0
2798526,7024,-3048,318,897,-540,171,4109,298,-101,-2,192,19383,75,33,79,16,0,0,0,0,0,0,0,-32287,0,0,0,0,0,2918741,0
2798531,7026,-3216,272,896,-505,191,4171,272,-73,6,136,19383,75,33,79,16,0,0,0,0,0,0,0,-32287,0,0,0,0,0,2918746,0
2798536,6924,-3286,224,882,-459,254,4224,221,-71,-1,96,19378,54,33,79,16,0,0,0,0,0,0,0,-32287,0,0,0,0,0,2918761,0
2798541,6954,-3250,206,857,-404,253,4268,186,-90,-10,80,19378,54,33,79,16,0,0,0,0,0,0,0,-32287,0,0,0,0,0,2918766,0
2798546,7010,-3352,174,867,-373,270,4306,160,-111,-5,48,19378,54,33,79,16,0,0,0,0,0,0,0,-32286,0,0,0,0,0,2918781,0
2798551,7078,-3376,162,907,-320,280,4333,119,-128,-2,48,19378,54,33,79,16,0,0,0,0,0,0,0,-32287,0,0,0,0,0,2918786,0
2798556,7374,-3324,294,965,-252,285,4358,109,-113,0,32,19379,57,33,79,16,0,0,0,0,0,0,0,-32287,0,0,0,0,0,2918801,0
2798561,7476,-3178,366,956,-193,287,4373,61,-109,7,16,19379,57,33,79,16,0,0,0,0,0,0,0,-32287,0,0,0,0,0,2918806,0
2798566,7630,-3106,366,985,-149,273,4385,52,-99,2,24,19379,69,33,79,16,0,0,0,0,0,0,0,-32287,0,0,0,0,0,2918821,0
2798571,7756,-2754,274,1083,-236,204,4404,87,-72,-5,40,19379,69,33,79,16,0,0,0,0,0,0,0,-32287,0,0,0,0,0,2918826,0
2798576,7858,-2810,184,1038,14,219,4429,104,-16,-1,40,19382,81,33,79,16,0,0,0,0,0,0,0,-32286,0,0,0,0,0,2918841,0
2798581,7736,-3126,410,1022,52,249,4456,121,25,0,64,19382,81,33,79,16,0,0,0,0,0,0,0,-32287,0,0,0,0,0,2918846,0
2798586,7722,-3018,304,1006,26,263,4493,169,74,-6,88,19379,82,33,79,16,0,0,0,0,0,0,0,-32287,0,0,0,0,0,2918861,0
2798591,7930,-2742,252,981,117,280,4535,185,87,3,112,19379,82,33,79,16,0,0,0,0,0,0,0,-32287,0,0,0,0,0,2918866,0
2798596,7820,-2674,-72,1087,109,226,4588,230,100,0,152,19377,75,33,79,16,0,0,0,0,0,0,0,-32287,0,0,0,0,0,2918881,0
2798601,7614,-2600,-134,1174,68,233,4646,256,111,5,144,19377,75,33,79,16,0,0,0,0,0,0,0,-32287,0,0,0,0,0,2918886,0
2798606,7496,-2332,-228,1227,46,205,4706,266,110,6,168,19376,65,33,79,16,0,0,0,0,0,0,0,-32287,0,0,0,0,0,2918901,0
2798611,7580,-2044,-410,1233,42,163,4771,288,85,-2,208,19376,65,33,79,16,0,0,0,0,0,0,0,-32287,0,0,0,0,0,2918906,0
2798616,7502,-1900,-528,1116,46,152,4841,308,71,0,256,19377,73,33,79,16,0,0,0,0,0,0,0,-32287,0,0,0,0,0,2918921,0
2798621,7492,-1916,-472,1119,20,111,4919,345,69,-10,320,19377,73,33,79,16,0,0,0,0,0,0,0,-32287,0,0,0,0,0,2918926,0
2798626,7432,-2094,-418,1129,-1,50,5008,386,92,-8,408,19378,74,33,79,16,0,0,0,0,0,0,0,-32287,0,0,0,0,0,2918941,0
2798631,7558,-2118,-418,1199,-18,19,5101,410,108,-7,440,19378,74,33,79,16,0,0,0,0,0,0,0,-32287,0,0,0,0,0,2918946,0
2798636,7568,-1932,-216,1108,-75,-24,5197,419,108,0,472,19377,74,33,79,16,0,0,0,0,0,0,0,-32287,0,0,0,0,0,2918961,0
2798641,7898,-2094,-282,1086,-16,-13,5296,434,90,-4,496,19377,74,33,79,16,0,0,0,0,0,0,0,-32287,0,0,0,0,0,2918966,0
2798646,7630,-2034,-22,1031,-32,-45,5399,453,65,-8,560,19377,73,33,79,16,0,0,0,0,0,0,0,-32287,0,0,0,0,0,2918981,0
2798651,7878,-2244,34,1031,-5,-55,5504,466,51,-4,592,19377,73,33,79,16,0,0,0,0,0,0,0,-32287,0,0,0,0,0,2918986,0
2798656,7856,-2198,312,980,38,-76,5609,464,43,5,576,19381,76,33,79,16,0,0,0,0,0,0,0,-32287,0,0,0,0,0,2919001,0
2798661,7984,-2242,318,958,92,-92,5714,452,33,4,520,19381,76,33,79,16,0,0,0,0,0,0,0,-32287,0,0,0,0,0,2919006,0
2798666,8024,-2174,350,907,162,-89,5819,452,12,6,528,19382,81,33,79,16,0,0,0,0,0,0,0,-32287,0,0,0,0,0,2919020,0
2798671,8024,-2062,386,850,196,-104,5923,461,-2,0,568,19382,81,33,79,16,0,0,0,0,0,0,0,-32287,0,0,0,0,0,2919025,0
2798676,8058,-2498,306,790,319,-116,6026,458,-3,3,544,19381,82,33,79,16,0,0,0,0,0,0,0,-32287,0,0,0,0,0,2919040,0
2798681,7998,-2472,288,796,332,-123,6129,447,-8,0,520,19381,82,33,79,16,0,0,0,0,0,0,0,-32287,0,0,0,0,0,2919045,0
2798686,8034,-2524,214,814,361,-136,6229,440,-8,-1,496,19376,77,33,79,16,0,0,0,0,0,0,0,-32287,0,0,0,0,0,2919060,0
2798691,7948,-2552,186,828,363,-146,6328,441,-12,-2,520,19376,77,33,79,16,0,0,0,0,0,0,0,-32287,0,0,0,0,0,2919065,0
2798696,7982,-2400,26,899,343,-183,6435,469,-12,-7,600,19375,70,33,79,16,0,0,0,0,0,0,0,-32288,0,0,0,0,0,2919080,0
2798701,7924,-2462,-60,894,330,-181,6540,464,12,7,568,19375,70,33,79,16,0,0,0,0,0,0,0,-32287,0,0,0,0,0,2919085,0
2798706,7804,-2546,-134,905,287,-192,6646,462,28,3,560,19376,60,33,79,16,0,0,0,0,0,0,0,-32287,0,0,0,0,0,2919100,0
2798711,8000,-2406,-180,924,294,-207,6754,474,28,0,592,19376,60,33,79,16,0,0,0,0,0,0,0,-32287,0,0,0,0,0,2919105,0
2798716,8244,-2278,10,1061,234,-276,6871,511,30,-3,696,19378,61,33,79,16,0,0,0,0,0,0,0,-32287,0,0,0,0,0,2919120,0
2798721,8260,-2118,10,1089,257,-279,6987,514,43,5,680,19378,61,33,79,16,0,0,0,0,0,0,0,-32287,0,0,0,0,0,2919125,0
2798726,8070,-1958,-42,1039,226,-295,7105,516,51,0,680,19376,67,33,79,16,0,0,0,0,0,0,0,-32287,0,0,0,0,0,2919140,0
2798731,8280,-1752,-248,1009,244,-314,7228,536,47,-4,744,19376,67,33,79,16,0,0,0,0,0,0,0,-32287,0,0,0,0,0,2919145,0
2798736,8186,-1654,-160,1017,221,-350,7354,562,49,-3,808,19376,71,33,79,16,0,0,0,0,0,0,0,-32287,0,0,0,0,0,2919160,0
2798741,8188,-1674,-180,1042,198,-379,7482,555,43,11,760,19376,71,33,79,16,0,0,0,0,0,0,0,-32287,0,0,0,0,0,2919165,0
2798746,8396,-1394,-138,1075,219,-383,7610,554,41,2,760,19375,70,33,79,16,0,0,0,0,0,0,0,-32287,0,0,0,0,0,2919180,0
2798751,8298,-1184,-132,1055,213,-418,7742,578,40,-3,848,19375,70,33,79,16,0,0,0,0,0,0,0,-32287,0,0,0,0,0,2919185,0
2798756,8282,-1266,-336,984,203,-417,7878,597,36,8,832,19376,75,33,79,16,0,0,0,0,0,0,0,-32287,0,0,0,0,0,2919200,0
2798761,8376,-1042,-158,1010,183,-443,8012,597,32,6,848,19376,75,33,79,16,0,0,0,0,0,0,0,-32287,0,0,0,0,0,2919205,0
2798766,8572,-972,-100,1023,208,-459,8146,593,32,-3,840,19379,76,33,79,16,0,0,0,0,0,0,0,-32287,0,0,0,0,0,2919220,0
2798771,8514,-810,-76,996,180,-489,8281,598,19,0,840,19379,76,33,79,16,0,0,0,0,0,0,0,-32287,0,0,0,0,0,2919225,0
2798776,8632,-866,-156,825,189,-493,8416,589,5,3,816,19379,78,33,79,16,0,0,0,0,0,0,0,-32287,0,0,0,0,0,2919240,0
2798781,8852,-1210,-102,779,198,-521,8547,574,-3,0,760,19379,78,33,79,16,0,0,0,0,0,0,0,-32287,0,0,0,0,0,2919245,0
2798786,8924,-1282,12,766,208,-557,8678,570,-14,-4,760,19378,77,33,79,16,0,0,0,0,0,0,0,-32287,0,0,0,0,0,2919260,0
2798791,9122,-1634,36,782,250,-602,8809,573,-19,-1,760,19378,77,33,79,16,0,0,0,0,0,0,0,-32287,0,0,0,0,0,2919265,0
2798796,9130,-2372,-92,730,318,-636,8934,550,-26,0,712,19373,76,33,79,16,0,0,0,0,0,0,0,-32287,0,0,0,0,0,2919280,0
2798801,9150,-2650,-156,729,349,-652,9055,534,-32,-3,688,19373,76,33,79,16,0,0,0,0,0,0,0,-32287,0,0,0,0,0,2919285,0
2798806,9082,-2912,-200,759,317,-690,9176,533,-44,-5,696,19374,84,33,79,16,0,0,0,0,0,0,0,-32287,0,0,0,0,0,2919300,0
2798811,9000,-3300,-238,795,260,-691,9292,505,-41,2,600,19374,84,33,79,16,0,0,0,0,0,0,0,-32287,0,0,0,0,0,2919304,0
2798816,8788,-3348,-196,721,70,-666,9399,470,-57,-1,512,19377,85,33,79,16,0,0,0,0,0,0,0,-32287,0,0,0,0,0,2919319,0
2798821,8634,-3218,-74,612,-52,-649,9497,427,-80,-5,440,19377,85,33,79,16,0,0,0,0,0,0,0,-32287,0,0,0,0,0,2919324,0
2798826,8646,-3200,8,458,-181,-622,9591,410,-99,-10,416,19378,79,33,79,16,0,0,0,0,0,0,0,-32287,0,0,0,0,0,2919339,0
2798831,8626,-3082,224,288,-284,-589,9676,366,-117,12,296,19378,79,33,79,16,0,0,0,0,0,0,0,-32287,0,0,0,0,0,2919344,0
2798836,8576,-3084,700,-3,-411,-504,9748,310,-123,25,184,19376,72,33,79,16,0,0,0,0,0,0,0,-32287,0,0,0,0,0,2919359,0
2798841,8512,-3008,834,-122,-458,-428,9808,256,-136,16,80,19376,72,33,79,16,0,0,0,0,0,0,0,-32287,0,0,0,0,0,2919364,0
2798846,8438,-2836,1082,-150,-524,-432,9852,182,-171,-4,48,19375,75,33,79,16,0,0,0,0,0,0,0,-32287,0,0,0,0,0,2919379,0
2798851,8712,-2896,1324,-177,-482,-374,9882,125,-202,-9,40,19375,75,33,79,16,0,0,0,0,0,0,0,-32287,0,0,0,0,0,2919384,0
2798856,8948,-2394,1942,-192,-343,-420,9906,99,-204,-7,32,19375,73,33,79,16,0,0,0,0,0,0,0,-32287,0,0,0,0,0,2919399,0
2798861,8970,-2586,2022,-55,-378,-486,9916,35,-190,10,0,19375,73,33,79,16,0,0,0,0,0,0,0,-32287,0,0,0,0,0,2919404,0
2798866,9360,-2710,2206,53,-255,-539,9913,-9,-176,4,-8,19376,80,33,79,16,0,0,0,0,0,0,0,-32287,0,0,0,0,0,2919419,0
2798871,9360,-2460,2118,51,-212,-593,9914,-1,-145,0,0,19376,80,33,79,16,0,0,0,0,0,0,0,-32287,0,0,0,0,0,2919424,0
2798876,9590,-2562,1874,-350,134,-628,9914,0,-103,0,-8,19376,79,33,79,16,0,0,0,0,0,0,0,-32287,0,0,0,0,0,2919439,0
2798881,9408,-3046,1620,-591,234,-621,9915,0,-55,0,-8,19376,79,33,79,16,0,0,0,0,0,0,0,-32287,0,0,0,0,0,2919444,0
2798886,9190,-3730,1338,-730,303,-602,9915,-1,-15,0,-8,19376,81,33,79,16,0,0,0,0,0,0,0,-32287,0,0,0,0,0,2919459,0
2798891,8870,-4200,1358,-821,377,-583,9914,1,3,0,0,19376,81,33,79,16,0,0,0,0,0,0,0,-32287,0,0,0,0,0,2919464,0
2798896,8330,-4994,1300,-921,423,-531,9914,-1,-1,0,-8,19373,74,33,79,16,0,0,0,0,0,0,0,-32287,0,0,0,0,0,2919479,0
2798901,7842,-5224,1268,-970,382,-492,9915,2,-2,0,-8,19373,74,33,79,16,0,0,0,0,0,0,0,-32287,0,0,0,0,0,2919484,0
2798906,7388,-5572,1160,-1036,287,-446,9913,-1,1,0,-8,19374,66,33,79,16,0,0,0,0,0,0,0,-32287,0,0,0,0,0,2919499,0
2798911,7000,-5676,1086,-1077,200,-421,9912,-4,2,0,-8,19374,66,33,79,16,0,0,0,0,0,0,0,-32287,0,0,0,0,0,2919504,0
2798916,6270,-6204,1148,-1130,0,-328,9912,-8,-6,1,-8,19377,66,33,79,16,0,0,0,0,0,0,0,-32287,0,0,0,0,0,2919519,0
2798921,7466,-5734,1612,-839,-231,-591,9909,-11,-2,3,-16,19377,66,33,79,16,0,0,0,0,0,0,0,-32287,0,0,0,0,0,2919524,0
2798926,7174,-5774,2288,571,-279,-1009,9892,-89,-32,9,-56,19378,67,33,79,16,0,0,0,0,0,0,0,-32286,0,0,0,0,0,2919539,0
2798931,5992,-7586,1358,1349,-862,-991,9863,-135,-83,8,-80,19378,67,33,79,16,0,0,0,0,0,0,0,-32286,0,0,0,0,0,2919544,0
2798936,7400,-4008,2786,709,-362,-932,9812,-242,-152,19,-232,19376,61,33,79,16,0,0,0,0,0,0,0,-32287,0,0,0,0,0,2919559,0
2798941,4922,-4778,1254,-124,-651,-821,9733,-364,-240,14,-448,19376,61,33,79,16,0,0,0,0,0,0,0,-32287,0,0,0,0,0,2919564,0
2798946,6196,-5624,1308,-480,-494,-733,9618,-519,-335,40,-880,19376,61,33,79,16,0,0,0,0,0,0,0,-32287,0,0,0,0,0,2919579,0
2798951,5404,-6362,1966,-489,-280,-649,9469,-668,-413,19,-1248,19376,61,33,79,16,0,0,0,0,0,0,0,-32287,0,0,0,0,0,2919584,0
2798956,5534,-7578,2396,-24,-240,-432,9279,-854,-501,7,-1680,19376,73,33,79,16,0,0,0,0,0,0,0,-32287,0,0,0,0,0,2919599,0
2798961,5006,-6938,2608,-133,-189,-278,9043,-1057,-560,11,-2128,19376,73,33,79,16,0,0,0,0,0,0,0,-32286,0,0,0,0,0,2919604,0
2798966,5672,-6910,2502,-334,-28,-80,8763,-1246,-614,5,-2520,19378,71,33,79,16,0,0,0,0,0,0,0,-32287,0,0,0,0,0,2919619,0
2798971,5618,-6954,2760,-567,217,143,8440,-1435,-656,-1,-2904,19378,71,33,79,16,0,0,0,0,0,0,0,-32287,0,0,0,0,0,2919624,0
2798976,4864,-7512,2950,-797,511,581,8079,-1604,-669,-13,-3232,19377,72,33,79,16,0,0,0,0,0,0,0,-32287,0,0,0,0,0,2919638,0
2798981,5106,-8064,2084,-476,264,724,7689,-1725,-630,-16,-3448,19377,72,33,79,16,0,0,0,0,0,0,0,-32287,0,0,0,0,0,2919643,0
2798986,5636,-6866,1828,-173,197,793,7273,-1837,-559,-14,-3640,19376,75,33,79,16,0,0,0,0,0,0,0,-32287,0,0,0,0,0,2919658,0
2798991,5918,-5758,1442,-175,166,885,6844,-1898,-462,-13,-3720,19376,75,33,79,16,0,0,0,0,0,0,0,-32287,0,0,0,0,0,2919663,0
2798996,6616,-4206,622,-651,113,1010,6403,-1938,-364,0,-3832,19375,85,33,79,16,0,0,0,0,0,0,0,-32287,0,0,0,0,0,2919678,0
2799001,6762,-3684,450,-778,9,1010,5954,-1981,-262,8,-3920,19375,85,33,79,16,0,0,0,0,0,0,0,-32287,0,0,0,0,0,2919683,0
2799006,7236,-3290,436,-783,-145,987,5498,-2005,-193,0,-3968,19375,96,33,79,16,0,0,0,0,0,0,0,-32287,0,0,0,0,0,2919698,0
2799011,7588,-3084,308,-878,-308,999,5037,-2035,-138,-2,-4016,19375,96,33,79,16,0,0,0,0,0,0,0,-32287,0,0,0,0,0,2919703,0
2799016,8562,-2106,228,-1200,-531,937,4572,-2050,-106,-9,-4024,19376,92,33,79,16,0,0,0,0,0,0,0,-32287,0,0,0,0,0,2919718,0
2799021,8736,-1730,522,-1329,-648,859,4108,-2042,-80,-14,-3984,19376,92,33,79,16,0,0,0,0,0,0,0,-32287,0,0,0,0,0,2919723,0
2799026,9158,-1638,860,-1376,-783,752,3650,-2012,-34,-17,-3872,19372,90,33,79,16,0,0,0,0,0,0,0,-32287,0,0,0,0,0,2919738,0
2799031,9628,-1504,1184,-1332,-857,638,3206,-1955,25,-11,-3752,19372,90,33,79,16,0,0,0,0,0,0,0,-32287,0,0,0,0,0,2919743,0
2799036,10130,-1230,1350,-1175,-1016,380,2776,-1883,102,5,-3624,19370,86,33,79,16,0,0,0,0,0,0,0,-32287,0,0,0,0,0,2919758,0
2799041,10452,-976,1664,-1215,-1005,293,2363,-1818,174,9,-3496,19370,86,33,79,16,0,0,0,0,0,0,0,-32287,0,0,0,0,0,2919763,0
2799046,10780,-850,2178,-1348,-861,204,2045,-1752,219,6,-3368,19368,84,33,79,16,0,0,0,0,0,0,0,-32287,0,0,0,0,0,2919778,0
2799051,10802,-932,2574,-1473,-608,147,1658,-1692,235,5,-3240,19368,84,33,79,16,0,0,0,0,0,0,0,-32287,0,0,0,0,0,2919783,0
2799056,10502,-1708,3094,-1441,-200,0,1281,-1649,225,-6,-3136,19372,87,33,79,16,0,0,0,0,0,0,0,-32286,0,0,0,0,0,2919798,0
2799061,10372,-1930,3284,-1327,59,-33,915,-1604,198,-10,-3032,19372,87,33,79,16,0,0,0,0,0,0,0,-32287,0,0,0,0,0,2919803,0
2799066,10074,-1998,3410,-1297,347,-91,561,-1551,183,-8,-2904,19377,84,33,79,16,0,0,0,0,0,0,0,-32287,0,0,0,0,0,2919818,0
2799071,9850,-2022,3236,-1320,701,-96,217,-1508,169,-10,-2776,19377,84,33,79,16,0,0,0,0,0,0,0,-32287,0,0,0,0,0,2919823,0
2799076,8922,-2578,2746,-1470,1245,-105,-115,-1456,164,-12,-2656,19379,79,33,79,16,0,0,0,0,0,0,0,-32287,0,0,0,0,0,2919838,0
2799081,8530,-2996,2310,-1392,1409,-95,-430,-1380,184,-3,-2488,19379,79,33,79,16,0,0,0,0,0,0,0,-32287,0,0,0,0,0,2919843,0
2799086,8070,-3218,1976,-1289,1577,-79,-732,-1309,195,1,-2312,19376,78,33,79,16,0,0,0,0,0,0,0,-32287,0,0,0,0,0,2919858,0
2799091,7524,-3244,1656,-1219,1643,-50,-1016,-1244,222,-1,-2184,19376,78,33,79,16,0,0,0,0,0,0,0,-32287,0,0,0,0,0,2919863,0
2799096,6794,-3084,622,-1277,1688,26,-1284,-1173,237,3,-2040,19375,78,33,79,16,0,0,0,0,0,0,0,-32287,0,0,0,0,0,2919878,0
2799101,6586,-2994,194,-1336,1660,44,-1535,-1092,247,1,-1872,19375,78,33,79,16,0,0,0,0,0,0,0,-32286,0,0,0,0,0,2919883,0
2799106,6380,-3058,-4,-1348,1619,78,-1771,-1026,250,3,-1744,19374,69,33,79,16,0,0,0,0,0,0,0,-32287,0,0,0,0,0,2919898,0
2799111,6082,-2948,-186,-1290,1457,53,-1993,-966,246,0,-1624,19374,69,33,79,16,0,0,0,0,0,0,0,-32287,0,0,0,0,0,2919903,0
2799116,5866,-2728,-538,-1244,1158,100,-2202,-916,236,1,-1512,19376,74,33,79,16,0,0,0,0,0,0,0,-32287,0,0,0,0,0,2919918,0
2799121,5950,-2612,-662,-1375,1044,140,-2399,-859,215,-1,-1392,19376,74,33,79,16,0,0,0,0,0,0,0,-32287,0,0,0,0,0,2919922,0
2799126,5894,-2440,-540,-1506,970,171,-2586,-816,195,0,-1304,19375,61,33,79,16,0,0,0,0,0,0,0,-32287,0,0,0,0,0,2919937,0
2799131,5954,-2714,-280,-1584,910,197,-2763,-770,177,-2,-1200,19375,61,33,79,16,0,0,0,0,0,0,0,-32287,0,0,0,0,0,2919942,0
2799136,6064,-2550,160,-1526,735,162,-2928,-724,166,-2,-1096,19374,66,33,79,16,0,0,0,0,0,0,0,-32287,0,0,0,0,0,2919957,0
2799141,6210,-2404,372,-1430,638,112,-3084,-677,160,-1,-992,19374,66,33,79,16,0,0,0,0,0,0,0,-32287,0,0,0,0,0,2919962,0
2799146,6476,-2434,432,-1405,605,108,-3232,-644,152,-1,-920,19373,72,33,79,16,0,0,0,0,0,0,0,-32287,0,0,0,0,0,2919977,0
2799151,6552,-2250,660,-1448,553,100,-3370,-593,147,-4,-808,19373,72,33,79,16,0,0,0,0,0,0,0,-32287,0,0,0,0,0,2919982,0
2799156,6548,-2576,974,-1672,588,166,-3499,-569,200,-2,-720,19376,73,33,79,16,0,0,0,0,0,0,0,-32287,0,0,0,0,0,2919997,0
2799161,6574,-2770,1286,-1590,624,144,-3621,-529,158,6,-640,19376,73,33,79,16,0,0,0,0,0,0,0,-32287,0,0,0,0,0,2920002,0
2799166,6742,-2588,1430,-1426,646,128,-3731,-480,153,3,-496,19377,75,33,79,16,0,0,0,0,0,0,0,-32287,0,0,0,0,0,2920017,0
2799171,6696,-2408,1458,-1342,674,111,-3828,-415,83,3,-384,19377,75,33,79,16,0,0,0,0,0,0,0,-32287,0,0,0,0,0,2920022,0
2799176,6670,-2252,1136,-1406,765,114,-3917,-388,96,4,-320,19377,77,33,79,16,0,0,0,0,0,0,0,-32287,0,0,0,0,0,2920037,0
2799181,6472,-2240,1132,-1370,796,122,-3999,-361,160,-2,-280,19377,77,33,79,16,0,0,0,0,0,0,0,-32287,0,0,0,0,0,2920042,0
2799186,6158,-2216,886,-1323,743,110,-4073,-320,143,-7,-224,19375,75,33,79,16,0,0,0,0,0,0,0,-32287,0,0,0,0,0,2920057,0
2799191,5914,-2028,586,-1308,698,107,-4138,-266,132,-10,-120,19375,75,33,79,16,0,0,0,0,0,0,0,-32287,0,0,0,0,0,2920062,0
2799196,5524,-1518,450,-1364,669,95,-4186,-206,136,1,-72,19375,74,33,79,16,0,0,0,0,0,0,0,-32287,0,0,0,0,0,2920077,0
2799201,5546,-1864,314,-1350,670,104,-4219,-130,173,17,-48,19375,74,33,79,16,0,0,0,0,0,0,0,-32287,0,0,0,0,0,2920082,0
2799206,5282,-1762,330,-1300,607,82,-4239,-89,202,7,-16,19376,66,33,79,16,0,0,0,0,0,0,0,-32287,0,0,0,0,0,2920097,0
2799211,5382,-1876,236,-1225,541,46,-4242,-5,224,-8,8,19376,66,33,79,16,0,0,0,0,0,0,0,-32287,0,0,0,0,0,2920102,0
2799216,5262,-1856,156,-1115,487,59,-4236,23,220,-1,8,19378,68,33,79,16,0,0,0,0,0,0,0,-32287,0,0,0,0,0,2920117,0
2799221,5262,-1778,84,-1170,484,71,-4232,16,182,4,0,19378,68,33,79,16,0,0,0,0,0,0,0,-32287,0,0,0,0,0,2920122,0
2799226,5322,-1690,62,-1249,514,73,-4232,3,107,3,0,19376,70,33,79,16,0,0,0,0,0,0,0,-32287,0,0,0,0,0,2920137,0
2799231,5476,-1740,80,-1282,544,76,-4231,0,41,0,0,19376,70,33,79,16,0,0,0,0,0,0,0,-32286,0,0,0,0,0,2920142,0
2799236,5612,-1876,154,-1241,563,60,-4232,0,-14,0,0,19374,76,33,79,16,0,0,0,0,0,0,0,-32287,0,0,0,0,0,2920157,0
2799241,5714,-1892,188,-1231,574,61,-4232,-3,-15,0,-8,19374,76,33,79,16,0,0,0,0,0,0,0,-32287,0,0,0,0,0,2920165,0
2799246,5818,-1934,202,-1246,589,62,-4233,-6,-7,0,-8,19373,73,33,79,16,0,0,0,0,0,0,0,-32287,0,0,0,0,0,2920180,0
2799251,6026,-1994,194,-1258,602,79,-4232,0,-1,0,-8,19373,73,33,79,16,0,0,0,0,0,0,0,-32287,0,0,0,0,0,2920185,0
2799256,6180,-2186,250,-1253,585,73,-4232,-2,-1,0,0,19376,74,33,79,16,0,0,0,0,0,0,0,-32287,0,0,0,0,0,2920200,0
2799261,6370,-2248,280,-1212,558,77,-4232,-1,2,0,0,19376,74,33,79,16,0,0,0,0,0,0,0,-32287,0,0,0,0,0,2920205,0
2799266,6484,-2260,334,-1178,527,63,-4231,2,3,0,0,19377,70,33,79,16,0,0,0,0,0,0,0,-32287,0,0,0,0,0,2920220,0
2799271,6630,-2278,342,-1125,491,47,-4231,0,1,2,0,19377,70,33,79,16,0,0,0,0,0,0,0,-32287,0,0,0,0,0,2920224,0
2799276,6890,-2294,422,-1081,414,27,-4231,2,1,3,-8,19378,58,33,79,16,0,0,0,0,0,0,0,-32287,0,0,0,0,0,2920239,0
2799281,7032,-2416,380,-1064,400,30,-4230,4,-3,1,-8,19378,58,33,79,16,0,0,0,0,0,0,0,-32287,0,0,0,0,0,2920244,0
2799286,7022,-2358,420,-1088,388,32,-4230,5,-1,0,-8,19379,64,33,79,16,0,0,0,0,0,0,0,-32287,0,0,0,0,0,2920259,0
2799291,7182,-2480,402,-1094,371,53,-4230,7,1,-1,0,19379,64,33,79,16,0,0,0,0,0,0,0,-32287,0,0,0,0,0,2920264,0
2799296,7332,-2498,406,-1165,324,54,-4230,5,-2,1,0,19379,69,33,79,16,0,0,0,0,0,0,0,-32287,0,0,0,0,0,2920279,0
2799301,7474,-2662,496,-1096,320,50,-4228,9,3,2,0,19379,69,33,79,16,0,0,0,0,0,0,0,-32287,0,0,0,0,0,2920284,0
2799306,7388,-2694,534,-1069,258,42,-4228,1,0,1,0,19379,77,33,79,16,0,0,0,0,0,0,0,-32287,0,0,0,0,0,2920299,0
2799311,7436,-2700,536,-1055,213,38,-4228,-2,-3,2,0,19379,77,33,79,16,0,0,0,0,0,0,0,-32287,0,0,0,0,0,2920304,0
2799316,7520,-2612,496,-1020,139,13,-4227,5,-4,1,-8,19376,78,33,79,16,0,0,0,0,0,0,0,-32287,0,0,0,0,0,2920319,0
2799321,7604,-2626,602,-1008,135,-7,-4228,0,-5,2,0,19376,78,33,79,16,0,0,0,0,0,0,0,-32287,0,0,0,0,0,2920324,0
2799326,7720,-2686,712,-1001,156,-20,-4228,0,-2,0,0,19376,70,33,79,16,0,0,0,0,0,0,0,-32287,0,0,0,0,0,2920339,0
2799331,7770,-2740,880,-975,198,-23,-4228,-2,-1,0,0,19376,70,33,79,16,0,0,0,0,0,0,0,-32287,0,0,0,0,0,2920344,0
2799336,7842,-2872,1080,-928,254,-67,-4227,1,1,0,0,19376,63,33,79,16,0,0,0,0,0,0,0,-32287,0,0,0,0,0,2920359,0
2799341,7900,-2918,1080,-883,278,-83,-4226,6,3,-1,-8,19376,63,33,79,16,0,0,0,0,0,0,0,-32287,0,0,0,0,0,2920364,0
2799346,7956,-2910,1122,-841,300,-93,-4226,2,3,1,0,19376,65,33,79,16,0,0,0,0,0,0,0,-32287,0,0,0,0,0,2920379,0
2799351,8046,-2850,1148,-807,333,-97,-4225,4,1,0,-8,19376,65,33,79,16,0,0,0,0,0,0,0,-32287,0,0,0,0,0,2920384,0
2799356,8188,-2812,1180,-779,371,-111,-4225,8,2,2,-8,19377,67,33,79,16,0,0,0,0,0,0,0,-32287,0,0,0,0,0,2920399,0
2799361,8270,-2780,1182,-753,371,-110,-4224,0,-5,2,-8,19377,67,33,79,16,0,0,0,0,0,0,0,-32287,0,0,0,0,0,2920404,0
2799366,8362,-2712,1216,-731,357,-115,-4225,1,-4,0,-8,19377,62,33,79,16,0,0,0,0,0,0,0,-32287,0,0,0,0,0,2920419,0
2799371,8462,-2616,1220,-713,347,-121,-4225,1,0,1,0,19377,62,33,79,16,0,0,0,0,0,0,0,-32287,0,0,0,0,0,2920424,0
2799376,8664,-2398,1294,-728,364,-126,-4224,3,-3,0,-8,19376,64,33,79,16,0,0,0,0,0,0,0,-32287,0,0,0,0,0,2920439,0
2799381,8758,-2340,1272,-726,356,-136,-4225,1,-1,0,0,19376,64,33,79,16,0,0,0,0,0,0,0,-32287,0,0,0,0,0,2920444,0
2799386,8880,-2240,1318,-722,369,-141,-4223,7,4,0,0,19377,70,33,79,16,0,0,0,0,0,0,0,-32287,0,0,0,0,0,2920459,0
2799391,8928,-2182,1370,-715,382,-148,-4223,0,-3,-1,0,19377,70,33,79,16,0,0,0,0,0,0,0,-32287,0,0,0,0,0,2920464,0
2799396,8948,-2084,1486,-724,427,-161,-4222,5,5,0,0,19380,77,33,79,16,0,0,0,0,0,0,0,-32287,0,0,0,0,0,2920479,0
2799401,9018,-2068,1498,-740,461,-156,-4221,5,-3,0,0,19380,77,33,79,16,0,0,0,0,0,0,0,-32287,0,0,0,0,0,2920484,0
2799406,9060,-1958,1606,-748,515,-156,-4221,3,-2,0,0,19384,71,33,79,16,0,0,0,0,0,0,0,-32287,0,0,0,0,0,2920499,0
2799411,9008,-1838,1804,-749,569,-166,-4219,12,4,1,0,19384,71,33,79,16,0,0,0,0,0,0,0,-32287,0,0,0,0,0,2920504,0
2799416,8988,-1800,2050,-761,713,-206,-4218,5,2,0,0,19385,68,33,79,16,0,0,0,0,0,0,0,-32287,0,0,0,0,0,2920519,0
2799421,8868,-1790,2088,-734,785,-230,-4216,5,5,1,0,19385,68,33,79,16,0,0,0,0,0,0,0,-32287,0,0,0,0,0,2920524,0
2799426,8832,-1784,2056,-710,858,-253,-4214,6,1,0,0,19379,71,33,79,16,0,0,0,0,0,0,0,-32287,0,0,0,0,0,2920539,0
2799431,8684,-1660,2022,-719,942,-271,-4212,4,2,0,8,19379,71,33,79,16,0,0,0,0,0,0,0,-32287,0,0,0,0,0,2920544,0
2799436,8494,-1508,1948,-776,1114,-280,-4208,11,0,0,8,19376,79,33,79,16,0,0,0,0,0,0,0,-32287,0,0,0,0,0,2920559,0
2799441,8396,-1486,1804,-806,1159,-293,-4202,23,11,-1,8,19376,79,33,79,16,0,0,0,0,0,0,0,-32287,0,0,0,0,0,2920563,0
2799446,8304,-1458,1610,-831,1158,-300,-4190,58,24,-2,32,19375,83,33,79,16,0,0,0,0,0,0,0,-32287,0,0,0,0,0,2920578,0
2799451,8308,-1324,1460,-798,1140,-326,-4165,121,61,-9,64,19375,83,33,79,16,0,0,0,0,0,0,0,-32287,0,0,0,0,0,2920583,0
2799456,8204,-1100,1294,-763,1002,-345,-4128,173,111,-5,96,19376,84,33,79,16,0,0,0,0,0,0,0,-32287,0,0,0,0,0,2920598,0
2799461,8048,-848,1130,-834,874,-365,-4076,243,153,-5,176,19376,84,33,79,16,0,0,0,0,0,0,0,-32287,0,0,0,0,0,2920603,0
2799466,8244,-944,970,-902,774,-369,-4015,278,187,5,208,19376,83,33,79,16,0,0,0,0,0,0,0,-32287,0,0,0,0,0,2920618,0
2799471,8344,-1070,998,-964,626,-350,-3946,307,190,0,248,19376,83,33,79,16,0,0,0,0,0,0,0,-32286,0,0,0,0,0,2920623,0
2799476,9136,-1276,1454,-1188,478,-341,-3868,352,157,-1,304,19376,76,33,79,16,0,0,0,0,0,0,0,-32287,0,0,0,0,0,2920638,0
2799481,9560,-1588,1846,-1371,448,-337,-3782,386,142,-11,408,19376,76,33,79,16,0,0,0,0,0,0,0,-32287,0,0,0,0,0,2920643,0
2799486,10220,-1996,2080,-1479,394,-353,-3677,466,145,-32,640,19375,77,33,79,16,0,0,0,0,0,0,0,-32288,0,0,0,0,0,2920658,0
2799491,10928,-2494,2214,-1503,382,-368,-3553,553,184,-22,888,19375,77,33,79,16,0,0,0,0,0,0,0,-32287,0,0,0,0,0,2920663,0
2799496,11848,-3610,2272,-1527,342,-386,-3408,645,240,4,1088,19379,68,33,79,16,0,0,0,0,0,0,0,-32287,0,0,0,0,0,2920678,0
2799501,12316,-4276,2226,-1451,331,-442,-3243,743,279,-1,1320,19379,68,33,79,16,0,0,0,0,0,0,0,-32287,0,0,0,0,0,2920683,0
2799506,12542,-4944,2212,-1293,336,-498,-3049,855,323,-7,1552,19379,74,33,79,16,0,0,0,0,0,0,0,-32287,0,0,0,0,0,2920698,0
2799511,12524,-5618,2126,-1139,324,-563,-2835,956,341,0,1768,19379,74,33,79,16,0,0,0,0,0,0,0,-32287,0,0,0,0,0,2920703,0
2799516,11900,-6674,1796,-709,317,-716,-2602,1037,353,-2,1944,19381,66,33,79,16,0,0,0,0,0,0,0,-32287,0,0,0,0,0,2920718,0
2799521,11292,-6934,1734,-548,284,-800,-2351,1101,334,-1,2072,19381,66,33,79,16,0,0,0,0,0,0,0,-32287,0,0,0,0,0,2920723,0
2799526,10990,-7274,1624,-374,270,-847,-2089,1159,292,3,2176,19376,66,33,79,16,0,0,0,0,0,0,0,-32287,0,0,0,0,0,2920738,0
2799531,10228,-7700,1646,-265,276,-880,-1824,1174,239,5,2192,19376,66,33,79,16,0,0,0,0,0,0,0,-32287,0,0,0,0,0,2920743,0
2799536,8736,-8470,1312,-47,181,-912,-1550,1195,175,5,2224,19373,75,33,79,16,0,0,0,0,0,0,0,-32287,0,0,0,0,0,2920758,0
2799541,8140,-8790,1222,111,141,-896,-1275,1207,114,7,2232,19373,75,33,79,16,0,0,0,0,0,0,0,-32287,0,0,0,0,0,2920763,0
2799546,7280,-9272,1240,225,147,-797,-1002,1198,72,14,2184,19373,72,33,79,16,0,0,0,0,0,0,0,-32287,0,0,0,0,0,2920778,0
2799551,6566,-9344,1272,306,123,-712,-732,1189,25,6,2144,19373,72,33,79,16,0,0,0,0,0,0,0,-32287,0,0,0,0,0,2920783,0
2799556,5418,-9190,1346,592,312,-525,-467,1163,-11,8,2072,19376,78,33,79,16,0,0,0,0,0,0,0,-32287,0,0,0,0,0,2920798,0
2799561,4938,-8826,1296,768,358,-430,-207,1138,-43,12,1992,19376,78,33,79,16,0,0,0,0,0,0,0,-32287,0,0,0,0,0,2920803,0
2799566,4502,-8106,1114,920,366,-399,41,1094,-75,9,1880,19376,80,33,79,16,0,0,0,0,0,0,0,-32287,0,0,0,0,0,2920818,0
2799571,4274,-7444,678,1089,411,-363,280,1047,-102,7,1752,19376,80,33,79,16,0,0,0,0,0,0,0,-32287,0,0,0,0,0,2920823,0
2799576,3458,-6100,-446,1274,238,-338,502,977,-142,1,1600,19375,78,33,79,16,0,0,0,0,0,0,0,-32287,0,0,0,0,0,2920838,0
2799581,3172,-5450,-1014,1174,141,-302,711,898,-176,5,1432,19375,78,33,79,16,0,0,0,0,0,0,0,-32287,0,0,0,0,0,2920843,0
2799586,3016,-4930,-1106,1188,88,-285,900,826,-217,5,1264,19375,79,33,79,16,0,0,0,0,0,0,0,-32287,0,0,0,0,0,2920858,0
2799591,3026,-4462,-1422,1327,-210,-343,1069,737,-240,8,1040,19375,79,33,79,16,0,0,0,0,0,0,0,-32287,0,0,0,0,0,2920863,0
2799596,2856,-3948,-1304,1220,-467,-235,1216,629,-283,12,800,19379,87,33,79,16,0,0,0,0,0,0,0,-32287,0,0,0,0,0,2920878,0
2799601,3036,-3392,-1106,917,-479,-173,1340,536,-310,0,576,19379,87,33,79,16,0,0,0,0,0,0,0,-32287,0,0,0,0,0,2920882,0
2799606,3316,-3216,-774,694,-437,-107,1446,460,-317,-10,392,19381,80,33,79,16,0,0,0,0,0,0,0,-32287,0,0,0,0,0,2920897,0
2799611,3474,-3356,-466,516,-357,-5,1531,366,-323,-3,240,19381,80,33,79,16,0,0,0,0,0,0,0,-32286,0,0,0,0,0,2920902,0
2799616,3952,-3582,348,343,-259,161,1598,292,-312,0,144,19380,75,33,79,16,0,0,0,0,0,0,0,-32287,0,0,0,0,0,2920917,0
2799621,4360,-3482,638,468,-281,183,1649,221,-291,-10,80,19380,75,33,79,16,0,0,0,0,0,0,0,-32287,0,0,0,0,0,2920922,0
2799626,4850,-3522,666,563,-319,229,1683,147,-280,-19,64,19376,71,33,79,16,0,0,0,0,0,0,0,-32287,0,0,0,0,0,2920937,0
2799631,4952,-3450,578,368,-312,371,1715,140,-239,-12,56,19376,71,33,79,16,0,0,0,0,0,0,0,-32287,0,0,0,0,0,2920942,0
2799636,5716,-3294,592,-78,-298,511,1746,131,-178,0,64,19375,70,33,79,16,0,0,0,0,0,0,0,-32287,0,0,0,0,0,2920957,0
2799641,6068,-3712,648,-45,-326,571,1779,142,-99,-1,64,19375,70,33,79,16,0,0,0,0,0,0,0,-32287,0,0,0,0,0,2920962,0
2799646,6282,-3702,770,74,-485,554,1813,146,-45,0,80,19375,77,33,79,16,0,0,0,0,0,0,0,-32287,0,0,0,0,0,2920977,0
2799651,7084,-3990,678,227,-555,556,1850,178,11,3,80,19375,77,33,79,16,0,0,0,0,0,0,0,-32287,0,0,0,0,0,2920982,0
2799656,7758,-3692,732,144,-633,598,1888,174,22,1,104,19377,74,33,79,16,0,0,0,0,0,0,0,-32287,0,0,0,0,0,2920997,0
2799661,8002,-3652,614,-27,-572,630,1923,144,24,5,40,19377,74,33,79,16,0,0,0,0,0,0,0,-32287,0,0,0,0,0,2921002,0
2799666,8040,-3498,618,-111,-607,556,1956,144,1,0,56,19376,67,33,79,16,0,0,0,0,0,0,0,-32287,0,0,0,0,0,2921017,0
2799671,8200,-3890,378,-96,-561,543,1987,128,-15,6,48,19376,67,33,79,16,0,0,0,0,0,0,0,-32287,0,0,0,0,0,2921022,0
2799676,8114,-3912,84,-14,-602,384,2021,159,-28,-3,80,19374,58,33,79,16,0,0,0,0,0,0,0,-32287,0,0,0,0,0,2921037,0
2799681,7668,-3802,-4,-87,-570,342,2054,144,-20,6,64,19374,58,33,79,16,0,0,0,0,0,0,0,-32287,0,0,0,0,0,2921042,0
2799686,7624,-3772,-130,-164,-587,260,2090,157,7,-3,80,19373,65,33,79,16,0,0,0,0,0,0,0,-32287,0,0,0,0,0,2921057,0
2799691,7432,-4032,-314,-226,-508,234,2130,182,24,0,112,19373,65,33,79,16,0,0,0,0,0,0,0,-32287,0,0,0,0,0,2921062,0
2799696,6960,-4444,-444,-105,-562,75,2184,227,58,-3,152,19376,75,33,79,16,0,0,0,0,0,0,0,-32287,0,0,0,0,0,2921077,0
2799701,6500,-4566,-326,20,-680,14,2249,287,93,2,240,19376,75,33,79,16,0,0,0,0,0,0,0,-32287,0,0,0,0,0,2921082,0
2799706,6404,-4646,-422,159,-766,-34,2326,346,146,-3,320,19376,85,33,79,16,0,0,0,0,0,0,0,-32287,0,0,0,0,0,2921097,0
2799711,6152,-4762,-390,261,-870,-60,2411,376,166,-1,384,19376,85,33,79,16,0,0,0,0,0,0,0,-32287,0,0,0,0,0,2921102,0
2799716,6032,-4918,-522,506,-1133,-140,2504,420,161,-15,496,19376,71,33,79,16,0,0,0,0,0,0,0,-32286,0,0,0,0,0,2921117,0
2799721,6106,-4896,-452,697,-1267,-197,2604,440,147,-18,560,19376,71,33,79,16,0,0,0,0,0,0,0,-32287,0,0,0,0,0,2921122,0
2799726,6328,-4670,-332,889,-1397,-248,2713,481,127,-6,648,19376,65,33,79,16,0,0,0,0,0,0,0,-32287,0,0,0,0,0,2921137,0
2799731,6452,-4556,-152,1013,-1464,-278,2826,502,110,7,680,19376,65,33,79,16,0,0,0,0,0,0,0,-32287,0,0,0,0,0,2921141,0
2799736,6940,-4256,332,1018,-1444,-248,2938,496,97,8,640,19374,60,33,79,16,0,0,0,0,0,0,0,-32286,0,0,0,0,0,2921156,0
2799741,7088,-4300,590,972,-1353,-224,3050,485,53,5,608,19374,60,33,79,16,0,0,0,0,0,0,0,-32287,0,0,0,0,0,2921161,0
2799746,7284,-4214,818,971,-1275,-192,3159,473,23,4,568,19374,61,33,79,16,0,0,0,0,0,0,0,-32287,0,0,0,0,0,2921176,0
2799751,7308,-4286,990,1024,-1198,-159,3267,474,-9,0,560,19374,61,33,79,16,0,0,0,0,0,0,0,-32287,0,0,0,0,0,2921181,0
2799756,7336,-4090,1100,1168,-1056,-93,3369,442,-29,7,480,19373,66,33,79,16,0,0,0,0,0,0,0,-32287,0,0,0,0,0,2921196,0
2799761,7358,-3922,1046,1195,-969,-29,3463,415,-54,4,424,19373,66,33,79,16,0,0,0,0,0,0,0,-32287,0,0,0,0,0,2921201,0
2799766,7294,-3608,1014,1205,-903,-2,3551,384,-73,10,352,19379,67,33,79,16,0,0,0,0,0,0,0,-32287,0,0,0,0,0,2921216,0
2799771,7320,-3512,892,1206,-829,44,3636,367,-82,10,304,19379,67,33,79,16,0,0,0,0,0,0,0,-32287,0,0,0,0,0,2921221,0
2799776,7188,-3330,736,1209,-727,135,3720,361,-82,5,280,19380,74,33,79,16,0,0,0,0,0,0,0,-32287,0,0,0,0,0,2921236,0
2799781,6984,-3074,738,1188,-718,150,3794,317,-70,11,208,19380,74,33,79,16,0,0,0,0,0,0,0,-32287,0,0,0,0,0,2921241,0
2799786,7114,-3004,572,1200,-687,173,3862,292,-73,2,176,19380,72,33,79,16,0,0,0,0,0,0,0,-32287,0,0,0,0,0,2921256,0
2799791,6968,-2928,492,1156,-681,213,3922,269,-88,6,128,19380,72,33,79,16,0,0,0,0,0,0,0,-32287,0,0,0,0,0,2921261,0
2799796,6882,-2880,334,1046,-661,290,3979,255,-95,-12,144,19378,62,33,79,16,0,0,0,0,0,0,0,-32287,0,0,0,0,0,2921276,0
2799801,6754,-2786,346,1074,-680,296,4036,255,-84,-7,152,19378,62,33,79,16,0,0,0,0,0,0,0,-32287,0,0,0,0,0,2921281,0
2799806,6854,-2760,268,1146,-737,289,4097,272,-41,-3,192,19379,60,33,79,16,0,0,0,0,0,0,0,-32287,0,0,0,0,0,2921296,0
2799811,6854,-2722,158,1213,-792,293,4162,284,-3,3,168,19379,60,33,79,16,0,0,0,0,0,0,0,-32287,0,0,0,0,0,2921301,0
2799816,6762,-2308,54,1136,-835,337,4220,252,16,5,136,19380,62,33,79,16,0,0,0,0,0,0,0,-32287,0,0,0,0,0,2921316,0
2799821,7004,-2200,12,1056,-824,344,4277,244,6,-4,136,19380,62,33,79,16,0,0,0,0,0,0,0,-32286,0,0,0,0,0,2921321,0
2799826,7048,-2336,-10,988,-818,385,4331,231,-24,0,112,19380,72,33,79,16,0,0,0,0,0,0,0,-32287,0,0,0,0,0,2921336,0
2799831,6856,-2308,146,951,-817,372,4380,221,-45,1,96,19380,72,33,79,16,0,0,0,0,0,0,0,-32287,0,0,0,0,0,2921341,0
2799836,7222,-2446,174,1027,-837,376,4430,225,-47,-3,128,19378,84,33,79,16,0,0,0,0,0,0,0,-32287,0,0,0,0,0,2921356,0
2799841,7346,-2408,256,1058,-846,350,4486,247,-19,-5,160,19378,84,33,79,16,0,0,0,0,0,0,0,-32287,0,0,0,0,0,2921361,0
2799846,7606,-2460,264,1076,-846,345,4544,256,12,0,176,19377,79,33,79,16,0,0,0,0,0,0,0,-32287,0,0,0,0,0,2921376,0
2799851,7730,-2376,336,1099,-843,326,4604,264,36,1,168,19377,79,33,79,16,0,0,0,0,0,0,0,-32287,0,0,0,0,0,2921381,0
2799856,7954,-2332,452,1036,-770,321,4661,240,33,6,96,19378,72,33,79,16,0,0,0,0,0,0,0,-32287,0,0,0,0,0,2921396,0
2799861,8156,-2376,496,977,-723,333,4713,217,4,-1,96,19378,72,33,79,16,0,0,0,0,0,0,0,-32287,0,0,0,0,0,2921401,0
2799866,8218,-2280,592,959,-623,319,4763,216,-22,-4,104,19376,66,33,79,16,0,0,0,0,0,0,0,-32287,0,0,0,0,0,2921416,0
2799871,8242,-2416,646,948,-571,316,4808,195,-51,0,96,19376,66,33,79,16,0,0,0,0,0,0,0,-32287,0,0,0,0,0,2921421,0
2799876,8336,-2356,608,989,-446,269,4852,194,-51,-4,96,19374,78,33,79,16,0,0,0,0,0,0,0,-32287,0,0,0,0,0,2921436,0
2799881,8260,-2354,586,1036,-438,253,4899,204,-33,-1,112,19374,78,33,79,16,0,0,0,0,0,0,0,-32286,0,0,0,0,0,2921440,0
2799886,8160,-2188,594,1065,-397,207,4953,227,-6,4,120,19373,77,33,79,16,0,0,0,0,0,0,0,-32287,0,0,0,0,0,2921455,0
2799891,8220,-2270,410,1072,-380,209,5005,236,22,0,152,19373,77,33,79,16,0,0,0,0,0,0,0,-32287,0,0,0,0,0,2921460,0
2799896,8076,-2144,322,1077,-332,169,5062,244,42,0,144,19374,79,33,79,16,0,0,0,0,0,0,0,-32287,0,0,0,0,0,2921475,0
2799901,7874,-2304,246,1032,-330,198,5114,222,29,9,104,19374,79,33,79,16,0,0,0,0,0,0,0,-32287,0,0,0,0,0,2921480,0
2799906,7888,-2098,354,1033,-395,184,5161,212,4,-3,96,19376,71,33,79,16,0,0,0,0,0,0,0,-32287,0,0,0,0,0,2921495,0
2799911,8038,-1858,34,1004,-458,205,5209,220,-18,-2,112,19376,71,33,79,16,0,0,0,0,0,0,0,-32287,0,0,0,0,0,2921500,0
2799916,7456,-2018,332,920,-302,239,5256,205,-33,0,104,19376,61,33,79,16,0,0,0,0,0,0,0,-32287,0,0,0,0,0,2921515,0
2799921,7400,-2094,346,937,-293,249,5300,190,-27,1,80,19376,61,33,79,16,0,0,0,0,0,0,0,-32287,0,0,0,0,0,2921520,0
2799926,7330,-1750,340,919,-281,239,5344,194,-22,-4,104,19376,64,33,79,16,0,0,0,0,0,0,0,-32287,0,0,0,0,0,2921535,0
2799931,7414,-1998,170,959,-273,265,5386,192,-18,0,104,19376,64,33,79,16,0,0,0,0,0,0,0,-32287,0,0,0,0,0,2921540,0
2799936,7280,-1992,6,1007,-285,265,5428,177,-20,0,72,19375,67,33,79,16,0,0,0,0,0,0,0,-32287,0,0,0,0,0,2921555,0
2799941,7076,-1832,-18,1034,-349,250,5471,187,-14,1,88,19375,67,33,79,16,0,0,0,0,0,0,0,-32286,0,0,0,0,0,2921560,0
2799946,7164,-1956,-66,1050,-344,270,5510,174,-9,1,88,19376,72,33,79,16,0,0,0,0,0,0,0,-32287,0,0,0,0,0,2921575,0
2799951,7068,-1734,-26,1005,-383,279,5544,143,-21,-3,32,19376,72,33,79,16,0,0,0,0,0,0,0,-32287,0,0,0,0,0,2921580,0
2799956,7016,-1662,14,725,-307,312,5567,94,-55,1,40,19377,76,33,79,16,0,0,0,0,0,0,0,-32287,0,0,0,0,0,2921595,0
2799961,7336,-1978,-132,748,-245,317,5594,102,-71,-2,40,19377,76,33,79,16,0,0,0,0,0,0,0,-32287,0,0,0,0,0,2921600,0
2799966,7046,-2102,0,787,-230,345,5615,93,-78,3,40,19376,73,33,79,16,0,0,0,0,0,0,0,-32287,0,0,0,0,0,2921615,0
2799971,6986,-2060,-10,809,-293,312,5638,107,-51,-2,56,19376,73,33,79,16,0,0,0,0,0,0,0,-32287,0,0,0,0,0,2921620,0
2799976,7136,-2078,-248,919,-236,338,5665,116,-15,0,48,19373,70,33,79,16,0,0,0,0,0,0,0,-32287,0,0,0,0,0,2921635,0
2799981,7032,-1878,-162,806,-232,335,5686,84,2,6,32,19373,70,33,79,16,0,0,0,0,0,0,0,-32287,0,0,0,0,0,2921640,0
2799986,7334,-1936,-348,764,-226,329,5706,92,-5,0,40,19375,71,33,79,16,0,0,0,0,0,0,0,-32287,0,0,0,0,0,2921655,0
2799991,7342,-1978,-318,784,-211,345,5727,90,-15,0,32,19375,71,33,79,16,0,0,0,0,0,0,0,-32287,0,0,0,0,0,2921660,0
2799996,7398,-2036,-220,757,-274,307,5742,70,-26,4,24,19377,66,33,79,16,0,0,0,0,0,0,0,-32287,0,0,0,0,0,2921675,0
2800001,7590,-1974,-294,763,-277,287,5757,78,-26,-1,32,19377,66,33,79,16,0,0,0,0,0,0,0,-32287,0,0,0,0,0,2921680,0
2800006,7680,-1900,-190,753,-313,249,5782,115,-7,-4,64,19377,58,33,79,16,0,0,0,0,0,0,0,-32287,0,0,0,0,0,2921695,0
2800011,7776,-2032,-180,715,-305,246,5815,130,32,0,64,19377,58,33,79,16,0,0,0,0,0,0,0,-32287,0,0,0,0,0,2921700,0
2800016,8034,-2160,-250,753,-348,149,5856,177,73,0,96,19377,60,33,79,16,0,0,0,0,0,0,0,-32287,0,0,0,0,0,2921715,0
2800021,7968,-2084,-166,772,-321,100,5902,207,109,4,128,19377,60,33,79,16,0,0,0,0,0,0,0,-32287,0,0,0,0,0,2921720,0
2800026,8196,-2324,-140,802,-320,82,5961,258,117,-2,184,19377,70,33,79,16,0,0,0,0,0,0,0,-32287,0,0,0,0,0,2921735,0
2800031,8088,-2238,-56,817,-277,50,6027,293,126,9,232,19377,70,33,79,16,0,0,0,0,0,0,0,-32287,0,0,0,0,0,2921740,0
2800036,8318,-2420,-134,869,-217,-16,6102,333,143,0,280,19376,77,33,79,16,0,0,0,0,0,0,0,-32287,0,0,0,0,0,2921755,0
2800041,8348,-2534,-96,922,-173,-40,6184,362,140,-2,352,19376,77,33,79,16,0,0,0,0,0,0,0,-32287,0,0,0,0,0,2921760,0
2800046,8360,-2508,-76,981,-168,-67,6255,387,125,-6,400,19374,74,33,79,16,0,0,0,0,0,0,0,-32287,0,0,0,0,0,2921775,0
2800051,8408,-2514,-124,1044,-154,-103,6355,442,126,-19,544,19374,74,33,79,16,0,0,0,0,0,0,0,-32287,0,0,0,0,0,2921780,0
2800056,8452,-2588,-276,1195,-140,-154,6462,478,134,-10,640,19375,64,33,79,16,0,0,0,0,0,0,0,-32287,0,0,0,0,0,2921794,0
2800061,8418,-2310,-310,1212,-150,-178,6578,507,136,6,688,19375,64,33,79,16,0,0,0,0,0,0,0,-32287,0,0,0,0,0,2921799,0
2800066,8506,-2332,-410,1215,-122,-183,6698,528,127,4,744,19376,64,33,79,16,0,0,0,0,0,0,0,-32286,0,0,0,0,0,2921814,0
2800071,8492,-2088,-366,1193,-105,-211,6823,558,109,0,816,19376,64,33,79,16,0,0,0,0,0,0,0,-32287,0,0,0,0,0,2921819,0
2800076,8532,-2046,-440,1197,-75,-217,6953,577,86,8,856,19376,64,33,79,16,0,0,0,0,0,0,0,-32287,0,0,0,0,0,2921834,0
2800081,8418,-1980,-428,1149,-79,-214,7084,575,72,11,816,19376,64,33,79,16,0,0,0,0,0,0,0,-32287,0,0,0,0,0,2921839,0
2800086,8512,-1786,-414,1093,-40,-224,7215,584,53,0,848,19376,70,33,79,16,0,0,0,0,0,0,0,-32287,0,0,0,0,0,2921854,0
2800091,8578,-1670,-354,1051,4,-226,7346,581,31,3,816,19376,70,33,79,16,0,0,0,0,0,0,0,-32287,0,0,0,0,0,2921866,0
2800096,8480,-1524,-254,957,35,-195,7476,563,8,9,728,19376,82,33,79,16,0,0,0,0,0,0,0,-32286,0,0,0,0,0,2921874,0
2800101,8582,-1524,-230,919,90,-192,7598,541,-16,-2,680,19376,82,33,79,16,0,0,0,0,0,0,0,-32287,0,0,0,0,0,2921879,0
2800106,8652,-1312,-180,884,116,-189,7719,528,-38,-8,672,19377,76,33,79,16,0,0,0,0,0,0,0,-32286,0,0,0,0,0,2921894,0
2800111,8680,-1398,-180,862,158,-183,7838,521,-45,0,632,19377,76,33,79,16,0,0,0,0,0,0,0,-32287,0,0,0,0,0,2921899,0
2800116,8728,-1258,-184,730,206,-169,7950,494,-55,0,568,19376,72,33,79,16,0,0,0,0,0,0,0,-32286,0,0,0,0,0,2921914,0
2800121,8818,-1330,-218,698,253,-169,8059,470,-58,-6,528,19376,72,33,79,16,0,0,0,0,0,0,0,-32287,0,0,0,0,0,2921919,0
2800126,8806,-1126,-170,654,257,-185,8167,466,-50,-3,520,19375,73,33,79,16,0,0,0,0,0,0,0,-32287,0,0,0,0,0,2921934,0
2800131,8920,-1166,-170,649,266,-210,8275,474,-46,-4,544,19375,73,33,79,16,0,0,0,0,0,0,0,-32287,0,0,0,0,0,2921939,0
2800136,8924,-1372,-248,629,273,-239,8380,465,-34,-1,544,19376,73,33,79,16,0,0,0,0,0,0,0,-32287,0,0,0,0,0,2921954,0
2800141,9058,-1520,-316,631,293,-251,8487,470,-14,-1,552,19376,73,33,79,16,0,0,0,0,0,0,0,-32287,0,0,0,0,0,2921959,0
2800146,9022,-1664,-292,633,266,-279,8596,478,3,-2,584,19376,77,33,79,16,0,0,0,0,0,0,0,-32287,0,0,0,0,0,2921974,0
2800151,9202,-1968,-376,655,258,-318,8707,499,12,-6,656,19376,77,33,79,16,0,0,0,0,0,0,0,-32287,0,0,0,0,0,2921979,0
2800156,9342,-2584,-452,781,208,-366,8820,497,-24,0,648,19376,64,33,79,16,0,0,0,0,0,0,0,-32287,0,0,0,0,0,2921994,0
2800161,9514,-2730,-514,840,187,-387,8939,512,18,3,664,19376,64,33,79,16,0,0,0,0,0,0,0,-32287,0,0,0,0,0,2921999,0
2800166,9474,-2870,-450,883,156,-418,9057,523,6,1,696,19375,58,33,79,16,0,0,0,0,0,0,0,-32287,0,0,0,0,0,2922014,0
2800171,9598,-2938,-446,970,128,-465,9178,544,70,-1,752,19375,58,33,79,16,0,0,0,0,0,0,0,-32287,0,0,0,0,0,2922019,0
2800176,9562,-2832,-282,1068,42,-512,9302,536,81,4,728,19374,66,33,79,16,0,0,0,0,0,0,0,-32287,0,0,0,0,0,2922034,0
2800181,9644,-2690,-292,1024,21,-522,9420,518,24,5,656,19374,66,33,79,16,0,0,0,0,0,0,0,-32287,0,0,0,0,0,2922039,0
2800186,9604,-2396,-136,982,35,-552,9537,509,3,-1,640,19375,75,33,79,16,0,0,0,0,0,0,0,-32287,0,0,0,0,0,2922054,0
2800191,9552,-2228,-32,973,21,-574,9652,508,-19,-5,624,19375,75,33,79,16,0,0,0,0,0,0,0,-32287,0,0,0,0,0,2922059,0
2800196,9240,-1912,218,865,-34,-601,9758,469,-47,7,528,19376,81,33,79,16,0,0,0,0,0,0,0,-32287,0,0,0,0,0,2922074,0
2800201,9186,-1764,298,753,-34,-602,9856,432,-65,-1,448,19376,81,33,79,16,0,0,0,0,0,0,0,-32287,0,0,0,0,0,2922079,0
2800206,8962,-1560,464,638,-39,-618,9946,398,-93,-3,408,19377,77,33,79,16,0,0,0,0,0,0,0,-32287,0,0,0,0,0,2922094,0
2800211,8940,-1732,512,546,-49,-629,10033,383,-105,2,352,19377,77,33,79,16,0,0,0,0,0,0,0,-32286,0,0,0,0,0,2922099,0
2800216,8784,-2096,624,433,-114,-643,10115,352,-103,12,272,19377,71,33,79,16,0,0,0,0,0,0,0,-32287,0,0,0,0,0,2922114,0
2800221,8758,-2098,758,402,-157,-661,10185,305,-93,18,184,19377,71,33,79,16,0,0,0,0,0,0,0,-32287,0,0,0,0,0,2922119,0
2800226,8942,-2180,854,364,-162,-675,10248,268,-105,2,128,19381,66,33,79,16,0,0,0,0,0,0,0,-32287,0,0,0,0,0,2922134,0
2800231,9066,-2116,948,319,-145,-687,10300,227,-123,-4,96,19381,66,33,79,16,0,0,0,0,0,0,0,-32287,0,0,0,0,0,2922139,0
2800236,9268,-2484,914,221,-100,-731,10345,196,-135,-9,96,19381,74,33,79,16,0,0,0,0,0,0,0,-32287,0,0,0,0,0,2922154,0
2800241,9338,-2704,854,191,-16,-738,10384,171,-130,-2,72,19381,74,33,79,16,0,0,0,0,0,0,0,-32287,0,0,0,0,0,2922162,0
2800246,9180,-2682,918,91,62,-714,10421,157,-107,0,48,19382,77,33,79,16,0,0,0,0,0,0,0,-32287,0,0,0,0,0,2922177,0
2800251,9100,-2914,798,-43,108,-701,10447,107,-97,0,40,19382,77,33,79,16,0,0,0,0,0,0,0,-32287,0,0,0,0,0,2922182,0
2800256,9122,-3298,624,-118,142,-705,10471,107,-84,0,40,19378,74,33,79,16,0,0,0,0,0,0,0,-32287,0,0,0,0,0,2922197,0
2800261,8764,-3360,640,-196,147,-669,10490,75,-84,9,16,19378,74,33,79,16,0,0,0,0,0,0,0,-32287,0,0,0,0,0,2922202,0
2800266,8538,-3626,616,-181,89,-700,10495,13,-96,11,-8,19377,78,33,79,16,0,0,0,0,0,0,0,-32287,0,0,0,0,0,2922217,0
2800271,8518,-3690,728,-53,-14,-775,10494,-5,-109,3,0,19377,78,33,79,16,0,0,0,0,0,0,0,-32287,0,0,0,0,0,2922222,0
2800276,8270,-3786,932,-67,35,-799,10494,-3,-106,0,-8,19375,85,33,79,16,0,0,0,0,0,0,0,-32287,0,0,0,0,0,2922237,0
2800281,7996,-3996,1104,-229,158,-777,10494,-4,-83,1,-8,19375,85,33,79,16,0,0,0,0,0,0,0,-32287,0,0,0,0,0,2922241,0
2800286,7628,-4476,1228,-430,203,-737,10492,0,-49,0,-8,19375,89,33,79,16,0,0,0,0,0,0,0,-32287,0,0,0,0,0,2922256,0
2800291,7330,-4888,1226,-563,205,-703,10489,-7,-11,-1,-8,19375,89,33,79,16,0,0,0,0,0,0,0,-32287,0,0,0,0,0,2922261,0
2800296,6224,-5656,1636,-604,268,-664,10488,0,-7,0,-8,19377,91,33,79,16,0,0,0,0,0,0,0,-32287,0,0,0,0,0,2922276,0
2800301,5912,-6190,1428,-421,191,-613,10487,-5,-3,1,-8,19377,91,33,79,16,0,0,0,0,0,0,0,-32287,0,0,0,0,0,2922281,0
2800306,5322,-6310,1628,-384,167,-531,10485,-1,5,2,0,19375,76,33,79,16,0,0,0,0,0,0,0,-32287,0,0,0,0,0,2922296,0
2800311,4772,-6486,1692,-401,71,-494,10485,-8,5,0,-8,19375,76,33,79,16,0,0,0,0,0,0,0,-32287,0,0,0,0,0,2922301,0
2800316,4110,-7052,1760,-289,90,-301,10485,2,2,0,-8,19374,74,33,79,16,0,0,0,0,0,0,0,-32287,0,0,0,0,0,2922316,0
2800321,4270,-7140,1842,-87,-65,-288,10484,-2,1,0,-16,19374,74,33,79,16,0,0,0,0,0,0,0,-32287,0,0,0,0,0,2922321,0
2800326,5114,-6286,2724,1207,-162,-781,10472,-56,-17,9,-56,19377,72,33,79,16,0,0,0,0,0,0,0,-32287,0,0,0,0,0,2922336,0
2800331,5402,-7520,2682,2516,-287,-912,10443,-133,-71,11,-88,19377,72,33,79,16,0,0,0,0,0,0,0,-32286,0,0,0,0,0,2922341,0
2800336,6056,-3930,2196,2343,-507,-784,10392,-238,-152,16,-232,19379,75,33,79,16,0,0,0,0,0,0,0,-32287,0,0,0,0,0,2922356,0
2800341,6028,-3400,2024,1290,-123,-606,10305,-392,-259,28,-544,19379,75,33,79,16,0,0,0,0,0,0,0,-32287,0,0,0,0,0,2922361,0
2800346,5830,-4508,1590,547,-1,-414,10180,-570,-382,47,-1056,19379,73,33,79,16,0,0,0,0,0,0,0,-32287,0,0,0,0,0,2922376,0
2800351,5560,-5714,1668,370,56,-262,10009,-773,-496,22,-1544,19379,73,33,79,16,0,0,0,0,0,0,0,-32287,0,0,0,0,0,2922381,0
2800356,5978,-5890,1632,782,-103,7,9790,-980,-595,8,-1992,19377,68,33,79,16,0,0,0,0,0,0,0,-32287,0,0,0,0,0,2922396,0
2800361,5690,-4888,1676,636,-31,170,9524,-1201,-664,9,-2480,19377,68,33,79,16,0,0,0,0,0,0,0,-32287,0,0,0,0,0,2922401,0
2800366,6342,-4196,1402,301,21,348,9212,-1403,-711,1,-2928,19377,65,33,79,16,0,0,0,0,0,0,0,-32287,0,0,0,0,0,2922416,0
2800371,6506,-3702,1296,-268,287,630,8850,-1599,-727,-4,-3312,19377,65,33,79,16,0,0,0,0,0,0,0,-32286,0,0,0,0,0,2922421,0
2800376,6136,-4292,1106,-725,233,917,8448,-1786,-712,-22,-3656,19376,76,33,79,16,0,0,0,0,0,0,0,-32287,0,0,0,0,0,2922436,0
2800381,6544,-4110,1060,-537,124,1014,8016,-1917,-683,-23,-3864,19376,76,33,79,16,0,0,0,0,0,0,0,-32287,0,0,0,0,0,2922441,0
2800386,6596,-3230,1020,-590,-20,1093,7557,-2025,-597,-21,-4032,19376,81,33,79,16,0,0,0,0,0,0,0,-32287,0,0,0,0,0,2922456,0
2800391,7188,-2210,874,-779,-32,1103,7090,-2067,-482,-21,-4072,19376,81,33,79,16,0,0,0,0,0,0,0,-32287,0,0,0,0,0,2922461,0
2800396,7730,-1566,696,-1224,-40,1082,6615,-2085,-354,-16,-4104,19375,91,33,79,16,0,0,0,0,0,0,0,-32287,0,0,0,0,0,2922476,0
2800401,8202,-1446,786,-1273,-63,1013,6146,-2066,-203,-4,-4040,19375,91,33,79,16,0,0,0,0,0,0,0,-32287,0,0,0,0,0,2922481,0
2800406,8440,-1314,876,-1223,-150,902,5685,-2025,-80,-4,-3952,19376,89,33,79,16,0,0,0,0,0,0,0,-32287,0,0,0,0,0,2922496,0
2800411,8914,-1300,936,-1100,-278,754,5231,-1995,26,0,-3872,19376,89,33,79,16,0,0,0,0,0,0,0,-32287,0,0,0,0,0,2922501,0
2800416,9684,-980,1114,-813,-459,430,4785,-1967,86,-1,-3808,19374,78,33,79,16,0,0,0,0,0,0,0,-32287,0,0,0,0,0,2922516,0
2800421,10088,-934,1190,-785,-483,319,4347,-1925,106,-3,-3688,19374,78,33,79,16,0,0,0,0,0,0,0,-32287,0,0,0,0,0,2922521,0
2800426,10088,-966,1608,-877,-450,226,3915,-1883,117,-7,-3576,19376,82,33,79,16,0,0,0,0,0,0,0,-32287,0,0,0,0,0,2922536,0
2800431,10178,-1212,1942,-954,-340,145,3495,-1844,121,-8,-3504,19376,82,33,79,16,0,0,0,0,0,0,0,-32287,0,0,0,0,0,2922541,0
2800436,10014,-1732,2534,-968,128,44,3090,-1779,138,0,-3376,19379,91,33,79,16,0,0,0,0,0,0,0,-32287,0,0,0,0,0,2922556,0
2800441,9664,-2174,2860,-952,386,36,2700,-1711,174,1,-3248,19379,91,33,79,16,0,0,0,0,0,0,0,-32287,0,0,0,0,0,2922561,0
2800446,9410,-2468,2778,-924,617,43,2330,-1623,210,-1,-3064,19379,95,33,79,16,0,0,0,0,0,0,0,-32287,0,0,0,0,0,2922576,0
2800451,8982,-2600,2452,-927,844,72,1975,-1542,241,1,-2896,19379,95,33,79,16,0,0,0,0,0,0,0,-32287,0,0,0,0,0,2922581,0
2800456,8324,-2914,1528,-860,1023,126,1639,-1475,256,0,-2752,19376,88,33,79,16,0,0,0,0,0,0,0,-32287,0,0,0,0,0,2922596,0
2800461,7648,-2582,1312,-941,1068,167,1318,-1405,264,-4,-2576,19376,88,33,79,16,0,0,0,0,0,0,0,-32286,0,0,0,0,0,2922601,0
2800466,7422,-2568,890,-956,1082,198,1015,-1323,268,-10,-2392,19373,81,33,79,16,0,0,0,0,0,0,0,-32287,0,0,0,0,0,2922616,0
2800471,7108,-2586,376,-1080,1070,262,731,-1239,263,-12,-2176,19373,81,33,79,16,0,0,0,0,0,0,0,-32287,0,0,0,0,0,2922621,0
2800476,6912,-2418,0,-1157,949,284,466,-1157,269,-10,-1984,19375,80,33,79,16,0,0,0,0,0,0,0,-32287,0,0,0,0,0,2922636,0
2800481,6844,-2370,38,-1069,813,245,224,-1059,284,-12,-1760,19375,80,33,79,16,0,0,0,0,0,0,0,-32287,0,0,0,0,0,2922641,0
2800486,6928,-2202,-90,-945,643,208,-1,-979,297,-3,-1576,19376,78,33,79,16,0,0,0,0,0,0,0,-32288,0,0,0,0,0,2922656,0
2800491,7146,-1958,-88,-871,513,140,-208,-897,301,-1,-1408,19376,78,33,79,16,0,0,0,0,0,0,0,-32288,0,0,0,0,0,2922661,0
2800496,7458,-1606,214,-1036,453,113,-400,-837,288,3,-1288,19377,72,33,79,16,0,0,0,0,0,0,0,-32287,0,0,0,0,0,2922676,0
2800501,7556,-1586,502,-1172,471,99,-578,-779,264,5,-1184,19377,72,33,79,16,0,0,0,0,0,0,0,-32287,0,0,0,0,0,2922681,0
2800506,7638,-1858,710,-1313,541,116,-744,-724,238,1,-1072,19376,64,33,79,16,0,0,0,0,0,0,0,-32287,0,0,0,0,0,2922696,0
2800511,7632,-1998,960,-1400,605,132,-899,-677,209,5,-984,19376,64,33,79,16,0,0,0,0,0,0,0,-32287,0,0,0,0,0,2922701,0
2800516,7692,-2432,1222,-1320,682,106,-1042,-625,182,1,-856,19376,77,33,79,16,0,0,0,0,0,0,0,-32287,0,0,0,0,0,2922716,0
2800521,7640,-2468,1202,-1244,715,129,-1176,-571,181,-3,-720,19376,77,33,79,16,0,0,0,0,0,0,0,-32287,0,0,0,0,0,2922721,0
2800526,7590,-2176,1346,-1198,743,92,-1301,-545,163,8,-696,19377,76,33,79,16,0,0,0,0,0,0,0,-32287,0,0,0,0,0,2922736,0
2800531,7734,-1972,1208,-1205,790,96,-1418,-509,147,3,-576,19377,76,33,79,16,0,0,0,0,0,0,0,-32287,0,0,0,0,0,2922741,0
2800536,7708,-1638,1012,-1261,828,84,-1523,-465,144,6,-488,19378,84,33,79,16,0,0,0,0,0,0,0,-32287,0,0,0,0,0,2922756,0
2800541,7610,-1700,1134,-1287,884,69,-1620,-425,143,14,-448,19378,84,33,79,16,0,0,0,0,0,0,0,-32287,0,0,0,0,0,2922761,0
2800546,7280,-1810,944,-1303,842,66,-1715,-408,126,13,-424,19379,76,33,79,16,0,0,0,0,0,0,0,-32287,0,0,0,0,0,2922776,0
2800551,7164,-1960,728,-1319,816,91,-1805,-397,110,0,-408,19379,76,33,79,16,0,0,0,0,0,0,0,-32286,0,0,0,0,0,2922781,0
2800556,6834,-1800,664,-1320,784,78,-1891,-367,81,-13,-328,19379,63,33,79,16,0,0,0,0,0,0,0,-32287,0,0,0,0,0,2922795,0
2800561,6572,-1732,658,-1317,754,69,-1968,-337,76,-13,-264,19379,63,33,79,16,0,0,0,0,0,0,0,-32287,0,0,0,0,0,2922800,0
2800566,6398,-1780,616,-1320,729,76,-2042,-322,74,-2,-240,19378,66,33,79,16,0,0,0,0,0,0,0,-32287,0,0,0,0,0,2922815,0
2800571,6212,-1682,630,-1355,726,94,-2114,-321,75,0,-232,19378,66,33,79,16,0,0,0,0,0,0,0,-32286,0,0,0,0,0,2922820,0
2800576,5956,-1742,556,-1303,734,58,-2183,-295,67,-5,-184,19378,70,33,79,16,0,0,0,0,0,0,0,-32287,0,0,0,0,0,2922835,0
2800581,5890,-1714,558,-1259,713,33,-2247,-286,53,0,-176,19378,70,33,79,16,0,0,0,0,0,0,0,-32287,0,0,0,0,0,2922840,0
2800586,5880,-1826,444,-1199,699,45,-2303,-247,57,-3,-112,19378,78,33,79,16,0,0,0,0,0,0,0,-32287,0,0,0,0,0,2922855,0
2800591,5754,-1786,472,-1178,692,77,-2352,-215,81,5,-104,19378,78,33,79,16,0,0,0,0,0,0,0,-32287,0,0,0,0,0,2922860,0
2800596,5776,-1826,386,-1228,724,91,-2393,-181,103,3,-88,19378,73,33,79,16,0,0,0,0,0,0,0,-32287,0,0,0,0,0,2922875,0
2800601,5608,-1630,502,-1206,709,64,-2427,-146,108,3,-48,19378,73,33,79,16,0,0,0,0,0,0,0,-32287,0,0,0,0,0,2922880,0
2800606,5792,-1896,398,-1168,711,90,-2452,-111,122,0,-56,19376,71,33,79,16,0,0,0,0,0,0,0,-32287,0,0,0,0,0,2922895,0
2800611,5604,-1828,496,-1155,688,85,-2479,-112,103,-1,-40,19376,71,33,79,16,0,0,0,0,0,0,0,-32287,0,0,0,0,0,2922900,0
2800616,5902,-1864,470,-1076,644,80,-2498,-89,91,-5,-32,19376,73,33,79,16,0,0,0,0,0,0,0,-32287,0,0,0,0,0,2922915,0
2800621,5902,-1912,514,-1067,589,74,-2515,-76,73,0,-40,19376,73,33,79,16,0,0,0,0,0,0,0,-32287,0,0,0,0,0,2922920,0
2800626,6068,-1910,500,-1068,568,69,-2532,-84,51,0,-40,19377,86,33,79,16,0,0,0,0,0,0,0,-32287,0,0,0,0,0,2922935,0
2800631,6232,-1862,556,-1050,553,46,-2542,-39,44,-6,-8,19377,86,33,79,16,0,0,0,0,0,0,0,-32287,0,0,0,0,0,2922940,0
2800636,6572,-2080,600,-980,513,21,-2540,5,67,-7,8,19379,82,33,79,16,0,0,0,0,0,0,0,-32287,0,0,0,0,0,2922955,0
2800641,6516,-2152,634,-961,474,23,-2535,17,89,1,8,19379,82,33,79,16,0,0,0,0,0,0,0,-32287,0,0,0,0,0,2922960,0
2800646,6594,-2190,646,-946,429,24,-2534,-6,84,5,0,19378,69,33,79,16,0,0,0,0,0,0,0,-32287,0,0,0,0,0,2922975,0
2800651,6736,-2158,640,-917,399,21,-2534,-8,54,1,0,19378,69,33,79,16,0,0,0,0,0,0,0,-32287,0,0,0,0,0,2922980,0
2800656,6864,-2082,802,-885,366,9,-2533,-1,7,-2,0,19378,53,33,79,16,0,0,0,0,0,0,0,-32287,0,0,0,0,0,2922995,0
2800661,6872,-2076,894,-877,356,7,-2533,3,-15,0,0,19378,53,33,79,16,0,0,0,0,0,0,0,-32287,0,0,0,0,0,2923000,0
2800666,6936,-1994,888,-845,347,17,-2535,0,-6,0,-8,19379,57,33,79,16,0,0,0,0,0,0,0,-32286,0,0,0,0,0,2923015,0
2800671,6934,-1942,948,-831,335,6,-2532,4,-3,0,-8,19379,57,33,79,16,0,0,0,0,0,0,0,-32287,0,0,0,0,0,2923020,0
2800676,7062,-1844,966,-803,329,7,-2535,-2,3,0,-8,19379,69,33,79,16,0,0,0,0,0,0,0,-32287,0,0,0,0,0,2923035,0
2800681,7134,-1752,990,-780,333,17,-2535,-5,3,0,0,19379,69,33,79,16,0,0,0,0,0,0,0,-32287,0,0,0,0,0,2923040,0
2800686,7208,-1700,998,-769,332,26,-2534,1,-5,-1,-8,19378,79,33,79,16,0,0,0,0,0,0,0,-32287,0,0,0,0,0,2923055,0
2800691,7220,-1712,1018,-766,321,16,-2535,-3,4,1,0,19378,79,33,79,16,0,0,0,0,0,0,0,-32287,0,0,0,0,0,2923060,0
2800696,7374,-1650,994,-753,323,35,-2535,-5,1,0,-8,19379,75,33,79,16,0,0,0,0,0,0,0,-32287,0,0,0,0,0,2923075,0
2800701,7422,-1612,990,-770,302,37,-2533,4,0,0,-8,19379,75,33,79,16,0,0,0,0,0,0,0,-32287,0,0,0,0,0,2923080,0
2800706,7514,-1556,980,-778,291,52,-2533,0,3,0,-8,19379,75,33,79,16,0,0,0,0,0,0,0,-32287,0,0,0,0,0,2923095,0
2800711,7576,-1514,992,-817,274,63,-2533,0,5,-1,0,19379,75,33,79,16,0,0,0,0,0,0,0,-32287,0,0,0,0,0,2923100,0
2800716,7862,-1514,1088,-889,285,87,-2533,-3,-3,0,0,19377,81,33,79,16,0,0,0,0,0,0,0,-32287,0,0,0,0,0,2923115,0
2800721,7940,-1424,1262,-916,301,98,-2532,1,-1,0,0,19377,81,33,79,16,0,0,0,0,0,0,0,-32287,0,0,0,0,0,2923120,0
2800726,8180,-1348,1370,-904,312,91,-2532,2,1,0,0,19377,80,33,79,16,0,0,0,0,0,0,0,-32287,0,0,0,0,0,2923135,0
2800731,8336,-1340,1464,-879,324,89,-2532,-1,3,0,0,19377,80,33,79,16,0,0,0,0,0,0,0,-32287,0,0,0,0,0,2923140,0
2800736,8844,-1090,1628,-829,352,47,-2530,0,0,0,0,19377,79,33,79,16,0,0,0,0,0,0,0,-32287,0,0,0,0,0,2923155,0
2800741,9014,-1096,1684,-846,372,41,-2532,-8,-1,1,-8,19377,79,33,79,16,0,0,0,0,0,0,0,-32287,0,0,0,0,0,2923160,0
2800746,8952,-882,1648,-988,448,51,-2531,-2,1,-2,0,19380,71,33,79,16,0,0,0,0,0,0,0,-32287,0,0,0,0,0,2923175,0
2800751,9240,-772,1636,-1062,510,34,-2529,5,0,-1,8,19380,71,33,79,16,0,0,0,0,0,0,0,-32287,0,0,0,0,0,2923180,0
2800756,9112,-710,1346,-1129,531,-27,-2528,1,6,0,0,19379,69,33,79,16,0,0,0,0,0,0,0,-32287,0,0,0,0,0,2923195,0
2800761,9194,-732,1126,-1155,562,-33,-2527,0,6,0,0,19379,69,33,79,16,0,0,0,0,0,0,0,-32287,0,0,0,0,0,2923200,0
2800766,8954,-590,1138,-1227,538,-55,-2527,4,2,0,0,19376,78,33,79,16,0,0,0,0,0,0,0,-32287,0,0,0,0,0,2923215,0
2800771,9066,-626,1058,-1278,527,-78,-2527,1,2,0,0,19376,78,33,79,16,0,0,0,0,0,0,0,-32287,0,0,0,0,0,2923220,0
2800776,9044,-700,1484,-1245,526,-146,-2525,-1,-2,0,0,19379,83,33,79,16,0,0,0,0,0,0,0,-32287,0,0,0,0,0,2923235,0
2800781,8994,-704,1562,-1236,514,-175,-2524,3,0,0,0,19379,83,33,79,16,0,0,0,0,0,0,0,-32287,0,0,0,0,0,2923240,0
2800786,9028,-610,1676,-1302,562,-188,-2523,4,4,0,0,19377,90,33,79,16,0,0,0,0,0,0,0,-32287,0,0,0,0,0,2923255,0
2800791,8968,-598,1750,-1397,630,-202,-2522,1,1,0,0,19377,90,33,79,16,0,0,0,0,0,0,0,-32287,0,0,0,0,0,2923260,0
2800796,8848,-1084,2044,-1580,833,-185,-2522,1,0,0,0,19377,73,33,79,16,0,0,0,0,0,0,0,-32287,0,0,0,0,0,2923274,0
2800801,8674,-1332,2174,-1666,941,-161,-2519,9,4,-1,0,19377,73,33,79,16,0,0,0,0,0,0,0,-32287,0,0,0,0,0,2923279,0
2800806,8560,-1652,2252,-1732,1056,-126,-2515,17,7,-2,8,19376,73,33,79,16,0,0,0,0,0,0,0,-32287,0,0,0,0,0,2923294,0
2800811,8354,-1864,2302,-1775,1155,-87,-2508,27,21,-2,16,19376,73,33,79,16,0,0,0,0,0,0,0,-32286,0,0,0,0,0,2923299,0
2800816,8118,-2078,2172,-1711,1267,-89,-2492,63,33,-4,40,19376,75,33,79,16,0,0,0,0,0,0,0,-32287,0,0,0,0,0,2923314,0
2800821,8062,-2104,1920,-1556,1203,-145,-2463,143,77,-10,80,19376,75,33,79,16,0,0,0,0,0,0,0,-32287,0,0,0,0,0,2923319,0
2800826,7974,-2164,1534,-1373,1054,-185,-2420,194,129,-6,136,19377,78,33,79,16,0,0,0,0,0,0,0,-32287,0,0,0,0,0,2923334,0
2800831,7966,-1646,1268,-1208,842,-288,-2360,268,175,-5,224,19377,78,33,79,16,0,0,0,0,0,0,0,-32287,0,0,0,0,0,2923339,0
2800836,8276,-1108,902,-1099,474,-435,-2286,333,211,0,312,19376,80,33,79,16,0,0,0,0,0,0,0,-32287,0,0,0,0,0,2923354,0
2800841,8664,-1064,942,-1149,338,-488,-2200,383,229,-2,400,19376,80,33,79,16,0,0,0,0,0,0,0,-32287,0,0,0,0,0,2923359,0
2800846,8944,-1314,1256,-1270,242,-519,-2108,405,202,-7,456,19376,78,33,79,16,0,0,0,0,0,0,0,-32287,0,0,0,0,0,2923374,0
2800851,9504,-1702,1648,-1406,152,-559,-2012,430,166,-4,496,19376,78,33,79,16,0,0,0,0,0,0,0,-32287,0,0,0,0,0,2923379,0
2800856,10648,-3208,2534,-1625,211,-525,-1915,429,115,-1,504,19376,74,33,79,16,0,0,0,0,0,0,0,-32287,0,0,0,0,0,2923394,0
2800861,11380,-4084,2620,-1673,245,-491,-1812,446,75,-3,544,19376,74,33,79,16,0,0,0,0,0,0,0,-32287,0,0,0,0,0,2923399,0
2800866,11670,-4480,2638,-1716,216,-478,-1699,491,67,-1,664,19377,68,33,79,16,0,0,0,0,0,0,0,-32287,0,0,0,0,0,2923414,0
2800871,12126,-5288,2184,-1734,183,-428,-1587,506,73,2,696,19377,68,33,79,16,0,0,0,0,0,0,0,-32287,0,0,0,0,0,2923419,0
2800876,11932,-6272,1966,-1792,201,-306,-1471,515,70,-1,720,19379,75,33,79,16,0,0,0,0,0,0,0,-32286,0,0,0,0,0,2923434,0
2800881,12210,-6874,1632,-1512,16,-369,-1346,554,71,-8,840,19379,75,33,79,16,0,0,0,0,0,0,0,-32287,0,0,0,0,0,2923439,0
2800886,11942,-6736,1726,-1154,51,-382,-1213,581,82,7,872,19378,76,33,79,16,0,0,0,0,0,0,0,-32287,0,0,0,0,0,2923454,0
2800891,11310,-6288,2050,-1011,106,-414,-1078,594,82,15,880,19378,76,33,79,16,0,0,0,0,0,0,0,-32287,0,0,0,0,0,2923459,0
2800896,10374,-6294,2418,-1002,466,-454,-942,606,86,1,904,19377,73,33,79,16,0,0,0,0,0,0,0,-32287,0,0,0,0,0,2923474,0
2800901,9732,-6700,2406,-862,588,-487,-799,625,66,-2,936,19377,73,33,79,16,0,0,0,0,0,0,0,-32286,0,0,0,0,0,2923479,0
2800906,9108,-7010,2344,-686,661,-523,-657,621,52,6,896,19376,71,33,79,16,0,0,0,0,0,0,0,-32286,0,0,0,0,0,2923494,0
2800911,8614,-7406,2146,-541,720,-553,-515,625,38,-4,912,19376,71,33,79,16,0,0,0,0,0,0,0,-32287,0,0,0,0,0,2923499,0
2800916,7372,-7938,1396,-232,640,-554,-369,642,26,0,944,19376,71,33,79,16,0,0,0,0,0,0,0,-32287,0,0,0,0,0,2923514,0
2800921,6584,-8072,1082,-93,549,-520,-228,622,11,10,880,19376,71,33,79,16,0,0,0,0,0,0,0,-32287,0,0,0,0,0,2923519,0
2800926,6058,-8174,770,67,393,-480,-86,621,3,1,888,19377,77,33,79,16,0,0,0,0,0,0,0,-32287,0,0,0,0,0,2923534,0
2800931,5450,-7980,554,257,227,-450,55,629,-6,-2,912,19377,77,33,79,16,0,0,0,0,0,0,0,-32287,0,0,0,0,0,2923539,0
2800936,4522,-7106,330,591,-9,-328,196,616,-5,4,872,19377,78,33,79,16,0,0,0,0,0,0,0,-32287,0,0,0,0,0,2923554,0
2800941,4310,-6690,358,647,-34,-252,334,608,-17,1,864,19377,78,33,79,16,0,0,0,0,0,0,0,-32287,0,0,0,0,0,2923559,0
2800946,3724,-6158,264,733,-142,-245,470,603,-14,1,856,19375,74,33,79,16,0,0,0,0,0,0,0,-32287,0,0,0,0,0,2923574,0
2800951,3848,-5950,-28,867,-235,-213,607,602,-20,0,848,19375,74,33,79,16,0,0,0,0,0,0,0,-32287,0,0,0,0,0,2923579,0
2800956,3250,-5036,120,811,-222,-116,742,592,-23,-1,840,19373,72,33,79,16,0,0,0,0,0,0,0,-32287,0,0,0,0,0,2923594,0
2800961,3306,-4640,-28,854,-270,-131,875,588,-18,-8,840,19373,72,33,79,16,0,0,0,0,0,0,0,-32286,0,0,0,0,0,2923599,0
2800966,3586,-4222,-134,979,-273,-143,1010,603,-19,-9,896,19374,75,33,79,16,0,0,0,0,0,0,0,-32287,0,0,0,0,0,2923614,0
2800971,3562,-4178,-266,953,-207,-56,1145,601,-6,-3,888,19374,75,33,79,16,0,0,0,0,0,0,0,-32287,0,0,0,0,0,2923619,0
2800976,3542,-3858,-242,765,-48,53,1282,605,4,-6,912,19374,78,33,79,16,0,0,0,0,0,0,0,-32287,0,0,0,0,0,2923634,0
2800981,3478,-3784,-378,811,-71,93,1429,643,28,-10,1016,19374,78,33,79,16,0,0,0,0,0,0,0,-32287,0,0,0,0,0,2923639,0
2800986,3116,-4332,-140,778,24,225,1585,687,62,-10,1128,19374,75,33,79,16,0,0,0,0,0,0,0,-32287,0,0,0,0,0,2923654,0
2800991,2926,-4466,-674,855,-291,238,1753,742,100,-8,1280,19374,75,33,79,16,0,0,0,0,0,0,0,-32287,0,0,0,0,0,2923659,0
2800996,3864,-3796,-1056,1307,-757,236,1933,797,142,-7,1368,19373,66,33,79,16,0,0,0,0,0,0,0,-32287,0,0,0,0,0,2923674,0
2801001,4348,-3246,-1244,1205,-1003,265,2118,817,154,8,1408,19373,66,33,79,16,0,0,0,0,0,0,0,-32286,0,0,0,0,0,2923679,0
2801006,5084,-2820,-1190,947,-1139,288,2306,834,140,0,1424,19375,63,33,79,16,0,0,0,0,0,0,0,-32287,0,0,0,0,0,2923694,0
2801011,5660,-2920,-908,736,-1214,352,2494,820,97,8,1384,19375,63,33,79,16,0,0,0,0,0,0,0,-32287,0,0,0,0,0,2923699,0
2801016,6750,-3476,-40,302,-1257,514,2678,813,48,3,1368,19376,72,33,79,16,0,0,0,0,0,0,0,-32287,0,0,0,0,0,2923714,0
2801021,7202,-3854,516,139,-1154,623,2860,797,0,5,1320,19376,72,33,79,16,0,0,0,0,0,0,0,-32287,0,0,0,0,0,2923719,0
2801026,7526,-4080,998,38,-1046,683,3038,782,-30,4,1272,19377,76,33,79,16,0,0,0,0,0,0,0,-32287,0,0,0,0,0,2923734,0
2801031,7940,-4228,1304,-6,-925,731,3210,755,-51,5,1192,19377,76,33,79,16,0,0,0,0,0,0,0,-32286,0,0,0,0,0,2923739,0
2801036,8046,-4452,1168,-63,-764,771,3379,741,-59,2,1152,19376,76,33,79,16,0,0,0,0,0,0,0,-32287,0,0,0,0,0,2923754,0
2801041,7882,-4512,980,-30,-748,763,3539,702,-76,10,1040,19376,76,33,79,16,0,0,0,0,0,0,0,-32287,0,0,0,0,0,2923758,0
2801046,7944,-4576,798,101,-732,734,3692,676,-84,3,1000,19381,70,33,79,16,0,0,0,0,0,0,0,-32287,0,0,0,0,0,2923773,0
2801051,7908,-4508,852,255,-705,686,3806,631,-108,3,888,19381,70,33,79,16,0,0,0,0,0,0,0,-32287,0,0,0,0,0,2923778,0
2801056,7930,-3982,1058,457,-404,521,3939,578,-131,10,744,19384,70,33,79,16,0,0,0,0,0,0,0,-32287,0,0,0,0,0,2923793,0
2801061,7552,-3724,530,428,-318,477,4063,534,-148,-1,648,19384,70,33,79,16,0,0,0,0,0,0,0,-32287,0,0,0,0,0,2923798,0
2801066,7236,-3584,-78,343,-325,401,4177,495,-153,-7,528,19389,75,33,79,16,0,0,0,0,0,0,0,-32287,0,0,0,0,0,2923813,0
2801071,6804,-3788,-784,286,-444,337,4277,433,-169,1,384,19389,75,33,79,16,0,0,0,0,0,0,0,-32286,0,0,0,0,0,2923818,0
2801076,6276,-3824,-694,324,-635,227,4361,367,-185,4,264,19387,76,33,79,16,0,0,0,0,0,0,0,-32287,0,0,0,0,0,2923833,0
2801081,6310,-4000,-668,309,-775,163,4435,319,-189,5,192,19387,76,33,79,16,0,0,0,0,0,0,0,-32287,0,0,0,0,0,2923838,0
2801086,6194,-4160,-608,316,-883,136,4501,288,-181,0,152,19383,69,33,79,16,0,0,0,0,0,0,0,-32287,0,0,0,0,0,2923853,0
2801091,6152,-4288,-480,393,-1011,94,4559,262,-165,-3,128,19383,69,33,79,16,0,0,0,0,0,0,0,-32287,0,0,0,0,0,2923858,0
2801096,6112,-4724,-206,534,-1182,95,4609,215,-133,-8,88,19378,68,33,79,16,0,0,0,0,0,0,0,-32287,0,0,0,0,0,2923873,0
2801101,6206,-4756,-80,456,-1151,158,4644,151,-135,-5,40,19378,68,33,79,16,0,0,0,0,0,0,0,-32287,0,0,0,0,0,2923878,0
2801106,6320,-4524,122,395,-1159,166,4665,97,-160,-9,32,19378,71,33,79,16,0,0,0,0,0,0,0,-32287,0,0,0,0,0,2923893,0
2801111,6620,-4754,254,467,-1107,173,4682,70,-163,0,16,19378,71,33,79,16,0,0,0,0,0,0,0,-32287,0,0,0,0,0,2923898,0
2801116,6810,-4712,376,864,-1159,172,4687,20,-166,5,-8,19379,75,33,79,16,0,0,0,0,0,0,0,-32287,0,0,0,0,0,2923913,0
2801121,7022,-4312,404,1035,-1140,166,4682,-26,-155,0,-16,19379,75,33,79,16,0,0,0,0,0,0,0,-32287,0,0,0,0,0,2923918,0
2801126,7220,-3936,414,1095,-1110,180,4679,-14,-117,-4,-8,19376,77,33,79,16,0,0,0,0,0,0,0,-32287,0,0,0,0,0,2923933,0
2801131,7428,-3574,380,1084,-1034,217,4679,0,-77,-3,0,19376,77,33,79,16,0,0,0,0,0,0,0,-32287,0,0,0,0,0,2923938,0
2801136,7572,-3352,370,1014,-921,310,4680,12,-25,0,0,19374,74,33,79,16,0,0,0,0,0,0,0,-32287,0,0,0,0,0,2923953,0
2801141,7616,-3324,310,1048,-889,299,4681,1,10,0,0,19374,74,33,79,16,0,0,0,0,0,0,0,-32287,0,0,0,0,0,2923966,0
2801146,7788,-3176,202,1129,-848,328,4681,-1,20,0,0,19373,75,33,79,16,0,0,0,0,0,0,0,-32287,0,0,0,0,0,2923973,0
2801151,7622,-2796,250,1156,-858,329,4680,3,0,0,0,19373,75,33,79,16,0,0,0,0,0,0,0,-32287,0,0,0,0,0,2923978,0
2801156,7708,-2522,122,961,-756,375,4683,11,-4,-2,0,19371,76,33,79,16,0,0,0,0,0,0,0,-32287,0,0,0,0,0,2923993,0
2801161,7592,-2636,56,840,-694,409,4684,11,3,-2,0,19371,76,33,79,16,0,0,0,0,0,0,0,-32287,0,0,0,0,0,2923998,0
2801166,7470,-2858,-58,693,-642,504,4686,11,10,-3,8,19372,66,33,79,16,0,0,0,0,0,0,0,-32287,0,0,0,0,0,2924013,0
2801171,7266,-2816,2,541,-571,576,4693,33,11,-4,24,19372,66,33,79,16,0,0,0,0,0,0,0,-32287,0,0,0,0,0,2924018,0
2801176,7092,-3096,22,740,-560,566,4709,73,30,-7,48,19376,75,33,79,16,0,0,0,0,0,0,0,-32287,0,0,0,0,0,2924033,0
2801181,7044,-3044,-126,1033,-700,512,4743,168,86,-15,120,19376,75,33,79,16,0,0,0,0,0,0,0,-32287,0,0,0,0,0,2924038,0
2801186,7120,-2864,-294,1281,-804,493,4794,226,144,-2,168,19378,74,33,79,16,0,0,0,0,0,0,0,-32287,0,0,0,0,0,2924053,0
2801191,7166,-2268,-466,1376,-949,447,4861,300,211,-4,304,19378,74,33,79,16,0,0,0,0,0,0,0,-32287,0,0,0,0,0,2924058,0
2801196,7484,-1472,-614,1408,-1084,334,4947,380,245,-5,408,19376,66,33,79,16,0,0,0,0,0,0,0,-32287,0,0,0,0,0,2924073,0
2801201,7674,-1368,-628,1385,-1143,280,5043,432,256,-11,512,19376,66,33,79,16,0,0,0,0,0,0,0,-32287,0,0,0,0,0,2924078,0
2801206,7814,-1368,-538,1331,-1160,249,5146,449,223,1,544,19373,59,33,79,16,0,0,0,0,0,0,0,-32287,0,0,0,0,0,2924093,0
2801211,7938,-1126,-308,1216,-1140,200,5252,468,171,8,584,19373,59,33,79,16,0,0,0,0,0,0,0,-32287,0,0,0,0,0,2924098,0
2801216,7932,-1182,76,841,-925,227,5358,458,110,4,552,19376,64,33,79,16,0,0,0,0,0,0,0,-32287,0,0,0,0,0,2924113,0
2801221,7982,-1410,70,684,-852,218,5464,468,56,-3,584,19376,64,33,79,16,0,0,0,0,0,0,0,-32287,0,0,0,0,0,2924118,0
2801226,7890,-1760,102,616,-800,241,5570,463,20,9,544,19378,70,33,79,16,0,0,0,0,0,0,0,-32287,0,0,0,0,0,2924133,0
2801231,7778,-2044,308,657,-778,207,5667,432,-12,0,480,19378,70,33,79,16,0,0,0,0,0,0,0,-32287,0,0,0,0,0,2924138,0
2801236,7816,-2058,522,790,-679,209,5759,400,-40,3,416,19378,72,33,79,16,0,0,0,0,0,0,0,-32287,0,0,0,0,0,2924153,0
2801241,7896,-2044,568,772,-611,188,5847,379,-69,10,336,19378,72,33,79,16,0,0,0,0,0,0,0,-32287,0,0,0,0,0,2924161,0
2801246,7850,-1948,546,717,-526,186,5927,363,-83,9,312,19376,72,33,79,16,0,0,0,0,0,0,0,-32287,0,0,0,0,0,2924176,0
2801251,7872,-2006,460,676,-443,200,6004,338,-84,9,240,19376,72,33,79,16,0,0,0,0,0,0,0,-32287,0,0,0,0,0,2924181,0
2801256,7736,-2152,310,653,-396,197,6073,305,-88,9,176,19375,70,33,79,16,0,0,0,0,0,0,0,-32287,0,0,0,0,0,2924196,0
2801261,7934,-2134,148,553,-304,232,6132,264,-91,-1,128,19375,70,33,79,16,0,0,0,0,0,0,0,-32287,0,0,0,0,0,2924200,0
2801266,7164,-2464,274,610,-262,234,6183,219,-111,-8,88,19375,82,33,79,16,0,0,0,0,0,0,0,-32287,0,0,0,0,0,2924215,0
2801271,7454,-2450,170,587,-276,275,6224,179,-136,-10,88,19375,82,33,79,16,0,0,0,0,0,0,0,-32287,0,0,0,0,0,2924220,0
2801276,7758,-2074,158,504,-218,297,6263,172,-127,-5,72,19377,83,33,79,16,0,0,0,0,0,0,0,-32287,0,0,0,0,0,2924235,0
2801281,7722,-2094,278,478,-180,289,6301,174,-106,-4,80,19377,83,33,79,16,0,0,0,0,0,0,0,-32287,0,0,0,0,0,2924240,0
2801286,7816,-2208,332,443,-89,318,6338,161,-66,0,88,19379,79,33,79,16,0,0,0,0,0,0,0,-32287,0,0,0,0,0,2924255,0
2801291,7848,-2092,396,464,-79,281,6380,193,-18,-5,104,19379,79,33,79,16,0,0,0,0,0,0,0,-32287,0,0,0,0,0,2924260,0
2801296,7760,-2240,176,620,-47,280,6428,209,13,2,120,19377,72,33,79,16,0,0,0,0,0,0,0,-32287,0,0,0,0,0,2924275,0
2801301,7756,-2154,-76,645,-33,282,6473,195,34,4,96,19377,72,33,79,16,0,0,0,0,0,0,0,-32287,0,0,0,0,0,2924280,0
2801306,7714,-2006,-296,649,-60,275,6519,201,30,-1,112,19377,58,33,79,16,0,0,0,0,0,0,0,-32287,0,0,0,0,0,2924295,0
2801311,7608,-1666,-404,616,-49,238,6570,224,26,-2,128,19377,58,33,79,16,0,0,0,0,0,0,0,-32287,0,0,0,0,0,2924300,0
2801316,7418,-1590,-624,517,-88,206,6620,229,19,5,128,19377,62,33,79,16,0,0,0,0,0,0,0,-32286,0,0,0,0,0,2924315,0
2801321,7548,-1672,-734,505,-90,184,6673,234,30,-3,152,19377,62,33,79,16,0,0,0,0,0,0,0,-32287,0,0,0,0,0,2924320,0
2801326,7498,-1776,-688,496,-130,135,6735,277,44,-5,208,19377,73,33,79,16,0,0,0,0,0,0,0,-32287,0,0,0,0,0,2924335,0
2801331,7638,-1840,-662,543,-105,110,6807,322,71,0,296,19377,73,33,79,16,0,0,0,0,0,0,0,-32286,0,0,0,0,0,2924340,0
2801336,7678,-2052,-486,621,-196,37,6889,365,107,-1,328,19377,77,33,79,16,0,0,0,0,0,0,0,-32287,0,0,0,0,0,2924355,0
2801341,7796,-2100,-470,594,-168,33,6976,374,123,0,352,19377,77,33,79,16,0,0,0,0,0,0,0,-32286,0,0,0,0,0,2924360,0
2801346,7904,-2088,-328,585,-149,30,7063,387,118,1,360,19376,79,33,79,16,0,0,0,0,0,0,0,-32287,0,0,0,0,0,2924375,0
2801351,7986,-2218,-190,559,-83,46,7154,390,81,-1,384,19376,79,33,79,16,0,0,0,0,0,0,0,-32287,0,0,0,0,0,2924380,0
2801356,8280,-2278,10,617,-14,31,7249,422,52,-11,464,19375,70,33,79,16,0,0,0,0,0,0,0,-32287,0,0,0,0,0,2924395,0
2801361,8254,-2204,102,647,3,30,7346,431,49,-5,480,19375,70,33,79,16,0,0,0,0,0,0,0,-32287,0,0,0,0,0,2924400,0
2801366,8302,-2138,120,623,53,48,7441,412,42,9,432,19377,67,33,79,16,0,0,0,0,0,0,0,-32287,0,0,0,0,0,2924415,0
2801371,8328,-2060,134,585,103,52,7535,410,23,9,400,19377,67,33,79,16,0,0,0,0,0,0,0,-32287,0,0,0,0,0,2924420,0
2801376,8170,-2080,188,520,199,36,7627,406,0,2,416,19378,66,33,79,16,0,0,0,0,0,0,0,-32287,0,0,0,0,0,2924435,0
2801381,8204,-2292,116,536,252,15,7719,412,-19,-8,448,19378,66,33,79,16,0,0,0,0,0,0,0,-32287,0,0,0,0,0,2924440,0
2801386,8004,-2340,110,564,272,-8,7813,409,-12,-3,416,19377,69,33,79,16,0,0,0,0,0,0,0,-32287,0,0,0,0,0,2924455,0
2801391,7992,-2462,0,570,302,-6,7905,399,-2,7,408,19377,69,33,79,16,0,0,0,0,0,0,0,-32287,0,0,0,0,0,2924460,0
2801396,7838,-2658,-100,588,329,-48,7999,407,2,-3,432,19376,71,33,79,16,0,0,0,0,0,0,0,-32287,0,0,0,0,0,2924475,0
2801401,7612,-2764,-110,609,301,-76,8094,421,4,0,440,19376,71,33,79,16,0,0,0,0,0,0,0,-32287,0,0,0,0,0,2924480,0
2801406,7732,-2944,-130,711,265,-93,8191,435,9,-6,496,19377,80,33,79,16,0,0,0,0,0,0,0,-32287,0,0,0,0,0,2924495,0
2801411,7634,-2990,-100,804,217,-123,8293,449,29,0,512,19377,80,33,79,16,0,0,0,0,0,0,0,-32287,0,0,0,0,0,2924500,0
2801416,7800,-2636,-94,909,109,-172,8396,454,38,-2,544,19379,80,33,79,16,0,0,0,0,0,0,0,-32287,0,0,0,0,0,2924515,0
2801421,7852,-2612,-84,934,102,-187,8497,442,33,1,504,19379,80,33,79,16,0,0,0,0,0,0,0,-32287,0,0,0,0,0,2924520,0
2801426,7848,-2386,-52,944,70,-224,8601,454,21,-2,544,19378,83,33,79,16,0,0,0,0,0,0,0,-32286,0,0,0,0,0,2924535,0
2801431,8116,-2200,-80,975,63,-264,8705,464,9,0,560,19378,83,33,79,16,0,0,0,0,0,0,0,-32286,0,0,0,0,0,2924540,0
2801436,8218,-1852,-28,1034,52,-324,8809,451,16,4,504,19378,75,33,79,16,0,0,0,0,0,0,0,-32287,0,0,0,0,0,2924555,0
2801441,8324,-1614,-64,1012,58,-336,8913,456,5,4,512,19378,75,33,79,16,0,0,0,0,0,0,0,-32287,0,0,0,0,0,2924560,0
2801446,8410,-1294,-138,952,98,-367,9011,431,-5,0,464,19377,70,33,79,16,0,0,0,0,0,0,0,-32287,0,0,0,0,0,2924575,0
2801451,8514,-1006,-204,907,116,-388,9107,425,-23,-4,456,19377,70,33,79,16,0,0,0,0,0,0,0,-32287,0,0,0,0,0,2924580,0
2801456,8520,-978,-276,880,172,-421,9206,431,-33,-4,464,19376,64,33,79,16,0,0,0,0,0,0,0,-32287,0,0,0,0,0,2924595,0
2801461,8444,-750,-336,821,197,-415,9299,411,-28,1,440,19376,64,33,79,16,0,0,0,0,0,0,0,-32287,0,0,0,0,0,2924600,0
2801466,8612,-592,-376,756,220,-412,9390,395,-29,4,384,19376,65,33,79,16,0,0,0,0,0,0,0,-32287,0,0,0,0,0,2924615,0
2801471,8586,-360,-340,647,250,-431,9475,383,-37,6,352,19376,65,33,79,16,0,0,0,0,0,0,0,-32287,0,0,0,0,0,2924620,0
2801476,8762,-274,-288,581,272,-495,9565,399,-36,-3,416,19377,73,33,79,16,0,0,0,0,0,0,0,-32286,0,0,0,0,0,2924635,0
2801481,8778,-380,-276,574,243,-526,9654,408,-23,-9,424,19377,73,33,79,16,0,0,0,0,0,0,0,-32286,0,0,0,0,0,2924640,0
2801486,8956,-504,-276,540,240,-538,9741,377,-6,6,360,19377,74,33,79,16,0,0,0,0,0,0,0,-32287,0,0,0,0,0,2924654,0
2801491,9042,-550,-226,491,234,-573,9828,376,-5,8,344,19377,74,33,79,16,0,0,0,0,0,0,0,-32288,0,0,0,0,0,2924659,0
2801496,9356,-1230,-334,400,322,-626,9913,377,-10,-2,360,19377,76,33,79,16,0,0,0,0,0,0,0,-32287,0,0,0,0,0,2924674,0
2801501,9596,-1868,-454,460,373,-649,10003,394,-9,-10,416,19377,76,33,79,16,0,0,0,0,0,0,0,-32286,0,0,0,0,0,2924679,0
2801506,9492,-2270,-478,561,381,-669,10096,408,3,-10,440,19378,75,33,79,16,0,0,0,0,0,0,0,-32287,0,0,0,0,0,2924694,0
2801511,9550,-2718,-582,642,356,-666,10185,389,23,0,392,19378,75,33,79,16,0,0,0,0,0,0,0,-32286,0,0,0,0,0,2924699,0
2801516,9682,-2986,-602,666,226,-690,10272,372,14,5,352,19382,79,33,79,16,0,0,0,0,0,0,0,-32287,0,0,0,0,0,2924714,0
2801521,9684,-3082,-498,643,157,-702,10355,366,-15,6,336,19382,79,33,79,16,0,0,0,0,0,0,0,-32287,0,0,0,0,0,2924719,0
2801526,9840,-3286,-446,648,84,-700,10436,354,-34,5,296,19383,81,33,79,16,0,0,0,0,0,0,0,-32287,0,0,0,0,0,2924734,0
2801531,9594,-3256,-262,597,-25,-693,10512,335,-47,7,248,19383,81,33,79,16,0,0,0,0,0,0,0,-32287,0,0,0,0,0,2924739,0
2801536,9442,-3312,-98,256,-181,-580,10579,289,-59,21,144,19381,73,33,79,16,0,0,0,0,0,0,0,-32287,0,0,0,0,0,2924754,0
2801541,9244,-3274,136,62,-244,-530,10629,213,-97,0,72,19381,73,33,79,16,0,0,0,0,0,0,0,-32287,0,0,0,0,0,2924759,0
2801546,8926,-2960,416,-54,-276,-526,10669,170,-144,-15,56,19379,83,33,79,16,0,0,0,0,0,0,0,-32287,0,0,0,0,0,2924774,0
2801551,8924,-2858,740,-170,-233,-473,10694,107,-179,-2,24,19379,83,33,79,16,0,0,0,0,0,0,0,-32287,0,0,0,0,0,2924779,0
2801556,8918,-2918,916,38,-468,-578,10704,38,-208,0,0,19379,83,33,79,16,0,0,0,0,0,0,0,-32287,0,0,0,0,0,2924794,0
2801561,8856,-2698,1076,275,-530,-634,10704,2,-213,2,0,19379,83,33,79,16,0,0,0,0,0,0,0,-32287,0,0,0,0,0,2924799,0
2801566,9108,-2408,954,343,-590,-668,10705,-1,-178,0,-8,19379,90,33,79,16,0,0,0,0,0,0,0,-32287,0,0,0,0,0,2924814,0
2801571,9296,-2074,806,230,-543,-691,10704,0,-129,0,-8,19379,90,33,79,16,0,0,0,0,0,0,0,-32287,0,0,0,0,0,2924819,0
2801576,9764,-2586,492,-37,-384,-771,10704,1,-63,0,-8,19377,79,33,79,16,0,0,0,0,0,0,0,-32287,0,0,0,0,0,2924834,0
2801581,9740,-3096,422,-131,-343,-795,10704,2,-18,0,-8,19377,79,33,79,16,0,0,0,0,0,0,0,-32287,0,0,0,0,0,2924839,0
2801586,9780,-3616,326,-226,-290,-816,10704,2,-3,0,-8,19376,72,33,79,16,0,0,0,0,0,0,0,-32287,0,0,0,0,0,2924854,0
2801591,9572,-4120,252,-325,-207,-807,10703,-1,4,1,-8,19376,72,33,79,16,0,0,0,0,0,0,0,-32286,0,0,0,0,0,2924859,0
2801596,8852,-4816,338,-440,-144,-804,10704,0,-1,0,-8,19376,74,33,79,16,0,0,0,0,0,0,0,-32287,0,0,0,0,0,2924874,0
2801601,8774,-5336,246,-498,-189,-738,10703,1,-3,0,-8,19376,74,33,79,16,0,0,0,0,0,0,0,-32287,0,0,0,0,0,2924879,0
2801606,8052,-5364,546,-663,-128,-658,10702,0,1,0,0,19376,77,33,79,16,0,0,0,0,0,0,0,-32287,0,0,0,0,0,2924894,0
2801611,7582,-5720,710,-798,-125,-589,10701,-4,-4,0,0,19376,77,33,79,16,0,0,0,0,0,0,0,-32287,0,0,0,0,0,2924899,0
2801616,6476,-6572,1302,-696,-130,-475,10700,-11,-3,0,-8,19378,70,33,79,16,0,0,0,0,0,0,0,-32287,0,0,0,0,0,2924914,0
2801621,7422,-5580,2180,195,-386,-911,10696,-19,-3,4,-32,19378,70,33,79,16,0,0,0,0,0,0,0,-32287,0,0,0,0,0,2924919,0
2801626,7848,-6668,2874,1807,-265,-1252,10668,-135,-48,19,-104,19376,64,33,79,16,0,0,0,0,0,0,0,-32287,0,0,0,0,0,2924934,0
2801631,5802,-7280,1394,2297,-728,-1025,10617,-235,-145,10,-200,19376,64,33,79,16,0,0,0,0,0,0,0,-32286,0,0,0,0,0,2924939,0
2801636,6248,-4764,1446,917,-335,-933,10536,-369,-252,20,-488,19376,72,33,79,16,0,0,0,0,0,0,0,-32287,0,0,0,0,0,2924954,0
2801641,5404,-5002,1384,260,-332,-828,10419,-525,-369,41,-920,19376,72,33,79,16,0,0,0,0,0,0,0,-32287,0,0,0,0,0,2924959,0
2801646,5072,-6342,1410,46,-307,-730,10268,-690,-454,20,-1320,19374,73,33,79,16,0,0,0,0,0,0,0,-32287,0,0,0,0,0,2924974,0
2801651,4536,-7354,1434,168,-422,-594,10072,-880,-513,12,-1752,19374,73,33,79,16,0,0,0,0,0,0,0,-32287,0,0,0,0,0,2924979,0
2801656,4020,-7226,2034,317,-362,-273,9837,-1053,-572,7,-2128,19375,80,33,79,16,0,0,0,0,0,0,0,-32287,0,0,0,0,0,2924994,0
2801661,4208,-7624,1778,319,-310,-26,9560,-1234,-610,7,-2528,19375,80,33,79,16,0,0,0,0,0,0,0,-32287,0,0,0,0,0,2924999,0
2801666,4088,-6942,2062,266,-230,172,9243,-1414,-622,5,-2904,19377,75,33,79,16,0,0,0,0,0,0,0,-32287,0,0,0,0,0,2925014,0
2801671,4478,-7212,1950,-38,4,533,8888,-1580,-626,-6,-3208,19377,75,33,79,16,0,0,0,0,0,0,0,-32286,0,0,0,0,0,2925019,0
2801676,4482,-7000,1264,215,-134,773,8502,-1710,-593,-17,-3432,19378,76,33,79,16,0,0,0,0,0,0,0,-32287,0,0,0,0,0,2925034,0
2801681,4878,-6206,1218,606,-215,863,8087,-1830,-559,-13,-3648,19378,76,33,79,16,0,0,0,0,0,0,0,-32287,0,0,0,0,0,2925039,0
2801686,5260,-4858,924,624,-269,927,7652,-1932,-496,-12,-3832,19375,77,33,79,16,0,0,0,0,0,0,0,-32287,0,0,0,0,0,2925054,0
2801691,6018,-3614,688,382,-214,971,7199,-1993,-417,-12,-3928,19375,77,33,79,16,0,0,0,0,0,0,0,-32287,0,0,0,0,0,2925059,0
2801696,6836,-2824,186,-88,-193,1042,6736,-2036,-329,-5,-4016,19371,75,33,79,16,0,0,0,0,0,0,0,-32287,0,0,0,0,0,2925074,0
2801701,7398,-2646,224,-166,-251,1051,6269,-2055,-249,3,-4056,19371,75,33,79,16,0,0,0,0,0,0,0,-32287,0,0,0,0,0,2925079,0
2801706,7884,-2272,492,-197,-314,1037,5799,-2069,-168,1,-4104,19372,80,33,79,16,0,0,0,0,0,0,0,-32287,0,0,0,0,0,2925093,0
2801711,8344,-1960,714,-186,-384,1015,5328,-2074,-95,-2,-4112,19372,80,33,79,16,0,0,0,0,0,0,0,-32287,0,0,0,0,0,2925098,0
2801716,9262,-1020,762,-446,-486,931,4858,-2071,-49,-8,-4064,19376,87,33,79,16,0,0,0,0,0,0,0,-32287,0,0,0,0,0,2925113,0
2801721,9754,-912,1058,-436,-528,812,4393,-2053,-15,-10,-4000,19376,87,33,79,16,0,0,0,0,0,0,0,-32287,0,0,0,0,0,2925118,0
2801726,10304,-916,1374,-289,-546,687,3931,-2029,14,-10,-3904,19377,88,33,79,16,0,0,0,0,0,0,0,-32287,0,0,0,0,0,2925133,0
2801731,10320,-772,1594,-134,-600,521,3480,-1986,50,-11,-3824,19377,88,33,79,16,0,0,0,0,0,0,0,-32286,0,0,0,0,0,2925138,0
2801736,10738,-140,2096,-164,-374,298,3042,-1923,90,-1,-3688,19377,78,33,79,16,0,0,0,0,0,0,0,-32287,0,0,0,0,0,2925153,0
2801741,10752,-266,2154,-323,-103,230,2618,-1861,144,3,-3584,19377,78,33,79,16,0,0,0,0,0,0,0,-32287,0,0,0,0,0,2925158,0
2801746,10670,-718,2370,-440,214,174,2209,-1796,187,6,-3456,19374,79,33,79,16,0,0,0,0,0,0,0,-32287,0,0,0,0,0,2925173,0
2801751,10206,-1268,2524,-497,416,116,1815,-1726,215,4,-3320,19374,79,33,79,16,0,0,0,0,0,0,0,-32286,0,0,0,0,0,2925178,0
2801756,9440,-2440,2242,-401,770,39,1434,-1672,222,1,-3192,19374,79,33,79,16,0,0,0,0,0,0,0,-32287,0,0,0,0,0,2925193,0
2801761,9002,-2634,1876,-342,909,39,1065,-1620,214,-7,-3064,19374,79,33,79,16,0,0,0,0,0,0,0,-32287,0,0,0,0,0,2925198,0
2801766,8370,-2722,1672,-374,1010,27,710,-1552,208,-8,-2904,19372,88,33,79,16,0,0,0,0,0,0,0,-32287,0,0,0,0,0,2925213,0
2801771,7934,-3068,994,-381,948,39,365,-1502,199,-10,-2768,19372,88,33,79,16,0,0,0,0,0,0,0,-32287,0,0,0,0,0,2925218,0
2801776,6740,-3074,430,-438,972,145,36,-1443,197,-13,-2608,19372,81,33,79,16,0,0,0,0,0,0,0,-32287,0,0,0,0,0,2925233,0
2801781,6456,-3336,10,-518,941,229,-276,-1372,200,-10,-2440,19372,81,33,79,16,0,0,0,0,0,0,0,-32287,0,0,0,0,0,2925238,0
2801786,6100,-3266,-8,-610,881,283,-568,-1284,231,-7,-2248,19374,84,33,79,16,0,0,0,0,0,0,0,-32287,0,0,0,0,0,2925253,0
2801791,5994,-3344,-38,-544,778,290,-839,-1188,258,-4,-2032,19374,84,33,79,16,0,0,0,0,0,0,0,-32287,0,0,0,0,0,2925258,0
2801796,5966,-3192,-60,-173,428,262,-1091,-1096,278,1,-1848,19374,75,33,79,16,0,0,0,0,0,0,0,-32287,0,0,0,0,0,2925273,0
2801801,6120,-2868,-38,-62,296,271,-1327,-1028,294,8,-1728,19374,75,33,79,16,0,0,0,0,0,0,0,-32287,0,0,0,0,0,2925278,0
2801806,6290,-2448,116,-89,191,279,-1548,-966,285,7,-1600,19377,71,33,79,16,0,0,0,0,0,0,0,-32287,0,0,0,0,0,2925293,0
2801811,6414,-2360,202,-241,207,359,-1757,-918,260,8,-1536,19377,71,33,79,16,0,0,0,0,0,0,0,-32287,0,0,0,0,0,2925298,0
2801816,6752,-2340,632,-562,308,458,-1955,-861,221,1,-1400,19378,73,33,79,16,0,0,0,0,0,0,0,-32287,0,0,0,0,0,2925313,0
2801821,6752,-2320,936,-553,349,483,-2143,-820,193,0,-1328,19378,73,33,79,16,0,0,0,0,0,0,0,-32287,0,0,0,0,0,2925318,0
2801826,7024,-2364,1132,-404,340,482,-2321,-785,173,0,-1248,19378,73,33,79,16,0,0,0,0,0,0,0,-32287,0,0,0,0,0,2925333,0
2801831,7220,-2198,1156,-274,336,506,-2490,-739,157,-2,-1144,19378,73,33,79,16,0,0,0,0,0,0,0,-32287,0,0,0,0,0,2925338,0
2801836,7578,-1444,1012,-377,406,557,-2651,-705,151,-2,-1080,19376,75,33,79,16,0,0,0,0,0,0,0,-32287,0,0,0,0,0,2925353,0
2801841,7726,-1012,1184,-483,504,561,-2805,-673,133,-2,-1008,19376,75,33,79,16,0,0,0,0,0,0,0,-32287,0,0,0,0,0,2925358,0
2801846,7820,-912,1262,-558,566,556,-2951,-628,122,-4,-888,19376,73,33,79,16,0,0,0,0,0,0,0,-32287,0,0,0,0,0,2925373,0
2801851,7902,-848,1282,-574,618,547,-3090,-600,120,-3,-824,19376,73,33,79,16,0,0,0,0,0,0,0,-32287,0,0,0,0,0,2925378,0
2801856,7908,-570,1218,-509,703,456,-3221,-578,112,-2,-768,19376,76,33,79,16,0,0,0,0,0,0,0,-32287,0,0,0,0,0,2925393,0
2801861,7936,-530,1120,-492,764,421,-3343,-533,121,-2,-632,19376,76,33,79,16,0,0,0,0,0,0,0,-32287,0,0,0,0,0,2925398,0
2801866,7942,-376,1024,-556,822,399,-3452,-482,131,10,-544,19377,67,33,79,16,0,0,0,0,0,0,0,-32286,0,0,0,0,0,2925413,0
2801871,7802,-304,988,-646,868,362,-3553,-442,137,13,-440,19377,67,33,79,16,0,0,0,0,0,0,0,-32287,0,0,0,0,0,2925418,0
2801876,7586,-578,996,-686,953,296,-3645,-411,145,6,-376,19376,67,33,79,16,0,0,0,0,0,0,0,-32287,0,0,0,0,0,2925433,0
2801881,7492,-736,904,-639,982,271,-3725,-339,157,-19,-232,19376,67,33,79,16,0,0,0,0,0,0,0,-32287,0,0,0,0,0,2925438,0
2801886,7264,-692,894,-620,994,249,-3788,-273,166,-16,-120,19375,59,33,79,16,0,0,0,0,0,0,0,-32286,0,0,0,0,0,2925453,0
2801891,7058,-458,760,-628,1029,221,-3836,-196,189,7,-80,19375,59,33,79,16,0,0,0,0,0,0,0,-32287,0,0,0,0,0,2925458,0
2801896,6888,-342,468,-789,1040,203,-3871,-149,218,14,-48,19374,67,33,79,16,0,0,0,0,0,0,0,-32287,0,0,0,0,0,2925473,0
2801901,6606,-432,376,-814,1056,212,-3895,-115,223,5,-48,19374,67,33,79,16,0,0,0,0,0,0,0,-32287,0,0,0,0,0,2925478,0
2801906,6456,-378,320,-808,974,165,-3909,-56,194,-6,-16,19376,72,33,79,16,0,0,0,0,0,0,0,-32287,0,0,0,0,0,2925493,0
2801911,6426,-290,188,-821,999,166,-3907,21,189,-10,16,19376,72,33,79,16,0,0,0,0,0,0,0,-32287,0,0,0,0,0,2925498,0
2801916,6144,-60,234,-995,1008,185,-3899,36,178,-1,16,19376,64,33,79,16,0,0,0,0,0,0,0,-32287,0,0,0,0,0,2925512,0
2801921,6254,32,328,-1062,1064,178,-3894,20,147,2,-8,19376,64,33,79,16,0,0,0,0,0,0,0,-32287,0,0,0,0,0,2925517,0
2801926,6106,220,318,-1062,1054,104,-3897,-8,88,0,-8,19377,59,33,79,16,0,0,0,0,0,0,0,-32287,0,0,0,0,0,2925532,0
2801931,6194,46,116,-1031,1015,74,-3895,2,16,-1,0,19377,59,33,79,16,0,0,0,0,0,0,0,-32287,0,0,0,0,0,2925537,0
2801936,6104,136,74,-1107,976,19,-3897,-5,-29,-1,0,19377,52,33,79,16,0,0,0,0,0,0,0,-32287,0,0,0,0,0,2925552,0
2801941,6282,4,394,-1138,1070,20,-3894,1,-18,0,-8,19377,52,33,79,16,0,0,0,0,0,0,0,-32287,0,0,0,0,0,2925557,0
2801946,6126,-12,622,-1148,1073,-18,-3896,-15,-8,0,-8,19377,56,33,79,16,0,0,0,0,0,0,0,-32287,0,0,0,0,0,2925572,0
2801951,6138,-228,552,-1160,1047,-28,-3895,3,6,-1,8,19377,56,33,79,16,0,0,0,0,0,0,0,-32287,0,0,0,0,0,2925577,0
2801956,5408,-50,658,-2063,1434,248,-3885,38,7,-4,24,19378,58,33,79,16,0,0,0,0,0,0,0,-32287,0,0,0,0,0,2925592,0
2801961,6216,-24,1190,-1992,1569,163,-3870,78,46,-4,40,19378,58,33,79,16,0,0,0,0,0,0,0,-32287,0,0,0,0,0,2925597,0
2801966,6164,-976,1378,-1861,1788,164,-3839,147,88,-12,104,19377,72,33,79,16,0,0,0,0,0,0,0,-32287,0,0,0,0,0,2925612,0
2801971,5676,-542,1356,-1667,1494,22,-3788,240,154,-12,184,19377,72,33,79,16,0,0,0,0,0,0,0,-32287,0,0,0,0,0,2925617,0
2801976,6692,-350,398,-1219,1141,-242,-3709,359,229,-11,416,19378,74,33,79,16,0,0,0,0,0,0,0,-32287,0,0,0,0,0,2925632,0
2801981,7184,-276,50,-1117,919,-372,-3605,466,309,-25,656,19378,74,33,79,16,0,0,0,0,0,0,0,-32287,0,0,0,0,0,2925637,0
2801986,7470,32,-44,-1115,632,-485,-3480,553,357,-5,872,19376,79,33,79,16,0,0,0,0,0,0,0,-32287,0,0,0,0,0,2925652,0
2801991,7780,-122,-60,-1184,401,-612,-3342,614,349,20,984,19376,79,33,79,16,0,0,0,0,0,0,0,-32287,0,0,0,0,0,2925657,0
2801996,8442,-768,132,-1178,0,-855,-3189,684,312,9,1136,19374,79,33,79,16,0,0,0,0,0,0,0,-32286,0,0,0,0,0,2925672,0
2802001,8668,-1316,326,-1130,-184,-943,-3027,714,247,7,1152,19374,79,33,79,16,0,0,0,0,0,0,0,-32287,0,0,0,0,0,2925677,0
2802006,8810,-1760,578,-1085,-298,-1022,-2865,721,185,8,1152,19375,71,33,79,16,0,0,0,0,0,0,0,-32286,0,0,0,0,0,2925692,0
2802011,8986,-2288,828,-1078,-371,-1058,-2703,713,118,7,1128,19375,71,33,79,16,0,0,0,0,0,0,0,-32287,0,0,0,0,0,2925697,0
2802016,8918,-3428,1384,-1237,-297,-959,-2546,686,46,11,1056,19376,67,33,79,16,0,0,0,0,0,0,0,-32287,0,0,0,0,0,2925712,0
2802021,8642,-4010,1736,-1406,-277,-866,-2396,656,-15,10,992,19376,67,33,79,16,0,0,0,0,0,0,0,-32287,0,0,0,0,0,2925717,0
2802026,8656,-4396,1922,-1488,-172,-785,-2250,634,-58,2,936,19377,65,33,79,16,0,0,0,0,0,0,0,-32287,0,0,0,0,0,2925732,0
2802031,8412,-4506,1962,-1564,-138,-721,-2112,610,-86,0,864,19377,65,33,79,16,0,0,0,0,0,0,0,-32287,0,0,0,0,0,2925737,0
2802036,8164,-4936,2016,-1108,-173,-714,-1985,556,-99,5,736,19376,69,33,79,16,0,0,0,0,0,0,0,-32287,0,0,0,0,0,2925752,0
2802041,7964,-4934,2252,-670,-229,-724,-1869,507,-123,2,592,19376,69,33,79,16,0,0,0,0,0,0,0,-32287,0,0,0,0,0,2925757,0
2802046,7888,-4442,2182,-555,-247,-681,-1766,448,-149,-4,440,19376,74,33,79,16,0,0,0,0,0,0,0,-32287,0,0,0,0,0,2925772,0
2802051,7710,-3580,2010,-738,-119,-586,-1695,390,-174,-2,320,19376,74,33,79,16,0,0,0,0,0,0,0,-32286,0,0,0,0,0,2925777,0
2802056,7322,-2968,1918,-997,34,-522,-1619,326,-203,13,192,19378,75,33,79,16,0,0,0,0,0,0,0,-32287,0,0,0,0,0,2925792,0
2802061,7336,-2700,1710,-901,49,-535,-1562,239,-225,1,88,19378,75,33,79,16,0,0,0,0,0,0,0,-32286,0,0,0,0,0,2925797,0
2802066,7416,-2530,1810,-818,83,-528,-1526,143,-256,-18,32,19376,77,33,79,16,0,0,0,0,0,0,0,-32287,0,0,0,0,0,2925812,0
2802071,7394,-1932,2110,-680,126,-592,-1507,77,-280,-12,16,19376,77,33,79,16,0,0,0,0,0,0,0,-32287,0,0,0,0,0,2925817,0
2802076,7822,-1456,2472,-442,204,-616,-1499,33,-270,3,8,19377,70,33,79,16,0,0,0,0,0,0,0,-32287,0,0,0,0,0,2925832,0
2802081,8112,-1292,2400,-404,193,-631,-1502,-12,-237,6,-16,19377,70,33,79,16,0,0,0,0,0,0,0,-32287,0,0,0,0,0,2925837,0
2802086,8500,-1260,2268,-390,175,-642,-1506,-20,-179,1,-16,19376,70,33,79,16,0,0,0,0,0,0,0,-32287,0,0,0,0,0,2925852,0
2802091,8990,-1322,2226,-421,155,-624,-1508,-6,-106,-3,0,19376,70,33,79,16,0,0,0,0,0,0,0,-32287,0,0,0,0,0,2925857,0
2802096,10398,-1940,2254,-675,130,-568,-1508,-1,-45,-1,0,19376,68,33,79,16,0,0,0,0,0,0,0,-32287,0,0,0,0,0,2925872,0
2802101,11194,-2280,2388,-777,156,-546,-1507,-7,3,0,0,19376,68,33,79,16,0,0,0,0,0,0,0,-32287,0,0,0,0,0,2925877,0
2802106,11892,-2590,2420,-818,225,-530,-1507,-2,14,0,-8,19377,66,33,79,16,0,0,0,0,0,0,0,-32287,0,0,0,0,0,2925892,0
2802111,12538,-2914,2272,-849,343,-519,-1506,-1,10,-2,0,19377,66,33,79,16,0,0,0,0,0,0,0,-32287,0,0,0,0,0,2925897,0
2802116,12994,-4226,1720,-966,473,-498,-1507,0,-4,0,0,19378,62,33,79,16,0,0,0,0,0,0,0,-32287,0,0,0,0,0,2925912,0
2802121,13056,-5004,1528,-960,479,-497,-1507,1,-4,-1,0,19378,62,33,79,16,0,0,0,0,0,0,0,-32287,0,0,0,0,0,2925917,0
2802126,12610,-5378,1560,-907,498,-528,-1507,3,2,-1,0,19377,59,33,79,16,0,0,0,0,0,0,0,-32287,0,0,0,0,0,2925932,0
2802131,11840,-5580,1704,-831,543,-570,-1505,0,7,-1,0,19377,59,33,79,16,0,0,0,0,0,0,0,-32287,0,0,0,0,0,2925937,0
2802136,9578,-5622,2058,-683,738,-661,-1507,1,2,0,0,19377,71,33,79,16,0,0,0,0,0,0,0,-32287,0,0,0,0,0,2925952,0
2802141,8558,-5768,2006,-594,860,-713,-1507,0,1,0,0,19377,71,33,79,16,0,0,0,0,0,0,0,-32287,0,0,0,0,0,2925957,0
2802146,7638,-5952,1878,-538,977,-760,-1507,-7,0,0,0,19377,77,33,79,16,0,0,0,0,0,0,0,-32287,0,0,0,0,0,2925972,0
2802151,6830,-6248,1766,-518,1030,-778,-1506,10,-1,-1,0,19377,77,33,79,16,0,0,0,0,0,0,0,-32287,0,0,0,0,0,2925977,0
2802156,5790,-7552,1412,-375,851,-701,-1506,6,-2,0,-8,19379,81,33,79,16,0,0,0,0,0,0,0,-32287,0,0,0,0,0,2925992,0
2802161,5324,-8354,1402,-213,615,-649,-1507,-1,-2,-2,0,19379,81,33,79,16,0,0,0,0,0,0,0,-32287,0,0,0,0,0,2925997,0
2802166,5172,-8772,1138,15,354,-567,-1506,5,3,-1,0,19378,75,33,79,16,0,0,0,0,0,0,0,-32287,0,0,0,0,0,2926012,0
2802171,5056,-8214,738,131,76,-481,-1507,1,-2,-1,0,19378,75,33,79,16,0,0,0,0,0,0,0,-32286,0,0,0,0,0,2926017,0
2802176,4986,-6874,110,97,-305,-340,-1507,0,-1,-1,0,19375,61,33,79,16,0,0,0,0,0,0,0,-32287,0,0,0,0,0,2926032,0
2802181,5084,-6554,8,116,-453,-262,-1506,4,-2,0,0,19375,61,33,79,16,0,0,0,0,0,0,0,-32287,0,0,0,0,0,2926037,0
2802186,5108,-6196,-4,165,-577,-217,-1507,1,-1,0,0,19374,67,33,79,16,0,0,0,0,0,0,0,-32287,0,0,0,0,0,2926052,0
2802191,5246,-5808,108,228,-643,-174,-1507,0,-1,0,0,19374,67,33,79,16,0,0,0,0,0,0,0,-32287,0,0,0,0,0,2926057,0
2802196,5762,-5158,290,348,-678,-139,-1507,-7,-1,0,0,19374,69,33,79,16,0,0,0,0,0,0,0,-32287,0,0,0,0,0,2926072,0
2802201,5976,-5034,374,332,-610,-83,-1506,1,0,-1,8,19374,69,33,79,16,0,0,0,0,0,0,0,-32287,0,0,0,0,0,2926077,0
2802206,6044,-4968,442,180,-418,25,-1503,18,2,-2,8,19376,76,33,79,16,0,0,0,0,0,0,0,-32287,0,0,0,0,0,2926092,0
2802211,6024,-4716,560,58,-330,51,-1500,11,7,-1,8,19376,76,33,79,16,0,0,0,0,0,0,0,-32286,0,0,0,0,0,2926097,0
2802216,6910,-5026,468,367,-161,65,-1498,8,12,1,0,19377,77,33,79,16,0,0,0,0,0,0,0,-32287,0,0,0,0,0,2926112,0
2802221,7222,-5250,358,447,-66,168,-1499,1,3,0,0,19377,77,33,79,16,0,0,0,0,0,0,0,-32287,0,0,0,0,0,2926116,0
2802226,7080,-5034,278,341,69,295,-1497,9,-2,-3,8,19378,73,33,79,16,0,0,0,0,0,0,0,-32287,0,0,0,0,0,2926131,0
2802231,7370,-4968,-30,225,163,421,-1492,18,-4,-2,16,19378,73,33,79,16,0,0,0,0,0,0,0,-32287,0,0,0,0,0,2926136,0
2802236,7540,-4896,-344,333,188,596,-1486,25,19,-2,8,19377,71,33,79,16,0,0,0,0,0,0,0,-32287,0,0,0,0,0,2926151,0
2802241,7472,-5018,-564,514,49,647,-1476,42,30,-1,8,19377,71,33,79,16,0,0,0,0,0,0,0,-32287,0,0,0,0,0,2926159,0
2802246,7454,-4862,-910,657,-135,693,-1466,51,34,-2,24,19376,75,33,79,16,0,0,0,0,0,0,0,-32287,0,0,0,0,0,2926174,0
2802251,7390,-4558,-1286,680,-294,731,-1446,95,46,-7,64,19376,75,33,79,16,0,0,0,0,0,0,0,-32287,0,0,0,0,0,2926179,0
2802256,7440,-3918,-1674,355,-495,886,-1411,157,81,-5,80,19377,78,33,79,16,0,0,0,0,0,0,0,-32287,0,0,0,0,0,2926194,0
2802261,7312,-3518,-1492,168,-585,894,-1364,210,125,-7,160,19377,78,33,79,16,0,0,0,0,0,0,0,-32286,0,0,0,0,0,2926199,0
2802266,7652,-3960,-1472,69,-614,934,-1303,273,179,-1,224,19375,74,33,79,16,0,0,0,0,0,0,0,-32287,0,0,0,0,0,2926214,0
2802271,7500,-4162,-1160,103,-689,940,-1229,323,196,7,288,19375,74,33,79,16,0,0,0,0,0,0,0,-32287,0,0,0,0,0,2926219,0
2802276,7724,-4272,-830,297,-876,844,-1146,370,193,-1,360,19375,66,33,79,16,0,0,0,0,0,0,0,-32287,0,0,0,0,0,2926234,0
2802281,7654,-4176,-600,324,-952,785,-1055,407,183,-11,456,19375,66,33,79,16,0,0,0,0,0,0,0,-32287,0,0,0,0,0,2926239,0
2802286,7760,-4188,-416,361,-993,711,-947,471,170,-23,648,19374,64,33,79,16,0,0,0,0,0,0,0,-32287,0,0,0,0,0,2926254,0
2802291,7850,-4046,-226,425,-996,644,-828,535,172,-10,808,19374,64,33,79,16,0,0,0,0,0,0,0,-32287,0,0,0,0,0,2926259,0
2802296,7636,-3934,106,647,-1008,529,-697,576,187,14,872,19375,76,33,79,16,0,0,0,0,0,0,0,-32287,0,0,0,0,0,2926274,0
2802301,7632,-3836,174,744,-988,434,-561,599,177,8,920,19375,76,33,79,16,0,0,0,0,0,0,0,-32287,0,0,0,0,0,2926279,0
2802306,7494,-3584,226,805,-954,365,-417,637,162,4,984,19376,71,33,79,16,0,0,0,0,0,0,0,-32287,0,0,0,0,0,2926294,0
2802311,7422,-3488,250,825,-892,331,-270,642,127,11,960,19376,71,33,79,16,0,0,0,0,0,0,0,-32287,0,0,0,0,0,2926299,0
2802316,7076,-3338,278,781,-833,241,-119,655,84,8,976,19377,62,33,79,16,0,0,0,0,0,0,0,-32287,0,0,0,0,0,2926314,0
2802321,6860,-3390,324,813,-826,201,30,662,64,1,992,19377,62,33,79,16,0,0,0,0,0,0,0,-32287,0,0,0,0,0,2926319,0
2802326,6694,-3504,364,855,-818,203,179,656,39,6,968,19382,60,33,79,16,0,0,0,0,0,0,0,-32287,0,0,0,0,0,2926334,0
2802331,6474,-3436,398,887,-827,184,326,644,3,2,944,19382,60,33,79,16,0,0,0,0,0,0,0,-32287,0,0,0,0,0,2926339,0
2802336,6272,-3430,254,922,-820,195,469,625,-8,1,912,19382,56,33,79,16,0,0,0,0,0,0,0,-32287,0,0,0,0,0,2926354,0
2802341,6086,-3372,178,931,-828,222,610,618,-24,1,864,19382,56,33,79,16,0,0,0,0,0,0,0,-32287,0,0,0,0,0,2926359,0
2802346,5958,-3284,164,932,-846,258,742,587,-47,2,808,19382,62,33,79,16,0,0,0,0,0,0,0,-32287,0,0,0,0,0,2926374,0
2802351,5828,-3316,150,937,-846,285,870,553,-70,-4,720,19382,62,33,79,16,0,0,0,0,0,0,0,-32286,0,0,0,0,0,2926379,0
2802356,5726,-3214,132,1006,-888,349,992,533,-83,-11,680,19380,66,33,79,16,0,0,0,0,0,0,0,-32287,0,0,0,0,0,2926394,0
2802361,5688,-3110,140,996,-900,409,1107,498,-87,-1,592,19380,66,33,79,16,0,0,0,0,0,0,0,-32287,0,0,0,0,0,2926399,0
2802366,5662,-3114,130,955,-903,455,1214,460,-99,1,472,19379,59,33,79,16,0,0,0,0,0,0,0,-32287,0,0,0,0,0,2926414,0
2802371,5808,-2952,142,899,-892,507,1314,431,-107,-10,456,19379,59,33,79,16,0,0,0,0,0,0,0,-32286,0,0,0,0,0,2926419,0
2802376,5942,-3066,176,923,-887,603,1411,423,-101,-9,464,19380,68,33,79,16,0,0,0,0,0,0,0,-32287,0,0,0,0,0,2926434,0
2802381,5928,-3178,156,916,-920,668,1505,403,-88,0,416,19380,68,33,79,16,0,0,0,0,0,0,0,-32287,0,0,0,0,0,2926439,0
2802386,6054,-3096,126,916,-942,721,1592,384,-73,6,360,19378,77,33,79,16,0,0,0,0,0,0,0,-32287,0,0,0,0,0,2926454,0
2802391,6356,-3068,116,935,-940,773,1673,354,-67,10,304,19378,77,33,79,16,0,0,0,0,0,0,0,-32287,0,0,0,0,0,2926459,0
2802396,6750,-2814,124,1008,-982,813,1756,357,-70,1,328,19376,76,33,79,16,0,0,0,0,0,0,0,-32287,0,0,0,0,0,2926474,0
2802401,6842,-2626,170,1040,-1005,823,1839,368,-56,0,320,19376,76,33,79,16,0,0,0,0,0,0,0,-32287,0,0,0,0,0,2926479,0
2802406,7176,-2682,222,1076,-970,854,1921,358,-21,4,304,19376,83,33,79,16,0,0,0,0,0,0,0,-32287,0,0,0,0,0,2926494,0
2802411,7354,-2562,308,1088,-892,869,1998,330,-17,10,256,19376,83,33,79,16,0,0,0,0,0,0,0,-32286,0,0,0,0,0,2926499,0
2802416,7864,-2474,418,1097,-696,890,2071,311,-24,3,216,19376,72,33,79,16,0,0,0,0,0,0,0,-32287,0,0,0,0,0,2926514,0
2802421,7936,-2374,486,1090,-600,882,2143,308,-45,1,224,19376,72,33,79,16,0,0,0,0,0,0,0,-32287,0,0,0,0,0,2926519,0
2802426,8142,-2410,498,1130,-498,878,2214,319,-45,-5,240,19375,72,33,79,16,0,0,0,0,0,0,0,-32287,0,0,0,0,0,2926534,0
2802431,8238,-2400,630,1174,-392,861,2286,321,-24,-8,264,19375,72,33,79,16,0,0,0,0,0,0,0,-32287,0,0,0,0,0,2926539,0
2802436,8460,-2398,706,1227,-179,836,2358,313,-8,0,224,19374,70,33,79,16,0,0,0,0,0,0,0,-32286,0,0,0,0,0,2926554,0
2802441,8478,-2294,766,1199,-49,827,2424,290,-5,3,184,19374,70,33,79,16,0,0,0,0,0,0,0,-32286,0,0,0,0,0,2926559,0
2802446,8532,-2242,646,1198,36,784,2489,285,-17,0,184,19376,67,33,79,16,0,0,0,0,0,0,0,-32287,0,0,0,0,0,2926574,0
2802451,8566,-2402,504,1215,118,762,2554,282,-28,0,176,19376,67,33,79,16,0,0,0,0,0,0,0,-32287,0,0,0,0,0,2926579,0
2802456,8402,-2380,538,1241,244,718,2617,279,-30,0,192,19379,70,33,79,16,0,0,0,0,0,0,0,-32287,0,0,0,0,0,2926593,0
2802461,8402,-2276,514,1263,276,684,2682,293,-13,-4,216,19379,70,33,79,16,0,0,0,0,0,0,0,-32287,0,0,0,0,0,2926598,0
2802466,8370,-2146,460,1255,295,635,2750,299,0,4,216,19379,73,33,79,16,0,0,0,0,0,0,0,-32287,0,0,0,0,0,2926613,0
2802471,8360,-2204,362,1247,301,603,2818,298,16,6,184,19379,73,33,79,16,0,0,0,0,0,0,0,-32287,0,0,0,0,0,2926618,0
2802476,8196,-2268,268,1130,293,565,2884,290,15,2,200,19375,77,33,79,16,0,0,0,0,0,0,0,-32287,0,0,0,0,0,2926633,0
2802481,7642,-2422,340,1061,279,569,2954,307,15,-3,224,19375,77,33,79,16,0,0,0,0,0,0,0,-32286,0,0,0,0,0,2926638,0
2802486,7316,-2570,-118,1090,71,529,3027,321,15,3,264,19374,75,33,79,16,0,0,0,0,0,0,0,-32286,0,0,0,0,0,2926653,0
2802491,7364,-2340,-364,1209,-58,460,3106,352,32,-10,320,19374,75,33,79,16,0,0,0,0,0,0,0,-32288,0,0,0,0,0,2926658,0
2802496,7162,-1736,-578,1309,-240,316,3193,387,61,-9,400,19374,71,33,79,16,0,0,0,0,0,0,0,-32288,0,0,0,0,0,2926673,0
2802501,7052,-1636,-738,1279,-336,275,3288,416,88,-10,456,19374,71,33,79,16,0,0,0,0,0,0,0,-32287,0,0,0,0,0,2926678,0
2802506,6892,-1582,-842,1214,-438,213,3384,425,96,-4,480,19376,67,33,79,16,0,0,0,0,0,0,0,-32287,0,0,0,0,0,2926693,0
2802511,6940,-1592,-956,1190,-522,167,3480,421,82,-1,480,19376,67,33,79,16,0,0,0,0,0,0,0,-32286,0,0,0,0,0,2926698,0
2802516,6820,-1470,-910,1169,-693,84,3579,436,54,0,496,19375,65,33,79,16,0,0,0,0,0,0,0,-32287,0,0,0,0,0,2926713,0
2802521,6790,-1522,-816,1193,-758,54,3683,459,38,-1,560,19375,65,33,79,16,0,0,0,0,0,0,0,-32287,0,0,0,0,0,2926718,0
2802526,6750,-1686,-776,1197,-825,31,3787,447,39,6,512,19373,64,33,79,16,0,0,0,0,0,0,0,-32287,0,0,0,0,0,2926733,0
2802531,6734,-1648,-658,1164,-873,13,3887,439,25,2,480,19373,64,33,79,16,0,0,0,0,0,0,0,-32287,0,0,0,0,0,2926738,0
2802536,6784,-1494,-352,1105,-852,32,3983,425,2,3,448,19371,70,33,79,16,0,0,0,0,0,0,0,-32287,0,0,0,0,0,2926753,0
2802541,7084,-1744,-300,1077,-789,45,4079,422,-22,-6,464,19371,70,33,79,16,0,0,0,0,0,0,0,-32286,0,0,0,0,0,2926758,0
2802546,7140,-1788,-168,1066,-729,65,4174,413,-33,4,416,19372,76,33,79,16,0,0,0,0,0,0,0,-32287,0,0,0,0,0,2926773,0
2802551,7198,-1784,-64,1029,-667,86,4262,377,-33,13,336,19372,76,33,79,16,0,0,0,0,0,0,0,-32286,0,0,0,0,0,2926778,0
2802556,7500,-1570,92,989,-513,147,4345,356,-47,17,280,19376,83,33,79,16,0,0,0,0,0,0,0,-32287,0,0,0,0,0,2926793,0
2802561,7554,-1444,240,949,-461,131,4419,330,-72,8,232,19376,83,33,79,16,0,0,0,0,0,0,0,-32287,0,0,0,0,0,2926798,0
2802566,7884,-1494,140,947,-367,149,4492,319,-86,-2,216,19376,76,33,79,16,0,0,0,0,0,0,0,-32287,0,0,0,0,0,2926813,0
2802571,7776,-1318,278,914,-327,145,4563,311,-83,0,208,19376,76,33,79,16,0,0,0,0,0,0,0,-32287,0,0,0,0,0,2926818,0
2802576,7986,-1216,306,850,-208,134,4629,286,-56,0,160,19376,70,33,79,16,0,0,0,0,0,0,0,-32287,0,0,0,0,0,2926833,0
2802581,8026,-1134,346,748,-159,102,4686,247,-59,1,104,19376,70,33,79,16,0,0,0,0,0,0,0,-32287,0,0,0,0,0,2926838,0
2802586,8314,-1214,246,695,-55,81,4739,229,-74,-14,128,19376,72,33,79,16,0,0,0,0,0,0,0,-32287,0,0,0,0,0,2926853,0
2802591,8290,-1282,320,688,9,71,4789,215,-81,-5,104,19376,72,33,79,16,0,0,0,0,0,0,0,-32287,0,0,0,0,0,2926858,0
2802596,8370,-1586,250,637,120,26,4838,217,-75,0,112,19377,71,33,79,16,0,0,0,0,0,0,0,-32286,0,0,0,0,0,2926873,0
2802601,8430,-1388,244,608,162,15,4893,254,-34,-8,176,19377,71,33,79,16,0,0,0,0,0,0,0,-32287,0,0,0,0,0,2926878,0
2802606,8704,-1328,392,521,358,7,4960,304,22,0,256,19376,65,33,79,16,0,0,0,0,0,0,0,-32287,0,0,0,0,0,2926893,0
2802611,8370,-1452,506,425,450,-9,5042,366,89,-6,368,19376,65,33,79,16,0,0,0,0,0,0,0,-32287,0,0,0,0,0,2926898,0
2802616,8250,-2068,96,688,451,-55,5137,418,156,-16,488,19376,52,33,79,16,0,0,0,0,0,0,0,-32287,0,0,0,0,0,2926912,0
2802621,8114,-1794,-28,842,398,-114,5247,488,192,-21,696,19376,52,33,79,16,0,0,0,0,0,0,0,-32287,0,0,0,0,0,2926917,0
2802626,8228,-1688,-286,967,404,-179,5374,569,214,-11,944,19376,59,33,79,16,0,0,0,0,0,0,0,-32287,0,0,0,0,0,2926932,0
2802631,8058,-1324,-494,984,384,-237,5522,660,240,0,1136,19376,59,33,79,16,0,0,0,0,0,0,0,-32287,0,0,0,0,0,2926937,0
2802636,7930,-1210,-972,1043,244,-368,5686,731,260,3,1280,19377,66,33,79,16,0,0,0,0,0,0,0,-32287,0,0,0,0,0,2926952,0
2802641,7882,-1164,-1108,1084,140,-445,5868,802,279,2,1416,19377,66,33,79,16,0,0,0,0,0,0,0,-32287,0,0,0,0,0,2926957,0
2802646,7950,-1096,-1164,1107,67,-513,6062,867,269,1,1544,19377,67,33,79,16,0,0,0,0,0,0,0,-32287,0,0,0,0,0,2926972,0
2802651,7924,-1078,-1162,1089,-3,-553,6268,901,246,3,1608,19377,67,33,79,16,0,0,0,0,0,0,0,-32287,0,0,0,0,0,2926977,0
2802656,8138,-1056,-1070,1099,-131,-666,6484,954,203,1,1712,19377,66,33,79,16,0,0,0,0,0,0,0,-32288,0,0,0,0,0,2926992,0
2802661,8072,-1068,-892,1079,-168,-697,6706,978,174,6,1744,19377,66,33,79,16,0,0,0,0,0,0,0,-32286,0,0,0,0,0,2926997,0
2802666,8196,-912,-652,1068,-202,-753,6933,1003,144,8,1784,19378,59,33,79,16,0,0,0,0,0,0,0,-32287,0,0,0,0,0,2927012,0
2802671,8508,-994,-618,1043,-144,-747,7162,1002,101,10,1752,19378,59,33,79,16,0,0,0,0,0,0,0,-32287,0,0,0,0,0,2927017,0
2802676,8604,-1002,-432,866,-64,-722,7392,1014,74,8,1744,19376,58,33,79,16,0,0,0,0,0,0,0,-32287,0,0,0,0,0,2927032,0
2802681,8608,-864,-46,821,29,-726,7615,980,23,13,1664,19376,58,33,79,16,0,0,0,0,0,0,0,-32287,0,0,0,0,0,2927037,0
2802686,8702,-970,80,776,101,-728,7834,958,-14,7,1592,19375,68,33,79,16,0,0,0,0,0,0,0,-32287,0,0,0,0,0,2927052,0
2802691,8816,-1120,-180,734,194,-681,8042,917,-57,5,1488,19375,68,33,79,16,0,0,0,0,0,0,0,-32287,0,0,0,0,0,2927057,0
2802696,8822,-1170,-54,556,334,-625,8241,869,-91,3,1384,19375,76,33,79,16,0,0,0,0,0,0,0,-32286,0,0,0,0,0,2927072,0
2802701,8916,-1284,156,422,490,-584,8430,821,-128,4,1264,19375,76,33,79,16,0,0,0,0,0,0,0,-32287,0,0,0,0,0,2927082,0
2802706,8826,-1682,164,321,558,-548,8604,761,-150,4,1128,19374,78,33,79,16,0,0,0,0,0,0,0,-32287,0,0,0,0,0,2927092,0
2802711,8858,-2258,16,315,592,-550,8768,713,-169,0,1032,19374,78,33,79,16,0,0,0,0,0,0,0,-32287,0,0,0,0,0,2927097,0
2802716,9100,-3382,-152,475,640,-504,8919,649,-182,4,888,19374,75,33,79,16,0,0,0,0,0,0,0,-32287,0,0,0,0,0,2927112,0
2802721,9184,-3648,-202,494,662,-511,9053,584,-195,6,752,19374,75,33,79,16,0,0,0,0,0,0,0,-32287,0,0,0,0,0,2927117,0
2802726,9346,-4264,-486,485,631,-492,9177,538,-200,-4,640,19374,78,33,79,16,0,0,0,0,0,0,0,-32287,0,0,0,0,0,2927132,0
2802731,9260,-4636,-678,431,568,-433,9286,473,-206,-4,456,19374,78,33,79,16,0,0,0,0,0,0,0,-32287,0,0,0,0,0,2927137,0
2802736,9148,-5152,-964,352,318,-391,9376,390,-212,-3,280,19375,86,33,79,16,0,0,0,0,0,0,0,-32286,0,0,0,0,0,2927152,0
2802741,8966,-5070,-872,351,167,-364,9450,316,-227,7,200,19375,86,33,79,16,0,0,0,0,0,0,0,-32287,0,0,0,0,0,2927157,0
2802746,8800,-4850,-738,337,31,-341,9513,262,-241,0,112,19375,88,33,79,16,0,0,0,0,0,0,0,-32287,0,0,0,0,0,2927172,0
2802751,8602,-4462,-598,288,-82,-290,9563,211,-225,-7,88,19375,88,33,79,16,0,0,0,0,0,0,0,-32287,0,0,0,0,0,2927177,0
2802756,8330,-3588,-290,90,-252,-276,9604,170,-204,-5,48,19378,78,33,79,16,0,0,0,0,0,0,0,-32287,0,0,0,0,0,2927192,0
2802761,8090,-3086,-90,13,-354,-306,9632,117,-187,-1,32,19378,78,33,79,16,0,0,0,0,0,0,0,-32287,0,0,0,0,0,2927197,0
2802766,8254,-2964,106,-54,-378,-284,9644,49,-178,6,0,19379,69,33,79,16,0,0,0,0,0,0,0,-32287,0,0,0,0,0,2927212,0
2802771,8112,-2598,514,-82,-434,-343,9641,-8,-199,8,-8,19379,69,33,79,16,0,0,0,0,0,0,0,-32287,0,0,0,0,0,2927217,0
2802776,8868,-2154,1002,-32,-441,-458,9641,0,-183,-1,0,19377,77,33,79,16,0,0,0,0,0,0,0,-32288,0,0,0,0,0,2927232,0
2802781,8840,-1934,1222,-17,-403,-548,9641,11,-136,0,0,19377,77,33,79,16,0,0,0,0,0,0,0,-32287,0,0,0,0,0,2927237,0
2802786,9252,-2178,1196,-13,-367,-602,9640,-1,-70,1,-8,19376,69,33,79,16,0,0,0,0,0,0,0,-32287,0,0,0,0,0,2927252,0
2802791,9240,-2246,1264,-54,-355,-649,9640,-3,-16,1,-8,19376,69,33,79,16,0,0,0,0,0,0,0,-32287,0,0,0,0,0,2927257,0
2802796,9438,-2970,1062,-235,-346,-657,9638,-14,-1,0,-8,19377,67,33,79,16,0,0,0,0,0,0,0,-32287,0,0,0,0,0,2927272,0
2802801,9330,-3218,1006,-400,-369,-649,9638,-4,-7,-1,-8,19377,67,33,79,16,0,0,0,0,0,0,0,-32287,0,0,0,0,0,2927277,0
2802806,9552,-3482,830,-546,-327,-573,9637,7,-3,0,0,19379,70,33,79,16,0,0,0,0,0,0,0,-32288,0,0,0,0,0,2927292,0
2802811,9144,-3800,972,-725,-341,-547,9637,1,2,0,0,19379,70,33,79,16,0,0,0,0,0,0,0,-32287,0,0,0,0,0,2927297,0
2802816,8876,-4338,904,-786,-405,-475,9637,2,4,1,0,19378,61,33,79,16,0,0,0,0,0,0,0,-32287,0,0,0,0,0,2927312,0
2802821,8664,-4598,614,-749,-532,-446,9635,-11,5,2,-8,19378,61,33,79,16,0,0,0,0,0,0,0,-32287,0,0,0,0,0,2927317,0
2802826,8788,-4454,868,-833,-442,-408,9637,-5,0,0,-8,19376,61,33,79,16,0,0,0,0,0,0,0,-32287,0,0,0,0,0,2927332,0
2802831,8494,-4476,1072,-984,-431,-375,9635,-1,-2,1,-8,19376,61,33,79,16,0,0,0,0,0,0,0,-32287,0,0,0,0,0,2927337,0
2802836,9542,-4484,1660,-929,-374,-547,9634,-1,2,1,-8,19374,61,33,79,16,0,0,0,0,0,0,0,-32287,0,0,0,0,0,2927352,0
2802841,9370,-3768,3166,243,-98,-1079,9625,-44,-17,6,-48,19374,61,33,79,16,0,0,0,0,0,0,0,-32287,0,0,0,0,0,2927357,0
2802846,8482,-7716,2128,1168,-614,-930,9601,-103,-57,7,-64,19374,66,33,79,16,0,0,0,0,0,0,0,-32287,0,0,0,0,0,2927372,0
2802851,7110,-6430,2874,943,-747,-888,9567,-159,-105,10,-120,19374,66,33,79,16,0,0,0,0,0,0,0,-32287,0,0,0,0,0,2927377,0
2802856,7202,-6084,464,961,-1175,-975,9517,-229,-159,10,-192,19376,69,33,79,16,0,0,0,0,0,0,0,-32287,0,0,0,0,0,2927391,0
2802861,6546,-4854,1260,648,-1058,-943,9441,-352,-222,16,-416,19376,69,33,79,16,0,0,0,0,0,0,0,-32286,0,0,0,0,0,2927396,0
2802866,5874,-5048,1326,279,-1046,-921,9329,-507,-291,41,-856,19376,68,33,79,16,0,0,0,0,0,0,0,-32287,0,0,0,0,0,2927411,0
2802871,6008,-5928,1182,55,-987,-841,9173,-705,-404,38,-1376,19376,68,33,79,16,0,0,0,0,0,0,0,-32287,0,0,0,0,0,2927416,0
2802876,5014,-6696,1878,-282,-652,-516,8970,-913,-527,11,-1832,19374,71,33,79,16,0,0,0,0,0,0,0,-32286,0,0,0,0,0,2927431,0
2802881,4626,-7214,2286,-406,-456,-278,8720,-1130,-631,6,-2288,19374,71,33,79,16,0,0,0,0,0,0,0,-32287,0,0,0,0,0,2927436,0
2802886,4418,-7694,2444,-424,-326,-52,8422,-1329,-694,1,-2728,19374,79,33,79,16,0,0,0,0,0,0,0,-32287,0,0,0,0,0,2927451,0
2802891,4556,-8086,2594,-317,-158,201,8078,-1528,-719,0,-3120,19374,79,33,79,16,0,0,0,0,0,0,0,-32287,0,0,0,0,0,2927456,0
2802896,4602,-7632,2702,-261,120,687,7696,-1699,-706,-10,-3448,19375,85,33,79,16,0,0,0,0,0,0,0,-32286,0,0,0,0,0,2927471,0
2802901,4844,-7044,2636,-237,258,852,7282,-1839,-661,-10,-3712,19375,85,33,79,16,0,0,0,0,0,0,0,-32287,0,0,0,0,0,2927476,0
2802906,5398,-6658,2566,-157,409,1002,6844,-1945,-582,-11,-3920,19374,84,33,79,16,0,0,0,0,0,0,0,-32287,0,0,0,0,0,2927491,0
2802911,5784,-5950,2428,-76,488,1112,6386,-2009,-486,-4,-4024,19374,84,33,79,16,0,0,0,0,0,0,0,-32287,0,0,0,0,0,2927496,0
2802916,6628,-4588,1910,-106,656,1309,5920,-2052,-380,-5,-4112,19372,88,33,79,16,0,0,0,0,0,0,0,-32287,0,0,0,0,0,2927511,0
2802921,7200,-4120,1666,-132,660,1380,5446,-2083,-278,-3,-4144,19372,88,33,79,16,0,0,0,0,0,0,0,-32287,0,0,0,0,0,2927516,0
2802926,7402,-3956,1662,-252,768,1471,4973,-2086,-175,-18,-4120,19371,91,33,79,16,0,0,0,0,0,0,0,-32287,0,0,0,0,0,2927531,0
2802931,7174,-3480,834,-76,290,1373,4503,-2068,-90,-22,-4040,19371,91,33,79,16,0,0,0,0,0,0,0,-32287,0,0,0,0,0,2927536,0
2802936,9014,-1570,-346,546,-366,1081,4038,-2037,-20,-14,-3936,19371,96,33,79,16,0,0,0,0,0,0,0,-32287,0,0,0,0,0,2927551,0
2802941,9664,-222,-604,435,-592,926,3584,-1994,41,-6,-3840,19371,96,33,79,16,0,0,0,0,0,0,0,-32287,0,0,0,0,0,2927556,0
2802946,10126,686,-574,52,-696,816,3141,-1943,92,-1,-3720,19369,90,33,79,16,0,0,0,0,0,0,0,-32287,0,0,0,0,0,2927571,0
2802951,10454,1054,-322,-381,-746,675,2713,-1877,140,0,-3592,19369,90,33,79,16,0,0,0,0,0,0,0,-32287,0,0,0,0,0,2927576,0
2802956,11016,208,430,-606,-818,398,2301,-1813,181,9,-3496,19371,82,33,79,16,0,0,0,0,0,0,0,-32287,0,0,0,0,0,2927591,0
2802961,11094,-34,1354,-524,-787,234,1905,-1734,213,4,-3352,19371,82,33,79,16,0,0,0,0,0,0,0,-32287,0,0,0,0,0,2927596,0
2802966,11452,-322,2536,-499,-450,124,1520,-1677,227,3,-3232,19373,82,33,79,16,0,0,0,0,0,0,0,-32287,0,0,0,0,0,2927611,0
2802971,11242,-694,3240,-601,-82,95,1149,-1625,225,-8,-3096,19373,82,33,79,16,0,0,0,0,0,0,0,-32287,0,0,0,0,0,2927616,0
2802976,10796,-1914,3588,-773,621,41,792,-1565,209,-15,-2912,19373,78,33,79,16,0,0,0,0,0,0,0,-32287,0,0,0,0,0,2927630,0
2802981,10074,-2386,3516,-723,972,56,451,-1489,211,-16,-2728,19373,78,33,79,16,0,0,0,0,0,0,0,-32287,0,0,0,0,0,2927635,0
2802986,9518,-2618,3218,-617,1182,47,126,-1413,216,-10,-2536,19373,82,33,79,16,0,0,0,0,0,0,0,-32287,0,0,0,0,0,2927650,0
2802991,8722,-3046,2398,-675,1346,146,-177,-1324,242,-17,-2320,19373,82,33,79,16,0,0,0,0,0,0,0,-32287,0,0,0,0,0,2927655,0
2802996,7914,-2826,1406,-778,1579,205,-455,-1212,277,-13,-2072,19373,88,33,79,16,0,0,0,0,0,0,0,-32287,0,0,0,0,0,2927670,0
2803001,7302,-2842,1376,-661,1573,188,-707,-1094,323,-9,-1792,19373,88,33,79,16,0,0,0,0,0,0,0,-32287,0,0,0,0,0,2927675,0
2803006,7020,-2994,710,-526,1478,183,-932,-986,363,-2,-1600,19375,81,33,79,16,0,0,0,0,0,0,0,-32287,0,0,0,0,0,2927690,0
2803011,6748,-2628,214,-423,1353,133,-1128,-857,392,0,-1328,19375,81,33,79,16,0,0,0,0,0,0,0,-32287,0,0,0,0,0,2927695,0
2803016,6646,-2218,-404,-319,1163,52,-1303,-765,400,2,-1144,19375,69,33,79,16,0,0,0,0,0,0,0,-32287,0,0,0,0,0,2927710,0
2803021,6584,-2056,-530,-386,1028,9,-1458,-673,387,2,-944,19375,69,33,79,16,0,0,0,0,0,0,0,-32287,0,0,0,0,0,2927715,0
2803026,6646,-2220,-548,-467,940,-4,-1592,-576,352,-3,-760,19374,71,33,79,16,0,0,0,0,0,0,0,-32287,0,0,0,0,0,2927730,0
2803031,6558,-2292,-418,-499,863,-8,-1714,-529,321,9,-632,19374,71,33,79,16,0,0,0,0,0,0,0,-32287,0,0,0,0,0,2927735,0
2803036,6574,-2452,-20,-439,651,-13,-1822,-478,276,15,-528,19377,72,33,79,16,0,0,0,0,0,0,0,-32287,0,0,0,0,0,2927750,0
2803041,6624,-2578,186,-505,615,49,-1917,-411,242,11,-376,19377,72,33,79,16,0,0,0,0,0,0,0,-32286,0,0,0,0,0,2927755,0
2803046,6704,-2534,560,-669,651,105,-1998,-362,214,-1,-304,19378,82,33,79,16,0,0,0,0,0,0,0,-32287,0,0,0,0,0,2927770,0
2803051,6816,-2514,888,-774,737,159,-2060,-340,186,0,-256,19378,82,33,79,16,0,0,0,0,0,0,0,-32286,0,0,0,0,0,2927775,0
2803056,6990,-2704,1320,-697,741,193,-2132,-313,162,-4,-216,19377,72,33,79,16,0,0,0,0,0,0,0,-32287,0,0,0,0,0,2927790,0
2803061,7148,-2552,1388,-555,721,190,-2197,-276,128,2,-168,19377,72,33,79,16,0,0,0,0,0,0,0,-32287,0,0,0,0,0,2927795,0
2803066,7318,-2084,1460,-505,744,153,-2255,-251,107,3,-136,19375,62,33,79,16,0,0,0,0,0,0,0,-32287,0,0,0,0,0,2927810,0
2803071,7622,-1810,1478,-556,868,167,-2308,-225,97,2,-104,19375,62,33,79,16,0,0,0,0,0,0,0,-32287,0,0,0,0,0,2927815,0
2803076,7314,-1318,1442,-912,1024,188,-2353,-204,99,-1,-80,19376,63,33,79,16,0,0,0,0,0,0,0,-32287,0,0,0,0,0,2927830,0
2803081,7362,-1708,1248,-968,1060,210,-2390,-157,99,4,-72,19376,63,33,79,16,0,0,0,0,0,0,0,-32287,0,0,0,0,0,2927835,0
2803086,7090,-1578,1326,-928,1044,152,-2424,-145,96,6,-48,19377,64,33,79,16,0,0,0,0,0,0,0,-32287,0,0,0,0,0,2927850,0
2803091,7058,-1702,1204,-831,1021,114,-2447,-104,102,0,-56,19377,64,33,79,16,0,0,0,0,0,0,0,-32286,0,0,0,0,0,2927855,0
2803096,6566,-1426,1052,-781,948,31,-2474,-117,80,0,-56,19377,72,33,79,16,0,0,0,0,0,0,0,-32287,0,0,0,0,0,2927870,0
2803101,6542,-1400,814,-755,938,12,-2495,-88,65,-5,-40,19377,72,33,79,16,0,0,0,0,0,0,0,-32287,0,0,0,0,0,2927875,0
2803106,6154,-1324,738,-795,905,-9,-2515,-91,44,0,-48,19375,73,33,79,16,0,0,0,0,0,0,0,-32287,0,0,0,0,0,2927890,0
2803111,6042,-1282,596,-843,874,-31,-2536,-86,31,0,-40,19375,73,33,79,16,0,0,0,0,0,0,0,-32287,0,0,0,0,0,2927895,0
2803116,5890,-1348,456,-822,805,-91,-2549,-42,33,-7,-16,19376,63,33,79,16,0,0,0,0,0,0,0,-32286,0,0,0,0,0,2927910,0
2803121,5758,-1446,438,-798,750,-97,-2549,7,69,-7,8,19376,63,33,79,16,0,0,0,0,0,0,0,-32287,0,0,0,0,0,2927915,0
2803126,5630,-1522,414,-809,706,-83,-2544,28,100,-1,8,19376,68,33,79,16,0,0,0,0,0,0,0,-32287,0,0,0,0,0,2927930,0
2803131,5522,-1582,374,-849,662,-62,-2540,11,107,1,8,19376,68,33,79,16,0,0,0,0,0,0,0,-32286,0,0,0,0,0,2927935,0
2803136,5650,-1454,478,-870,636,-48,-2540,0,65,3,-8,19376,72,33,79,16,0,0,0,0,0,0,0,-32287,0,0,0,0,0,2927950,0
2803141,5824,-1472,504,-849,641,-45,-2540,0,7,2,-8,19376,72,33,79,16,0,0,0,0,0,0,0,-32287,0,0,0,0,0,2927955,0
2803146,5894,-1488,588,-840,638,-50,-2540,4,-16,0,-8,19376,76,33,79,16,0,0,0,0,0,0,0,-32287,0,0,0,0,0,2927970,0
2803151,6060,-1480,640,-841,657,-44,-2540,4,-15,0,0,19376,76,33,79,16,0,0,0,0,0,0,0,-32287,0,0,0,0,0,2927975,0
2803156,6302,-1474,782,-864,687,-42,-2541,1,0,-1,0,19376,61,33,79,16,0,0,0,0,0,0,0,-32287,0,0,0,0,0,2927990,0
2803161,6478,-1536,762,-883,712,-37,-2540,-1,0,-1,-8,19376,61,33,79,16,0,0,0,0,0,0,0,-32287,0,0,0,0,0,2927995,0
2803166,6510,-1600,840,-898,713,-37,-2541,-5,-3,0,-8,19376,54,33,79,16,0,0,0,0,0,0,0,-32286,0,0,0,0,0,2928010,0
2803171,6624,-1684,824,-889,705,-36,-2540,-5,0,-1,0,19376,54,33,79,16,0,0,0,0,0,0,0,-32287,0,0,0,0,0,2928014,0
2803176,6794,-1758,804,-883,694,-52,-2539,11,-3,-1,-8,19378,62,33,79,16,0,0,0,0,0,0,0,-32286,0,0,0,0,0,2928029,0
2803181,6822,-1788,794,-861,680,-53,-2539,10,3,0,-8,19378,62,33,79,16,0,0,0,0,0,0,0,-32287,0,0,0,0,0,2928034,0
2803186,6866,-1772,754,-837,656,-53,-2540,-1,1,0,-8,19378,76,33,79,16,0,0,0,0,0,0,0,-32287,0,0,0,0,0,2928049,0
2803191,6912,-1706,792,-842,645,-63,-2541,-3,-2,0,-8,19378,76,33,79,16,0,0,0,0,0,0,0,-32286,0,0,0,0,0,2928054,0
2803196,6888,-1712,656,-893,596,-57,-2541,-3,0,0,-8,19379,83,33,79,16,0,0,0,0,0,0,0,-32287,0,0,0,0,0,2928069,0
2803201,6830,-1788,644,-942,598,-35,-2540,-3,0,-1,0,19379,83,33,79,16,0,0,0,0,0,0,0,-32287,0,0,0,0,0,2928074,0
2803206,6750,-1808,728,-1047,646,2,-2538,10,1,-2,0,19377,70,33,79,16,0,0,0,0,0,0,0,-32287,0,0,0,0,0,2928089,0
2803211,6730,-1816,868,-1111,680,21,-2536,18,7,-1,8,19377,70,33,79,16,0,0,0,0,0,0,0,-32287,0,0,0,0,0,2928094,0
2803216,6864,-2096,1086,-945,635,-29,-2533,12,11,0,8,19376,78,33,79,16,0,0,0,0,0,0,0,-32287,0,0,0,0,0,2928109,0
2803221,6966,-2166,1012,-854,571,-62,-2530,12,7,1,0,19376,78,33,79,16,0,0,0,0,0,0,0,-32286,0,0,0,0,0,2928114,0
2803226,7076,-2072,926,-817,507,-80,-2532,-1,4,1,-8,19376,90,33,79,16,0,0,0,0,0,0,0,-32287,0,0,0,0,0,2928129,0
2803231,7060,-1934,852,-908,535,-40,-2530,1,-7,0,-8,19376,90,33,79,16,0,0,0,0,0,0,0,-32287,0,0,0,0,0,2928134,0
2803236,7264,-1974,994,-1089,553,-41,-2531,-2,-15,0,0,19376,91,33,79,16,0,0,0,0,0,0,0,-32287,0,0,0,0,0,2928149,0
2803241,7158,-2120,946,-1082,461,-55,-2531,4,-8,0,0,19376,91,33,79,16,0,0,0,0,0,0,0,-32287,0,0,0,0,0,2928157,0
2803246,7278,-2286,962,-1026,465,-42,-2529,8,-5,0,0,19374,75,33,79,16,0,0,0,0,0,0,0,-32287,0,0,0,0,0,2928172,0
2803251,7264,-2170,1128,-1008,434,-58,-2528,9,3,-1,0,19374,75,33,79,16,0,0,0,0,0,0,0,-32287,0,0,0,0,0,2928177,0
2803256,7426,-2090,1248,-1059,486,-47,-2528,-3,3,-1,0,19374,55,33,79,16,0,0,0,0,0,0,0,-32287,0,0,0,0,0,2928192,0
2803261,7570,-2186,1224,-1079,480,-39,-2528,-4,0,0,0,19374,55,33,79,16,0,0,0,0,0,0,0,-32287,0,0,0,0,0,2928197,0
2803266,7630,-2250,1264,-1061,464,-32,-2526,6,-5,1,-8,19374,55,33,79,16,0,0,0,0,0,0,0,-32287,0,0,0,0,0,2928212,0
2803271,7702,-2326,1326,-1029,434,-45,-2527,4,-3,0,0,19374,55,33,79,16,0,0,0,0,0,0,0,-32287,0,0,0,0,0,2928217,0
2803276,7988,-2290,1470,-974,385,-42,-2527,5,-3,1,0,19376,67,33,79,16,0,0,0,0,0,0,0,-32287,0,0,0,0,0,2928232,0
2803281,8138,-2230,1560,-959,348,-65,-2528,-4,-2,0,-8,19376,67,33,79,16,0,0,0,0,0,0,0,-32287,0,0,0,0,0,2928237,0
2803286,8208,-2182,1624,-966,329,-80,-2528,-9,-2,0,-8,19376,82,33,79,16,0,0,0,0,0,0,0,-32287,0,0,0,0,0,2928252,0
2803291,8296,-2126,1696,-961,331,-86,-2528,-6,-3,0,-8,19376,82,33,79,16,0,0,0,0,0,0,0,-32287,0,0,0,0,0,2928257,0
2803296,8384,-2236,1756,-968,349,-101,-2527,0,-2,0,-8,19378,78,33,79,16,0,0,0,0,0,0,0,-32287,0,0,0,0,0,2928271,0
2803301,8384,-2336,1800,-960,359,-107,-2528,2,2,0,0,19378,78,33,79,16,0,0,0,0,0,0,0,-32287,0,0,0,0,0,2928276,0
2803306,8386,-2406,1820,-937,366,-109,-2528,0,3,-1,-8,19379,70,33,79,16,0,0,0,0,0,0,0,-32287,0,0,0,0,0,2928291,0
2803311,8340,-2482,1858,-905,375,-121,-2528,-1,0,0,-8,19379,70,33,79,16,0,0,0,0,0,0,0,-32287,0,0,0,0,0,2928296,0
2803316,8246,-2466,1902,-829,375,-145,-2528,-1,0,0,-8,19377,60,33,79,16,0,0,0,0,0,0,0,-32286,0,0,0,0,0,2928311,0
2803321,8128,-2434,1952,-796,386,-160,-2528,0,1,-1,-8,19377,60,33,79,16,0,0,0,0,0,0,0,-32287,0,0,0,0,0,2928316,0
2803326,8120,-2466,1938,-749,386,-181,-2529,4,-2,-1,-8,19375,60,33,79,16,0,0,0,0,0,0,0,-32287,0,0,0,0,0,2928331,0
2803331,8056,-2346,1938,-712,401,-171,-2530,-6,3,0,-8,19375,60,33,79,16,0,0,0,0,0,0,0,-32287,0,0,0,0,0,2928336,0
2803336,7968,-2052,2018,-713,456,-190,-2528,2,-2,0,-8,19376,63,33,79,16,0,0,0,0,0,0,0,-32287,0,0,0,0,0,2928351,0
2803341,7962,-2002,2002,-687,488,-196,-2529,0,0,0,-8,19376,63,33,79,16,0,0,0,0,0,0,0,-32287,0,0,0,0,0,2928356,0
2803346,7938,-1894,1990,-657,501,-184,-2529,2,4,0,0,19377,69,33,79,16,0,0,0,0,0,0,0,-32287,0,0,0,0,0,2928371,0
2803351,7832,-1706,1982,-668,523,-185,-2529,4,-2,0,0,19377,69,33,79,16,0,0,0,0,0,0,0,-32287,0,0,0,0,0,2928376,0
2803356,7886,-1382,1956,-647,526,-204,-2530,-1,2,0,-8,19376,73,33,79,16,0,0,0,0,0,0,0,-32287,0,0,0,0,0,2928391,0
2803361,7920,-1184,1970,-622,489,-242,-2530,-4,0,0,0,19376,73,33,79,16,0,0,0,0,0,0,0,-32287,0,0,0,0,0,2928396,0
2803366,8006,-1018,1938,-589,467,-255,-2530,1,0,0,-8,19374,80,33,79,16,0,0,0,0,0,0,0,-32287,0,0,0,0,0,2928411,0
2803371,8024,-790,1892,-604,444,-277,-2529,2,-1,0,0,19374,80,33,79,16,0,0,0,0,0,0,0,-32287,0,0,0,0,0,2928416,0
2803376,8086,-574,1846,-739,498,-283,-2529,0,-3,0,0,19376,87,33,79,16,0,0,0,0,0,0,0,-32287,0,0,0,0,0,2928431,0
2803381,7998,-546,1824,-822,515,-282,-2529,0,3,-1,0,19376,87,33,79,16,0,0,0,0,0,0,0,-32287,0,0,0,0,0,2928436,0
2803386,8100,-492,1732,-827,515,-300,-2530,1,-1,-2,0,19377,84,33,79,16,0,0,0,0,0,0,0,-32287,0,0,0,0,0,2928451,0
2803391,8052,-518,1652,-795,472,-322,-2529,0,-4,0,0,19377,84,33,79,16,0,0,0,0,0,0,0,-32287,0,0,0,0,0,2928456,0
2803396,8056,-256,1368,-760,332,-407,-2530,4,1,0,-8,19377,81,33,79,16,0,0,0,0,0,0,0,-32287,0,0,0,0,0,2928471,0
2803401,7944,-226,1238,-869,333,-371,-2530,-1,2,-1,0,19377,81,33,79,16,0,0,0,0,0,0,0,-32287,0,0,0,0,0,2928476,0
2803406,7766,-130,1298,-1058,326,-332,-2528,4,0,-3,8,19376,74,33,79,16,0,0,0,0,0,0,0,-32287,0,0,0,0,0,2928491,0
2803411,7550,12,1462,-1267,390,-306,-2526,7,5,-2,8,19376,74,33,79,16,0,0,0,0,0,0,0,-32287,0,0,0,0,0,2928496,0
2803416,7528,-462,1568,-1148,244,-396,-2523,16,12,0,0,19375,78,33,79,16,0,0,0,0,0,0,0,-32287,0,0,0,0,0,2928511,0
2803421,7926,-616,1736,-858,106,-492,-2522,2,2,0,0,19375,78,33,79,16,0,0,0,0,0,0,0,-32287,0,0,0,0,0,2928516,0
2803426,8176,-522,1792,-784,10,-549,-2522,0,-1,1,-8,19376,69,33,79,16,0,0,0,0,0,0,0,-32287,0,0,0,0,0,2928531,0
2803431,8648,-538,1798,-986,-30,-550,-2521,-1,-7,0,0,19376,69,33,79,16,0,0,0,0,0,0,0,-32287,0,0,0,0,0,2928536,0
2803436,9578,-2014,2176,-1719,2,-432,-2522,1,-8,-1,0,19377,78,33,79,16,0,0,0,0,0,0,0,-32287,0,0,0,0,0,2928551,0
2803441,10106,-3184,2598,-1952,102,-329,-2518,8,-5,-2,8,19377,78,33,79,16,0,0,0,0,0,0,0,-32286,0,0,0,0,0,2928556,0
2803446,10374,-4606,2930,-2195,204,-160,-2509,45,19,-2,32,19376,81,33,79,16,0,0,0,0,0,0,0,-32287,0,0,0,0,0,2928571,0
2803451,10650,-5626,3018,-2401,381,-32,-2484,107,65,-11,88,19376,81,33,79,16,0,0,0,0,0,0,0,-32287,0,0,0,0,0,2928575,0
2803456,11584,-7498,2340,-1677,356,-130,-2431,242,147,-16,200,19376,72,33,79,16,0,0,0,0,0,0,0,-32287,0,0,0,0,0,2928590,0
2803461,11408,-7588,1612,-1138,35,-292,-2349,372,249,-15,456,19376,72,33,79,16,0,0,0,0,0,0,0,-32287,0,0,0,0,0,2928595,0
2803466,11698,-7324,812,-583,-142,-478,-2239,492,353,-24,752,19376,67,33,79,16,0,0,0,0,0,0,0,-32287,0,0,0,0,0,2928610,0
2803471,11206,-6386,620,-248,-321,-650,-2111,572,400,-9,944,19376,67,33,79,16,0,0,0,0,0,0,0,-32287,0,0,0,0,0,2928615,0
2803476,10256,-5568,798,-183,-320,-906,-1971,620,375,17,1000,19378,68,33,79,16,0,0,0,0,0,0,0,-32287,0,0,0,0,0,2928630,0
2803481,9578,-5802,1030,-356,-219,-942,-1824,650,295,22,1016,19378,68,33,79,16,0,0,0,0,0,0,0,-32287,0,0,0,0,0,2928635,0
2803486,8694,-6478,1306,-581,-65,-941,-1677,646,200,15,984,19381,73,33,79,16,0,0,0,0,0,0,0,-32287,0,0,0,0,0,2928650,0
2803491,7912,-6990,1562,-720,125,-910,-1532,631,105,9,920,19381,73,33,79,16,0,0,0,0,0,0,0,-32287,0,0,0,0,0,2928655,0
2803496,6364,-8258,1644,-435,161,-877,-1391,615,26,9,896,19381,72,33,79,16,0,0,0,0,0,0,0,-32288,0,0,0,0,0,2928670,0
2803501,5694,-8638,1228,-131,16,-823,-1255,606,-19,2,864,19381,72,33,79,16,0,0,0,0,0,0,0,-32287,0,0,0,0,0,2928675,0
2803506,5148,-8570,796,168,-120,-774,-1126,563,-56,12,728,19379,69,33,79,16,0,0,0,0,0,0,0,-32287,0,0,0,0,0,2928690,0
2803511,4748,-8196,424,358,-241,-685,-1007,515,-82,3,616,19379,69,33,79,16,0,0,0,0,0,0,0,-32287,0,0,0,0,0,2928695,0
2803516,4188,-7136,-132,632,-467,-529,-893,499,-96,-6,576,19379,69,33,79,16,0,0,0,0,0,0,0,-32287,0,0,0,0,0,2928710,0
2803521,3968,-6748,-294,677,-570,-429,-790,449,-121,1,432,19379,69,33,79,16,0,0,0,0,0,0,0,-32286,0,0,0,0,0,2928715,0
2803526,3892,-6172,-358,701,-666,-386,-701,386,-141,4,312,19377,80,33,79,16,0,0,0,0,0,0,0,-32287,0,0,0,0,0,2928730,0
2803531,4062,-5804,-492,724,-704,-316,-625,327,-159,11,208,19377,80,33,79,16,0,0,0,0,0,0,0,-32287,0,0,0,0,0,2928735,0
2803536,4024,-5332,-190,800,-718,-181,-560,285,-178,0,168,19378,75,33,79,16,0,0,0,0,0,0,0,-32287,0,0,0,0,0,2928750,0
2803541,4086,-5262,-220,801,-730,-85,-503,251,-183,-5,120,19378,75,33,79,16,0,0,0,0,0,0,0,-32287,0,0,0,0,0,2928755,0
2803546,4464,-4780,-304,715,-675,-15,-454,212,-162,-12,104,19376,68,33,79,16,0,0,0,0,0,0,0,-32286,0,0,0,0,0,2928770,0
2803551,5222,-4634,-368,721,-595,83,-410,174,-133,-3,64,19376,68,33,79,16,0,0,0,0,0,0,0,-32287,0,0,0,0,0,2928774,0
2803556,5778,-4552,44,484,-392,320,-373,162,-112,-1,56,19374,64,33,79,16,0,0,0,0,0,0,0,-32287,0,0,0,0,0,2928789,0
2803561,6076,-4590,64,459,-318,413,-348,95,-114,2,24,19374,64,33,79,16,0,0,0,0,0,0,0,-32287,0,0,0,0,0,2928794,0
2803566,6548,-4422,22,537,-348,453,-325,100,-119,-3,40,19374,64,33,79,16,0,0,0,0,0,0,0,-32287,0,0,0,0,0,2928809,0
2803571,7060,-4076,-148,671,-357,508,-301,106,-94,2,40,19374,64,33,79,16,0,0,0,0,0,0,0,-32287,0,0,0,0,0,2928814,0
2803576,7558,-3564,-628,756,-597,587,-279,100,-60,1,40,19376,70,33,79,16,0,0,0,0,0,0,0,-32287,0,0,0,0,0,2928829,0
2803581,8148,-3062,-928,691,-710,637,-247,149,-14,-5,72,19376,70,33,79,16,0,0,0,0,0,0,0,-32287,0,0,0,0,0,2928834,0
2803586,8476,-2410,-868,471,-719,690,-212,154,35,2,72,19375,75,33,79,16,0,0,0,0,0,0,0,-32287,0,0,0,0,0,2928849,0
2803591,8872,-1992,-680,266,-754,660,-171,185,62,-1,96,19375,75,33,79,16,0,0,0,0,0,0,0,-32287,0,0,0,0,0,2928854,0
2803596,9352,-1904,-190,74,-835,574,-123,212,76,2,136,19378,69,33,79,16,0,0,0,0,0,0,0,-32287,0,0,0,0,0,2928869,0
2803601,9680,-2008,2,49,-801,498,-68,250,92,-5,192,19378,69,33,79,16,0,0,0,0,0,0,0,-32287,0,0,0,0,0,2928874,0
2803606,9594,-1988,308,-6,-792,420,0,297,107,3,224,19384,80,33,79,16,0,0,0,0,0,0,0,-32287,0,0,0,0,0,2928889,0
2803611,9396,-1992,506,-77,-731,319,77,342,129,3,296,19384,80,33,79,16,0,0,0,0,0,0,0,-32286,0,0,0,0,0,2928894,0
2803616,8824,-2426,748,-182,-600,164,159,362,136,0,320,19390,79,33,79,16,0,0,0,0,0,0,0,-32287,0,0,0,0,0,2928909,0
2803621,8488,-2836,852,-158,-555,87,247,396,128,-8,384,19390,79,33,79,16,0,0,0,0,0,0,0,-32287,0,0,0,0,0,2928914,0
2803626,8122,-3234,932,-112,-520,29,341,416,106,-11,464,19393,79,33,79,16,0,0,0,0,0,0,0,-32287,0,0,0,0,0,2928929,0
2803631,7754,-3474,986,-34,-487,-24,441,441,95,-11,528,19393,79,33,79,16,0,0,0,0,0,0,0,-32286,0,0,0,0,0,2928934,0
2803636,7170,-3668,988,87,-451,-67,551,484,97,-7,648,19389,81,33,79,16,0,0,0,0,0,0,0,-32287,0,0,0,0,0,2928949,0
2803641,6732,-3774,998,144,-428,-86,668,514,107,5,712,19389,81,33,79,16,0,0,0,0,0,0,0,-32287,0,0,0,0,0,2928954,0
2803646,6658,-3890,954,219,-411,-86,791,544,109,4,784,19382,68,33,79,16,0,0,0,0,0,0,0,-32286,0,0,0,0,0,2928968,0
2803651,6340,-3848,894,316,-413,-115,921,577,108,2,888,19382,68,33,79,16,0,0,0,0,0,0,0,-32287,0,0,0,0,0,2928973,0
2803656,6270,-3756,580,554,-456,-204,1060,619,112,5,952,19375,68,33,79,16,0,0,0,0,0,0,0,-32287,0,0,0,0,0,2928988,0
2803661,6000,-3670,380,588,-506,-219,1200,626,100,13,936,19375,68,33,79,16,0,0,0,0,0,0,0,-32287,0,0,0,0,0,2928993,0
2803666,6044,-3546,156,583,-542,-241,1342,631,87,7,952,19375,69,33,79,16,0,0,0,0,0,0,0,-32287,0,0,0,0,0,2929008,0
2803671,5968,-3562,74,593,-585,-260,1488,639,61,2,960,19375,69,33,79,16,0,0,0,0,0,0,0,-32286,0,0,0,0,0,2929013,0
2803676,5762,-3796,-38,600,-711,-201,1629,617,37,5,904,19377,73,33,79,16,0,0,0,0,0,0,0,-32286,0,0,0,0,0,2929028,0
2803681,5810,-3720,-34,596,-790,-178,1767,600,1,-2,888,19377,73,33,79,16,0,0,0,0,0,0,0,-32287,0,0,0,0,0,2929033,0
2803686,5944,-3778,-72,617,-832,-126,1905,601,-18,-4,880,19376,74,33,79,16,0,0,0,0,0,0,0,-32287,0,0,0,0,0,2929048,0
2803691,5906,-3826,-22,621,-887,-49,2036,569,-38,8,768,19376,74,33,79,16,0,0,0,0,0,0,0,-32286,0,0,0,0,0,2929053,0
2803696,6178,-3482,42,625,-995,37,2161,541,-55,-2,712,19376,67,33,79,16,0,0,0,0,0,0,0,-32286,0,0,0,0,0,2929068,0
2803701,6268,-3442,82,640,-1032,92,2281,530,-65,-10,696,19376,67,33,79,16,0,0,0,0,0,0,0,-32287,0,0,0,0,0,2929073,0
2803706,6394,-3256,120,652,-1060,147,2395,500,-74,1,600,19377,75,33,79,16,0,0,0,0,0,0,0,-32287,0,0,0,0,0,2929088,0
2803711,6460,-3142,168,636,-1077,193,2504,474,-88,-1,544,19377,75,33,79,16,0,0,0,0,0,0,0,-32287,0,0,0,0,0,2929092,0
2803716,6788,-2902,298,600,-1021,292,2606,445,-86,-8,496,19377,79,33,79,16,0,0,0,0,0,0,0,-32287,0,0,0,0,0,2929107,0
2803721,6980,-2986,396,593,-988,341,2703,432,-83,-7,488,19377,79,33,79,16,0,0,0,0,0,0,0,-32287,0,0,0,0,0,2929112,0
2803726,7066,-3020,460,619,-934,379,2803,433,-79,0,496,19378,82,33,79,16,0,0,0,0,0,0,0,-32287,0,0,0,0,0,2929127,0
2803731,7202,-3100,494,638,-869,433,2896,413,-59,10,448,19378,82,33,79,16,0,0,0,0,0,0,0,-32287,0,0,0,0,0,2929132,0
2803736,7462,-2954,522,734,-748,486,2987,395,-41,0,408,19375,75,33,79,16,0,0,0,0,0,0,0,-32287,0,0,0,0,0,2929147,0
2803741,7438,-2824,550,773,-696,506,3080,406,-32,-2,448,19375,75,33,79,16,0,0,0,0,0,0,0,-32287,0,0,0,0,0,2929152,0
2803746,7598,-2858,494,825,-627,529,3175,415,-19,-5,472,19375,78,33,79,16,0,0,0,0,0,0,0,-32287,0,0,0,0,0,2929167,0
2803751,7550,-2762,476,892,-579,520,3274,431,2,-1,488,19375,78,33,79,16,0,0,0,0,0,0,0,-32286,0,0,0,0,0,2929172,0
2803756,7694,-2632,318,967,-496,534,3372,435,19,1,496,19373,75,33,79,16,0,0,0,0,0,0,0,-32287,0,0,0,0,0,2929187,0
2803761,7762,-2596,276,969,-461,548,3471,430,27,2,496,19373,75,33,79,16,0,0,0,0,0,0,0,-32287,0,0,0,0,0,2929192,0
2803766,7684,-2522,250,987,-454,530,3570,439,18,0,512,19374,69,33,79,16,0,0,0,0,0,0,0,-32286,0,0,0,0,0,2929207,0
2803771,7818,-2590,248,1015,-407,523,3673,459,15,1,568,19374,69,33,79,16,0,0,0,0,0,0,0,-32287,0,0,0,0,0,2929212,0
2803776,7700,-2454,238,1093,-398,488,3780,465,24,4,560,19375,72,33,79,16,0,0,0,0,0,0,0,-32287,0,0,0,0,0,2929227,0
2803781,7564,-2516,194,1111,-391,479,3887,467,31,3,568,19375,72,33,79,16,0,0,0,0,0,0,0,-32287,0,0,0,0,0,2929232,0
2803786,7492,-2374,132,1121,-380,438,3993,465,35,0,560,19376,73,33,79,16,0,0,0,0,0,0,0,-32286,0,0,0,0,0,2929246,0
2803791,7508,-2294,106,1137,-368,396,4104,487,24,-9,648,19376,73,33,79,16,0,0,0,0,0,0,0,-32287,0,0,0,0,0,2929251,0
2803796,7204,-2438,108,1184,-366,343,4220,501,27,1,656,19376,70,33,79,16,0,0,0,0,0,0,0,-32287,0,0,0,0,0,2929266,0
2803801,7102,-2396,60,1198,-398,325,4333,498,34,17,632,19376,70,33,79,16,0,0,0,0,0,0,0,-32287,0,0,0,0,0,2929271,0
2803806,7062,-2492,52,1217,-397,286,4446,493,29,2,608,19377,86,33,79,16,0,0,0,0,0,0,0,-32287,0,0,0,0,0,2929286,0
2803811,7024,-2326,112,1249,-425,245,4564,515,25,-2,672,19377,86,33,79,16,0,0,0,0,0,0,0,-32287,0,0,0,0,0,2929291,0
2803816,6826,-2372,52,1303,-469,178,4683,519,20,3,672,19378,89,33,79,16,0,0,0,0,0,0,0,-32287,0,0,0,0,0,2929306,0
2803821,6738,-2358,20,1308,-499,171,4800,513,21,6,656,19378,89,33,79,16,0,0,0,0,0,0,0,-32287,0,0,0,0,0,2929311,0
2803826,6796,-2272,58,1318,-479,136,4914,501,6,-7,648,19379,95,33,79,16,0,0,0,0,0,0,0,-32287,0,0,0,0,0,2929326,0
2803831,6832,-2200,78,1354,-494,115,5032,515,4,-6,688,19379,95,33,79,16,0,0,0,0,0,0,0,-32287,0,0,0,0,0,2929331,0
2803836,6916,-2322,36,1432,-523,77,5150,511,0,8,648,19377,79,33,79,16,0,0,0,0,0,0,0,-32286,0,0,0,0,0,2929346,0
2803841,6962,-2226,100,1455,-511,91,5264,506,2,1,656,19377,79,33,79,16,0,0,0,0,0,0,0,-32287,0,0,0,0,0,2929350,0
2803846,6988,-2018,150,1471,-501,72,5377,489,-8,-1,624,19376,65,33,79,16,0,0,0,0,0,0,0,-32287,0,0,0,0,0,2929365,0
2803851,7086,-2098,-10,1513,-488,90,5487,489,-17,-4,624,19376,65,33,79,16,0,0,0,0,0,0,0,-32287,0,0,0,0,0,2929370,0
2803856,7344,-1740,50,1526,-448,105,5597,469,-32,6,544,19374,67,33,79,16,0,0,0,0,0,0,0,-32287,0,0,0,0,0,2929385,0
2803861,7548,-1596,78,1469,-395,149,5700,456,-34,1,520,19374,67,33,79,16,0,0,0,0,0,0,0,-32287,0,0,0,0,0,2929390,0
2803866,7638,-1526,222,1379,-341,155,5800,438,-45,-3,480,19375,71,33,79,16,0,0,0,0,0,0,0,-32287,0,0,0,0,0,2929405,0
2803871,7360,-1542,-510,1434,-489,147,5896,430,-51,-1,472,19375,71,33,79,16,0,0,0,0,0,0,0,-32287,0,0,0,0,0,2929410,0
2803876,7594,-1080,318,1404,-204,153,5993,430,-54,0,464,19375,76,33,79,16,0,0,0,0,0,0,0,-32287,0,0,0,0,0,2929425,0
2803881,7846,-1280,38,1361,-179,169,6084,401,-41,4,416,19375,76,33,79,16,0,0,0,0,0,0,0,-32287,0,0,0,0,0,2929430,0
2803886,7676,-1324,-64,1379,-161,172,6174,393,-36,-1,408,19374,77,33,79,16,0,0,0,0,0,0,0,-32286,0,0,0,0,0,2929445,0
2803891,7682,-1382,-182,1394,-143,145,6265,394,-32,-1,408,19374,77,33,79,16,0,0,0,0,0,0,0,-32287,0,0,0,0,0,2929450,0
2803896,7846,-1216,-326,1420,-120,90,6357,411,-19,-3,456,19374,69,33,79,16,0,0,0,0,0,0,0,-32287,0,0,0,0,0,2929465,0
2803901,7912,-1190,-308,1430,-133,64,6454,431,4,-7,496,19374,69,33,79,16,0,0,0,0,0,0,0,-32287,0,0,0,0,0,2929469,0
2803906,7852,-1250,-310,1395,-122,59,6553,434,25,0,520,19374,74,33,79,16,0,0,0,0,0,0,0,-32287,0,0,0,0,0,2929484,0
2803911,7922,-1346,-304,1359,-146,52,6654,442,41,2,504,19374,74,33,79,16,0,0,0,0,0,0,0,-32287,0,0,0,0,0,2929489,0
2803916,8014,-1262,-254,1332,-128,-20,6760,466,46,0,584,19373,80,33,79,16,0,0,0,0,0,0,0,-32287,0,0,0,0,0,2929504,0
2803921,8076,-1350,-238,1356,-130,-56,6873,506,51,-6,704,19373,80,33,79,16,0,0,0,0,0,0,0,-32287,0,0,0,0,0,2929509,0
2803926,7882,-1714,-214,1387,-142,-61,6990,519,66,4,712,19373,89,33,79,16,0,0,0,0,0,0,0,-32286,0,0,0,0,0,2929524,0
2803931,7816,-1662,-198,1384,-201,-86,7110,528,77,7,712,19373,89,33,79,16,0,0,0,0,0,0,0,-32287,0,0,0,0,0,2929529,0
2803936,7862,-1714,-92,1460,-213,-150,7237,555,78,-1,792,19373,81,33,79,16,0,0,0,0,0,0,0,-32287,0,0,0,0,0,2929544,0
2803941,7788,-1848,-74,1485,-212,-168,7369,581,77,0,856,19373,81,33,79,16,0,0,0,0,0,0,0,-32286,0,0,0,0,0,2929549,0
2803946,7694,-1832,-10,1478,-227,-184,7500,574,63,11,792,19373,78,33,79,16,0,0,0,0,0,0,0,-32287,0,0,0,0,0,2929563,0
2803951,7666,-1904,-70,1504,-231,-206,7632,579,51,2,824,19373,78,33,79,16,0,0,0,0,0,0,0,-32287,0,0,0,0,0,2929568,0
2803956,7498,-1822,-52,1631,-257,-261,7768,597,32,-1,848,19372,66,33,79,16,0,0,0,0,0,0,0,-32286,0,0,0,0,0,2929583,0
2803961,7338,-1986,-148,1660,-259,-258,7901,585,22,7,800,19372,66,33,79,16,0,0,0,0,0,0,0,-32286,0,0,0,0,0,2929588,0
2803966,7230,-1708,-192,1654,-281,-259,8033,584,12,0,792,19373,69,33,79,16,0,0,0,0,0,0,0,-32287,0,0,0,0,0,2929603,0
2803971,7262,-1576,-270,1624,-259,-260,8161,569,-10,-8,768,19373,69,33,79,16,0,0,0,0,0,0,0,-32287,0,0,0,0,0,2929608,0
2803976,7256,-1442,-426,1586,-275,-246,8285,547,-25,-5,712,19375,75,33,79,16,0,0,0,0,0,0,0,-32287,0,0,0,0,0,2929623,0
2803981,7202,-1284,-440,1568,-267,-216,8405,520,-50,0,632,19375,75,33,79,16,0,0,0,0,0,0,0,-32287,0,0,0,0,0,2929628,0
2803986,7304,-1114,-470,1509,-304,-200,8520,500,-62,-1,576,19375,76,33,79,16,0,0,0,0,0,0,0,-32287,0,0,0,0,0,2929643,0
2803991,7374,-952,-478,1432,-287,-184,8628,476,-73,-6,544,19375,76,33,79,16,0,0,0,0,0,0,0,-32287,0,0,0,0,0,2929648,0
2803996,7800,-510,-454,1428,-274,-167,8737,469,-73,-8,552,19374,71,33,79,16,0,0,0,0,0,0,0,-32287,0,0,0,0,0,2929663,0
2804001,7982,-358,-422,1382,-270,-142,8841,452,-65,1,488,19374,71,33,79,16,0,0,0,0,0,0,0,-32287,0,0,0,0,0,2929668,0
2804006,8220,-208,-426,1308,-252,-125,8942,441,-51,-2,480,19372,73,33,79,16,0,0,0,0,0,0,0,-32287,0,0,0,0,0,2929683,0
2804011,8508,-120,-422,1227,-190,-116,9039,428,-51,-1,464,19372,73,33,79,16,0,0,0,0,0,0,0,-32287,0,0,0,0,0,2929688,0
2804016,9130,-166,-408,1160,-183,-148,9137,433,-40,-9,488,19376,67,33,79,16,0,0,0,0,0,0,0,-32287,0,0,0,0,0,2929703,0
2804021,9362,-506,-380,1146,-220,-150,9241,444,-23,0,536,19376,67,33,79,16,0,0,0,0,0,0,0,-32287,0,0,0,0,0,2929707,0
2804026,9644,-844,-314,1089,-260,-190,9341,443,0,0,504,19379,65,33,79,16,0,0,0,0,0,0,0,-32286,0,0,0,0,0,2929722,0
2804031,10128,-1344,-352,1000,-268,-226,9438,438,10,-2,504,19379,65,33,79,16,0,0,0,0,0,0,0,-32287,0,0,0,0,0,2929727,0
2804036,10742,-2496,-352,1002,-228,-288,9538,439,-4,-6,504,19380,58,33,79,16,0,0,0,0,0,0,0,-32287,0,0,0,0,0,2929742,0
2804041,10546,-3198,-176,1095,-281,-345,9641,462,-3,-7,568,19380,58,33,79,16,0,0,0,0,0,0,0,-32287,0,0,0,0,0,2929747,0
2804046,10906,-3974,-302,1216,-344,-378,9742,440,13,8,512,19378,62,33,79,16,0,0,0,0,0,0,0,-32287,0,0,0,0,0,2929762,0
2804051,10890,-4066,-152,1326,-439,-396,9820,429,4,7,456,19378,62,33,79,16,0,0,0,0,0,0,0,-32287,0,0,0,0,0,2929767,0
2804056,10970,-4268,-90,1310,-567,-394,9909,394,-26,6,384,19377,67,33,79,16,0,0,0,0,0,0,0,-32287,0,0,0,0,0,2929782,0
2804061,10844,-4128,-236,1204,-640,-344,9995,376,-56,8,320,19377,67,33,79,16,0,0,0,0,0,0,0,-32287,0,0,0,0,0,2929787,0
2804066,10580,-3818,-238,1058,-707,-295,10075,342,-81,12,256,19376,68,33,79,16,0,0,0,0,0,0,0,-32287,0,0,0,0,0,2929802,0
2804071,10382,-3698,-228,886,-747,-205,10139,278,-107,15,128,19376,68,33,79,16,0,0,0,0,0,0,0,-32286,0,0,0,0,0,2929807,0
2804076,9898,-2562,196,571,-769,-133,10190,210,-142,-3,72,19376,73,33,79,16,0,0,0,0,0,0,0,-32287,0,0,0,0,0,2929822,0
2804081,9680,-2010,462,441,-762,-121,10225,151,-183,-16,40,19376,73,33,79,16,0,0,0,0,0,0,0,-32286,0,0,0,0,0,2929827,0
2804086,9506,-1684,636,330,-749,-134,10243,67,-222,0,8,19374,71,33,79,16,0,0,0,0,0,0,0,-32287,0,0,0,0,0,2929842,0
2804091,9644,-1498,802,338,-758,-202,10242,-8,-244,2,-8,19374,71,33,79,16,0,0,0,0,0,0,0,-32287,0,0,0,0,0,2929846,0
2804096,10074,-1178,1034,512,-663,-406,10241,-3,-220,-2,0,19373,69,33,79,16,0,0,0,0,0,0,0,-32287,0,0,0,0,0,2929861,0
2804101,10128,-1144,1056,528,-573,-493,10242,-1,-153,0,-8,19373,69,33,79,16,0,0,0,0,0,0,0,-32287,0,0,0,0,0,2929866,0
2804106,10238,-1282,994,468,-486,-564,10241,-2,-84,1,-8,19372,77,33,79,16,0,0,0,0,0,0,0,-32287,0,0,0,0,0,2929881,0
2804111,10494,-1596,836,365,-405,-583,10238,-13,-26,0,-8,19372,77,33,79,16,0,0,0,0,0,0,0,-32287,0,0,0,0,0,2929886,0
2804116,10500,-2520,674,-108,-324,-607,10235,-19,-5,0,-8,19376,79,33,79,16,0,0,0,0,0,0,0,-32287,0,0,0,0,0,2929901,0
2804121,10494,-3204,644,-296,-216,-576,10229,-23,-20,0,-16,19376,79,33,79,16,0,0,0,0,0,0,0,-32287,0,0,0,0,0,2929906,0
2804126,10120,-3700,790,-435,-224,-562,10225,-22,-20,0,-8,19379,72,33,79,16,0,0,0,0,0,0,0,-32287,0,0,0,0,0,2929921,0
2804131,9902,-4244,870,-475,-207,-541,10224,-5,-3,-2,-8,19379,72,33,79,16,0,0,0,0,0,0,0,-32287,0,0,0,0,0,2929926,0
2804136,9344,-5064,766,-501,-383,-472,10223,1,7,-2,0,19378,62,33,79,16,0,0,0,0,0,0,0,-32287,0,0,0,0,0,2929941,0
2804141,8870,-4906,1036,-667,-347,-405,10221,-9,17,-1,0,19378,62,33,79,16,0,0,0,0,0,0,0,-32287,0,0,0,0,0,2929946,0
2804146,8438,-5138,1204,-858,-256,-359,10223,-1,17,0,0,19376,61,33,79,16,0,0,0,0,0,0,0,-32287,0,0,0,0,0,2929961,0
2804151,8046,-5700,1446,-928,-221,-330,10221,-5,6,1,-8,19376,61,33,79,16,0,0,0,0,0,0,0,-32287,0,0,0,0,0,2929966,0
2804156,8376,-5218,2524,566,-478,-949,10218,-17,-3,4,-40,19373,72,33,79,16,0,0,0,0,0,0,0,-32287,0,0,0,0,0,2929981,0
2804161,8432,-7008,2568,2030,-687,-1160,10197,-98,-39,13,-64,19373,72,33,79,16,0,0,0,0,0,0,0,-32287,0,0,0,0,0,2929986,0
2804166,7446,-6228,2738,1795,-762,-942,10159,-172,-100,9,-136,19375,80,33,79,16,0,0,0,0,0,0,0,-32287,0,0,0,0,0,2930001,0
2804171,7012,-4454,2704,1200,-738,-998,10095,-291,-191,19,-352,19375,80,33,79,16,0,0,0,0,0,0,0,-32287,0,0,0,0,0,2930006,0
2804176,6186,-5034,1500,358,-525,-824,9997,-443,-287,36,-648,19376,83,33,79,16,0,0,0,0,0,0,0,-32287,0,0,0,0,0,2930021,0
2804181,5828,-6058,1116,271,-560,-737,9868,-578,-382,25,-1064,19376,83,33,79,16,0,0,0,0,0,0,0,-32287,0,0,0,0,0,2930026,0
2804186,5746,-6510,1156,356,-556,-608,9702,-752,-467,8,-1464,19376,78,33,79,16,0,0,0,0,0,0,0,-32287,0,0,0,0,0,2930041,0
2804191,5300,-6480,1382,293,-514,-442,9491,-942,-523,10,-1872,19376,78,33,79,16,0,0,0,0,0,0,0,-32286,0,0,0,0,0,2930045,0
2804196,5100,-6602,1628,-57,-222,-33,9243,-1117,-571,3,-2256,19374,73,33,79,16,0,0,0,0,0,0,0,-32287,0,0,0,0,0,2930060,0
2804201,5184,-6480,1788,-168,-146,184,8953,-1294,-603,2,-2632,19374,73,33,79,16,0,0,0,0,0,0,0,-32287,0,0,0,0,0,2930065,0
2804206,5468,-6556,1920,-191,-6,392,8623,-1467,-620,-6,-2960,19373,74,33,79,16,0,0,0,0,0,0,0,-32287,0,0,0,0,0,2930080,0
2804211,5582,-6164,2218,-157,99,526,8259,-1615,-608,-19,-3232,19373,74,33,79,16,0,0,0,0,0,0,0,-32287,0,0,0,0,0,2930085,0
2804216,6188,-5416,2160,-157,433,878,7866,-1739,-576,-10,-3456,19372,79,33,79,16,0,0,0,0,0,0,0,-32287,0,0,0,0,0,2930100,0
2804221,6486,-4836,2216,-310,635,1010,7451,-1837,-519,-21,-3608,19372,79,33,79,16,0,0,0,0,0,0,0,-32287,0,0,0,0,0,2930105,0
2804226,6826,-4542,2024,-283,712,1113,7022,-1886,-428,-17,-3696,19374,92,33,79,16,0,0,0,0,0,0,0,-32287,0,0,0,0,0,2930120,0
2804231,7118,-4694,2282,-396,968,1313,6595,-1884,-317,-16,-3656,19374,92,33,79,16,0,0,0,0,0,0,0,-32287,0,0,0,0,0,2930125,0
2804236,7678,-3762,740,41,504,1264,6172,-1853,-181,-10,-3576,19373,87,33,79,16,0,0,0,0,0,0,0,-32287,0,0,0,0,0,2930140,0
2804241,7946,-2264,590,320,322,1158,5760,-1805,-42,0,-3480,19373,87,33,79,16,0,0,0,0,0,0,0,-32287,0,0,0,0,0,2930148,0
2804246,8776,-1212,288,333,112,1038,5354,-1778,51,0,-3424,19371,92,33,79,16,0,0,0,0,0,0,0,-32287,0,0,0,0,0,2930163,0
2804251,9286,-148,42,131,-8,922,4956,-1749,108,-2,-3352,19371,92,33,79,16,0,0,0,0,0,0,0,-32287,0,0,0,0,0,2930168,0
2804256,10078,480,92,-402,-198,689,4564,-1722,114,-7,-3280,19369,88,33,79,16,0,0,0,0,0,0,0,-32287,0,0,0,0,0,2930183,0
2804261,10086,384,452,-544,-277,559,4180,-1694,110,-5,-3192,19369,88,33,79,16,0,0,0,0,0,0,0,-32286,0,0,0,0,0,2930188,0
2804266,10452,86,936,-588,-321,428,3803,-1652,104,-5,-3096,19373,80,33,79,16,0,0,0,0,0,0,0,-32287,0,0,0,0,0,2930203,0
2804271,10324,-360,1528,-570,-366,299,3440,-1602,116,0,-2992,19373,80,33,79,16,0,0,0,0,0,0,0,-32287,0,0,0,0,0,2930208,0
2804276,10604,-892,2764,-522,-57,123,3088,-1541,142,0,-2864,19376,76,33,79,16,0,0,0,0,0,0,0,-32287,0,0,0,0,0,2930223,0
2804281,10504,-1256,3474,-585,298,105,2752,-1471,170,2,-2720,19376,76,33,79,16,0,0,0,0,0,0,0,-32287,0,0,0,0,0,2930228,0
2804286,10084,-1700,3758,-640,632,84,2433,-1395,201,0,-2576,19375,71,33,79,16,0,0,0,0,0,0,0,-32288,0,0,0,0,0,2930243,0
2804291,9608,-2338,3700,-615,944,100,2129,-1328,221,4,-2432,19375,71,33,79,16,0,0,0,0,0,0,0,-32287,0,0,0,0,0,2930247,0
2804296,9012,-3090,3210,-380,1381,120,1842,-1253,242,1,-2272,19373,65,33,79,16,0,0,0,0,0,0,0,-32287,0,0,0,0,0,2930262,0
2804301,8064,-2782,2496,-389,1490,141,1573,-1168,250,-7,-2064,19373,65,33,79,16,0,0,0,0,0,0,0,-32287,0,0,0,0,0,2930267,0
2804306,7690,-2996,1996,-467,1590,187,1321,-1093,256,-8,-1896,19374,72,33,79,16,0,0,0,0,0,0,0,-32287,0,0,0,0,0,2930282,0
2804311,7104,-3078,1478,-469,1598,199,1089,-1016,264,-8,-1704,19374,72,33,79,16,0,0,0,0,0,0,0,-32287,0,0,0,0,0,2930287,0
2804316,6098,-2920,412,-446,1493,223,877,-926,275,-11,-1480,19376,76,33,79,16,0,0,0,0,0,0,0,-32287,0,0,0,0,0,2930302,0
2804321,6008,-3054,8,-324,1406,230,687,-827,295,-9,-1264,19376,76,33,79,16,0,0,0,0,0,0,0,-32287,0,0,0,0,0,2930307,0
2804326,5574,-2872,-174,-192,1225,186,516,-742,304,-4,-1064,19379,75,33,79,16,0,0,0,0,0,0,0,-32287,0,0,0,0,0,2930322,0
2804331,5552,-2710,-468,-71,1019,143,364,-658,304,-3,-896,19379,75,33,79,16,0,0,0,0,0,0,0,-32287,0,0,0,0,0,2930327,0
2804336,5680,-2404,-702,-116,729,160,226,-592,300,1,-768,19379,72,33,79,16,0,0,0,0,0,0,0,-32287,0,0,0,0,0,2930342,0
2804341,5604,-2436,-650,-291,634,193,100,-546,265,1,-656,19379,72,33,79,16,0,0,0,0,0,0,0,-32287,0,0,0,0,0,2930347,0
2804346,5742,-2334,-384,-490,589,253,-16,-506,226,6,-544,19377,69,33,79,16,0,0,0,0,0,0,0,-32287,0,0,0,0,0,2930362,0
2804351,5828,-2582,10,-582,563,286,-119,-448,196,10,-432,19377,69,33,79,16,0,0,0,0,0,0,0,-32287,0,0,0,0,0,2930367,0
2804356,6242,-2738,564,-435,404,299,-210,-395,177,10,-360,19377,75,33,79,16,0,0,0,0,0,0,0,-32287,0,0,0,0,0,2930382,0
2804361,6548,-2488,760,-400,353,302,-297,-374,159,-1,-304,19377,75,33,79,16,0,0,0,0,0,0,0,-32287,0,0,0,0,0,2930387,0
2804366,6766,-2226,876,-485,363,335,-379,-354,147,-4,-288,19377,73,33,79,16,0,0,0,0,0,0,0,-32287,0,0,0,0,0,2930402,0
2804371,6952,-2014,1108,-647,455,382,-460,-352,107,0,-280,19377,73,33,79,16,0,0,0,0,0,0,0,-32287,0,0,0,0,0,2930407,0
2804376,7178,-2252,1512,-830,611,427,-534,-321,80,-8,-216,19377,76,33,79,16,0,0,0,0,0,0,0,-32287,0,0,0,0,0,2930422,0
2804381,7096,-2374,1630,-772,643,426,-599,-287,66,-2,-168,19377,76,33,79,16,0,0,0,0,0,0,0,-32287,0,0,0,0,0,2930426,0
2804386,7082,-2352,1586,-649,672,417,-656,-249,88,8,-136,19375,69,33,79,16,0,0,0,0,0,0,0,-32287,0,0,0,0,0,2930441,0
2804391,6948,-1978,1550,-558,686,360,-708,-228,103,11,-128,19375,69,33,79,16,0,0,0,0,0,0,0,-32287,0,0,0,0,0,2930446,0
2804396,6812,-1698,1204,-513,723,335,-755,-201,110,3,-104,19373,65,33,79,16,0,0,0,0,0,0,0,-32287,0,0,0,0,0,2930461,0
2804401,6660,-1754,998,-524,718,305,-801,-201,88,1,-96,19373,65,33,79,16,0,0,0,0,0,0,0,-32287,0,0,0,0,0,2930466,0
2804406,6560,-1702,948,-444,734,291,-844,-188,66,4,-112,19374,64,33,79,16,0,0,0,0,0,0,0,-32287,0,0,0,0,0,2930481,0
2804411,6310,-1324,904,-429,729,220,-888,-189,37,-2,-88,19374,64,33,79,16,0,0,0,0,0,0,0,-32287,0,0,0,0,0,2930486,0
2804416,6008,-1108,360,-512,618,152,-927,-169,31,-4,-64,19377,76,33,79,16,0,0,0,0,0,0,0,-32287,0,0,0,0,0,2930501,0
2804421,6000,-1308,74,-558,570,160,-952,-109,46,0,-48,19377,76,33,79,16,0,0,0,0,0,0,0,-32287,0,0,0,0,0,2930506,0
2804426,5696,-1272,6,-647,521,170,-977,-111,70,4,-48,19378,80,33,79,16,0,0,0,0,0,0,0,-32287,0,0,0,0,0,2930521,0
2804431,5630,-1250,54,-670,419,128,-994,-60,98,-5,-24,19378,80,33,79,16,0,0,0,0,0,0,0,-32287,0,0,0,0,0,2930526,0
2804436,5586,-1342,80,-550,268,110,-1001,-20,102,-7,0,19378,66,33,79,16,0,0,0,0,0,0,0,-32287,0,0,0,0,0,2930541,0
2804441,5642,-1372,110,-562,214,118,-997,20,120,-4,8,19378,66,33,79,16,0,0,0,0,0,0,0,-32287,0,0,0,0,0,2930546,0
2804446,5748,-1304,180,-583,187,121,-993,30,113,1,8,19377,60,33,79,16,0,0,0,0,0,0,0,-32287,0,0,0,0,0,2930561,0
2804451,5862,-1300,256,-637,192,141,-992,5,94,4,-8,19377,60,33,79,16,0,0,0,0,0,0,0,-32287,0,0,0,0,0,2930566,0
2804456,6166,-1368,532,-666,213,131,-995,-7,37,0,-8,19378,50,33,79,16,0,0,0,0,0,0,0,-32287,0,0,0,0,0,2930581,0
2804461,6312,-1406,654,-617,242,139,-994,-3,-3,0,0,19378,50,33,79,16,0,0,0,0,0,0,0,-32287,0,0,0,0,0,2930586,0
2804466,6418,-1416,752,-578,254,129,-994,-3,-15,0,-8,19378,50,33,79,16,0,0,0,0,0,0,0,-32287,0,0,0,0,0,2930601,0
2804471,6510,-1448,780,-567,293,126,-994,1,-10,0,0,19378,50,33,79,16,0,0,0,0,0,0,0,-32287,0,0,0,0,0,2930606,0
2804476,6632,-1342,740,-628,396,158,-994,-4,2,0,-8,19379,60,33,79,16,0,0,0,0,0,0,0,-32287,0,0,0,0,0,2930621,0
2804481,6656,-1386,704,-674,450,161,-993,3,3,0,-8,19379,60,33,79,16,0,0,0,0,0,0,0,-32287,0,0,0,0,0,2930626,0
2804486,6666,-1388,630,-673,493,185,-995,-3,1,0,-8,19379,69,33,79,16,0,0,0,0,0,0,0,-32287,0,0,0,0,0,2930641,0
2804491,6612,-1392,632,-643,501,180,-994,4,2,0,0,19379,69,33,79,16,0,0,0,0,0,0,0,-32286,0,0,0,0,0,2930646,0
2804496,6594,-1372,498,-516,491,159,-993,2,0,0,0,19378,79,33,79,16,0,0,0,0,0,0,0,-32288,0,0,0,0,0,2930661,0
2804501,6550,-1270,396,-471,453,140,-993,8,4,-1,0,19378,79,33,79,16,0,0,0,0,0,0,0,-32287,0,0,0,0,0,2930666,0
2804506,6590,-1136,278,-415,404,131,-993,1,4,0,0,19377,86,33,79,16,0,0,0,0,0,0,0,-32287,0,0,0,0,0,2930681,0
2804511,6592,-966,168,-417,342,104,-990,6,2,0,0,19377,86,33,79,16,0,0,0,0,0,0,0,-32286,0,0,0,0,0,2930686,0
2804516,6824,-792,90,-523,289,75,-990,6,3,0,0,19377,81,33,79,16,0,0,0,0,0,0,0,-32287,0,0,0,0,0,2930701,0
2804521,6814,-792,142,-565,263,48,-991,-8,4,1,0,19377,81,33,79,16,0,0,0,0,0,0,0,-32287,0,0,0,0,0,2930706,0
2804526,6834,-842,154,-579,236,28,-989,0,-8,0,0,19376,79,33,79,16,0,0,0,0,0,0,0,-32287,0,0,0,0,0,2930721,0
2804531,6886,-896,174,-577,218,8,-990,-3,-4,0,0,19376,79,33,79,16,0,0,0,0,0,0,0,-32286,0,0,0,0,0,2930725,0
2804536,7112,-890,194,-592,174,-26,-990,3,0,0,0,19377,74,33,79,16,0,0,0,0,0,0,0,-32287,0,0,0,0,0,2930740,0
2804541,7210,-806,228,-635,170,-41,-990,10,-3,0,0,19377,74,33,79,16,0,0,0,0,0,0,0,-32287,0,0,0,0,0,2930745,0
2804546,7266,-854,254,-706,156,-59,-989,6,0,0,-8,19376,69,33,79,16,0,0,0,0,0,0,0,-32287,0,0,0,0,0,2930760,0
2804551,7430,-930,254,-752,157,-60,-989,6,2,0,-8,19376,69,33,79,16,0,0,0,0,0,0,0,-32287,0,0,0,0,0,2930765,0
2804556,7552,-1068,318,-799,106,-85,-990,3,1,0,-8,19377,71,33,79,16,0,0,0,0,0,0,0,-32286,0,0,0,0,0,2930780,0
2804561,7748,-1142,350,-809,97,-77,-989,5,-1,0,0,19377,71,33,79,16,0,0,0,0,0,0,0,-32287,0,0,0,0,0,2930785,0
2804566,7822,-1192,454,-858,83,-80,-989,3,-6,0,-8,19376,62,33,79,16,0,0,0,0,0,0,0,-32287,0,0,0,0,0,2930800,0
2804571,7980,-1332,496,-914,95,-72,-989,4,1,-1,-8,19376,62,33,79,16,0,0,0,0,0,0,0,-32287,0,0,0,0,0,2930805,0
2804576,8200,-1594,742,-988,121,-42,-990,2,-1,0,-8,19377,62,33,79,16,0,0,0,0,0,0,0,-32287,0,0,0,0,0,2930820,0
2804581,8344,-1778,892,-984,123,-41,-990,2,-2,0,-8,19377,62,33,79,16,0,0,0,0,0,0,0,-32287,0,0,0,0,0,2930825,0
2804586,8548,-1954,996,-951,125,-44,-990,-2,-6,0,0,19376,62,33,79,16,0,0,0,0,0,0,0,-32287,0,0,0,0,0,2930840,0
2804591,8746,-2010,1116,-903,138,-43,-989,2,-2,0,0,19376,62,33,79,16,0,0,0,0,0,0,0,-32287,0,0,0,0,0,2930845,0
2804596,8906,-2152,1252,-899,172,-53,-991,-5,0,0,-8,19374,69,33,79,16,0,0,0,0,0,0,0,-32287,0,0,0,0,0,2930860,0
2804601,8956,-2202,1308,-896,206,-58,-988,0,0,0,0,19374,69,33,79,16,0,0,0,0,0,0,0,-32287,0,0,0,0,0,2930865,0
2804606,9064,-2226,1320,-884,232,-58,-991,0,-3,0,-8,19375,63,33,79,16,0,0,0,0,0,0,0,-32287,0,0,0,0,0,2930880,0
2804611,9072,-2286,1340,-875,258,-86,-989,5,3,0,0,19375,63,33,79,16,0,0,0,0,0,0,0,-32287,0,0,0,0,0,2930885,0
2804616,9098,-2374,1406,-822,306,-114,-990,-3,-3,-1,-8,19377,65,33,79,16,0,0,0,0,0,0,0,-32287,0,0,0,0,0,2930900,0
2804621,9030,-2314,1466,-769,329,-116,-989,5,4,-1,0,19377,65,33,79,16,0,0,0,0,0,0,0,-32287,0,0,0,0,0,2930905,0
2804626,8980,-2318,1506,-722,361,-125,-991,-4,0,-1,-8,19378,62,33,79,16,0,0,0,0,0,0,0,-32287,0,0,0,0,0,2930920,0
2804631,8960,-2262,1582,-671,354,-136,-991,-5,0,0,0,19378,62,33,79,16,0,0,0,0,0,0,0,-32286,0,0,0,0,0,2930925,0
2804636,9008,-1762,1666,-584,437,-159,-990,0,-2,0,0,19377,57,33,79,16,0,0,0,0,0,0,0,-32287,0,0,0,0,0,2930940,0
2804641,9110,-1402,1820,-596,507,-181,-989,0,4,0,-8,19377,57,33,79,16,0,0,0,0,0,0,0,-32287,0,0,0,0,0,2930945,0
2804646,9466,-660,2208,-590,638,-274,-990,2,0,0,-8,19377,69,33,79,16,0,0,0,0,0,0,0,-32287,0,0,0,0,0,2930960,0
2804651,9442,-746,2164,-541,709,-327,-990,-1,1,0,-8,19377,69,33,79,16,0,0,0,0,0,0,0,-32287,0,0,0,0,0,2930965,0
2804656,8902,-980,1890,-439,650,-363,-990,-5,-3,-1,-8,19378,64,33,79,16,0,0,0,0,0,0,0,-32287,0,0,0,0,0,2930980,0
2804661,8866,-722,1770,-451,633,-350,-992,-5,2,0,0,19378,64,33,79,16,0,0,0,0,0,0,0,-32287,0,0,0,0,0,2930985,0
2804666,8980,-240,1728,-536,617,-370,-991,-2,-1,0,-8,19377,83,33,79,16,0,0,0,0,0,0,0,-32286,0,0,0,0,0,2931000,0
2804671,9158,180,1752,-686,638,-387,-991,-3,-2,0,-8,19377,83,33,79,16,0,0,0,0,0,0,0,-32287,0,0,0,0,0,2931005,0
2804676,9610,-582,2062,-966,742,-422,-993,-1,2,-1,0,19378,76,33,79,16,0,0,0,0,0,0,0,-32287,0,0,0,0,0,2931020,0
2804681,9770,-1248,2186,-1095,753,-402,-992,6,-1,-1,-8,19378,76,33,79,16,0,0,0,0,0,0,0,-32287,0,0,0,0,0,2931025,0
2804686,10352,-1882,2346,-1201,731,-361,-993,-3,-1,0,-8,19376,75,33,79,16,0,0,0,0,0,0,0,-32287,0,0,0,0,0,2931040,0
2804691,10676,-2376,2558,-1328,751,-326,-992,7,3,0,0,19376,75,33,79,16,0,0,0,0,0,0,0,-32287,0,0,0,0,0,2931045,0
2804696,11426,-3656,2362,-1586,767,-226,-993,1,6,0,-8,19374,68,33,79,16,0,0,0,0,0,0,0,-32287,0,0,0,0,0,2931060,0
2804701,11406,-4620,2416,-1667,720,-185,-993,2,1,0,-8,19374,68,33,79,16,0,0,0,0,0,0,0,-32287,0,0,0,0,0,2931065,0
2804706,11610,-5514,2088,-1618,642,-139,-993,0,0,0,0,19375,63,33,79,16,0,0,0,0,0,0,0,-32287,0,0,0,0,0,2931080,0
2804711,11420,-5730,1976,-1469,544,-118,-993,-3,1,0,0,19375,63,33,79,16,0,0,0,0,0,0,0,-32287,0,0,0,0,0,2931085,0
2804716,10946,-4750,1568,-1225,520,-209,-993,0,0,0,-8,19376,63,33,79,16,0,0,0,0,0,0,0,-32287,0,0,0,0,0,2931100,0
2804721,10314,-4202,1448,-1225,616,-276,-992,0,3,0,-8,19376,63,33,79,16,0,0,0,0,0,0,0,-32287,0,0,0,0,0,2931105,0
2804726,9524,-4010,1354,-1249,706,-363,-992,3,-2,-1,-8,19376,70,33,79,16,0,0,0,0,0,0,0,-32287,0,0,0,0,0,2931119,0
2804731,8688,-4172,1268,-1245,738,-436,-993,2,3,0,-8,19376,70,33,79,16,0,0,0,0,0,0,0,-32287,0,0,0,0,0,2931124,0
2804736,7192,-5586,1316,-1109,582,-517,-991,0,0,0,0,19375,68,33,79,16,0,0,0,0,0,0,0,-32288,0,0,0,0,0,2931139,0
2804741,6724,-6328,1392,-1016,475,-516,-993,1,5,0,0,19375,68,33,79,16,0,0,0,0,0,0,0,-32287,0,0,0,0,0,2931144,0
2804746,6368,-6856,1458,-890,374,-509,-990,9,5,1,-8,19375,68,33,79,16,0,0,0,0,0,0,0,-32287,0,0,0,0,0,2931159,0
2804751,6030,-7194,1494,-725,272,-487,-992,-5,-1,0,-8,19375,68,33,79,16,0,0,0,0,0,0,0,-32287,0,0,0,0,0,2931164,0
2804756,5574,-6870,1182,-420,57,-383,-990,5,3,0,-8,19377,71,33,79,16,0,0,0,0,0,0,0,-32287,0,0,0,0,0,2931179,0
2804761,5808,-6400,1134,-334,39,-318,-992,1,-3,-1,0,19377,71,33,79,16,0,0,0,0,0,0,0,-32287,0,0,0,0,0,2931184,0
2804766,5692,-5976,1392,-253,-19,-280,-991,5,2,0,-8,19376,73,33,79,16,0,0,0,0,0,0,0,-32287,0,0,0,0,0,2931199,0
2804771,5862,-5736,1458,-112,-101,-252,-991,0,-3,0,0,19376,73,33,79,16,0,0,0,0,0,0,0,-32287,0,0,0,0,0,2931204,0
2804776,6100,-4772,1498,168,-246,-230,-991,-4,6,0,0,19375,69,33,79,16,0,0,0,0,0,0,0,-32287,0,0,0,0,0,2931219,0
2804781,6232,-4248,1344,252,-273,-230,-990,1,0,0,0,19375,69,33,79,16,0,0,0,0,0,0,0,-32287,0,0,0,0,0,2931224,0
2804786,6192,-3892,1190,284,-278,-230,-989,1,1,0,-8,19375,69,33,79,16,0,0,0,0,0,0,0,-32287,0,0,0,0,0,2931239,0
2804791,6148,-3706,966,270,-244,-215,-990,0,-2,0,0,19375,69,33,79,16,0,0,0,0,0,0,0,-32287,0,0,0,0,0,2931244,0
2804796,5152,-3236,714,-305,81,24,-987,3,1,-5,8,19374,79,33,79,16,0,0,0,0,0,0,0,-32287,0,0,0,0,0,2931259,0
2804801,5836,-3962,332,-483,155,117,-978,36,17,-2,16,19374,79,33,79,16,0,0,0,0,0,0,0,-32287,0,0,0,0,0,2931264,0
2804806,5186,-4002,408,-475,287,169,-967,50,35,0,16,19375,84,33,79,16,0,0,0,0,0,0,0,-32287,0,0,0,0,0,2931279,0
2804811,5182,-4204,226,-333,312,208,-959,33,39,-1,16,19375,84,33,79,16,0,0,0,0,0,0,0,-32287,0,0,0,0,0,2931284,0
2804816,5054,-4236,-106,5,282,257,-948,47,29,-1,24,19376,84,33,79,16,0,0,0,0,0,0,0,-32287,0,0,0,0,0,2931299,0
2804821,5236,-4232,-338,176,237,253,-929,88,29,-6,48,19376,84,33,79,16,0,0,0,0,0,0,0,-32287,0,0,0,0,0,2931304,0
2804826,5328,-4382,-588,267,148,291,-895,165,67,-10,88,19376,78,33,79,16,0,0,0,0,0,0,0,-32287,0,0,0,0,0,2931319,0
2804831,5300,-4554,-812,211,58,377,-849,197,116,0,120,19376,78,33,79,16,0,0,0,0,0,0,0,-32287,0,0,0,0,0,2931324,0
2804836,5540,-4834,-904,-66,-132,596,-799,214,157,2,112,19376,79,33,79,16,0,0,0,0,0,0,0,-32287,0,0,0,0,0,2931339,0
2804841,5836,-5124,-740,-174,-241,699,-744,249,153,2,160,19376,79,33,79,16,0,0,0,0,0,0,0,-32287,0,0,0,0,0,2931344,0
2804846,6132,-5066,-452,-157,-302,741,-681,282,121,-4,224,19375,81,33,79,16,0,0,0,0,0,0,0,-32287,0,0,0,0,0,2931359,0
2804851,6600,-5006,-208,-54,-376,772,-610,318,100,5,264,19375,81,33,79,16,0,0,0,0,0,0,0,-32287,0,0,0,0,0,2931364,0
2804856,7372,-4652,-32,191,-553,764,-531,356,107,-1,328,19377,90,33,79,16,0,0,0,0,0,0,0,-32287,0,0,0,0,0,2931379,0
2804861,7738,-4414,-110,217,-592,778,-445,383,117,-2,368,19377,90,33,79,16,0,0,0,0,0,0,0,-32286,0,0,0,0,0,2931384,0
2804866,7860,-4040,-54,159,-609,789,-358,385,107,6,336,19375,82,33,79,16,0,0,0,0,0,0,0,-32287,0,0,0,0,0,2931399,0
2804871,8050,-3878,-86,59,-587,789,-276,361,70,10,296,19375,82,33,79,16,0,0,0,0,0,0,0,-32287,0,0,0,0,0,2931404,0
2804876,8208,-3626,14,1,-516,721,-195,350,22,4,272,19377,67,33,79,16,0,0,0,0,0,0,0,-32287,0,0,0,0,0,2931419,0
2804881,8124,-3360,100,39,-500,635,-116,336,-18,5,248,19377,67,33,79,16,0,0,0,0,0,0,0,-32287,0,0,0,0,0,2931424,0
2804886,8112,-3250,144,92,-463,557,-41,333,-41,-2,256,19380,65,33,79,16,0,0,0,0,0,0,0,-32287,0,0,0,0,0,2931439,0
2804891,7932,-3002,186,112,-414,466,36,342,-36,-2,256,19380,65,33,79,16,0,0,0,0,0,0,0,-32287,0,0,0,0,0,2931444,0
2804896,7552,-2812,208,103,-303,313,110,324,-23,1,232,19384,73,33,79,16,0,0,0,0,0,0,0,-32287,0,0,0,0,0,2931459,0
2804901,7270,-2638,296,44,-246,232,181,311,-21,0,216,19384,73,33,79,16,0,0,0,0,0,0,0,-32287,0,0,0,0,0,2931464,0
2804906,7170,-2728,318,29,-209,142,253,317,-22,0,224,19385,78,33,79,16,0,0,0,0,0,0,0,-32287,0,0,0,0,0,2931479,0
2804911,6910,-2760,358,35,-199,86,323,308,-23,3,232,19385,78,33,79,16,0,0,0,0,0,0,0,-32287,0,0,0,0,0,2931484,0
2804916,6728,-3038,172,157,-290,-14,396,321,-13,-4,256,19382,75,33,79,16,0,0,0,0,0,0,0,-32287,0,0,0,0,0,2931499,0
2804921,6606,-2932,76,236,-371,-39,474,343,9,0,288,19382,75,33,79,16,0,0,0,0,0,0,0,-32287,0,0,0,0,0,2931504,0
2804926,6486,-2860,-14,251,-470,-66,556,369,33,-5,312,19379,71,33,79,16,0,0,0,0,0,0,0,-32287,0,0,0,0,0,2931519,0
2804931,6504,-2744,-146,207,-540,-63,639,363,44,-4,328,19379,71,33,79,16,0,0,0,0,0,0,0,-32287,0,0,0,0,0,2931524,0
2804936,6534,-2486,-248,143,-696,-83,725,380,52,-1,352,19376,74,33,79,16,0,0,0,0,0,0,0,-32287,0,0,0,0,0,2931539,0
2804941,6434,-2310,-184,120,-775,-117,811,381,40,-5,352,19376,74,33,79,16,0,0,0,0,0,0,0,-32287,0,0,0,0,0,2931544,0
2804946,6714,-2320,-222,138,-831,-130,903,405,32,-9,440,19376,75,33,79,16,0,0,0,0,0,0,0,-32287,0,0,0,0,0,2931559,0
2804951,6688,-2152,-108,151,-860,-137,1001,435,41,-17,512,19376,75,33,79,16,0,0,0,0,0,0,0,-32287,0,0,0,0,0,2931564,0
2804956,6756,-2312,56,96,-891,-99,1101,448,63,-3,536,19374,80,33,79,16,0,0,0,0,0,0,0,-32287,0,0,0,0,0,2931579,0
2804961,7094,-2508,32,70,-884,-65,1205,457,62,1,560,19374,80,33,79,16,0,0,0,0,0,0,0,-32287,0,0,0,0,0,2931584,0
2804966,7102,-2528,198,71,-895,-36,1312,483,60,-4,664,19375,70,33,79,16,0,0,0,0,0,0,0,-32287,0,0,0,0,0,2931598,0
2804971,7332,-2774,272,104,-913,-2,1430,518,68,-6,760,19375,70,33,79,16,0,0,0,0,0,0,0,-32287,0,0,0,0,0,2931603,0
2804976,7536,-2736,562,202,-920,63,1554,551,82,0,824,19373,70,33,79,16,0,0,0,0,0,0,0,-32287,0,0,0,0,0,2931618,0
2804981,7848,-2716,576,232,-892,101,1681,563,97,3,856,19373,70,33,79,16,0,0,0,0,0,0,0,-32286,0,0,0,0,0,2931623,0
2804986,7912,-2644,692,255,-860,104,1820,608,103,0,976,19373,68,33,79,16,0,0,0,0,0,0,0,-32287,0,0,0,0,0,2931638,0
2804991,8136,-2686,742,316,-801,119,1964,640,100,7,1016,19373,68,33,79,16,0,0,0,0,0,0,0,-32287,0,0,0,0,0,2931643,0
2804996,8244,-2760,728,380,-667,178,2111,652,101,9,1024,19373,70,33,79,16,0,0,0,0,0,0,0,-32286,0,0,0,0,0,2931658,0
2805001,8352,-2730,702,436,-582,188,2263,675,89,0,1096,19373,70,33,79,16,0,0,0,0,0,0,0,-32287,0,0,0,0,0,2931663,0
2805006,8320,-2786,668,498,-501,196,2418,683,79,0,1080,19373,73,33,79,16,0,0,0,0,0,0,0,-32287,0,0,0,0,0,2931678,0
2805011,8260,-2804,622,531,-420,203,2572,687,53,0,1096,19373,73,33,79,16,0,0,0,0,0,0,0,-32286,0,0,0,0,0,2931683,0
2805016,8176,-2894,454,606,-260,220,2732,696,39,3,1104,19375,67,33,79,16,0,0,0,0,0,0,0,-32287,0,0,0,0,0,2931698,0
2805021,8056,-3068,390,622,-200,245,2891,707,37,2,1120,19375,67,33,79,16,0,0,0,0,0,0,0,-32287,0,0,0,0,0,2931703,0
2805026,7884,-3096,382,628,-148,255,3051,699,26,6,1104,19373,63,33,79,16,0,0,0,0,0,0,0,-32287,0,0,0,0,0,2931718,0
2805031,7810,-3140,262,640,-94,263,3211,703,12,3,1088,19373,63,33,79,16,0,0,0,0,0,0,0,-32287,0,0,0,0,0,2931723,0
2805036,7494,-3228,96,623,-42,305,3369,700,7,1,1088,19373,72,33,79,16,0,0,0,0,0,0,0,-32287,0,0,0,0,0,2931738,0
2805041,7316,-3390,32,570,-39,329,3526,684,-7,6,1040,19373,72,33,79,16,0,0,0,0,0,0,0,-32287,0,0,0,0,0,2931743,0
2805046,7382,-3496,94,555,-4,356,3680,680,-20,6,1008,19372,67,33,79,16,0,0,0,0,0,0,0,-32287,0,0,0,0,0,2931758,0
2805051,6918,-3726,224,581,-9,380,3832,667,-20,3,1008,19372,67,33,79,16,0,0,0,0,0,0,0,-32286,0,0,0,0,0,2931763,0
2805056,6626,-3914,68,772,-166,385,3951,650,-37,1,952,19376,73,33,79,16,0,0,0,0,0,0,0,-32286,0,0,0,0,0,2931778,0
2805061,6668,-3720,142,876,-189,373,4101,656,-32,-4,984,19376,73,33,79,16,0,0,0,0,0,0,0,-32286,0,0,0,0,0,2931783,0
2805066,6560,-3652,134,890,-182,395,4249,651,-23,4,944,19377,70,33,79,16,0,0,0,0,0,0,0,-32287,0,0,0,0,0,2931798,0
2805071,6390,-3506,248,849,-183,412,4391,626,-30,8,880,19377,70,33,79,16,0,0,0,0,0,0,0,-32287,0,0,0,0,0,2931803,0
2805076,6484,-3724,242,863,-171,372,4531,614,-35,-6,880,19376,64,33,79,16,0,0,0,0,0,0,0,-32287,0,0,0,0,0,2931818,0
2805081,6284,-3816,314,900,-134,392,4668,599,-42,-1,824,19376,64,33,79,16,0,0,0,0,0,0,0,-32287,0,0,0,0,0,2931823,0
2805086,6222,-3694,298,980,-199,382,4801,576,-56,6,760,19373,63,33,79,16,0,0,0,0,0,0,0,-32287,0,0,0,0,0,2931838,0
2805091,6248,-3700,282,1065,-231,363,4928,555,-63,-3,720,19373,63,33,79,16,0,0,0,0,0,0,0,-32287,0,0,0,0,0,2931843,0
2805096,6350,-3528,136,1165,-255,354,5052,550,-63,-3,712,19372,58,33,79,16,0,0,0,0,0,0,0,-32287,0,0,0,0,0,2931858,0
2805101,6232,-3444,78,1154,-286,378,5169,509,-76,1,600,19372,58,33,79,16,0,0,0,0,0,0,0,-32287,0,0,0,0,0,2931863,0
2805106,6390,-3494,-4,1179,-329,391,5278,476,-83,-7,536,19374,66,33,79,16,0,0,0,0,0,0,0,-32287,0,0,0,0,0,2931878,0
2805111,6426,-3244,-8,1225,-373,385,5380,446,-94,-10,480,19374,66,33,79,16,0,0,0,0,0,0,0,-32287,0,0,0,0,0,2931883,0
2805116,6574,-3152,-22,1326,-454,423,5476,416,-104,-5,416,19376,68,33,79,16,0,0,0,0,0,0,0,-32286,0,0,0,0,0,2931898,0
2805121,6668,-3054,-104,1342,-460,470,5563,379,-111,7,336,19376,68,33,79,16,0,0,0,0,0,0,0,-32287,0,0,0,0,0,2931903,0
2805126,6846,-2894,44,1313,-476,469,5644,345,-110,10,272,19375,69,33,79,16,0,0,0,0,0,0,0,-32287,0,0,0,0,0,2931918,0
2805131,7098,-2864,52,1287,-410,514,5719,318,-105,11,200,19375,69,33,79,16,0,0,0,0,0,0,0,-32287,0,0,0,0,0,2931923,0
2805136,7226,-2632,160,1298,-357,560,5784,281,-113,3,168,19373,67,33,79,16,0,0,0,0,0,0,0,-32287,0,0,0,0,0,2931938,0
2805141,7506,-2586,16,1348,-269,564,5843,261,-118,-5,136,19373,67,33,79,16,0,0,0,0,0,0,0,-32287,0,0,0,0,0,2931943,0
2805146,7592,-2634,2,1399,-210,618,5899,240,-101,-6,128,19374,80,33,79,16,0,0,0,0,0,0,0,-32287,0,0,0,0,0,2931958,0
2805151,7714,-2700,-26,1437,-206,646,5952,228,-83,-7,120,19374,80,33,79,16,0,0,0,0,0,0,0,-32287,0,0,0,0,0,2931963,0
2805156,8124,-2362,-348,1448,-109,723,5999,203,-92,3,80,19375,80,33,79,16,0,0,0,0,0,0,0,-32287,0,0,0,0,0,2931978,0
2805161,8274,-1914,-108,1341,-85,732,6040,172,-85,-4,80,19375,80,33,79,16,0,0,0,0,0,0,0,-32287,0,0,0,0,0,2931983,0
2805166,7896,-2300,-280,1308,36,746,6075,154,-90,-5,72,19377,78,33,79,16,0,0,0,0,0,0,0,-32287,0,0,0,0,0,2931998,0
2805171,7778,-2326,-382,1410,-42,712,6112,153,-83,-2,56,19377,78,33,79,16,0,0,0,0,0,0,0,-32287,0,0,0,0,0,2932003,0
2805176,7910,-1834,-290,1274,11,760,6140,115,-63,0,56,19377,69,33,79,16,0,0,0,0,0,0,0,-32287,0,0,0,0,0,2932018,0
2805181,8180,-1904,-502,1052,113,790,6170,129,-36,-8,56,19377,69,33,79,16,0,0,0,0,0,0,0,-32287,0,0,0,0,0,2932023,0
2805186,7878,-1758,-320,894,228,802,6201,135,-20,0,64,19377,73,33,79,16,0,0,0,0,0,0,0,-32287,0,0,0,0,0,2932038,0
2805191,7870,-2102,-162,842,263,761,6243,190,-3,-4,120,19377,73,33,79,16,0,0,0,0,0,0,0,-32286,0,0,0,0,0,2932043,0
2805196,7812,-2268,28,1114,202,675,6298,249,57,-3,200,19377,78,33,79,16,0,0,0,0,0,0,0,-32286,0,0,0,0,0,2932058,0
2805201,7896,-2136,108,1283,197,583,6370,328,135,-8,344,19377,78,33,79,16,0,0,0,0,0,0,0,-32287,0,0,0,0,0,2932063,0
2805206,8072,-2086,-32,1438,144,507,6459,402,202,-11,472,19378,74,33,79,16,0,0,0,0,0,0,0,-32287,0,0,0,0,0,2932078,0
2805211,7984,-1984,-112,1498,86,462,6563,457,237,-17,616,19378,74,33,79,16,0,0,0,0,0,0,0,-32287,0,0,0,0,0,2932083,0
2805216,8386,-1576,-206,1590,5,317,6677,504,231,-6,744,19376,68,33,79,16,0,0,0,0,0,0,0,-32287,0,0,0,0,0,2932098,0
2805221,8252,-1496,-160,1644,-39,218,6805,570,215,1,912,19376,68,33,79,16,0,0,0,0,0,0,0,-32287,0,0,0,0,0,2932102,0
2805226,8464,-1528,-178,1723,-65,154,6945,628,201,10,1016,19374,69,33,79,16,0,0,0,0,0,0,0,-32287,0,0,0,0,0,2932118,0
2805231,8452,-1472,-110,1763,-96,94,7095,658,186,17,1040,19374,69,33,79,16,0,0,0,0,0,0,0,-32287,0,0,0,0,0,2932122,0
2805236,8734,-1242,-8,1733,-38,-5,7251,685,166,3,1088,19373,73,33,79,16,0,0,0,0,0,0,0,-32287,0,0,0,0,0,2932137,0
2805241,8658,-1264,102,1686,15,-34,7413,712,144,9,1104,19373,73,33,79,16,0,0,0,0,0,0,0,-32286,0,0,0,0,0,2932145,0
2805246,8640,-1174,104,1677,36,-79,7572,707,102,14,1080,19372,78,33,79,16,0,0,0,0,0,0,0,-32287,0,0,0,0,0,2932160,0
2805251,8782,-1104,84,1689,102,-142,7732,702,57,-1,1080,19372,78,33,79,16,0,0,0,0,0,0,0,-32287,0,0,0,0,0,2932165,0
2805256,8612,-878,68,1644,252,-196,7891,692,21,6,1024,19373,85,33,79,16,0,0,0,0,0,0,0,-32287,0,0,0,0,0,2932180,0
2805261,8530,-744,38,1534,301,-207,8044,670,-13,6,976,19373,85,33,79,16,0,0,0,0,0,0,0,-32286,0,0,0,0,0,2932185,0
2805266,8564,-604,8,1459,385,-227,8192,656,-36,0,944,19376,70,33,79,16,0,0,0,0,0,0,0,-32287,0,0,0,0,0,2932200,0
2805271,8392,-500,-18,1406,451,-252,8337,629,-58,4,864,19376,70,33,79,16,0,0,0,0,0,0,0,-32287,0,0,0,0,0,2932205,0
2805276,8268,-376,-446,1236,444,-235,8473,602,-71,8,800,19377,64,33,79,16,0,0,0,0,0,0,0,-32287,0,0,0,0,0,2932220,0
2805281,8400,-220,-408,1178,449,-268,8603,569,-87,-3,728,19377,64,33,79,16,0,0,0,0,0,0,0,-32287,0,0,0,0,0,2932225,0
2805286,8510,-132,-380,1097,477,-270,8728,543,-91,-6,672,19377,68,33,79,16,0,0,0,0,0,0,0,-32287,0,0,0,0,0,2932240,0
2805291,8608,-244,-384,971,501,-269,8847,522,-94,-6,624,19377,68,33,79,16,0,0,0,0,0,0,0,-32287,0,0,0,0,0,2932245,0
2805296,9148,-812,-456,758,461,-289,8959,491,-92,-4,560,19377,70,33,79,16,0,0,0,0,0,0,0,-32287,0,0,0,0,0,2932260,0
2805301,9302,-862,-534,685,476,-301,9065,468,-91,-7,528,19377,70,33,79,16,0,0,0,0,0,0,0,-32287,0,0,0,0,0,2932265,0
2805306,9226,-1368,-868,581,372,-306,9170,463,-85,-13,544,19376,75,33,79,16,0,0,0,0,0,0,0,-32287,0,0,0,0,0,2932280,0
2805311,9434,-2060,-1050,517,215,-275,9273,443,-75,-3,472,19376,75,33,79,16,0,0,0,0,0,0,0,-32287,0,0,0,0,0,2932285,0
2805316,9810,-2546,-554,420,-50,-283,9369,421,-53,1,432,19376,58,33,79,16,0,0,0,0,0,0,0,-32287,0,0,0,0,0,2932300,0
2805321,10152,-2634,-210,368,-179,-306,9460,394,-59,1,400,19376,58,33,79,16,0,0,0,0,0,0,0,-32287,0,0,0,0,0,2932305,0
2805326,10452,-2846,140,355,-264,-331,9550,395,-61,-4,416,19377,63,33,79,16,0,0,0,0,0,0,0,-32287,0,0,0,0,0,2932320,0
2805331,10486,-2992,538,367,-306,-361,9638,393,-60,0,384,19377,63,33,79,16,0,0,0,0,0,0,0,-32287,0,0,0,0,0,2932325,0
2805336,10490,-3126,1134,294,-309,-386,9721,350,-55,21,272,19377,71,33,79,16,0,0,0,0,0,0,0,-32287,0,0,0,0,0,2932340,0
2805341,10456,-3008,1260,211,-265,-384,9789,311,-65,18,192,19377,71,33,79,16,0,0,0,0,0,0,0,-32287,0,0,0,0,0,2932345,0
2805346,10322,-2694,1526,96,-159,-390,9850,260,-93,3,112,19378,79,33,79,16,0,0,0,0,0,0,0,-32287,0,0,0,0,0,2932360,0
2805351,10094,-2502,1730,-67,-62,-392,9897,206,-147,-13,96,19378,79,33,79,16,0,0,0,0,0,0,0,-32287,0,0,0,0,0,2932365,0
2805356,9592,-2422,1764,-217,18,-484,9937,182,-156,-7,72,19378,70,33,79,16,0,0,0,0,0,0,0,-32287,0,0,0,0,0,2932380,0
2805361,9380,-2612,1860,-216,26,-506,9973,156,-152,-4,56,19378,70,33,79,16,0,0,0,0,0,0,0,-32287,0,0,0,0,0,2932385,0
2805366,9304,-2444,1994,-232,64,-575,9995,97,-139,1,24,19379,70,33,79,16,0,0,0,0,0,0,0,-32287,0,0,0,0,0,2932400,0
2805371,9240,-2494,1972,-213,50,-670,10014,77,-121,0,24,19379,70,33,79,16,0,0,0,0,0,0,0,-32287,0,0,0,0,0,2932405,0
2805376,9040,-3012,1656,-164,-54,-773,10029,57,-110,1,16,19378,75,33,79,16,0,0,0,0,0,0,0,-32287,0,0,0,0,0,2932420,0
2805381,9118,-3030,1632,-212,1,-820,10030,1,-115,7,-8,19378,75,33,79,16,0,0,0,0,0,0,0,-32287,0,0,0,0,0,2932425,0
2805386,9144,-3146,1432,-301,40,-847,10030,7,-107,0,-8,19377,86,33,79,16,0,0,0,0,0,0,0,-32286,0,0,0,0,0,2932440,0
2805391,8882,-3502,1314,-462,75,-824,10029,-4,-89,0,0,19377,86,33,79,16,0,0,0,0,0,0,0,-32287,0,0,0,0,0,2932445,0
2805396,8500,-4434,1158,-756,134,-733,10030,-2,-63,0,-8,19376,94,33,79,16,0,0,0,0,0,0,0,-32287,0,0,0,0,0,2932460,0
2805401,8106,-4658,1198,-839,114,-689,10031,6,-29,1,-8,19376,94,33,79,16,0,0,0,0,0,0,0,-32287,0,0,0,0,0,2932465,0
2805406,8090,-4952,1188,-880,17,-647,10030,3,7,0,-8,19376,88,33,79,16,0,0,0,0,0,0,0,-32286,0,0,0,0,0,2932480,0
2805411,7858,-5010,1154,-917,-60,-598,10030,3,-2,-1,0,19376,88,33,79,16,0,0,0,0,0,0,0,-32287,0,0,0,0,0,2932485,0
2805416,7254,-5080,1150,-985,-175,-544,10029,0,-2,-1,0,19377,75,33,79,16,0,0,0,0,0,0,0,-32286,0,0,0,0,0,2932500,0
2805421,6962,-5172,1114,-1051,-257,-514,10029,-2,-1,0,-8,19377,75,33,79,16,0,0,0,0,0,0,0,-32287,0,0,0,0,0,2932505,0
2805426,6670,-5322,1074,-1134,-320,-487,10029,6,-3,-1,0,19376,72,33,79,16,0,0,0,0,0,0,0,-32287,0,0,0,0,0,2932520,0
2805431,6282,-5594,1122,-1192,-386,-457,10029,4,1,0,0,19376,72,33,79,16,0,0,0,0,0,0,0,-32286,0,0,0,0,0,2932525,0
2805436,7338,-4914,2082,-809,-650,-708,10027,-7,0,0,-8,19376,76,33,79,16,0,0,0,0,0,0,0,-32287,0,0,0,0,0,2932540,0
2805441,6970,-6112,2498,526,-773,-1086,10018,-47,-16,5,-40,19376,76,33,79,16,0,0,0,0,0,0,0,-32287,0,0,0,0,0,2932545,0
2805446,5936,-6678,1670,1462,-1330,-1087,9998,-88,-51,5,-56,19377,81,33,79,16,0,0,0,0,0,0,0,-32287,0,0,0,0,0,2932559,0
2805451,6186,-4034,3002,1305,-1154,-1110,9968,-147,-97,13,-112,19377,81,33,79,16,0,0,0,0,0,0,0,-32287,0,0,0,0,0,2932564,0
2805456,6160,-4486,1644,-93,-1060,-870,9915,-241,-158,12,-216,19379,83,33,79,16,0,0,0,0,0,0,0,-32287,0,0,0,0,0,2932579,0
2805461,5676,-4956,2230,-412,-814,-788,9835,-361,-222,12,-456,19379,83,33,79,16,0,0,0,0,0,0,0,-32286,0,0,0,0,0,2932584,0
2805466,5284,-6388,2084,-351,-887,-695,9722,-509,-316,36,-864,19378,70,33,79,16,0,0,0,0,0,0,0,-32287,0,0,0,0,0,2932599,0
2805471,5554,-6822,2172,-159,-915,-590,9572,-673,-413,27,-1288,19378,70,33,79,16,0,0,0,0,0,0,0,-32286,0,0,0,0,0,2932604,0
2805476,5956,-6398,2616,-146,-698,-246,9381,-855,-491,0,-1656,19379,66,33,79,16,0,0,0,0,0,0,0,-32287,0,0,0,0,0,2932619,0
2805481,6024,-6142,2780,-417,-467,-26,9150,-1035,-551,8,-2072,19379,66,33,79,16,0,0,0,0,0,0,0,-32286,0,0,0,0,0,2932624,0
2805486,6420,-6102,2804,-587,-316,130,8880,-1204,-597,6,-2424,19380,70,33,79,16,0,0,0,0,0,0,0,-32287,0,0,0,0,0,2932639,0
2805491,6820,-6278,2842,-585,-122,308,8571,-1370,-608,-8,-2736,19380,70,33,79,16,0,0,0,0,0,0,0,-32287,0,0,0,0,0,2932644,0
2805496,7398,-5536,2666,-478,139,550,8230,-1514,-596,-9,-3024,19380,81,33,79,16,0,0,0,0,0,0,0,-32288,0,0,0,0,0,2932659,0
2805501,7480,-4758,2420,-549,238,652,7859,-1644,-561,-10,-3256,19380,81,33,79,16,0,0,0,0,0,0,0,-32288,0,0,0,0,0,2932664,0
2805506,7814,-4090,2050,-698,340,742,7464,-1738,-504,-14,-3424,19377,82,33,79,16,0,0,0,0,0,0,0,-32287,0,0,0,0,0,2932679,0
2805511,8116,-3816,2092,-943,578,866,7059,-1792,-427,-15,-3480,19377,82,33,79,16,0,0,0,0,0,0,0,-32287,0,0,0,0,0,2932684,0
2805516,7878,-3462,962,-944,310,863,6649,-1802,-322,-14,-3488,19376,76,33,79,16,0,0,0,0,0,0,0,-32287,0,0,0,0,0,2932699,0
2805521,7970,-2644,794,-837,209,808,6244,-1784,-197,-7,-3432,19376,76,33,79,16,0,0,0,0,0,0,0,-32287,0,0,0,0,0,2932704,0
2805526,8094,-1860,530,-808,46,710,5847,-1748,-71,-8,-3344,19376,76,33,79,16,0,0,0,0,0,0,0,-32287,0,0,0,0,0,2932719,0
2805531,8476,-1254,398,-828,-67,566,5460,-1700,31,-2,-3240,19376,76,33,79,16,0,0,0,0,0,0,0,-32287,0,0,0,0,0,2932724,0
2805536,8792,-964,326,-762,-380,254,5080,-1667,97,-1,-3168,19376,81,33,79,16,0,0,0,0,0,0,0,-32287,0,0,0,0,0,2932739,0
2805541,8962,-848,484,-767,-489,114,4708,-1631,124,-2,-3072,19376,81,33,79,16,0,0,0,0,0,0,0,-32287,0,0,0,0,0,2932744,0
2805546,9050,-862,924,-847,-500,13,4344,-1603,123,-3,-3000,19374,82,33,79,16,0,0,0,0,0,0,0,-32287,0,0,0,0,0,2932759,0
2805551,9114,-1256,1384,-947,-457,-64,3988,-1560,124,-5,-2904,19374,82,33,79,16,0,0,0,0,0,0,0,-32287,0,0,0,0,0,2932764,0
2805556,9030,-2256,2248,-983,-259,-170,3643,-1512,127,-2,-2800,19372,84,33,79,16,0,0,0,0,0,0,0,-32287,0,0,0,0,0,2932779,0
2805561,8972,-2684,2908,-934,-3,-200,3311,-1457,137,1,-2688,19372,84,33,79,16,0,0,0,0,0,0,0,-32286,0,0,0,0,0,2932784,0
2805566,8968,-3048,3458,-893,372,-162,2991,-1396,159,2,-2560,19373,82,33,79,16,0,0,0,0,0,0,0,-32287,0,0,0,0,0,2932799,0
2805571,8488,-3418,3746,-904,638,-138,2686,-1336,187,0,-2432,19373,82,33,79,16,0,0,0,0,0,0,0,-32287,0,0,0,0,0,2932804,0
2805576,7790,-4086,2808,-736,1031,-19,2399,-1260,202,-2,-2264,19374,78,33,79,16,0,0,0,0,0,0,0,-32287,0,0,0,0,0,2932819,0
2805581,7514,-4028,2174,-605,1046,0,2129,-1186,225,0,-2120,19374,78,33,79,16,0,0,0,0,0,0,0,-32287,0,0,0,0,0,2932824,0
2805586,7170,-3834,1798,-556,1186,70,1874,-1112,246,0,-1960,19377,71,33,79,16,0,0,0,0,0,0,0,-32287,0,0,0,0,0,2932839,0
2805591,6828,-3384,1362,-577,1200,91,1636,-1039,247,-5,-1792,19377,71,33,79,16,0,0,0,0,0,0,0,-32287,0,0,0,0,0,2932844,0
2805596,6364,-3092,536,-559,1154,125,1414,-971,255,-7,-1640,19378,80,33,79,16,0,0,0,0,0,0,0,-32287,0,0,0,0,0,2932859,0
2805601,6376,-2938,230,-473,1068,78,1208,-899,253,0,-1472,19378,80,33,79,16,0,0,0,0,0,0,0,-32287,0,0,0,0,0,2932864,0
2805606,6314,-2808,-132,-418,988,84,1015,-845,244,-2,-1360,19379,78,33,79,16,0,0,0,0,0,0,0,-32287,0,0,0,0,0,2932879,0
2805611,6226,-2578,-316,-519,885,95,833,-793,226,-4,-1232,19379,78,33,79,16,0,0,0,0,0,0,0,-32287,0,0,0,0,0,2932884,0
2805616,6386,-2338,-60,-692,816,85,665,-738,209,-5,-1120,19376,72,33,79,16,0,0,0,0,0,0,0,-32287,0,0,0,0,0,2932899,0
2805621,6454,-2448,114,-639,707,35,504,-696,189,5,-1032,19376,72,33,79,16,0,0,0,0,0,0,0,-32287,0,0,0,0,0,2932904,0
2805626,6676,-2460,102,-560,586,22,353,-665,163,0,-976,19376,74,33,79,16,0,0,0,0,0,0,0,-32287,0,0,0,0,0,2932919,0
2805631,6782,-2294,220,-590,491,21,202,-647,142,0,-936,19376,74,33,79,16,0,0,0,0,0,0,0,-32287,0,0,0,0,0,2932924,0
2805636,7036,-2198,610,-951,517,108,60,-633,113,-2,-904,19377,80,33,79,16,0,0,0,0,0,0,0,-32287,0,0,0,0,0,2932939,0
2805641,7020,-2314,892,-1068,522,122,-78,-617,87,0,-856,19377,80,33,79,16,0,0,0,0,0,0,0,-32287,0,0,0,0,0,2932944,0
2805646,7112,-2496,1100,-1028,538,128,-208,-570,82,-1,-744,19378,80,33,79,16,0,0,0,0,0,0,0,-32287,0,0,0,0,0,2932959,0
2805651,7166,-2524,1374,-954,561,135,-334,-548,87,9,-704,19378,80,33,79,16,0,0,0,0,0,0,0,-32287,0,0,0,0,0,2932964,0
2805656,7324,-2110,1522,-948,674,139,-456,-529,84,6,-664,19377,73,33,79,16,0,0,0,0,0,0,0,-32287,0,0,0,0,0,2932979,0
2805661,7488,-2192,1468,-961,729,146,-571,-497,86,3,-584,19377,73,33,79,16,0,0,0,0,0,0,0,-32287,0,0,0,0,0,2932984,0
2805666,7300,-1986,1480,-945,788,144,-677,-459,91,0,-472,19375,67,33,79,16,0,0,0,0,0,0,0,-32287,0,0,0,0,0,2932999,0
2805671,7198,-1940,1436,-953,830,146,-779,-446,91,7,-464,19375,67,33,79,16,0,0,0,0,0,0,0,-32287,0,0,0,0,0,2933003,0
2805676,6976,-1530,1148,-934,890,110,-878,-432,86,8,-464,19374,75,33,79,16,0,0,0,0,0,0,0,-32287,0,0,0,0,0,2933018,0
2805681,6924,-1502,964,-912,876,77,-975,-416,81,2,-440,19374,75,33,79,16,0,0,0,0,0,0,0,-32287,0,0,0,0,0,2933023,0
2805686,6676,-1414,750,-912,886,77,-1060,-383,71,-10,-352,19375,75,33,79,16,0,0,0,0,0,0,0,-32287,0,0,0,0,0,2933038,0
2805691,6452,-1360,622,-957,857,70,-1143,-363,76,-9,-328,19375,75,33,79,16,0,0,0,0,0,0,0,-32287,0,0,0,0,0,2933043,0
2805696,6134,-1424,474,-1049,827,55,-1224,-359,81,-1,-320,19376,84,33,79,16,0,0,0,0,0,0,0,-32287,0,0,0,0,0,2933058,0
2805701,6094,-1610,404,-1035,811,58,-1306,-355,62,0,-320,19376,84,33,79,16,0,0,0,0,0,0,0,-32287,0,0,0,0,0,2933063,0
2805706,5838,-1582,426,-1038,758,35,-1384,-337,38,-5,-272,19377,70,33,79,16,0,0,0,0,0,0,0,-32287,0,0,0,0,0,2933078,0
2805711,5892,-1656,392,-1017,747,30,-1454,-305,38,-13,-184,19377,70,33,79,16,0,0,0,0,0,0,0,-32287,0,0,0,0,0,2933083,0
2805716,5858,-1722,454,-1013,715,36,-1517,-273,59,-2,-152,19376,54,33,79,16,0,0,0,0,0,0,0,-32287,0,0,0,0,0,2933098,0
2805721,5832,-1884,394,-1020,713,67,-1573,-247,92,9,-144,19376,54,33,79,16,0,0,0,0,0,0,0,-32287,0,0,0,0,0,2933103,0
2805726,5828,-1822,458,-1025,689,69,-1628,-242,97,9,-144,19376,56,33,79,16,0,0,0,0,0,0,0,-32287,0,0,0,0,0,2933118,0
2805731,5924,-1712,508,-1013,687,44,-1679,-221,83,-1,-120,19376,56,33,79,16,0,0,0,0,0,0,0,-32287,0,0,0,0,0,2933123,0
2805736,6080,-1776,576,-972,663,71,-1727,-211,61,-2,-104,19376,65,33,79,16,0,0,0,0,0,0,0,-32287,0,0,0,0,0,2933138,0
2805741,6226,-1732,568,-986,666,75,-1773,-212,46,5,-112,19376,65,33,79,16,0,0,0,0,0,0,0,-32287,0,0,0,0,0,2933143,0
2805746,6364,-1734,590,-952,637,58,-1811,-171,49,-1,-72,19376,62,33,79,16,0,0,0,0,0,0,0,-32287,0,0,0,0,0,2933158,0
2805751,6402,-1596,632,-960,666,69,-1841,-124,68,0,-32,19376,62,33,79,16,0,0,0,0,0,0,0,-32287,0,0,0,0,0,2933163,0
2805756,6594,-1640,614,-972,648,66,-1856,-57,106,-3,-24,19375,52,33,79,16,0,0,0,0,0,0,0,-32287,0,0,0,0,0,2933178,0
2805761,6494,-1618,632,-1010,610,69,-1865,-38,134,-1,-16,19375,52,33,79,16,0,0,0,0,0,0,0,-32287,0,0,0,0,0,2933183,0
2805766,6612,-1702,648,-1011,589,61,-1874,-39,138,1,-24,19376,45,33,79,16,0,0,0,0,0,0,0,-32287,0,0,0,0,0,2933198,0
2805771,6602,-1636,626,-978,551,48,-1881,-26,101,0,-16,19376,45,33,79,16,0,0,0,0,0,0,0,-32287,0,0,0,0,0,2933203,0
2805776,6546,-1504,678,-906,478,3,-1884,-9,55,-3,0,19375,58,33,79,16,0,0,0,0,0,0,0,-32287,0,0,0,0,0,2933218,0
2805781,6524,-1410,654,-923,464,6,-1883,9,44,-2,0,19375,58,33,79,16,0,0,0,0,0,0,0,-32287,0,0,0,0,0,2933223,0
2805786,6448,-1328,666,-961,446,-9,-1882,6,39,2,-8,19376,76,33,79,16,0,0,0,0,0,0,0,-32287,0,0,0,0,0,2933238,0
2805791,6376,-1276,662,-974,427,-38,-1883,6,35,1,-8,19376,76,33,79,16,0,0,0,0,0,0,0,-32287,0,0,0,0,0,2933243,0
2805796,6324,-1228,696,-952,381,-73,-1882,0,15,0,-8,19379,80,33,79,16,0,0,0,0,0,0,0,-32287,0,0,0,0,0,2933258,0
2805801,6372,-1210,730,-958,366,-108,-1883,-2,1,0,0,19379,80,33,79,16,0,0,0,0,0,0,0,-32287,0,0,0,0,0,2933263,0
2805806,6416,-1204,756,-1005,373,-118,-1883,0,-2,0,0,19379,71,33,79,16,0,0,0,0,0,0,0,-32287,0,0,0,0,0,2933278,0
2805811,6314,-1226,736,-1094,376,-124,-1882,3,-3,0,-8,19379,71,33,79,16,0,0,0,0,0,0,0,-32287,0,0,0,0,0,2933283,0
2805816,6228,-1526,760,-1358,498,-44,-1882,8,2,0,0,19377,73,33,79,16,0,0,0,0,0,0,0,-32287,0,0,0,0,0,2933297,0
2805821,6288,-1692,884,-1411,512,-50,-1879,11,5,0,0,19377,73,33,79,16,0,0,0,0,0,0,0,-32287,0,0,0,0,0,2933302,0
2805826,6478,-2158,936,-1299,469,-67,-1879,7,11,0,0,19375,82,33,79,16,0,0,0,0,0,0,0,-32287,0,0,0,0,0,2933317,0
2805831,6598,-2180,954,-1125,372,-89,-1880,2,3,1,-8,19375,82,33,79,16,0,0,0,0,0,0,0,-32287,0,0,0,0,0,2933322,0
2805836,6938,-1974,812,-1017,234,-91,-1879,0,-3,0,-8,19375,82,33,79,16,0,0,0,0,0,0,0,-32287,0,0,0,0,0,2933337,0
2805841,7148,-1860,850,-1126,224,-56,-1878,5,-8,0,0,19375,82,33,79,16,0,0,0,0,0,0,0,-32287,0,0,0,0,0,2933342,0
2805846,7306,-1874,1006,-1222,213,-49,-1880,-5,1,0,-8,19373,75,33,79,16,0,0,0,0,0,0,0,-32287,0,0,0,0,0,2933357,0
2805851,7500,-2092,1128,-1230,189,-52,-1878,2,1,-1,-8,19373,75,33,79,16,0,0,0,0,0,0,0,-32287,0,0,0,0,0,2933362,0
2805856,7862,-2364,1294,-1094,81,-79,-1878,2,-5,0,-8,19375,67,33,79,16,0,0,0,0,0,0,0,-32287,0,0,0,0,0,2933377,0
2805861,7954,-2440,1260,-1048,19,-96,-1878,3,0,0,-8,19375,67,33,79,16,0,0,0,0,0,0,0,-32287,0,0,0,0,0,2933382,0
2805866,8266,-2492,1302,-1001,-10,-99,-1879,-2,-5,1,-8,19374,63,33,79,16,0,0,0,0,0,0,0,-32287,0,0,0,0,0,2933397,0
2805871,8240,-2468,1486,-1000,-6,-105,-1878,2,-2,1,0,19374,63,33,79,16,0,0,0,0,0,0,0,-32287,0,0,0,0,0,2933402,0
2805876,8498,-2524,1536,-1082,32,-100,-1878,2,-2,1,-8,19373,73,33,79,16,0,0,0,0,0,0,0,-32287,0,0,0,0,0,2933417,0
2805881,8426,-2460,1674,-1093,52,-113,-1880,-1,1,1,-8,19373,73,33,79,16,0,0,0,0,0,0,0,-32287,0,0,0,0,0,2933422,0
2805886,8420,-2344,1738,-1096,75,-160,-1880,-5,-6,0,-8,19373,76,33,79,16,0,0,0,0,0,0,0,-32287,0,0,0,0,0,2933437,0
2805891,8670,-2514,1620,-962,-6,-224,-1882,-18,-8,1,-8,19373,76,33,79,16,0,0,0,0,0,0,0,-32286,0,0,0,0,0,2933442,0
2805896,8330,-2352,1658,-960,-14,-224,-1881,-6,-3,-1,-8,19375,81,33,79,16,0,0,0,0,0,0,0,-32286,0,0,0,0,0,2933457,0
2805901,8304,-2220,1706,-1094,58,-187,-1883,-3,-1,-1,-8,19375,81,33,79,16,0,0,0,0,0,0,0,-32287,0,0,0,0,0,2933462,0
2805906,8254,-2186,1848,-1207,116,-181,-1881,2,2,0,0,19377,63,33,79,16,0,0,0,0,0,0,0,-32286,0,0,0,0,0,2933477,0
2805911,8284,-2290,2030,-1173,165,-175,-1883,-3,-2,0,0,19377,63,33,79,16,0,0,0,0,0,0,0,-32287,0,0,0,0,0,2933482,0
2805916,8486,-2086,2244,-886,191,-231,-1882,5,12,0,-8,19376,62,33,79,16,0,0,0,0,0,0,0,-32287,0,0,0,0,0,2933497,0
2805921,8718,-1572,2184,-810,233,-264,-1882,0,-2,1,0,19376,62,33,79,16,0,0,0,0,0,0,0,-32287,0,0,0,0,0,2933502,0
2805926,8920,-1134,2134,-812,304,-298,-1882,-3,1,0,-8,19375,64,33,79,16,0,0,0,0,0,0,0,-32287,0,0,0,0,0,2933517,0
2805931,9202,-738,2472,-788,445,-352,-1883,-1,-1,1,-8,19375,64,33,79,16,0,0,0,0,0,0,0,-32287,0,0,0,0,0,2933522,0
2805936,9288,-392,2042,-680,496,-468,-1883,-4,-4,0,0,19376,72,33,79,16,0,0,0,0,0,0,0,-32287,0,0,0,0,0,2933537,0
2805941,9392,-16,1682,-634,472,-517,-1882,6,0,1,-8,19376,72,33,79,16,0,0,0,0,0,0,0,-32287,0,0,0,0,0,2933542,0
2805946,9386,314,1488,-684,470,-554,-1883,-5,0,0,-8,19377,86,33,79,16,0,0,0,0,0,0,0,-32286,0,0,0,0,0,2933557,0
2805951,9290,510,1414,-783,458,-586,-1882,2,1,-1,-8,19377,86,33,79,16,0,0,0,0,0,0,0,-32287,0,0,0,0,0,2933562,0
2805956,9042,514,1506,-1051,465,-593,-1883,3,2,-2,-8,19376,78,33,79,16,0,0,0,0,0,0,0,-32287,0,0,0,0,0,2933577,0
2805961,9028,482,1612,-1146,463,-586,-1884,-6,0,0,0,19376,78,33,79,16,0,0,0,0,0,0,0,-32287,0,0,0,0,0,2933582,0
2805966,9100,468,1802,-1176,447,-601,-1882,-6,-1,0,0,19374,80,33,79,16,0,0,0,0,0,0,0,-32286,0,0,0,0,0,2933597,0
2805971,9062,616,1954,-1154,401,-643,-1883,4,5,0,0,19374,80,33,79,16,0,0,0,0,0,0,0,-32287,0,0,0,0,0,2933602,0
2805976,9204,1004,2020,-1249,373,-739,-1884,-7,2,1,-8,19373,78,33,79,16,0,0,0,0,0,0,0,-32287,0,0,0,0,0,2933617,0
2805981,9360,828,2070,-1406,401,-753,-1883,-4,1,0,-8,19373,78,33,79,16,0,0,0,0,0,0,0,-32286,0,0,0,0,0,2933622,0
2805986,9532,320,2300,-1592,418,-776,-1883,5,2,0,-8,19374,77,33,79,16,0,0,0,0,0,0,0,-32286,0,0,0,0,0,2933636,0
2805991,9844,-912,2168,-1712,317,-769,-1884,-10,6,0,-8,19374,77,33,79,16,0,0,0,0,0,0,0,-32286,0,0,0,0,0,2933641,0
2805996,10706,-2524,2654,-1721,312,-747,-1883,0,0,0,0,19377,78,33,79,16,0,0,0,0,0,0,0,-32287,0,0,0,0,0,2933656,0
2806001,11414,-3320,2612,-1872,425,-629,-1882,2,1,-2,0,19377,78,33,79,16,0,0,0,0,0,0,0,-32286,0,0,0,0,0,2933661,0
2806006,11526,-3540,2490,-2246,594,-561,-1878,8,10,-1,8,19376,74,33,79,16,0,0,0,0,0,0,0,-32287,0,0,0,0,0,2933676,0
2806011,12246,-5144,1978,-2388,616,-513,-1877,5,11,2,0,19376,74,33,79,16,0,0,0,0,0,0,0,-32287,0,0,0,0,0,2933681,0
2806016,12302,-7672,1438,-2193,443,-507,-1876,4,11,1,0,19377,76,33,79,16,0,0,0,0,0,0,0,-32287,0,0,0,0,0,2933696,0
2806021,12116,-8302,1892,-1915,507,-499,-1873,0,-5,1,0,19377,76,33,79,16,0,0,0,0,0,0,0,-32287,0,0,0,0,0,2933701,0
2806026,11538,-8564,2102,-1629,472,-546,-1872,8,-4,0,0,19377,73,33,79,16,0,0,0,0,0,0,0,-32287,0,0,0,0,0,2933716,0
2806031,10994,-8828,2198,-1410,513,-568,-1872,3,-1,0,0,19377,73,33,79,16,0,0,0,0,0,0,0,-32286,0,0,0,0,0,2933721,0
2806036,9326,-8422,2142,-1251,775,-621,-1869,3,-2,1,0,19376,85,33,79,16,0,0,0,0,0,0,0,-32287,0,0,0,0,0,2933736,0
2806041,8378,-8442,2090,-1192,954,-673,-1869,0,-3,2,-8,19376,85,33,79,16,0,0,0,0,0,0,0,-32287,0,0,0,0,0,2933741,0
2806046,7676,-8790,1962,-1031,1082,-723,-1871,-11,1,2,-8,19375,85,33,79,16,0,0,0,0,0,0,0,-32287,0,0,0,0,0,2933756,0
2806051,7036,-9460,1854,-755,1098,-720,-1869,0,-10,0,-8,19375,85,33,79,16,0,0,0,0,0,0,0,-32287,0,0,0,0,0,2933761,0
2806056,6048,-9464,1328,-218,912,-714,-1869,3,-5,0,-8,19374,79,33,79,16,0,0,0,0,0,0,0,-32286,0,0,0,0,0,2933776,0
2806061,5408,-9106,896,-106,838,-649,-1869,7,0,0,0,19374,79,33,79,16,0,0,0,0,0,0,0,-32287,0,0,0,0,0,2933781,0
2806066,4628,-8804,408,-76,667,-584,-1869,0,4,0,0,19374,70,33,79,16,0,0,0,0,0,0,0,-32287,0,0,0,0,0,2933796,0
2806071,3992,-8504,-172,-46,516,-470,-1869,8,5,1,0,19374,70,33,79,16,0,0,0,0,0,0,0,-32286,0,0,0,0,0,2933801,0
2806076,3106,-7476,-726,193,110,-330,-1868,0,-1,0,0,19374,67,33,79,16,0,0,0,0,0,0,0,-32287,0,0,0,0,0,2933816,0
2806081,3046,-6926,-816,347,-67,-265,-1868,0,4,0,0,19374,67,33,79,16,0,0,0,0,0,0,0,-32286,0,0,0,0,0,2933821,0
2806086,3122,-6274,-690,452,-216,-207,-1866,15,7,0,0,19375,75,33,79,16,0,0,0,0,0,0,0,-32286,0,0,0,0,0,2933836,0
2806091,3250,-5650,-476,519,-320,-160,-1861,20,10,-2,8,19375,75,33,79,16,0,0,0,0,0,0,0,-32286,0,0,0,0,0,2933841,0
2806096,3558,-4928,-230,696,-510,-124,-1854,42,27,-2,24,19375,76,33,79,16,0,0,0,0,0,0,0,-32286,0,0,0,0,0,2933856,0
2806101,3996,-4690,-454,737,-637,-93,-1836,87,53,-5,56,19375,76,33,79,16,0,0,0,0,0,0,0,-32287,0,0,0,0,0,2933861,0
2806106,4400,-4256,-400,667,-644,-22,-1802,163,101,-8,88,19374,69,33,79,16,0,0,0,0,0,0,0,-32287,0,0,0,0,0,2933876,0
2806111,4836,-3732,-298,558,-614,17,-1755,208,154,-1,136,19374,69,33,79,16,0,0,0,0,0,0,0,-32287,0,0,0,0,0,2933881,0
2806116,5636,-4030,110,495,-599,120,-1702,230,177,3,144,19373,64,33,79,16,0,0,0,0,0,0,0,-32287,0,0,0,0,0,2933896,0
2806121,6170,-4254,-50,523,-661,179,-1639,270,169,-2,216,19373,64,33,79,16,0,0,0,0,0,0,0,-32286,0,0,0,0,0,2933900,0
2806126,6256,-4648,4,562,-695,297,-1567,324,142,-5,296,19376,75,33,79,16,0,0,0,0,0,0,0,-32287,0,0,0,0,0,2933915,0
2806131,6518,-4480,-252,536,-837,385,-1482,377,142,-10,424,19376,75,33,79,16,0,0,0,0,0,0,0,-32287,0,0,0,0,0,2933920,0
2806136,7526,-3202,-362,637,-943,403,-1379,462,175,-33,664,19377,78,33,79,16,0,0,0,0,0,0,0,-32287,0,0,0,0,0,2933935,0
2806141,7778,-2964,-528,644,-1010,419,-1256,551,224,-14,872,19377,78,33,79,16,0,0,0,0,0,0,0,-32286,0,0,0,0,0,2933940,0
2806146,8060,-2560,-678,600,-1111,382,-1118,609,249,14,1000,19375,78,33,79,16,0,0,0,0,0,0,0,-32287,0,0,0,0,0,2933955,0
2806151,8438,-2422,-778,555,-1195,335,-965,673,258,7,1128,19375,78,33,79,16,0,0,0,0,0,0,0,-32287,0,0,0,0,0,2933960,0
2806156,8850,-2282,-524,460,-1310,188,-799,741,243,1,1248,19375,71,33,79,16,0,0,0,0,0,0,0,-32287,0,0,0,0,0,2933975,0
2806161,8834,-2218,-292,347,-1301,105,-622,775,213,10,1312,19375,71,33,79,16,0,0,0,0,0,0,0,-32287,0,0,0,0,0,2933980,0
2806166,8850,-2440,-128,226,-1220,29,-438,808,104,0,1368,19379,67,33,79,16,0,0,0,0,0,0,0,-32286,0,0,0,0,0,2933995,0
2806171,8674,-2880,28,136,-1121,-30,-249,831,104,11,1384,19379,67,33,79,16,0,0,0,0,0,0,0,-32286,0,0,0,0,0,2934000,0
2806176,8090,-3850,286,79,-942,-148,-61,838,97,2,1408,19383,72,33,79,16,0,0,0,0,0,0,0,-32287,0,0,0,0,0,2934015,0
2806181,7860,-4332,340,111,-880,-165,131,845,102,5,1392,19383,72,33,79,16,0,0,0,0,0,0,0,-32287,0,0,0,0,0,2934020,0
2806186,7492,-4558,414,151,-835,-180,320,834,78,4,1368,19387,77,33,79,16,0,0,0,0,0,0,0,-32287,0,0,0,0,0,2934035,0
2806191,7316,-4774,450,224,-813,-197,506,819,10,2,1328,19387,77,33,79,16,0,0,0,0,0,0,0,-32287,0,0,0,0,0,2934040,0
2806196,6894,-4850,596,424,-755,-165,689,797,-17,3,1272,19385,74,33,79,16,0,0,0,0,0,0,0,-32287,0,0,0,0,0,2934055,0
2806201,6840,-4838,652,501,-728,-155,862,759,-48,2,1184,19385,74,33,79,16,0,0,0,0,0,0,0,-32287,0,0,0,0,0,2934060,0
2806206,6696,-4690,676,540,-650,-136,1032,745,-65,1,1144,19383,80,33,79,16,0,0,0,0,0,0,0,-32287,0,0,0,0,0,2934075,0
2806211,6564,-4606,712,588,-593,-138,1192,704,-90,2,1056,19383,80,33,79,16,0,0,0,0,0,0,0,-32287,0,0,0,0,0,2934080,0
2806216,6366,-4642,522,788,-560,-160,1344,660,-105,2,976,19378,72,33,79,16,0,0,0,0,0,0,0,-32287,0,0,0,0,0,2934095,0
2806221,6238,-4534,424,854,-529,-147,1490,638,-112,-2,928,19378,72,33,79,16,0,0,0,0,0,0,0,-32286,0,0,0,0,0,2934100,0
2806226,6042,-4252,368,879,-525,-158,1626,600,-118,3,832,19377,76,33,79,16,0,0,0,0,0,0,0,-32287,0,0,0,0,0,2934115,0
2806231,6064,-4300,192,870,-502,-146,1754,556,-124,-3,736,19377,76,33,79,16,0,0,0,0,0,0,0,-32287,0,0,0,0,0,2934120,0
2806236,5810,-4238,-40,894,-551,-108,1875,531,-127,-10,696,19379,77,33,79,16,0,0,0,0,0,0,0,-32287,0,0,0,0,0,2934135,0
2806241,5708,-4074,-204,889,-596,-57,1988,485,-120,4,544,19379,77,33,79,16,0,0,0,0,0,0,0,-32286,0,0,0,0,0,2934143,0
2806246,5542,-4070,-318,830,-668,1,2090,448,-128,-2,464,19376,71,33,79,16,0,0,0,0,0,0,0,-32287,0,0,0,0,0,2934158,0
2806251,5560,-3968,-434,792,-722,31,2184,412,-128,-8,432,19376,71,33,79,16,0,0,0,0,0,0,0,-32287,0,0,0,0,0,2934163,0
2806256,5798,-3782,-460,863,-891,92,2276,410,-120,-10,440,19374,69,33,79,16,0,0,0,0,0,0,0,-32286,0,0,0,0,0,2934178,0
2806261,5886,-3780,-492,922,-994,142,2367,392,-102,1,392,19374,69,33,79,16,0,0,0,0,0,0,0,-32287,0,0,0,0,0,2934183,0
2806266,6036,-3510,-496,945,-1074,171,2452,380,-69,12,344,19373,77,33,79,16,0,0,0,0,0,0,0,-32287,0,0,0,0,0,2934198,0
2806271,6312,-3372,-474,952,-1122,217,2534,368,-57,6,328,19373,77,33,79,16,0,0,0,0,0,0,0,-32287,0,0,0,0,0,2934203,0
2806276,6694,-3130,-354,886,-1177,289,2614,357,-45,0,320,19375,73,33,79,16,0,0,0,0,0,0,0,-32287,0,0,0,0,0,2934217,0
2806281,6854,-3136,-368,925,-1211,308,2699,363,-37,-4,344,19375,73,33,79,16,0,0,0,0,0,0,0,-32287,0,0,0,0,0,2934222,0
2806286,7100,-3154,-308,1023,-1275,320,2786,388,-8,0,368,19375,76,33,79,16,0,0,0,0,0,0,0,-32287,0,0,0,0,0,2934237,0
2806291,7334,-3132,-180,1045,-1271,367,2871,371,11,6,344,19375,76,33,79,16,0,0,0,0,0,0,0,-32287,0,0,0,0,0,2934242,0
2806296,7908,-2750,110,970,-1148,436,2959,385,16,-2,360,19374,66,33,79,16,0,0,0,0,0,0,0,-32287,0,0,0,0,0,2934257,0
2806301,7896,-2558,384,920,-1080,445,3046,385,12,-2,392,19374,66,33,79,16,0,0,0,0,0,0,0,-32287,0,0,0,0,0,2934262,0
2806306,8222,-2654,430,935,-973,469,3141,413,20,-10,448,19373,71,33,79,16,0,0,0,0,0,0,0,-32287,0,0,0,0,0,2934277,0
2806311,8230,-2510,552,1003,-898,471,3240,444,35,-11,528,19373,71,33,79,16,0,0,0,0,0,0,0,-32287,0,0,0,0,0,2934282,0
2806316,8168,-2396,454,1108,-750,488,3346,465,65,-6,600,19372,78,33,79,16,0,0,0,0,0,0,0,-32286,0,0,0,0,0,2934297,0
2806321,8278,-2288,288,1094,-656,500,3457,486,80,0,656,19372,78,33,79,16,0,0,0,0,0,0,0,-32287,0,0,0,0,0,2934302,0
2806326,8160,-2132,224,1079,-579,489,3574,520,87,0,744,19376,73,33,79,16,0,0,0,0,0,0,0,-32286,0,0,0,0,0,2934317,0
2806331,8150,-2250,114,1115,-537,453,3701,566,94,-2,856,19376,73,33,79,16,0,0,0,0,0,0,0,-32286,0,0,0,0,0,2934322,0
2806336,8036,-2350,-30,1288,-540,387,3838,604,110,7,928,19377,77,33,79,16,0,0,0,0,0,0,0,-32287,0,0,0,0,0,2934337,0
2806341,7994,-2370,-74,1344,-540,340,3983,636,128,10,976,19377,77,33,79,16,0,0,0,0,0,0,0,-32287,0,0,0,0,0,2934342,0
2806346,8080,-2174,-104,1389,-543,289,4137,686,138,-5,1104,19377,71,33,79,16,0,0,0,0,0,0,0,-32287,0,0,0,0,0,2934357,0
2806351,7990,-2174,-66,1382,-547,251,4299,709,137,4,1120,19377,71,33,79,16,0,0,0,0,0,0,0,-32287,0,0,0,0,0,2934362,0
2806356,8030,-2142,-96,1335,-559,154,4462,722,117,5,1160,19375,61,33,79,16,0,0,0,0,0,0,0,-32287,0,0,0,0,0,2934377,0
2806361,7968,-2196,-22,1319,-537,112,4632,749,103,-4,1208,19375,61,33,79,16,0,0,0,0,0,0,0,-32287,0,0,0,0,0,2934382,0
2806366,7828,-2284,2,1272,-525,91,4803,755,74,5,1200,19371,59,33,79,16,0,0,0,0,0,0,0,-32287,0,0,0,0,0,2934397,0
2806371,7698,-2312,22,1241,-533,65,4970,749,47,0,1208,19371,59,33,79,16,0,0,0,0,0,0,0,-32287,0,0,0,0,0,2934402,0
2806376,7472,-2446,56,1204,-498,47,5137,736,24,2,1144,19374,73,33,79,16,0,0,0,0,0,0,0,-32287,0,0,0,0,0,2934417,0
2806381,7286,-2374,124,1169,-507,28,5303,722,-2,7,1112,19374,73,33,79,16,0,0,0,0,0,0,0,-32287,0,0,0,0,0,2934422,0
2806386,7282,-2422,100,1161,-459,22,5464,712,-23,-2,1088,19377,81,33,79,16,0,0,0,0,0,0,0,-32287,0,0,0,0,0,2934437,0
2806391,7146,-2392,190,1143,-443,10,5620,687,-34,0,1048,19377,81,33,79,16,0,0,0,0,0,0,0,-32287,0,0,0,0,0,2934442,0
2806396,7028,-2518,194,1139,-412,12,5768,646,-64,3,952,19376,78,33,79,16,0,0,0,0,0,0,0,-32287,0,0,0,0,0,2934457,0
2806401,6960,-2548,144,1137,-403,21,5912,622,-77,1,888,19376,78,33,79,16,0,0,0,0,0,0,0,-32287,0,0,0,0,0,2934462,0
2806406,6918,-2600,88,1162,-396,38,6049,596,-87,2,824,19374,70,33,79,16,0,0,0,0,0,0,0,-32287,0,0,0,0,0,2934477,0
2806411,6884,-2628,92,1190,-405,35,6174,555,-99,-1,704,19374,70,33,79,16,0,0,0,0,0,0,0,-32287,0,0,0,0,0,2934482,0
2806416,6938,-2376,98,1138,-403,89,6292,507,-118,-8,592,19372,63,33,79,16,0,0,0,0,0,0,0,-32287,0,0,0,0,0,2934497,0
2806421,7078,-2182,88,1097,-377,105,6402,474,-130,-7,520,19372,63,33,79,16,0,0,0,0,0,0,0,-32287,0,0,0,0,0,2934502,0
2806426,7060,-2404,40,1088,-398,160,6502,440,-130,-5,432,19374,67,33,79,16,0,0,0,0,0,0,0,-32286,0,0,0,0,0,2934517,0
2806431,7112,-2536,-116,1141,-378,156,6588,386,-139,5,328,19374,67,33,79,16,0,0,0,0,0,0,0,-32287,0,0,0,0,0,2934522,0
2806436,7058,-2300,-14,1071,-401,246,6667,334,-150,18,224,19377,70,33,79,16,0,0,0,0,0,0,0,-32287,0,0,0,0,0,2934537,0
2806441,7402,-2048,-136,980,-333,272,6738,306,-154,7,192,19377,70,33,79,16,0,0,0,0,0,0,0,-32287,0,0,0,0,0,2934542,0
2806446,7376,-1908,0,956,-285,284,6805,288,-136,-1,184,19377,70,33,79,16,0,0,0,0,0,0,0,-32286,0,0,0,0,0,2934557,0
2806451,7410,-1904,80,982,-271,280,6869,278,-112,-4,168,19377,70,33,79,16,0,0,0,0,0,0,0,-32287,0,0,0,0,0,2934562,0
2806456,7752,-2012,-146,1029,-262,278,6926,239,-87,9,96,19376,68,33,79,16,0,0,0,0,0,0,0,-32287,0,0,0,0,0,2934577,0
2806461,7906,-1952,-178,1009,-251,290,6972,204,-83,-6,80,19376,68,33,79,16,0,0,0,0,0,0,0,-32287,0,0,0,0,0,2934581,0
2806466,8028,-1760,-178,958,-232,291,7011,174,-97,-6,72,19374,72,33,79,16,0,0,0,0,0,0,0,-32287,0,0,0,0,0,2934596,0
2806471,8170,-1896,-194,854,-217,326,7044,139,-112,-2,40,19374,72,33,79,16,0,0,0,0,0,0,0,-32287,0,0,0,0,0,2934601,0
2806476,8396,-1860,-248,808,-177,290,7071,117,-119,-4,48,19374,75,33,79,16,0,0,0,0,0,0,0,-32287,0,0,0,0,0,2934616,0
2806481,8310,-2070,-156,817,-122,325,7095,108,-99,1,40,19374,75,33,79,16,0,0,0,0,0,0,0,-32287,0,0,0,0,0,2934621,0
2806486,8178,-1968,-86,724,-121,339,7114,79,-82,0,40,19374,80,33,79,16,0,0,0,0,0,0,0,-32287,0,0,0,0,0,2934636,0
2806491,8544,-1904,-208,594,10,370,7145,141,-49,-9,72,19374,80,33,79,16,0,0,0,0,0,0,0,-32287,0,0,0,0,0,2934641,0
2806496,8252,-2102,-16,614,144,357,7185,185,15,-3,112,19375,70,33,79,16,0,0,0,0,0,0,0,-32287,0,0,0,0,0,2934656,0
2806501,8280,-2192,-54,797,102,344,7234,224,82,0,144,19375,70,33,79,16,0,0,0,0,0,0,0,-32288,0,0,0,0,0,2934661,0
2806506,8224,-1990,22,939,79,284,7296,278,131,3,216,19376,62,33,79,16,0,0,0,0,0,0,0,-32287,0,0,0,0,0,2934676,0
2806511,8280,-1836,-64,987,81,251,7366,309,161,6,224,19376,62,33,79,16,0,0,0,0,0,0,0,-32286,0,0,0,0,0,2934681,0
2806516,8040,-1472,-152,841,119,213,7435,308,137,10,216,19376,57,33,79,16,0,0,0,0,0,0,0,-32287,0,0,0,0,0,2934696,0
2806521,8158,-1512,-194,812,151,179,7513,341,106,-2,264,19376,57,33,79,16,0,0,0,0,0,0,0,-32287,0,0,0,0,0,2934701,0
2806526,8000,-1604,-132,819,155,123,7593,360,78,-3,328,19376,63,33,79,16,0,0,0,0,0,0,0,-32287,0,0,0,0,0,2934716,0
2806531,8020,-1666,-144,896,140,50,7682,397,76,-10,400,19376,63,33,79,16,0,0,0,0,0,0,0,-32287,0,0,0,0,0,2934721,0
2806536,7996,-1822,-142,1031,134,-46,7780,433,92,-17,504,19376,69,33,79,16,0,0,0,0,0,0,0,-32287,0,0,0,0,0,2934736,0
2806541,8138,-1856,-236,1034,136,-73,7884,452,109,-6,528,19376,69,33,79,16,0,0,0,0,0,0,0,-32287,0,0,0,0,0,2934741,0
2806546,8166,-1626,-228,1039,114,-103,7992,475,106,-2,616,19376,65,33,79,16,0,0,0,0,0,0,0,-32287,0,0,0,0,0,2934756,0
2806551,8336,-1738,-326,1044,129,-102,8104,496,90,-1,664,19376,65,33,79,16,0,0,0,0,0,0,0,-32287,0,0,0,0,0,2934761,0
2806556,8526,-1480,-264,1052,120,-151,8219,512,80,4,672,19375,58,33,79,16,0,0,0,0,0,0,0,-32287,0,0,0,0,0,2934776,0
2806561,8526,-1542,-214,1022,148,-133,8338,517,65,12,664,19375,58,33,79,16,0,0,0,0,0,0,0,-32287,0,0,0,0,0,2934781,0
2806566,8492,-1218,-138,948,164,-146,8456,512,49,8,640,19377,57,33,79,16,0,0,0,0,0,0,0,-32287,0,0,0,0,0,2934796,0
2806571,8718,-1160,-208,869,239,-134,8570,511,27,-1,640,19377,57,33,79,16,0,0,0,0,0,0,0,-32287,0,0,0,0,0,2934801,0
2806576,8722,-886,-116,692,337,-145,8683,504,-5,-2,632,19378,63,33,79,16,0,0,0,0,0,0,0,-32287,0,0,0,0,0,2934816,0
2806581,8574,-944,-84,619,400,-127,8791,483,-25,-4,576,19378,63,33,79,16,0,0,0,0,0,0,0,-32287,0,0,0,0,0,2934821,0
2806586,8482,-848,-54,542,435,-131,8895,455,-41,0,496,19378,65,33,79,16,0,0,0,0,0,0,0,-32287,0,0,0,0,0,2934836,0
2806591,8570,-716,-112,465,499,-116,8993,430,-55,-1,448,19378,65,33,79,16,0,0,0,0,0,0,0,-32287,0,0,0,0,0,2934841,0
2806596,8378,-670,-156,296,581,-107,9089,419,-69,-5,456,19377,64,33,79,16,0,0,0,0,0,0,0,-32287,0,0,0,0,0,2934856,0
2806601,8402,-706,-154,299,591,-143,9187,431,-61,-6,480,19377,64,33,79,16,0,0,0,0,0,0,0,-32287,0,0,0,0,0,2934861,0
2806606,8422,-766,-210,291,600,-152,9281,419,-36,3,448,19376,60,33,79,16,0,0,0,0,0,0,0,-32287,0,0,0,0,0,2934876,0
2806611,8330,-542,-188,224,570,-165,9373,397,-21,0,408,19376,60,33,79,16,0,0,0,0,0,0,0,-32287,0,0,0,0,0,2934881,0
2806616,8316,-490,-204,70,595,-199,9464,397,-26,-1,432,19375,70,33,79,16,0,0,0,0,0,0,0,-32287,0,0,0,0,0,2934896,0
2806621,8322,-720,-228,93,590,-246,9560,423,-17,-8,496,19375,70,33,79,16,0,0,0,0,0,0,0,-32287,0,0,0,0,0,2934901,0
2806626,8238,-992,-182,182,581,-297,9661,446,9,-10,528,19376,72,33,79,16,0,0,0,0,0,0,0,-32287,0,0,0,0,0,2934916,0
2806631,8216,-1200,-190,256,542,-326,9763,449,35,4,536,19376,72,33,79,16,0,0,0,0,0,0,0,-32286,0,0,0,0,0,2934921,0
2806636,8220,-1304,-188,301,509,-379,9869,460,53,2,560,19378,77,33,79,16,0,0,0,0,0,0,0,-32287,0,0,0,0,0,2934936,0
2806641,8118,-1372,-120,363,478,-433,9980,492,52,-8,680,19378,77,33,79,16,0,0,0,0,0,0,0,-32287,0,0,0,0,0,2934941,0
2806646,8280,-1596,-198,485,447,-467,10099,529,69,-4,768,19383,83,33,79,16,0,0,0,0,0,0,0,-32287,0,0,0,0,0,2934956,0
2806651,8226,-1978,-190,622,389,-498,10223,542,79,8,784,19383,83,33,79,16,0,0,0,0,0,0,0,-32287,0,0,0,0,0,2934961,0
2806656,8568,-2184,-272,806,337,-558,10350,562,90,1,840,19380,79,33,79,16,0,0,0,0,0,0,0,-32287,0,0,0,0,0,2934976,0
2806661,8710,-2300,-294,880,335,-596,10484,586,88,-1,912,19380,79,33,79,16,0,0,0,0,0,0,0,-32287,0,0,0,0,0,2934981,0
2806666,8836,-2606,-382,966,324,-624,10620,601,69,9,904,19379,71,33,79,16,0,0,0,0,0,0,0,-32287,0,0,0,0,0,2934996,0
2806671,9048,-2880,-476,1046,336,-643,10754,592,52,10,872,19379,71,33,79,16,0,0,0,0,0,0,0,-32287,0,0,0,0,0,2935001,0
2806676,9290,-2868,-352,1125,256,-687,10888,583,32,2,840,19374,77,33,79,16,0,0,0,0,0,0,0,-32287,0,0,0,0,0,2935016,0
2806681,9410,-2970,-256,1116,195,-711,11016,563,0,4,752,19374,77,33,79,16,0,0,0,0,0,0,0,-32287,0,0,0,0,0,2935020,0
2806686,9478,-2926,-218,1046,129,-706,11138,531,-35,0,680,19374,78,33,79,16,0,0,0,0,0,0,0,-32287,0,0,0,0,0,2935035,0
2806691,9440,-2912,-120,898,51,-678,11249,485,-75,0,552,19374,78,33,79,16,0,0,0,0,0,0,0,-32286,0,0,0,0,0,2935040,0
2806696,9378,-2810,248,466,-15,-597,11351,450,-104,-2,464,19371,71,33,79,16,0,0,0,0,0,0,0,-32287,0,0,0,0,0,2935055,0
2806701,9346,-2878,594,284,27,-568,11443,405,-131,-2,384,19371,71,33,79,16,0,0,0,0,0,0,0,-32287,0,0,0,0,0,2935060,0
2806706,9158,-3110,602,257,-16,-538,11527,361,-143,11,280,19370,68,33,79,16,0,0,0,0,0,0,0,-32287,0,0,0,0,0,2935075,0
2806711,9036,-3080,750,318,-70,-536,11599,320,-147,12,200,19370,68,33,79,16,0,0,0,0,0,0,0,-32287,0,0,0,0,0,2935080,0
2806716,8784,-2740,884,437,-180,-523,11658,262,-149,6,96,19372,63,33,79,16,0,0,0,0,0,0,0,-32287,0,0,0,0,0,2935095,0
2806721,8868,-2602,856,540,-238,-574,11706,201,-168,-10,72,19372,63,33,79,16,0,0,0,0,0,0,0,-32286,0,0,0,0,0,2935100,0
2806726,8944,-2658,776,558,-277,-554,11739,135,-186,-8,40,19375,61,33,79,16,0,0,0,0,0,0,0,-32287,0,0,0,0,0,2935115,0
2806731,9022,-2150,880,476,-319,-580,11762,102,-190,-7,40,19375,61,33,79,16,0,0,0,0,0,0,0,-32287,0,0,0,0,0,2935120,0
2806736,9254,-2380,742,219,-276,-577,11774,43,-192,7,0,19374,59,33,79,16,0,0,0,0,0,0,0,-32287,0,0,0,0,0,2935135,0
2806741,9440,-2424,756,170,-268,-610,11772,-14,-186,7,-16,19374,59,33,79,16,0,0,0,0,0,0,0,-32287,0,0,0,0,0,2935140,0
2806746,9560,-2724,708,136,-228,-626,11768,-10,-167,-1,-8,19373,65,33,79,16,0,0,0,0,0,0,0,-32287,0,0,0,0,0,2935155,0
2806751,9398,-2830,760,51,-183,-614,11767,2,-121,-4,0,19373,65,33,79,16,0,0,0,0,0,0,0,-32286,0,0,0,0,0,2935160,0
2806756,9202,-3214,784,-206,-49,-580,11767,3,-70,0,-8,19372,73,33,79,16,0,0,0,0,0,0,0,-32287,0,0,0,0,0,2935175,0
2806761,9334,-3514,726,-302,11,-552,11766,0,-8,0,0,19372,73,33,79,16,0,0,0,0,0,0,0,-32287,0,0,0,0,0,2935180,0
2806766,8880,-3500,800,-375,43,-556,11766,-6,14,-1,0,19373,77,33,79,16,0,0,0,0,0,0,0,-32287,0,0,0,0,0,2935195,0
2806771,8686,-3864,754,-447,37,-561,11767,1,4,0,-8,19373,77,33,79,16,0,0,0,0,0,0,0,-32287,0,0,0,0,0,2935200,0
2806776,7924,-4294,902,-796,158,-437,11766,-1,3,-1,0,19375,75,33,79,16,0,0,0,0,0,0,0,-32287,0,0,0,0,0,2935215,0
2806781,7614,-4742,976,-915,202,-394,11766,-2,0,0,-8,19375,75,33,79,16,0,0,0,0,0,0,0,-32287,0,0,0,0,0,2935220,0
2806786,7032,-5278,1162,-941,185,-350,11765,-4,-3,0,-8,19373,77,33,79,16,0,0,0,0,0,0,0,-32287,0,0,0,0,0,2935235,0
2806791,6702,-5756,1314,-814,74,-359,11764,-10,-3,2,-32,19373,77,33,79,16,0,0,0,0,0,0,0,-32287,0,0,0,0,0,2935240,0
2806796,7152,-7068,2660,1714,-150,-1075,11746,-80,-33,10,-56,19374,72,33,79,16,0,0,0,0,0,0,0,-32287,0,0,0,0,0,2935255,0
2806801,6522,-5982,2622,2045,-509,-1044,11707,-172,-98,13,-144,19374,72,33,79,16,0,0,0,0,0,0,0,-32287,0,0,0,0,0,2935260,0
2806806,6890,-4076,2620,1315,-207,-966,11640,-312,-205,21,-376,19373,68,33,79,16,0,0,0,0,0,0,0,-32287,0,0,0,0,0,2935275,0
2806811,6216,-4256,1952,360,-69,-794,11535,-481,-328,41,-768,19373,68,33,79,16,0,0,0,0,0,0,0,-32287,0,0,0,0,0,2935280,0
2806816,5058,-6438,1864,-471,54,-428,11386,-675,-449,34,-1304,19374,73,33,79,16,0,0,0,0,0,0,0,-32287,0,0,0,0,0,2935295,0
2806821,4752,-7556,1704,-288,-111,-303,11196,-854,-549,8,-1688,19374,73,33,79,16,0,0,0,0,0,0,0,-32287,0,0,0,0,0,2935300,0
2806826,4776,-7878,1818,-45,-123,-98,10962,-1044,-617,12,-2096,19373,76,33,79,16,0,0,0,0,0,0,0,-32287,0,0,0,0,0,2935315,0
2806831,4208,-7406,2078,-62,-145,111,10690,-1221,-640,10,-2504,19373,76,33,79,16,0,0,0,0,0,0,0,-32287,0,0,0,0,0,2935320,0
2806836,4510,-6632,2174,-564,195,636,10377,-1391,-638,10,-2864,19374,74,33,79,16,0,0,0,0,0,0,0,-32287,0,0,0,0,0,2935335,0
2806841,3816,-6762,2002,-529,19,790,10034,-1527,-605,1,-3144,19374,74,33,79,16,0,0,0,0,0,0,0,-32287,0,0,0,0,0,2935340,0
2806846,4526,-6430,1584,-222,-17,871,9659,-1660,-569,1,-3400,19371,72,33,79,16,0,0,0,0,0,0,0,-32286,0,0,0,0,0,2935355,0
2806851,4720,-5732,1586,-74,-37,981,9255,-1794,-516,-4,-3664,19371,72,33,79,16,0,0,0,0,0,0,0,-32287,0,0,0,0,0,2935360,0
2806856,5570,-3676,954,-393,14,1122,8822,-1921,-483,-10,-3912,19371,76,33,79,16,0,0,0,0,0,0,0,-32287,0,0,0,0,0,2935375,0
2806861,5980,-3266,760,-629,40,1179,8363,-2027,-452,-16,-4080,19371,76,33,79,16,0,0,0,0,0,0,0,-32287,0,0,0,0,0,2935380,0
2806866,6400,-3222,608,-770,10,1219,7888,-2105,-419,-21,-4192,19372,84,33,79,16,0,0,0,0,0,0,0,-32287,0,0,0,0,0,2935395,0
2806871,6790,-3022,570,-875,-47,1273,7399,-2149,-361,-13,-4232,19372,84,33,79,16,0,0,0,0,0,0,0,-32286,0,0,0,0,0,2935400,0
2806876,7704,-2460,864,-973,-123,1271,6904,-2173,-273,-15,-4240,19375,96,33,79,16,0,0,0,0,0,0,0,-32287,0,0,0,0,0,2935415,0
2806881,7952,-2096,964,-1044,-195,1241,6417,-2145,-176,-9,-4192,19375,96,33,79,16,0,0,0,0,0,0,0,-32287,0,0,0,0,0,2935420,0
2806886,8598,-1806,1064,-1058,-240,1164,5939,-2099,-63,4,-4104,19373,90,33,79,16,0,0,0,0,0,0,0,-32287,0,0,0,0,0,2935435,0
2806891,9144,-1572,1204,-937,-314,1045,5471,-2057,41,5,-4000,19373,90,33,79,16,0,0,0,0,0,0,0,-32287,0,0,0,0,0,2935440,0
2806896,10046,-1284,1726,-566,-465,746,5008,-2034,104,-2,-3960,19370,84,33,79,16,0,0,0,0,0,0,0,-32287,0,0,0,0,0,2935455,0
2806901,10448,-1106,1706,-500,-507,604,4555,-1997,121,-6,-3856,19370,84,33,79,16,0,0,0,0,0,0,0,-32287,0,0,0,0,0,2935460,0
2806906,10736,-716,1728,-572,-404,494,4105,-1971,114,-7,-3800,19370,79,33,79,16,0,0,0,0,0,0,0,-32287,0,0,0,0,0,2935475,0
2806911,10930,-762,1916,-696,-216,390,3666,-1925,114,-8,-3680,19370,79,33,79,16,0,0,0,0,0,0,0,-32287,0,0,0,0,0,2935480,0
2806916,10522,-1874,3134,-765,304,254,3241,-1870,119,0,-3544,19372,78,33,79,16,0,0,0,0,0,0,0,-32287,0,0,0,0,0,2935495,0
2806921,10286,-2442,3054,-643,529,213,2832,-1793,156,3,-3400,19372,78,33,79,16,0,0,0,0,0,0,0,-32287,0,0,0,0,0,2935500,0
2806926,9718,-2724,2840,-513,732,175,2442,-1706,200,6,-3232,19372,80,33,79,16,0,0,0,0,0,0,0,-32287,0,0,0,0,0,2935515,0
2806931,9208,-2926,2502,-456,890,180,2069,-1635,233,10,-3096,19372,80,33,79,16,0,0,0,0,0,0,0,-32287,0,0,0,0,0,2935520,0
2806936,8276,-3152,1794,-438,1143,212,1715,-1553,265,3,-2920,19373,77,33,79,16,0,0,0,0,0,0,0,-32287,0,0,0,0,0,2935535,0
2806941,7094,-3102,1142,-482,1135,287,1378,-1473,276,-2,-2744,19373,77,33,79,16,0,0,0,0,0,0,0,-32287,0,0,0,0,0,2935540,0
2806946,6896,-3062,484,-646,1100,358,1061,-1391,280,-8,-2528,19372,78,33,79,16,0,0,0,0,0,0,0,-32287,0,0,0,0,0,2935555,0
2806951,6608,-3048,286,-714,1082,416,765,-1297,279,-14,-2296,19372,78,33,79,16,0,0,0,0,0,0,0,-32287,0,0,0,0,0,2935560,0
2806956,6106,-3262,68,-461,840,442,489,-1202,299,-13,-2080,19372,92,33,79,16,0,0,0,0,0,0,0,-32287,0,0,0,0,0,2935575,0
2806961,6130,-3104,-236,-296,636,422,237,-1102,312,-10,-1840,19372,92,33,79,16,0,0,0,0,0,0,0,-32287,0,0,0,0,0,2935580,0
2806966,6382,-2592,-250,-176,510,395,4,-1021,325,-1,-1664,19372,91,33,79,16,0,0,0,0,0,0,0,-32287,0,0,0,0,0,2935594,0
2806971,6514,-2164,-182,-190,404,394,-208,-929,323,-1,-1480,19372,91,33,79,16,0,0,0,0,0,0,0,-32287,0,0,0,0,0,2935599,0
2806976,6934,-1782,168,-450,341,421,-406,-857,312,2,-1328,19374,84,33,79,16,0,0,0,0,0,0,0,-32287,0,0,0,0,0,2935614,0
2806981,7164,-1764,478,-489,328,395,-592,-803,282,6,-1232,19374,84,33,79,16,0,0,0,0,0,0,0,-32286,0,0,0,0,0,2935619,0
2806986,7300,-2052,592,-516,343,412,-762,-746,245,0,-1120,19373,70,33,79,16,0,0,0,0,0,0,0,-32287,0,0,0,0,0,2935634,0
2806991,7364,-1826,830,-551,356,430,-924,-703,216,4,-1024,19373,70,33,79,16,0,0,0,0,0,0,0,-32287,0,0,0,0,0,2935639,0
2806996,7654,-1790,1172,-669,506,417,-1073,-643,194,0,-896,19371,60,33,79,16,0,0,0,0,0,0,0,-32287,0,0,0,0,0,2935654,0
2807001,7756,-1826,1200,-666,571,433,-1214,-617,176,-1,-856,19371,60,33,79,16,0,0,0,0,0,0,0,-32287,0,0,0,0,0,2935659,0
2807006,7716,-1704,1268,-624,572,392,-1347,-583,157,3,-800,19372,61,33,79,16,0,0,0,0,0,0,0,-32287,0,0,0,0,0,2935674,0
2807011,7816,-1622,1192,-601,588,351,-1471,-544,143,-2,-696,19372,61,33,79,16,0,0,0,0,0,0,0,-32287,0,0,0,0,0,2935679,0
2807016,7694,-1448,1024,-740,628,366,-1586,-502,134,5,-616,19374,71,33,79,16,0,0,0,0,0,0,0,-32288,0,0,0,0,0,2935694,0
2807021,7734,-1368,1038,-820,675,355,-1696,-483,117,14,-600,19374,71,33,79,16,0,0,0,0,0,0,0,-32287,0,0,0,0,0,2935699,0
2807026,7640,-1462,1026,-890,707,378,-1803,-460,114,10,-568,19376,68,33,79,16,0,0,0,0,0,0,0,-32287,0,0,0,0,0,2935714,0
2807031,7380,-1562,1068,-890,685,347,-1900,-423,102,0,-456,19376,68,33,79,16,0,0,0,0,0,0,0,-32287,0,0,0,0,0,2935719,0
2807036,7214,-1536,1000,-823,673,332,-1989,-390,101,0,-392,19374,61,33,79,16,0,0,0,0,0,0,0,-32287,0,0,0,0,0,2935734,0
2807041,7096,-1484,938,-838,678,328,-2076,-376,93,-5,-352,19374,61,33,79,16,0,0,0,0,0,0,0,-32286,0,0,0,0,0,2935739,0
2807046,6950,-1394,882,-868,691,310,-2158,-359,93,-10,-304,19374,59,33,79,16,0,0,0,0,0,0,0,-32287,0,0,0,0,0,2935754,0
2807051,6780,-1388,786,-884,706,325,-2237,-343,75,-8,-264,19374,59,33,79,16,0,0,0,0,0,0,0,-32286,0,0,0,0,0,2935759,0
2807056,6500,-1346,700,-927,730,297,-2293,-311,72,-9,-200,19377,75,33,79,16,0,0,0,0,0,0,0,-32287,0,0,0,0,0,2935774,0
2807061,6328,-1480,670,-902,745,287,-2356,-270,82,-3,-136,19377,75,33,79,16,0,0,0,0,0,0,0,-32287,0,0,0,0,0,2935779,0
2807066,6112,-1448,694,-847,715,286,-2410,-230,103,9,-112,19380,79,33,79,16,0,0,0,0,0,0,0,-32287,0,0,0,0,0,2935794,0
2807071,6080,-1298,680,-814,707,244,-2455,-194,126,6,-96,19380,79,33,79,16,0,0,0,0,0,0,0,-32287,0,0,0,0,0,2935799,0
2807076,5964,-1308,586,-872,740,221,-2496,-176,127,0,-72,19382,84,33,79,16,0,0,0,0,0,0,0,-32287,0,0,0,0,0,2935814,0
2807081,5928,-1514,528,-885,773,231,-2532,-157,111,4,-72,19382,84,33,79,16,0,0,0,0,0,0,0,-32287,0,0,0,0,0,2935819,0
2807086,5890,-1402,584,-841,751,183,-2558,-104,102,-1,-32,19380,76,33,79,16,0,0,0,0,0,0,0,-32287,0,0,0,0,0,2935834,0
2807091,5888,-1664,446,-816,762,192,-2575,-65,108,-2,-24,19380,76,33,79,16,0,0,0,0,0,0,0,-32287,0,0,0,0,0,2935839,0
2807096,5784,-1610,400,-825,718,180,-2588,-56,112,-1,-24,19377,74,33,79,16,0,0,0,0,0,0,0,-32287,0,0,0,0,0,2935854,0
2807101,5802,-1562,410,-805,691,149,-2598,-42,108,-1,-8,19377,74,33,79,16,0,0,0,0,0,0,0,-32287,0,0,0,0,0,2935859,0
2807106,5858,-1532,412,-810,666,135,-2599,-1,96,-4,0,19374,82,33,79,16,0,0,0,0,0,0,0,-32287,0,0,0,0,0,2935874,0
2807111,5858,-1620,418,-820,643,137,-2596,5,78,0,0,19374,82,33,79,16,0,0,0,0,0,0,0,-32287,0,0,0,0,0,2935879,0
2807116,6028,-1628,486,-827,557,111,-2596,1,58,1,-8,19373,82,33,79,16,0,0,0,0,0,0,0,-32287,0,0,0,0,0,2935894,0
2807121,6156,-1746,516,-799,517,87,-2596,-2,39,1,-8,19373,82,33,79,16,0,0,0,0,0,0,0,-32287,0,0,0,0,0,2935899,0
2807126,6272,-1684,554,-761,474,70,-2595,0,11,1,-8,19372,83,33,79,16,0,0,0,0,0,0,0,-32287,0,0,0,0,0,2935914,0
2807131,6352,-1674,590,-770,429,48,-2596,1,-8,0,-8,19372,83,33,79,16,0,0,0,0,0,0,0,-32287,0,0,0,0,0,2935919,0
2807136,6502,-1658,676,-858,398,69,-2595,7,-4,0,-8,19372,73,33,79,16,0,0,0,0,0,0,0,-32287,0,0,0,0,0,2935934,0
2807141,6534,-1692,782,-955,387,83,-2595,5,5,0,0,19372,73,33,79,16,0,0,0,0,0,0,0,-32287,0,0,0,0,0,2935939,0
2807146,6690,-1768,876,-966,379,89,-2594,11,0,0,-8,19371,74,33,79,16,0,0,0,0,0,0,0,-32287,0,0,0,0,0,2935954,0
2807151,6760,-1790,1018,-905,349,64,-2593,5,5,-1,0,19371,74,33,79,16,0,0,0,0,0,0,0,-32287,0,0,0,0,0,2935959,0
2807156,7032,-1802,984,-698,233,6,-2593,0,2,0,0,19373,71,33,79,16,0,0,0,0,0,0,0,-32287,0,0,0,0,0,2935974,0
2807161,7090,-1600,980,-677,185,-16,-2593,-1,-2,2,-8,19373,71,33,79,16,0,0,0,0,0,0,0,-32287,0,0,0,0,0,2935979,0
2807166,7120,-1490,844,-731,163,-12,-2592,2,1,0,-8,19376,67,33,79,16,0,0,0,0,0,0,0,-32287,0,0,0,0,0,2935994,0
2807171,7096,-1310,804,-819,157,-21,-2593,-1,-3,-1,0,19376,67,33,79,16,0,0,0,0,0,0,0,-32287,0,0,0,0,0,2935999,0
2807176,7272,-1404,610,-822,63,-60,-2593,1,2,0,0,19377,67,33,79,16,0,0,0,0,0,0,0,-32287,0,0,0,0,0,2936014,0
2807181,7164,-1424,732,-838,46,-73,-2591,0,-1,0,0,19377,67,33,79,16,0,0,0,0,0,0,0,-32287,0,0,0,0,0,2936019,0
2807186,7320,-1502,804,-888,43,-70,-2591,1,7,0,0,19376,69,33,79,16,0,0,0,0,0,0,0,-32287,0,0,0,0,0,2936034,0
2807191,7484,-1658,904,-895,53,-64,-2590,-1,7,0,0,19376,69,33,79,16,0,0,0,0,0,0,0,-32287,0,0,0,0,0,2936039,0
2807196,7794,-2042,1274,-767,38,-94,-2588,7,1,1,-8,19372,75,33,79,16,0,0,0,0,0,0,0,-32287,0,0,0,0,0,2936054,0
2807201,8014,-2130,1334,-710,30,-94,-2589,0,0,2,-8,19372,75,33,79,16,0,0,0,0,0,0,0,-32287,0,0,0,0,0,2936059,0
2807206,8138,-2162,1382,-694,33,-97,-2589,-3,1,1,0,19373,77,33,79,16,0,0,0,0,0,0,0,-32287,0,0,0,0,0,2936074,0
2807211,8376,-2120,1424,-709,72,-78,-2588,1,-5,0,0,19373,77,33,79,16,0,0,0,0,0,0,0,-32287,0,0,0,0,0,2936079,0
2807216,8626,-2154,1570,-780,180,-68,-2587,3,1,0,0,19378,69,33,79,16,0,0,0,0,0,0,0,-32287,0,0,0,0,0,2936094,0
2807221,8776,-2272,1572,-788,217,-45,-2586,2,1,0,0,19378,69,33,79,16,0,0,0,0,0,0,0,-32286,0,0,0,0,0,2936099,0
2807226,8790,-2310,1564,-775,231,-48,-2587,7,3,0,0,19378,64,33,79,16,0,0,0,0,0,0,0,-32287,0,0,0,0,0,2936114,0
2807231,8764,-2332,1516,-762,243,-39,-2585,3,3,0,0,19378,64,33,79,16,0,0,0,0,0,0,0,-32287,0,0,0,0,0,2936119,0
2807236,8750,-2182,1476,-777,246,-35,-2583,11,2,0,0,19376,58,33,79,16,0,0,0,0,0,0,0,-32287,0,0,0,0,0,2936133,0
2807241,8814,-2160,1424,-793,238,-31,-2583,12,4,0,0,19376,58,33,79,16,0,0,0,0,0,0,0,-32287,0,0,0,0,0,2936141,0
2807246,8732,-2064,1488,-809,222,-41,-2582,3,2,0,-8,19373,61,33,79,16,0,0,0,0,0,0,0,-32287,0,0,0,0,0,2936156,0
2807251,8706,-2038,1568,-822,203,-54,-2582,2,-5,0,0,19373,61,33,79,16,0,0,0,0,0,0,0,-32287,0,0,0,0,0,2936161,0
2807256,8796,-2000,1754,-827,209,-86,-2582,5,0,0,0,19372,66,33,79,16,0,0,0,0,0,0,0,-32287,0,0,0,0,0,2936176,0
2807261,8870,-2002,1862,-821,239,-104,-2581,0,-1,0,0,19372,66,33,79,16,0,0,0,0,0,0,0,-32287,0,0,0,0,0,2936181,0
2807266,8878,-1970,1948,-800,259,-138,-2582,2,-5,0,-8,19376,77,33,79,16,0,0,0,0,0,0,0,-32287,0,0,0,0,0,2936196,0
2807271,8888,-1914,2036,-778,290,-176,-2582,4,1,0,0,19376,77,33,79,16,0,0,0,0,0,0,0,-32287,0,0,0,0,0,2936201,0
2807276,8944,-1738,2128,-708,373,-229,-2582,-7,-2,0,-8,19377,79,33,79,16,0,0,0,0,0,0,0,-32287,0,0,0,0,0,2936216,0
2807281,8908,-1632,2128,-696,432,-258,-2582,-6,-3,0,-8,19377,79,33,79,16,0,0,0,0,0,0,0,-32287,0,0,0,0,0,2936221,0
2807286,8856,-1508,2110,-683,485,-267,-2582,0,0,0,-8,19377,74,33,79,16,0,0,0,0,0,0,0,-32287,0,0,0,0,0,2936236,0
2807291,8792,-1386,2092,-683,535,-279,-2581,5,-1,0,-8,19377,74,33,79,16,0,0,0,0,0,0,0,-32287,0,0,0,0,0,2936241,0
2807296,8666,-1172,2068,-704,623,-311,-2581,1,-3,0,-8,19371,75,33,79,16,0,0,0,0,0,0,0,-32287,0,0,0,0,0,2936256,0
2807301,8608,-1024,2076,-725,661,-304,-2580,7,3,0,-8,19371,75,33,79,16,0,0,0,0,0,0,0,-32287,0,0,0,0,0,2936261,0
2807306,8508,-966,2048,-758,689,-319,-2582,-3,-4,0,-8,19372,73,33,79,16,0,0,0,0,0,0,0,-32287,0,0,0,0,0,2936276,0
2807311,8492,-824,1980,-805,725,-321,-2581,2,-2,0,0,19372,73,33,79,16,0,0,0,0,0,0,0,-32287,0,0,0,0,0,2936281,0
2807316,8314,-532,1862,-911,773,-327,-2582,-7,-8,0,-8,19374,72,33,79,16,0,0,0,0,0,0,0,-32287,0,0,0,0,0,2936296,0
2807321,8260,-542,1802,-1005,778,-333,-2581,0,1,0,-8,19374,72,33,79,16,0,0,0,0,0,0,0,-32287,0,0,0,0,0,2936301,0
2807326,8310,-658,1762,-1082,753,-355,-2582,-1,-4,0,0,19376,67,33,79,16,0,0,0,0,0,0,0,-32287,0,0,0,0,0,2936316,0
2807331,8494,-928,1786,-1132,708,-350,-2580,9,4,-1,0,19376,67,33,79,16,0,0,0,0,0,0,0,-32287,0,0,0,0,0,2936321,0
2807336,9362,-2056,2060,-1295,620,-343,-2577,17,5,-1,8,19375,70,33,79,16,0,0,0,0,0,0,0,-32287,0,0,0,0,0,2936336,0
2807341,9872,-2582,2326,-1415,624,-293,-2572,21,17,-1,16,19375,70,33,79,16,0,0,0,0,0,0,0,-32287,0,0,0,0,0,2936341,0
2807346,10392,-3120,2556,-1520,617,-264,-2562,46,24,-2,32,19375,72,33,79,16,0,0,0,0,0,0,0,-32287,0,0,0,0,0,2936356,0
2807351,11032,-3626,2710,-1538,606,-268,-2535,113,63,-11,80,19375,72,33,79,16,0,0,0,0,0,0,0,-32287,0,0,0,0,0,2936361,0
2807356,12046,-4854,2512,-1482,532,-257,-2495,178,115,-3,104,19376,78,33,79,16,0,0,0,0,0,0,0,-32287,0,0,0,0,0,2936376,0
2807361,12302,-5348,2508,-1474,490,-271,-2444,233,167,4,152,19376,78,33,79,16,0,0,0,0,0,0,0,-32287,0,0,0,0,0,2936381,0
2807366,12496,-5566,2360,-1364,431,-354,-2379,291,188,-7,256,19382,88,33,79,16,0,0,0,0,0,0,0,-32287,0,0,0,0,0,2936396,0
2807371,12462,-5848,2240,-1201,391,-430,-2303,348,201,-4,336,19382,88,33,79,16,0,0,0,0,0,0,0,-32287,0,0,0,0,0,2936401,0
2807376,11298,-5762,2178,-874,365,-642,-2212,403,196,-15,456,19382,82,33,79,16,0,0,0,0,0,0,0,-32287,0,0,0,0,0,2936416,0
2807381,10672,-5796,1946,-716,424,-729,-2115,431,187,-11,512,19382,82,33,79,16,0,0,0,0,0,0,0,-32287,0,0,0,0,0,2936421,0
2807386,9768,-5756,1834,-642,455,-814,-2014,442,165,-3,544,19381,74,33,79,16,0,0,0,0,0,0,0,-32286,0,0,0,0,0,2936436,0
2807391,8998,-6132,1736,-636,593,-850,-1912,442,108,4,528,19381,74,33,79,16,0,0,0,0,0,0,0,-32287,0,0,0,0,0,2936441,0
2807396,7022,-6998,1476,-510,635,-873,-1810,460,66,1,568,19375,66,33,79,16,0,0,0,0,0,0,0,-32287,0,0,0,0,0,2936456,0
2807401,5966,-7504,1222,-287,543,-834,-1709,448,29,5,528,19375,66,33,79,16,0,0,0,0,0,0,0,-32287,0,0,0,0,0,2936461,0
2807406,5012,-7768,1030,-3,357,-816,-1608,439,9,3,496,19376,77,33,79,16,0,0,0,0,0,0,0,-32287,0,0,0,0,0,2936476,0
2807411,4530,-7824,638,249,117,-752,-1513,417,-9,6,448,19376,77,33,79,16,0,0,0,0,0,0,0,-32287,0,0,0,0,0,2936481,0
2807416,4024,-6714,322,512,-239,-602,-1420,404,-24,3,416,19377,80,33,79,16,0,0,0,0,0,0,0,-32287,0,0,0,0,0,2936496,0
2807421,3706,-6236,320,517,-368,-523,-1327,405,-47,0,432,19377,80,33,79,16,0,0,0,0,0,0,0,-32287,0,0,0,0,0,2936501,0
2807426,3718,-6080,284,499,-454,-405,-1239,387,-36,11,360,19376,77,33,79,16,0,0,0,0,0,0,0,-32287,0,0,0,0,0,2936516,0
2807431,3546,-5714,432,533,-560,-338,-1158,349,-45,19,264,19376,77,33,79,16,0,0,0,0,0,0,0,-32287,0,0,0,0,0,2936521,0
2807436,3730,-4998,596,685,-712,-229,-1084,316,-61,14,200,19375,70,33,79,16,0,0,0,0,0,0,0,-32287,0,0,0,0,0,2936536,0
2807441,3948,-4468,634,659,-681,-148,-1013,307,-80,2,200,19375,70,33,79,16,0,0,0,0,0,0,0,-32287,0,0,0,0,0,2936540,0
2807446,3990,-4050,708,571,-604,-80,-943,314,-82,-10,232,19379,71,33,79,16,0,0,0,0,0,0,0,-32287,0,0,0,0,0,2936555,0
2807451,4156,-3756,622,587,-611,-70,-869,330,-47,-3,256,19379,71,33,79,16,0,0,0,0,0,0,0,-32287,0,0,0,0,0,2936560,0
2807456,4626,-3430,246,658,-513,33,-794,325,-9,5,224,19381,80,33,79,16,0,0,0,0,0,0,0,-32286,0,0,0,0,0,2936576,0
2807461,4864,-3242,92,599,-444,65,-721,329,13,2,264,19381,80,33,79,16,0,0,0,0,0,0,0,-32287,0,0,0,0,0,2936580,0
2807466,5250,-3060,-130,606,-360,110,-646,330,16,-8,264,19385,72,33,79,16,0,0,0,0,0,0,0,-32287,0,0,0,0,0,2936595,0
2807471,5434,-3166,-152,637,-332,128,-566,353,12,-10,320,19385,72,33,79,16,0,0,0,0,0,0,0,-32287,0,0,0,0,0,2936600,0
2807476,6044,-3396,-532,738,-347,195,-476,399,37,-11,424,19383,58,33,79,16,0,0,0,0,0,0,0,-32287,0,0,0,0,0,2936615,0
2807481,6302,-3328,-752,714,-410,237,-379,431,81,-10,480,19383,58,33,79,16,0,0,0,0,0,0,0,-32286,0,0,0,0,0,2936620,0
2807486,6670,-3114,-944,626,-446,284,-273,455,104,-1,552,19378,50,33,79,16,0,0,0,0,0,0,0,-32286,0,0,0,0,0,2936635,0
2807491,6988,-2708,-1052,572,-518,306,-163,486,110,-1,624,19378,50,33,79,16,0,0,0,0,0,0,0,-32287,0,0,0,0,0,2936640,0
2807496,7570,-2558,-1184,514,-772,280,-50,514,108,-1,712,19375,66,33,79,16,0,0,0,0,0,0,0,-32287,0,0,0,0,0,2936655,0
2807501,8042,-2486,-1182,464,-859,297,71,539,86,2,760,19375,66,33,79,16,0,0,0,0,0,0,0,-32288,0,0,0,0,0,2936660,0
2807506,8342,-2234,-918,269,-892,311,189,522,66,13,680,19371,81,33,79,16,0,0,0,0,0,0,0,-32288,0,0,0,0,0,2936675,0
2807511,8712,-2148,-632,15,-865,359,305,509,50,6,624,19371,81,33,79,16,0,0,0,0,0,0,0,-32287,0,0,0,0,0,2936680,0
2807516,9080,-2604,-28,-298,-781,349,418,492,6,4,584,19371,88,33,79,16,0,0,0,0,0,0,0,-32287,0,0,0,0,0,2936695,0
2807521,8988,-2896,326,-337,-744,321,527,481,-25,0,560,19371,88,33,79,16,0,0,0,0,0,0,0,-32287,0,0,0,0,0,2936700,0
2807526,9018,-3156,502,-337,-677,289,630,447,-54,4,472,19373,80,33,79,16,0,0,0,0,0,0,0,-32287,0,0,0,0,0,2936715,0
2807531,8798,-3086,638,-381,-606,236,725,414,-69,0,416,19373,80,33,79,16,0,0,0,0,0,0,0,-32287,0,0,0,0,0,2936720,0
2807536,8372,-3146,786,-281,-396,106,813,382,-83,3,328,19371,75,33,79,16,0,0,0,0,0,0,0,-32287,0,0,0,0,0,2936734,0
2807541,8098,-3246,630,-218,-297,58,895,362,-93,4,304,19371,75,33,79,16,0,0,0,0,0,0,0,-32287,0,0,0,0,0,2936739,0
2807546,7750,-3106,612,-186,-229,-12,980,363,-89,0,320,19371,75,33,79,16,0,0,0,0,0,0,0,-32287,0,0,0,0,0,2936754,0
2807551,7428,-3182,490,-188,-131,-46,1059,335,-70,7,256,19371,75,33,79,16,0,0,0,0,0,0,0,-32287,0,0,0,0,0,2936759,0
2807556,6786,-3246,242,-143,-81,-145,1133,328,-45,4,248,19373,73,33,79,16,0,0,0,0,0,0,0,-32287,0,0,0,0,0,2936774,0
2807561,6440,-3360,144,-86,-109,-192,1203,305,-47,5,192,19373,73,33,79,16,0,0,0,0,0,0,0,-32287,0,0,0,0,0,2936779,0
2807566,6278,-3476,52,-28,-176,-234,1271,301,-56,-3,216,19376,80,33,79,16,0,0,0,0,0,0,0,-32286,0,0,0,0,0,2936794,0
2807571,6194,-3548,-50,25,-242,-253,1340,310,-47,-7,232,19376,80,33,79,16,0,0,0,0,0,0,0,-32287,0,0,0,0,0,2936799,0
2807576,5912,-3586,-42,49,-368,-255,1416,336,-12,-7,288,19381,72,33,79,16,0,0,0,0,0,0,0,-32287,0,0,0,0,0,2936814,0
2807581,5776,-3680,-46,44,-417,-236,1493,338,16,1,288,19381,72,33,79,16,0,0,0,0,0,0,0,-32287,0,0,0,0,0,2936819,0
2807586,5752,-3508,-90,131,-546,-270,1568,332,33,0,264,19381,74,33,79,16,0,0,0,0,0,0,0,-32287,0,0,0,0,0,2936834,0
2807591,6012,-3732,-188,240,-632,-266,1643,325,29,0,256,19381,74,33,79,16,0,0,0,0,0,0,0,-32287,0,0,0,0,0,2936839,0
2807596,6210,-3210,-70,172,-730,-232,1719,340,1,-5,296,19379,72,33,79,16,0,0,0,0,0,0,0,-32287,0,0,0,0,0,2936854,0
2807601,6378,-3156,56,115,-739,-208,1800,365,5,-9,352,19379,72,33,79,16,0,0,0,0,0,0,0,-32287,0,0,0,0,0,2936859,0
2807606,6516,-3246,176,143,-794,-201,1888,394,30,-8,416,19377,78,33,79,16,0,0,0,0,0,0,0,-32287,0,0,0,0,0,2936874,0
2807611,6608,-3428,244,197,-832,-161,1975,391,51,-1,400,19377,78,33,79,16,0,0,0,0,0,0,0,-32287,0,0,0,0,0,2936879,0
2807616,6906,-3314,296,271,-891,-123,2063,391,56,-1,424,19375,77,33,79,16,0,0,0,0,0,0,0,-32287,0,0,0,0,0,2936894,0
2807621,6940,-3040,378,270,-913,-114,2154,401,35,-5,448,19375,77,33,79,16,0,0,0,0,0,0,0,-32287,0,0,0,0,0,2936899,0
2807626,7196,-3004,416,264,-920,-92,2252,435,33,-10,536,19375,79,33,79,16,0,0,0,0,0,0,0,-32286,0,0,0,0,0,2936914,0
2807631,7230,-2952,446,297,-935,-72,2354,459,44,-10,584,19375,79,33,79,16,0,0,0,0,0,0,0,-32287,0,0,0,0,0,2936919,0
2807636,7460,-2952,588,422,-924,-20,2459,462,60,-2,616,19374,72,33,79,16,0,0,0,0,0,0,0,-32287,0,0,0,0,0,2936934,0
2807641,7728,-2920,614,457,-877,2,2567,481,62,-4,648,19374,72,33,79,16,0,0,0,0,0,0,0,-32287,0,0,0,0,0,2936939,0
2807646,7714,-2828,696,500,-820,17,2681,504,65,2,712,19374,69,33,79,16,0,0,0,0,0,0,0,-32287,0,0,0,0,0,2936954,0
2807651,7934,-2798,692,548,-746,37,2802,537,67,2,768,19374,69,33,79,16,0,0,0,0,0,0,0,-32286,0,0,0,0,0,2936959,0
2807656,7968,-2792,588,623,-642,78,2928,551,78,8,792,19376,72,33,79,16,0,0,0,0,0,0,0,-32287,0,0,0,0,0,2936974,0
2807661,7968,-2946,488,655,-573,113,3053,557,80,0,808,19376,72,33,79,16,0,0,0,0,0,0,0,-32286,0,0,0,0,0,2936979,0
2807666,7934,-2814,458,696,-538,125,3188,583,67,2,880,19377,67,33,79,16,0,0,0,0,0,0,0,-32286,0,0,0,0,0,2936994,0
2807671,7940,-2964,408,751,-489,132,3322,598,59,7,888,19377,67,33,79,16,0,0,0,0,0,0,0,-32287,0,0,0,0,0,2936999,0
2807676,7794,-2978,300,773,-430,198,3458,597,52,7,856,19376,60,33,79,16,0,0,0,0,0,0,0,-32287,0,0,0,0,0,2937014,0
2807681,7760,-2954,280,795,-376,213,3595,604,39,2,880,19376,60,33,79,16,0,0,0,0,0,0,0,-32287,0,0,0,0,0,2937019,0
2807686,7670,-2874,286,833,-358,209,3735,614,32,0,880,19374,54,33,79,16,0,0,0,0,0,0,0,-32286,0,0,0,0,0,2937033,0
2807691,7612,-2976,196,865,-336,235,3875,615,27,4,872,19374,54,33,79,16,0,0,0,0,0,0,0,-32287,0,0,0,0,0,2937038,0
2807696,7488,-2976,74,876,-348,266,4012,599,9,0,856,19373,58,33,79,16,0,0,0,0,0,0,0,-32287,0,0,0,0,0,2937053,0
2807701,7494,-2842,40,863,-344,280,4153,617,10,-7,888,19373,58,33,79,16,0,0,0,0,0,0,0,-32287,0,0,0,0,0,2937058,0
2807706,7396,-3008,12,853,-336,305,4291,611,0,2,864,19376,64,33,79,16,0,0,0,0,0,0,0,-32287,0,0,0,0,0,2937073,0
2807711,7216,-3150,92,856,-351,309,4425,592,-10,2,824,19376,64,33,79,16,0,0,0,0,0,0,0,-32287,0,0,0,0,0,2937078,0
2807716,7276,-3048,214,995,-331,302,4562,601,-14,-2,848,19376,74,33,79,16,0,0,0,0,0,0,0,-32286,0,0,0,0,0,2937093,0
2807721,7160,-3120,276,1031,-317,309,4697,593,-15,1,816,19376,74,33,79,16,0,0,0,0,0,0,0,-32287,0,0,0,0,0,2937098,0
2807726,7100,-2938,312,1040,-309,304,4827,575,-22,6,776,19376,66,33,79,16,0,0,0,0,0,0,0,-32287,0,0,0,0,0,2937113,0
2807731,7152,-2920,264,1069,-273,282,4955,570,-26,-7,776,19376,66,33,79,16,0,0,0,0,0,0,0,-32287,0,0,0,0,0,2937118,0
2807736,7004,-2762,244,1160,-242,272,5084,571,-27,-2,776,19374,64,33,79,16,0,0,0,0,0,0,0,-32287,0,0,0,0,0,2937133,0
2807741,6896,-2710,218,1187,-243,252,5207,542,-37,5,704,19374,64,33,79,16,0,0,0,0,0,0,0,-32286,0,0,0,0,0,2937138,0
2807746,6968,-2658,80,1219,-221,245,5324,518,-47,-2,656,19375,74,33,79,16,0,0,0,0,0,0,0,-32287,0,0,0,0,0,2937153,0
2807751,6818,-2586,28,1243,-223,247,5438,505,-54,-6,632,19375,74,33,79,16,0,0,0,0,0,0,0,-32287,0,0,0,0,0,2937158,0
2807756,6820,-2538,50,1257,-214,249,5549,486,-63,-1,568,19376,76,33,79,16,0,0,0,0,0,0,0,-32287,0,0,0,0,0,2937173,0
2807761,6812,-2552,-82,1274,-246,254,5654,459,-67,-2,520,19376,76,33,79,16,0,0,0,0,0,0,0,-32287,0,0,0,0,0,2937178,0
2807766,6920,-2468,-144,1284,-223,282,5752,422,-73,0,432,19376,80,33,79,16,0,0,0,0,0,0,0,-32287,0,0,0,0,0,2937193,0
2807771,6810,-2186,-142,1267,-273,288,5844,400,-82,4,408,19376,80,33,79,16,0,0,0,0,0,0,0,-32286,0,0,0,0,0,2937198,0
2807776,6890,-1972,-158,1270,-247,342,5932,389,-90,5,368,19376,69,33,79,16,0,0,0,0,0,0,0,-32287,0,0,0,0,0,2937213,0
2807781,7004,-2000,-216,1285,-232,378,6018,377,-79,9,328,19376,69,33,79,16,0,0,0,0,0,0,0,-32286,0,0,0,0,0,2937218,0
2807786,6934,-1806,-194,1302,-231,372,6098,355,-70,5,280,19375,69,33,79,16,0,0,0,0,0,0,0,-32286,0,0,0,0,0,2937233,0
2807791,7166,-1596,-214,1308,-209,398,6175,335,-60,0,280,19375,69,33,79,16,0,0,0,0,0,0,0,-32286,0,0,0,0,0,2937238,0
2807796,7274,-1194,-74,1302,-184,330,6248,320,-62,2,240,19376,72,33,79,16,0,0,0,0,0,0,0,-32286,0,0,0,0,0,2937253,0
2807801,7710,-790,-324,1268,-180,303,6320,324,-55,-4,256,19376,72,33,79,16,0,0,0,0,0,0,0,-32286,0,0,0,0,0,2937258,0
2807806,7316,-1046,-294,1315,-125,229,6396,341,-35,-4,280,19376,73,33,79,16,0,0,0,0,0,0,0,-32287,0,0,0,0,0,2937273,0
2807811,7500,-1390,-198,1400,-181,207,6477,351,1,-4,304,19376,73,33,79,16,0,0,0,0,0,0,0,-32287,0,0,0,0,0,2937278,0
2807816,7714,-1028,-214,1215,-207,187,6559,358,26,0,336,19377,66,33,79,16,0,0,0,0,0,0,0,-32287,0,0,0,0,0,2937293,0
2807821,7918,-1012,-62,1052,-98,192,6644,366,43,-2,344,19377,66,33,79,16,0,0,0,0,0,0,0,-32286,0,0,0,0,0,2937298,0
2807826,7944,-1136,202,971,-64,148,6736,411,48,-11,448,19376,66,33,79,16,0,0,0,0,0,0,0,-32287,0,0,0,0,0,2937313,0
2807831,8100,-1464,388,1023,-29,115,6841,470,70,-24,640,19376,66,33,79,16,0,0,0,0,0,0,0,-32286,0,0,0,0,0,2937318,0
2807836,8116,-1950,420,1334,-39,12,6957,508,115,-11,728,19374,72,33,79,16,0,0,0,0,0,0,0,-32287,0,0,0,0,0,2937333,0
2807841,8050,-1814,342,1432,-100,-24,7083,560,146,3,856,19374,72,33,79,16,0,0,0,0,0,0,0,-32287,0,0,0,0,0,2937338,0
2807846,8216,-1614,162,1540,-119,-91,7222,614,172,4,992,19373,72,33,79,16,0,0,0,0,0,0,0,-32286,0,0,0,0,0,2937352,0
2807851,8076,-1476,58,1622,-164,-148,7377,687,183,-1,1120,19373,72,33,79,16,0,0,0,0,0,0,0,-32287,0,0,0,0,0,2937357,0
2807856,7830,-1262,-168,1693,-208,-258,7539,722,183,9,1176,19375,78,33,79,16,0,0,0,0,0,0,0,-32286,0,0,0,0,0,2937372,0
2807861,8014,-1204,-244,1765,-212,-334,7712,765,183,-1,1272,19375,78,33,79,16,0,0,0,0,0,0,0,-32287,0,0,0,0,0,2937377,0
2807866,7852,-1132,-238,1829,-192,-395,7891,797,162,1,1320,19376,69,33,79,16,0,0,0,0,0,0,0,-32287,0,0,0,0,0,2937392,0
2807871,7724,-1182,-420,1858,-226,-435,8079,825,143,8,1376,19376,69,33,79,16,0,0,0,0,0,0,0,-32287,0,0,0,0,0,2937397,0
2807876,7662,-1128,-482,1895,-194,-508,8270,842,118,1,1408,19377,58,33,79,16,0,0,0,0,0,0,0,-32287,0,0,0,0,0,2937412,0
2807881,7716,-1166,-648,1902,-179,-489,8463,850,95,10,1392,19377,58,33,79,16,0,0,0,0,0,0,0,-32286,0,0,0,0,0,2937417,0
2807886,7740,-1130,-724,1889,-225,-493,8652,833,56,7,1352,19376,61,33,79,16,0,0,0,0,0,0,0,-32287,0,0,0,0,0,2937432,0
2807891,7848,-1108,-724,1861,-230,-491,8841,818,14,2,1312,19376,61,33,79,16,0,0,0,0,0,0,0,-32287,0,0,0,0,0,2937437,0
2807896,8120,-934,-678,1773,-263,-481,9019,786,-25,5,1224,19376,71,33,79,16,0,0,0,0,0,0,0,-32287,0,0,0,0,0,2937452,0
2807901,8408,-972,-706,1674,-259,-475,9191,754,-62,5,1168,19376,71,33,79,16,0,0,0,0,0,0,0,-32287,0,0,0,0,0,2937457,0
2807906,8724,-1308,-778,1552,-220,-425,9352,704,-100,2,1032,19378,82,33,79,16,0,0,0,0,0,0,0,-32287,0,0,0,0,0,2937472,0
2807911,8852,-1782,-840,1362,-215,-375,9500,643,-133,4,896,19378,82,33,79,16,0,0,0,0,0,0,0,-32286,0,0,0,0,0,2937477,0
2807916,9216,-2886,-928,1029,-250,-238,9638,610,-153,-3,824,19379,79,33,79,16,0,0,0,0,0,0,0,-32286,0,0,0,0,0,2937492,0
2807921,9264,-3302,-798,884,-359,-156,9762,539,-171,3,648,19379,79,33,79,16,0,0,0,0,0,0,0,-32286,0,0,0,0,0,2937497,0
2807926,9500,-3874,-624,791,-483,-78,9871,472,-187,-3,464,19377,79,33,79,16,0,0,0,0,0,0,0,-32287,0,0,0,0,0,2937512,0
2807931,9674,-3830,-314,756,-609,-47,9969,429,-198,-11,408,19377,79,33,79,16,0,0,0,0,0,0,0,-32287,0,0,0,0,0,2937517,0
2807936,9896,-3694,340,730,-784,59,10052,373,-199,-4,304,19376,88,33,79,16,0,0,0,0,0,0,0,-32287,0,0,0,0,0,2937532,0
2807941,10076,-3438,648,648,-870,105,10127,317,-200,13,184,19376,88,33,79,16,0,0,0,0,0,0,0,-32286,0,0,0,0,0,2937537,0
2807946,10378,-2902,906,560,-922,88,10184,244,-198,11,88,19375,83,33,79,16,0,0,0,0,0,0,0,-32287,0,0,0,0,0,2937552,0
2807951,10738,-2504,1078,461,-921,72,10225,178,-194,-15,56,19375,83,33,79,16,0,0,0,0,0,0,0,-32287,0,0,0,0,0,2937557,0
2807956,11082,-1568,1438,398,-932,-30,10251,98,-227,-8,16,19375,85,33,79,16,0,0,0,0,0,0,0,-32286,0,0,0,0,0,2937572,0
2807961,11374,-1088,1500,429,-892,-163,10258,30,-247,-2,0,19375,85,33,79,16,0,0,0,0,0,0,0,-32287,0,0,0,0,0,2937577,0
2807966,11498,-952,1458,435,-816,-277,10260,-2,-240,2,0,19374,73,33,79,16,0,0,0,0,0,0,0,-32286,0,0,0,0,0,2937592,0
2807971,11456,-928,1298,415,-781,-409,10260,2,-194,0,0,19374,73,33,79,16,0,0,0,0,0,0,0,-32287,0,0,0,0,0,2937597,0
2807976,11528,-1554,884,280,-640,-602,10259,0,-126,0,0,19373,62,33,79,16,0,0,0,0,0,0,0,-32286,0,0,0,0,0,2937612,0
2807981,11484,-2180,658,236,-528,-687,10259,-1,-59,0,0,19373,62,33,79,16,0,0,0,0,0,0,0,-32286,0,0,0,0,0,2937617,0
2807986,11294,-2836,444,216,-455,-712,10260,-4,-20,0,0,19372,63,33,79,16,0,0,0,0,0,0,0,-32287,0,0,0,0,0,2937632,0
2807991,11132,-3346,266,184,-409,-720,10259,1,4,-2,0,19372,63,33,79,16,0,0,0,0,0,0,0,-32286,0,0,0,0,0,2937637,0
2807996,10726,-4350,22,96,-327,-710,10259,5,0,0,0,19372,75,33,79,16,0,0,0,0,0,0,0,-32287,0,0,0,0,0,2937652,0
2808001,10174,-4832,-294,147,-423,-745,10260,3,-2,0,0,19372,75,33,79,16,0,0,0,0,0,0,0,-32286,0,0,0,0,0,2937657,0
2808006,10292,-5192,-334,244,-478,-738,10258,-4,-3,1,-8,19374,78,33,79,16,0,0,0,0,0,0,0,-32286,0,0,0,0,0,2937672,0
2808011,9722,-5048,-406,35,-486,-653,10256,-16,0,0,-8,19374,78,33,79,16,0,0,0,0,0,0,0,-32287,0,0,0,0,0,2937677,0
2808016,8676,-5428,46,-654,-309,-506,10257,-5,-1,0,0,19376,78,33,79,16,0,0,0,0,0,0,0,-32287,0,0,0,0,0,2937692,0
2808021,7846,-6060,674,-685,-210,-508,10258,0,-1,0,-8,19376,78,33,79,16,0,0,0,0,0,0,0,-32287,0,0,0,0,0,2937697,0
2808026,7282,-6614,1050,-305,-301,-498,10255,-5,1,0,-16,19375,61,33,79,16,0,0,0,0,0,0,0,-32287,0,0,0,0,0,2937712,0
2808031,8416,-2416,2100,1552,-825,-1649,10231,-125,-34,16,-96,19375,61,33,79,16,0,0,0,0,0,0,0,-32287,0,0,0,0,0,2937717,0
2808036,5178,-4322,4194,2045,-977,-1164,10182,-219,-135,10,-168,19374,57,33,79,16,0,0,0,0,0,0,0,-32287,0,0,0,0,0,2937732,0
2808041,8958,-5670,2144,1803,-711,-1071,10101,-368,-248,16,-448,19374,57,33,79,16,0,0,0,0,0,0,0,-32287,0,0,0,0,0,2937737,0
2808046,6480,-4748,1852,1267,-524,-878,9980,-545,-381,47,-896,19374,66,33,79,16,0,0,0,0,0,0,0,-32287,0,0,0,0,0,2937752,0
2808051,5864,-4744,2178,773,-642,-842,9824,-708,-487,21,-1312,19374,66,33,79,16,0,0,0,0,0,0,0,-32286,0,0,0,0,0,2937757,0
2808056,5508,-6072,2230,624,-516,-505,9663,-917,-553,13,-1784,19376,69,33,79,16,0,0,0,0,0,0,0,-32287,0,0,0,0,0,2937772,0
2808061,5306,-6022,2442,518,-414,-327,9419,-1089,-630,7,-2216,19376,69,33,79,16,0,0,0,0,0,0,0,-32286,0,0,0,0,0,2937777,0
2808066,5204,-6180,2454,348,-219,-64,9131,-1293,-676,0,-2656,19375,76,33,79,16,0,0,0,0,0,0,0,-32287,0,0,0,0,0,2937791,0
2808071,4956,-5824,2678,298,-146,108,8801,-1474,-694,-5,-3000,19375,76,33,79,16,0,0,0,0,0,0,0,-32287,0,0,0,0,0,2937796,0
2808076,5482,-5192,2686,235,229,445,8433,-1632,-674,-12,-3296,19373,79,33,79,16,0,0,0,0,0,0,0,-32287,0,0,0,0,0,2937811,0
2808081,5964,-5108,2464,239,431,601,8034,-1761,-620,-18,-3512,19373,79,33,79,16,0,0,0,0,0,0,0,-32286,0,0,0,0,0,2937816,0
2808086,6090,-4756,2402,166,571,751,7613,-1864,-537,-19,-3672,19371,88,33,79,16,0,0,0,0,0,0,0,-32287,0,0,0,0,0,2937831,0
2808091,6636,-4414,2106,91,746,936,7183,-1894,-424,-23,-3688,19371,88,33,79,16,0,0,0,0,0,0,0,-32287,0,0,0,0,0,2937836,0
2808096,6528,-4754,1878,374,664,1002,6757,-1868,-276,-16,-3584,19371,93,33,79,16,0,0,0,0,0,0,0,-32287,0,0,0,0,0,2937851,0
2808101,7884,-4422,1262,1185,422,892,6341,-1818,-115,-6,-3480,19371,93,33,79,16,0,0,0,0,0,0,0,-32286,0,0,0,0,0,2937856,0
2808106,8370,-2764,1250,1707,136,709,5939,-1770,35,3,-3384,19374,91,33,79,16,0,0,0,0,0,0,0,-32287,0,0,0,0,0,2937871,0
2808111,9460,-1144,736,1677,83,587,5546,-1725,129,4,-3304,19374,91,33,79,16,0,0,0,0,0,0,0,-32286,0,0,0,0,0,2937876,0
2808116,10234,708,406,660,232,461,5159,-1693,153,-3,-3232,19374,78,33,79,16,0,0,0,0,0,0,0,-32287,0,0,0,0,0,2937891,0
2808121,10354,614,486,345,301,360,4779,-1672,141,-6,-3176,19374,78,33,79,16,0,0,0,0,0,0,0,-32287,0,0,0,0,0,2937896,0
2808126,10536,76,710,305,301,239,4406,-1639,120,-7,-3096,19374,80,33,79,16,0,0,0,0,0,0,0,-32287,0,0,0,0,0,2937911,0
2808131,10470,-286,1018,442,267,107,4041,-1601,110,-7,-2992,19374,80,33,79,16,0,0,0,0,0,0,0,-32287,0,0,0,0,0,2937916,0
2808136,10466,-458,1282,521,340,-99,3689,-1552,123,-4,-2880,19371,85,33,79,16,0,0,0,0,0,0,0,-32286,0,0,0,0,0,2937931,0
2808141,10186,-570,1528,305,537,-96,3347,-1499,142,0,-2768,19371,85,33,79,16,0,0,0,0,0,0,0,-32286,0,0,0,0,0,2937936,0
2808146,9482,-654,1488,-74,726,-74,3021,-1424,166,-1,-2608,19370,82,33,79,16,0,0,0,0,0,0,0,-32286,0,0,0,0,0,2937951,0
2808151,9174,-1248,1368,-275,824,-40,2716,-1332,209,-3,-2408,19370,82,33,79,16,0,0,0,0,0,0,0,-32286,0,0,0,0,0,2937956,0
2808156,8278,-1918,1496,-420,1055,14,2432,-1235,254,-6,-2184,19371,86,33,79,16,0,0,0,0,0,0,0,-32287,0,0,0,0,0,2937971,0
2808161,8118,-2422,1362,-273,1072,5,2175,-1123,306,-7,-1936,19371,86,33,79,16,0,0,0,0,0,0,0,-32287,0,0,0,0,0,2937976,0
2808166,7618,-2740,1228,-137,990,5,1942,-1004,449,-6,-1672,19373,74,33,79,16,0,0,0,0,0,0,0,-32287,0,0,0,0,0,2937991,0
2808171,7534,-2686,1084,-64,961,20,1735,-902,407,-3,-1432,19373,74,33,79,16,0,0,0,0,0,0,0,-32287,0,0,0,0,0,2937996,0
2808176,7212,-2346,1092,-88,959,-19,1553,-786,354,-8,-1184,19372,62,33,79,16,0,0,0,0,0,0,0,-32287,0,0,0,0,0,2938011,0
2808181,7062,-2526,880,-38,882,-53,1393,-702,306,-2,-1016,19372,62,33,79,16,0,0,0,0,0,0,0,-32286,0,0,0,0,0,2938016,0
2808186,6950,-2538,710,14,765,-88,1254,-603,243,-3,-784,19373,61,33,79,16,0,0,0,0,0,0,0,-32287,0,0,0,0,0,2938031,0
2808191,6886,-2476,628,36,730,-94,1130,-534,226,6,-640,19373,61,33,79,16,0,0,0,0,0,0,0,-32287,0,0,0,0,0,2938036,0
2808196,6616,-2388,474,-122,692,-53,1018,-484,295,13,-512,19376,67,33,79,16,0,0,0,0,0,0,0,-32287,0,0,0,0,0,2938051,0
2808201,6240,-2308,508,-266,671,-28,918,-441,244,6,-416,19376,67,33,79,16,0,0,0,0,0,0,0,-32287,0,0,0,0,0,2938056,0
2808206,6196,-2562,588,-306,660,0,831,-369,216,-4,-304,19377,78,33,79,16,0,0,0,0,0,0,0,-32287,0,0,0,0,0,2938071,0
2808211,6014,-2828,690,-260,604,37,754,-338,188,-7,-248,19377,78,33,79,16,0,0,0,0,0,0,0,-32287,0,0,0,0,0,2938076,0
2808216,6128,-2308,632,-140,440,45,682,-321,166,0,-232,19377,72,33,79,16,0,0,0,0,0,0,0,-32287,0,0,0,0,0,2938091,0
2808221,6160,-1872,784,-244,471,80,611,-314,132,-1,-232,19377,72,33,79,16,0,0,0,0,0,0,0,-32287,0,0,0,0,0,2938096,0
2808226,6254,-1784,790,-427,510,139,544,-295,97,-1,-200,19375,71,33,79,16,0,0,0,0,0,0,0,-32287,0,0,0,0,0,2938111,0
2808231,6234,-1824,910,-579,555,202,479,-281,57,0,-176,19375,71,33,79,16,0,0,0,0,0,0,0,-32286,0,0,0,0,0,2938116,0
2808236,6304,-1940,1204,-578,606,253,421,-246,51,-2,-120,19375,71,33,79,16,0,0,0,0,0,0,0,-32287,0,0,0,0,0,2938131,0
2808241,6334,-1702,1374,-516,626,235,368,-228,62,4,-112,19375,71,33,79,16,0,0,0,0,0,0,0,-32287,0,0,0,0,0,2938139,0
2808246,6648,-1812,1364,-488,667,264,320,-208,74,2,-96,19374,71,33,79,16,0,0,0,0,0,0,0,-32286,0,0,0,0,0,2938154,0
2808251,6644,-1528,1532,-457,714,259,279,-180,87,4,-96,19374,71,33,79,16,0,0,0,0,0,0,0,-32287,0,0,0,0,0,2938159,0
2808256,6680,-1254,1572,-488,829,261,239,-176,89,4,-88,19374,75,33,79,16,0,0,0,0,0,0,0,-32287,0,0,0,0,0,2938174,0
2808261,6788,-1332,1324,-493,894,270,200,-177,63,3,-96,19374,75,33,79,16,0,0,0,0,0,0,0,-32287,0,0,0,0,0,2938179,0
2808266,6620,-892,1144,-504,858,222,166,-154,45,2,-72,19374,70,33,79,16,0,0,0,0,0,0,0,-32287,0,0,0,0,0,2938194,0
2808271,6852,-810,752,-538,848,221,130,-161,30,3,-80,19374,70,33,79,16,0,0,0,0,0,0,0,-32286,0,0,0,0,0,2938199,0
2808276,6988,-1138,282,-278,643,99,91,-177,16,2,-112,19372,68,33,79,16,0,0,0,0,0,0,0,-32287,0,0,0,0,0,2938214,0
2808281,6346,18,426,-579,534,75,39,-234,-24,1,-144,19372,68,33,79,16,0,0,0,0,0,0,0,-32287,0,0,0,0,0,2938219,0
2808286,6892,-232,320,-874,740,150,-18,-263,-63,-10,-160,19371,67,33,79,16,0,0,0,0,0,0,0,-32287,0,0,0,0,0,2938234,0
2808291,6122,-254,674,-1111,808,201,-78,-271,-101,-3,-192,19371,67,33,79,16,0,0,0,0,0,0,0,-32287,0,0,0,0,0,2938238,0
2808296,5906,-1088,646,-1116,807,228,-141,-280,-96,-1,-192,19372,78,33,79,16,0,0,0,0,0,0,0,-32287,0,0,0,0,0,2938253,0
2808301,5818,-1222,594,-1063,810,264,-205,-286,-69,2,-208,19372,78,33,79,16,0,0,0,0,0,0,0,-32287,0,0,0,0,0,2938258,0
2808306,5626,-1094,632,-1083,820,299,-271,-298,-41,0,-208,19374,75,33,79,16,0,0,0,0,0,0,0,-32287,0,0,0,0,0,2938273,0
2808311,5616,-862,636,-1161,841,307,-339,-295,-31,0,-208,19374,75,33,79,16,0,0,0,0,0,0,0,-32287,0,0,0,0,0,2938278,0
2808316,5734,-1048,488,-1278,845,336,-407,-304,-22,5,-232,19378,61,33,79,16,0,0,0,0,0,0,0,-32287,0,0,0,0,0,2938293,0
2808321,5830,-1146,474,-1239,814,340,-478,-304,-25,0,-200,19378,61,33,79,16,0,0,0,0,0,0,0,-32287,0,0,0,0,0,2938298,0
2808326,5876,-1240,474,-1171,770,346,-543,-282,-11,-7,-168,19379,65,33,79,16,0,0,0,0,0,0,0,-32287,0,0,0,0,0,2938313,0
2808331,5894,-1088,546,-1128,708,316,-603,-257,14,1,-128,19379,65,33,79,16,0,0,0,0,0,0,0,-32287,0,0,0,0,0,2938318,0
2808336,6370,-1166,486,-1162,669,284,-656,-234,44,7,-120,19378,66,33,79,16,0,0,0,0,0,0,0,-32287,0,0,0,0,0,2938333,0
2808341,6392,-1228,620,-1170,636,285,-707,-219,76,9,-128,19378,66,33,79,16,0,0,0,0,0,0,0,-32287,0,0,0,0,0,2938338,0
2808346,6498,-1254,800,-1156,629,231,-753,-205,70,-1,-96,19381,73,33,79,16,0,0,0,0,0,0,0,-32287,0,0,0,0,0,2938353,0
2808351,6546,-1454,770,-1130,607,221,-801,-207,60,-1,-104,19381,73,33,79,16,0,0,0,0,0,0,0,-32287,0,0,0,0,0,2938358,0
2808356,6656,-1554,740,-1024,556,146,-846,-200,44,6,-120,19378,67,33,79,16,0,0,0,0,0,0,0,-32287,0,0,0,0,0,2938373,0
2808361,6656,-1412,810,-965,499,87,-888,-186,23,0,-88,19378,67,33,79,16,0,0,0,0,0,0,0,-32287,0,0,0,0,0,2938378,0
2808366,6740,-1554,722,-964,502,69,-925,-163,36,-3,-64,19379,61,33,79,16,0,0,0,0,0,0,0,-32287,0,0,0,0,0,2938393,0
2808371,6634,-1442,756,-963,452,17,-950,-99,49,-3,-40,19379,61,33,79,16,0,0,0,0,0,0,0,-32287,0,0,0,0,0,2938398,0
2808376,6460,-1602,714,-1018,386,31,-971,-82,90,3,-40,19376,66,33,79,16,0,0,0,0,0,0,0,-32287,0,0,0,0,0,2938413,0
2808381,6562,-1742,650,-979,343,-1,-987,-65,106,-4,-24,19376,66,33,79,16,0,0,0,0,0,0,0,-32287,0,0,0,0,0,2938418,0
2808386,6522,-1754,692,-928,294,-16,-989,-5,113,-8,8,19374,79,33,79,16,0,0,0,0,0,0,0,-32287,0,0,0,0,0,2938433,0
2808391,6502,-1808,674,-919,247,-5,-984,24,127,-3,8,19374,79,33,79,16,0,0,0,0,0,0,0,-32287,0,0,0,0,0,2938438,0
2808396,6546,-1858,754,-998,172,21,-979,18,112,2,0,19375,81,33,79,16,0,0,0,0,0,0,0,-32286,0,0,0,0,0,2938453,0
2808401,6606,-1886,820,-984,141,6,-980,0,79,4,-8,19375,81,33,79,16,0,0,0,0,0,0,0,-32287,0,0,0,0,0,2938458,0
2808406,6728,-1926,836,-934,105,-7,-980,2,25,0,0,19372,76,33,79,16,0,0,0,0,0,0,0,-32287,0,0,0,0,0,2938473,0
2808411,6760,-1888,908,-907,59,-13,-981,0,-12,-1,0,19372,76,33,79,16,0,0,0,0,0,0,0,-32287,0,0,0,0,0,2938478,0
2808416,7000,-1850,936,-910,49,-23,-981,3,-20,0,-8,19373,69,33,79,16,0,0,0,0,0,0,0,-32287,0,0,0,0,0,2938493,0
2808421,7078,-1918,964,-918,34,-21,-981,1,-5,-1,-8,19373,69,33,79,16,0,0,0,0,0,0,0,-32287,0,0,0,0,0,2938498,0
2808426,7188,-2020,944,-919,0,-17,-981,1,5,-1,-8,19373,73,33,79,16,0,0,0,0,0,0,0,-32287,0,0,0,0,0,2938513,0
2808431,7350,-2086,1014,-900,-30,-10,-981,-1,-3,0,-8,19373,73,33,79,16,0,0,0,0,0,0,0,-32287,0,0,0,0,0,2938518,0
2808436,7664,-2282,1156,-866,-57,-18,-981,3,0,0,0,19375,77,33,79,16,0,0,0,0,0,0,0,-32287,0,0,0,0,0,2938533,0
2808441,7806,-2346,1256,-861,-57,-12,-982,0,-2,0,-8,19375,77,33,79,16,0,0,0,0,0,0,0,-32287,0,0,0,0,0,2938538,0
2808446,7916,-2440,1326,-863,-46,0,-981,1,-2,0,-8,19374,74,33,79,16,0,0,0,0,0,0,0,-32287,0,0,0,0,0,2938553,0
2808451,7970,-2534,1358,-873,-39,16,-981,4,0,0,-8,19374,74,33,79,16,0,0,0,0,0,0,0,-32287,0,0,0,0,0,2938558,0
2808456,8064,-2768,1444,-853,-34,52,-981,-2,5,0,-8,19374,69,33,79,16,0,0,0,0,0,0,0,-32287,0,0,0,0,0,2938573,0
2808461,8074,-2776,1532,-834,-49,68,-982,-5,-2,0,0,19374,69,33,79,16,0,0,0,0,0,0,0,-32287,0,0,0,0,0,2938578,0
2808466,8164,-2852,1568,-808,-57,76,-982,-2,-3,0,-8,19375,60,33,79,16,0,0,0,0,0,0,0,-32286,0,0,0,0,0,2938593,0
2808471,8136,-2890,1600,-759,-81,86,-982,-6,-4,-2,-8,19375,60,33,79,16,0,0,0,0,0,0,0,-32287,0,0,0,0,0,2938598,0
2808476,8156,-2832,1756,-656,-101,114,-981,-6,-2,-1,0,19374,57,33,79,16,0,0,0,0,0,0,0,-32287,0,0,0,0,0,2938613,0
2808481,8212,-2688,1830,-621,-103,114,-982,-2,2,0,-8,19374,57,33,79,16,0,0,0,0,0,0,0,-32287,0,0,0,0,0,2938618,0
2808486,8552,-2332,2014,-610,-40,107,-981,1,3,0,0,19373,62,33,79,16,0,0,0,0,0,0,0,-32287,0,0,0,0,0,2938633,0
2808491,8650,-2002,2240,-551,14,38,-983,-2,4,0,-8,19373,62,33,79,16,0,0,0,0,0,0,0,-32287,0,0,0,0,0,2938638,0
2808496,8786,-2264,2110,-327,-33,-14,-982,-1,1,1,-8,19375,74,33,79,16,0,0,0,0,0,0,0,-32287,0,0,0,0,0,2938653,0
2808501,8786,-1928,2036,-305,-60,-38,-984,0,0,0,-8,19375,74,33,79,16,0,0,0,0,0,0,0,-32288,0,0,0,0,0,2938658,0
2808506,9202,-1504,1940,-291,-33,-63,-985,-7,-1,0,-8,19377,76,33,79,16,0,0,0,0,0,0,0,-32288,0,0,0,0,0,2938673,0
2808511,9408,-1072,2032,-225,-63,-146,-988,-10,-6,1,-16,19377,76,33,79,16,0,0,0,0,0,0,0,-32287,0,0,0,0,0,2938678,0
2808516,9446,-838,2044,-118,-26,-197,-992,-18,-13,0,-16,19376,65,33,79,16,0,0,0,0,0,0,0,-32287,0,0,0,0,0,2938693,0
2808521,9632,-468,1966,-184,28,-214,-998,-25,-16,0,-24,19376,65,33,79,16,0,0,0,0,0,0,0,-32286,0,0,0,0,0,2938698,0
2808526,9690,-214,1890,-306,167,-195,-1007,-40,-25,1,-32,19377,70,33,79,16,0,0,0,0,0,0,0,-32287,0,0,0,0,0,2938713,0
2808531,9484,14,1996,-473,294,-161,-1025,-79,-34,5,-56,19377,70,33,79,16,0,0,0,0,0,0,0,-32286,0,0,0,0,0,2938718,0
2808536,9316,228,2048,-776,574,-76,-1052,-132,-71,6,-72,19379,66,33,79,16,0,0,0,0,0,0,0,-32287,0,0,0,0,0,2938733,0
2808541,9360,222,2044,-820,697,-51,-1081,-131,-92,2,-80,19379,66,33,79,16,0,0,0,0,0,0,0,-32286,0,0,0,0,0,2938738,0
2808546,9172,168,2096,-938,849,24,-1122,-176,-110,3,-104,19378,78,33,79,16,0,0,0,0,0,0,0,-32287,0,0,0,0,0,2938753,0
2808551,8924,398,2230,-1111,966,50,-1166,-197,-106,-5,-120,19378,78,33,79,16,0,0,0,0,0,0,0,-32287,0,0,0,0,0,2938758,0
2808556,8928,414,2218,-1172,1121,53,-1212,-196,-99,-8,-96,19376,74,33,79,16,0,0,0,0,0,0,0,-32287,0,0,0,0,0,2938773,0
2808561,9012,374,2250,-1023,1130,-3,-1258,-197,-61,-1,-88,19376,74,33,79,16,0,0,0,0,0,0,0,-32287,0,0,0,0,0,2938777,0
2808566,8894,550,2174,-878,1057,-55,-1299,-179,-33,1,-96,19372,71,33,79,16,0,0,0,0,0,0,0,-32287,0,0,0,0,0,2938792,0
2808571,8864,988,1772,-901,935,-139,-1338,-169,6,1,-64,19372,71,33,79,16,0,0,0,0,0,0,0,-32286,0,0,0,0,0,2938797,0
2808576,8574,1260,1180,-1248,799,-185,-1370,-151,42,2,-56,19374,77,33,79,16,0,0,0,0,0,0,0,-32286,0,0,0,0,0,2938812,0
2808581,8670,1088,1136,-1426,711,-241,-1388,-71,70,-6,-16,19374,77,33,79,16,0,0,0,0,0,0,0,-32287,0,0,0,0,0,2938817,0
2808586,8544,882,1196,-1538,679,-272,-1387,15,128,-9,8,19375,81,33,79,16,0,0,0,0,0,0,0,-32287,0,0,0,0,0,2938832,0
2808591,8278,628,1328,-1635,591,-313,-1377,50,187,-4,16,19375,81,33,79,16,0,0,0,0,0,0,0,-32287,0,0,0,0,0,2938837,0
2808596,8286,-212,1478,-1680,446,-373,-1365,49,192,1,16,19375,82,33,79,16,0,0,0,0,0,0,0,-32287,0,0,0,0,0,2938852,0
2808601,8230,-610,1740,-1694,394,-396,-1361,7,139,6,-8,19375,82,33,79,16,0,0,0,0,0,0,0,-32286,0,0,0,0,0,2938857,0
2808606,8364,-858,1762,-1794,364,-391,-1362,-8,33,3,-8,19374,77,33,79,16,0,0,0,0,0,0,0,-32287,0,0,0,0,0,2938872,0
2808611,8492,-1208,2014,-2162,566,-297,-1365,0,-39,-4,0,19374,77,33,79,16,0,0,0,0,0,0,0,-32287,0,0,0,0,0,2938877,0
2808616,9324,-3126,2258,-2562,537,-225,-1360,17,-43,-1,8,19374,60,33,79,16,0,0,0,0,0,0,0,-32287,0,0,0,0,0,2938892,0
2808621,9526,-4004,2046,-2472,318,-230,-1359,5,-13,1,0,19374,60,33,79,16,0,0,0,0,0,0,0,-32287,0,0,0,0,0,2938897,0
2808626,10404,-4852,1954,-2289,193,-215,-1357,1,14,1,0,19374,58,33,79,16,0,0,0,0,0,0,0,-32287,0,0,0,0,0,2938912,0
2808631,10854,-5122,2182,-2171,135,-224,-1355,9,8,0,0,19374,58,33,79,16,0,0,0,0,0,0,0,-32287,0,0,0,0,0,2938917,0
2808636,11702,-6496,2238,-2022,151,-201,-1353,12,0,0,8,19373,70,33,79,16,0,0,0,0,0,0,0,-32287,0,0,0,0,0,2938932,0
2808641,11922,-6812,2336,-1992,283,-192,-1349,9,2,-1,8,19373,70,33,79,16,0,0,0,0,0,0,0,-32287,0,0,0,0,0,2938937,0
2808646,11920,-6912,2420,-1988,493,-189,-1344,23,7,-3,16,19375,80,33,79,16,0,0,0,0,0,0,0,-32287,0,0,0,0,0,2938952,0
2808651,11428,-6900,2452,-2021,760,-199,-1334,39,24,0,24,19375,80,33,79,16,0,0,0,0,0,0,0,-32287,0,0,0,0,0,2938957,0
2808656,10154,-7392,1912,-1864,996,-302,-1314,93,45,-4,56,19374,74,33,79,16,0,0,0,0,0,0,0,-32287,0,0,0,0,0,2938972,0
2808661,9496,-7916,1652,-1562,984,-358,-1285,129,84,-1,40,19374,74,33,79,16,0,0,0,0,0,0,0,-32287,0,0,0,0,0,2938977,0
2808666,8710,-8350,1524,-1304,949,-386,-1261,102,90,4,40,19377,57,33,79,16,0,0,0,0,0,0,0,-32287,0,0,0,0,0,2938992,0
2808671,8134,-8278,1446,-1078,846,-424,-1234,120,76,-3,56,19377,57,33,79,16,0,0,0,0,0,0,0,-32287,0,0,0,0,0,2938997,0
2808676,6918,-8630,956,-734,599,-354,-1205,131,51,1,48,19375,51,33,79,16,0,0,0,0,0,0,0,-32287,0,0,0,0,0,2939012,0
2808681,6618,-8520,724,-493,411,-372,-1171,154,26,-1,72,19375,51,33,79,16,0,0,0,0,0,0,0,-32287,0,0,0,0,0,2939017,0
2808686,6276,-8508,392,-215,265,-320,-1136,147,30,7,56,19375,61,33,79,16,0,0,0,0,0,0,0,-32287,0,0,0,0,0,2939032,0
2808691,5830,-7672,192,-63,174,-258,-1102,153,36,-1,80,19375,61,33,79,16,0,0,0,0,0,0,0,-32287,0,0,0,0,0,2939037,0
2808696,5348,-6606,-52,26,71,-152,-1073,132,12,2,56,19375,67,33,79,16,0,0,0,0,0,0,0,-32287,0,0,0,0,0,2939052,0
2808701,5170,-5888,112,55,14,-157,-1037,162,4,-2,88,19375,67,33,79,16,0,0,0,0,0,0,0,-32287,0,0,0,0,0,2939062,0
2808706,5262,-5742,138,132,29,-78,-993,194,9,0,128,19371,68,33,79,16,0,0,0,0,0,0,0,-32287,0,0,0,0,0,2939071,0
2808711,4744,-5132,496,129,80,-54,-938,243,64,-3,176,19371,68,33,79,16,0,0,0,0,0,0,0,-32287,0,0,0,0,0,2939076,0
2808716,4824,-4820,372,412,77,-94,-870,310,118,-1,272,19371,76,33,79,16,0,0,0,0,0,0,0,-32287,0,0,0,0,0,2939091,0
2808721,4704,-4430,178,548,139,-74,-791,344,159,2,296,19371,76,33,79,16,0,0,0,0,0,0,0,-32287,0,0,0,0,0,2939096,0
2808726,4532,-3850,128,554,191,-98,-705,383,163,-3,384,19377,77,33,79,16,0,0,0,0,0,0,0,-32287,0,0,0,0,0,2939111,0
2808731,4696,-3746,-162,565,298,-85,-610,430,162,-19,504,19377,77,33,79,16,0,0,0,0,0,0,0,-32287,0,0,0,0,0,2939116,0
2808736,4494,-4250,-336,680,341,18,-499,495,165,-25,704,19386,84,33,79,16,0,0,0,0,0,0,0,-32287,0,0,0,0,0,2939131,0
2808741,4326,-4556,-506,725,273,113,-368,577,173,-8,952,19386,84,33,79,16,0,0,0,0,0,0,0,-32287,0,0,0,0,0,2939136,0
2808746,4368,-4546,-836,746,154,231,-222,649,218,11,1072,19390,85,33,79,16,0,0,0,0,0,0,0,-32287,0,0,0,0,0,2939151,0
2808751,4340,-4542,-804,792,31,320,-57,734,250,0,1280,19390,85,33,79,16,0,0,0,0,0,0,0,-32287,0,0,0,0,0,2939156,0
2808756,5168,-3862,-1738,1254,-671,272,127,825,277,-1,1440,19387,80,33,79,16,0,0,0,0,0,0,0,-32287,0,0,0,0,0,2939171,0
2808761,5430,-2918,-1712,1267,-1003,257,324,873,275,10,1520,19387,80,33,79,16,0,0,0,0,0,0,0,-32287,0,0,0,0,0,2939176,0
2808766,6214,-2328,-1744,1052,-1162,286,526,900,246,10,1552,19382,77,33,79,16,0,0,0,0,0,0,0,-32287,0,0,0,0,0,2939191,0
2808771,6684,-1932,-1470,662,-1222,357,729,884,189,10,1488,19382,77,33,79,16,0,0,0,0,0,0,0,-32287,0,0,0,0,0,2939196,0
2808776,7578,-2254,-452,-52,-1160,487,929,872,97,9,1448,19376,77,33,79,16,0,0,0,0,0,0,0,-32287,0,0,0,0,0,2939211,0
2808781,7874,-2862,224,-205,-1025,563,1122,854,18,0,1416,19376,77,33,79,16,0,0,0,0,0,0,0,-32287,0,0,0,0,0,2939216,0
2808786,7986,-3102,758,-230,-986,582,1306,801,-40,8,1280,19373,71,33,79,16,0,0,0,0,0,0,0,-32287,0,0,0,0,0,2939231,0
2808791,8228,-3354,1004,-200,-905,565,1486,790,-85,-1,1272,19373,71,33,79,16,0,0,0,0,0,0,0,-32287,0,0,0,0,0,2939236,0
2808796,8158,-3396,1164,-191,-723,542,1655,740,-103,3,1160,19374,78,33,79,16,0,0,0,0,0,0,0,-32287,0,0,0,0,0,2939251,0
2808801,8174,-3370,1180,-148,-654,490,1816,710,-113,-3,1104,19374,78,33,79,16,0,0,0,0,0,0,0,-32287,0,0,0,0,0,2939256,0
2808806,8134,-3434,1156,-81,-595,443,1970,675,-125,0,1008,19374,68,33,79,16,0,0,0,0,0,0,0,-32286,0,0,0,0,0,2939271,0
2808811,7942,-3314,1178,-34,-537,382,2111,622,-130,10,872,19374,68,33,79,16,0,0,0,0,0,0,0,-32287,0,0,0,0,0,2939276,0
2808816,7786,-3150,860,38,-432,272,2243,580,-140,4,792,19371,59,33,79,16,0,0,0,0,0,0,0,-32286,0,0,0,0,0,2939291,0
2808821,7582,-3100,678,74,-370,215,2366,540,-148,0,656,19371,59,33,79,16,0,0,0,0,0,0,0,-32287,0,0,0,0,0,2939296,0
2808826,7272,-3036,522,28,-322,190,2477,480,-157,1,512,19372,62,33,79,16,0,0,0,0,0,0,0,-32287,0,0,0,0,0,2939311,0
2808831,7024,-3168,354,-66,-259,194,2576,431,-165,-13,440,19372,62,33,79,16,0,0,0,0,0,0,0,-32287,0,0,0,0,0,2939316,0
2808836,6598,-3378,278,-173,-166,169,2668,405,-160,-11,416,19376,67,33,79,16,0,0,0,0,0,0,0,-32287,0,0,0,0,0,2939331,0
2808841,6312,-3588,208,-112,-187,160,2757,386,-146,5,352,19376,67,33,79,16,0,0,0,0,0,0,0,-32287,0,0,0,0,0,2939336,0
2808846,6136,-3786,78,-33,-232,181,2839,360,-121,11,296,19376,71,33,79,16,0,0,0,0,0,0,0,-32287,0,0,0,0,0,2939351,0
2808851,5972,-3618,22,19,-295,167,2917,339,-84,8,272,19376,71,33,79,16,0,0,0,0,0,0,0,-32286,0,0,0,0,0,2939356,0
2808856,5924,-3406,-98,35,-397,198,2992,328,-74,5,240,19378,73,33,79,16,0,0,0,0,0,0,0,-32287,0,0,0,0,0,2939371,0
2808861,6074,-3322,-158,17,-452,211,3062,311,-66,0,232,19378,73,33,79,16,0,0,0,0,0,0,0,-32287,0,0,0,0,0,2939376,0
2808866,6140,-3252,-164,14,-513,218,3131,307,-56,-4,216,19377,76,33,79,16,0,0,0,0,0,0,0,-32287,0,0,0,0,0,2939391,0
2808871,6274,-3286,-96,38,-566,239,3202,307,-38,-5,232,19377,76,33,79,16,0,0,0,0,0,0,0,-32287,0,0,0,0,0,2939396,0
2808876,6304,-3288,86,78,-703,285,3272,305,-21,2,200,19377,79,33,79,16,0,0,0,0,0,0,0,-32287,0,0,0,0,0,2939411,0
2808881,6258,-3112,178,79,-764,285,3338,288,-9,0,192,19377,79,33,79,16,0,0,0,0,0,0,0,-32287,0,0,0,0,0,2939416,0
2808886,6454,-3028,200,93,-806,303,3404,282,-17,2,168,19374,80,33,79,16,0,0,0,0,0,0,0,-32287,0,0,0,0,0,2939431,0
2808891,6488,-2994,270,87,-835,303,3466,267,-28,5,144,19374,80,33,79,16,0,0,0,0,0,0,0,-32287,0,0,0,0,0,2939436,0
2808896,6640,-3200,330,174,-911,358,3525,260,-33,0,144,19374,75,33,79,16,0,0,0,0,0,0,0,-32286,0,0,0,0,0,2939451,0
2808901,6622,-3018,434,236,-958,342,3588,280,-28,-6,184,19374,75,33,79,16,0,0,0,0,0,0,0,-32287,0,0,0,0,0,2939455,0
2808906,6846,-2954,450,304,-969,328,3651,289,-13,-2,208,19373,78,33,79,16,0,0,0,0,0,0,0,-32287,0,0,0,0,0,2939470,0
2808911,7026,-3002,452,325,-969,376,3720,301,15,0,208,19373,78,33,79,16,0,0,0,0,0,0,0,-32287,0,0,0,0,0,2939475,0
2808916,7038,-2902,714,321,-934,447,3785,289,25,6,184,19373,78,33,79,16,0,0,0,0,0,0,0,-32287,0,0,0,0,0,2939491,0
2808921,7094,-2800,790,360,-883,459,3850,288,22,-6,184,19373,78,33,79,16,0,0,0,0,0,0,0,-32287,0,0,0,0,0,2939495,0
2808926,7090,-2672,854,381,-839,463,3912,276,-2,1,160,19372,68,33,79,16,0,0,0,0,0,0,0,-32287,0,0,0,0,0,2939510,0
2808931,7274,-2804,716,424,-788,488,3975,275,-19,-8,184,19372,68,33,79,16,0,0,0,0,0,0,0,-32287,0,0,0,0,0,2939515,0
2808936,7168,-2570,830,533,-706,513,4042,296,-9,-6,216,19372,66,33,79,16,0,0,0,0,0,0,0,-32287,0,0,0,0,0,2939530,0
2808941,7194,-2584,684,569,-663,509,4112,318,16,-4,256,19372,66,33,79,16,0,0,0,0,0,0,0,-32287,0,0,0,0,0,2939535,0
2808946,7214,-2658,490,583,-647,522,4190,332,40,4,248,19373,71,33,79,16,0,0,0,0,0,0,0,-32286,0,0,0,0,0,2939550,0
2808951,7148,-2522,416,592,-623,517,4263,322,48,6,240,19373,71,33,79,16,0,0,0,0,0,0,0,-32287,0,0,0,0,0,2939564,0
2808956,7156,-2584,198,616,-592,530,4336,319,41,3,224,19374,66,33,79,16,0,0,0,0,0,0,0,-32287,0,0,0,0,0,2939570,0
2808961,7102,-2606,146,595,-607,514,4410,314,7,2,224,19374,66,33,79,16,0,0,0,0,0,0,0,-32287,0,0,0,0,0,2939575,0
2808966,7162,-2674,80,603,-601,513,4487,342,6,-9,296,19371,66,33,79,16,0,0,0,0,0,0,0,-32287,0,0,0,0,0,2939590,0
2808971,6958,-2582,86,601,-604,497,4568,357,15,-8,304,19371,66,33,79,16,0,0,0,0,0,0,0,-32287,0,0,0,0,0,2939595,0
2808976,6882,-2716,-24,651,-650,457,4652,363,37,-1,304,19374,61,33,79,16,0,0,0,0,0,0,0,-32287,0,0,0,0,0,2939610,0
2808981,6806,-2612,-12,661,-684,424,4731,354,31,5,288,19374,61,33,79,16,0,0,0,0,0,0,0,-32286,0,0,0,0,0,2939615,0
2808986,6862,-2608,-64,669,-668,407,4809,333,19,1,248,19374,72,33,79,16,0,0,0,0,0,0,0,-32287,0,0,0,0,0,2939630,0
2808991,6758,-2558,70,673,-655,382,4887,346,-11,-4,296,19374,72,33,79,16,0,0,0,0,0,0,0,-32287,0,0,0,0,0,2939635,0
2808996,6776,-2664,104,762,-676,321,4967,353,-15,-3,288,19376,66,33,79,16,0,0,0,0,0,0,0,-32287,0,0,0,0,0,2939650,0
2809001,6734,-2642,128,818,-692,286,5048,362,2,0,312,19376,66,33,79,16,0,0,0,0,0,0,0,-32287,0,0,0,0,0,2939655,0
2809006,6812,-2728,104,838,-694,290,5127,340,6,8,256,19373,62,33,79,16,0,0,0,0,0,0,0,-32287,0,0,0,0,0,2939670,0
2809011,6796,-2600,120,826,-693,286,5200,325,-5,4,240,19373,62,33,79,16,0,0,0,0,0,0,0,-32287,0,0,0,0,0,2939675,0
2809016,6988,-2684,188,842,-705,238,5272,316,-24,-1,232,19371,60,33,79,16,0,0,0,0,0,0,0,-32287,0,0,0,0,0,2939690,0
2809021,7126,-2700,240,891,-712,216,5342,306,-41,0,208,19371,60,33,79,16,0,0,0,0,0,0,0,-32287,0,0,0,0,0,2939695,0
2809026,7200,-2710,288,962,-712,205,5412,305,-36,-6,216,19371,66,33,79,16,0,0,0,0,0,0,0,-32287,0,0,0,0,0,2939710,0
2809031,7320,-2768,304,1031,-686,206,5480,308,-23,-3,208,19371,66,33,79,16,0,0,0,0,0,0,0,-32287,0,0,0,0,0,2939715,0
2809036,7344,-2720,262,1104,-625,234,5548,295,-15,-2,192,19374,76,33,79,16,0,0,0,0,0,0,0,-32287,0,0,0,0,0,2939730,0
2809041,7358,-2528,198,1103,-581,236,5609,274,-27,0,152,19374,76,33,79,16,0,0,0,0,0,0,0,-32287,0,0,0,0,0,2939735,0
2809046,7570,-2398,154,1117,-507,245,5667,258,-31,-8,152,19372,73,33,79,16,0,0,0,0,0,0,0,-32287,0,0,0,0,0,2939750,0
2809051,7540,-2446,34,1133,-446,296,5720,230,-53,-2,104,19372,73,33,79,16,0,0,0,0,0,0,0,-32287,0,0,0,0,0,2939755,0
2809056,7658,-2010,-222,1180,-397,324,5768,206,-63,-4,112,19374,61,33,79,16,0,0,0,0,0,0,0,-32287,0,0,0,0,0,2939770,0
2809061,7746,-1948,-318,1173,-342,337,5807,212,-62,-4,104,19374,61,33,79,16,0,0,0,0,0,0,0,-32287,0,0,0,0,0,2939775,0
2809066,7692,-1796,-416,1189,-328,306,5854,213,-51,1,104,19374,57,33,79,16,0,0,0,0,0,0,0,-32287,0,0,0,0,0,2939790,0
2809071,7900,-1862,-580,1204,-304,318,5902,206,-31,-1,128,19374,57,33,79,16,0,0,0,0,0,0,0,-32287,0,0,0,0,0,2939795,0
2809076,8088,-1628,-612,1227,-325,216,5954,222,4,-2,128,19375,71,33,79,16,0,0,0,0,0,0,0,-32287,0,0,0,0,0,2939810,0
2809081,8204,-1868,-730,1189,-339,205,6008,237,23,7,120,19375,71,33,79,16,0,0,0,0,0,0,0,-32287,0,0,0,0,0,2939815,0
2809086,8256,-1646,-662,1223,-371,126,6061,229,23,0,128,19374,79,33,79,16,0,0,0,0,0,0,0,-32286,0,0,0,0,0,2939830,0
2809091,8426,-1858,-686,1200,-323,105,6114,238,22,-2,144,19374,79,33,79,16,0,0,0,0,0,0,0,-32287,0,0,0,0,0,2939835,0
2809096,8390,-1914,-606,1030,-293,104,6170,242,15,0,144,19374,75,33,79,16,0,0,0,0,0,0,0,-32287,0,0,0,0,0,2939853,0
2809101,8274,-2006,-594,1010,-240,73,6227,254,14,-5,176,19374,75,33,79,16,0,0,0,0,0,0,0,-32287,0,0,0,0,0,2939858,0
2809106,8316,-2174,-638,1063,-276,52,6294,295,40,0,240,19374,62,33,79,16,0,0,0,0,0,0,0,-32287,0,0,0,0,0,2939869,0
2809111,8246,-2276,-586,1172,-297,26,6369,335,72,-1,304,19374,62,33,79,16,0,0,0,0,0,0,0,-32287,0,0,0,0,0,2939874,0
2809116,8264,-2106,-494,1338,-361,-53,6455,390,108,-11,392,19372,59,33,79,16,0,0,0,0,0,0,0,-32287,0,0,0,0,0,2939889,0
2809121,8200,-1798,-436,1307,-374,-95,6545,399,125,-7,456,19372,59,33,79,16,0,0,0,0,0,0,0,-32287,0,0,0,0,0,2939894,0
2809126,8298,-1730,-404,1267,-333,-130,6643,422,127,-5,480,19374,66,33,79,16,0,0,0,0,0,0,0,-32287,0,0,0,0,0,2939909,0
2809131,8174,-1644,-194,1228,-318,-170,6744,451,102,-7,568,19374,66,33,79,16,0,0,0,0,0,0,0,-32287,0,0,0,0,0,2939914,0
2809136,8196,-1920,-2,1372,-276,-292,6857,495,94,-5,680,19374,80,33,79,16,0,0,0,0,0,0,0,-32287,0,0,0,0,0,2939929,0
2809141,8164,-1952,6,1427,-252,-312,6977,528,106,8,744,19374,80,33,79,16,0,0,0,0,0,0,0,-32287,0,0,0,0,0,2939934,0
2809146,8106,-1930,6,1452,-250,-340,7096,528,100,8,736,19374,76,33,79,16,0,0,0,0,0,0,0,-32287,0,0,0,0,0,2939949,0
2809151,8328,-1676,136,1456,-181,-369,7223,557,91,-2,808,19374,76,33,79,16,0,0,0,0,0,0,0,-32287,0,0,0,0,0,2939954,0
2809156,8214,-1766,-84,1515,-164,-390,7356,594,81,6,864,19373,67,33,79,16,0,0,0,0,0,0,0,-32287,0,0,0,0,0,2939969,0
2809161,8202,-1468,-78,1542,-151,-419,7488,581,63,18,816,19373,67,33,79,16,0,0,0,0,0,0,0,-32287,0,0,0,0,0,2939974,0
2809166,8424,-1270,-178,1559,-137,-417,7620,573,-13,3,760,19374,77,33,79,16,0,0,0,0,0,0,0,-32287,0,0,0,0,0,2939989,0
2809171,8482,-960,-204,1523,-133,-449,7752,586,-28,-6,824,19374,77,33,79,16,0,0,0,0,0,0,0,-32287,0,0,0,0,0,2939994,0
2809176,8660,-610,-410,1460,-67,-445,7883,576,10,7,760,19376,67,33,79,16,0,0,0,0,0,0,0,-32287,0,0,0,0,0,2940009,0
2809181,8888,-364,-522,1403,-80,-447,8014,568,22,-4,760,19376,67,33,79,16,0,0,0,0,0,0,0,-32287,0,0,0,0,0,2940014,0
2809186,9020,-168,-554,1334,-28,-451,8140,559,44,-6,752,19376,70,33,79,16,0,0,0,0,0,0,0,-32287,0,0,0,0,0,2940029,0
2809191,9224,22,-566,1247,-17,-473,8267,557,41,-2,744,19376,70,33,79,16,0,0,0,0,0,0,0,-32287,0,0,0,0,0,2940034,0
2809196,9514,-50,-616,1079,37,-500,8390,539,-29,1,696,19376,61,33,79,16,0,0,0,0,0,0,0,-32287,0,0,0,0,0,2940049,0
2809201,9738,-294,-640,1008,64,-512,8512,527,-22,-3,680,19376,61,33,79,16,0,0,0,0,0,0,0,-32287,0,0,0,0,0,2940054,0
2809206,9904,-450,-648,930,68,-550,8633,529,-32,-2,680,19374,68,33,79,16,0,0,0,0,0,0,0,-32287,0,0,0,0,0,2940069,0
2809211,10240,-892,-728,881,80,-591,8755,536,-25,-1,704,19374,68,33,79,16,0,0,0,0,0,0,0,-32287,0,0,0,0,0,2940074,0
2809216,10588,-2076,-920,864,118,-643,8873,529,-17,0,680,19374,82,33,79,16,0,0,0,0,0,0,0,-32287,0,0,0,0,0,2940089,0
2809221,10760,-2600,-924,896,113,-698,8989,512,-14,6,640,19374,82,33,79,16,0,0,0,0,0,0,0,-32287,0,0,0,0,0,2940094,0
2809226,10782,-2726,-878,913,72,-717,9105,503,-20,1,632,19374,81,33,79,16,0,0,0,0,0,0,0,-32287,0,0,0,0,0,2940109,0
2809231,10728,-3062,-728,933,29,-756,9220,506,-19,0,624,19374,81,33,79,16,0,0,0,0,0,0,0,-32287,0,0,0,0,0,2940114,0
2809236,10402,-3696,-532,896,-101,-753,9329,475,-33,0,552,19374,85,33,79,16,0,0,0,0,0,0,0,-32286,0,0,0,0,0,2940129,0
2809241,10004,-3650,-294,908,-158,-727,9429,433,-48,0,440,19374,85,33,79,16,0,0,0,0,0,0,0,-32287,0,0,0,0,0,2940137,0
2809246,9854,-3498,-142,879,-253,-721,9520,399,-80,-2,400,19373,78,33,79,16,0,0,0,0,0,0,0,-32287,0,0,0,0,0,2940151,0
2809251,9768,-3374,-148,810,-326,-676,9606,373,-105,4,320,19373,78,33,79,16,0,0,0,0,0,0,0,-32286,0,0,0,0,0,2940156,0
2809256,9372,-3216,250,528,-481,-553,9682,326,-119,23,200,19371,70,33,79,16,0,0,0,0,0,0,0,-32287,0,0,0,0,0,2940171,0
2809261,9310,-3010,568,375,-475,-481,9743,256,-137,10,112,19371,70,33,79,16,0,0,0,0,0,0,0,-32286,0,0,0,0,0,2940176,0
2809266,9080,-2780,840,253,-484,-463,9789,197,-161,-4,56,19373,67,33,79,16,0,0,0,0,0,0,0,-32287,0,0,0,0,0,2940191,0
2809271,9088,-2834,972,183,-436,-460,9816,116,-202,-9,32,19373,67,33,79,16,0,0,0,0,0,0,0,-32287,0,0,0,0,0,2940196,0
2809276,9120,-3192,1130,341,-444,-507,9831,66,-232,-3,8,19375,74,33,79,16,0,0,0,0,0,0,0,-32287,0,0,0,0,0,2940211,0
2809281,9260,-3244,1270,450,-427,-583,9834,1,-234,8,-8,19375,74,33,79,16,0,0,0,0,0,0,0,-32287,0,0,0,0,0,2940216,0
2809286,9440,-3414,1234,622,-415,-666,9832,-4,-202,1,-8,19377,76,33,79,16,0,0,0,0,0,0,0,-32287,0,0,0,0,0,2940231,0
2809291,9298,-3726,1122,784,-433,-716,9833,-3,-141,1,-8,19377,76,33,79,16,0,0,0,0,0,0,0,-32287,0,0,0,0,0,2940236,0
2809296,9550,-3874,832,676,-360,-701,9833,1,-81,1,-8,19375,73,33,79,16,0,0,0,0,0,0,0,-32287,0,0,0,0,0,2940251,0
2809301,9448,-4056,800,409,-275,-649,9831,-10,-32,1,-8,19375,73,33,79,16,0,0,0,0,0,0,0,-32287,0,0,0,0,0,2940256,0
2809306,9176,-4566,772,110,-224,-604,9830,-6,-2,0,-8,19372,72,33,79,16,0,0,0,0,0,0,0,-32287,0,0,0,0,0,2940271,0
2809311,9036,-5226,750,-60,-148,-526,9829,0,-5,0,-8,19372,72,33,79,16,0,0,0,0,0,0,0,-32287,0,0,0,0,0,2940276,0
2809316,7640,-5818,720,4,-299,-468,9830,-2,1,0,-8,19371,74,33,79,16,0,0,0,0,0,0,0,-32287,0,0,0,0,0,2940291,0
2809321,7556,-5916,782,4,-395,-398,9830,-5,3,0,-8,19371,74,33,79,16,0,0,0,0,0,0,0,-32287,0,0,0,0,0,2940296,0
2809326,6976,-5676,1092,-89,-426,-341,9829,-4,8,0,-8,19373,76,33,79,16,0,0,0,0,0,0,0,-32287,0,0,0,0,0,2940311,0
2809331,6570,-5852,1082,-156,-462,-285,9829,-3,0,1,-8,19373,76,33,79,16,0,0,0,0,0,0,0,-32287,0,0,0,0,0,2940316,0
2809336,6998,-4498,2490,1003,-792,-823,9825,-12,-3,4,-24,19374,72,33,79,16,0,0,0,0,0,0,0,-32287,0,0,0,0,0,2940331,0
2809341,7044,-6568,2092,2603,-960,-1038,9808,-88,-33,12,-72,19374,72,33,79,16,0,0,0,0,0,0,0,-32287,0,0,0,0,0,2940336,0
2809346,6064,-6166,2428,2591,-1095,-760,9767,-185,-98,13,-152,19374,72,33,79,16,0,0,0,0,0,0,0,-32286,0,0,0,0,0,2940351,0
2809351,5784,-3610,2724,1923,-1159,-850,9703,-296,-195,19,-352,19374,72,33,79,16,0,0,0,0,0,0,0,-32287,0,0,0,0,0,2940356,0
2809356,5534,-4244,802,969,-1004,-588,9604,-451,-311,34,-672,19372,73,33,79,16,0,0,0,0,0,0,0,-32287,0,0,0,0,0,2940371,0
2809361,5278,-4672,1114,670,-963,-523,9471,-599,-403,27,-1112,19372,73,33,79,16,0,0,0,0,0,0,0,-32287,0,0,0,0,0,2940376,0
2809366,5508,-5698,1106,643,-913,-389,9294,-792,-481,12,-1560,19372,72,33,79,16,0,0,0,0,0,0,0,-32286,0,0,0,0,0,2940390,0
2809371,5148,-5922,1496,556,-814,-201,9072,-1007,-562,12,-2032,19372,72,33,79,16,0,0,0,0,0,0,0,-32287,0,0,0,0,0,2940396,0
2809376,5176,-6424,1876,329,-519,209,8804,-1193,-626,7,-2440,19373,81,33,79,16,0,0,0,0,0,0,0,-32287,0,0,0,0,0,2940411,0
2809381,5436,-6398,2108,262,-346,422,8492,-1390,-667,-1,-2824,19373,81,33,79,16,0,0,0,0,0,0,0,-32287,0,0,0,0,0,2940415,0
2809386,5748,-6304,2290,225,-166,628,8138,-1573,-686,-12,-3192,19373,82,33,79,16,0,0,0,0,0,0,0,-32287,0,0,0,0,0,2940430,0
2809391,5832,-6076,2288,185,-34,817,7747,-1738,-666,-11,-3512,19373,82,33,79,16,0,0,0,0,0,0,0,-32287,0,0,0,0,0,2940435,0
2809396,6618,-5404,2128,120,266,1119,7327,-1868,-619,-16,-3736,19372,78,33,79,16,0,0,0,0,0,0,0,-32287,0,0,0,0,0,2940450,0
2809401,6644,-4860,2016,109,340,1239,6884,-1958,-547,-15,-3920,19372,78,33,79,16,0,0,0,0,0,0,0,-32287,0,0,0,0,0,2940455,0
2809406,6880,-4414,1608,2,405,1371,6430,-2009,-440,-5,-3992,19371,77,33,79,16,0,0,0,0,0,0,0,-32287,0,0,0,0,0,2940474,0
2809411,6894,-3912,1522,-142,526,1466,5972,-2018,-324,-7,-4000,19371,77,33,79,16,0,0,0,0,0,0,0,-32287,0,0,0,0,0,2940484,0
2809416,7888,-2918,438,153,152,1412,5512,-2021,-197,-2,-3976,19371,82,33,79,16,0,0,0,0,0,0,0,-32287,0,0,0,0,0,2940490,0
2809421,7818,-1598,160,148,-43,1351,5056,-2009,-94,-12,-3944,19371,82,33,79,16,0,0,0,0,0,0,0,-32287,0,0,0,0,0,2940495,0
2809426,8602,-606,-274,-12,-206,1245,4600,-2000,-22,-14,-3880,19371,80,33,79,16,0,0,0,0,0,0,0,-32287,0,0,0,0,0,2940510,0
2809431,9202,-38,-322,-118,-346,1109,4155,-1968,25,-11,-3808,19371,80,33,79,16,0,0,0,0,0,0,0,-32287,0,0,0,0,0,2940515,0
2809436,9846,206,236,-197,-680,825,3715,-1926,56,-9,-3696,19369,86,33,79,16,0,0,0,0,0,0,0,-32287,0,0,0,0,0,2940530,0
2809441,9998,456,470,-256,-755,688,3286,-1877,96,-3,-3576,19369,86,33,79,16,0,0,0,0,0,0,0,-32287,0,0,0,0,0,2940535,0
2809446,10212,546,734,-380,-768,557,2873,-1815,133,5,-3464,19367,83,33,79,16,0,0,0,0,0,0,0,-32287,0,0,0,0,0,2940550,0
2809451,10390,236,1284,-491,-669,454,2475,-1741,175,9,-3328,19367,83,33,79,16,0,0,0,0,0,0,0,-32287,0,0,0,0,0,2940555,0
2809456,10556,-432,2930,-576,-108,310,2092,-1680,211,7,-3208,19366,84,33,79,16,0,0,0,0,0,0,0,-32287,0,0,0,0,0,2940570,0
2809461,10282,-896,3292,-660,210,270,1723,-1615,224,4,-3064,19366,84,33,79,16,0,0,0,0,0,0,0,-32287,0,0,0,0,0,2940575,0
2809466,10104,-1442,3306,-681,562,269,1369,-1555,223,2,-2936,19369,83,33,79,16,0,0,0,0,0,0,0,-32287,0,0,0,0,0,2940590,0
2809471,9472,-1584,3190,-671,861,225,1029,-1494,224,-4,-2784,19369,83,33,79,16,0,0,0,0,0,0,0,-32287,0,0,0,0,0,2940595,0
2809476,8748,-2188,2754,-630,1296,244,704,-1416,217,-9,-2576,19372,88,33,79,16,0,0,0,0,0,0,0,-32287,0,0,0,0,0,2940610,0
2809481,8180,-2450,2034,-670,1362,244,392,-1354,224,-13,-2432,19372,88,33,79,16,0,0,0,0,0,0,0,-32287,0,0,0,0,0,2940615,0
2809486,7624,-2662,1378,-661,1364,271,97,-1281,226,-10,-2256,19372,84,33,79,16,0,0,0,0,0,0,0,-32287,0,0,0,0,0,2940630,0
2809491,7104,-2644,780,-652,1377,300,-175,-1199,238,-10,-2064,19372,84,33,79,16,0,0,0,0,0,0,0,-32287,0,0,0,0,0,2940635,0
2809496,6492,-2618,350,-834,1355,343,-428,-1097,268,-6,-1832,19371,76,33,79,16,0,0,0,0,0,0,0,-32287,0,0,0,0,0,2940650,0
2809501,6198,-2768,98,-776,1202,309,-659,-994,293,-6,-1600,19371,76,33,79,16,0,0,0,0,0,0,0,-32287,0,0,0,0,0,2940663,0
2809506,6114,-2870,-150,-604,1024,273,-868,-912,317,0,-1432,19369,74,33,79,16,0,0,0,0,0,0,0,-32288,0,0,0,0,0,2940669,0
2809511,6116,-2656,-300,-453,821,214,-1056,-820,325,2,-1240,19369,74,33,79,16,0,0,0,0,0,0,0,-32287,0,0,0,0,0,2940674,0
2809516,6232,-2352,-170,-473,607,209,-1229,-748,324,5,-1128,19372,74,33,79,16,0,0,0,0,0,0,0,-32287,0,0,0,0,0,2940689,0
2809521,6328,-2262,-14,-587,556,222,-1388,-698,288,11,-1016,19372,74,33,79,16,0,0,0,0,0,0,0,-32287,0,0,0,0,0,2940694,0
2809526,6408,-2384,162,-648,514,236,-1535,-636,244,-2,-872,19375,80,33,79,16,0,0,0,0,0,0,0,-32287,0,0,0,0,0,2940709,0
2809531,6398,-2530,488,-738,519,277,-1672,-597,222,4,-816,19375,80,33,79,16,0,0,0,0,0,0,0,-32287,0,0,0,0,0,2940714,0
2809536,6626,-2606,960,-777,571,323,-1799,-556,180,7,-712,19376,78,33,79,16,0,0,0,0,0,0,0,-32287,0,0,0,0,0,2940729,0
2809541,6612,-2904,1104,-738,573,360,-1915,-503,170,9,-576,19376,78,33,79,16,0,0,0,0,0,0,0,-32287,0,0,0,0,0,2940734,0
2809546,6742,-2662,1314,-627,602,356,-2019,-456,170,9,-496,19376,73,33,79,16,0,0,0,0,0,0,0,-32287,0,0,0,0,0,2940749,0
2809551,6894,-2380,1354,-515,601,359,-2116,-425,156,12,-440,19376,73,33,79,16,0,0,0,0,0,0,0,-32287,0,0,0,0,0,2940754,0
2809556,7164,-1780,1192,-526,651,364,-2205,-385,153,-2,-352,19374,75,33,79,16,0,0,0,0,0,0,0,-32286,0,0,0,0,0,2940769,0
2809561,7036,-1478,1160,-617,694,349,-2290,-370,128,-10,-312,19374,75,33,79,16,0,0,0,0,0,0,0,-32287,0,0,0,0,0,2940774,0
2809566,6996,-1486,1010,-713,705,364,-2367,-338,111,-10,-248,19374,70,33,79,16,0,0,0,0,0,0,0,-32287,0,0,0,0,0,2940789,0
2809571,6794,-1342,988,-771,682,340,-2437,-297,99,-7,-184,19374,70,33,79,16,0,0,0,0,0,0,0,-32287,0,0,0,0,0,2940794,0
2809576,6650,-1176,946,-762,651,279,-2503,-282,95,-2,-176,19374,79,33,79,16,0,0,0,0,0,0,0,-32287,0,0,0,0,0,2940809,0
2809581,6698,-1106,906,-736,632,232,-2564,-263,89,-1,-136,19374,79,33,79,16,0,0,0,0,0,0,0,-32287,0,0,0,0,0,2940814,0
2809586,6702,-1280,810,-732,624,230,-2619,-238,88,1,-120,19377,84,33,79,16,0,0,0,0,0,0,0,-32287,0,0,0,0,0,2940829,0
2809591,6428,-1176,826,-728,587,207,-2667,-219,85,12,-128,19377,84,33,79,16,0,0,0,0,0,0,0,-32287,0,0,0,0,0,2940834,0
2809596,6370,-1198,640,-785,574,184,-2711,-195,78,0,-88,19375,69,33,79,16,0,0,0,0,0,0,0,-32287,0,0,0,0,0,2940853,0
2809601,6188,-996,690,-767,552,123,-2747,-151,83,-1,-48,19375,69,33,79,16,0,0,0,0,0,0,0,-32287,0,0,0,0,0,2940858,0
2809606,6256,-1220,568,-716,530,139,-2774,-107,99,4,-48,19376,68,33,79,16,0,0,0,0,0,0,0,-32287,0,0,0,0,0,2940869,0
2809611,6086,-1078,626,-739,512,136,-2796,-96,108,-2,-40,19376,68,33,79,16,0,0,0,0,0,0,0,-32287,0,0,0,0,0,2940874,0
2809616,6244,-944,618,-753,529,103,-2807,-36,120,-6,-8,19376,61,33,79,16,0,0,0,0,0,0,0,-32287,0,0,0,0,0,2940888,0
2809621,6192,-958,652,-800,536,121,-2805,7,138,-4,8,19376,61,33,79,16,0,0,0,0,0,0,0,-32287,0,0,0,0,0,2940902,0
2809626,6198,-990,646,-849,567,132,-2799,23,137,3,8,19379,61,33,79,16,0,0,0,0,0,0,0,-32287,0,0,0,0,0,2940908,0
2809631,6188,-1046,710,-876,586,131,-2795,9,116,4,-8,19379,61,33,79,16,0,0,0,0,0,0,0,-32287,0,0,0,0,0,2940913,0
2809636,6240,-1004,770,-806,610,109,-2795,-3,70,4,-8,19379,61,33,79,16,0,0,0,0,0,0,0,-32287,0,0,0,0,0,2940928,0
2809641,6266,-996,738,-839,665,124,-2794,6,7,0,-8,19379,61,33,79,16,0,0,0,0,0,0,0,-32287,0,0,0,0,0,2940933,0
2809646,6196,-910,782,-964,747,165,-2795,0,-13,1,0,19379,67,33,79,16,0,0,0,0,0,0,0,-32287,0,0,0,0,0,2940948,0
2809651,6144,-868,868,-1119,857,204,-2794,6,-17,0,0,19379,67,33,79,16,0,0,0,0,0,0,0,-32287,0,0,0,0,0,2940953,0
2809656,6276,-1256,882,-1013,873,138,-2794,2,-4,0,0,19377,74,33,79,16,0,0,0,0,0,0,0,-32287,0,0,0,0,0,2940968,0
2809661,6322,-1292,782,-874,802,118,-2792,2,7,-1,-8,19377,74,33,79,16,0,0,0,0,0,0,0,-32287,0,0,0,0,0,2940973,0
2809666,6468,-1072,716,-803,719,65,-2791,1,2,0,0,19374,85,33,79,16,0,0,0,0,0,0,0,-32287,0,0,0,0,0,2940992,0
2809671,6490,-874,582,-885,719,53,-2792,-6,1,1,0,19374,85,33,79,16,0,0,0,0,0,0,0,-32287,0,0,0,0,0,2940997,0
2809676,6616,-720,498,-1109,670,35,-2790,8,0,0,0,19374,71,33,79,16,0,0,0,0,0,0,0,-32287,0,0,0,0,0,2941012,0
2809681,6712,-832,534,-1144,638,2,-2789,5,0,0,0,19374,71,33,79,16,0,0,0,0,0,0,0,-32286,0,0,0,0,0,2941017,0
2809686,6816,-938,614,-1103,597,-29,-2788,1,6,2,0,19375,66,33,79,16,0,0,0,0,0,0,0,-32287,0,0,0,0,0,2941028,0
2809691,6850,-1068,598,-1048,530,-77,-2786,5,2,0,0,19375,66,33,79,16,0,0,0,0,0,0,0,-32287,0,0,0,0,0,2941033,0
2809696,6998,-968,586,-983,395,-161,-2786,0,0,1,0,19374,58,33,79,16,0,0,0,0,0,0,0,-32287,0,0,0,0,0,2941052,0
2809701,7108,-838,588,-1055,343,-201,-2785,0,-7,1,0,19374,58,33,79,16,0,0,0,0,0,0,0,-32287,0,0,0,0,0,2941057,0
2809706,7284,-930,532,-1140,314,-225,-2784,3,-8,0,0,19373,71,33,79,16,0,0,0,0,0,0,0,-32287,0,0,0,0,0,2941068,0
2809711,7316,-1118,708,-1246,329,-246,-2785,-2,-4,-1,0,19373,71,33,79,16,0,0,0,0,0,0,0,-32287,0,0,0,0,0,2941073,0
2809716,7578,-1646,1128,-1380,400,-252,-2782,7,0,0,0,19371,80,33,79,16,0,0,0,0,0,0,0,-32287,0,0,0,0,0,2941088,0
2809721,7688,-1922,1262,-1375,438,-254,-2778,20,6,1,8,19371,80,33,79,16,0,0,0,0,0,0,0,-32286,0,0,0,0,0,2941093,0
2809726,7762,-2142,1370,-1363,459,-260,-2774,20,20,1,8,19373,83,33,79,16,0,0,0,0,0,0,0,-32287,0,0,0,0,0,2941108,0
2809731,7904,-2198,1404,-1359,483,-258,-2769,24,15,1,16,19373,83,33,79,16,0,0,0,0,0,0,0,-32287,0,0,0,0,0,2941121,0
2809736,8220,-2218,1374,-1241,431,-347,-2766,16,12,1,16,19375,78,33,79,16,0,0,0,0,0,0,0,-32287,0,0,0,0,0,2941128,0
2809741,8432,-2230,1282,-1145,351,-398,-2757,34,11,1,16,19375,78,33,79,16,0,0,0,0,0,0,0,-32287,0,0,0,0,0,2941133,0
2809746,8670,-2124,1202,-1064,235,-467,-2746,51,17,-1,24,19373,73,33,79,16,0,0,0,0,0,0,0,-32287,0,0,0,0,0,2941148,0
2809751,8942,-1968,1142,-991,126,-524,-2727,92,48,-3,40,19373,73,33,79,16,0,0,0,0,0,0,0,-32286,0,0,0,0,0,2941153,0
2809756,8992,-1952,1238,-1107,33,-536,-2704,98,65,2,24,19371,78,33,79,16,0,0,0,0,0,0,0,-32287,0,0,0,0,0,2941168,0
2809761,9080,-1868,1430,-1219,66,-529,-2689,62,55,4,8,19371,78,33,79,16,0,0,0,0,0,0,0,-32287,0,0,0,0,0,2941181,0
2809766,9108,-1978,1674,-1276,125,-544,-2678,42,16,1,24,19373,74,33,79,16,0,0,0,0,0,0,0,-32287,0,0,0,0,0,2941188,0
2809771,8990,-2006,1948,-1275,179,-562,-2666,49,-17,1,16,19373,74,33,79,16,0,0,0,0,0,0,0,-32287,0,0,0,0,0,2941193,0
2809776,8728,-2292,2110,-1140,228,-558,-2658,33,-44,5,0,19374,83,33,79,16,0,0,0,0,0,0,0,-32287,0,0,0,0,0,2941208,0
2809781,8618,-2084,2082,-1062,237,-564,-2659,-4,-52,6,-16,19374,83,33,79,16,0,0,0,0,0,0,0,-32287,0,0,0,0,0,2941213,0
2809786,8684,-1918,2012,-1006,247,-569,-2664,-16,-59,0,-8,19374,73,33,79,16,0,0,0,0,0,0,0,-32286,0,0,0,0,0,2941228,0
2809791,8712,-1554,1978,-993,268,-550,-2662,0,-50,0,-8,19374,73,33,79,16,0,0,0,0,0,0,0,-32287,0,0,0,0,0,2941232,0
2809796,8718,-1206,2056,-1106,348,-536,-2663,-4,-36,0,-8,19373,80,33,79,16,0,0,0,0,0,0,0,-32287,0,0,0,0,0,2941247,0
2809801,8992,-1262,2072,-1140,386,-538,-2662,0,0,0,-8,19373,80,33,79,16,0,0,0,0,0,0,0,-32286,0,0,0,0,0,2941252,0
2809806,9228,-1576,2246,-1171,407,-534,-2663,-1,8,-1,0,19373,86,33,79,16,0,0,0,0,0,0,0,-32287,0,0,0,0,0,2941267,0
2809811,9690,-2122,2372,-1210,396,-526,-2664,-6,5,-1,-8,19373,86,33,79,16,0,0,0,0,0,0,0,-32287,0,0,0,0,0,2941272,0
2809816,11164,-3050,2760,-1318,522,-453,-2661,0,0,0,0,19375,82,33,79,16,0,0,0,0,0,0,0,-32287,0,0,0,0,0,2941287,0
2809821,11902,-3572,2888,-1433,668,-396,-2662,5,2,0,0,19375,82,33,79,16,0,0,0,0,0,0,0,-32287,0,0,0,0,0,2941292,0
2809826,12558,-4250,2768,-1585,787,-337,-2662,3,5,0,0,19375,89,33,79,16,0,0,0,0,0,0,0,-32287,0,0,0,0,0,2941307,0
2809831,13254,-5202,2502,-1698,875,-275,-2661,3,-2,0,-8,19375,89,33,79,16,0,0,0,0,0,0,0,-32287,0,0,0,0,0,2941312,0
2809836,13688,-6802,2116,-1622,937,-204,-2661,-2,1,1,0,19375,80,33,79,16,0,0,0,0,0,0,0,-32287,0,0,0,0,0,2941327,0
2809841,13320,-7124,1988,-1443,896,-223,-2660,4,3,0,0,19375,80,33,79,16,0,0,0,0,0,0,0,-32287,0,0,0,0,0,2941332,0
2809846,12694,-6994,1862,-1233,896,-252,-2660,-1,1,0,-8,19374,78,33,79,16,0,0,0,0,0,0,0,-32287,0,0,0,0,0,2941347,0
2809851,11746,-6600,1876,-1064,946,-315,-2657,6,3,0,0,19374,78,33,79,16,0,0,0,0,0,0,0,-32287,0,0,0,0,0,2941352,0
2809856,9782,-6096,1842,-923,1170,-455,-2657,10,0,0,0,19372,76,33,79,16,0,0,0,0,0,0,0,-32287,0,0,0,0,0,2941367,0
2809861,8858,-6492,1872,-866,1255,-510,-2658,-5,4,0,0,19372,76,33,79,16,0,0,0,0,0,0,0,-32287,0,0,0,0,0,2941372,0
2809866,7948,-7124,1782,-799,1253,-545,-2656,4,-4,0,0,19373,76,33,79,16,0,0,0,0,0,0,0,-32287,0,0,0,0,0,2941387,0
2809871,7172,-7636,1638,-714,1215,-559,-2654,7,3,0,0,19373,76,33,79,16,0,0,0,0,0,0,0,-32287,0,0,0,0,0,2941392,0
2809876,6022,-8066,1248,-507,1064,-521,-2652,10,7,0,0,19375,79,33,79,16,0,0,0,0,0,0,0,-32287,0,0,0,0,0,2941407,0
2809881,5500,-7956,1082,-427,892,-485,-2650,1,5,0,0,19375,79,33,79,16,0,0,0,0,0,0,0,-32287,0,0,0,0,0,2941412,0
2809886,5098,-7738,804,-316,717,-440,-2648,7,4,1,0,19375,82,33,79,16,0,0,0,0,0,0,0,-32287,0,0,0,0,0,2941427,0
2809891,4620,-7324,588,-198,524,-384,-2643,17,7,1,8,19375,82,33,79,16,0,0,0,0,0,0,0,-32287,0,0,0,0,0,2941432,0
2809896,3872,-6426,360,-55,241,-251,-2637,24,13,-1,16,19371,70,33,79,16,0,0,0,0,0,0,0,-32287,0,0,0,0,0,2941447,0
2809901,3742,-6136,366,-17,140,-185,-2621,70,30,-4,40,19371,70,33,79,16,0,0,0,0,0,0,0,-32287,0,0,0,0,0,2941452,0
2809906,3858,-5780,466,110,34,-156,-2584,172,89,-16,128,19373,67,33,79,16,0,0,0,0,0,0,0,-32287,0,0,0,0,0,2941467,0
2809911,4028,-5624,478,321,-163,-143,-2523,280,175,-14,288,19373,67,33,79,16,0,0,0,0,0,0,0,-32287,0,0,0,0,0,2941471,0
2809916,4606,-4606,174,690,-566,-180,-2437,386,263,-9,456,19377,64,33,79,16,0,0,0,0,0,0,0,-32287,0,0,0,0,0,2941486,0
2809921,4690,-3870,172,711,-693,-211,-2334,465,327,-26,664,19377,64,33,79,16,0,0,0,0,0,0,0,-32287,0,0,0,0,0,2941491,0
2809926,5090,-3420,62,732,-758,-247,-2207,568,347,-18,960,19377,65,33,79,16,0,0,0,0,0,0,0,-32287,0,0,0,0,0,2941506,0
2809931,5240,-3322,46,764,-836,-272,-2059,660,332,4,1144,19377,65,33,79,16,0,0,0,0,0,0,0,-32287,0,0,0,0,0,2941511,0
2809936,5764,-3038,-96,832,-915,-326,-1896,737,324,11,1296,19373,60,33,79,16,0,0,0,0,0,0,0,-32287,0,0,0,0,0,2941526,0
2809941,5996,-2868,-186,861,-933,-355,-1717,798,298,4,1416,19373,60,33,79,16,0,0,0,0,0,0,0,-32287,0,0,0,0,0,2941531,0
2809946,6310,-2954,-330,842,-893,-331,-1525,844,265,4,1488,19371,64,33,79,16,0,0,0,0,0,0,0,-32287,0,0,0,0,0,2941546,0
2809951,6404,-2926,-320,774,-885,-327,-1325,891,222,3,1584,19371,64,33,79,16,0,0,0,0,0,0,0,-32287,0,0,0,0,0,2941551,0
2809956,6644,-3230,-494,697,-854,-237,-1119,910,189,7,1600,19371,72,33,79,16,0,0,0,0,0,0,0,-32287,0,0,0,0,0,2941566,0
2809961,6820,-3252,-652,620,-881,-191,-907,928,134,8,1624,19371,72,33,79,16,0,0,0,0,0,0,0,-32287,0,0,0,0,0,2941571,0
2809966,7006,-3506,-682,525,-862,-78,-696,933,102,11,1592,19371,79,33,79,16,0,0,0,0,0,0,0,-32287,0,0,0,0,0,2941586,0
2809971,6936,-3394,-526,375,-838,-5,-485,922,61,8,1584,19371,79,33,79,16,0,0,0,0,0,0,0,-32287,0,0,0,0,0,2941591,0
2809976,7312,-3686,-196,109,-678,208,-276,922,22,5,1536,19373,79,33,79,16,0,0,0,0,0,0,0,-32287,0,0,0,0,0,2941606,0
2809981,7496,-3822,-80,41,-652,267,-72,902,-7,11,1504,19373,79,33,79,16,0,0,0,0,0,0,0,-32287,0,0,0,0,0,2941611,0
2809986,7726,-4010,-60,37,-584,339,126,875,-40,2,1424,19374,66,33,79,16,0,0,0,0,0,0,0,-32287,0,0,0,0,0,2941626,0
2809991,7748,-3892,4,6,-565,397,318,843,-58,5,1360,19374,66,33,79,16,0,0,0,0,0,0,0,-32287,0,0,0,0,0,2941631,0
2809996,8052,-3748,130,-41,-502,435,504,815,-80,4,1280,19373,64,33,79,16,0,0,0,0,0,0,0,-32287,0,0,0,0,0,2941646,0
2810001,8100,-3664,160,-46,-488,410,683,778,-94,5,1200,19373,64,33,79,16,0,0,0,0,0,0,0,-32287,0,0,0,0,0,2941651,0
2810006,8192,-3602,186,-18,-478,370,848,725,-111,-1,1096,19376,73,33,79,16,0,0,0,0,0,0,0,-32287,0,0,0,0,0,2941666,0
2810011,8184,-3428,282,44,-441,296,1006,687,-127,0,1048,19376,73,33,79,16,0,0,0,0,0,0,0,-32287,0,0,0,0,0,2941671,0
2810016,7954,-3222,266,82,-329,162,1150,630,-148,3,912,19381,80,33,79,16,0,0,0,0,0,0,0,-32287,0,0,0,0,0,2941686,0
2810021,7812,-3270,150,67,-258,108,1279,561,-170,8,752,19381,80,33,79,16,0,0,0,0,0,0,0,-32287,0,0,0,0,0,2941691,0
2810026,7488,-3278,70,37,-217,68,1401,526,-178,-7,648,19380,78,33,79,16,0,0,0,0,0,0,0,-32287,0,0,0,0,0,2941706,0
2810031,7258,-3348,-14,6,-173,37,1509,478,-182,-9,536,19380,78,33,79,16,0,0,0,0,0,0,0,-32287,0,0,0,0,0,2941711,0
2810036,6568,-3680,-32,-125,-140,65,1603,408,-184,-7,400,19377,71,33,79,16,0,0,0,0,0,0,0,-32287,0,0,0,0,0,2941726,0
2810041,6290,-3710,-10,-127,-157,42,1690,372,-183,-4,328,19377,71,33,79,16,0,0,0,0,0,0,0,-32287,0,0,0,0,0,2941731,0
2810046,6314,-3928,-70,-10,-238,10,1771,358,-169,0,312,19371,69,33,79,16,0,0,0,0,0,0,0,-32287,0,0,0,0,0,2941746,0
2810051,6100,-3982,-106,122,-310,3,1850,349,-129,-1,280,19371,69,33,79,16,0,0,0,0,0,0,0,-32287,0,0,0,0,0,2941751,0
2810056,6116,-3802,-248,230,-474,15,1926,328,-97,6,240,19374,75,33,79,16,0,0,0,0,0,0,0,-32287,0,0,0,0,0,2941766,0
2810061,6088,-3532,-154,217,-542,-5,1981,306,-64,11,200,19374,75,33,79,16,0,0,0,0,0,0,0,-32287,0,0,0,0,0,2941771,0
2810066,6160,-3546,-220,205,-577,-9,2043,273,-72,-2,160,19376,77,33,79,16,0,0,0,0,0,0,0,-32287,0,0,0,0,0,2941786,0
2810071,6274,-3334,-182,178,-614,-12,2100,250,-85,-4,136,19376,77,33,79,16,0,0,0,0,0,0,0,-32287,0,0,0,0,0,2941791,0
2810076,6428,-3484,-156,201,-683,25,2154,242,-87,-10,144,19378,72,33,79,16,0,0,0,0,0,0,0,-32287,0,0,0,0,0,2941806,0
2810081,6406,-3314,-74,194,-698,40,2210,251,-64,-6,160,19378,72,33,79,16,0,0,0,0,0,0,0,-32287,0,0,0,0,0,2941811,0
2810086,6510,-3336,-66,135,-688,103,2266,246,-30,-5,168,19376,70,33,79,16,0,0,0,0,0,0,0,-32287,0,0,0,0,0,2941825,0
2810091,6516,-3474,16,93,-693,165,2325,260,2,-2,168,19376,70,33,79,16,0,0,0,0,0,0,0,-32287,0,0,0,0,0,2941830,0
2810096,6506,-3444,296,82,-639,267,2386,255,21,4,168,19373,68,33,79,16,0,0,0,0,0,0,0,-32287,0,0,0,0,0,2941845,0
2810101,6834,-3496,272,118,-628,320,2450,283,30,-6,224,19373,68,33,79,16,0,0,0,0,0,0,0,-32287,0,0,0,0,0,2941850,0
2810106,6886,-3612,488,166,-550,386,2524,326,47,-3,296,19370,80,33,79,16,0,0,0,0,0,0,0,-32287,0,0,0,0,0,2941865,0
2810111,6762,-3610,546,226,-559,413,2607,372,85,-9,384,19370,80,33,79,16,0,0,0,0,0,0,0,-32287,0,0,0,0,0,2941870,0
2810116,7250,-3368,310,620,-604,377,2704,438,125,-25,544,19372,73,33,79,16,0,0,0,0,0,0,0,-32287,0,0,0,0,0,2941885,0
2810121,7450,-3198,192,778,-654,360,2816,495,168,-13,712,19372,73,33,79,16,0,0,0,0,0,0,0,-32287,0,0,0,0,0,2941890,0
2810126,7606,-2840,132,848,-662,329,2938,545,192,-1,848,19374,70,33,79,16,0,0,0,0,0,0,0,-32287,0,0,0,0,0,2941905,0
2810131,7840,-2664,-4,884,-661,317,3070,586,190,2,952,19374,70,33,79,16,0,0,0,0,0,0,0,-32287,0,0,0,0,0,2941910,0
2810136,7974,-2528,26,930,-664,252,3214,639,179,3,1040,19376,62,33,79,16,0,0,0,0,0,0,0,-32287,0,0,0,0,0,2941925,0
2810141,7810,-2590,64,937,-635,252,3364,667,160,7,1064,19376,62,33,79,16,0,0,0,0,0,0,0,-32287,0,0,0,0,0,2941930,0
2810146,7804,-2638,26,918,-611,261,3519,678,135,14,1072,19374,72,33,79,16,0,0,0,0,0,0,0,-32287,0,0,0,0,0,2941945,0
2810151,7772,-2620,96,926,-568,246,3678,700,105,6,1112,19374,72,33,79,16,0,0,0,0,0,0,0,-32287,0,0,0,0,0,2941950,0
2810156,7434,-2824,158,967,-527,243,3839,707,76,6,1104,19372,81,33,79,16,0,0,0,0,0,0,0,-32287,0,0,0,0,0,2941965,0
2810161,7450,-2780,88,945,-505,241,3996,695,40,6,1064,19372,81,33,79,16,0,0,0,0,0,0,0,-32287,0,0,0,0,0,2941970,0
2810166,7376,-2828,86,902,-471,237,4157,700,21,0,1072,19373,89,33,79,16,0,0,0,0,0,0,0,-32287,0,0,0,0,0,2941985,0
2810171,7226,-2902,-4,813,-449,275,4313,686,-66,9,1048,19373,89,33,79,16,0,0,0,0,0,0,0,-32287,0,0,0,0,0,2941990,0
2810176,7070,-3188,110,714,-392,277,4466,669,-90,3,1008,19375,80,33,79,16,0,0,0,0,0,0,0,-32286,0,0,0,0,0,2942005,0
2810181,7136,-3450,218,747,-354,294,4619,672,7,1,1000,19375,80,33,79,16,0,0,0,0,0,0,0,-32286,0,0,0,0,0,2942010,0
2810186,6842,-3506,274,807,-360,298,4765,641,31,4,928,19373,76,33,79,16,0,0,0,0,0,0,0,-32287,0,0,0,0,0,2942025,0
2810191,6964,-3630,156,892,-381,290,4907,618,22,-1,880,19373,76,33,79,16,0,0,0,0,0,0,0,-32287,0,0,0,0,0,2942030,0
2810196,6852,-3348,194,971,-328,291,5046,608,-56,-4,856,19372,75,33,79,16,0,0,0,0,0,0,0,-32287,0,0,0,0,0,2942045,0
2810201,6752,-3262,160,922,-292,308,5179,575,-64,5,752,19372,75,33,79,16,0,0,0,0,0,0,0,-32287,0,0,0,0,0,2942054,0
2810206,6878,-3316,26,911,-279,301,5304,549,-74,-1,696,19373,66,33,79,16,0,0,0,0,0,0,0,-32287,0,0,0,0,0,2942064,0
2810211,6696,-3406,2,970,-284,281,5421,513,-86,-8,616,19373,66,33,79,16,0,0,0,0,0,0,0,-32287,0,0,0,0,0,2942069,0
2810216,6836,-3360,-84,1126,-320,299,5531,484,-101,-5,536,19374,78,33,79,16,0,0,0,0,0,0,0,-32287,0,0,0,0,0,2942084,0
2810221,6796,-3116,-64,1125,-350,293,5629,423,-119,0,416,19374,78,33,79,16,0,0,0,0,0,0,0,-32287,0,0,0,0,0,2942089,0
2810226,7040,-3136,-212,1087,-332,324,5717,374,-133,1,296,19374,74,33,79,16,0,0,0,0,0,0,0,-32287,0,0,0,0,0,2942104,0
2810231,6986,-2938,-200,1051,-351,331,5791,328,-156,15,224,19374,74,33,79,16,0,0,0,0,0,0,0,-32287,0,0,0,0,0,2942109,0
2810236,7090,-2798,-256,1068,-390,352,5856,277,-170,8,136,19371,67,33,79,16,0,0,0,0,0,0,0,-32287,0,0,0,0,0,2942124,0
2810241,7134,-2478,-284,1064,-413,324,5909,236,-174,-6,104,19371,67,33,79,16,0,0,0,0,0,0,0,-32287,0,0,0,0,0,2942132,0
2810246,7442,-2502,-372,1022,-404,368,5954,185,-169,-7,72,19370,64,33,79,16,0,0,0,0,0,0,0,-32287,0,0,0,0,0,2942147,0
2810251,7366,-2246,-288,956,-401,374,5985,136,-163,-3,24,19370,64,33,79,16,0,0,0,0,0,0,0,-32287,0,0,0,0,0,2942152,0
2810256,7358,-2116,-424,716,-358,465,5997,39,-177,2,-8,19369,62,33,79,16,0,0,0,0,0,0,0,-32287,0,0,0,0,0,2942167,0
2810261,7576,-1924,-370,656,-308,454,5996,-12,-210,4,-8,19369,62,33,79,16,0,0,0,0,0,0,0,-32287,0,0,0,0,0,2942172,0
2810266,7616,-1916,-318,708,-264,447,5991,-25,-212,0,-16,19372,66,33,79,16,0,0,0,0,0,0,0,-32287,0,0,0,0,0,2942187,0
2810271,7610,-1994,-280,801,-281,421,5989,-5,-166,-3,-8,19372,66,33,79,16,0,0,0,0,0,0,0,-32286,0,0,0,0,0,2942192,0
2810276,7910,-1810,-320,888,-274,417,5989,8,-90,-1,-8,19373,69,33,79,16,0,0,0,0,0,0,0,-32287,0,0,0,0,0,2942207,0
2810281,7992,-1564,-280,805,-225,418,5988,3,-10,-1,-8,19373,69,33,79,16,0,0,0,0,0,0,0,-32287,0,0,0,0,0,2942212,0
2810286,8068,-1516,-294,707,-180,420,5988,2,16,0,-8,19374,67,33,79,16,0,0,0,0,0,0,0,-32287,0,0,0,0,0,2942227,0
2810291,8102,-1500,-248,657,-141,406,5989,4,13,1,-8,19374,67,33,79,16,0,0,0,0,0,0,0,-32287,0,0,0,0,0,2942232,0
2810296,8212,-1694,-218,701,-138,364,5987,-8,1,0,-8,19371,62,33,79,16,0,0,0,0,0,0,0,-32287,0,0,0,0,0,2942247,0
2810301,8308,-1764,-202,737,-124,345,5988,1,1,0,0,19371,62,33,79,16,0,0,0,0,0,0,0,-32287,0,0,0,0,0,2942252,0
2810306,8306,-1644,-132,701,-70,364,5989,3,-4,0,-8,19372,69,33,79,16,0,0,0,0,0,0,0,-32287,0,0,0,0,0,2942266,0
2810311,8216,-1554,-104,572,-54,382,5988,4,2,0,0,19372,69,33,79,16,0,0,0,0,0,0,0,-32287,0,0,0,0,0,2942271,0
2810316,8150,-1724,-48,164,156,502,5990,1,0,0,8,19375,65,33,79,16,0,0,0,0,0,0,0,-32287,0,0,0,0,0,2942286,0
2810321,8064,-2026,24,81,241,518,5993,14,10,-2,8,19375,65,33,79,16,0,0,0,0,0,0,0,-32287,0,0,0,0,0,2942291,0
2810326,7928,-2410,60,118,288,544,6000,27,16,-3,16,19377,60,33,79,16,0,0,0,0,0,0,0,-32287,0,0,0,0,0,2942306,0
2810331,7896,-2438,42,228,246,535,6013,60,35,-5,40,19377,60,33,79,16,0,0,0,0,0,0,0,-32287,0,0,0,0,0,2942311,0
2810336,8226,-2270,8,531,192,474,6046,152,79,-12,96,19376,58,33,79,16,0,0,0,0,0,0,0,-32287,0,0,0,0,0,2942326,0
2810341,8174,-1982,-6,550,149,424,6090,206,130,-5,144,19376,58,33,79,16,0,0,0,0,0,0,0,-32287,0,0,0,0,0,2942331,0
2810346,8558,-2010,-134,589,125,380,6151,278,193,-2,248,19376,69,33,79,16,0,0,0,0,0,0,0,-32287,0,0,0,0,0,2942346,0
2810351,8460,-1808,-76,586,99,331,6223,321,217,0,312,19376,69,33,79,16,0,0,0,0,0,0,0,-32287,0,0,0,0,0,2942351,0
2810356,8762,-1790,2,681,50,151,6315,403,232,-11,472,19375,83,33,79,16,0,0,0,0,0,0,0,-32287,0,0,0,0,0,2942366,0
2810361,8848,-1808,72,731,27,69,6421,473,224,-24,664,19375,83,33,79,16,0,0,0,0,0,0,0,-32287,0,0,0,0,0,2942371,0
2810366,8878,-1934,70,781,55,17,6540,528,233,-4,792,19374,82,33,79,16,0,0,0,0,0,0,0,-32287,0,0,0,0,0,2942386,0
2810371,8728,-1986,166,782,27,-42,6668,565,214,16,864,19374,82,33,79,16,0,0,0,0,0,0,0,-32287,0,0,0,0,0,2942391,0
2810376,8652,-1982,230,857,96,-160,6805,604,199,11,960,19375,73,33,79,16,0,0,0,0,0,0,0,-32287,0,0,0,0,0,2942406,0
2810381,8694,-2326,150,913,135,-160,6952,645,166,8,1008,19375,73,33,79,16,0,0,0,0,0,0,0,-32287,0,0,0,0,0,2942411,0
2810386,8316,-2198,202,910,139,-169,7103,669,142,15,1008,19374,70,33,79,16,0,0,0,0,0,0,0,-32287,0,0,0,0,0,2942426,0
2810391,8422,-2098,120,917,168,-188,7254,669,107,5,1024,19374,70,33,79,16,0,0,0,0,0,0,0,-32287,0,0,0,0,0,2942431,0
2810396,7970,-2168,32,858,257,-163,7406,666,76,5,984,19372,76,33,79,16,0,0,0,0,0,0,0,-32287,0,0,0,0,0,2942446,0
2810401,7988,-2164,-54,837,293,-148,7552,644,23,13,920,19372,76,33,79,16,0,0,0,0,0,0,0,-32287,0,0,0,0,0,2942451,0
2810406,7784,-2006,-62,802,330,-136,7694,620,-17,4,872,19373,74,33,79,16,0,0,0,0,0,0,0,-32287,0,0,0,0,0,2942466,0
2810411,7724,-1854,-80,782,351,-117,7832,599,-46,5,808,19373,74,33,79,16,0,0,0,0,0,0,0,-32287,0,0,0,0,0,2942471,0
2810416,7548,-1884,-124,683,379,-65,7961,566,-73,8,704,19374,75,33,79,16,0,0,0,0,0,0,0,-32286,0,0,0,0,0,2942486,0
2810421,7644,-1720,-194,632,417,-51,8082,532,-87,-5,648,19374,75,33,79,16,0,0,0,0,0,0,0,-32287,0,0,0,0,0,2942490,0
2810426,7504,-1666,-162,598,405,-30,8197,501,-104,-2,568,19376,62,33,79,16,0,0,0,0,0,0,0,-32287,0,0,0,0,0,2942505,0
2810431,7602,-1666,-150,568,419,-21,8304,469,-113,-4,488,19376,62,33,79,16,0,0,0,0,0,0,0,-32287,0,0,0,0,0,2942510,0
2810436,7664,-1462,-170,443,440,32,8400,430,-112,-3,416,19376,65,33,79,16,0,0,0,0,0,0,0,-32287,0,0,0,0,0,2942525,0
2810441,7736,-1538,-172,382,483,51,8491,389,-121,0,320,19376,65,33,79,16,0,0,0,0,0,0,0,-32287,0,0,0,0,0,2942530,0
2810446,7746,-1540,-124,345,481,48,8576,373,-121,6,304,19374,67,33,79,16,0,0,0,0,0,0,0,-32286,0,0,0,0,0,2942545,0
2810451,7866,-1580,-90,351,482,47,8657,360,-108,1,296,19374,67,33,79,16,0,0,0,0,0,0,0,-32287,0,0,0,0,0,2942550,0
2810456,8020,-1514,0,407,467,20,8740,363,-80,-1,296,19374,74,33,79,16,0,0,0,0,0,0,0,-32288,0,0,0,0,0,2942565,0
2810461,8010,-1496,4,387,448,-5,8818,348,-53,1,280,19374,74,33,79,16,0,0,0,0,0,0,0,-32287,0,0,0,0,0,2942570,0
2810466,8184,-1488,-48,382,451,-33,8896,346,-26,-1,272,19375,70,33,79,16,0,0,0,0,0,0,0,-32287,0,0,0,0,0,2942585,0
2810471,8282,-1606,-52,382,460,-62,8972,334,-27,1,272,19375,70,33,79,16,0,0,0,0,0,0,0,-32287,0,0,0,0,0,2942590,0
2810476,8558,-1860,-86,462,411,-158,9053,354,-13,-2,312,19375,53,33,79,16,0,0,0,0,0,0,0,-32287,0,0,0,0,0,2942604,0
2810481,8544,-2024,-116,541,390,-217,9140,381,11,-7,360,19375,53,33,79,16,0,0,0,0,0,0,0,-32287,0,0,0,0,0,2942609,0
2810486,8714,-2432,-220,662,370,-252,9231,398,44,-10,408,19376,55,33,79,16,0,0,0,0,0,0,0,-32287,0,0,0,0,0,2942624,0
2810491,8624,-2626,-262,732,335,-278,9329,419,63,-6,464,19376,55,33,79,16,0,0,0,0,0,0,0,-32287,0,0,0,0,0,2942629,0
2810496,8898,-2748,-446,824,296,-317,9424,420,65,-5,472,19376,63,33,79,16,0,0,0,0,0,0,0,-32287,0,0,0,0,0,2942644,0
2810501,9036,-2734,-436,872,250,-374,9521,430,50,-8,496,19376,63,33,79,16,0,0,0,0,0,0,0,-32287,0,0,0,0,0,2942649,0
2810506,9098,-2914,-466,971,242,-402,9621,444,31,-7,536,19379,80,33,79,16,0,0,0,0,0,0,0,-32288,0,0,0,0,0,2942664,0
2810511,9022,-2996,-386,1055,188,-404,9722,434,25,4,496,19379,80,33,79,16,0,0,0,0,0,0,0,-32288,0,0,0,0,0,2942669,0
2810516,9380,-2500,-374,1020,123,-426,9816,415,15,8,448,19379,80,33,79,16,0,0,0,0,0,0,0,-32287,0,0,0,0,0,2942684,0
2810521,9292,-2098,-252,937,136,-438,9904,389,-18,9,368,19379,80,33,79,16,0,0,0,0,0,0,0,-32287,0,0,0,0,0,2942689,0
2810526,9400,-1928,-218,882,122,-468,9987,368,-50,10,320,19378,86,33,79,16,0,0,0,0,0,0,0,-32287,0,0,0,0,0,2942704,0
2810531,9366,-1692,-76,822,143,-476,10070,353,-66,7,280,19378,86,33,79,16,0,0,0,0,0,0,0,-32287,0,0,0,0,0,2942709,0
2810536,9186,-1582,86,577,84,-456,10141,303,-76,13,176,19375,89,33,79,16,0,0,0,0,0,0,0,-32287,0,0,0,0,0,2942723,0
2810541,9138,-1390,224,414,48,-428,10198,240,-97,5,104,19375,89,33,79,16,0,0,0,0,0,0,0,-32287,0,0,0,0,0,2942728,0
2810546,9090,-1208,388,231,6,-404,10244,192,-137,-11,64,19375,86,33,79,16,0,0,0,0,0,0,0,-32287,0,0,0,0,0,2942743,0
2810551,9196,-1284,520,88,-42,-401,10275,137,-176,-5,48,19375,86,33,79,16,0,0,0,0,0,0,0,-32287,0,0,0,0,0,2942748,0
2810556,9502,-1368,708,-42,-76,-397,10297,100,-186,-3,24,19375,82,33,79,16,0,0,0,0,0,0,0,-32287,0,0,0,0,0,2942763,0
2810561,9526,-1426,862,-131,-62,-396,10305,31,-194,8,-8,19375,82,33,79,16,0,0,0,0,0,0,0,-32287,0,0,0,0,0,2942768,0
2810566,9720,-1730,900,-231,-20,-405,10305,2,-183,2,0,19377,71,33,79,16,0,0,0,0,0,0,0,-32287,0,0,0,0,0,2942783,0
2810571,9908,-1962,900,-261,18,-432,10303,0,-155,-2,0,19377,71,33,79,16,0,0,0,0,0,0,0,-32287,0,0,0,0,0,2942788,0
2810576,9908,-2538,888,-303,35,-470,10305,5,-105,0,-8,19375,64,33,79,16,0,0,0,0,0,0,0,-32287,0,0,0,0,0,2942803,0
2810581,9896,-2698,954,-415,68,-482,10304,1,-56,0,0,19375,64,33,79,16,0,0,0,0,0,0,0,-32287,0,0,0,0,0,2942808,0
2810586,9844,-2812,1068,-597,119,-507,10304,5,-8,0,-8,19373,75,33,79,16,0,0,0,0,0,0,0,-32287,0,0,0,0,0,2942823,0
2810591,9658,-3282,798,-506,7,-567,10305,8,-4,0,-8,19373,75,33,79,16,0,0,0,0,0,0,0,-32287,0,0,0,0,0,2942828,0
2810596,9330,-3772,916,-364,-149,-629,10303,0,2,0,0,19371,80,33,79,16,0,0,0,0,0,0,0,-32287,0,0,0,0,0,2942843,0
2810601,9602,-3682,1034,-472,-21,-649,10303,1,-3,0,-8,19371,80,33,79,16,0,0,0,0,0,0,0,-32287,0,0,0,0,0,2942848,0
2810606,9170,-3814,1372,-624,186,-643,10301,-10,-7,1,-8,19370,87,33,79,16,0,0,0,0,0,0,0,-32287,0,0,0,0,0,2942862,0
2810611,8734,-4464,1608,-757,245,-642,10300,-10,-5,0,-8,19370,87,33,79,16,0,0,0,0,0,0,0,-32287,0,0,0,0,0,2942867,0
2810616,7702,-5470,1696,-807,407,-596,10295,-11,-12,0,-8,19373,80,33,79,16,0,0,0,0,0,0,0,-32287,0,0,0,0,0,2942882,0
2810621,7418,-5836,1674,-758,520,-541,10294,-8,-7,0,-8,19373,80,33,79,16,0,0,0,0,0,0,0,-32287,0,0,0,0,0,2942887,0
2810626,6354,-6142,1760,-676,538,-557,10292,-4,-11,-1,-8,19374,65,33,79,16,0,0,0,0,0,0,0,-32287,0,0,0,0,0,2942902,0
2810631,6090,-6784,1612,-620,493,-503,10290,-5,8,-1,-8,19374,65,33,79,16,0,0,0,0,0,0,0,-32287,0,0,0,0,0,2942907,0
2810636,4624,-7274,1580,-525,462,-370,10290,3,11,-1,-8,19374,62,33,79,16,0,0,0,0,0,0,0,-32287,0,0,0,0,0,2942922,0
2810641,4204,-7708,1384,-373,384,-285,10290,-5,8,0,-8,19374,62,33,79,16,0,0,0,0,0,0,0,-32287,0,0,0,0,0,2942927,0
2810646,4052,-7704,1366,-119,248,-266,10288,-5,11,2,-16,19376,79,33,79,16,0,0,0,0,0,0,0,-32287,0,0,0,0,0,2942942,0
2810651,4820,-6010,2372,1261,121,-806,10272,-78,-24,11,-56,19376,79,33,79,16,0,0,0,0,0,0,0,-32287,0,0,0,0,0,2942947,0
2810656,4872,-6824,1576,2866,-589,-850,10236,-162,-90,15,-128,19377,81,33,79,16,0,0,0,0,0,0,0,-32287,0,0,0,0,0,2942962,0
2810661,5544,-3798,2410,2090,-37,-749,10170,-308,-198,23,-368,19377,81,33,79,16,0,0,0,0,0,0,0,-32287,0,0,0,0,0,2942967,0
2810666,5250,-3920,1290,1064,58,-561,10066,-474,-317,38,-760,19378,87,33,79,16,0,0,0,0,0,0,0,-32287,0,0,0,0,0,2942982,0
2810671,5202,-4528,1190,409,285,-405,9924,-641,-441,40,-1224,19378,87,33,79,16,0,0,0,0,0,0,0,-32287,0,0,0,0,0,2942987,0
2810676,5008,-6676,1644,626,296,-117,9743,-817,-523,5,-1624,19376,70,33,79,16,0,0,0,0,0,0,0,-32287,0,0,0,0,0,2943001,0
2810681,4752,-6296,2088,641,325,78,9519,-1012,-585,10,-2016,19376,70,33,79,16,0,0,0,0,0,0,0,-32287,0,0,0,0,0,2943006,0
2810686,5008,-5926,1966,507,365,292,9254,-1179,-610,0,-2376,19373,75,33,79,16,0,0,0,0,0,0,0,-32287,0,0,0,0,0,2943021,0
2810691,5078,-5790,1694,362,425,507,8949,-1358,-625,-3,-2752,19373,75,33,79,16,0,0,0,0,0,0,0,-32287,0,0,0,0,0,2943026,0
2810696,5750,-4820,1480,208,399,781,8611,-1501,-616,-8,-3008,19372,83,33,79,16,0,0,0,0,0,0,0,-32287,0,0,0,0,0,2943041,0
2810701,6048,-4060,1406,162,315,859,8241,-1640,-580,-8,-3280,19372,83,33,79,16,0,0,0,0,0,0,0,-32287,0,0,0,0,0,2943046,0
2810706,6518,-3500,1134,21,273,950,7844,-1758,-524,-8,-3504,19371,82,33,79,16,0,0,0,0,0,0,0,-32286,0,0,0,0,0,2943061,0
2810711,6862,-2968,984,-216,238,1030,7426,-1848,-472,-13,-3640,19371,82,33,79,16,0,0,0,0,0,0,0,-32287,0,0,0,0,0,2943066,0
2810716,7824,-1996,1028,-563,157,1071,6993,-1910,-400,-12,-3752,19369,83,33,79,16,0,0,0,0,0,0,0,-32287,0,0,0,0,0,2943081,0
2810721,8110,-1610,990,-728,69,1046,6555,-1935,-311,-7,-3800,19369,83,33,79,16,0,0,0,0,0,0,0,-32286,0,0,0,0,0,2943086,0
2810726,8578,-1382,926,-901,58,1013,6116,-1934,-214,-3,-3792,19371,86,33,79,16,0,0,0,0,0,0,0,-32287,0,0,0,0,0,2943101,0
2810731,8914,-1086,1028,-1029,35,957,5680,-1919,-110,-4,-3744,19371,86,33,79,16,0,0,0,0,0,0,0,-32287,0,0,0,0,0,2943106,0
2810736,9580,-1052,1166,-1123,-90,741,5250,-1895,-23,-6,-3680,19370,89,33,79,16,0,0,0,0,0,0,0,-32287,0,0,0,0,0,2943121,0
2810741,9918,-980,1410,-1034,-127,601,4828,-1855,37,-8,-3568,19370,89,33,79,16,0,0,0,0,0,0,0,-32287,0,0,0,0,0,2943126,0
2810746,10210,-942,1694,-926,-173,445,4411,-1830,77,-7,-3488,19371,85,33,79,16,0,0,0,0,0,0,0,-32287,0,0,0,0,0,2943141,0
2810751,10336,-1108,1714,-843,-247,309,4007,-1782,108,-8,-3384,19371,85,33,79,16,0,0,0,0,0,0,0,-32287,0,0,0,0,0,2943146,0
2810756,10502,-1254,1938,-903,-131,91,3612,-1728,128,-3,-3256,19373,99,33,79,16,0,0,0,0,0,0,0,-32287,0,0,0,0,0,2943161,0
2810761,10352,-1416,2316,-973,39,35,3234,-1662,152,1,-3120,19373,99,33,79,16,0,0,0,0,0,0,0,-32287,0,0,0,0,0,2943166,0
2810766,10080,-1864,2480,-1001,200,-15,2869,-1594,180,5,-2984,19372,94,33,79,16,0,0,0,0,0,0,0,-32287,0,0,0,0,0,2943180,0
2810771,9864,-2466,2618,-975,368,-46,2521,-1525,209,3,-2848,19372,94,33,79,16,0,0,0,0,0,0,0,-32287,0,0,0,0,0,2943185,0
2810776,9130,-3010,2630,-861,794,-60,2190,-1452,231,3,-2704,19373,83,33,79,16,0,0,0,0,0,0,0,-32287,0,0,0,0,0,2943200,0
2810781,8460,-3052,2554,-853,889,-56,1877,-1371,249,-1,-2528,19373,83,33,79,16,0,0,0,0,0,0,0,-32287,0,0,0,0,0,2943205,0
2810786,8364,-3434,2170,-826,1085,-7,1583,-1289,262,-4,-2328,19370,86,33,79,16,0,0,0,0,0,0,0,-32287,0,0,0,0,0,2943220,0
2810791,7580,-3420,1900,-835,1103,32,1304,-1221,264,-5,-2176,19370,86,33,79,16,0,0,0,0,0,0,0,-32287,0,0,0,0,0,2943225,0
2810796,7136,-3594,1206,-760,1172,95,1044,-1133,270,-6,-1960,19371,89,33,79,16,0,0,0,0,0,0,0,-32287,0,0,0,0,0,2943240,0
2810801,6756,-3346,914,-743,1083,115,804,-1051,272,-9,-1768,19371,89,33,79,16,0,0,0,0,0,0,0,-32287,0,0,0,0,0,2943245,0
2810806,6724,-3412,548,-718,1005,167,583,-966,281,-10,-1576,19372,94,33,79,16,0,0,0,0,0,0,0,-32287,0,0,0,0,0,2943260,0
2810811,6384,-3036,390,-747,868,181,380,-885,290,-7,-1384,19372,94,33,79,16,0,0,0,0,0,0,0,-32286,0,0,0,0,0,2943265,0
2810816,6540,-2674,116,-691,581,177,193,-816,288,-4,-1240,19371,86,33,79,16,0,0,0,0,0,0,0,-32287,0,0,0,0,0,2943280,0
2810821,6528,-2482,106,-674,405,174,24,-748,276,-3,-1104,19371,86,33,79,16,0,0,0,0,0,0,0,-32287,0,0,0,0,0,2943285,0
2810826,6720,-2122,70,-745,278,173,-135,-689,257,0,-968,19372,79,33,79,16,0,0,0,0,0,0,0,-32287,0,0,0,0,0,2943300,0
2810831,6884,-1988,162,-924,241,206,-279,-639,235,3,-880,19372,79,33,79,16,0,0,0,0,0,0,0,-32287,0,0,0,0,0,2943305,0
2810836,7042,-2134,772,-1250,268,247,-415,-588,209,0,-776,19372,82,33,79,16,0,0,0,0,0,0,0,-32287,0,0,0,0,0,2943320,0
2810841,7026,-2002,1232,-1229,236,214,-539,-543,185,0,-640,19372,82,33,79,16,0,0,0,0,0,0,0,-32287,0,0,0,0,0,2943325,0
2810846,7314,-2284,1418,-1148,255,170,-653,-491,175,0,-520,19375,76,33,79,16,0,0,0,0,0,0,0,-32287,0,0,0,0,0,2943340,0
2810851,7398,-2242,1572,-1094,288,160,-755,-451,167,10,-448,19375,76,33,79,16,0,0,0,0,0,0,0,-32287,0,0,0,0,0,2943345,0
2810856,7618,-1976,1874,-1191,477,163,-851,-423,159,16,-424,19378,78,33,79,16,0,0,0,0,0,0,0,-32287,0,0,0,0,0,2943360,0
2810861,7570,-1944,2028,-1239,555,122,-942,-392,138,3,-360,19378,78,33,79,16,0,0,0,0,0,0,0,-32287,0,0,0,0,0,2943365,0
2810866,7626,-2126,1968,-1233,650,118,-1023,-350,122,-10,-272,19377,75,33,79,16,0,0,0,0,0,0,0,-32287,0,0,0,0,0,2943380,0
2810871,7454,-2162,1914,-1213,698,105,-1096,-317,112,-16,-208,19377,75,33,79,16,0,0,0,0,0,0,0,-32287,0,0,0,0,0,2943385,0
2810876,7150,-2054,1682,-1212,762,106,-1164,-295,117,0,-200,19375,59,33,79,16,0,0,0,0,0,0,0,-32287,0,0,0,0,0,2943399,0
2810881,7032,-1980,1546,-1206,767,78,-1229,-283,107,0,-168,19375,59,33,79,16,0,0,0,0,0,0,0,-32287,0,0,0,0,0,2943404,0
2810886,6962,-2116,1368,-1166,779,72,-1289,-264,83,3,-152,19372,63,33,79,16,0,0,0,0,0,0,0,-32287,0,0,0,0,0,2943419,0
2810891,6622,-2388,1216,-1172,730,96,-1348,-254,65,-2,-128,19372,63,33,79,16,0,0,0,0,0,0,0,-32286,0,0,0,0,0,2943424,0
2810896,6576,-1900,1358,-844,743,-11,-1397,-216,60,-1,-80,19371,67,33,79,16,0,0,0,0,0,0,0,-32287,0,0,0,0,0,2943439,0
2810901,6442,-1884,1280,-879,796,10,-1433,-163,87,5,-72,19371,67,33,79,16,0,0,0,0,0,0,0,-32287,0,0,0,0,0,2943444,0
2810906,6232,-1700,1192,-957,782,-18,-1459,-103,122,8,-40,19373,66,33,79,16,0,0,0,0,0,0,0,-32287,0,0,0,0,0,2943459,0
2810911,6198,-2000,862,-985,798,-2,-1476,-61,157,0,-24,19373,66,33,79,16,0,0,0,0,0,0,0,-32287,0,0,0,0,0,2943464,0
2810916,5844,-1998,674,-1029,729,12,-1489,-65,153,0,-24,19375,70,33,79,16,0,0,0,0,0,0,0,-32287,0,0,0,0,0,2943479,0
2810921,5800,-1974,584,-1021,700,-6,-1499,-49,116,-3,-16,19375,70,33,79,16,0,0,0,0,0,0,0,-32287,0,0,0,0,0,2943484,0
2810926,5780,-1986,532,-996,657,6,-1503,-9,96,-7,0,19374,65,33,79,16,0,0,0,0,0,0,0,-32287,0,0,0,0,0,2943499,0
2810931,5750,-1982,506,-991,618,15,-1500,11,75,-5,8,19374,65,33,79,16,0,0,0,0,0,0,0,-32287,0,0,0,0,0,2943504,0
2810936,5866,-1938,604,-1046,585,61,-1498,4,63,1,-8,19375,74,33,79,16,0,0,0,0,0,0,0,-32287,0,0,0,0,0,2943519,0
2810941,5918,-1920,714,-1057,570,62,-1500,-9,58,1,0,19375,74,33,79,16,0,0,0,0,0,0,0,-32287,0,0,0,0,0,2943524,0
2810946,6094,-2044,808,-1028,575,61,-1499,-4,27,-1,0,19374,81,33,79,16,0,0,0,0,0,0,0,-32287,0,0,0,0,0,2943539,0
2810951,6196,-2060,912,-989,571,73,-1498,2,-5,0,0,19374,81,33,79,16,0,0,0,0,0,0,0,-32287,0,0,0,0,0,2943544,0
2810956,6520,-2058,1108,-958,578,65,-1498,0,-6,2,0,19375,77,33,79,16,0,0,0,0,0,0,0,-32287,0,0,0,0,0,2943559,0
2810961,6610,-2080,1184,-958,601,63,-1498,3,2,1,0,19375,77,33,79,16,0,0,0,0,0,0,0,-32287,0,0,0,0,0,2943564,0
2810966,6688,-2140,1198,-949,606,66,-1498,7,7,0,0,19376,72,33,79,16,0,0,0,0,0,0,0,-32287,0,0,0,0,0,2943579,0
2810971,6726,-2184,1230,-939,603,59,-1498,2,1,0,-8,19376,72,33,79,16,0,0,0,0,0,0,0,-32287,0,0,0,0,0,2943584,0
2810976,6686,-2350,1100,-873,580,48,-1500,-4,0,0,0,19375,70,33,79,16,0,0,0,0,0,0,0,-32287,0,0,0,0,0,2943599,0
2810981,6616,-2358,1080,-847,542,43,-1498,-2,-1,0,0,19375,70,33,79,16,0,0,0,0,0,0,0,-32287,0,0,0,0,0,2943604,0
2810986,6554,-2398,1024,-836,518,35,-1499,-4,-1,0,0,19374,79,33,79,16,0,0,0,0,0,0,0,-32287,0,0,0,0,0,2943619,0
2810991,6552,-2394,974,-817,492,34,-1498,-3,1,-1,0,19374,79,33,79,16,0,0,0,0,0,0,0,-32287,0,0,0,0,0,2943624,0
2810996,6490,-2514,952,-793,410,8,-1498,-1,-1,0,0,19371,80,33,79,16,0,0,0,0,0,0,0,-32287,0,0,0,0,0,2943639,0
2811001,6502,-2500,944,-755,376,13,-1499,-2,-2,0,0,19371,80,33,79,16,0,0,0,0,0,0,0,-32287,0,0,0,0,0,2943644,0
2811006,6448,-2548,972,-743,327,1,-1498,6,2,0,0,19370,80,33,79,16,0,0,0,0,0,0,0,-32287,0,0,0,0,0,2943659,0
2811011,6452,-2552,1008,-736,282,-9,-1499,1,1,1,-8,19370,80,33,79,16,0,0,0,0,0,0,0,-32287,0,0,0,0,0,2943664,0
2811016,6454,-2556,1052,-698,201,-24,-1499,-2,4,0,0,19371,72,33,79,16,0,0,0,0,0,0,0,-32287,0,0,0,0,0,2943679,0
2811021,6462,-2562,1128,-685,160,-32,-1498,0,-1,-1,0,19371,72,33,79,16,0,0,0,0,0,0,0,-32287,0,0,0,0,0,2943684,0
2811026,6500,-2548,1162,-656,133,-28,-1498,-3,-2,0,0,19371,76,33,79,16,0,0,0,0,0,0,0,-32287,0,0,0,0,0,2943698,0
2811031,6514,-2520,1140,-633,106,-26,-1499,-3,5,0,0,19371,76,33,79,16,0,0,0,0,0,0,0,-32287,0,0,0,0,0,2943703,0
2811036,6518,-2478,1130,-616,60,-19,-1498,-3,-1,0,0,19372,76,33,79,16,0,0,0,0,0,0,0,-32287,0,0,0,0,0,2943718,0
2811041,6558,-2346,1088,-598,48,8,-1499,2,1,-1,0,19372,76,33,79,16,0,0,0,0,0,0,0,-32287,0,0,0,0,0,2943723,0
2811046,6530,-2294,1114,-608,17,18,-1499,0,2,0,0,19371,73,33,79,16,0,0,0,0,0,0,0,-32287,0,0,0,0,0,2943738,0
2811051,6576,-2226,1102,-618,-4,30,-1499,5,-2,0,-8,19371,73,33,79,16,0,0,0,0,0,0,0,-32287,0,0,0,0,0,2943743,0
2811056,6690,-2044,1136,-649,-66,63,-1499,0,1,0,0,19372,69,33,79,16,0,0,0,0,0,0,0,-32287,0,0,0,0,0,2943758,0
2811061,6816,-2042,1154,-666,-95,74,-1499,-1,2,0,0,19372,69,33,79,16,0,0,0,0,0,0,0,-32287,0,0,0,0,0,2943763,0
2811066,6946,-1962,1214,-669,-112,88,-1497,3,5,-1,0,19376,59,33,79,16,0,0,0,0,0,0,0,-32287,0,0,0,0,0,2943778,0
2811071,7154,-1932,1342,-677,-123,95,-1497,1,3,-2,-8,19376,59,33,79,16,0,0,0,0,0,0,0,-32287,0,0,0,0,0,2943783,0
2811076,7580,-1832,1580,-658,-97,85,-1498,1,0,-2,0,19374,53,33,79,16,0,0,0,0,0,0,0,-32287,0,0,0,0,0,2943798,0
2811081,7800,-1780,1674,-665,-56,99,-1500,-8,-4,-1,0,19374,53,33,79,16,0,0,0,0,0,0,0,-32287,0,0,0,0,0,2943803,0
2811086,8016,-1712,1756,-693,-3,99,-1499,-5,1,-1,0,19373,61,33,79,16,0,0,0,0,0,0,0,-32287,0,0,0,0,0,2943818,0
2811091,8198,-1638,1826,-743,69,96,-1499,-1,-1,0,0,19373,61,33,79,16,0,0,0,0,0,0,0,-32287,0,0,0,0,0,2943823,0
2811096,8522,-1564,1836,-779,172,69,-1499,1,-5,0,0,19374,77,33,79,16,0,0,0,0,0,0,0,-32287,0,0,0,0,0,2943838,0
2811101,8654,-1432,1758,-774,211,55,-1499,0,0,0,0,19374,77,33,79,16,0,0,0,0,0,0,0,-32287,0,0,0,0,0,2943843,0
2811106,8702,-1350,1656,-762,231,20,-1499,-5,-3,0,0,19374,79,33,79,16,0,0,0,0,0,0,0,-32287,0,0,0,0,0,2943858,0
2811111,8728,-1286,1536,-761,253,-4,-1498,1,-1,0,0,19374,79,33,79,16,0,0,0,0,0,0,0,-32287,0,0,0,0,0,2943863,0
2811116,8724,-1020,1342,-799,262,-47,-1498,5,-2,0,0,19373,69,33,79,16,0,0,0,0,0,0,0,-32287,0,0,0,0,0,2943878,0
2811121,8748,-950,1308,-846,268,-79,-1498,3,-2,0,0,19373,69,33,79,16,0,0,0,0,0,0,0,-32287,0,0,0,0,0,2943883,0
2811126,8820,-936,1296,-881,288,-100,-1498,3,2,0,0,19373,56,33,79,16,0,0,0,0,0,0,0,-32287,0,0,0,0,0,2943898,0
2811131,8718,-886,1418,-922,287,-134,-1499,0,1,-1,-8,19373,56,33,79,16,0,0,0,0,0,0,0,-32287,0,0,0,0,0,2943903,0
2811136,8798,-910,1602,-984,319,-183,-1498,0,0,-1,0,19373,59,33,79,16,0,0,0,0,0,0,0,-32287,0,0,0,0,0,2943918,0
2811141,8832,-928,1770,-1001,338,-220,-1499,-4,-3,0,0,19373,59,33,79,16,0,0,0,0,0,0,0,-32287,0,0,0,0,0,2943923,0
2811146,8918,-974,1838,-1001,364,-232,-1499,-9,-4,0,0,19375,64,33,79,16,0,0,0,0,0,0,0,-32287,0,0,0,0,0,2943938,0
2811151,8966,-988,1936,-1009,377,-261,-1498,0,-1,0,0,19375,64,33,79,16,0,0,0,0,0,0,0,-32287,0,0,0,0,0,2943943,0
2811156,9132,-1000,2054,-990,437,-324,-1499,0,-10,0,0,19374,75,33,79,16,0,0,0,0,0,0,0,-32287,0,0,0,0,0,2943958,0
2811161,9092,-970,2178,-989,467,-363,-1499,1,-2,0,0,19374,75,33,79,16,0,0,0,0,0,0,0,-32287,0,0,0,0,0,2943963,0
2811166,9180,-958,2172,-968,497,-384,-1498,7,-2,0,0,19373,67,33,79,16,0,0,0,0,0,0,0,-32287,0,0,0,0,0,2943978,0
2811171,9176,-920,2212,-958,526,-421,-1499,-1,-1,-1,0,19373,67,33,79,16,0,0,0,0,0,0,0,-32287,0,0,0,0,0,2943983,0
2811176,9202,-786,2230,-928,586,-476,-1498,-3,3,0,0,19371,72,33,79,16,0,0,0,0,0,0,0,-32287,0,0,0,0,0,2943998,0
2811181,9168,-702,2222,-935,612,-499,-1499,4,3,0,0,19371,72,33,79,16,0,0,0,0,0,0,0,-32287,0,0,0,0,0,2944003,0
2811186,9174,-642,2158,-939,646,-527,-1498,4,0,0,0,19371,75,33,79,16,0,0,0,0,0,0,0,-32287,0,0,0,0,0,2944018,0
2811191,9036,-526,2092,-965,654,-550,-1498,5,1,-2,0,19371,75,33,79,16,0,0,0,0,0,0,0,-32287,0,0,0,0,0,2944023,0
2811196,8712,-504,1698,-1250,737,-473,-1497,12,4,-3,8,19372,81,33,79,16,0,0,0,0,0,0,0,-32287,0,0,0,0,0,2944038,0
2811201,8522,-46,1824,-1433,821,-475,-1493,22,6,-2,8,19372,81,33,79,16,0,0,0,0,0,0,0,-32287,0,0,0,0,0,2944043,0
2811206,8670,-256,1864,-1383,854,-526,-1491,13,13,1,8,19374,75,33,79,16,0,0,0,0,0,0,0,-32287,0,0,0,0,0,2944058,0
2811211,8426,-584,1838,-1251,739,-563,-1488,13,10,3,0,19374,75,33,79,16,0,0,0,0,0,0,0,-32287,0,0,0,0,0,2944063,0
2811216,8638,-648,1490,-1336,517,-575,-1487,3,0,1,0,19374,61,33,79,16,0,0,0,0,0,0,0,-32287,0,0,0,0,0,2944078,0
2811221,8906,-854,1606,-1517,432,-583,-1487,8,-4,-1,0,19374,61,33,79,16,0,0,0,0,0,0,0,-32287,0,0,0,0,0,2944082,0
2811226,9250,-1366,1658,-1687,280,-570,-1485,8,-10,-3,8,19373,60,33,79,16,0,0,0,0,0,0,0,-32287,0,0,0,0,0,2944097,0
2811231,9766,-2120,1798,-1840,163,-521,-1482,14,0,-1,16,19373,60,33,79,16,0,0,0,0,0,0,0,-32287,0,0,0,0,0,2944103,0
2811236,10808,-4704,2916,-2542,437,-66,-1472,43,17,-3,32,19373,64,33,79,16,0,0,0,0,0,0,0,-32287,0,0,0,0,0,2944117,0
2811241,10654,-4590,3736,-3101,846,45,-1440,150,68,-22,128,19373,64,33,79,16,0,0,0,0,0,0,0,-32287,0,0,0,0,0,2944125,0
2811246,12154,-6296,4354,-2699,1099,32,-1372,306,176,-26,392,19373,79,33,79,16,0,0,0,0,0,0,0,-32287,0,0,0,0,0,2944140,0
2811251,11570,-7648,4066,-2094,931,-27,-1268,474,323,-31,728,19373,79,33,79,16,0,0,0,0,0,0,0,-32287,0,0,0,0,0,2944145,0
2811256,13028,-7476,2288,-671,415,-358,-1134,603,447,-13,1072,19374,77,33,79,16,0,0,0,0,0,0,0,-32287,0,0,0,0,0,2944160,0
2811261,12882,-6278,1930,-508,395,-502,-969,737,501,5,1352,19374,77,33,79,16,0,0,0,0,0,0,0,-32287,0,0,0,0,0,2944165,0
2811266,12550,-5534,1550,-559,422,-624,-776,859,497,7,1568,19373,63,33,79,16,0,0,0,0,0,0,0,-32287,0,0,0,0,0,2944180,0
2811271,11830,-5626,1272,-659,460,-741,-567,924,442,11,1688,19373,63,33,79,16,0,0,0,0,0,0,0,-32287,0,0,0,0,0,2944185,0
2811276,10378,-6858,1142,-387,417,-960,-347,975,373,16,1744,19375,60,33,79,16,0,0,0,0,0,0,0,-32287,0,0,0,0,0,2944200,0
2811281,9446,-7360,1394,-231,390,-1025,-122,988,276,22,1736,19375,60,33,79,16,0,0,0,0,0,0,0,-32287,0,0,0,0,0,2944205,0
2811286,8636,-7878,1572,-179,451,-1032,102,993,174,11,1712,19382,73,33,79,16,0,0,0,0,0,0,0,-32287,0,0,0,0,0,2944220,0
2811291,7656,-8206,1712,-177,568,-976,323,967,78,7,1648,19382,73,33,79,16,0,0,0,0,0,0,0,-32287,0,0,0,0,0,2944225,0
2811296,5542,-8862,1758,122,672,-821,537,944,8,9,1576,19389,83,33,79,16,0,0,0,0,0,0,0,-32287,0,0,0,0,0,2944240,0
2811301,4590,-9094,1572,413,641,-725,742,903,-45,1,1488,19389,83,33,79,16,0,0,0,0,0,0,0,-32287,0,0,0,0,0,2944245,0
2811306,3836,-8872,1230,737,541,-644,939,857,-91,0,1400,19391,81,33,79,16,0,0,0,0,0,0,0,-32287,0,0,0,0,0,2944260,0
2811311,3370,-8462,724,961,416,-538,1126,819,-116,0,1296,19391,81,33,79,16,0,0,0,0,0,0,0,-32287,0,0,0,0,0,2944265,0
2811316,2698,-6648,-274,979,184,-394,1301,760,-138,7,1168,19383,78,33,79,16,0,0,0,0,0,0,0,-32287,0,0,0,0,0,2944280,0
2811321,2452,-6128,-608,907,116,-320,1467,731,-150,-4,1104,19383,78,33,79,16,0,0,0,0,0,0,0,-32287,0,0,0,0,0,2944285,0
2811326,2128,-5726,-994,906,-44,-271,1619,658,-161,4,944,19378,72,33,79,16,0,0,0,0,0,0,0,-32287,0,0,0,0,0,2944300,0
2811331,2058,-5618,-1286,1018,-253,-233,1757,609,-175,-1,856,19378,72,33,79,16,0,0,0,0,0,0,0,-32287,0,0,0,0,0,2944305,0
2811336,2086,-5086,-1504,1199,-637,-128,1888,568,-178,-5,752,19375,74,33,79,16,0,0,0,0,0,0,0,-32287,0,0,0,0,0,2944320,0
2811341,2288,-4546,-1430,1096,-742,-53,2005,511,-175,1,592,19375,74,33,79,16,0,0,0,0,0,0,0,-32287,0,0,0,0,0,2944325,0
2811346,2846,-4178,-1270,941,-741,10,2109,447,-180,0,432,19376,70,33,79,16,0,0,0,0,0,0,0,-32287,0,0,0,0,0,2944340,0
2811351,3318,-3758,-932,793,-696,84,2203,408,-179,-13,400,19376,70,33,79,16,0,0,0,0,0,0,0,-32287,0,0,0,0,0,2944345,0
2811356,3672,-4024,-246,567,-578,287,2293,394,-171,-10,408,19376,61,33,79,16,0,0,0,0,0,0,0,-32287,0,0,0,0,0,2944360,0
2811361,4080,-4268,-170,654,-558,373,2376,367,-141,7,312,19376,61,33,79,16,0,0,0,0,0,0,0,-32287,0,0,0,0,0,2944365,0
2811366,4234,-4270,30,777,-612,421,2456,350,-109,10,304,19377,62,33,79,16,0,0,0,0,0,0,0,-32287,0,0,0,0,0,2944380,0
2811371,4746,-4292,-98,831,-732,486,2535,343,-71,0,296,19377,62,33,79,16,0,0,0,0,0,0,0,-32287,0,0,0,0,0,2944385,0
2811376,5796,-3122,-286,628,-846,606,2612,340,-54,0,288,19374,63,33,79,16,0,0,0,0,0,0,0,-32287,0,0,0,0,0,2944400,0
2811381,6148,-2884,-160,454,-868,669,2693,357,-24,0,312,19374,63,33,79,16,0,0,0,0,0,0,0,-32287,0,0,0,0,0,2944405,0
2811386,6732,-2834,-10,332,-927,709,2777,367,0,2,336,19375,72,33,79,16,0,0,0,0,0,0,0,-32287,0,0,0,0,0,2944420,0
2811391,7330,-3084,138,309,-949,768,2858,350,19,1,304,19375,72,33,79,16,0,0,0,0,0,0,0,-32287,0,0,0,0,0,2944425,0
2811396,8462,-2942,632,387,-989,772,2942,368,20,-2,312,19375,80,33,79,16,0,0,0,0,0,0,0,-32287,0,0,0,0,0,2944440,0
2811401,8878,-2628,886,315,-964,752,3023,356,7,3,320,19375,80,33,79,16,0,0,0,0,0,0,0,-32287,0,0,0,0,0,2944445,0
2811406,9404,-2498,978,222,-879,716,3106,366,4,-3,328,19375,78,33,79,16,0,0,0,0,0,0,0,-32287,0,0,0,0,0,2944460,0
2811411,9520,-2324,992,108,-776,676,3194,384,5,-1,368,19375,78,33,79,16,0,0,0,0,0,0,0,-32287,0,0,0,0,0,2944465,0
2811416,9474,-2458,808,-88,-548,557,3280,390,26,-1,360,19370,74,33,79,16,0,0,0,0,0,0,0,-32287,0,0,0,0,0,2944480,0
2811421,9202,-2516,682,-151,-468,475,3368,378,21,3,352,19370,74,33,79,16,0,0,0,0,0,0,0,-32287,0,0,0,0,0,2944485,0
2811426,8834,-2796,470,-174,-393,413,3455,379,19,6,336,19371,80,33,79,16,0,0,0,0,0,0,0,-32287,0,0,0,0,0,2944500,0
2811431,8362,-2926,262,-160,-386,327,3541,380,2,2,352,19371,80,33,79,16,0,0,0,0,0,0,0,-32287,0,0,0,0,0,2944505,0
2811436,7516,-3228,4,-14,-443,169,3631,398,3,-5,400,19374,77,33,79,16,0,0,0,0,0,0,0,-32287,0,0,0,0,0,2944520,0
2811441,7210,-3544,-152,35,-496,157,3726,418,15,-8,432,19374,77,33,79,16,0,0,0,0,0,0,0,-32287,0,0,0,0,0,2944525,0
2811446,6634,-3538,-130,14,-592,124,3819,417,31,-3,456,19375,75,33,79,16,0,0,0,0,0,0,0,-32287,0,0,0,0,0,2944540,0
2811451,6488,-3836,-246,-12,-640,123,3914,413,34,-2,432,19375,75,33,79,16,0,0,0,0,0,0,0,-32287,0,0,0,0,0,2944545,0
2811456,6094,-4160,20,70,-795,48,4008,424,21,0,472,19376,72,33,79,16,0,0,0,0,0,0,0,-32287,0,0,0,0,0,2944560,0
2811461,6024,-4244,158,216,-883,4,4109,448,20,-10,544,19376,72,33,79,16,0,0,0,0,0,0,0,-32287,0,0,0,0,0,2944565,0
2811466,6018,-4436,272,358,-971,-1,4212,451,29,-1,536,19374,71,33,79,16,0,0,0,0,0,0,0,-32287,0,0,0,0,0,2944579,0
2811471,5944,-4500,358,445,-1031,-12,4313,440,31,9,496,19374,71,33,79,16,0,0,0,0,0,0,0,-32287,0,0,0,0,0,2944584,0
2811476,6278,-4274,606,473,-1024,12,4409,421,16,6,456,19374,78,33,79,16,0,0,0,0,0,0,0,-32287,0,0,0,0,0,2944599,0
2811481,6430,-4334,718,487,-996,42,4504,427,-12,0,464,19374,78,33,79,16,0,0,0,0,0,0,0,-32287,0,0,0,0,0,2944604,0
2811486,6508,-4298,852,553,-962,75,4600,429,-25,-1,464,19376,74,33,79,16,0,0,0,0,0,0,0,-32287,0,0,0,0,0,2944619,0
2811491,6604,-4360,956,642,-932,140,4689,384,-29,9,344,19376,74,33,79,16,0,0,0,0,0,0,0,-32286,0,0,0,0,0,2944624,0
2811496,6888,-3960,952,792,-871,180,4772,366,-40,10,304,19380,92,33,79,16,0,0,0,0,0,0,0,-32287,0,0,0,0,0,2944639,0
2811501,6902,-3628,900,827,-835,208,4850,342,-62,7,272,19380,92,33,79,16,0,0,0,0,0,0,0,-32287,0,0,0,0,0,2944644,0
2811506,7058,-3328,800,846,-777,236,4926,337,-74,1,256,19379,98,33,79,16,0,0,0,0,0,0,0,-32287,0,0,0,0,0,2944659,0
2811511,7136,-3104,744,858,-734,250,4999,321,-72,3,248,19379,98,33,79,16,0,0,0,0,0,0,0,-32288,0,0,0,0,0,2944664,0
2811516,7258,-2854,534,861,-679,313,5071,318,-47,3,208,19378,93,33,79,16,0,0,0,0,0,0,0,-32287,0,0,0,0,0,2944679,0
2811521,7228,-2754,454,808,-653,342,5135,279,-46,10,160,19378,93,33,79,16,0,0,0,0,0,0,0,-32287,0,0,0,0,0,2944684,0
2811526,7356,-2782,354,789,-620,388,5194,259,-57,-8,144,19373,71,33,79,16,0,0,0,0,0,0,0,-32287,0,0,0,0,0,2944699,0
2811531,7264,-2718,348,815,-627,434,5253,258,-64,-4,152,19373,71,33,79,16,0,0,0,0,0,0,0,-32287,0,0,0,0,0,2944704,0
2811536,7410,-2488,196,909,-661,436,5309,245,-62,-2,136,19373,73,33,79,16,0,0,0,0,0,0,0,-32287,0,0,0,0,0,2944719,0
2811541,7356,-2396,160,897,-696,487,5366,257,-44,-1,160,19373,73,33,79,16,0,0,0,0,0,0,0,-32287,0,0,0,0,0,2944724,0
2811546,7248,-2136,140,842,-730,506,5426,263,-12,0,160,19374,71,33,79,16,0,0,0,0,0,0,0,-32287,0,0,0,0,0,2944739,0
2811551,7316,-1926,48,785,-733,503,5492,291,9,2,208,19374,71,33,79,16,0,0,0,0,0,0,0,-32287,0,0,0,0,0,2944744,0
2811556,7260,-2108,-90,699,-774,575,5555,286,30,5,200,19374,73,33,79,16,0,0,0,0,0,0,0,-32287,0,0,0,0,0,2944759,0
2811561,7174,-2012,-8,708,-819,567,5621,289,29,5,192,19374,73,33,79,16,0,0,0,0,0,0,0,-32287,0,0,0,0,0,2944764,0
2811566,7230,-1946,60,733,-830,569,5688,296,22,0,200,19373,67,33,79,16,0,0,0,0,0,0,0,-32287,0,0,0,0,0,2944779,0
2811571,7304,-1876,136,718,-822,566,5757,290,20,8,208,19373,67,33,79,16,0,0,0,0,0,0,0,-32287,0,0,0,0,0,2944784,0
2811576,7474,-1900,242,673,-770,562,5827,307,15,-2,240,19374,60,33,79,16,0,0,0,0,0,0,0,-32287,0,0,0,0,0,2944799,0
2811581,7426,-1920,348,687,-742,557,5900,319,29,4,248,19374,60,33,79,16,0,0,0,0,0,0,0,-32287,0,0,0,0,0,2944804,0
2811586,7414,-1906,414,720,-726,526,5979,343,34,0,280,19375,66,33,79,16,0,0,0,0,0,0,0,-32287,0,0,0,0,0,2944819,0
2811591,7480,-2016,442,750,-682,526,6056,345,38,0,280,19375,66,33,79,16,0,0,0,0,0,0,0,-32287,0,0,0,0,0,2944824,0
2811596,7454,-1900,460,707,-605,486,6134,345,43,0,272,19377,65,33,79,16,0,0,0,0,0,0,0,-32287,0,0,0,0,0,2944839,0
2811601,7358,-1896,458,674,-555,468,6207,329,15,-1,256,19377,65,33,79,16,0,0,0,0,0,0,0,-32287,0,0,0,0,0,2944844,0
2811606,7306,-1856,416,679,-522,432,6281,331,0,0,272,19375,64,33,79,16,0,0,0,0,0,0,0,-32287,0,0,0,0,0,2944859,0
2811611,7400,-1878,316,729,-479,386,6359,335,-9,-3,280,19375,64,33,79,16,0,0,0,0,0,0,0,-32287,0,0,0,0,0,2944864,0
2811616,7366,-1930,170,808,-459,316,6440,362,6,-5,312,19373,67,33,79,16,0,0,0,0,0,0,0,-32287,0,0,0,0,0,2944879,0
2811621,7182,-1928,128,768,-447,291,6519,349,21,6,288,19373,67,33,79,16,0,0,0,0,0,0,0,-32287,0,0,0,0,0,2944884,0
2811626,7376,-1916,52,751,-437,274,6596,345,16,4,264,19373,68,33,79,16,0,0,0,0,0,0,0,-32287,0,0,0,0,0,2944899,0
2811631,7448,-1974,102,713,-395,266,6669,328,-6,9,240,19373,68,33,79,16,0,0,0,0,0,0,0,-32287,0,0,0,0,0,2944904,0
2811636,7772,-2420,72,668,-329,213,6742,323,-22,0,240,19376,78,33,79,16,0,0,0,0,0,0,0,-32287,0,0,0,0,0,2944919,0
2811641,7474,-2612,380,749,-357,220,6819,334,-28,-2,280,19376,78,33,79,16,0,0,0,0,0,0,0,-32286,0,0,0,0,0,2944924,0
2811646,7602,-2844,370,833,-386,217,6898,357,-4,-2,280,19375,75,33,79,16,0,0,0,0,0,0,0,-32287,0,0,0,0,0,2944939,0
2811651,7826,-2582,400,850,-343,222,6972,329,7,3,248,19375,75,33,79,16,0,0,0,0,0,0,0,-32287,0,0,0,0,0,2944944,0
2811656,7746,-2568,338,866,-221,228,7044,319,0,1,216,19374,63,33,79,16,0,0,0,0,0,0,0,-32287,0,0,0,0,0,2944959,0
2811661,7576,-2446,300,883,-186,233,7113,307,-21,4,208,19374,63,33,79,16,0,0,0,0,0,0,0,-32287,0,0,0,0,0,2944964,0
2811666,7614,-2412,94,963,-169,197,7182,303,-32,-2,216,19373,64,33,79,16,0,0,0,0,0,0,0,-32287,0,0,0,0,0,2944979,0
2811671,7662,-2374,-110,1053,-131,193,7255,320,-27,-9,256,19373,64,33,79,16,0,0,0,0,0,0,0,-32287,0,0,0,0,0,2944984,0
2811676,7586,-2260,-470,1104,-138,216,7329,327,4,5,248,19373,75,33,79,16,0,0,0,0,0,0,0,-32287,0,0,0,0,0,2944999,0
2811681,7518,-2160,-538,1064,-124,241,7401,298,10,9,176,19373,75,33,79,16,0,0,0,0,0,0,0,-32287,0,0,0,0,0,2945004,0
2811686,7472,-2104,-642,1004,-137,256,7469,293,0,8,192,19372,80,33,79,16,0,0,0,0,0,0,0,-32287,0,0,0,0,0,2945019,0
2811691,7484,-2040,-650,981,-114,274,7533,286,-18,2,168,19372,80,33,79,16,0,0,0,0,0,0,0,-32287,0,0,0,0,0,2945023,0
2811696,7546,-2064,-582,954,-111,202,7597,273,-41,-3,176,19373,77,33,79,16,0,0,0,0,0,0,0,-32287,0,0,0,0,0,2945038,0
2811701,7624,-2178,-544,1010,-94,194,7665,297,-34,-9,216,19373,77,33,79,16,0,0,0,0,0,0,0,-32287,0,0,0,0,0,2945043,0
2811706,7498,-2228,-378,1059,-120,165,7736,315,6,1,248,19373,59,33,79,16,0,0,0,0,0,0,0,-32287,0,0,0,0,0,2945058,0
2811711,7522,-2154,-272,1111,-135,122,7813,343,40,-1,264,19373,59,33,79,16,0,0,0,0,0,0,0,-32287,0,0,0,0,0,2945063,0
2811716,7582,-2106,-178,1102,-95,55,7890,339,48,3,256,19374,51,33,79,16,0,0,0,0,0,0,0,-32287,0,0,0,0,0,2945078,0
2811721,7776,-2142,-180,1123,-51,12,7970,361,54,-6,296,19374,51,33,79,16,0,0,0,0,0,0,0,-32287,0,0,0,0,0,2945083,0
2811726,7740,-2266,-134,1146,-18,-16,8055,377,47,-10,344,19374,62,33,79,16,0,0,0,0,0,0,0,-32287,0,0,0,0,0,2945098,0
2811731,7688,-2354,-80,1185,-41,-63,8146,411,52,-10,432,19374,62,33,79,16,0,0,0,0,0,0,0,-32286,0,0,0,0,0,2945103,0
2811736,7804,-2598,-20,1378,-46,-154,8247,444,71,-12,520,19375,72,33,79,16,0,0,0,0,0,0,0,-32287,0,0,0,0,0,2945118,0
2811741,7914,-2576,-36,1444,-60,-183,8352,466,99,-2,560,19375,72,33,79,16,0,0,0,0,0,0,0,-32287,0,0,0,0,0,2945123,0
2811746,7924,-2386,46,1496,-90,-230,8467,498,107,2,656,19375,67,33,79,16,0,0,0,0,0,0,0,-32287,0,0,0,0,0,2945138,0
2811751,8078,-2530,28,1543,-78,-267,8584,528,101,-3,752,19375,67,33,79,16,0,0,0,0,0,0,0,-32287,0,0,0,0,0,2945143,0
2811756,8284,-2426,132,1725,-112,-413,8714,574,109,0,872,19375,65,33,79,16,0,0,0,0,0,0,0,-32287,0,0,0,0,0,2945158,0
2811761,8340,-2348,142,1815,-105,-475,8852,600,109,9,912,19375,65,33,79,16,0,0,0,0,0,0,0,-32287,0,0,0,0,0,2945163,0
2811766,8344,-2356,128,1890,-122,-536,8992,627,119,10,944,19376,60,33,79,16,0,0,0,0,0,0,0,-32287,0,0,0,0,0,2945178,0
2811771,8432,-2152,96,1942,-106,-622,9141,658,113,3,1024,19376,60,33,79,16,0,0,0,0,0,0,0,-32287,0,0,0,0,0,2945183,0
2811776,8474,-1932,-88,2082,-81,-737,9294,679,94,2,1064,19378,66,33,79,16,0,0,0,0,0,0,0,-32287,0,0,0,0,0,2945198,0
2811781,8494,-1828,-210,2067,-94,-761,9445,669,77,6,1024,19378,66,33,79,16,0,0,0,0,0,0,0,-32287,0,0,0,0,0,2945203,0
2811786,8636,-1488,-278,2073,-72,-819,9599,680,52,-4,1064,19377,65,33,79,16,0,0,0,0,0,0,0,-32287,0,0,0,0,0,2945218,0
2811791,8574,-1390,-382,2110,-48,-853,9752,671,29,1,1016,19377,65,33,79,16,0,0,0,0,0,0,0,-32287,0,0,0,0,0,2945223,0
2811796,8572,-1020,-762,2145,-124,-877,9900,650,1,3,968,19379,75,33,79,16,0,0,0,0,0,0,0,-32287,0,0,0,0,0,2945238,0
2811801,8774,-684,-836,2123,-118,-903,10047,647,-23,-2,968,19379,75,33,79,16,0,0,0,0,0,0,0,-32287,0,0,0,0,0,2945243,0
2811806,8834,-540,-864,2060,-103,-896,10189,620,-32,7,896,19377,85,33,79,16,0,0,0,0,0,0,0,-32287,0,0,0,0,0,2945258,0
2811811,8874,-376,-898,1963,-98,-873,10328,602,-52,7,864,19377,85,33,79,16,0,0,0,0,0,0,0,-32287,0,0,0,0,0,2945263,0
2811816,9290,-524,-914,1767,-77,-888,10459,579,-61,0,824,19376,89,33,79,16,0,0,0,0,0,0,0,-32287,0,0,0,0,0,2945278,0
2811821,9464,-914,-966,1707,-75,-892,10590,567,-63,5,768,19376,89,33,79,16,0,0,0,0,0,0,0,-32287,0,0,0,0,0,2945283,0
2811826,9806,-1506,-1022,1637,-30,-860,10711,532,-75,5,680,19375,88,33,79,16,0,0,0,0,0,0,0,-32287,0,0,0,0,0,2945298,0
2811831,9878,-1858,-1000,1596,-17,-873,10828,509,-72,-5,616,19375,88,33,79,16,0,0,0,0,0,0,0,-32287,0,0,0,0,0,2945303,0
2811836,10264,-2320,-812,1536,-39,-802,10938,476,-88,-7,552,19373,85,33,79,16,0,0,0,0,0,0,0,-32287,0,0,0,0,0,2945318,0
2811841,10132,-2724,-628,1353,-147,-764,11041,450,-86,1,464,19373,85,33,79,16,0,0,0,0,0,0,0,-32287,0,0,0,0,0,2945323,0
2811846,10810,-3290,-756,1218,-68,-701,11135,406,-100,-2,408,19373,83,33,79,16,0,0,0,0,0,0,0,-32287,0,0,0,0,0,2945338,0
2811851,10260,-3474,-466,1220,-192,-657,11218,355,-112,10,280,19373,83,33,79,16,0,0,0,0,0,0,0,-32287,0,0,0,0,0,2945343,0
2811856,10274,-3838,-250,1298,-636,-543,11292,313,-129,19,192,19372,63,33,79,16,0,0,0,0,0,0,0,-32287,0,0,0,0,0,2945358,0
2811861,10108,-3344,-48,1091,-745,-431,11353,258,-152,13,96,19372,63,33,79,16,0,0,0,0,0,0,0,-32287,0,0,0,0,0,2945363,0
2811866,9930,-2860,98,805,-840,-342,11400,206,-167,-7,56,19371,60,33,79,16,0,0,0,0,0,0,0,-32287,0,0,0,0,0,2945378,0
2811871,9776,-2572,244,569,-911,-285,11434,142,-186,-6,32,19371,60,33,79,16,0,0,0,0,0,0,0,-32287,0,0,0,0,0,2945383,0
2811876,9602,-2158,948,323,-953,-220,11450,62,-199,0,0,19372,60,33,79,16,0,0,0,0,0,0,0,-32287,0,0,0,0,0,2945398,0
2811881,9348,-1654,1332,288,-989,-278,11446,-24,-235,10,-16,19372,60,33,79,16,0,0,0,0,0,0,0,-32287,0,0,0,0,0,2945403,0
2811886,9650,-1720,1500,310,-941,-326,11437,-31,-236,-2,-8,19374,68,33,79,16,0,0,0,0,0,0,0,-32287,0,0,0,0,0,2945418,0
2811891,9396,-1438,1646,321,-868,-403,11435,1,-186,-5,-8,19374,68,33,79,16,0,0,0,0,0,0,0,-32287,0,0,0,0,0,2945423,0
2811896,9074,-1386,1464,258,-669,-520,11435,-2,-94,-1,-8,19374,65,33,79,16,0,0,0,0,0,0,0,-32287,0,0,0,0,0,2945438,0
2811901,9090,-1660,1156,196,-605,-582,11435,0,-11,-1,0,19374,65,33,79,16,0,0,0,0,0,0,0,-32287,0,0,0,0,0,2945443,0
2811906,9264,-2020,1020,55,-475,-590,11437,2,27,-1,-8,19371,71,33,79,16,0,0,0,0,0,0,0,-32287,0,0,0,0,0,2945458,0
2811911,9182,-2374,908,-117,-347,-577,11435,-3,16,0,-8,19371,71,33,79,16,0,0,0,0,0,0,0,-32287,0,0,0,0,0,2945463,0
2811916,9102,-3716,892,-390,-130,-549,11436,-1,0,0,0,19371,76,33,79,16,0,0,0,0,0,0,0,-32287,0,0,0,0,0,2945478,0
2811921,9004,-4478,892,-452,-74,-514,11435,1,-2,0,-8,19371,76,33,79,16,0,0,0,0,0,0,0,-32287,0,0,0,0,0,2945483,0
2811926,8738,-4974,1128,-442,-84,-493,11436,3,2,0,-8,19373,78,33,79,16,0,0,0,0,0,0,0,-32287,0,0,0,0,0,2945498,0
2811931,10138,-3420,1970,366,-264,-1032,11426,-50,-16,6,-40,19373,78,33,79,16,0,0,0,0,0,0,0,-32287,0,0,0,0,0,2945503,0
2811936,7378,-6934,1252,2136,-1009,-1134,11399,-117,-58,10,-80,19376,69,33,79,16,0,0,0,0,0,0,0,-32287,0,0,0,0,0,2945518,0
2811941,11026,-4176,3170,1489,-345,-1078,11349,-236,-146,19,-224,19376,69,33,79,16,0,0,0,0,0,0,0,-32287,0,0,0,0,0,2945523,0
2811946,8178,-4002,2180,498,-231,-917,11268,-374,-251,16,-472,19375,70,33,79,16,0,0,0,0,0,0,0,-32287,0,0,0,0,0,2945538,0
2811951,8162,-5004,1284,-83,-370,-832,11152,-526,-364,43,-912,19375,70,33,79,16,0,0,0,0,0,0,0,-32287,0,0,0,0,0,2945543,0
2811956,6220,-6890,1730,-261,-341,-673,10997,-702,-451,23,-1344,19374,70,33,79,16,0,0,0,0,0,0,0,-32287,0,0,0,0,0,2945558,0
2811961,6230,-7132,1620,-52,-412,-578,10799,-885,-537,6,-1752,19374,70,33,79,16,0,0,0,0,0,0,0,-32287,0,0,0,0,0,2945562,0
2811966,5574,-6624,1982,-102,-316,-429,10558,-1065,-589,10,-2168,19373,66,33,79,16,0,0,0,0,0,0,0,-32287,0,0,0,0,0,2945577,0
2811971,5040,-6500,2058,-374,-223,-252,10277,-1250,-622,10,-2568,19373,66,33,79,16,0,0,0,0,0,0,0,-32287,0,0,0,0,0,2945582,0
2811976,4576,-7034,2502,-822,209,176,9958,-1427,-629,1,-2960,19373,77,33,79,16,0,0,0,0,0,0,0,-32287,0,0,0,0,0,2945597,0
2811981,4524,-7822,2424,-893,392,494,9607,-1558,-607,-6,-3184,19373,77,33,79,16,0,0,0,0,0,0,0,-32287,0,0,0,0,0,2945602,0
2811986,3038,-7910,3028,-829,557,668,9232,-1655,-554,-21,-3328,19371,86,33,79,16,0,0,0,0,0,0,0,-32287,0,0,0,0,0,2945617,0
2811991,3532,-9286,2112,-287,246,818,8836,-1740,-482,-19,-3464,19371,86,33,79,16,0,0,0,0,0,0,0,-32287,0,0,0,0,0,2945622,0
2811996,4138,-7072,1606,721,-23,962,8424,-1819,-397,-19,-3592,19371,89,33,79,16,0,0,0,0,0,0,0,-32287,0,0,0,0,0,2945637,0
2812001,4702,-5784,1100,702,-49,1042,8004,-1857,-308,-15,-3640,19371,89,33,79,16,0,0,0,0,0,0,0,-32287,0,0,0,0,0,2945642,0
2812006,5116,-4750,708,469,-62,1119,7574,-1894,-243,-12,-3680,19372,79,33,79,16,0,0,0,0,0,0,0,-32287,0,0,0,0,0,2945657,0
2812011,5624,-3958,500,330,-93,1114,7139,-1911,-175,-5,-3696,19372,79,33,79,16,0,0,0,0,0,0,0,-32287,0,0,0,0,0,2945662,0
2812016,6480,-3366,120,315,-286,1101,6704,-1913,-131,3,-3728,19371,77,33,79,16,0,0,0,0,0,0,0,-32287,0,0,0,0,0,2945677,0
2812021,7084,-3056,138,252,-401,1111,6267,-1912,-76,3,-3752,19371,77,33,79,16,0,0,0,0,0,0,0,-32287,0,0,0,0,0,2945682,0
2812026,7532,-2652,240,128,-489,1089,5832,-1909,-38,4,-3752,19372,80,33,79,16,0,0,0,0,0,0,0,-32287,0,0,0,0,0,2945697,0
2812031,8002,-2170,296,5,-578,1053,5398,-1905,-12,1,-3728,19372,80,33,79,16,0,0,0,0,0,0,0,-32287,0,0,0,0,0,2945702,0
2812036,8726,-1854,618,-219,-831,992,4966,-1900,2,-4,-3728,19371,96,33,79,16,0,0,0,0,0,0,0,-32287,0,0,0,0,0,2945717,0
2812041,9280,-1652,716,-234,-936,911,4535,-1893,20,-10,-3656,19371,96,33,79,16,0,0,0,0,0,0,0,-32287,0,0,0,0,0,2945722,0
2812046,9680,-1380,1148,-208,-976,810,4113,-1866,28,-9,-3584,19370,91,33,79,16,0,0,0,0,0,0,0,-32287,0,0,0,0,0,2945737,0
2812051,9980,-1182,1438,-178,-1030,709,3696,-1821,50,-7,-3496,19370,91,33,79,16,0,0,0,0,0,0,0,-32287,0,0,0,0,0,2945742,0
2812056,10394,-902,1738,-146,-1062,517,3293,-1768,86,0,-3384,19369,85,33,79,16,0,0,0,0,0,0,0,-32286,0,0,0,0,0,2945757,0
2812061,10526,-540,2010,-229,-929,437,2979,-1706,125,1,-3272,19369,85,33,79,16,0,0,0,0,0,0,0,-32287,0,0,0,0,0,2945762,0
2812066,10700,-526,2534,-329,-666,381,2600,-1663,168,4,-3160,19369,85,33,79,16,0,0,0,0,0,0,0,-32287,0,0,0,0,0,2945777,0
2812071,10532,-752,3080,-378,-392,314,2236,-1589,195,6,-3032,19369,85,33,79,16,0,0,0,0,0,0,0,-32287,0,0,0,0,0,2945782,0
2812076,10248,-1420,3174,-274,92,205,1885,-1532,209,4,-2904,19372,73,33,79,16,0,0,0,0,0,0,0,-32286,0,0,0,0,0,2945797,0
2812081,9904,-1384,3294,-251,367,162,1548,-1478,217,-2,-2784,19372,73,33,79,16,0,0,0,0,0,0,0,-32286,0,0,0,0,0,2945802,0
2812086,9622,-1496,3152,-298,684,132,1220,-1429,201,-5,-2656,19372,80,33,79,16,0,0,0,0,0,0,0,-32287,0,0,0,0,0,2945817,0
2812091,9244,-1806,2926,-366,958,151,906,-1383,194,-10,-2552,19372,80,33,79,16,0,0,0,0,0,0,0,-32286,0,0,0,0,0,2945822,0
2812096,8304,-2310,2232,-346,1318,149,603,-1323,182,-6,-2408,19374,77,33,79,16,0,0,0,0,0,0,0,-32287,0,0,0,0,0,2945837,0
2812101,7732,-2348,1716,-271,1381,151,311,-1270,173,-4,-2272,19374,77,33,79,16,0,0,0,0,0,0,0,-32287,0,0,0,0,0,2945848,0
2812106,7418,-2520,1170,-222,1410,183,32,-1220,181,-9,-2136,19373,75,33,79,16,0,0,0,0,0,0,0,-32287,0,0,0,0,0,2945857,0
2812111,6920,-2248,780,-231,1406,191,-233,-1162,190,-5,-2008,19373,75,33,79,16,0,0,0,0,0,0,0,-32287,0,0,0,0,0,2945862,0
2812116,6430,-2186,130,-376,1301,212,-486,-1104,188,0,-1888,19374,80,33,79,16,0,0,0,0,0,0,0,-32287,0,0,0,0,0,2945877,0
2812121,6182,-2334,-104,-404,1197,244,-723,-1035,199,3,-1736,19374,80,33,79,16,0,0,0,0,0,0,0,-32286,0,0,0,0,0,2945882,0
2812126,6018,-2300,-136,-405,1114,273,-948,-991,203,0,-1656,19373,80,33,79,16,0,0,0,0,0,0,0,-32287,0,0,0,0,0,2945897,0
2812131,5956,-2142,-192,-412,984,252,-1159,-924,208,-1,-1512,19373,80,33,79,16,0,0,0,0,0,0,0,-32287,0,0,0,0,0,2945902,0
2812136,5968,-2128,-148,-552,802,295,-1360,-879,197,8,-1432,19375,84,33,79,16,0,0,0,0,0,0,0,-32287,0,0,0,0,0,2945917,0
2812141,6164,-2104,18,-600,728,300,-1546,-812,195,-1,-1280,19375,84,33,79,16,0,0,0,0,0,0,0,-32287,0,0,0,0,0,2945922,0
2812146,6212,-2192,222,-663,676,341,-1722,-771,189,5,-1224,19373,81,33,79,16,0,0,0,0,0,0,0,-32287,0,0,0,0,0,2945937,0
2812151,6288,-2108,452,-666,593,319,-1887,-727,182,-1,-1096,19373,81,33,79,16,0,0,0,0,0,0,0,-32287,0,0,0,0,0,2945942,0
2812156,6636,-2162,750,-486,447,285,-2044,-683,170,0,-1032,19371,67,33,79,16,0,0,0,0,0,0,0,-32287,0,0,0,0,0,2945957,0
2812161,6736,-1892,932,-529,416,293,-2193,-661,150,4,-976,19371,67,33,79,16,0,0,0,0,0,0,0,-32287,0,0,0,0,0,2945962,0
2812166,6952,-1644,1086,-666,470,305,-2337,-625,129,-3,-888,19370,67,33,79,16,0,0,0,0,0,0,0,-32286,0,0,0,0,0,2945977,0
2812171,6996,-1640,1248,-783,564,334,-2472,-594,174,-3,-840,19370,67,33,79,16,0,0,0,0,0,0,0,-32286,0,0,0,0,0,2945982,0
2812176,6876,-1896,1512,-781,638,345,-2602,-568,163,-1,-760,19372,75,33,79,16,0,0,0,0,0,0,0,-32287,0,0,0,0,0,2945997,0
2812181,6946,-1850,1432,-698,664,337,-2726,-541,129,0,-696,19372,75,33,79,16,0,0,0,0,0,0,0,-32287,0,0,0,0,0,2946002,0
2812186,6884,-1772,1402,-635,676,328,-2840,-504,64,3,-600,19374,67,33,79,16,0,0,0,0,0,0,0,-32287,0,0,0,0,0,2946016,0
2812191,6854,-1420,1306,-652,715,312,-2944,-460,75,2,-480,19374,67,33,79,16,0,0,0,0,0,0,0,-32287,0,0,0,0,0,2946021,0
2812196,6590,-1192,1130,-813,760,339,-3041,-423,124,6,-416,19374,53,33,79,16,0,0,0,0,0,0,0,-32287,0,0,0,0,0,2946036,0
2812201,6424,-1360,1064,-870,768,358,-3131,-392,129,-6,-352,19374,53,33,79,16,0,0,0,0,0,0,0,-32287,0,0,0,0,0,2946041,0
2812206,6352,-1286,998,-851,733,324,-3213,-361,123,-15,-256,19373,55,33,79,16,0,0,0,0,0,0,0,-32287,0,0,0,0,0,2946056,0
2812211,6374,-1446,932,-763,706,298,-3283,-303,126,-17,-176,19373,55,33,79,16,0,0,0,0,0,0,0,-32287,0,0,0,0,0,2946061,0
2812216,6132,-1154,840,-548,589,196,-3340,-246,141,1,-96,19374,72,33,79,16,0,0,0,0,0,0,0,-32287,0,0,0,0,0,2946076,0
2812221,6148,-1078,740,-596,586,204,-3383,-187,168,10,-72,19374,72,33,79,16,0,0,0,0,0,0,0,-32287,0,0,0,0,0,2946081,0
2812226,6090,-842,742,-701,574,194,-3415,-134,188,9,-56,19374,80,33,79,16,0,0,0,0,0,0,0,-32287,0,0,0,0,0,2946096,0
2812231,6026,-1056,668,-826,611,228,-3442,-118,187,5,-48,19374,80,33,79,16,0,0,0,0,0,0,0,-32287,0,0,0,0,0,2946101,0
2812236,6090,-1320,774,-786,575,166,-3459,-67,160,-5,-16,19374,84,33,79,16,0,0,0,0,0,0,0,-32286,0,0,0,0,0,2946116,0
2812241,5896,-1284,908,-727,533,151,-3459,3,150,-7,8,19374,84,33,79,16,0,0,0,0,0,0,0,-32287,0,0,0,0,0,2946124,0
2812246,5900,-1250,964,-731,519,147,-3451,37,163,0,16,19371,77,33,79,16,0,0,0,0,0,0,0,-32287,0,0,0,0,0,2946139,0
2812251,5962,-1250,980,-767,527,161,-3445,20,146,4,0,19371,77,33,79,16,0,0,0,0,0,0,0,-32287,0,0,0,0,0,2946144,0
2812256,6036,-1284,1088,-820,555,157,-3444,0,103,6,-8,19369,73,33,79,16,0,0,0,0,0,0,0,-32287,0,0,0,0,0,2946159,0
2812261,6022,-1140,986,-889,549,159,-3444,0,27,-1,0,19369,73,33,79,16,0,0,0,0,0,0,0,-32287,0,0,0,0,0,2946164,0
2812266,6176,-1024,1034,-903,558,121,-3443,7,-20,0,-8,19368,67,33,79,16,0,0,0,0,0,0,0,-32287,0,0,0,0,0,2946179,0
2812271,6308,-1158,1000,-927,564,112,-3444,3,-31,1,0,19368,67,33,79,16,0,0,0,0,0,0,0,-32287,0,0,0,0,0,2946184,0
2812276,6374,-1124,946,-1001,484,91,-3443,9,-10,1,-8,19370,66,33,79,16,0,0,0,0,0,0,0,-32287,0,0,0,0,0,2946199,0
2812281,6622,-1084,986,-1057,473,97,-3445,1,1,1,0,19370,66,33,79,16,0,0,0,0,0,0,0,-32287,0,0,0,0,0,2946204,0
2812286,6606,-1062,928,-1102,377,75,-3445,-2,4,0,0,19371,64,33,79,16,0,0,0,0,0,0,0,-32287,0,0,0,0,0,2946219,0
2812291,6788,-1278,860,-1061,325,42,-3443,0,-4,0,0,19371,64,33,79,16,0,0,0,0,0,0,0,-32287,0,0,0,0,0,2946224,0
2812296,6972,-1176,1084,-1011,239,5,-3443,-1,0,1,0,19372,64,33,79,16,0,0,0,0,0,0,0,-32287,0,0,0,0,0,2946239,0
2812301,7052,-1132,1194,-1035,248,-7,-3440,16,10,1,0,19372,64,33,79,16,0,0,0,0,0,0,0,-32287,0,0,0,0,0,2946244,0
2812306,7208,-1246,1288,-1064,274,-2,-3440,5,1,0,0,19372,78,33,79,16,0,0,0,0,0,0,0,-32287,0,0,0,0,0,2946259,0
2812311,7092,-1296,1346,-1077,282,3,-3438,5,8,0,0,19372,78,33,79,16,0,0,0,0,0,0,0,-32286,0,0,0,0,0,2946264,0
2812316,7206,-1414,1322,-1113,324,24,-3436,8,3,-1,0,19373,74,33,79,16,0,0,0,0,0,0,0,-32287,0,0,0,0,0,2946279,0
2812321,7162,-1446,1378,-1229,373,66,-3432,23,8,0,8,19373,74,33,79,16,0,0,0,0,0,0,0,-32287,0,0,0,0,0,2946284,0
2812326,7184,-1786,1374,-1460,479,181,-3428,29,7,-1,8,19375,67,33,79,16,0,0,0,0,0,0,0,-32287,0,0,0,0,0,2946299,0
2812331,7058,-1656,1564,-1666,601,220,-3418,43,20,0,16,19375,67,33,79,16,0,0,0,0,0,0,0,-32287,0,0,0,0,0,2946304,0
2812336,7416,-2268,1526,-1396,553,148,-3405,67,33,-1,40,19374,66,33,79,16,0,0,0,0,0,0,0,-32287,0,0,0,0,0,2946319,0
2812341,7716,-2104,1358,-1152,385,47,-3374,139,72,-8,80,19374,66,33,79,16,0,0,0,0,0,0,0,-32287,0,0,0,0,0,2946324,0
2812346,8138,-1954,1108,-981,279,-8,-3329,196,121,-2,128,19374,69,33,79,16,0,0,0,0,0,0,0,-32287,0,0,0,0,0,2946339,0
2812351,8298,-1376,1006,-946,134,-100,-3270,269,176,-2,216,19374,69,33,79,16,0,0,0,0,0,0,0,-32287,0,0,0,0,0,2946344,0
2812356,9030,-1148,818,-1025,-45,-245,-3200,313,210,7,272,19374,70,33,79,16,0,0,0,0,0,0,0,-32287,0,0,0,0,0,2946359,0
2812361,9240,-1292,870,-1085,-108,-307,-3124,336,196,8,280,19374,70,33,79,16,0,0,0,0,0,0,0,-32287,0,0,0,0,0,2946364,0
2812366,9182,-1518,984,-1185,-122,-320,-3050,321,143,15,232,19376,69,33,79,16,0,0,0,0,0,0,0,-32287,0,0,0,0,0,2946379,0
2812371,9202,-1628,1210,-1331,-79,-328,-2980,302,78,6,192,19376,69,33,79,16,0,0,0,0,0,0,0,-32287,0,0,0,0,0,2946384,0
2812376,8972,-2352,1752,-1587,87,-349,-2915,283,9,-2,168,19376,68,33,79,16,0,0,0,0,0,0,0,-32287,0,0,0,0,0,2946399,0
2812381,8944,-2834,1874,-1559,133,-362,-2855,256,-45,-4,144,19376,68,33,79,16,0,0,0,0,0,0,0,-32286,0,0,0,0,0,2946404,0
2812386,8894,-3328,1982,-1442,153,-338,-2800,234,-73,-7,136,19375,70,33,79,16,0,0,0,0,0,0,0,-32287,0,0,0,0,0,2946419,0
2812391,8668,-3348,2224,-1315,160,-356,-2750,218,-75,0,96,19375,70,33,79,16,0,0,0,0,0,0,0,-32287,0,0,0,0,0,2946424,0
2812396,8720,-3320,2306,-1254,281,-317,-2706,202,-74,1,88,19373,67,33,79,16,0,0,0,0,0,0,0,-32287,0,0,0,0,0,2946440,0
2812401,8508,-2984,2442,-1243,321,-338,-2667,167,-78,-1,72,19373,67,33,79,16,0,0,0,0,0,0,0,-32287,0,0,0,0,0,2946445,0
2812406,8582,-3080,2382,-1163,373,-327,-2640,120,-91,-5,24,19371,78,33,79,16,0,0,0,0,0,0,0,-32287,0,0,0,0,0,2946458,0
2812411,8422,-2714,2396,-1038,378,-358,-2633,19,-129,7,-8,19371,78,33,79,16,0,0,0,0,0,0,0,-32287,0,0,0,0,0,2946463,0
2812416,8778,-1792,2158,-787,373,-467,-2640,-43,-183,6,-32,19373,65,33,79,16,0,0,0,0,0,0,0,-32287,0,0,0,0,0,2946478,0
2812421,8772,-1272,2090,-819,406,-500,-2656,-72,-216,4,-40,19373,65,33,79,16,0,0,0,0,0,0,0,-32287,0,0,0,0,0,2946483,0
2812426,8828,-892,2054,-903,454,-543,-2671,-54,-193,-3,-24,19376,69,33,79,16,0,0,0,0,0,0,0,-32286,0,0,0,0,0,2946498,0
2812431,8954,-726,2004,-945,507,-560,-2673,-2,-105,-6,8,19376,69,33,79,16,0,0,0,0,0,0,0,-32287,0,0,0,0,0,2946503,0
2812436,8930,-562,2072,-939,533,-578,-2667,23,11,-2,8,19377,67,33,79,16,0,0,0,0,0,0,0,-32287,0,0,0,0,0,2946518,0
2812441,8924,-214,2104,-981,561,-585,-2663,17,81,4,0,19377,67,33,79,16,0,0,0,0,0,0,0,-32287,0,0,0,0,0,2946523,0
2812446,8994,-70,2118,-1015,566,-611,-2663,1,73,4,-8,19376,72,33,79,16,0,0,0,0,0,0,0,-32287,0,0,0,0,0,2946538,0
2812451,8906,10,1968,-1081,607,-576,-2663,-3,26,-1,0,19376,72,33,79,16,0,0,0,0,0,0,0,-32287,0,0,0,0,0,2946543,0
2812456,8816,268,1986,-1400,673,-559,-2662,8,-10,-1,0,19373,80,33,79,16,0,0,0,0,0,0,0,-32287,0,0,0,0,0,2946558,0
2812461,8922,-8,2038,-1452,675,-571,-2661,7,-12,0,0,19373,80,33,79,16,0,0,0,0,0,0,0,-32287,0,0,0,0,0,2946563,0
2812466,8990,-398,2094,-1445,568,-603,-2661,7,-1,0,0,19372,74,33,79,16,0,0,0,0,0,0,0,-32287,0,0,0,0,0,2946578,0
2812471,9488,-1060,2216,-1413,460,-618,-2657,7,5,1,0,19372,74,33,79,16,0,0,0,0,0,0,0,-32287,0,0,0,0,0,2946583,0
2812476,10524,-1762,2338,-1603,331,-585,-2657,8,4,1,0,19375,79,33,79,16,0,0,0,0,0,0,0,-32287,0,0,0,0,0,2946598,0
2812481,11004,-2198,2530,-1826,407,-541,-2657,5,6,1,0,19375,79,33,79,16,0,0,0,0,0,0,0,-32287,0,0,0,0,0,2946603,0
2812486,11440,-2956,2424,-2037,562,-485,-2654,12,-3,0,0,19376,81,33,79,16,0,0,0,0,0,0,0,-32287,0,0,0,0,0,2946618,0
2812491,11776,-3894,2338,-2227,712,-425,-2649,29,7,-1,8,19376,81,33,79,16,0,0,0,0,0,0,0,-32287,0,0,0,0,0,2946623,0
2812496,11936,-6534,2330,-2646,1203,-145,-2635,54,26,-2,32,19374,75,33,79,16,0,0,0,0,0,0,0,-32287,0,0,0,0,0,2946638,0
2812501,11820,-6906,2562,-2460,1377,-208,-2608,134,63,-14,104,19374,75,33,79,16,0,0,0,0,0,0,0,-32287,0,0,0,0,0,2946643,0
2812506,11596,-7828,2400,-1878,1409,-319,-2549,273,155,-16,280,19373,72,33,79,16,0,0,0,0,0,0,0,-32287,0,0,0,0,0,2946658,0
2812511,10862,-7848,1966,-1228,1181,-505,-2460,407,264,-19,528,19373,72,33,79,16,0,0,0,0,0,0,0,-32288,0,0,0,0,0,2946663,0
2812516,10158,-6778,624,-382,772,-894,-2344,518,368,-27,848,19375,69,33,79,16,0,0,0,0,0,0,0,-32288,0,0,0,0,0,2946678,0
2812521,9644,-6278,188,-359,619,-1055,-2205,623,420,-1,1080,19375,69,33,79,16,0,0,0,0,0,0,0,-32287,0,0,0,0,0,2946683,0
2812526,9280,-6362,-102,-429,498,-1163,-2052,683,400,18,1152,19379,68,33,79,16,0,0,0,0,0,0,0,-32287,0,0,0,0,0,2946698,0
2812531,8580,-6816,-226,-534,353,-1198,-1889,713,322,16,1200,19379,68,33,79,16,0,0,0,0,0,0,0,-32287,0,0,0,0,0,2946702,0
2812536,7262,-8368,-200,-468,54,-1238,-1720,747,237,8,1248,19377,70,33,79,16,0,0,0,0,0,0,0,-32287,0,0,0,0,0,2946717,0
2812541,6784,-8766,22,-237,17,-1196,-1549,752,164,11,1224,19377,70,33,79,16,0,0,0,0,0,0,0,-32287,0,0,0,0,0,2946722,0
2812546,5792,-8730,284,-2,-92,-1158,-1377,757,88,4,1256,19377,68,33,79,16,0,0,0,0,0,0,0,-32287,0,0,0,0,0,2946737,0
2812551,5506,-8724,124,212,-166,-1086,-1205,760,52,1,1216,19377,68,33,79,16,0,0,0,0,0,0,0,-32287,0,0,0,0,0,2946742,0
2812556,4622,-7718,226,434,-159,-905,-1035,742,20,14,1160,19373,73,33,79,16,0,0,0,0,0,0,0,-32287,0,0,0,0,0,2946757,0
2812561,4276,-7380,310,491,-117,-828,-868,735,-7,-1,1168,19373,73,33,79,16,0,0,0,0,0,0,0,-32287,0,0,0,0,0,2946762,0
2812566,4022,-7140,420,559,-47,-740,-705,717,-17,5,1088,19379,84,33,79,16,0,0,0,0,0,0,0,-32287,0,0,0,0,0,2946777,0
2812571,3768,-6660,494,691,-4,-691,-545,698,-43,3,1056,19379,84,33,79,16,0,0,0,0,0,0,0,-32287,0,0,0,0,0,2946782,0
2812576,3478,-5864,186,906,79,-594,-391,681,-54,0,1008,19381,75,33,79,16,0,0,0,0,0,0,0,-32286,0,0,0,0,0,2946797,0
2812581,3454,-5576,-82,888,83,-526,-241,653,-54,10,920,19381,75,33,79,16,0,0,0,0,0,0,0,-32287,0,0,0,0,0,2946802,0
2812586,3744,-5246,-368,814,116,-430,-97,630,-76,4,880,19382,66,33,79,16,0,0,0,0,0,0,0,-32287,0,0,0,0,0,2946817,0
2812591,3954,-4740,-452,735,159,-351,40,611,-77,0,848,19382,66,33,79,16,0,0,0,0,0,0,0,-32286,0,0,0,0,0,2946822,0
2812596,4464,-4270,-658,641,83,-203,172,572,-85,6,728,19377,59,33,79,16,0,0,0,0,0,0,0,-32287,0,0,0,0,0,2946837,0
2812601,4628,-4264,-814,649,-37,-119,296,541,-92,0,656,19377,59,33,79,16,0,0,0,0,0,0,0,-32287,0,0,0,0,0,2946842,0
2812606,4808,-3926,-984,595,-192,-20,414,512,-96,-4,608,19373,64,33,79,16,0,0,0,0,0,0,0,-32287,0,0,0,0,0,2946857,0
2812611,5170,-3538,-1152,502,-309,70,528,493,-92,-7,568,19373,64,33,79,16,0,0,0,0,0,0,0,-32287,0,0,0,0,0,2946862,0
2812616,5776,-2662,-1152,205,-520,254,635,465,-96,-1,496,19374,72,33,79,16,0,0,0,0,0,0,0,-32287,0,0,0,0,0,2946877,0
2812621,6250,-2462,-1136,34,-600,353,738,451,-86,-10,480,19374,72,33,79,16,0,0,0,0,0,0,0,-32287,0,0,0,0,0,2946882,0
2812626,6640,-2166,-856,-140,-624,436,834,424,-81,-8,456,19377,83,33,79,16,0,0,0,0,0,0,0,-32287,0,0,0,0,0,2946897,0
2812631,6944,-2152,-546,-236,-697,478,934,437,-71,-13,504,19377,83,33,79,16,0,0,0,0,0,0,0,-32287,0,0,0,0,0,2946902,0
2812636,7900,-2148,-196,-200,-852,485,1034,450,-43,-4,536,19379,81,33,79,16,0,0,0,0,0,0,0,-32287,0,0,0,0,0,2946917,0
2812641,8304,-1680,116,-248,-879,451,1135,446,-15,-1,520,19379,81,33,79,16,0,0,0,0,0,0,0,-32287,0,0,0,0,0,2946922,0
2812646,8702,-1464,332,-399,-802,421,1235,438,5,3,504,19379,81,33,79,16,0,0,0,0,0,0,0,-32286,0,0,0,0,0,2946937,0
2812651,8710,-1374,556,-553,-737,363,1336,450,13,-5,560,19379,81,33,79,16,0,0,0,0,0,0,0,-32287,0,0,0,0,0,2946942,0
2812656,8686,-2034,718,-608,-604,226,1445,487,19,-8,656,19375,78,33,79,16,0,0,0,0,0,0,0,-32286,0,0,0,0,0,2946957,0
2812661,8436,-2452,768,-576,-564,167,1557,489,33,5,664,19375,78,33,79,16,0,0,0,0,0,0,0,-32287,0,0,0,0,0,2946962,0
2812666,8242,-2878,696,-522,-531,117,1672,503,51,5,688,19376,79,33,79,16,0,0,0,0,0,0,0,-32287,0,0,0,0,0,2946977,0
2812671,7882,-2942,790,-481,-485,60,1791,539,67,-8,816,19376,79,33,79,16,0,0,0,0,0,0,0,-32287,0,0,0,0,0,2946982,0
2812676,7376,-3658,844,-339,-405,34,1921,573,69,-5,872,19376,82,33,79,16,0,0,0,0,0,0,0,-32287,0,0,0,0,0,2946997,0
2812681,7062,-3876,878,-254,-382,4,2052,580,71,6,904,19376,82,33,79,16,0,0,0,0,0,0,0,-32286,0,0,0,0,0,2947002,0
2812686,6988,-4076,838,-142,-334,-3,2191,611,93,4,968,19376,64,33,79,16,0,0,0,0,0,0,0,-32287,0,0,0,0,0,2947017,0
2812691,6858,-4052,898,-40,-316,-12,2340,658,96,-5,1072,19376,64,33,79,16,0,0,0,0,0,0,0,-32287,0,0,0,0,0,2947022,0
2812696,6710,-4218,804,159,-277,-69,2495,687,106,0,1136,19371,65,33,79,16,0,0,0,0,0,0,0,-32287,0,0,0,0,0,2947037,0
2812701,6728,-4298,668,298,-272,-107,2658,716,112,-2,1200,19371,65,33,79,16,0,0,0,0,0,0,0,-32287,0,0,0,0,0,2947042,0
2812706,6618,-4182,608,428,-296,-153,2830,755,118,1,1264,19370,72,33,79,16,0,0,0,0,0,0,0,-32287,0,0,0,0,0,2947057,0
2812711,6566,-4192,456,530,-316,-178,3007,783,121,4,1312,19370,72,33,79,16,0,0,0,0,0,0,0,-32287,0,0,0,0,0,2947062,0
2812716,6384,-3996,250,631,-390,-220,3189,807,109,1,1360,19372,75,33,79,16,0,0,0,0,0,0,0,-32287,0,0,0,0,0,2947077,0
2812721,6276,-4100,136,650,-418,-193,3373,812,93,5,1344,19372,75,33,79,16,0,0,0,0,0,0,0,-32287,0,0,0,0,0,2947082,0
2812726,6000,-4030,132,628,-480,-164,3556,805,59,4,1328,19375,75,33,79,16,0,0,0,0,0,0,0,-32287,0,0,0,0,0,2947097,0
2812731,5986,-3970,10,607,-525,-149,3739,810,33,5,1320,19375,75,33,79,16,0,0,0,0,0,0,0,-32287,0,0,0,0,0,2947102,0
2812736,5628,-4034,22,603,-634,-57,3918,786,5,8,1248,19375,64,33,79,16,0,0,0,0,0,0,0,-32287,0,0,0,0,0,2947117,0
2812741,5672,-4060,-18,638,-707,-30,4093,778,-17,-2,1248,19375,64,33,79,16,0,0,0,0,0,0,0,-32287,0,0,0,0,0,2947122,0
2812746,5534,-3996,14,646,-748,39,4267,760,-35,3,1184,19374,63,33,79,16,0,0,0,0,0,0,0,-32287,0,0,0,0,0,2947137,0
2812751,5492,-3880,98,661,-828,78,4434,726,-48,8,1104,19374,63,33,79,16,0,0,0,0,0,0,0,-32287,0,0,0,0,0,2947142,0
2812756,5650,-3750,80,675,-920,154,4600,728,-59,0,1128,19373,69,33,79,16,0,0,0,0,0,0,0,-32287,0,0,0,0,0,2947157,0
2812761,5680,-3710,130,685,-968,204,4757,698,-65,2,1048,19373,69,33,79,16,0,0,0,0,0,0,0,-32287,0,0,0,0,0,2947162,0
2812766,5816,-3626,156,704,-1021,239,4905,652,-84,2,944,19372,71,33,79,16,0,0,0,0,0,0,0,-32287,0,0,0,0,0,2947177,0
2812771,5922,-3548,194,738,-1048,273,5050,628,-94,-2,904,19372,71,33,79,16,0,0,0,0,0,0,0,-32287,0,0,0,0,0,2947182,0
2812776,6202,-3452,330,832,-1067,323,5185,585,-95,8,784,19374,66,33,79,16,0,0,0,0,0,0,0,-32287,0,0,0,0,0,2947197,0
2812781,6422,-3364,318,889,-1066,365,5313,551,-109,3,680,19374,66,33,79,16,0,0,0,0,0,0,0,-32287,0,0,0,0,0,2947202,0
2812786,6504,-3310,376,934,-1065,380,5430,507,-123,-6,584,19373,68,33,79,16,0,0,0,0,0,0,0,-32287,0,0,0,0,0,2947216,0
2812791,6830,-3088,314,990,-1005,400,5540,472,-132,-7,496,19373,68,33,79,16,0,0,0,0,0,0,0,-32287,0,0,0,0,0,2947221,0
2812796,6958,-2798,288,1027,-969,462,5632,410,-146,0,376,19371,64,33,79,16,0,0,0,0,0,0,0,-32287,0,0,0,0,0,2947236,0
2812801,7268,-2738,84,1020,-914,502,5714,353,-162,7,256,19371,64,33,79,16,0,0,0,0,0,0,0,-32287,0,0,0,0,0,2947241,0
2812806,7262,-2448,-20,986,-892,523,5780,285,-193,12,168,19371,65,33,79,16,0,0,0,0,0,0,0,-32287,0,0,0,0,0,2947256,0
2812811,7372,-2322,-120,929,-869,545,5833,231,-198,-2,88,19371,65,33,79,16,0,0,0,0,0,0,0,-32287,0,0,0,0,0,2947261,0
2812816,7528,-2186,-308,785,-765,590,5875,176,-205,-5,40,19373,73,33,79,16,0,0,0,0,0,0,0,-32287,0,0,0,0,0,2947276,0
2812821,7530,-2082,-282,725,-760,586,5907,137,-196,-9,64,19373,73,33,79,16,0,0,0,0,0,0,0,-32287,0,0,0,0,0,2947281,0
2812826,7658,-2240,-382,713,-718,608,5932,97,-170,-1,32,19374,71,33,79,16,0,0,0,0,0,0,0,-32287,0,0,0,0,0,2947296,0
2812831,7562,-2018,-368,699,-734,589,5948,67,-153,4,16,19374,71,33,79,16,0,0,0,0,0,0,0,-32287,0,0,0,0,0,2947301,0
2812836,7826,-1894,-418,730,-752,543,5963,66,-125,0,24,19374,65,33,79,16,0,0,0,0,0,0,0,-32287,0,0,0,0,0,2947316,0
2812841,7868,-1772,-416,690,-744,531,5973,39,-88,2,0,19374,65,33,79,16,0,0,0,0,0,0,0,-32287,0,0,0,0,0,2947321,0
2812846,7968,-1622,-380,610,-708,516,5974,-3,-84,5,-16,19372,69,33,79,16,0,0,0,0,0,0,0,-32287,0,0,0,0,0,2947336,0
2812851,8050,-1478,-276,548,-693,453,5973,-7,-75,0,-8,19372,69,33,79,16,0,0,0,0,0,0,0,-32287,0,0,0,0,0,2947341,0
2812856,8152,-1840,-8,577,-614,406,5973,2,-69,0,-8,19371,70,33,79,16,0,0,0,0,0,0,0,-32287,0,0,0,0,0,2947356,0
2812861,8308,-1966,146,619,-557,369,5974,7,-45,0,-8,19371,70,33,79,16,0,0,0,0,0,0,0,-32287,0,0,0,0,0,2947361,0
2812866,8274,-1970,322,654,-482,340,5972,0,-13,0,0,19371,70,33,79,16,0,0,0,0,0,0,0,-32287,0,0,0,0,0,2947376,0
2812871,8310,-1930,382,683,-397,313,5973,0,2,0,0,19371,70,33,79,16,0,0,0,0,0,0,0,-32287,0,0,0,0,0,2947381,0
2812876,8268,-1892,312,721,-299,261,5973,0,-2,1,-8,19373,79,33,79,16,0,0,0,0,0,0,0,-32287,0,0,0,0,0,2947396,0
2812881,8222,-1896,232,700,-236,255,5973,-3,0,0,0,19373,79,33,79,16,0,0,0,0,0,0,0,-32287,0,0,0,0,0,2947401,0
2812886,8172,-1892,140,619,-173,281,5974,4,-1,-1,0,19373,71,33,79,16,0,0,0,0,0,0,0,-32287,0,0,0,0,0,2947416,0
2812891,8074,-1854,64,513,-110,307,5974,3,2,0,0,19373,71,33,79,16,0,0,0,0,0,0,0,-32287,0,0,0,0,0,2947421,0
2812896,7844,-2046,-50,282,7,404,5976,3,2,0,0,19370,69,33,79,16,0,0,0,0,0,0,0,-32287,0,0,0,0,0,2947436,0
2812901,7704,-1946,-12,227,43,428,5982,24,11,0,8,19370,69,33,79,16,0,0,0,0,0,0,0,-32287,0,0,0,0,0,2947441,0
2812906,7696,-2060,-16,266,65,452,5989,33,25,0,16,19371,74,33,79,16,0,0,0,0,0,0,0,-32287,0,0,0,0,0,2947456,0
2812911,7604,-1980,-50,337,43,447,6003,62,38,-3,32,19371,74,33,79,16,0,0,0,0,0,0,0,-32287,0,0,0,0,0,2947461,0
2812916,7976,-1416,-144,578,0,356,6034,140,72,-11,96,19373,76,33,79,16,0,0,0,0,0,0,0,-32287,0,0,0,0,0,2947476,0
2812921,8092,-1300,-266,668,-21,313,6083,220,137,-9,160,19373,76,33,79,16,0,0,0,0,0,0,0,-32287,0,0,0,0,0,2947481,0
2812926,8120,-1034,-368,713,-94,248,6150,299,205,0,288,19374,67,33,79,16,0,0,0,0,0,0,0,-32287,0,0,0,0,0,2947496,0
2812931,8334,-832,-378,752,-95,191,6235,378,250,0,392,19374,67,33,79,16,0,0,0,0,0,0,0,-32287,0,0,0,0,0,2947501,0
2812936,8610,-758,-434,733,-150,29,6335,449,268,-19,584,19375,65,33,79,16,0,0,0,0,0,0,0,-32287,0,0,0,0,0,2947516,0
2812941,8754,-782,-406,797,-172,-39,6451,524,261,-22,808,19375,65,33,79,16,0,0,0,0,0,0,0,-32287,0,0,0,0,0,2947521,0
2812946,8690,-862,-270,776,-209,-73,6580,568,244,5,880,19374,68,33,79,16,0,0,0,0,0,0,0,-32287,0,0,0,0,0,2947536,0
2812951,8952,-1052,-440,741,-263,-106,6717,605,222,16,936,19374,68,33,79,16,0,0,0,0,0,0,0,-32287,0,0,0,0,0,2947541,0
2812956,8886,-1054,-2,703,-103,-140,6864,650,187,9,1024,19373,76,33,79,16,0,0,0,0,0,0,0,-32287,0,0,0,0,0,2947556,0
2812961,8936,-1374,-70,687,-47,-101,7015,663,153,4,1024,19373,76,33,79,16,0,0,0,0,0,0,0,-32287,0,0,0,0,0,2947561,0
2812966,8798,-1386,-28,640,-16,-98,7166,666,109,10,1000,19371,76,33,79,16,0,0,0,0,0,0,0,-32287,0,0,0,0,0,2947576,0
2812971,8740,-1440,-32,621,86,-103,7320,680,75,2,1040,19371,76,33,79,16,0,0,0,0,0,0,0,-32287,0,0,0,0,0,2947581,0
2812976,8370,-1474,4,514,223,-65,7470,662,37,11,976,19370,74,33,79,16,0,0,0,0,0,0,0,-32287,0,0,0,0,0,2947596,0
2812981,8324,-1632,-18,462,254,-63,7618,639,1,11,912,19370,74,33,79,16,0,0,0,0,0,0,0,-32287,0,0,0,0,0,2947601,0
2812986,8274,-1822,-2,440,311,-76,7765,645,-20,-4,944,19371,71,33,79,16,0,0,0,0,0,0,0,-32287,0,0,0,0,0,2947616,0
2812991,8136,-2090,16,459,329,-78,7910,634,-23,1,904,19371,71,33,79,16,0,0,0,0,0,0,0,-32287,0,0,0,0,0,2947621,0
2812996,8036,-2382,10,408,372,-85,8053,627,-30,0,896,19369,71,33,79,16,0,0,0,0,0,0,0,-32287,0,0,0,0,0,2947636,0
2813001,7952,-2496,94,402,371,-95,8195,628,-29,-2,896,19369,71,33,79,16,0,0,0,0,0,0,0,-32287,0,0,0,0,0,2947641,0
2813006,7956,-2812,158,456,364,-110,8334,612,-19,0,856,19369,69,33,79,16,0,0,0,0,0,0,0,-32287,0,0,0,0,0,2947656,0
2813011,7858,-2860,210,505,369,-118,8477,629,-19,0,896,19369,69,33,79,16,0,0,0,0,0,0,0,-32287,0,0,0,0,0,2947661,0
2813016,7910,-2786,260,592,360,-134,8616,614,-14,0,864,19371,72,33,79,16,0,0,0,0,0,0,0,-32287,0,0,0,0,0,2947676,0
2813021,7908,-2838,288,666,341,-163,8756,620,-5,-4,872,19371,72,33,79,16,0,0,0,0,0,0,0,-32287,0,0,0,0,0,2947681,0
2813026,7900,-2750,258,736,341,-169,8893,606,-15,0,840,19374,67,33,79,16,0,0,0,0,0,0,0,-32287,0,0,0,0,0,2947696,0
2813031,7906,-2590,214,772,311,-171,9026,590,-13,5,816,19374,67,33,79,16,0,0,0,0,0,0,0,-32287,0,0,0,0,0,2947700,0
2813036,7892,-2258,118,875,299,-221,9162,590,-25,0,840,19374,65,33,79,16,0,0,0,0,0,0,0,-32287,0,0,0,0,0,2947715,0
2813041,7914,-2162,44,907,294,-230,9296,585,-24,2,832,19374,65,33,79,16,0,0,0,0,0,0,0,-32286,0,0,0,0,0,2947720,0
2813046,7742,-2064,-6,891,256,-218,9423,562,-26,0,744,19372,80,33,79,16,0,0,0,0,0,0,0,-32287,0,0,0,0,0,2947735,0
2813051,7864,-1638,-142,872,242,-232,9548,552,-34,-6,744,19372,80,33,79,16,0,0,0,0,0,0,0,-32287,0,0,0,0,0,2947740,0
2813056,7800,-1318,-188,896,214,-252,9672,544,-42,-5,728,19373,86,33,79,16,0,0,0,0,0,0,0,-32287,0,0,0,0,0,2947755,0
2813061,7798,-1194,-272,877,190,-265,9790,520,-45,5,672,19373,86,33,79,16,0,0,0,0,0,0,0,-32287,0,0,0,0,0,2947760,0
2813066,7852,-884,-380,851,190,-264,9882,503,-52,-1,616,19373,89,33,79,16,0,0,0,0,0,0,0,-32287,0,0,0,0,0,2947775,0
2813071,7762,-664,-320,813,193,-274,9995,501,-50,-11,632,19373,89,33,79,16,0,0,0,0,0,0,0,-32287,0,0,0,0,0,2947780,0
2813076,7856,-514,-388,788,195,-292,10107,497,-47,-9,648,19376,69,33,79,16,0,0,0,0,0,0,0,-32287,0,0,0,0,0,2947795,0
2813081,7820,-422,-334,756,188,-314,10217,479,-38,-3,592,19376,69,33,79,16,0,0,0,0,0,0,0,-32287,0,0,0,0,0,2947800,0
2813086,8016,-364,-382,716,196,-338,10325,470,-27,-4,592,19375,68,33,79,16,0,0,0,0,0,0,0,-32287,0,0,0,0,0,2947815,0
2813091,8036,-464,-316,723,235,-356,10435,480,-17,-6,632,19375,68,33,79,16,0,0,0,0,0,0,0,-32287,0,0,0,0,0,2947820,0
2813096,8232,-752,-226,788,236,-399,10547,498,-6,-1,664,19373,77,33,79,16,0,0,0,0,0,0,0,-32287,0,0,0,0,0,2947835,0
2813101,8406,-1020,-188,774,231,-422,10661,499,13,11,648,19373,77,33,79,16,0,0,0,0,0,0,0,-32287,0,0,0,0,0,2947840,0
2813106,8740,-1196,-222,796,257,-448,10774,500,21,3,656,19370,76,33,79,16,0,0,0,0,0,0,0,-32287,0,0,0,0,0,2947855,0
2813111,8882,-1714,-298,834,268,-478,10891,518,27,-3,720,19370,76,33,79,16,0,0,0,0,0,0,0,-32287,0,0,0,0,0,2947860,0
2813116,9348,-2846,-572,1053,280,-550,11010,528,28,0,720,19369,76,33,79,16,0,0,0,0,0,0,0,-32287,0,0,0,0,0,2947875,0
2813121,9528,-3146,-684,1168,288,-578,11131,532,30,2,744,19369,76,33,79,16,0,0,0,0,0,0,0,-32287,0,0,0,0,0,2947880,0
2813126,9596,-3514,-694,1240,270,-591,11249,512,23,2,672,19369,74,33,79,16,0,0,0,0,0,0,0,-32287,0,0,0,0,0,2947895,0
2813131,9664,-3660,-674,1269,210,-613,11365,505,0,2,648,19369,74,33,79,16,0,0,0,0,0,0,0,-32287,0,0,0,0,0,2947900,0
2813136,9662,-3938,-612,1297,61,-616,11479,498,-19,10,592,19371,73,33,79,16,0,0,0,0,0,0,0,-32287,0,0,0,0,0,2947915,0
2813141,9840,-3528,-268,1114,50,-561,11583,458,-42,7,488,19371,73,33,79,16,0,0,0,0,0,0,0,-32287,0,0,0,0,0,2947920,0
2813146,9410,-3272,-144,878,17,-504,11676,412,-85,-2,400,19371,67,33,79,16,0,0,0,0,0,0,0,-32287,0,0,0,0,0,2947935,0
2813151,9376,-3340,44,736,-62,-464,11761,373,-107,8,312,19371,67,33,79,16,0,0,0,0,0,0,0,-32287,0,0,0,0,0,2947940,0
2813156,9150,-2950,638,764,-253,-455,11840,348,-126,5,264,19371,69,33,79,16,0,0,0,0,0,0,0,-32287,0,0,0,0,0,2947955,0
2813161,9304,-2790,736,829,-309,-448,11914,319,-117,6,200,19371,69,33,79,16,0,0,0,0,0,0,0,-32287,0,0,0,0,0,2947960,0
2813166,9368,-2400,1010,910,-367,-517,11975,270,-116,10,120,19372,61,33,79,16,0,0,0,0,0,0,0,-32287,0,0,0,0,0,2947975,0
2813171,9566,-2438,940,1034,-386,-557,12022,204,-156,-11,88,19372,61,33,79,16,0,0,0,0,0,0,0,-32287,0,0,0,0,0,2947980,0
2813176,9614,-1884,1022,1057,-339,-651,12054,135,-176,-5,24,19373,65,33,79,16,0,0,0,0,0,0,0,-32287,0,0,0,0,0,2947995,0
2813181,9790,-1880,938,928,-294,-697,12066,41,-211,-1,0,19373,65,33,79,16,0,0,0,0,0,0,0,-32287,0,0,0,0,0,2948000,0
2813186,10056,-2116,706,848,-209,-740,12063,-13,-225,4,-8,19372,63,33,79,16,0,0,0,0,0,0,0,-32287,0,0,0,0,0,2948015,0
2813191,10108,-2588,582,780,-140,-780,12060,-16,-210,2,-8,19372,63,33,79,16,0,0,0,0,0,0,0,-32287,0,0,0,0,0,2948020,0
2813196,10014,-3376,302,611,-70,-797,12056,-18,-170,2,-16,19371,71,33,79,16,0,0,0,0,0,0,0,-32287,0,0,0,0,0,2948035,0
2813201,9678,-3608,378,504,-13,-786,12052,-18,-90,2,-16,19371,71,33,79,16,0,0,0,0,0,0,0,-32287,0,0,0,0,0,2948040,0
2813206,9236,-3910,428,398,1,-763,12046,-29,-29,2,-24,19371,85,33,79,16,0,0,0,0,0,0,0,-32287,0,0,0,0,0,2948055,0
2813211,8774,-4160,518,309,-5,-752,12036,-45,-23,1,-32,19371,85,33,79,16,0,0,0,0,0,0,0,-32287,0,0,0,0,0,2948060,0
2813216,8370,-4410,642,200,-27,-695,12023,-50,-29,-2,-16,19374,83,33,79,16,0,0,0,0,0,0,0,-32287,0,0,0,0,0,2948075,0
2813221,7808,-4360,900,-28,-20,-642,12018,-18,-22,-5,8,19374,83,33,79,16,0,0,0,0,0,0,0,-32287,0,0,0,0,0,2948080,0
2813226,7422,-4932,954,-233,12,-547,12019,3,11,0,-8,19374,69,33,79,16,0,0,0,0,0,0,0,-32287,0,0,0,0,0,2948095,0
2813231,6648,-5382,1184,-310,-41,-519,12019,-3,40,2,-8,19374,69,33,79,16,0,0,0,0,0,0,0,-32287,0,0,0,0,0,2948100,0
2813236,7408,-4344,2468,793,-258,-1084,12018,-7,46,3,-16,19373,67,33,79,16,0,0,0,0,0,0,0,-32287,0,0,0,0,0,2948115,0
2813241,7766,-7024,2726,2190,-170,-1253,12005,-69,10,10,-56,19373,67,33,79,16,0,0,0,0,0,0,0,-32287,0,0,0,0,0,2948122,0
2813246,5776,-7428,1550,3005,-880,-1227,11974,-152,-74,18,-136,19374,70,33,79,16,0,0,0,0,0,0,0,-32287,0,0,0,0,0,2948137,0
2813251,7552,-3750,3630,2328,-160,-1182,11907,-313,-184,26,-400,19374,70,33,79,16,0,0,0,0,0,0,0,-32287,0,0,0,0,0,2948142,0
2813256,6164,-5320,1678,381,111,-793,11799,-494,-330,34,-792,19376,83,33,79,16,0,0,0,0,0,0,0,-32287,0,0,0,0,0,2948157,0
2813261,5116,-7066,1566,291,90,-614,11653,-662,-469,24,-1272,19376,83,33,79,16,0,0,0,0,0,0,0,-32286,0,0,0,0,0,2948162,0
2813266,4792,-8008,1574,451,-57,-405,11459,-883,-576,15,-1760,19377,85,33,79,16,0,0,0,0,0,0,0,-32287,0,0,0,0,0,2948177,0
2813271,4496,-8002,1830,582,-83,-205,11219,-1069,-642,10,-2176,19377,85,33,79,16,0,0,0,0,0,0,0,-32287,0,0,0,0,0,2948182,0
2813276,3928,-7574,1528,518,-107,298,10937,-1252,-671,3,-2552,19376,82,33,79,16,0,0,0,0,0,0,0,-32287,0,0,0,0,0,2948197,0
2813281,4160,-6924,1306,528,-150,473,10619,-1416,-666,-1,-2912,19376,82,33,79,16,0,0,0,0,0,0,0,-32287,0,0,0,0,0,2948202,0
2813286,4502,-6392,1146,516,-130,648,10267,-1561,-636,-1,-3224,19373,81,33,79,16,0,0,0,0,0,0,0,-32287,0,0,0,0,0,2948217,0
2813291,4696,-5684,1006,489,-198,777,9883,-1707,-572,0,-3536,19373,81,33,79,16,0,0,0,0,0,0,0,-32286,0,0,0,0,0,2948222,0
2813296,5728,-4304,548,276,-226,961,9468,-1838,-532,-5,-3784,19371,90,33,79,16,0,0,0,0,0,0,0,-32287,0,0,0,0,0,2948237,0
2813301,6030,-3662,286,71,-293,1048,9022,-1978,-500,-12,-4048,19371,90,33,79,16,0,0,0,0,0,0,0,-32287,0,0,0,0,0,2948242,0
2813306,6458,-3080,162,-136,-333,1110,8551,-2090,-478,-20,-4240,19370,90,33,79,16,0,0,0,0,0,0,0,-32287,0,0,0,0,0,2948257,0
2813311,6888,-2684,266,-309,-392,1144,8053,-2194,-452,-26,-4392,19370,90,33,79,16,0,0,0,0,0,0,0,-32287,0,0,0,0,0,2948262,0
2813316,7782,-2016,380,-702,-534,1228,7542,-2258,-401,-24,-4480,19370,91,33,79,16,0,0,0,0,0,0,0,-32287,0,0,0,0,0,2948277,0
2813321,8332,-1798,554,-820,-575,1223,7025,-2275,-330,-18,-4472,19370,91,33,79,16,0,0,0,0,0,0,0,-32287,0,0,0,0,0,2948282,0
2813326,8554,-1596,726,-910,-642,1219,6513,-2249,-212,-3,-4416,19369,86,33,79,16,0,0,0,0,0,0,0,-32287,0,0,0,0,0,2948297,0
2813331,8998,-1278,826,-921,-762,1159,6010,-2200,-86,2,-4312,19369,86,33,79,16,0,0,0,0,0,0,0,-32287,0,0,0,0,0,2948302,0
2813336,9932,-866,1300,-565,-1037,876,5519,-2157,31,2,-4216,19369,77,33,79,16,0,0,0,0,0,0,0,-32287,0,0,0,0,0,2948317,0
2813341,10464,-492,1432,-351,-1172,696,5036,-2117,107,-2,-4136,19369,77,33,79,16,0,0,0,0,0,0,0,-32287,0,0,0,0,0,2948322,0
2813346,11274,60,2094,-285,-983,564,4560,-2085,140,-7,-4064,19368,76,33,79,16,0,0,0,0,0,0,0,-32287,0,0,0,0,0,2948337,0
2813351,11368,490,2840,-410,-684,430,4093,-2053,133,-12,-3944,19368,76,33,79,16,0,0,0,0,0,0,0,-32287,0,0,0,0,0,2948342,0
2813356,11398,-544,3296,-642,-62,249,3637,-2002,128,-8,-3832,19371,90,33,79,16,0,0,0,0,0,0,0,-32287,0,0,0,0,0,2948357,0
2813361,11146,-1036,3690,-618,308,174,3199,-1916,152,-2,-3640,19371,90,33,79,16,0,0,0,0,0,0,0,-32287,0,0,0,0,0,2948362,0
2813366,10764,-1514,3836,-547,660,87,2781,-1821,193,1,-3440,19373,96,33,79,16,0,0,0,0,0,0,0,-32288,0,0,0,0,0,2948377,0
2813371,10270,-1936,3388,-432,864,30,2383,-1738,247,8,-3280,19373,96,33,79,16,0,0,0,0,0,0,0,-32287,0,0,0,0,0,2948382,0
2813376,8764,-2790,2236,-293,1121,52,2009,-1645,288,6,-3104,19374,86,33,79,16,0,0,0,0,0,0,0,-32287,0,0,0,0,0,2948397,0
2813381,8112,-2796,1808,-349,1230,99,1653,-1556,312,2,-2904,19374,86,33,79,16,0,0,0,0,0,0,0,-32287,0,0,0,0,0,2948402,0
2813386,7424,-3082,1342,-607,1403,278,1319,-1455,315,-7,-2656,19371,77,33,79,16,0,0,0,0,0,0,0,-32287,0,0,0,0,0,2948417,0
2813391,6858,-2822,1156,-780,1461,328,1012,-1340,328,-15,-2376,19371,77,33,79,16,0,0,0,0,0,0,0,-32287,0,0,0,0,0,2948422,0
2813396,6086,-3632,514,-389,1278,331,735,-1214,355,-14,-2080,19371,83,33,79,16,0,0,0,0,0,0,0,-32287,0,0,0,0,0,2948437,0
2813401,6060,-3486,-82,-84,1046,311,485,-1086,392,-12,-1784,19371,83,33,79,16,0,0,0,0,0,0,0,-32287,0,0,0,0,0,2948442,0
2813406,6130,-2804,-430,69,847,266,263,-960,418,-6,-1504,19373,84,33,79,16,0,0,0,0,0,0,0,-32287,0,0,0,0,0,2948457,0
2813411,6256,-2232,-694,6,696,257,66,-860,421,0,-1296,19373,84,33,79,16,0,0,0,0,0,0,0,-32287,0,0,0,0,0,2948462,0
2813416,6366,-1770,-756,-403,403,285,-109,-761,409,0,-1080,19374,78,33,79,16,0,0,0,0,0,0,0,-32287,0,0,0,0,0,2948477,0
2813421,6608,-1878,-510,-461,296,277,-262,-668,386,5,-904,19374,78,33,79,16,0,0,0,0,0,0,0,-32287,0,0,0,0,0,2948482,0
2813426,6820,-2064,-98,-376,202,270,-400,-603,346,4,-776,19373,76,33,79,16,0,0,0,0,0,0,0,-32287,0,0,0,0,0,2948497,0
2813431,6842,-2028,180,-308,42,241,-526,-547,296,5,-640,19373,76,33,79,16,0,0,0,0,0,0,0,-32287,0,0,0,0,0,2948502,0
2813436,7428,-1510,804,-418,36,292,-635,-477,257,8,-472,19372,78,33,79,16,0,0,0,0,0,0,0,-32287,0,0,0,0,0,2948517,0
2813441,7628,-1382,1222,-663,167,316,-735,-434,222,16,-408,19372,78,33,79,16,0,0,0,0,0,0,0,-32287,0,0,0,0,0,2948522,0
2813446,7830,-1412,1660,-834,334,347,-824,-390,202,5,-344,19371,80,33,79,16,0,0,0,0,0,0,0,-32287,0,0,0,0,0,2948537,0
2813451,7790,-1618,1864,-881,441,332,-909,-370,170,-2,-304,19371,80,33,79,16,0,0,0,0,0,0,0,-32287,0,0,0,0,0,2948542,0
2813456,8120,-1796,1884,-632,524,279,-982,-316,149,-13,-216,19374,84,33,79,16,0,0,0,0,0,0,0,-32287,0,0,0,0,0,2948557,0
2813461,7980,-1550,1742,-605,534,256,-1045,-272,131,-4,-144,19374,84,33,79,16,0,0,0,0,0,0,0,-32287,0,0,0,0,0,2948562,0
2813466,8002,-1210,1604,-664,595,222,-1098,-229,140,8,-128,19376,80,33,79,16,0,0,0,0,0,0,0,-32287,0,0,0,0,0,2948577,0
2813471,7900,-1130,1406,-811,663,239,-1147,-216,144,11,-104,19376,80,33,79,16,0,0,0,0,0,0,0,-32287,0,0,0,0,0,2948582,0
2813476,7324,-1350,1154,-964,671,213,-1194,-205,128,2,-112,19376,63,33,79,16,0,0,0,0,0,0,0,-32287,0,0,0,0,0,2948597,0
2813481,7202,-1752,1028,-910,654,228,-1236,-186,90,3,-104,19376,63,33,79,16,0,0,0,0,0,0,0,-32287,0,0,0,0,0,2948602,0
2813486,6788,-1626,1118,-825,607,173,-1275,-170,60,3,-80,19374,63,33,79,16,0,0,0,0,0,0,0,-32287,0,0,0,0,0,2948617,0
2813491,6788,-1858,972,-781,620,203,-1315,-176,47,5,-88,19374,63,33,79,16,0,0,0,0,0,0,0,-32287,0,0,0,0,0,2948622,0
2813496,6460,-1848,958,-752,651,158,-1349,-149,43,-4,-64,19374,63,33,79,16,0,0,0,0,0,0,0,-32287,0,0,0,0,0,2948637,0
2813501,6140,-1630,1038,-743,670,136,-1376,-117,51,2,-40,19374,63,33,79,16,0,0,0,0,0,0,0,-32287,0,0,0,0,0,2948642,0
2813506,6100,-1742,812,-721,648,109,-1388,-43,80,-7,-8,19376,68,33,79,16,0,0,0,0,0,0,0,-32287,0,0,0,0,0,2948657,0
2813511,5950,-1806,670,-710,670,119,-1383,29,131,-8,8,19376,68,33,79,16,0,0,0,0,0,0,0,-32287,0,0,0,0,0,2948662,0
2813516,5714,-1916,494,-784,655,163,-1373,49,179,-1,16,19377,73,33,79,16,0,0,0,0,0,0,0,-32288,0,0,0,0,0,2948676,0
2813521,5570,-1988,440,-812,633,187,-1365,30,167,4,8,19377,73,33,79,16,0,0,0,0,0,0,0,-32287,0,0,0,0,0,2948681,0
2813526,5584,-2082,414,-800,585,184,-1364,-1,91,7,-8,19376,64,33,79,16,0,0,0,0,0,0,0,-32287,0,0,0,0,0,2948696,0
2813531,5698,-2060,372,-735,548,171,-1368,-12,-3,2,-8,19376,64,33,79,16,0,0,0,0,0,0,0,-32287,0,0,0,0,0,2948701,0
2813536,5870,-1840,438,-698,479,178,-1370,-6,-46,-3,0,19374,62,33,79,16,0,0,0,0,0,0,0,-32287,0,0,0,0,0,2948716,0
2813541,5954,-1752,452,-765,473,206,-1368,4,-35,-1,0,19374,62,33,79,16,0,0,0,0,0,0,0,-32287,0,0,0,0,0,2948721,0
2813546,6080,-1760,514,-817,451,198,-1370,2,-7,0,0,19374,75,33,79,16,0,0,0,0,0,0,0,-32287,0,0,0,0,0,2948736,0
2813551,6250,-1886,560,-819,435,211,-1368,2,14,0,0,19374,75,33,79,16,0,0,0,0,0,0,0,-32287,0,0,0,0,0,2948741,0
2813556,6588,-1848,774,-745,368,195,-1369,0,4,0,0,19375,71,33,79,16,0,0,0,0,0,0,0,-32286,0,0,0,0,0,2948756,0
2813561,6758,-1762,828,-732,348,176,-1368,0,3,0,-8,19375,71,33,79,16,0,0,0,0,0,0,0,-32287,0,0,0,0,0,2948761,0
2813566,6864,-1748,890,-749,344,158,-1369,-5,-3,0,-8,19375,72,33,79,16,0,0,0,0,0,0,0,-32287,0,0,0,0,0,2948776,0
2813571,6970,-1780,922,-779,353,156,-1369,-6,-1,0,0,19375,72,33,79,16,0,0,0,0,0,0,0,-32287,0,0,0,0,0,2948781,0
2813576,6950,-1766,992,-826,366,150,-1368,-3,0,1,0,19374,68,33,79,16,0,0,0,0,0,0,0,-32287,0,0,0,0,0,2948796,0
2813581,6936,-1842,1002,-820,370,139,-1368,2,2,0,0,19374,68,33,79,16,0,0,0,0,0,0,0,-32287,0,0,0,0,0,2948801,0
2813586,6856,-1938,968,-774,352,122,-1368,8,0,1,0,19373,72,33,79,16,0,0,0,0,0,0,0,-32287,0,0,0,0,0,2948816,0
2813591,6866,-1892,962,-719,340,122,-1368,1,0,0,0,19373,72,33,79,16,0,0,0,0,0,0,0,-32287,0,0,0,0,0,2948821,0
2813596,6786,-1862,946,-686,323,99,-1368,0,2,0,0,19371,78,33,79,16,0,0,0,0,0,0,0,-32287,0,0,0,0,0,2948836,0
2813601,6750,-1832,926,-680,306,91,-1368,4,4,0,-8,19371,78,33,79,16,0,0,0,0,0,0,0,-32287,0,0,0,0,0,2948841,0
2813606,6744,-1776,878,-667,312,103,-1368,-3,-4,0,0,19370,74,33,79,16,0,0,0,0,0,0,0,-32287,0,0,0,0,0,2948856,0
2813611,6700,-1766,846,-668,297,85,-1367,1,-3,-1,-8,19370,74,33,79,16,0,0,0,0,0,0,0,-32287,0,0,0,0,0,2948861,0
2813616,6706,-1782,778,-677,283,79,-1368,-3,-2,0,0,19371,73,33,79,16,0,0,0,0,0,0,0,-32287,0,0,0,0,0,2948876,0
2813621,6694,-1766,746,-676,249,85,-1368,-2,-1,0,0,19371,73,33,79,16,0,0,0,0,0,0,0,-32286,0,0,0,0,0,2948881,0
2813626,6748,-1740,710,-657,229,89,-1368,0,-1,0,0,19373,70,33,79,16,0,0,0,0,0,0,0,-32287,0,0,0,0,0,2948896,0
2813631,6704,-1702,736,-672,199,83,-1368,0,2,0,0,19373,70,33,79,16,0,0,0,0,0,0,0,-32287,0,0,0,0,0,2948901,0
2813636,6902,-1712,714,-683,126,83,-1368,6,0,0,0,19371,70,33,79,16,0,0,0,0,0,0,0,-32287,0,0,0,0,0,2948916,0
2813641,6916,-1720,724,-690,76,77,-1369,-3,3,0,0,19371,70,33,79,16,0,0,0,0,0,0,0,-32287,0,0,0,0,0,2948921,0
2813646,7094,-1672,728,-680,33,84,-1368,0,3,0,0,19371,68,33,79,16,0,0,0,0,0,0,0,-32287,0,0,0,0,0,2948936,0
2813651,7224,-1664,796,-695,-11,76,-1368,3,5,0,0,19371,68,33,79,16,0,0,0,0,0,0,0,-32287,0,0,0,0,0,2948941,0
2813656,7574,-1668,926,-738,-48,82,-1369,0,4,0,-8,19371,74,33,79,16,0,0,0,0,0,0,0,-32287,0,0,0,0,0,2948956,0
2813661,7700,-1678,1054,-765,-49,77,-1368,-4,-2,-2,0,19371,74,33,79,16,0,0,0,0,0,0,0,-32287,0,0,0,0,0,2948961,0
2813666,7908,-1712,1160,-785,-47,79,-1367,4,1,0,0,19372,74,33,79,16,0,0,0,0,0,0,0,-32287,0,0,0,0,0,2948976,0
2813671,8070,-1658,1266,-790,-38,90,-1367,5,2,0,0,19372,74,33,79,16,0,0,0,0,0,0,0,-32287,0,0,0,0,0,2948981,0
2813676,8354,-1654,1416,-826,-14,84,-1369,-1,-2,0,0,19371,67,33,79,16,0,0,0,0,0,0,0,-32287,0,0,0,0,0,2948996,0
2813681,8474,-1608,1464,-831,2,86,-1369,-4,-3,0,0,19371,67,33,79,16,0,0,0,0,0,0,0,-32287,0,0,0,0,0,2949001,0
2813686,8560,-1516,1516,-840,2,75,-1368,-1,1,1,0,19371,77,33,79,16,0,0,0,0,0,0,0,-32287,0,0,0,0,0,2949016,0
2813691,8782,-1444,1502,-852,18,64,-1368,0,1,0,0,19371,77,33,79,16,0,0,0,0,0,0,0,-32287,0,0,0,0,0,2949021,0
2813696,8938,-1408,1612,-907,54,23,-1368,-2,-1,-1,8,19374,78,33,79,16,0,0,0,0,0,0,0,-32287,0,0,0,0,0,2949036,0
2813701,9050,-1392,1602,-930,107,11,-1368,-1,0,0,0,19374,78,33,79,16,0,0,0,0,0,0,0,-32287,0,0,0,0,0,2949041,0
2813706,9004,-1382,1642,-945,148,-15,-1367,7,-1,0,0,19374,81,33,79,16,0,0,0,0,0,0,0,-32287,0,0,0,0,0,2949056,0
2813711,9020,-1456,1652,-967,207,-47,-1368,0,0,-1,0,19374,81,33,79,16,0,0,0,0,0,0,0,-32287,0,0,0,0,0,2949061,0
2813716,9024,-1546,1626,-991,328,-79,-1368,3,1,0,0,19373,71,33,79,16,0,0,0,0,0,0,0,-32287,0,0,0,0,0,2949076,0
2813721,9002,-1622,1610,-981,394,-94,-1368,0,0,0,0,19373,71,33,79,16,0,0,0,0,0,0,0,-32287,0,0,0,0,0,2949081,0
2813726,8914,-1670,1612,-981,449,-114,-1369,0,-1,0,0,19371,66,33,79,16,0,0,0,0,0,0,0,-32287,0,0,0,0,0,2949096,0
2813731,8852,-1704,1628,-980,488,-125,-1367,2,-2,1,0,19371,66,33,79,16,0,0,0,0,0,0,0,-32287,0,0,0,0,0,2949101,0
2813736,8798,-1702,1646,-957,550,-156,-1367,-2,-1,1,0,19371,68,33,79,16,0,0,0,0,0,0,0,-32287,0,0,0,0,0,2949116,0
2813741,8828,-1658,1684,-939,574,-165,-1367,7,4,0,0,19371,68,33,79,16,0,0,0,0,0,0,0,-32287,0,0,0,0,0,2949121,0
2813746,8816,-1548,1730,-931,592,-187,-1368,-5,-4,0,0,19372,75,33,79,16,0,0,0,0,0,0,0,-32287,0,0,0,0,0,2949136,0
2813751,8814,-1502,1792,-924,610,-203,-1367,4,-3,0,0,19372,75,33,79,16,0,0,0,0,0,0,0,-32287,0,0,0,0,0,2949141,0
2813756,8952,-1258,1846,-939,653,-233,-1368,0,-2,-1,0,19371,82,33,79,16,0,0,0,0,0,0,0,-32287,0,0,0,0,0,2949156,0
2813761,9048,-1134,1868,-950,684,-248,-1368,-1,1,0,0,19371,82,33,79,16,0,0,0,0,0,0,0,-32287,0,0,0,0,0,2949161,0
2813766,9116,-1094,1884,-940,711,-273,-1367,1,-2,0,-8,19374,77,33,79,16,0,0,0,0,0,0,0,-32287,0,0,0,0,0,2949175,0
2813771,9116,-988,1928,-954,734,-289,-1367,0,4,1,0,19374,77,33,79,16,0,0,0,0,0,0,0,-32287,0,0,0,0,0,2949180,0
2813776,9082,-794,1836,-953,798,-319,-1367,2,1,0,0,19375,68,33,79,16,0,0,0,0,0,0,0,-32287,0,0,0,0,0,2949195,0
2813781,9078,-618,1894,-976,873,-330,-1366,4,6,0,0,19375,68,33,79,16,0,0,0,0,0,0,0,-32287,0,0,0,0,0,2949200,0
2813786,8994,-364,1888,-1044,950,-339,-1365,-2,3,0,0,19375,72,33,79,16,0,0,0,0,0,0,0,-32287,0,0,0,0,0,2949215,0
2813791,9078,-222,1838,-1081,966,-390,-1363,7,1,2,0,19375,72,33,79,16,0,0,0,0,0,0,0,-32287,0,0,0,0,0,2949220,0
2813796,8844,-216,1586,-1030,933,-466,-1363,-1,1,0,0,19374,71,33,79,16,0,0,0,0,0,0,0,-32287,0,0,0,0,0,2949235,0
2813801,8484,-130,1332,-1090,854,-465,-1363,4,-3,0,0,19374,71,33,79,16,0,0,0,0,0,0,0,-32287,0,0,0,0,0,2949240,0
2813806,8506,-102,1402,-1257,896,-422,-1360,15,-4,-2,8,19371,72,33,79,16,0,0,0,0,0,0,0,-32287,0,0,0,0,0,2949255,0
2813811,8528,-40,1596,-1405,836,-437,-1355,22,11,-2,8,19371,72,33,79,16,0,0,0,0,0,0,0,-32287,0,0,0,0,0,2949260,0
2813816,8652,-628,1770,-1480,696,-467,-1351,16,17,0,8,19372,69,33,79,16,0,0,0,0,0,0,0,-32287,0,0,0,0,0,2949275,0
2813821,9028,-1256,1806,-1510,588,-445,-1344,22,21,0,8,19372,69,33,79,16,0,0,0,0,0,0,0,-32287,0,0,0,0,0,2949280,0
2813826,9208,-1728,2134,-1692,599,-345,-1333,51,21,0,24,19373,63,33,79,16,0,0,0,0,0,0,0,-32287,0,0,0,0,0,2949295,0
2813831,9488,-2646,2440,-2153,700,-131,-1304,134,50,-11,88,19373,63,33,79,16,0,0,0,0,0,0,0,-32287,0,0,0,0,0,2949300,0
2813836,10488,-3798,3868,-2748,1209,79,-1252,238,129,-9,192,19373,69,33,79,16,0,0,0,0,0,0,0,-32287,0,0,0,0,0,2949315,0
2813841,10294,-5354,3760,-2409,1206,108,-1170,371,231,-13,448,19373,69,33,79,16,0,0,0,0,0,0,0,-32287,0,0,0,0,0,2949320,0
2813846,10974,-5994,3158,-1785,818,-20,-1058,514,343,-33,832,19379,79,33,79,16,0,0,0,0,0,0,0,-32287,0,0,0,0,0,2949335,0
2813851,11702,-5708,2530,-1167,611,-158,-908,678,430,-25,1256,19379,79,33,79,16,0,0,0,0,0,0,0,-32287,0,0,0,0,0,2949340,0
2813856,12100,-4428,1600,-735,262,-457,-722,829,487,1,1568,19383,84,33,79,16,0,0,0,0,0,0,0,-32287,0,0,0,0,0,2949355,0
2813861,12066,-4120,1282,-743,156,-603,-509,951,516,11,1792,19383,84,33,79,16,0,0,0,0,0,0,0,-32287,0,0,0,0,0,2949360,0
2813866,11706,-4228,1278,-735,165,-756,-277,1034,490,12,1928,19385,77,33,79,16,0,0,0,0,0,0,0,-32287,0,0,0,0,0,2949375,0
2813871,11048,-4772,1314,-648,183,-893,-32,1075,413,13,1984,19385,77,33,79,16,0,0,0,0,0,0,0,-32287,0,0,0,0,0,2949380,0
2813876,9894,-5896,1342,-406,305,-1061,219,1103,302,15,2000,19382,74,33,79,16,0,0,0,0,0,0,0,-32287,0,0,0,0,0,2949395,0
2813881,9050,-6524,1640,-420,416,-1064,469,1100,197,17,1952,19382,74,33,79,16,0,0,0,0,0,0,0,-32287,0,0,0,0,0,2949400,0
2813886,8238,-7350,1598,-459,495,-987,715,1078,94,15,1888,19375,72,33,79,16,0,0,0,0,0,0,0,-32287,0,0,0,0,0,2949415,0
2813891,7278,-8006,1608,-412,557,-899,952,1043,4,3,1800,19375,72,33,79,16,0,0,0,0,0,0,0,-32287,0,0,0,0,0,2949420,0
2813896,5862,-9066,1224,54,403,-699,1181,997,-51,2,1688,19372,67,33,79,16,0,0,0,0,0,0,0,-32287,0,0,0,0,0,2949435,0
2813901,5362,-8768,1248,300,346,-610,1399,956,-105,3,1608,19372,67,33,79,16,0,0,0,0,0,0,0,-32287,0,0,0,0,0,2949440,0
2813906,4884,-8208,1158,430,334,-487,1604,899,-135,0,1480,19369,65,33,79,16,0,0,0,0,0,0,0,-32287,0,0,0,0,0,2949455,0
2813911,4604,-7440,978,461,291,-381,1799,849,-159,-3,1400,19369,65,33,79,16,0,0,0,0,0,0,0,-32287,0,0,0,0,0,2949460,0
2813916,4176,-6512,338,566,201,-271,1982,798,-172,3,1256,19371,57,33,79,16,0,0,0,0,0,0,0,-32287,0,0,0,0,0,2949475,0
2813921,3912,-6066,-78,721,45,-261,2148,726,-181,11,1096,19371,57,33,79,16,0,0,0,0,0,0,0,-32287,0,0,0,0,0,2949480,0
2813926,3720,-5448,-390,870,-147,-263,2301,672,-202,0,984,19373,74,33,79,16,0,0,0,0,0,0,0,-32287,0,0,0,0,0,2949495,0
2813931,3518,-4708,-766,855,-263,-240,2437,595,-213,8,768,19373,74,33,79,16,0,0,0,0,0,0,0,-32287,0,0,0,0,0,2949500,0
2813936,3510,-3890,-712,804,-346,-214,2558,520,-224,2,584,19373,84,33,79,16,0,0,0,0,0,0,0,-32287,0,0,0,0,0,2949515,0
2813941,3514,-3904,-574,773,-407,-185,2664,454,-241,-10,448,19373,84,33,79,16,0,0,0,0,0,0,0,-32287,0,0,0,0,0,2949520,0
2813946,3790,-3670,-436,721,-377,-140,2755,401,-233,-7,344,19374,88,33,79,16,0,0,0,0,0,0,0,-32287,0,0,0,0,0,2949535,0
2813951,4000,-3466,-214,629,-314,-80,2833,337,-232,13,208,19374,88,33,79,16,0,0,0,0,0,0,0,-32287,0,0,0,0,0,2949540,0
2813956,4566,-3264,104,506,-122,22,2898,282,-226,12,144,19372,82,33,79,16,0,0,0,0,0,0,0,-32287,0,0,0,0,0,2949555,0
2813961,4722,-3780,460,653,-97,71,2950,222,-208,-6,80,19372,82,33,79,16,0,0,0,0,0,0,0,-32287,0,0,0,0,0,2949560,0
2813966,4492,-4116,318,606,-56,242,2991,182,-193,-10,72,19373,69,33,79,16,0,0,0,0,0,0,0,-32287,0,0,0,0,0,2949575,0
2813971,4374,-3662,206,267,-64,410,3024,140,-187,-12,64,19373,69,33,79,16,0,0,0,0,0,0,0,-32287,0,0,0,0,0,2949580,0
2813976,5204,-3506,10,162,-27,555,3059,155,-147,-14,72,19369,66,33,79,16,0,0,0,0,0,0,0,-32287,0,0,0,0,0,2949595,0
2813981,5372,-3338,66,290,-201,563,3095,157,-91,0,80,19369,66,33,79,16,0,0,0,0,0,0,0,-32287,0,0,0,0,0,2949600,0
2813986,6000,-3662,-78,404,-353,640,3136,172,-25,-1,80,19369,72,33,79,16,0,0,0,0,0,0,0,-32287,0,0,0,0,0,2949615,0
2813991,6204,-3128,-6,395,-515,671,3178,186,16,-2,120,19369,72,33,79,16,0,0,0,0,0,0,0,-32287,0,0,0,0,0,2949620,0
2813996,7302,-2542,246,167,-608,782,3227,215,48,0,128,19371,80,33,79,16,0,0,0,0,0,0,0,-32287,0,0,0,0,0,2949635,0
2814001,7976,-2774,310,22,-618,859,3278,212,55,6,104,19371,80,33,79,16,0,0,0,0,0,0,0,-32287,0,0,0,0,0,2949640,0
2814006,8236,-2610,518,-48,-643,854,3329,224,54,1,120,19372,81,33,79,16,0,0,0,0,0,0,0,-32287,0,0,0,0,0,2949655,0
2814011,8740,-2646,412,-94,-604,842,3384,244,48,1,144,19372,81,33,79,16,0,0,0,0,0,0,0,-32287,0,0,0,0,0,2949660,0
2814016,8818,-2386,382,-273,-501,840,3438,235,32,2,128,19370,74,33,79,16,0,0,0,0,0,0,0,-32287,0,0,0,0,0,2949675,0
2814021,8926,-2352,254,-416,-405,816,3490,234,16,-1,136,19370,74,33,79,16,0,0,0,0,0,0,0,-32287,0,0,0,0,0,2949680,0
2814026,8810,-2588,200,-518,-341,787,3549,258,20,0,176,19370,74,33,79,16,0,0,0,0,0,0,0,-32286,0,0,0,0,0,2949695,0
2814031,8590,-2598,240,-543,-286,709,3614,293,33,0,216,19370,74,33,79,16,0,0,0,0,0,0,0,-32287,0,0,0,0,0,2949700,0
2814036,8156,-3058,-56,-431,-293,556,3689,336,62,0,288,19371,75,33,79,16,0,0,0,0,0,0,0,-32287,0,0,0,0,0,2949715,0
2814041,7848,-3038,-140,-381,-322,473,3770,355,100,0,296,19371,75,33,79,16,0,0,0,0,0,0,0,-32287,0,0,0,0,0,2949720,0
2814046,7638,-3064,-194,-375,-352,391,3855,376,108,-3,352,19373,68,33,79,16,0,0,0,0,0,0,0,-32287,0,0,0,0,0,2949735,0
2814051,7314,-3206,-254,-404,-381,333,3942,390,95,-7,368,19373,68,33,79,16,0,0,0,0,0,0,0,-32287,0,0,0,0,0,2949740,0
2814056,6720,-3640,-158,-331,-558,200,4039,429,83,-12,472,19372,73,33,79,16,0,0,0,0,0,0,0,-32287,0,0,0,0,0,2949755,0
2814061,6476,-3996,-88,-205,-675,147,4144,471,76,-15,552,19372,73,33,79,16,0,0,0,0,0,0,0,-32287,0,0,0,0,0,2949760,0
2814066,6354,-4232,-2,-82,-787,122,4227,458,92,0,552,19371,67,33,79,16,0,0,0,0,0,0,0,-32287,0,0,0,0,0,2949775,0
2814071,6234,-4160,110,-13,-903,91,4334,468,78,5,584,19371,67,33,79,16,0,0,0,0,0,0,0,-32287,0,0,0,0,0,2949779,0
2814076,6196,-4272,440,33,-983,95,4438,457,44,4,544,19368,75,33,79,16,0,0,0,0,0,0,0,-32287,0,0,0,0,0,2949794,0
2814081,6356,-4330,564,71,-964,104,4546,474,23,0,576,19368,75,33,79,16,0,0,0,0,0,0,0,-32287,0,0,0,0,0,2949799,0
2814086,6382,-4480,738,133,-952,136,4652,472,2,6,552,19373,72,33,79,16,0,0,0,0,0,0,0,-32287,0,0,0,0,0,2949814,0
2814091,6338,-4454,912,206,-928,142,4754,448,-9,7,496,19373,72,33,79,16,0,0,0,0,0,0,0,-32287,0,0,0,0,0,2949819,0
2814096,6736,-4258,1022,398,-829,174,4849,418,-33,-5,456,19374,79,33,79,16,0,0,0,0,0,0,0,-32287,0,0,0,0,0,2949834,0
2814101,6966,-4134,976,477,-776,185,4941,400,-54,0,408,19374,79,33,79,16,0,0,0,0,0,0,0,-32287,0,0,0,0,0,2949839,0
2814106,6972,-3966,926,531,-723,208,5030,394,-67,4,392,19375,80,33,79,16,0,0,0,0,0,0,0,-32287,0,0,0,0,0,2949854,0
2814111,7004,-3938,850,556,-684,264,5114,362,-65,18,280,19375,80,33,79,16,0,0,0,0,0,0,0,-32287,0,0,0,0,0,2949859,0
2814116,7002,-3624,630,619,-636,297,5188,328,-73,12,240,19371,75,33,79,16,0,0,0,0,0,0,0,-32287,0,0,0,0,0,2949874,0
2814121,6944,-3552,476,677,-611,336,5258,301,-83,4,192,19371,75,33,79,16,0,0,0,0,0,0,0,-32287,0,0,0,0,0,2949879,0
2814126,6928,-3476,380,723,-653,369,5321,272,-99,0,152,19369,69,33,79,16,0,0,0,0,0,0,0,-32287,0,0,0,0,0,2949894,0
2814131,6872,-3400,212,729,-679,411,5377,246,-104,-9,136,19369,69,33,79,16,0,0,0,0,0,0,0,-32287,0,0,0,0,0,2949899,0
2814136,6696,-2978,98,663,-726,463,5429,229,-92,-5,112,19369,69,33,79,16,0,0,0,0,0,0,0,-32287,0,0,0,0,0,2949914,0
2814141,6710,-3100,-12,655,-783,503,5478,214,-84,0,104,19369,69,33,79,16,0,0,0,0,0,0,0,-32287,0,0,0,0,0,2949919,0
2814146,6592,-2936,-16,681,-828,515,5523,194,-70,-2,88,19371,73,33,79,16,0,0,0,0,0,0,0,-32287,0,0,0,0,0,2949934,0
2814151,6680,-3030,-160,695,-872,570,5559,152,-74,-1,56,19371,73,33,79,16,0,0,0,0,0,0,0,-32287,0,0,0,0,0,2949939,0
2814156,6846,-2922,-348,693,-979,588,5591,142,-79,-8,56,19371,72,33,79,16,0,0,0,0,0,0,0,-32287,0,0,0,0,0,2949954,0
2814161,6560,-2620,-226,660,-1028,600,5619,117,-81,0,56,19371,72,33,79,16,0,0,0,0,0,0,0,-32287,0,0,0,0,0,2949959,0
2814166,6804,-2658,-296,644,-1100,596,5647,133,-72,-4,56,19370,70,33,79,16,0,0,0,0,0,0,0,-32287,0,0,0,0,0,2949974,0
2814171,6808,-2730,-292,604,-1114,660,5675,110,-56,6,40,19370,70,33,79,16,0,0,0,0,0,0,0,-32287,0,0,0,0,0,2949979,0
2814176,7134,-2562,-56,538,-1143,659,5695,86,-44,2,32,19368,65,33,79,16,0,0,0,0,0,0,0,-32287,0,0,0,0,0,2949994,0
2814181,7044,-2568,150,582,-1110,691,5716,91,-42,-2,24,19368,65,33,79,16,0,0,0,0,0,0,0,-32287,0,0,0,0,0,2949999,0
2814186,7026,-2604,292,598,-1106,696,5732,70,-40,4,16,19370,76,33,79,16,0,0,0,0,0,0,0,-32287,0,0,0,0,0,2950014,0
2814191,7286,-2576,324,623,-1038,713,5742,36,-51,0,16,19370,76,33,79,16,0,0,0,0,0,0,0,-32287,0,0,0,0,0,2950019,0
2814196,7462,-2302,496,650,-917,695,5751,36,-54,-1,32,19373,72,33,79,16,0,0,0,0,0,0,0,-32287,0,0,0,0,0,2950034,0
2814201,7646,-2292,466,693,-842,671,5768,79,-36,-5,40,19373,72,33,79,16,0,0,0,0,0,0,0,-32287,0,0,0,0,0,2950039,0
2814206,7650,-2314,470,770,-789,656,5793,114,5,-2,40,19371,69,33,79,16,0,0,0,0,0,0,0,-32287,0,0,0,0,0,2950054,0
2814211,7666,-2282,404,800,-753,635,5817,113,53,2,48,19371,69,33,79,16,0,0,0,0,0,0,0,-32287,0,0,0,0,0,2950059,0
2814216,7986,-2084,184,862,-676,558,5849,148,78,-2,64,19369,65,33,79,16,0,0,0,0,0,0,0,-32287,0,0,0,0,0,2950074,0
2814221,7828,-2034,168,822,-634,522,5881,137,69,3,72,19369,65,33,79,16,0,0,0,0,0,0,0,-32286,0,0,0,0,0,2950079,0
2814226,8080,-1938,6,837,-642,459,5916,161,51,-5,88,19371,62,33,79,16,0,0,0,0,0,0,0,-32287,0,0,0,0,0,2950094,0
2814231,8142,-2058,-38,867,-576,438,5959,179,49,4,88,19371,62,33,79,16,0,0,0,0,0,0,0,-32287,0,0,0,0,0,2950099,0
2814236,8188,-2234,-78,823,-579,407,5999,176,50,1,72,19372,72,33,79,16,0,0,0,0,0,0,0,-32287,0,0,0,0,0,2950114,0
2814241,7906,-1996,92,763,-571,372,6036,164,32,-2,80,19372,72,33,79,16,0,0,0,0,0,0,0,-32287,0,0,0,0,0,2950122,0
2814246,8122,-2182,30,752,-510,361,6074,164,11,0,72,19372,71,33,79,16,0,0,0,0,0,0,0,-32287,0,0,0,0,0,2950137,0
2814251,7924,-2114,152,770,-478,314,6115,187,-5,1,80,19372,71,33,79,16,0,0,0,0,0,0,0,-32287,0,0,0,0,0,2950142,0
2814256,7712,-2152,148,804,-427,289,6150,153,-11,3,72,19372,70,33,79,16,0,0,0,0,0,0,0,-32287,0,0,0,0,0,2950157,0
2814261,7874,-2298,-38,804,-373,299,6187,158,-4,-1,64,19372,70,33,79,16,0,0,0,0,0,0,0,-32287,0,0,0,0,0,2950162,0
2814266,7604,-2042,78,778,-347,272,6225,166,-13,-1,96,19371,71,33,79,16,0,0,0,0,0,0,0,-32287,0,0,0,0,0,2950177,0
2814271,7790,-2206,-44,787,-337,267,6268,192,7,1,96,19371,71,33,79,16,0,0,0,0,0,0,0,-32287,0,0,0,0,0,2950182,0
2814276,7756,-2266,-54,843,-327,235,6316,221,23,-1,128,19370,73,33,79,16,0,0,0,0,0,0,0,-32287,0,0,0,0,0,2950197,0
2814281,7640,-2074,-28,919,-344,186,6370,245,57,0,168,19370,73,33,79,16,0,0,0,0,0,0,0,-32287,0,0,0,0,0,2950202,0
2814286,7788,-2058,-78,1014,-344,170,6431,273,86,0,192,19372,72,33,79,16,0,0,0,0,0,0,0,-32287,0,0,0,0,0,2950217,0
2814291,7594,-1992,-328,1033,-452,187,6495,277,88,6,184,19372,72,33,79,16,0,0,0,0,0,0,0,-32287,0,0,0,0,0,2950222,0
2814296,7748,-1394,-4,875,-295,171,6560,286,74,-3,208,19374,76,33,79,16,0,0,0,0,0,0,0,-32287,0,0,0,0,0,2950236,0
2814301,7654,-1602,-34,728,-238,166,6623,275,49,1,168,19374,76,33,79,16,0,0,0,0,0,0,0,-32287,0,0,0,0,0,2950241,0
2814306,7850,-1876,-188,713,-197,167,6686,276,16,-1,184,19374,56,33,79,16,0,0,0,0,0,0,0,-32287,0,0,0,0,0,2950256,0
2814311,7784,-2034,-114,841,-158,149,6752,294,10,-5,208,19374,56,33,79,16,0,0,0,0,0,0,0,-32287,0,0,0,0,0,2950261,0
2814316,7730,-2044,-180,1022,-148,113,6824,315,21,-3,248,19373,48,33,79,16,0,0,0,0,0,0,0,-32287,0,0,0,0,0,2950276,0
2814321,7724,-2006,-278,1014,-115,145,6900,330,39,2,232,19373,48,33,79,16,0,0,0,0,0,0,0,-32287,0,0,0,0,0,2950281,0
2814326,7672,-1974,-378,926,-103,175,6973,313,49,2,224,19374,63,33,79,16,0,0,0,0,0,0,0,-32287,0,0,0,0,0,2950296,0
2814331,7856,-1898,-446,850,-86,183,7043,313,33,0,200,19374,63,33,79,16,0,0,0,0,0,0,0,-32287,0,0,0,0,0,2950301,0
2814336,7786,-2028,-402,765,-40,259,7110,293,-5,0,184,19376,65,33,79,16,0,0,0,0,0,0,0,-32287,0,0,0,0,0,2950316,0
2814341,7880,-2086,-352,775,-36,252,7180,306,-30,-4,224,19376,65,33,79,16,0,0,0,0,0,0,0,-32287,0,0,0,0,0,2950321,0
2814346,7898,-2186,-298,823,-4,252,7251,315,-12,-4,256,19377,77,33,79,16,0,0,0,0,0,0,0,-32287,0,0,0,0,0,2950336,0
2814351,7922,-2086,-284,861,-9,247,7329,335,16,2,280,19377,77,33,79,16,0,0,0,0,0,0,0,-32287,0,0,0,0,0,2950341,0
2814356,7992,-1934,-194,823,24,238,7405,326,32,7,232,19376,74,33,79,16,0,0,0,0,0,0,0,-32287,0,0,0,0,0,2950356,0
2814361,8224,-1950,-254,795,60,226,7483,334,35,0,264,19376,74,33,79,16,0,0,0,0,0,0,0,-32287,0,0,0,0,0,2950361,0
2814366,8154,-2004,-176,773,99,209,7561,350,24,-2,280,19375,73,33,79,16,0,0,0,0,0,0,0,-32287,0,0,0,0,0,2950376,0
2814371,8254,-2136,-172,798,98,172,7642,361,23,-9,312,19375,73,33,79,16,0,0,0,0,0,0,0,-32287,0,0,0,0,0,2950381,0
2814376,8228,-2280,-112,951,88,92,7734,402,35,-15,424,19373,67,33,79,16,0,0,0,0,0,0,0,-32287,0,0,0,0,0,2950396,0
2814381,8250,-2406,-140,1014,75,73,7829,418,63,-10,448,19373,67,33,79,16,0,0,0,0,0,0,0,-32287,0,0,0,0,0,2950401,0
2814386,8168,-2330,-110,1019,57,50,7928,436,85,-2,488,19375,75,33,79,16,0,0,0,0,0,0,0,-32286,0,0,0,0,0,2950416,0
2814391,8360,-2334,-158,1028,37,12,8031,451,82,-5,536,19375,75,33,79,16,0,0,0,0,0,0,0,-32287,0,0,0,0,0,2950421,0
2814396,8390,-2294,14,1040,16,-86,8141,483,75,-7,640,19375,79,33,79,16,0,0,0,0,0,0,0,-32287,0,0,0,0,0,2950436,0
2814401,8466,-2460,-12,1135,10,-127,8256,509,75,6,680,19375,79,33,79,16,0,0,0,0,0,0,0,-32287,0,0,0,0,0,2950441,0
2814406,8396,-2360,12,1170,-13,-153,8375,525,78,10,712,19374,81,33,79,16,0,0,0,0,0,0,0,-32287,0,0,0,0,0,2950456,0
2814411,8454,-2322,54,1213,-41,-184,8496,526,73,6,704,19374,81,33,79,16,0,0,0,0,0,0,0,-32287,0,0,0,0,0,2950461,0
2814416,8456,-2082,48,1213,8,-240,8617,537,60,0,720,19372,79,33,79,16,0,0,0,0,0,0,0,-32287,0,0,0,0,0,2950476,0
2814421,8590,-1998,-46,1263,59,-269,8744,548,40,3,752,19372,79,33,79,16,0,0,0,0,0,0,0,-32287,0,0,0,0,0,2950481,0
2814426,8408,-1962,-64,1292,83,-275,8865,537,24,2,704,19370,74,33,79,16,0,0,0,0,0,0,0,-32287,0,0,0,0,0,2950496,0
2814431,8502,-1796,-222,1303,99,-289,8987,526,14,8,672,19370,74,33,79,16,0,0,0,0,0,0,0,-32287,0,0,0,0,0,2950501,0
2814436,8452,-1358,-426,1315,170,-333,9107,521,-4,5,664,19373,85,33,79,16,0,0,0,0,0,0,0,-32287,0,0,0,0,0,2950516,0
2814441,8324,-1300,-552,1314,196,-334,9229,535,-12,0,696,19373,85,33,79,16,0,0,0,0,0,0,0,-32287,0,0,0,0,0,2950521,0
2814446,8300,-1066,-698,1275,199,-329,9346,512,-13,0,648,19374,87,33,79,16,0,0,0,0,0,0,0,-32287,0,0,0,0,0,2950536,0
2814451,8302,-892,-828,1197,192,-321,9458,488,-24,-5,584,19374,87,33,79,16,0,0,0,0,0,0,0,-32287,0,0,0,0,0,2950541,0
2814456,8398,-564,-936,1111,245,-342,9571,493,-32,-13,632,19373,77,33,79,16,0,0,0,0,0,0,0,-32287,0,0,0,0,0,2950556,0
2814461,8192,-710,-980,1091,208,-327,9682,488,-32,0,592,19373,77,33,79,16,0,0,0,0,0,0,0,-32287,0,0,0,0,0,2950561,0
2814466,8234,-644,-1074,1044,154,-337,9790,473,-31,2,560,19373,70,33,79,16,0,0,0,0,0,0,0,-32287,0,0,0,0,0,2950576,0
2814471,8604,-602,-1064,1016,161,-333,9894,457,-28,-1,528,19373,70,33,79,16,0,0,0,0,0,0,0,-32287,0,0,0,0,0,2950581,0
2814476,8816,-652,-668,946,196,-375,10003,476,-27,-9,616,19373,72,33,79,16,0,0,0,0,0,0,0,-32287,0,0,0,0,0,2950596,0
2814481,8832,-746,-660,962,208,-400,10113,487,-13,-4,624,19373,72,33,79,16,0,0,0,0,0,0,0,-32287,0,0,0,0,0,2950601,0
2814486,8936,-1090,-808,944,159,-399,10222,480,5,0,608,19375,79,33,79,16,0,0,0,0,0,0,0,-32287,0,0,0,0,0,2950616,0
2814491,9354,-1354,-912,934,150,-423,10331,487,14,-6,640,19375,79,33,79,16,0,0,0,0,0,0,0,-32287,0,0,0,0,0,2950621,0
2814496,9818,-2126,-646,988,257,-467,10443,491,12,-3,664,19377,87,33,79,16,0,0,0,0,0,0,0,-32287,0,0,0,0,0,2950636,0
2814501,9958,-2384,-490,1072,283,-502,10559,513,18,6,688,19377,87,33,79,16,0,0,0,0,0,0,0,-32287,0,0,0,0,0,2950641,0
2814506,9952,-2746,-432,1112,261,-508,10672,498,21,12,640,19376,83,33,79,16,0,0,0,0,0,0,0,-32287,0,0,0,0,0,2950656,0
2814511,10116,-2840,-468,1146,202,-533,10783,488,19,3,600,19376,83,33,79,16,0,0,0,0,0,0,0,-32287,0,0,0,0,0,2950661,0
2814516,9936,-2954,-228,1070,83,-581,10893,483,-4,-2,608,19375,82,33,79,16,0,0,0,0,0,0,0,-32288,0,0,0,0,0,2950676,0
2814521,10010,-3056,-198,1003,0,-583,11000,471,-22,0,552,19375,82,33,79,16,0,0,0,0,0,0,0,-32287,0,0,0,0,0,2950681,0
2814526,9874,-2914,48,872,-83,-571,11098,425,-41,3,448,19374,73,33,79,16,0,0,0,0,0,0,0,-32287,0,0,0,0,0,2950696,0
2814531,10058,-2994,382,616,-76,-507,11192,396,-62,2,376,19374,73,33,79,16,0,0,0,0,0,0,0,-32287,0,0,0,0,0,2950701,0
2814536,9722,-3366,874,325,-155,-474,11276,370,-92,14,320,19376,67,33,79,16,0,0,0,0,0,0,0,-32287,0,0,0,0,0,2950716,0
2814541,9390,-3520,816,511,-322,-501,11353,333,-104,14,240,19376,67,33,79,16,0,0,0,0,0,0,0,-32287,0,0,0,0,0,2950721,0
2814546,9380,-3268,964,710,-415,-519,11422,298,-117,11,168,19374,70,33,79,16,0,0,0,0,0,0,0,-32287,0,0,0,0,0,2950736,0
2814551,9060,-2620,1068,716,-430,-504,11480,243,-122,11,96,19374,70,33,79,16,0,0,0,0,0,0,0,-32287,0,0,0,0,0,2950741,0
2814556,8840,-1996,794,275,-409,-434,11520,174,-144,-7,48,19373,68,33,79,16,0,0,0,0,0,0,0,-32287,0,0,0,0,0,2950756,0
2814561,8674,-1788,846,56,-411,-433,11545,99,-183,-5,24,19373,68,33,79,16,0,0,0,0,0,0,0,-32287,0,0,0,0,0,2950760,0
2814566,8838,-1950,870,-43,-341,-443,11557,55,-217,-2,8,19372,72,33,79,16,0,0,0,0,0,0,0,-32287,0,0,0,0,0,2950775,0
2814571,8962,-2220,988,-74,-284,-429,11561,7,-213,3,-8,19372,72,33,79,16,0,0,0,0,0,0,0,-32287,0,0,0,0,0,2950780,0
2814576,9140,-2618,960,-60,-217,-472,11561,-2,-185,0,0,19372,84,33,79,16,0,0,0,0,0,0,0,-32287,0,0,0,0,0,2950795,0
2814581,9050,-2546,934,-147,-131,-447,11561,2,-128,-1,0,19372,84,33,79,16,0,0,0,0,0,0,0,-32287,0,0,0,0,0,2950800,0
2814586,9022,-2684,956,-350,-45,-447,11560,2,-68,0,-8,19373,86,33,79,16,0,0,0,0,0,0,0,-32287,0,0,0,0,0,2950815,0
2814591,9034,-3124,850,-549,28,-415,11559,-7,-27,-2,0,19373,86,33,79,16,0,0,0,0,0,0,0,-32287,0,0,0,0,0,2950820,0
2814596,8640,-3944,946,-818,83,-408,11560,0,0,-1,-8,19376,91,33,79,16,0,0,0,0,0,0,0,-32287,0,0,0,0,0,2950835,0
2814601,8516,-4222,1064,-939,103,-374,11560,-2,1,0,-8,19376,91,33,79,16,0,0,0,0,0,0,0,-32287,0,0,0,0,0,2950840,0
2814606,8230,-4534,1264,-1085,88,-361,11560,0,0,0,-8,19375,85,33,79,16,0,0,0,0,0,0,0,-32287,0,0,0,0,0,2950855,0
2814611,8042,-5284,1310,-1187,84,-339,11560,-6,0,0,-8,19375,85,33,79,16,0,0,0,0,0,0,0,-32287,0,0,0,0,0,2950860,0
2814616,9272,-4644,2104,-774,-169,-648,11559,-3,-1,1,-16,19373,78,33,79,16,0,0,0,0,0,0,0,-32287,0,0,0,0,0,2950875,0
2814621,9186,-6628,2662,745,-60,-1043,11546,-63,-19,7,-48,19373,78,33,79,16,0,0,0,0,0,0,0,-32287,0,0,0,0,0,2950880,0
2814626,7120,-7138,2074,1465,-602,-1014,11510,-160,-83,16,-144,19373,77,33,79,16,0,0,0,0,0,0,0,-32287,0,0,0,0,0,2950895,0
2814631,8028,-5174,1622,1580,-1014,-1073,11444,-308,-192,18,-360,19373,77,33,79,16,0,0,0,0,0,0,0,-32287,0,0,0,0,0,2950900,0
2814636,5916,-5472,1914,-616,17,-821,11342,-461,-323,31,-704,19373,75,33,79,16,0,0,0,0,0,0,0,-32287,0,0,0,0,0,2950915,0
2814641,6602,-7102,1892,-792,117,-640,11201,-636,-442,37,-1200,19373,75,33,79,16,0,0,0,0,0,0,0,-32287,0,0,0,0,0,2950920,0
2814646,4512,-7980,2422,-700,146,-521,11023,-801,-519,10,-1560,19374,75,33,79,16,0,0,0,0,0,0,0,-32287,0,0,0,0,0,2950935,0
2814651,4636,-9142,1992,-327,-78,-400,10801,-990,-580,7,-1968,19374,75,33,79,16,0,0,0,0,0,0,0,-32287,0,0,0,0,0,2950940,0
2814656,3044,-8860,2464,-335,349,99,10545,-1143,-595,4,-2304,19372,73,33,79,16,0,0,0,0,0,0,0,-32287,0,0,0,0,0,2950955,0
2814661,2954,-9126,2170,-261,313,290,10255,-1284,-592,1,-2608,19372,73,33,79,16,0,0,0,0,0,0,0,-32287,0,0,0,0,0,2950960,0
2814666,3072,-9142,1996,13,323,483,9934,-1430,-556,1,-2912,19371,74,33,79,16,0,0,0,0,0,0,0,-32287,0,0,0,0,0,2950975,0
2814671,3090,-8328,1922,305,253,590,9588,-1539,-509,0,-3128,19371,74,33,79,16,0,0,0,0,0,0,0,-32287,0,0,0,0,0,2950980,0
2814676,3824,-7030,1228,511,197,837,9213,-1662,-467,-3,-3384,19371,74,33,79,16,0,0,0,0,0,0,0,-32287,0,0,0,0,0,2950995,0
2814681,4248,-6176,932,437,180,896,8808,-1798,-445,-10,-3616,19371,74,33,79,16,0,0,0,0,0,0,0,-32287,0,0,0,0,0,2951000,0
2814686,4694,-5704,680,358,165,980,8380,-1891,-429,-15,-3792,19371,80,33,79,16,0,0,0,0,0,0,0,-32287,0,0,0,0,0,2951015,0
2814691,5170,-5336,498,346,77,1046,7927,-1999,-414,-10,-3984,19371,80,33,79,16,0,0,0,0,0,0,0,-32287,0,0,0,0,0,2951020,0
2814696,6032,-4252,402,141,-89,1139,7455,-2080,-386,-10,-4120,19371,77,33,79,16,0,0,0,0,0,0,0,-32287,0,0,0,0,0,2951035,0
2814701,6618,-4064,270,71,-177,1189,6973,-2126,-338,-7,-4208,19371,77,33,79,16,0,0,0,0,0,0,0,-32287,0,0,0,0,0,2951040,0
2814706,6922,-3618,276,-31,-310,1224,6485,-2146,-264,-1,-4256,19370,74,33,79,16,0,0,0,0,0,0,0,-32287,0,0,0,0,0,2951055,0
2814711,7596,-3300,352,-152,-429,1240,5995,-2154,-186,1,-4256,19370,74,33,79,16,0,0,0,0,0,0,0,-32287,0,0,0,0,0,2951060,0
2814716,8658,-2672,792,-257,-647,1202,5507,-2144,-99,0,-4232,19368,87,33,79,16,0,0,0,0,0,0,0,-32287,0,0,0,0,0,2951075,0
2814721,9004,-2210,876,-292,-805,1158,5021,-2142,-41,-1,-4216,19368,87,33,79,16,0,0,0,0,0,0,0,-32287,0,0,0,0,0,2951080,0
2814726,9640,-1704,1054,-315,-900,1066,4539,-2119,7,-10,-4136,19368,84,33,79,16,0,0,0,0,0,0,0,-32287,0,0,0,0,0,2951095,0
2814731,10234,-1234,1460,-306,-925,943,4062,-2091,34,-14,-4040,19368,84,33,79,16,0,0,0,0,0,0,0,-32287,0,0,0,0,0,2951100,0
2814736,10952,-784,1640,-137,-1051,655,3599,-2039,67,-10,-3920,19368,96,33,79,16,0,0,0,0,0,0,0,-32287,0,0,0,0,0,2951115,0
2814741,11298,-352,2040,-172,-913,530,3147,-1974,107,-3,-3768,19368,96,33,79,16,0,0,0,0,0,0,0,-32287,0,0,0,0,0,2951120,0
2814746,11416,-150,2636,-280,-682,412,2714,-1906,164,1,-3656,19370,83,33,79,16,0,0,0,0,0,0,0,-32287,0,0,0,0,0,2951135,0
2814751,11342,-378,2966,-386,-452,303,2297,-1824,205,5,-3504,19370,83,33,79,16,0,0,0,0,0,0,0,-32287,0,0,0,0,0,2951140,0
2814756,10950,-1082,3130,-377,40,152,1899,-1747,241,6,-3360,19368,71,33,79,16,0,0,0,0,0,0,0,-32287,0,0,0,0,0,2951155,0
2814761,10614,-1242,3278,-352,329,79,1514,-1688,252,0,-3224,19368,71,33,79,16,0,0,0,0,0,0,0,-32287,0,0,0,0,0,2951160,0
2814766,10244,-1392,3170,-384,638,54,1141,-1632,247,-9,-3104,19369,70,33,79,16,0,0,0,0,0,0,0,-32287,0,0,0,0,0,2951175,0
2814771,9572,-1554,2834,-405,901,45,782,-1577,228,-11,-2944,19369,70,33,79,16,0,0,0,0,0,0,0,-32287,0,0,0,0,0,2951180,0
2814776,8528,-2160,2110,-498,1320,93,437,-1515,210,-13,-2792,19371,89,33,79,16,0,0,0,0,0,0,0,-32286,0,0,0,0,0,2951195,0
2814781,8046,-2350,1720,-492,1421,130,109,-1441,208,-14,-2608,19371,89,33,79,16,0,0,0,0,0,0,0,-32287,0,0,0,0,0,2951200,0
2814786,7562,-2424,1370,-441,1452,142,-201,-1359,224,-12,-2416,19373,89,33,79,16,0,0,0,0,0,0,0,-32287,0,0,0,0,0,2951215,0
2814791,7218,-2534,940,-412,1468,186,-494,-1277,249,-4,-2232,19373,89,33,79,16,0,0,0,0,0,0,0,-32287,0,0,0,0,0,2951220,0
2814796,6656,-2180,232,-494,1422,250,-765,-1185,270,-4,-2024,19372,87,33,79,16,0,0,0,0,0,0,0,-32287,0,0,0,0,0,2951235,0
2814801,6372,-1996,2,-555,1346,271,-1017,-1097,287,-3,-1840,19372,87,33,79,16,0,0,0,0,0,0,0,-32287,0,0,0,0,0,2951240,0
2814806,6402,-2044,-130,-574,1243,271,-1248,-1006,306,3,-1672,19370,72,33,79,16,0,0,0,0,0,0,0,-32287,0,0,0,0,0,2951255,0
2814811,6390,-1954,-160,-547,1102,248,-1463,-936,302,2,-1528,19370,72,33,79,16,0,0,0,0,0,0,0,-32287,0,0,0,0,0,2951260,0
2814816,6512,-1684,-248,-538,807,205,-1659,-861,297,1,-1376,19370,70,33,79,16,0,0,0,0,0,0,0,-32287,0,0,0,0,0,2951274,0
2814821,6604,-1546,-150,-642,702,184,-1846,-816,265,5,-1280,19370,70,33,79,16,0,0,0,0,0,0,0,-32287,0,0,0,0,0,2951279,0
2814826,6738,-1632,2,-798,655,201,-2017,-748,242,0,-1160,19370,69,33,79,16,0,0,0,0,0,0,0,-32287,0,0,0,0,0,2951294,0
2814831,6724,-1656,320,-951,665,224,-2180,-706,207,2,-1056,19370,69,33,79,16,0,0,0,0,0,0,0,-32287,0,0,0,0,0,2951299,0
2814836,6986,-2048,790,-957,653,203,-2332,-668,190,-5,-968,19372,68,33,79,16,0,0,0,0,0,0,0,-32287,0,0,0,0,0,2951314,0
2814841,7000,-1994,968,-941,655,198,-2472,-611,175,-3,-848,19372,68,33,79,16,0,0,0,0,0,0,0,-32287,0,0,0,0,0,2951319,0
2814846,7154,-1914,1098,-946,686,197,-2604,-577,167,2,-752,19373,72,33,79,16,0,0,0,0,0,0,0,-32287,0,0,0,0,0,2951334,0
2814851,7226,-1810,1176,-1000,767,215,-2724,-524,160,2,-632,19373,72,33,79,16,0,0,0,0,0,0,0,-32287,0,0,0,0,0,2951339,0
2814856,7302,-1692,1164,-1042,838,187,-2835,-479,156,5,-512,19371,67,33,79,16,0,0,0,0,0,0,0,-32287,0,0,0,0,0,2951354,0
2814861,7126,-1552,1184,-1064,857,183,-2933,-428,165,5,-416,19371,67,33,79,16,0,0,0,0,0,0,0,-32286,0,0,0,0,0,2951359,0
2814866,7014,-1600,1132,-1086,876,180,-3021,-389,156,4,-328,19369,69,33,79,16,0,0,0,0,0,0,0,-32287,0,0,0,0,0,2951374,0
2814871,6934,-1534,1072,-1100,885,182,-3103,-353,159,-11,-280,19369,69,33,79,16,0,0,0,0,0,0,0,-32287,0,0,0,0,0,2951379,0
2814876,6526,-1426,926,-1097,836,139,-3178,-329,143,-7,-240,19370,74,33,79,16,0,0,0,0,0,0,0,-32287,0,0,0,0,0,2951394,0
2814881,6504,-1360,738,-1044,823,135,-3244,-279,124,-9,-144,19370,74,33,79,16,0,0,0,0,0,0,0,-32287,0,0,0,0,0,2951399,0
2814886,6270,-1212,700,-1036,774,86,-3295,-227,128,-2,-88,19371,79,33,79,16,0,0,0,0,0,0,0,-32287,0,0,0,0,0,2951414,0
2814891,6258,-1292,524,-1060,763,94,-3335,-164,148,8,-48,19371,79,33,79,16,0,0,0,0,0,0,0,-32287,0,0,0,0,0,2951419,0
2814896,5958,-1254,472,-1119,730,88,-3360,-106,184,5,-48,19373,75,33,79,16,0,0,0,0,0,0,0,-32287,0,0,0,0,0,2951434,0
2814901,5692,-1298,470,-1128,692,56,-3378,-88,183,4,-32,19373,75,33,79,16,0,0,0,0,0,0,0,-32287,0,0,0,0,0,2951439,0
2814906,5752,-1342,382,-1080,688,43,-3388,-31,169,-5,-8,19371,75,33,79,16,0,0,0,0,0,0,0,-32287,0,0,0,0,0,2951454,0
2814911,5614,-1278,426,-1038,665,16,-3386,11,157,-5,16,19371,75,33,79,16,0,0,0,0,0,0,0,-32287,0,0,0,0,0,2951459,0
2814916,5460,-1378,352,-1075,652,38,-3383,12,130,-1,0,19372,73,33,79,16,0,0,0,0,0,0,0,-32287,0,0,0,0,0,2951474,0
2814921,5392,-1362,322,-1152,659,53,-3380,6,102,2,-8,19372,73,33,79,16,0,0,0,0,0,0,0,-32287,0,0,0,0,0,2951479,0
2814926,5418,-1338,382,-1170,664,44,-3381,0,58,1,-8,19373,75,33,79,16,0,0,0,0,0,0,0,-32287,0,0,0,0,0,2951494,0
2814931,5502,-1510,436,-1129,672,37,-3382,-6,7,0,-8,19373,75,33,79,16,0,0,0,0,0,0,0,-32287,0,0,0,0,0,2951499,0
2814936,5640,-1526,574,-1023,628,10,-3381,0,-20,0,0,19374,84,33,79,16,0,0,0,0,0,0,0,-32287,0,0,0,0,0,2951514,0
2814941,5658,-1504,626,-998,618,3,-3380,-4,-8,0,0,19374,84,33,79,16,0,0,0,0,0,0,0,-32287,0,0,0,0,0,2951519,0
2814946,5876,-1430,674,-990,635,7,-3381,5,2,1,-8,19371,78,33,79,16,0,0,0,0,0,0,0,-32287,0,0,0,0,0,2951534,0
2814951,5920,-1302,734,-1042,642,2,-3381,0,0,0,-8,19371,78,33,79,16,0,0,0,0,0,0,0,-32286,0,0,0,0,0,2951539,0
2814956,6254,-1098,776,-1130,656,-48,-3381,-3,-3,0,-8,19369,75,33,79,16,0,0,0,0,0,0,0,-32287,0,0,0,0,0,2951554,0
2814961,6426,-1200,740,-1166,632,-60,-3381,1,1,0,0,19369,75,33,79,16,0,0,0,0,0,0,0,-32287,0,0,0,0,0,2951559,0
2814966,6422,-1232,730,-1186,603,-86,-3381,4,4,-2,0,19369,70,33,79,16,0,0,0,0,0,0,0,-32287,0,0,0,0,0,2951574,0
2814971,6468,-1258,712,-1229,564,-88,-3379,5,3,0,0,19369,70,33,79,16,0,0,0,0,0,0,0,-32287,0,0,0,0,0,2951579,0
2814976,6574,-1338,500,-1274,403,-122,-3375,10,4,0,0,19369,69,33,79,16,0,0,0,0,0,0,0,-32287,0,0,0,0,0,2951594,0
2814981,6594,-1362,854,-1241,389,-155,-3375,6,7,0,0,19369,69,33,79,16,0,0,0,0,0,0,0,-32287,0,0,0,0,0,2951599,0
2814986,6648,-1474,1072,-1235,382,-182,-3374,4,6,0,0,19369,71,33,79,16,0,0,0,0,0,0,0,-32287,0,0,0,0,0,2951614,0
2814991,6774,-1644,1108,-1231,372,-182,-3374,1,-4,0,-8,19369,71,33,79,16,0,0,0,0,0,0,0,-32287,0,0,0,0,0,2951619,0
2814996,6798,-1964,1146,-1175,324,-212,-3372,1,-4,0,0,19368,74,33,79,16,0,0,0,0,0,0,0,-32287,0,0,0,0,0,2951634,0
2815001,6948,-2074,1148,-1115,313,-194,-3370,9,0,0,0,19368,74,33,79,16,0,0,0,0,0,0,0,-32287,0,0,0,0,0,2951639,0
2815006,6978,-2022,1226,-1127,327,-193,-3368,9,5,0,8,19368,72,33,79,16,0,0,0,0,0,0,0,-32287,0,0,0,0,0,2951653,0
2815011,7100,-2040,1292,-1181,365,-176,-3364,7,5,0,8,19368,72,33,79,16,0,0,0,0,0,0,0,-32287,0,0,0,0,0,2951658,0
2815016,7246,-2398,1484,-1407,520,-70,-3360,17,7,0,8,19368,75,33,79,16,0,0,0,0,0,0,0,-32287,0,0,0,0,0,2951673,0
2815021,7366,-2454,1656,-1389,539,-103,-3351,42,21,-2,16,19368,75,33,79,16,0,0,0,0,0,0,0,-32287,0,0,0,0,0,2951678,0
2815026,7678,-2748,1596,-1234,521,-148,-3339,61,30,-4,32,19371,69,33,79,16,0,0,0,0,0,0,0,-32287,0,0,0,0,0,2951693,0
2815031,7766,-2752,1518,-1031,410,-217,-3313,123,63,-9,64,19371,69,33,79,16,0,0,0,0,0,0,0,-32287,0,0,0,0,0,2951698,0
2815036,8358,-2592,1146,-752,172,-344,-3276,164,103,-2,80,19373,68,33,79,16,0,0,0,0,0,0,0,-32287,0,0,0,0,0,2951713,0
2815041,8464,-2270,1038,-774,37,-414,-3233,194,136,5,96,19373,68,33,79,16,0,0,0,0,0,0,0,-32287,0,0,0,0,0,2951718,0
2815046,8750,-2424,886,-848,-3,-402,-3192,187,127,3,88,19373,66,33,79,16,0,0,0,0,0,0,0,-32287,0,0,0,0,0,2951733,0
2815051,8532,-2392,1104,-924,-101,-446,-3148,193,93,-1,80,19373,66,33,79,16,0,0,0,0,0,0,0,-32287,0,0,0,0,0,2951738,0
2815056,8354,-3216,1476,-964,-170,-428,-3108,174,29,3,72,19370,68,33,79,16,0,0,0,0,0,0,0,-32287,0,0,0,0,0,2951753,0
2815061,8462,-3652,1530,-951,-167,-396,-3081,111,-18,1,32,19370,68,33,79,16,0,0,0,0,0,0,0,-32287,0,0,0,0,0,2951758,0
2815066,8318,-3426,1940,-915,-193,-419,-3068,72,-79,0,24,19370,73,33,79,16,0,0,0,0,0,0,0,-32287,0,0,0,0,0,2951773,0
2815071,8532,-3562,2074,-867,-160,-422,-3056,54,-121,-1,16,19370,73,33,79,16,0,0,0,0,0,0,0,-32287,0,0,0,0,0,2951778,0
2815076,8528,-3418,2514,-831,-29,-394,-3048,28,-126,1,0,19371,81,33,79,16,0,0,0,0,0,0,0,-32287,0,0,0,0,0,2951793,0
2815081,8502,-3338,2626,-806,14,-393,-3049,0,-118,3,-8,19371,81,33,79,16,0,0,0,0,0,0,0,-32287,0,0,0,0,0,2951798,0
2815086,8602,-3302,2494,-733,34,-376,-3051,-14,-87,-1,0,19371,83,33,79,16,0,0,0,0,0,0,0,-32287,0,0,0,0,0,2951813,0
2815091,8510,-3042,2538,-659,55,-386,-3050,4,-55,-1,-8,19371,83,33,79,16,0,0,0,0,0,0,0,-32287,0,0,0,0,0,2951818,0
2815096,8720,-2394,2446,-493,101,-404,-3052,-7,-33,0,0,19369,74,33,79,16,0,0,0,0,0,0,0,-32287,0,0,0,0,0,2951833,0
2815101,8708,-1980,2470,-435,142,-437,-3051,-2,-4,-1,0,19369,74,33,79,16,0,0,0,0,0,0,0,-32287,0,0,0,0,0,2951838,0
2815106,8906,-1482,2464,-374,199,-463,-3050,0,6,0,0,19369,74,33,79,16,0,0,0,0,0,0,0,-32287,0,0,0,0,0,2951853,0
2815111,8974,-1076,2418,-341,257,-500,-3051,0,-1,0,0,19369,74,33,79,16,0,0,0,0,0,0,0,-32287,0,0,0,0,0,2951858,0
2815116,9080,-496,2238,-352,376,-548,-3051,-1,1,0,0,19372,71,33,79,16,0,0,0,0,0,0,0,-32287,0,0,0,0,0,2951873,0
2815121,9138,-252,2184,-400,430,-565,-3051,5,1,-1,0,19372,71,33,79,16,0,0,0,0,0,0,0,-32287,0,0,0,0,0,2951878,0
2815126,9198,-74,2236,-458,489,-587,-3052,-8,-2,-1,0,19378,72,33,79,16,0,0,0,0,0,0,0,-32287,0,0,0,0,0,2951893,0
2815131,9342,44,2294,-554,626,-569,-3051,0,3,-1,0,19378,72,33,79,16,0,0,0,0,0,0,0,-32286,0,0,0,0,0,2951898,0
2815136,8806,34,2324,-702,677,-567,-3051,2,-2,0,0,19380,77,33,79,16,0,0,0,0,0,0,0,-32287,0,0,0,0,0,2951913,0
2815141,8798,-14,2158,-662,637,-589,-3051,-4,2,-1,0,19380,77,33,79,16,0,0,0,0,0,0,0,-32287,0,0,0,0,0,2951918,0
2815146,8712,116,2152,-629,551,-624,-3053,-3,-6,-1,0,19379,67,33,79,16,0,0,0,0,0,0,0,-32287,0,0,0,0,0,2951933,0
2815151,9002,118,2222,-677,552,-642,-3051,2,2,-1,0,19379,67,33,79,16,0,0,0,0,0,0,0,-32287,0,0,0,0,0,2951938,0
2815156,9526,-830,2514,-972,451,-617,-3050,5,2,-1,8,19373,68,33,79,16,0,0,0,0,0,0,0,-32287,0,0,0,0,0,2951953,0
2815161,9986,-1520,2854,-1121,461,-574,-3049,2,1,-1,0,19373,68,33,79,16,0,0,0,0,0,0,0,-32287,0,0,0,0,0,2951958,0
2815166,10528,-2210,3188,-1296,519,-518,-3046,12,7,0,8,19370,66,33,79,16,0,0,0,0,0,0,0,-32287,0,0,0,0,0,2951973,0
2815171,11176,-2920,3484,-1563,682,-407,-3040,22,14,-2,24,19370,66,33,79,16,0,0,0,0,0,0,0,-32286,0,0,0,0,0,2951978,0
2815176,12216,-4614,3894,-2201,1198,-226,-3020,86,39,-8,48,19374,61,33,79,16,0,0,0,0,0,0,0,-32287,0,0,0,0,0,2951993,0
2815181,12774,-6438,3724,-2006,1249,-255,-2982,188,95,-18,160,19374,61,33,79,16,0,0,0,0,0,0,0,-32286,0,0,0,0,0,2951998,0
2815186,12936,-7796,3120,-1520,963,-338,-2915,298,175,-15,320,19376,55,33,79,16,0,0,0,0,0,0,0,-32287,0,0,0,0,0,2952013,0
2815191,13120,-8270,2440,-911,725,-479,-2822,419,286,-17,552,19376,55,33,79,16,0,0,0,0,0,0,0,-32287,0,0,0,0,0,2952018,0
2815196,12390,-6924,1514,-115,530,-794,-2709,515,358,-22,800,19378,58,33,79,16,0,0,0,0,0,0,0,-32287,0,0,0,0,0,2952033,0
2815201,11580,-6330,1188,-33,558,-940,-2577,584,365,11,952,19378,58,33,79,16,0,0,0,0,0,0,0,-32287,0,0,0,0,0,2952037,0
2815206,10780,-5952,900,-69,627,-1047,-2440,610,311,25,968,19376,66,33,79,16,0,0,0,0,0,0,0,-32287,0,0,0,0,0,2952052,0
2815211,9836,-6172,724,-110,684,-1126,-2297,618,238,16,960,19376,66,33,79,16,0,0,0,0,0,0,0,-32287,0,0,0,0,0,2952057,0
2815216,7878,-7480,604,-148,791,-1119,-2153,637,148,10,960,19374,88,33,79,16,0,0,0,0,0,0,0,-32286,0,0,0,0,0,2952072,0
2815221,6762,-8088,700,-88,729,-1069,-2014,616,71,12,912,19374,88,33,79,16,0,0,0,0,0,0,0,-32287,0,0,0,0,0,2952077,0
2815226,5976,-8400,674,70,609,-1031,-1879,593,7,5,848,19374,93,33,79,16,0,0,0,0,0,0,0,-32287,0,0,0,0,0,2952092,0
2815231,5384,-8498,586,269,414,-976,-1746,584,-32,0,816,19374,93,33,79,16,0,0,0,0,0,0,0,-32287,0,0,0,0,0,2952097,0
2815236,4098,-7750,586,549,190,-805,-1619,556,-45,0,728,19373,91,33,79,16,0,0,0,0,0,0,0,-32287,0,0,0,0,0,2952112,0
2815241,3670,-7430,402,657,121,-702,-1499,515,-74,-4,624,19373,91,33,79,16,0,0,0,0,0,0,0,-32286,0,0,0,0,0,2952120,0
2815246,3292,-6910,254,789,52,-618,-1385,501,-86,-11,632,19372,81,33,79,16,0,0,0,0,0,0,0,-32287,0,0,0,0,0,2952135,0
2815251,3078,-6456,112,886,-2,-524,-1275,494,-81,-6,592,19372,81,33,79,16,0,0,0,0,0,0,0,-32286,0,0,0,0,0,2952140,0
2815256,2742,-5756,-194,859,-81,-299,-1172,460,-86,6,496,19370,74,33,79,16,0,0,0,0,0,0,0,-32286,0,0,0,0,0,2952155,0
2815261,2616,-5406,-266,803,-152,-190,-1073,427,-81,0,448,19370,74,33,79,16,0,0,0,0,0,0,0,-32287,0,0,0,0,0,2952160,0
2815266,2684,-5156,-258,845,-295,-154,-974,429,-72,-8,472,19370,77,33,79,16,0,0,0,0,0,0,0,-32287,0,0,0,0,0,2952175,0
2815271,3056,-4936,-410,966,-401,-126,-874,451,-54,-9,536,19370,77,33,79,16,0,0,0,0,0,0,0,-32287,0,0,0,0,0,2952180,0
2815276,3582,-4030,-328,994,-529,-68,-774,441,-23,0,488,19371,73,33,79,16,0,0,0,0,0,0,0,-32287,0,0,0,0,0,2952195,0
2815281,3954,-3846,-406,935,-579,-12,-676,429,-10,2,472,19371,73,33,79,16,0,0,0,0,0,0,0,-32287,0,0,0,0,0,2952200,0
2815286,4274,-3792,-496,866,-620,41,-577,436,-3,-7,504,19373,68,33,79,16,0,0,0,0,0,0,0,-32287,0,0,0,0,0,2952215,0
2815291,4648,-3756,-598,847,-696,72,-475,453,2,-5,552,19373,68,33,79,16,0,0,0,0,0,0,0,-32287,0,0,0,0,0,2952220,0
2815296,5444,-3560,-772,791,-848,211,-367,478,10,3,592,19372,62,33,79,16,0,0,0,0,0,0,0,-32287,0,0,0,0,0,2952235,0
2815301,5666,-3552,-764,723,-952,251,-260,475,33,9,584,19372,62,33,79,16,0,0,0,0,0,0,0,-32287,0,0,0,0,0,2952240,0
2815306,6168,-3450,-998,678,-1072,299,-150,486,46,1,608,19370,71,33,79,16,0,0,0,0,0,0,0,-32287,0,0,0,0,0,2952255,0
2815311,6614,-3102,-1056,629,-1144,324,-37,505,38,-6,680,19370,71,33,79,16,0,0,0,0,0,0,0,-32287,0,0,0,0,0,2952260,0
2815316,7492,-2660,-968,532,-1266,374,83,536,50,0,728,19371,72,33,79,16,0,0,0,0,0,0,0,-32287,0,0,0,0,0,2952275,0
2815321,7752,-2424,-778,443,-1308,380,205,534,47,6,728,19371,72,33,79,16,0,0,0,0,0,0,0,-32287,0,0,0,0,0,2952280,0
2815326,8300,-2400,-660,332,-1302,381,327,534,50,0,720,19374,77,33,79,16,0,0,0,0,0,0,0,-32287,0,0,0,0,0,2952295,0
2815331,8574,-2258,-464,209,-1252,389,447,537,34,4,712,19374,77,33,79,16,0,0,0,0,0,0,0,-32287,0,0,0,0,0,2952300,0
2815336,8994,-2312,-74,23,-1160,330,569,536,14,4,712,19376,71,33,79,16,0,0,0,0,0,0,0,-32287,0,0,0,0,0,2952315,0
2815341,8994,-2334,158,-40,-1109,264,687,520,-5,3,656,19376,71,33,79,16,0,0,0,0,0,0,0,-32287,0,0,0,0,0,2952320,0
2815346,8984,-2514,290,-111,-1028,229,800,492,-19,-3,608,19376,75,33,79,16,0,0,0,0,0,0,0,-32287,0,0,0,0,0,2952335,0
2815351,8830,-2674,422,-158,-933,173,912,487,-37,-4,592,19376,75,33,79,16,0,0,0,0,0,0,0,-32287,0,0,0,0,0,2952340,0
2815356,8458,-3086,620,-154,-726,88,1022,488,-37,-3,592,19374,80,33,79,16,0,0,0,0,0,0,0,-32287,0,0,0,0,0,2952355,0
2815361,8172,-3242,676,-74,-654,29,1133,481,-35,0,576,19374,80,33,79,16,0,0,0,0,0,0,0,-32287,0,0,0,0,0,2952360,0
2815366,7936,-3282,654,26,-574,-11,1239,464,-29,-1,544,19373,77,33,79,16,0,0,0,0,0,0,0,-32287,0,0,0,0,0,2952375,0
2815371,7710,-3270,622,126,-523,-64,1346,469,-18,-8,592,19373,77,33,79,16,0,0,0,0,0,0,0,-32287,0,0,0,0,0,2952380,0
2815376,7386,-3224,504,223,-459,-96,1456,488,-12,-8,632,19374,77,33,79,16,0,0,0,0,0,0,0,-32286,0,0,0,0,0,2952395,0
2815381,7174,-3232,402,279,-478,-147,1569,486,9,4,616,19374,77,33,79,16,0,0,0,0,0,0,0,-32287,0,0,0,0,0,2952400,0
2815386,7212,-3476,310,305,-471,-145,1682,496,19,3,656,19374,76,33,79,16,0,0,0,0,0,0,0,-32287,0,0,0,0,0,2952415,0
2815391,6958,-3326,446,295,-491,-150,1798,521,34,-9,744,19374,76,33,79,16,0,0,0,0,0,0,0,-32287,0,0,0,0,0,2952420,0
2815396,6904,-3558,546,356,-433,-141,1921,542,40,-3,784,19372,71,33,79,16,0,0,0,0,0,0,0,-32287,0,0,0,0,0,2952435,0
2815401,6734,-3648,550,426,-455,-159,2047,557,44,6,808,19372,71,33,79,16,0,0,0,0,0,0,0,-32287,0,0,0,0,0,2952440,0
2815406,6794,-3714,500,501,-463,-155,2174,565,58,0,832,19371,70,33,79,16,0,0,0,0,0,0,0,-32287,0,0,0,0,0,2952455,0
2815411,6762,-3562,500,574,-488,-156,2309,595,65,-4,920,19371,70,33,79,16,0,0,0,0,0,0,0,-32287,0,0,0,0,0,2952460,0
2815416,6612,-3454,402,663,-543,-169,2450,618,66,8,960,19373,77,33,79,16,0,0,0,0,0,0,0,-32287,0,0,0,0,0,2952475,0
2815421,6614,-3404,264,684,-584,-144,2595,636,75,-3,1008,19373,77,33,79,16,0,0,0,0,0,0,0,-32287,0,0,0,0,0,2952480,0
2815426,6564,-3260,208,725,-637,-142,2747,667,82,2,1056,19374,74,33,79,16,0,0,0,0,0,0,0,-32287,0,0,0,0,0,2952495,0
2815431,6432,-3210,176,758,-689,-119,2905,690,87,7,1112,19374,74,33,79,16,0,0,0,0,0,0,0,-32287,0,0,0,0,0,2952499,0
2815436,6378,-3020,-54,816,-844,-103,3068,717,91,0,1168,19373,72,33,79,16,0,0,0,0,0,0,0,-32287,0,0,0,0,0,2952514,0
2815441,6382,-2856,-34,859,-916,-91,3237,749,88,-2,1232,19373,72,33,79,16,0,0,0,0,0,0,0,-32287,0,0,0,0,0,2952519,0
2815446,6378,-2874,-52,887,-986,-73,3410,764,89,3,1256,19374,62,33,79,16,0,0,0,0,0,0,0,-32286,0,0,0,0,0,2952534,0
2815451,6360,-2788,36,860,-1047,-48,3585,772,77,5,1264,19374,62,33,79,16,0,0,0,0,0,0,0,-32286,0,0,0,0,0,2952539,0
2815456,6668,-2636,248,909,-1081,-26,3765,793,71,3,1296,19372,64,33,79,16,0,0,0,0,0,0,0,-32287,0,0,0,0,0,2952554,0
2815461,6644,-2626,404,913,-1115,-3,3943,785,55,3,1272,19372,64,33,79,16,0,0,0,0,0,0,0,-32287,0,0,0,0,0,2952559,0
2815466,6890,-2584,444,917,-1106,7,4123,793,29,0,1296,19371,76,33,79,16,0,0,0,0,0,0,0,-32287,0,0,0,0,0,2952574,0
2815471,7018,-2622,544,898,-1024,58,4303,792,20,3,1264,19371,76,33,79,16,0,0,0,0,0,0,0,-32287,0,0,0,0,0,2952579,0
2815476,7084,-2554,680,866,-930,119,4477,773,2,6,1224,19372,80,33,79,16,0,0,0,0,0,0,0,-32287,0,0,0,0,0,2952594,0
2815481,7052,-2692,688,887,-876,167,4652,765,-16,-2,1200,19372,80,33,79,16,0,0,0,0,0,0,0,-32286,0,0,0,0,0,2952599,0
2815486,7070,-2628,714,936,-825,197,4819,739,-27,3,1136,19373,72,33,79,16,0,0,0,0,0,0,0,-32286,0,0,0,0,0,2952614,0
2815491,7136,-2600,626,985,-783,229,4985,721,-49,-2,1120,19373,72,33,79,16,0,0,0,0,0,0,0,-32287,0,0,0,0,0,2952619,0
2815496,7160,-2446,490,1058,-693,282,5147,708,-55,2,1064,19373,62,33,79,16,0,0,0,0,0,0,0,-32287,0,0,0,0,0,2952634,0
2815501,7156,-2268,452,1065,-677,300,5299,672,-66,6,992,19373,62,33,79,16,0,0,0,0,0,0,0,-32287,0,0,0,0,0,2952639,0
2815506,7206,-2132,322,1051,-636,305,5445,638,-81,0,920,19373,67,33,79,16,0,0,0,0,0,0,0,-32287,0,0,0,0,0,2952654,0
2815511,7300,-2052,240,1022,-602,313,5588,616,-92,2,864,19373,67,33,79,16,0,0,0,0,0,0,0,-32287,0,0,0,0,0,2952659,0
2815516,7456,-2212,84,973,-538,342,5721,579,-95,5,776,19374,82,33,79,16,0,0,0,0,0,0,0,-32288,0,0,0,0,0,2952674,0
2815521,7430,-2154,104,971,-522,342,5844,542,-106,-1,688,19374,82,33,79,16,0,0,0,0,0,0,0,-32288,0,0,0,0,0,2952679,0
2815526,7482,-2116,32,942,-500,342,5961,513,-115,-9,632,19373,86,33,79,16,0,0,0,0,0,0,0,-32286,0,0,0,0,0,2952694,0
2815531,7510,-2090,36,917,-458,365,6073,479,-118,-4,544,19373,86,33,79,16,0,0,0,0,0,0,0,-32286,0,0,0,0,0,2952699,0
2815536,7632,-2108,64,893,-384,337,6173,444,-115,-9,480,19377,72,33,79,16,0,0,0,0,0,0,0,-32287,0,0,0,0,0,2952714,0
2815541,7546,-1972,130,933,-365,310,6267,405,-114,-4,416,19377,72,33,79,16,0,0,0,0,0,0,0,-32287,0,0,0,0,0,2952719,0
2815546,7566,-2048,110,967,-349,297,6359,397,-115,-1,424,19375,72,33,79,16,0,0,0,0,0,0,0,-32286,0,0,0,0,0,2952734,0
2815551,7556,-1996,136,995,-325,267,6450,395,-88,0,392,19375,72,33,79,16,0,0,0,0,0,0,0,-32286,0,0,0,0,0,2952739,0
2815556,7444,-1934,128,934,-270,235,6536,376,-62,9,344,19375,72,33,79,16,0,0,0,0,0,0,0,-32287,0,0,0,0,0,2952754,0
2815561,7510,-2092,28,912,-223,245,6619,364,-48,8,304,19375,72,33,79,16,0,0,0,0,0,0,0,-32287,0,0,0,0,0,2952759,0
2815566,7356,-2000,80,892,-227,221,6698,354,-46,8,288,19373,77,33,79,16,0,0,0,0,0,0,0,-32287,0,0,0,0,0,2952774,0
2815571,7500,-2016,36,912,-207,208,6781,373,-37,-4,328,19373,77,33,79,16,0,0,0,0,0,0,0,-32287,0,0,0,0,0,2952779,0
2815576,7466,-1934,78,1009,-184,150,6867,389,-15,-9,368,19373,79,33,79,16,0,0,0,0,0,0,0,-32287,0,0,0,0,0,2952794,0
2815581,7490,-1872,-4,1042,-171,139,6957,392,18,0,360,19373,79,33,79,16,0,0,0,0,0,0,0,-32287,0,0,0,0,0,2952799,0
2815586,7502,-1592,-20,1057,-175,123,7043,385,31,1,344,19373,64,33,79,16,0,0,0,0,0,0,0,-32287,0,0,0,0,0,2952814,0
2815591,7634,-1402,-102,1064,-163,109,7128,375,24,-1,336,19373,64,33,79,16,0,0,0,0,0,0,0,-32287,0,0,0,0,0,2952819,0
2815596,7514,-1342,-256,1008,-86,74,7218,392,2,-6,392,19371,61,33,79,16,0,0,0,0,0,0,0,-32287,0,0,0,0,0,2952834,0
2815601,7534,-1278,-208,1017,-105,78,7311,410,9,-10,424,19371,61,33,79,16,0,0,0,0,0,0,0,-32287,0,0,0,0,0,2952839,0
2815606,7426,-1342,-234,1012,-121,96,7404,400,23,2,392,19371,58,33,79,16,0,0,0,0,0,0,0,-32287,0,0,0,0,0,2952854,0
2815611,7500,-1146,-336,946,-133,66,7493,392,20,9,368,19371,58,33,79,16,0,0,0,0,0,0,0,-32287,0,0,0,0,0,2952859,0
2815616,7650,-1132,-344,902,-55,60,7582,389,3,6,352,19374,72,33,79,16,0,0,0,0,0,0,0,-32287,0,0,0,0,0,2952874,0
2815621,7882,-1142,-432,866,-45,64,7668,389,-18,-6,360,19374,72,33,79,16,0,0,0,0,0,0,0,-32287,0,0,0,0,0,2952879,0
2815626,7872,-1124,-270,808,32,66,7758,398,-15,-2,384,19376,71,33,79,16,0,0,0,0,0,0,0,-32287,0,0,0,0,0,2952894,0
2815631,7920,-1286,-196,768,72,85,7846,388,-7,3,336,19376,71,33,79,16,0,0,0,0,0,0,0,-32286,0,0,0,0,0,2952899,0
2815636,7932,-1508,-258,756,85,124,7930,363,-4,3,312,19379,69,33,79,16,0,0,0,0,0,0,0,-32287,0,0,0,0,0,2952914,0
2815641,8116,-1492,-302,807,126,147,8017,373,-10,0,312,19379,69,33,79,16,0,0,0,0,0,0,0,-32287,0,0,0,0,0,2952919,0
2815646,8028,-1304,-230,769,139,157,8098,365,-25,1,312,19377,73,33,79,16,0,0,0,0,0,0,0,-32287,0,0,0,0,0,2952934,0
2815651,8184,-1218,-318,712,154,145,8182,374,-22,0,320,19377,73,33,79,16,0,0,0,0,0,0,0,-32287,0,0,0,0,0,2952939,0
2815656,8218,-1130,-344,654,198,125,8270,386,-5,1,344,19374,76,33,79,16,0,0,0,0,0,0,0,-32286,0,0,0,0,0,2952954,0
2815661,8152,-1168,-292,605,186,106,8357,381,9,0,328,19374,76,33,79,16,0,0,0,0,0,0,0,-32287,0,0,0,0,0,2952959,0
2815666,8236,-1164,-304,548,191,91,8445,401,24,-2,368,19369,75,33,79,16,0,0,0,0,0,0,0,-32286,0,0,0,0,0,2952974,0
2815671,8184,-1244,-266,487,219,93,8534,397,18,-3,400,19369,75,33,79,16,0,0,0,0,0,0,0,-32287,0,0,0,0,0,2952979,0
2815676,8080,-1698,-210,428,178,80,8629,419,18,-17,464,19368,67,33,79,16,0,0,0,0,0,0,0,-32287,0,0,0,0,0,2952993,0
2815681,8014,-1922,-136,482,142,40,8734,461,43,-14,584,19368,67,33,79,16,0,0,0,0,0,0,0,-32287,0,0,0,0,0,2952998,0
2815686,8076,-2094,-84,566,108,20,8844,487,76,-4,656,19369,71,33,79,16,0,0,0,0,0,0,0,-32287,0,0,0,0,0,2953013,0
2815691,8076,-2090,-2,635,69,6,8964,528,103,-1,760,19369,71,33,79,16,0,0,0,0,0,0,0,-32287,0,0,0,0,0,2953018,0
2815696,8264,-2192,100,796,27,-63,9091,568,114,2,864,19369,73,33,79,16,0,0,0,0,0,0,0,-32287,0,0,0,0,0,2953033,0
2815701,8390,-2242,162,957,5,-102,9234,630,137,1,1000,19369,73,33,79,16,0,0,0,0,0,0,0,-32287,0,0,0,0,0,2953038,0
2815706,8420,-2346,158,1075,-21,-132,9383,657,145,8,1032,19368,74,33,79,16,0,0,0,0,0,0,0,-32287,0,0,0,0,0,2953053,0
2815711,8466,-2224,148,1127,-50,-164,9537,685,146,3,1104,19368,74,33,79,16,0,0,0,0,0,0,0,-32287,0,0,0,0,0,2953058,0
2815716,8658,-2182,44,1259,-35,-225,9699,716,129,-1,1152,19371,72,33,79,16,0,0,0,0,0,0,0,-32287,0,0,0,0,0,2953073,0
2815721,8494,-2094,74,1307,-76,-255,9860,707,97,9,1128,19371,72,33,79,16,0,0,0,0,0,0,0,-32287,0,0,0,0,0,2953078,0
2815726,8746,-1968,-44,1374,-69,-297,10024,721,69,-2,1168,19372,75,33,79,16,0,0,0,0,0,0,0,-32287,0,0,0,0,0,2953093,0
2815731,8730,-1806,-34,1436,-46,-317,10188,719,43,0,1152,19372,75,33,79,16,0,0,0,0,0,0,0,-32287,0,0,0,0,0,2953098,0
2815736,8660,-1662,-234,1459,-21,-336,10350,710,17,9,1128,19373,72,33,79,16,0,0,0,0,0,0,0,-32286,0,0,0,0,0,2953113,0
2815741,8820,-1582,-350,1489,30,-346,10510,710,-5,-1,1128,19373,72,33,79,16,0,0,0,0,0,0,0,-32286,0,0,0,0,0,2953118,0
2815746,8714,-1522,-370,1506,47,-348,10666,691,-17,4,1056,19374,78,33,79,16,0,0,0,0,0,0,0,-32287,0,0,0,0,0,2953133,0
2815751,8750,-1312,-458,1489,59,-345,10819,674,-33,5,1024,19374,78,33,79,16,0,0,0,0,0,0,0,-32287,0,0,0,0,0,2953138,0
2815756,8908,-1018,-668,1483,115,-372,10967,651,-46,0,992,19373,79,33,79,16,0,0,0,0,0,0,0,-32287,0,0,0,0,0,2953153,0
2815761,8988,-1032,-724,1456,161,-357,11113,628,-47,0,928,19373,79,33,79,16,0,0,0,0,0,0,0,-32287,0,0,0,0,0,2953158,0
2815766,8888,-960,-792,1443,169,-334,11254,622,-60,4,904,19374,80,33,79,16,0,0,0,0,0,0,0,-32287,0,0,0,0,0,2953173,0
2815771,8906,-932,-842,1408,179,-349,11390,596,-62,4,848,19374,80,33,79,16,0,0,0,0,0,0,0,-32287,0,0,0,0,0,2953178,0
2815776,9122,-924,-922,1340,208,-343,11524,585,-63,3,800,19371,72,33,79,16,0,0,0,0,0,0,0,-32287,0,0,0,0,0,2953193,0
2815781,9022,-1144,-914,1259,182,-330,11650,558,-66,-2,736,19371,72,33,79,16,0,0,0,0,0,0,0,-32287,0,0,0,0,0,2953198,0
2815786,9314,-1238,-900,1160,196,-352,11770,531,-66,-7,680,19371,60,33,79,16,0,0,0,0,0,0,0,-32287,0,0,0,0,0,2953213,0
2815791,9346,-1576,-926,1077,226,-372,11887,515,-79,-7,640,19371,60,33,79,16,0,0,0,0,0,0,0,-32287,0,0,0,0,0,2953218,0
2815796,9268,-2462,-928,1063,194,-341,11999,488,-81,0,552,19368,61,33,79,16,0,0,0,0,0,0,0,-32287,0,0,0,0,0,2953233,0
2815801,9302,-2802,-806,1123,88,-369,12106,459,-81,3,480,19368,61,33,79,16,0,0,0,0,0,0,0,-32287,0,0,0,0,0,2953238,0
2815806,9486,-2760,-636,1180,53,-386,12202,427,-85,0,424,19370,74,33,79,16,0,0,0,0,0,0,0,-32287,0,0,0,0,0,2953253,0
2815811,9456,-2672,-408,1179,37,-384,12293,401,-93,-5,408,19370,74,33,79,16,0,0,0,0,0,0,0,-32287,0,0,0,0,0,2953258,0
2815816,9346,-2708,38,985,34,-314,12383,379,-102,4,328,19373,77,33,79,16,0,0,0,0,0,0,0,-32287,0,0,0,0,0,2953273,0
2815821,9152,-2624,162,845,-28,-271,12460,332,-99,20,216,19373,77,33,79,16,0,0,0,0,0,0,0,-32287,0,0,0,0,0,2953278,0
2815826,9092,-2660,228,748,-111,-226,12526,289,-103,12,144,19373,70,33,79,16,0,0,0,0,0,0,0,-32287,0,0,0,0,0,2953293,0
2815831,9014,-2590,264,708,-212,-218,12581,234,-131,-1,88,19373,70,33,79,16,0,0,0,0,0,0,0,-32287,0,0,0,0,0,2953298,0
2815836,8972,-2216,490,839,-499,-225,12626,195,-158,-9,72,19373,67,33,79,16,0,0,0,0,0,0,0,-32287,0,0,0,0,0,2953313,0
2815841,8878,-1796,604,808,-579,-231,12661,151,-156,-7,56,19373,67,33,79,16,0,0,0,0,0,0,0,-32287,0,0,0,0,0,2953317,0
2815846,8828,-1240,696,706,-679,-251,12693,132,-146,-5,48,19371,71,33,79,16,0,0,0,0,0,0,0,-32287,0,0,0,0,0,2953332,0
2815851,8900,-1016,742,518,-654,-243,12711,75,-138,8,16,19371,71,33,79,16,0,0,0,0,0,0,0,-32287,0,0,0,0,0,2953337,0
2815856,9148,-920,1032,284,-588,-309,12716,21,-141,6,0,19372,80,33,79,16,0,0,0,0,0,0,0,-32287,0,0,0,0,0,2953352,0
2815861,9108,-970,1174,240,-574,-368,12714,-2,-149,2,-8,19372,80,33,79,16,0,0,0,0,0,0,0,-32287,0,0,0,0,0,2953357,0
2815866,9352,-1284,1166,177,-514,-371,12714,1,-135,0,0,19371,77,33,79,16,0,0,0,0,0,0,0,-32287,0,0,0,0,0,2953372,0
2815871,9380,-1704,1190,95,-454,-381,12715,5,-92,0,0,19371,77,33,79,16,0,0,0,0,0,0,0,-32287,0,0,0,0,0,2953377,0
2815876,9734,-2654,1128,-121,-391,-362,12714,-1,-42,1,0,19373,71,33,79,16,0,0,0,0,0,0,0,-32287,0,0,0,0,0,2953392,0
2815881,9694,-3002,1150,-203,-364,-344,12714,1,-6,0,-8,19373,71,33,79,16,0,0,0,0,0,0,0,-32286,0,0,0,0,0,2953397,0
2815886,9720,-3334,1152,-264,-346,-338,12714,0,-1,2,-8,19372,70,33,79,16,0,0,0,0,0,0,0,-32287,0,0,0,0,0,2953412,0
2815891,9596,-3670,1138,-363,-291,-321,12713,-1,-2,1,-8,19372,70,33,79,16,0,0,0,0,0,0,0,-32286,0,0,0,0,0,2953417,0
2815896,9068,-4170,1150,-663,-196,-237,12712,-6,-7,0,0,19371,75,33,79,16,0,0,0,0,0,0,0,-32287,0,0,0,0,0,2953432,0
2815901,8858,-4540,1210,-802,-183,-213,12709,-7,-7,0,-8,19371,75,33,79,16,0,0,0,0,0,0,0,-32286,0,0,0,0,0,2953437,0
2815906,8420,-5046,1334,-878,-184,-207,12708,-11,-7,1,-16,19371,74,33,79,16,0,0,0,0,0,0,0,-32287,0,0,0,0,0,2953452,0
2815911,8474,-5422,1446,-752,-322,-285,12700,-36,-11,4,-40,19371,74,33,79,16,0,0,0,0,0,0,0,-32286,0,0,0,0,0,2953457,0
2815916,8344,-7282,2292,1589,-677,-845,12668,-155,-59,17,-112,19371,75,33,79,16,0,0,0,0,0,0,0,-32286,0,0,0,0,0,2953472,0
2815921,7616,-5800,1658,1967,-1117,-889,12620,-222,-143,5,-184,19371,75,33,79,16,0,0,0,0,0,0,0,-32287,0,0,0,0,0,2953477,0
2815926,8686,-3404,4046,910,-114,-750,12539,-364,-247,19,-456,19374,69,33,79,16,0,0,0,0,0,0,0,-32286,0,0,0,0,0,2953492,0
2815931,5744,-5446,1604,123,-613,-617,12421,-541,-354,39,-944,19374,69,33,79,16,0,0,0,0,0,0,0,-32287,0,0,0,0,0,2953497,0
2815936,4906,-6968,1950,-291,-467,-388,12263,-725,-461,26,-1392,19371,63,33,79,16,0,0,0,0,0,0,0,-32287,0,0,0,0,0,2953512,0
2815941,4362,-8066,1610,30,-777,-304,12062,-911,-533,5,-1800,19371,63,33,79,16,0,0,0,0,0,0,0,-32287,0,0,0,0,0,2953517,0
2815946,4446,-8108,1892,171,-647,-126,11815,-1111,-614,14,-2248,19370,74,33,79,16,0,0,0,0,0,0,0,-32287,0,0,0,0,0,2953532,0
2815951,3576,-7760,2096,49,-612,47,11524,-1293,-656,4,-2648,19370,74,33,79,16,0,0,0,0,0,0,0,-32287,0,0,0,0,0,2953537,0
2815956,3478,-7884,2292,-226,-290,538,11193,-1473,-672,11,-3040,19371,79,33,79,16,0,0,0,0,0,0,0,-32287,0,0,0,0,0,2953552,0
2815961,3444,-8366,2364,-229,-209,783,10824,-1630,-655,4,-3368,19371,79,33,79,16,0,0,0,0,0,0,0,-32286,0,0,0,0,0,2953557,0
2815966,3600,-8450,2390,-157,-121,1043,10425,-1761,-609,-6,-3632,19372,90,33,79,16,0,0,0,0,0,0,0,-32286,0,0,0,0,0,2953572,0
2815971,3106,-8198,2600,-14,-90,1200,10006,-1859,-544,-11,-3816,19372,90,33,79,16,0,0,0,0,0,0,0,-32287,0,0,0,0,0,2953577,0
2815976,4522,-7268,1610,867,-456,1386,9563,-1950,-458,-7,-3992,19372,76,33,79,16,0,0,0,0,0,0,0,-32287,0,0,0,0,0,2953592,0
2815981,4976,-5928,1362,941,-533,1455,9101,-2042,-386,-11,-4136,19372,76,33,79,16,0,0,0,0,0,0,0,-32287,0,0,0,0,0,2953597,0
2815986,5674,-4482,970,761,-529,1486,8619,-2131,-341,-18,-4272,19369,73,33,79,16,0,0,0,0,0,0,0,-32287,0,0,0,0,0,2953612,0
2815991,6476,-3788,506,554,-526,1510,8123,-2191,-304,-22,-4368,19369,73,33,79,16,0,0,0,0,0,0,0,-32287,0,0,0,0,0,2953617,0
2815996,7548,-3060,166,284,-668,1542,7614,-2248,-280,-15,-4448,19367,82,33,79,16,0,0,0,0,0,0,0,-32287,0,0,0,0,0,2953632,0
2816001,8156,-2414,412,244,-755,1496,7101,-2259,-225,-18,-4440,19367,82,33,79,16,0,0,0,0,0,0,0,-32286,0,0,0,0,0,2953637,0
2816006,8740,-2200,376,119,-825,1483,6589,-2247,-158,-3,-4416,19368,88,33,79,16,0,0,0,0,0,0,0,-32287,0,0,0,0,0,2953652,0
2816011,9102,-1744,392,-18,-972,1436,6088,-2212,-68,1,-4328,19368,88,33,79,16,0,0,0,0,0,0,0,-32287,0,0,0,0,0,2953657,0
2816016,10276,-956,574,-122,-1156,1233,5594,-2156,17,3,-4224,19367,87,33,79,16,0,0,0,0,0,0,0,-32287,0,0,0,0,0,2953671,0
2816021,10746,-800,734,-81,-1239,1088,5107,-2129,90,2,-4184,19367,87,33,79,16,0,0,0,0,0,0,0,-32287,0,0,0,0,0,2953676,0
2816026,11122,-510,974,43,-1313,930,4629,-2104,118,-2,-4096,19367,85,33,79,16,0,0,0,0,0,0,0,-32287,0,0,0,0,0,2953691,0
2816031,11284,-332,1142,89,-1396,787,4156,-2077,116,-9,-4024,19367,85,33,79,16,0,0,0,0,0,0,0,-32287,0,0,0,0,0,2953696,0
2816036,11590,178,1712,-141,-1144,570,3695,-2026,120,-13,-3928,19368,83,33,79,16,0,0,0,0,0,0,0,-32287,0,0,0,0,0,2953711,0
2816041,11380,32,2252,-281,-849,469,3246,-1962,123,0,-3792,19368,83,33,79,16,0,0,0,0,0,0,0,-32287,0,0,0,0,0,2953716,0
2816046,11052,-582,2426,-313,-581,379,2813,-1896,153,5,-3664,19369,89,33,79,16,0,0,0,0,0,0,0,-32287,0,0,0,0,0,2953731,0
2816051,10750,-1214,2542,-268,-284,346,2397,-1818,196,7,-3504,19369,89,33,79,16,0,0,0,0,0,0,0,-32287,0,0,0,0,0,2953736,0
2816056,9778,-1836,3022,-202,378,275,2000,-1739,238,7,-3368,19371,89,33,79,16,0,0,0,0,0,0,0,-32287,0,0,0,0,0,2953751,0
2816061,9130,-2210,2834,-233,655,290,1619,-1667,251,0,-3216,19371,89,33,79,16,0,0,0,0,0,0,0,-32287,0,0,0,0,0,2953756,0
2816066,8486,-2674,2256,-213,809,330,1323,-1610,256,-4,-3072,19377,84,33,79,16,0,0,0,0,0,0,0,-32287,0,0,0,0,0,2953771,0
2816071,7884,-2870,1898,-171,990,373,968,-1553,245,-5,-2904,19377,84,33,79,16,0,0,0,0,0,0,0,-32287,0,0,0,0,0,2953776,0
2816076,6986,-3218,1066,-99,1087,471,628,-1496,236,-12,-2752,19376,81,33,79,16,0,0,0,0,0,0,0,-32287,0,0,0,0,0,2953791,0
2816081,6456,-3078,740,-38,1071,500,303,-1422,230,-13,-2568,19376,81,33,79,16,0,0,0,0,0,0,0,-32287,0,0,0,0,0,2953796,0
2816086,6312,-3078,306,9,1016,551,-4,-1348,233,-12,-2400,19374,82,33,79,16,0,0,0,0,0,0,0,-32287,0,0,0,0,0,2953811,0
2816091,6040,-2808,74,24,937,570,-298,-1272,236,-2,-2232,19374,82,33,79,16,0,0,0,0,0,0,0,-32286,0,0,0,0,0,2953816,0
2816096,5934,-2500,-368,9,678,622,-572,-1200,248,1,-2072,19367,84,33,79,16,0,0,0,0,0,0,0,-32287,0,0,0,0,0,2953831,0
2816101,6042,-2504,-528,23,561,656,-832,-1137,251,3,-1952,19367,84,33,79,16,0,0,0,0,0,0,0,-32287,0,0,0,0,0,2953836,0
2816106,5952,-2238,-506,-52,424,680,-1080,-1083,237,1,-1856,19367,84,33,79,16,0,0,0,0,0,0,0,-32287,0,0,0,0,0,2953851,0
2816111,6160,-2248,-474,-189,393,751,-1314,-1032,219,6,-1768,19367,84,33,79,16,0,0,0,0,0,0,0,-32287,0,0,0,0,0,2953856,0
2816116,6440,-1990,12,-352,346,807,-1538,-975,201,6,-1640,19369,77,33,79,16,0,0,0,0,0,0,0,-32287,0,0,0,0,0,2953870,0
2816121,6618,-1956,332,-323,305,806,-1752,-938,179,4,-1584,19369,77,33,79,16,0,0,0,0,0,0,0,-32287,0,0,0,0,0,2953875,0
2816126,6906,-1848,524,-253,260,793,-1956,-893,170,0,-1488,19371,65,33,79,16,0,0,0,0,0,0,0,-32287,0,0,0,0,0,2953890,0
2816131,7208,-1700,542,-257,266,811,-2151,-860,153,4,-1416,19371,65,33,79,16,0,0,0,0,0,0,0,-32287,0,0,0,0,0,2953895,0
2816136,7554,-1172,860,-433,355,818,-2342,-830,136,-2,-1352,19371,61,33,79,16,0,0,0,0,0,0,0,-32287,0,0,0,0,0,2953910,0
2816141,7710,-1092,1052,-511,421,822,-2523,-797,122,2,-1296,19371,61,33,79,16,0,0,0,0,0,0,0,-32286,0,0,0,0,0,2953915,0
2816146,7774,-1002,1192,-561,489,813,-2700,-774,110,0,-1224,19370,67,33,79,16,0,0,0,0,0,0,0,-32286,0,0,0,0,0,2953930,0
2816151,7860,-970,1242,-563,550,789,-2868,-735,105,-5,-1136,19370,67,33,79,16,0,0,0,0,0,0,0,-32287,0,0,0,0,0,2953935,0
2816156,7918,-784,1270,-552,673,751,-3028,-707,106,-6,-1064,19371,77,33,79,16,0,0,0,0,0,0,0,-32287,0,0,0,0,0,2953950,0
2816161,7944,-762,1244,-577,731,719,-3182,-674,111,-1,-992,19371,77,33,79,16,0,0,0,0,0,0,0,-32287,0,0,0,0,0,2953955,0
2816166,7912,-642,1152,-574,761,672,-3326,-627,114,0,-888,19371,74,33,79,16,0,0,0,0,0,0,0,-32286,0,0,0,0,0,2953970,0
2816171,7794,-524,1072,-576,806,643,-3462,-590,121,-4,-792,19371,74,33,79,16,0,0,0,0,0,0,0,-32287,0,0,0,0,0,2953975,0
2816176,7600,-400,868,-674,851,556,-3589,-564,188,4,-720,19374,62,33,79,16,0,0,0,0,0,0,0,-32287,0,0,0,0,0,2953990,0
2816181,7506,-254,890,-663,878,487,-3706,-509,159,8,-576,19374,62,33,79,16,0,0,0,0,0,0,0,-32287,0,0,0,0,0,2953995,0
2816186,7324,-456,844,-611,890,426,-3807,-439,195,2,-400,19374,62,33,79,16,0,0,0,0,0,0,0,-32287,0,0,0,0,0,2954010,0
2816191,7154,-492,734,-569,873,370,-3897,-390,131,1,-320,19374,62,33,79,16,0,0,0,0,0,0,0,-32287,0,0,0,0,0,2954015,0
2816196,7026,-510,506,-534,887,271,-3980,-350,148,-4,-264,19374,70,33,79,16,0,0,0,0,0,0,0,-32287,0,0,0,0,0,2954030,0
2816201,6792,-630,418,-534,903,251,-4052,-327,112,-5,-216,19374,70,33,79,16,0,0,0,0,0,0,0,-32287,0,0,0,0,0,2954039,0
2816206,6732,-602,546,-507,933,224,-4114,-263,151,-8,-104,19371,70,33,79,16,0,0,0,0,0,0,0,-32287,0,0,0,0,0,2954049,0
2816211,6378,-224,334,-599,947,244,-4155,-172,165,7,-56,19371,70,33,79,16,0,0,0,0,0,0,0,-32287,0,0,0,0,0,2954054,0
2816216,6370,-102,276,-891,1057,221,-4182,-99,196,10,-16,19370,76,33,79,16,0,0,0,0,0,0,0,-32287,0,0,0,0,0,2954069,0
2816221,6150,-580,218,-855,1038,240,-4181,7,251,-5,16,19370,76,33,79,16,0,0,0,0,0,0,0,-32287,0,0,0,0,0,2954074,0
2816226,5900,-540,248,-796,920,229,-4169,49,283,-2,16,19370,72,33,79,16,0,0,0,0,0,0,0,-32286,0,0,0,0,0,2954089,0
2816231,6074,-444,172,-745,861,233,-4157,55,264,4,8,19370,72,33,79,16,0,0,0,0,0,0,0,-32287,0,0,0,0,0,2954094,0
2816236,5992,30,232,-876,825,236,-4153,10,162,4,-8,19370,64,33,79,16,0,0,0,0,0,0,0,-32287,0,0,0,0,0,2954109,0
2816241,6116,294,294,-989,804,197,-4153,-3,46,0,0,19370,64,33,79,16,0,0,0,0,0,0,0,-32287,0,0,0,0,0,2954117,0
2816246,6180,180,300,-1040,767,176,-4153,0,-34,0,0,19369,63,33,79,16,0,0,0,0,0,0,0,-32286,0,0,0,0,0,2954132,0
2816251,6198,294,342,-970,693,96,-4155,1,-43,2,-8,19369,63,33,79,16,0,0,0,0,0,0,0,-32287,0,0,0,0,0,2954137,0
2816256,6408,468,438,-1027,667,41,-4153,-3,-32,0,-8,19371,71,33,79,16,0,0,0,0,0,0,0,-32287,0,0,0,0,0,2954152,0
2816261,6552,368,654,-1079,696,14,-4153,3,-2,0,0,19371,71,33,79,16,0,0,0,0,0,0,0,-32287,0,0,0,0,0,2954157,0
2816266,6680,46,814,-1082,703,-10,-4153,0,5,0,0,19371,75,33,79,16,0,0,0,0,0,0,0,-32287,0,0,0,0,0,2954172,0
2816271,6752,-138,972,-1087,711,-1,-4152,5,0,-1,0,19371,75,33,79,16,0,0,0,0,0,0,0,-32286,0,0,0,0,0,2954177,0
2816276,6476,-556,1232,-1909,1219,339,-4146,32,5,-4,24,19371,64,33,79,16,0,0,0,0,0,0,0,-32287,0,0,0,0,0,2954192,0
2816281,6802,42,1908,-1988,1394,200,-4128,91,44,-8,56,19371,64,33,79,16,0,0,0,0,0,0,0,-32287,0,0,0,0,0,2954197,0
2816286,7394,-1070,1912,-1685,1548,150,-4085,200,115,-17,160,19371,67,33,79,16,0,0,0,0,0,0,0,-32286,0,0,0,0,0,2954212,0
2816291,7004,-1184,1702,-1333,1270,30,-4019,295,201,-5,272,19371,67,33,79,16,0,0,0,0,0,0,0,-32287,0,0,0,0,0,2954217,0
2816296,7988,-668,728,-907,913,-185,-3939,359,281,0,368,19373,72,33,79,16,0,0,0,0,0,0,0,-32287,0,0,0,0,0,2954232,0
2816301,8364,-292,558,-971,764,-284,-3843,422,297,-11,496,19373,72,33,79,16,0,0,0,0,0,0,0,-32287,0,0,0,0,0,2954237,0
2816306,8608,-260,512,-1118,606,-402,-3738,463,263,-15,624,19374,75,33,79,16,0,0,0,0,0,0,0,-32287,0,0,0,0,0,2954252,0
2816311,8890,-446,432,-1169,381,-524,-3621,517,218,-4,736,19374,75,33,79,16,0,0,0,0,0,0,0,-32287,0,0,0,0,0,2954257,0
2816316,8984,-1618,624,-1085,25,-694,-3499,536,175,22,728,19373,73,33,79,16,0,0,0,0,0,0,0,-32287,0,0,0,0,0,2954272,0
2816321,8890,-2098,958,-1101,-56,-725,-3380,529,130,19,680,19373,73,33,79,16,0,0,0,0,0,0,0,-32287,0,0,0,0,0,2954277,0
2816326,8724,-2362,1242,-1143,-96,-752,-3263,511,76,4,640,19371,65,33,79,16,0,0,0,0,0,0,0,-32287,0,0,0,0,0,2954291,0
2816331,8666,-3004,1586,-1253,-88,-704,-3146,505,18,-4,632,19371,65,33,79,16,0,0,0,0,0,0,0,-32287,0,0,0,0,0,2954296,0
2816336,8312,-3740,1952,-1429,-29,-611,-3040,470,-27,0,512,19371,71,33,79,16,0,0,0,0,0,0,0,-32287,0,0,0,0,0,2954311,0
2816341,8068,-3874,2070,-1411,-5,-580,-2938,435,-57,1,440,19371,71,33,79,16,0,0,0,0,0,0,0,-32286,0,0,0,0,0,2954316,0
2816346,7892,-3914,2118,-1358,55,-555,-2846,405,-91,-3,384,19372,77,33,79,16,0,0,0,0,0,0,0,-32286,0,0,0,0,0,2954331,0
2816351,7764,-3710,2206,-1288,116,-535,-2762,370,-104,8,312,19372,77,33,79,16,0,0,0,0,0,0,0,-32286,0,0,0,0,0,2954336,0
2816356,7568,-3328,2188,-1136,211,-518,-2682,348,-113,8,264,19373,82,33,79,16,0,0,0,0,0,0,0,-32286,0,0,0,0,0,2954351,0
2816361,7536,-3222,2216,-945,225,-535,-2614,295,-111,12,152,19373,82,33,79,16,0,0,0,0,0,0,0,-32287,0,0,0,0,0,2954356,0
2816366,7432,-2840,2180,-732,156,-567,-2558,240,-118,5,96,19372,75,33,79,16,0,0,0,0,0,0,0,-32287,0,0,0,0,0,2954371,0
2816371,7524,-2366,1930,-643,144,-581,-2512,192,-148,-12,64,19372,75,33,79,16,0,0,0,0,0,0,0,-32287,0,0,0,0,0,2954376,0
2816376,7452,-1446,1824,-747,172,-557,-2483,112,-177,-6,32,19373,73,33,79,16,0,0,0,0,0,0,0,-32287,0,0,0,0,0,2954391,0
2816381,7770,-1398,1854,-781,206,-566,-2467,68,-195,-4,16,19373,73,33,79,16,0,0,0,0,0,0,0,-32287,0,0,0,0,0,2954396,0
2816386,8170,-1474,1986,-799,196,-562,-2462,14,-201,6,-16,19373,77,33,79,16,0,0,0,0,0,0,0,-32287,0,0,0,0,0,2954411,0
2816391,8940,-1896,2284,-830,224,-583,-2470,-32,-201,0,-16,19373,77,33,79,16,0,0,0,0,0,0,0,-32287,0,0,0,0,0,2954416,0
2816396,10852,-2982,2704,-1040,406,-510,-2476,-27,-172,-2,-8,19373,91,33,79,16,0,0,0,0,0,0,0,-32287,0,0,0,0,0,2954431,0
2816401,11684,-3468,2918,-1146,495,-449,-2477,3,-102,-3,0,19373,91,33,79,16,0,0,0,0,0,0,0,-32287,0,0,0,0,0,2954436,0
2816406,12590,-4216,2808,-1262,602,-406,-2473,17,-29,-1,0,19378,99,33,79,16,0,0,0,0,0,0,0,-32286,0,0,0,0,0,2954451,0
2816411,13330,-5028,2432,-1371,701,-331,-2472,9,20,1,-8,19378,99,33,79,16,0,0,0,0,0,0,0,-32286,0,0,0,0,0,2954456,0
2816416,13996,-6400,1790,-1419,768,-239,-2471,4,32,0,0,19382,86,33,79,16,0,0,0,0,0,0,0,-32287,0,0,0,0,0,2954471,0
2816421,13402,-6746,1692,-1345,760,-221,-2473,3,10,0,-8,19382,86,33,79,16,0,0,0,0,0,0,0,-32287,0,0,0,0,0,2954476,0
2816426,12648,-6898,1690,-1130,673,-266,-2474,-3,-6,-1,-8,19385,69,33,79,16,0,0,0,0,0,0,0,-32287,0,0,0,0,0,2954491,0
2816431,11720,-6638,1740,-919,675,-317,-2472,5,-10,0,-8,19385,69,33,79,16,0,0,0,0,0,0,0,-32286,0,0,0,0,0,2954496,0
2816436,9772,-5612,2004,-783,801,-461,-2472,1,-1,-1,-8,19381,66,33,79,16,0,0,0,0,0,0,0,-32287,0,0,0,0,0,2954511,0
2816441,9234,-5420,1994,-829,982,-529,-2473,0,4,0,-8,19381,66,33,79,16,0,0,0,0,0,0,0,-32287,0,0,0,0,0,2954516,0
2816446,8416,-5416,2050,-898,1115,-608,-2472,-3,-3,0,-8,19377,80,33,79,16,0,0,0,0,0,0,0,-32287,0,0,0,0,0,2954531,0
2816451,7660,-6006,1788,-855,1127,-702,-2472,3,-1,0,-8,19377,80,33,79,16,0,0,0,0,0,0,0,-32287,0,0,0,0,0,2954536,0
2816456,6050,-7596,814,-534,857,-721,-2473,3,5,-1,-8,19376,83,33,79,16,0,0,0,0,0,0,0,-32287,0,0,0,0,0,2954551,0
2816461,5518,-8032,410,-304,607,-671,-2472,-2,-5,0,0,19376,83,33,79,16,0,0,0,0,0,0,0,-32286,0,0,0,0,0,2954556,0
2816466,4878,-7730,146,-143,264,-627,-2473,-5,-1,0,0,19375,85,33,79,16,0,0,0,0,0,0,0,-32287,0,0,0,0,0,2954571,0
2816471,4750,-7270,-44,-4,-15,-573,-2474,-9,-1,0,-8,19375,85,33,79,16,0,0,0,0,0,0,0,-32287,0,0,0,0,0,2954576,0
2816476,4728,-5676,58,-37,-425,-450,-2472,0,-1,-3,0,19378,76,33,79,16,0,0,0,0,0,0,0,-32286,0,0,0,0,0,2954591,0
2816481,4782,-5128,380,-109,-496,-422,-2473,-2,-1,-3,0,19378,76,33,79,16,0,0,0,0,0,0,0,-32287,0,0,0,0,0,2954596,0
2816486,5132,-4890,656,-29,-576,-395,-2473,-5,1,-1,-8,19379,75,33,79,16,0,0,0,0,0,0,0,-32287,0,0,0,0,0,2954610,0
2816491,5362,-4610,844,121,-606,-366,-2474,-9,1,-2,0,19379,75,33,79,16,0,0,0,0,0,0,0,-32287,0,0,0,0,0,2954615,0
2816496,5676,-3594,1024,-6,-356,-218,-2471,6,4,-2,8,19379,80,33,79,16,0,0,0,0,0,0,0,-32287,0,0,0,0,0,2954630,0
2816501,5706,-3190,1148,-208,-163,-151,-2465,27,18,-1,16,19379,80,33,79,16,0,0,0,0,0,0,0,-32286,0,0,0,0,0,2954635,0
2816506,5988,-3172,1056,-260,20,-135,-2458,24,30,1,8,19376,78,33,79,16,0,0,0,0,0,0,0,-32287,0,0,0,0,0,2954650,0
2816511,6094,-3150,920,-154,155,-143,-2453,20,26,3,0,19376,78,33,79,16,0,0,0,0,0,0,0,-32287,0,0,0,0,0,2954655,0
2816516,6470,-2900,352,130,247,-172,-2451,11,11,2,0,19371,79,33,79,16,0,0,0,0,0,0,0,-32287,0,0,0,0,0,2954670,0
2816521,6518,-2736,-20,168,265,-152,-2450,5,-15,1,0,19371,79,33,79,16,0,0,0,0,0,0,0,-32288,0,0,0,0,0,2954675,0
2816526,6558,-2714,-362,89,296,-94,-2450,4,-27,-2,0,19372,80,33,79,16,0,0,0,0,0,0,0,-32286,0,0,0,0,0,2954690,0
2816531,6496,-2900,-602,-115,364,33,-2447,18,-17,-3,8,19372,80,33,79,16,0,0,0,0,0,0,0,-32286,0,0,0,0,0,2954695,0
2816536,6010,-3610,-564,-814,660,435,-2435,63,15,-6,40,19372,84,33,79,16,0,0,0,0,0,0,0,-32287,0,0,0,0,0,2954710,0
2816541,5992,-3614,-330,-921,738,483,-2400,167,72,-24,152,19372,84,33,79,16,0,0,0,0,0,0,0,-32286,0,0,0,0,0,2954715,0
2816546,6556,-4104,-320,-581,686,492,-2335,299,185,-18,328,19371,85,33,79,16,0,0,0,0,0,0,0,-32287,0,0,0,0,0,2954730,0
2816551,6322,-4224,-368,-255,525,499,-2237,438,310,-26,608,19371,85,33,79,16,0,0,0,0,0,0,0,-32287,0,0,0,0,0,2954735,0
2816556,6558,-3732,-1296,82,-80,413,-2107,581,412,-34,1040,19371,91,33,79,16,0,0,0,0,0,0,0,-32287,0,0,0,0,0,2954750,0
2816561,6946,-3446,-1962,213,-509,314,-1953,689,458,5,1240,19371,91,33,79,16,0,0,0,0,0,0,0,-32286,0,0,0,0,0,2954755,0
2816566,7314,-2938,-2186,260,-839,233,-1777,785,444,12,1424,19372,76,33,79,16,0,0,0,0,0,0,0,-32287,0,0,0,0,0,2954770,0
2816571,7550,-2660,-2128,155,-1107,164,-1583,851,399,10,1512,19372,76,33,79,16,0,0,0,0,0,0,0,-32286,0,0,0,0,0,2954775,0
2816576,7908,-2932,-1384,-229,-1347,71,-1382,886,326,12,1576,19370,70,33,79,16,0,0,0,0,0,0,0,-32286,0,0,0,0,0,2954790,0
2816581,8008,-3532,-936,-339,-1375,63,-1173,918,248,8,1600,19370,70,33,79,16,0,0,0,0,0,0,0,-32287,0,0,0,0,0,2954795,0
2816586,7854,-3904,-350,-358,-1349,44,-961,928,160,14,1616,19371,78,33,79,16,0,0,0,0,0,0,0,-32287,0,0,0,0,0,2954810,0
2816591,7820,-4128,72,-320,-1271,6,-748,940,107,8,1616,19371,78,33,79,16,0,0,0,0,0,0,0,-32287,0,0,0,0,0,2954815,0
2816596,7484,-4412,618,-188,-1050,-38,-537,931,55,3,1592,19372,78,33,79,16,0,0,0,0,0,0,0,-32287,0,0,0,0,0,2954830,0
2816601,7402,-4344,732,-125,-882,-36,-327,924,17,4,1552,19372,78,33,79,16,0,0,0,0,0,0,0,-32287,0,0,0,0,0,2954835,0
2816606,7118,-3956,854,-135,-750,-73,-122,903,-9,11,1488,19373,84,33,79,16,0,0,0,0,0,0,0,-32286,0,0,0,0,0,2954850,0
2816611,7210,-3812,734,-113,-596,-111,78,884,-36,2,1448,19373,84,33,79,16,0,0,0,0,0,0,0,-32286,0,0,0,0,0,2954854,0
2816616,6920,-3768,748,-31,-352,-188,272,857,-56,4,1376,19371,76,33,79,16,0,0,0,0,0,0,0,-32287,0,0,0,0,0,2954869,0
2816621,6790,-3906,552,39,-306,-232,458,817,-75,2,1296,19371,76,33,79,16,0,0,0,0,0,0,0,-32287,0,0,0,0,0,2954874,0
2816626,6608,-3994,314,115,-300,-253,638,785,-94,4,1216,19370,72,33,79,16,0,0,0,0,0,0,0,-32287,0,0,0,0,0,2954889,0
2816631,6428,-3902,120,156,-288,-268,806,732,-109,2,1104,19370,72,33,79,16,0,0,0,0,0,0,0,-32287,0,0,0,0,0,2954894,0
2816636,6110,-3756,-222,178,-335,-286,966,696,-127,-1,1040,19371,69,33,79,16,0,0,0,0,0,0,0,-32287,0,0,0,0,0,2954909,0
2816641,5862,-3812,-374,162,-375,-268,1115,650,-139,1,928,19371,69,33,79,16,0,0,0,0,0,0,0,-32286,0,0,0,0,0,2954914,0
2816646,5758,-3914,-492,174,-443,-242,1251,590,-158,11,784,19374,68,33,79,16,0,0,0,0,0,0,0,-32287,0,0,0,0,0,2954929,0
2816651,5636,-3918,-538,200,-514,-227,1379,560,-162,-4,728,19374,68,33,79,16,0,0,0,0,0,0,0,-32286,0,0,0,0,0,2954934,0
2816656,5638,-3984,-528,193,-582,-131,1497,518,-153,-6,632,19375,75,33,79,16,0,0,0,0,0,0,0,-32287,0,0,0,0,0,2954949,0
2816661,5684,-3816,-508,165,-633,-88,1604,466,-155,-5,488,19375,75,33,79,16,0,0,0,0,0,0,0,-32287,0,0,0,0,0,2954954,0
2816666,5694,-3842,-534,133,-671,-25,1701,422,-159,-10,432,19374,80,33,79,16,0,0,0,0,0,0,0,-32287,0,0,0,0,0,2954969,0
2816671,5746,-3786,-506,139,-728,-3,1794,409,-139,-10,432,19374,80,33,79,16,0,0,0,0,0,0,0,-32287,0,0,0,0,0,2954974,0
2816676,5956,-3816,-528,278,-867,68,1884,397,-122,-3,424,19372,73,33,79,16,0,0,0,0,0,0,0,-32287,0,0,0,0,0,2954988,0
2816681,6096,-3732,-538,331,-924,114,1969,364,-94,13,320,19372,73,33,79,16,0,0,0,0,0,0,0,-32287,0,0,0,0,0,2954993,0
2816686,6314,-3634,-482,376,-992,161,2047,339,-73,17,264,19372,68,33,79,16,0,0,0,0,0,0,0,-32287,0,0,0,0,0,2955008,0
2816691,6444,-3522,-416,387,-1025,214,2121,319,-75,8,224,19372,68,33,79,16,0,0,0,0,0,0,0,-32287,0,0,0,0,0,2955013,0
2816696,6924,-3376,-260,435,-1082,297,2194,319,-80,0,232,19374,75,33,79,16,0,0,0,0,0,0,0,-32286,0,0,0,0,0,2955028,0
2816701,7114,-3314,-32,463,-1056,326,2264,307,-61,1,232,19374,75,33,79,16,0,0,0,0,0,0,0,-32286,0,0,0,0,0,2955033,0
2816706,7344,-3276,94,501,-1035,344,2335,311,-38,1,216,19374,75,33,79,16,0,0,0,0,0,0,0,-32287,0,0,0,0,0,2955048,0
2816711,7532,-3276,184,520,-967,381,2400,276,-31,7,160,19374,75,33,79,16,0,0,0,0,0,0,0,-32287,0,0,0,0,0,2955053,0
2816716,7966,-3040,346,533,-779,374,2460,269,-38,-5,160,19373,72,33,79,16,0,0,0,0,0,0,0,-32287,0,0,0,0,0,2955068,0
2816721,8058,-3246,396,501,-642,425,2518,254,-50,-2,152,19373,72,33,79,16,0,0,0,0,0,0,0,-32287,0,0,0,0,0,2955073,0
2816726,7976,-3364,518,497,-541,457,2575,243,-54,-3,144,19369,64,33,79,16,0,0,0,0,0,0,0,-32287,0,0,0,0,0,2955088,0
2816731,7908,-3262,596,538,-416,451,2633,264,-38,0,176,19369,64,33,79,16,0,0,0,0,0,0,0,-32287,0,0,0,0,0,2955093,0
2816736,8022,-3324,654,676,-165,466,2695,277,-4,0,192,19369,67,33,79,16,0,0,0,0,0,0,0,-32286,0,0,0,0,0,2955108,0
2816741,7890,-3290,742,754,-52,481,2763,299,19,4,224,19369,67,33,79,16,0,0,0,0,0,0,0,-32286,0,0,0,0,0,2955113,0
2816746,7818,-3202,640,800,29,496,2831,298,44,7,208,19371,71,33,79,16,0,0,0,0,0,0,0,-32287,0,0,0,0,0,2955128,0
2816751,7640,-3102,778,789,161,486,2903,317,51,0,256,19371,71,33,79,16,0,0,0,0,0,0,0,-32286,0,0,0,0,0,2955132,0
2816756,7428,-3468,-100,883,98,497,2981,340,44,-5,288,19372,78,33,79,16,0,0,0,0,0,0,0,-32287,0,0,0,0,0,2955147,0
2816761,7264,-3186,-94,975,80,456,3062,367,54,-5,344,19372,78,33,79,16,0,0,0,0,0,0,0,-32287,0,0,0,0,0,2955152,0
2816766,7242,-3128,-226,1053,63,432,3150,401,69,-10,424,19370,74,33,79,16,0,0,0,0,0,0,0,-32287,0,0,0,0,0,2955167,0
2816771,7066,-3032,-290,1076,9,395,3247,430,88,-14,496,19370,74,33,79,16,0,0,0,0,0,0,0,-32286,0,0,0,0,0,2955172,0
2816776,6990,-3174,-644,1120,-122,350,3349,446,98,-7,536,19369,79,33,79,16,0,0,0,0,0,0,0,-32287,0,0,0,0,0,2955187,0
2816781,6998,-3082,-708,1099,-190,315,3452,455,97,0,568,19369,79,33,79,16,0,0,0,0,0,0,0,-32287,0,0,0,0,0,2955192,0
2816786,7008,-2958,-716,1090,-255,295,3558,473,75,6,592,19371,81,33,79,16,0,0,0,0,0,0,0,-32287,0,0,0,0,0,2955207,0
2816791,6990,-3038,-742,1101,-332,277,3669,490,53,3,648,19371,81,33,79,16,0,0,0,0,0,0,0,-32287,0,0,0,0,0,2955212,0
2816796,7044,-3050,-750,1110,-501,227,3782,499,52,4,632,19373,88,33,79,16,0,0,0,0,0,0,0,-32287,0,0,0,0,0,2955227,0
2816801,7052,-3140,-708,1105,-561,231,3894,491,39,4,616,19373,88,33,79,16,0,0,0,0,0,0,0,-32286,0,0,0,0,0,2955231,0
2816806,7098,-2916,-650,1087,-593,206,4002,481,21,1,584,19372,83,33,79,16,0,0,0,0,0,0,0,-32287,0,0,0,0,0,2955246,0
2816811,7188,-2838,-546,1075,-616,200,4113,488,4,-11,616,19372,83,33,79,16,0,0,0,0,0,0,0,-32286,0,0,0,0,0,2955251,0
2816816,7246,-2888,-392,1086,-617,206,4225,484,-3,2,584,19371,75,33,79,16,0,0,0,0,0,0,0,-32287,0,0,0,0,0,2955266,0
2816821,7306,-2944,-300,1119,-626,212,4331,462,-6,11,512,19371,75,33,79,16,0,0,0,0,0,0,0,-32286,0,0,0,0,0,2955271,0
2816826,7370,-2914,-198,1153,-593,215,4435,447,-19,0,496,19371,72,33,79,16,0,0,0,0,0,0,0,-32287,0,0,0,0,0,2955286,0
2816831,7522,-2738,-96,1199,-560,198,4538,455,-34,-5,528,19371,72,33,79,16,0,0,0,0,0,0,0,-32287,0,0,0,0,0,2955291,0
2816836,7626,-2682,14,1191,-445,220,4638,446,-32,-2,472,19371,72,33,79,16,0,0,0,0,0,0,0,-32287,0,0,0,0,0,2955306,0
2816841,7602,-2586,16,1208,-379,233,4733,409,-38,5,416,19371,72,33,79,16,0,0,0,0,0,0,0,-32287,0,0,0,0,0,2955311,0
2816846,7562,-2652,-100,1233,-333,237,4821,386,-50,1,360,19371,77,33,79,16,0,0,0,0,0,0,0,-32287,0,0,0,0,0,2955326,0
2816851,7852,-2462,48,1267,-218,236,4908,385,-55,8,344,19371,77,33,79,16,0,0,0,0,0,0,0,-32286,0,0,0,0,0,2955331,0
2816856,7862,-2324,-208,1300,-109,257,4992,370,-69,5,320,19370,75,33,79,16,0,0,0,0,0,0,0,-32287,0,0,0,0,0,2955346,0
2816861,7858,-2250,-292,1309,-69,286,5073,355,-53,2,288,19370,75,33,79,16,0,0,0,0,0,0,0,-32287,0,0,0,0,0,2955350,0
2816866,7790,-2196,-446,1272,-43,325,5146,317,-55,10,216,19370,70,33,79,16,0,0,0,0,0,0,0,-32287,0,0,0,0,0,2955365,0
2816871,7884,-2030,-472,1221,-8,363,5215,299,-62,5,192,19370,70,33,79,16,0,0,0,0,0,0,0,-32287,0,0,0,0,0,2955370,0
2816876,7868,-1716,-486,1120,38,388,5278,277,-79,-2,152,19369,62,33,79,16,0,0,0,0,0,0,0,-32286,0,0,0,0,0,2955385,0
2816881,8056,-1584,-534,1122,51,358,5339,267,-82,-10,168,19369,62,33,79,16,0,0,0,0,0,0,0,-32287,0,0,0,0,0,2955390,0
2816886,8166,-1618,-552,1123,45,338,5400,269,-65,-10,176,19369,67,33,79,16,0,0,0,0,0,0,0,-32286,0,0,0,0,0,2955405,0
2816891,8186,-1556,-460,1094,48,325,5463,280,-34,-5,200,19369,67,33,79,16,0,0,0,0,0,0,0,-32287,0,0,0,0,0,2955410,0
2816896,8268,-1302,-306,962,126,256,5530,302,-2,-3,224,19373,60,33,79,16,0,0,0,0,0,0,0,-32286,0,0,0,0,0,2955425,0
2816901,8430,-1376,-314,905,142,206,5597,300,18,1,224,19373,60,33,79,16,0,0,0,0,0,0,0,-32286,0,0,0,0,0,2955430,0
2816906,8596,-1442,-258,852,200,174,5671,333,42,-10,288,19375,54,33,79,16,0,0,0,0,0,0,0,-32287,0,0,0,0,0,2955445,0
2816911,8572,-1520,-108,815,254,145,5751,350,52,-6,320,19375,54,33,79,16,0,0,0,0,0,0,0,-32287,0,0,0,0,0,2955450,0
2816916,8586,-1738,-8,807,295,59,5839,392,75,-7,408,19375,42,33,79,16,0,0,0,0,0,0,0,-32286,0,0,0,0,0,2955465,0
2816921,8526,-1744,-28,894,291,7,5937,435,96,-18,528,19375,42,33,79,16,0,0,0,0,0,0,0,-32287,0,0,0,0,0,2955470,0
2816926,8516,-1768,-12,965,253,-25,6048,480,126,-15,648,19376,53,33,79,16,0,0,0,0,0,0,0,-32287,0,0,0,0,0,2955484,0
2816931,8462,-1722,-70,1012,242,-77,6167,533,143,-2,808,19376,53,33,79,16,0,0,0,0,0,0,0,-32287,0,0,0,0,0,2955489,0
2816936,8312,-1646,-64,1137,206,-178,6293,563,153,0,872,19373,67,33,79,16,0,0,0,0,0,0,0,-32286,0,0,0,0,0,2955504,0
2816941,8764,-1376,-422,1171,144,-231,6434,620,152,0,1016,19373,67,33,79,16,0,0,0,0,0,0,0,-32287,0,0,0,0,0,2955509,0
2816946,8682,-1108,-120,1202,245,-284,6585,667,152,9,1072,19372,77,33,79,16,0,0,0,0,0,0,0,-32286,0,0,0,0,0,2955524,0
2816951,8486,-1042,-76,1167,284,-342,6742,692,160,11,1112,19372,77,33,79,16,0,0,0,0,0,0,0,-32286,0,0,0,0,0,2955529,0
2816956,8514,-1090,-194,1313,360,-446,6910,739,152,2,1216,19371,80,33,79,16,0,0,0,0,0,0,0,-32286,0,0,0,0,0,2955544,0
2816961,8452,-1052,-338,1348,374,-461,7081,753,136,7,1216,19371,80,33,79,16,0,0,0,0,0,0,0,-32286,0,0,0,0,0,2955549,0
2816966,8402,-788,-414,1348,390,-506,7257,774,114,2,1272,19370,79,33,79,16,0,0,0,0,0,0,0,-32287,0,0,0,0,0,2955564,0
2816971,8446,-592,-506,1312,454,-513,7438,795,94,4,1288,19370,79,33,79,16,0,0,0,0,0,0,0,-32286,0,0,0,0,0,2955569,0
2816976,8382,-208,-646,1224,480,-560,7620,800,75,8,1296,19369,79,33,79,16,0,0,0,0,0,0,0,-32287,0,0,0,0,0,2955584,0
2816981,8318,-52,-730,1229,503,-593,7801,799,47,-2,1296,19369,79,33,79,16,0,0,0,0,0,0,0,-32287,0,0,0,0,0,2955589,0
2816986,8256,-82,-804,1194,521,-586,7983,800,28,3,1280,19369,69,33,79,16,0,0,0,0,0,0,0,-32287,0,0,0,0,0,2955604,0
2816991,8194,140,-782,1130,524,-594,8159,777,4,4,1224,19369,69,33,79,16,0,0,0,0,0,0,0,-32286,0,0,0,0,0,2955608,0
2816996,8364,312,-764,947,567,-615,8336,772,-15,6,1192,19371,77,33,79,16,0,0,0,0,0,0,0,-32286,0,0,0,0,0,2955623,0
2817001,8286,284,-680,827,578,-610,8505,749,-34,7,1136,19371,77,33,79,16,0,0,0,0,0,0,0,-32286,0,0,0,0,0,2955628,0
2817006,8422,190,-670,769,602,-610,8670,722,-49,0,1096,19374,75,33,79,16,0,0,0,0,0,0,0,-32286,0,0,0,0,0,2955643,0
2817011,8500,102,-510,735,634,-597,8827,695,-66,-3,1032,19374,75,33,79,16,0,0,0,0,0,0,0,-32287,0,0,0,0,0,2955648,0
2817016,8606,-490,-374,574,684,-577,8978,654,-84,3,928,19371,69,33,79,16,0,0,0,0,0,0,0,-32287,0,0,0,0,0,2955663,0
2817021,8800,-870,-408,562,683,-564,9124,638,-94,1,920,19371,69,33,79,16,0,0,0,0,0,0,0,-32287,0,0,0,0,0,2955668,0
2817026,8972,-1346,-342,577,700,-578,9268,623,-86,-4,896,19371,61,33,79,16,0,0,0,0,0,0,0,-32287,0,0,0,0,0,2955683,0
2817031,9100,-1844,-322,587,720,-573,9403,591,-82,-2,816,19371,61,33,79,16,0,0,0,0,0,0,0,-32287,0,0,0,0,0,2955688,0
2817036,9284,-2592,-496,546,726,-579,9534,581,-80,-2,784,19369,71,33,79,16,0,0,0,0,0,0,0,-32287,0,0,0,0,0,2955703,0
2817041,9420,-3242,-568,634,662,-590,9662,565,-75,-9,768,19369,71,33,79,16,0,0,0,0,0,0,0,-32287,0,0,0,0,0,2955708,0
2817046,9286,-3558,-478,697,532,-600,9787,540,-68,3,712,19372,78,33,79,16,0,0,0,0,0,0,0,-32286,0,0,0,0,0,2955723,0
2817051,9382,-3888,-512,758,385,-644,9903,517,-69,1,632,19372,78,33,79,16,0,0,0,0,0,0,0,-32287,0,0,0,0,0,2955728,0
2817056,9420,-4108,-400,817,148,-701,10018,507,-64,-10,648,19372,73,33,79,16,0,0,0,0,0,0,0,-32287,0,0,0,0,0,2955743,0
2817061,9528,-4118,-138,841,0,-708,10128,482,-65,-3,616,19372,73,33,79,16,0,0,0,0,0,0,0,-32287,0,0,0,0,0,2955748,0
2817066,9324,-4014,226,825,-148,-721,10230,436,-74,2,488,19371,67,33,79,16,0,0,0,0,0,0,0,-32286,0,0,0,0,0,2955763,0
2817071,9314,-3804,450,769,-288,-709,10306,415,-83,0,416,19371,67,33,79,16,0,0,0,0,0,0,0,-32287,0,0,0,0,0,2955768,0
2817076,9160,-2668,996,402,-384,-700,10393,378,-104,4,352,19369,62,33,79,16,0,0,0,0,0,0,0,-32286,0,0,0,0,0,2955783,0
2817081,8846,-2374,1360,211,-475,-719,10474,357,-116,11,304,19369,62,33,79,16,0,0,0,0,0,0,0,-32286,0,0,0,0,0,2955787,0
2817086,8872,-2600,1522,120,-471,-700,10548,322,-112,14,208,19370,74,33,79,16,0,0,0,0,0,0,0,-32287,0,0,0,0,0,2955802,0
2817091,8564,-2672,1832,139,-506,-722,10609,261,-114,12,112,19370,74,33,79,16,0,0,0,0,0,0,0,-32287,0,0,0,0,0,2955807,0
2817096,9264,-2754,2300,671,-416,-891,10657,205,-138,-7,72,19371,72,33,79,16,0,0,0,0,0,0,0,-32286,0,0,0,0,0,2955822,0
2817101,9256,-2994,2342,758,-328,-895,10691,132,-177,-6,24,19371,72,33,79,16,0,0,0,0,0,0,0,-32286,0,0,0,0,0,2955827,0
2817106,9510,-2966,2120,655,-205,-907,10704,46,-216,0,0,19371,75,33,79,16,0,0,0,0,0,0,0,-32287,0,0,0,0,0,2955842,0
2817111,9800,-3232,1876,428,22,-898,10702,-6,-243,2,-8,19371,75,33,79,16,0,0,0,0,0,0,0,-32287,0,0,0,0,0,2955847,0
2817116,9452,-4078,1686,-72,371,-857,10702,-3,-212,0,0,19373,68,33,79,16,0,0,0,0,0,0,0,-32287,0,0,0,0,0,2955862,0
2817121,9032,-4780,1698,-194,419,-812,10703,-2,-140,1,-8,19373,68,33,79,16,0,0,0,0,0,0,0,-32286,0,0,0,0,0,2955867,0
2817126,8752,-5450,1612,-226,438,-751,10703,-4,-63,0,-8,19372,60,33,79,16,0,0,0,0,0,0,0,-32286,0,0,0,0,0,2955882,0
2817131,8170,-5736,1552,-204,362,-679,10703,4,-11,-1,0,19372,60,33,79,16,0,0,0,0,0,0,0,-32287,0,0,0,0,0,2955887,0
2817136,7334,-5920,1152,-210,74,-505,10702,-2,-3,0,0,19373,59,33,79,16,0,0,0,0,0,0,0,-32287,0,0,0,0,0,2955902,0
2817141,6968,-5764,894,-290,-93,-436,10702,-4,2,0,-8,19373,59,33,79,16,0,0,0,0,0,0,0,-32287,0,0,0,0,0,2955907,0
2817146,6690,-5662,718,-454,-228,-357,10702,-6,0,0,-8,19371,69,33,79,16,0,0,0,0,0,0,0,-32287,0,0,0,0,0,2955922,0
2817151,6276,-5856,684,-582,-376,-305,10702,2,2,0,-8,19371,69,33,79,16,0,0,0,0,0,0,0,-32286,0,0,0,0,0,2955927,0
2817156,7288,-4230,1782,376,-840,-877,10700,-2,-4,2,-24,19372,67,33,79,16,0,0,0,0,0,0,0,-32287,0,0,0,0,0,2955942,0
2817161,7474,-7212,1780,1623,-981,-997,10680,-98,-49,14,-80,19372,67,33,79,16,0,0,0,0,0,0,0,-32287,0,0,0,0,0,2955947,0
2817166,5482,-6232,694,2262,-1755,-953,10638,-192,-127,9,-136,19371,68,33,79,16,0,0,0,0,0,0,0,-32287,0,0,0,0,0,2955962,0
2817171,7180,-3224,3054,1505,-988,-933,10575,-290,-193,11,-312,19371,68,33,79,16,0,0,0,0,0,0,0,-32287,0,0,0,0,0,2955967,0
2817176,6466,-5064,1008,59,-1122,-632,10480,-436,-323,33,-624,19369,73,33,79,16,0,0,0,0,0,0,0,-32287,0,0,0,0,0,2955982,0
2817181,5572,-5900,1842,-155,-873,-512,10357,-560,-348,34,-984,19369,73,33,79,16,0,0,0,0,0,0,0,-32286,0,0,0,0,0,2955987,0
2817186,5316,-7348,1728,103,-1122,-404,10202,-694,-349,11,-1312,19370,75,33,79,16,0,0,0,0,0,0,0,-32287,0,0,0,0,0,2956001,0
2817191,5752,-7494,2148,406,-1073,-242,10006,-875,-469,13,-1728,19370,75,33,79,16,0,0,0,0,0,0,0,-32287,0,0,0,0,0,2956006,0
2817196,6258,-6482,2464,329,-950,125,9773,-1038,-542,8,-2088,19371,83,33,79,16,0,0,0,0,0,0,0,-32287,0,0,0,0,0,2956021,0
2817201,6164,-6036,2590,10,-741,339,9500,-1218,-592,3,-2472,19371,83,33,79,16,0,0,0,0,0,0,0,-32287,0,0,0,0,0,2956026,0
2817206,6538,-6034,2632,-173,-621,516,9190,-1385,-581,0,-2816,19369,71,33,79,16,0,0,0,0,0,0,0,-32287,0,0,0,0,0,2956041,0
2817211,6714,-5798,2602,-208,-480,650,8841,-1551,-593,-3,-3144,19369,71,33,79,16,0,0,0,0,0,0,0,-32286,0,0,0,0,0,2956046,0
2817216,7334,-4804,2396,-127,-373,840,8458,-1697,-578,-13,-3440,19370,75,33,79,16,0,0,0,0,0,0,0,-32287,0,0,0,0,0,2956061,0
2817221,7736,-4244,2122,-251,-267,946,8043,-1832,-563,-16,-3680,19370,75,33,79,16,0,0,0,0,0,0,0,-32287,0,0,0,0,0,2956066,0
2817226,7824,-3572,1928,-536,-150,1060,7602,-1953,-521,-14,-3880,19368,78,33,79,16,0,0,0,0,0,0,0,-32286,0,0,0,0,0,2956081,0
2817231,8096,-2980,1818,-757,-67,1091,7146,-2020,-464,-17,-3992,19368,78,33,79,16,0,0,0,0,0,0,0,-32286,0,0,0,0,0,2956086,0
2817236,8526,-2460,1852,-1047,53,1187,6678,-2058,-369,-5,-4048,19368,81,33,79,16,0,0,0,0,0,0,0,-32286,0,0,0,0,0,2956101,0
2817241,8644,-2186,1750,-1105,20,1178,6212,-2061,-264,-9,-4048,19368,81,33,79,16,0,0,0,0,0,0,0,-32287,0,0,0,0,0,2956109,0
2817246,9016,-1948,1654,-1129,31,1149,5750,-2029,-146,-7,-3976,19364,83,33,79,16,0,0,0,0,0,0,0,-32286,0,0,0,0,0,2956124,0
2817251,8786,-1748,1540,-1020,-106,1051,5294,-1996,-35,-5,-3880,19364,83,33,79,16,0,0,0,0,0,0,0,-32287,0,0,0,0,0,2956129,0
2817256,9764,-846,1412,-450,-476,716,4845,-1963,45,-9,-3784,19363,78,33,79,16,0,0,0,0,0,0,0,-32287,0,0,0,0,0,2956144,0
2817261,10052,-138,1646,-408,-430,574,4406,-1930,90,-9,-3712,19363,78,33,79,16,0,0,0,0,0,0,0,-32287,0,0,0,0,0,2956149,0
2817266,10046,154,1650,-557,-356,460,3975,-1896,114,-10,-3608,19363,80,33,79,16,0,0,0,0,0,0,0,-32287,0,0,0,0,0,2956164,0
2817271,9980,66,1626,-768,-255,359,3556,-1836,130,-8,-3456,19363,80,33,79,16,0,0,0,0,0,0,0,-32287,0,0,0,0,0,2956169,0
2817276,9882,-538,2358,-987,112,207,3156,-1760,152,4,-3312,19363,79,33,79,16,0,0,0,0,0,0,0,-32287,0,0,0,0,0,2956184,0
2817281,9744,-1030,2594,-1021,342,153,2771,-1672,190,4,-3128,19363,79,33,79,16,0,0,0,0,0,0,0,-32287,0,0,0,0,0,2956189,0
2817286,9212,-1636,2590,-1016,479,107,2406,-1591,238,1,-2968,19365,87,33,79,16,0,0,0,0,0,0,0,-32287,0,0,0,0,0,2956204,0
2817291,8832,-2330,2482,-944,604,71,2062,-1502,269,1,-2784,19365,87,33,79,16,0,0,0,0,0,0,0,-32287,0,0,0,0,0,2956209,0
2817296,8010,-2634,2538,-839,922,88,1740,-1415,294,-1,-2584,19366,80,33,79,16,0,0,0,0,0,0,0,-32286,0,0,0,0,0,2956224,0
2817301,7694,-3162,2224,-969,1159,196,1440,-1315,313,-6,-2360,19366,80,33,79,16,0,0,0,0,0,0,0,-32287,0,0,0,0,0,2956229,0
2817306,7084,-2980,2138,-1145,1317,258,1165,-1193,327,-11,-2080,19367,77,33,79,16,0,0,0,0,0,0,0,-32287,0,0,0,0,0,2956244,0
2817311,7022,-3414,1786,-1118,1422,288,918,-1074,352,-13,-1776,19367,77,33,79,16,0,0,0,0,0,0,0,-32287,0,0,0,0,0,2956249,0
2817316,6628,-3588,1240,-561,1325,197,697,-948,380,-15,-1480,19369,71,33,79,16,0,0,0,0,0,0,0,-32287,0,0,0,0,0,2956264,0
2817321,6568,-3282,856,-350,1207,158,504,-838,403,-5,-1240,19369,71,33,79,16,0,0,0,0,0,0,0,-32286,0,0,0,0,0,2956269,0
2817326,6596,-2686,410,-343,1085,126,334,-735,409,0,-1032,19373,76,33,79,16,0,0,0,0,0,0,0,-32286,0,0,0,0,0,2956284,0
2817331,6694,-2352,48,-491,1010,131,184,-654,388,6,-864,19373,76,33,79,16,0,0,0,0,0,0,0,-32287,0,0,0,0,0,2956288,0
2817336,6592,-2458,-130,-834,842,149,49,-583,349,5,-736,19375,89,33,79,16,0,0,0,0,0,0,0,-32287,0,0,0,0,0,2956303,0
2817341,6474,-2600,26,-844,721,162,-74,-537,294,5,-592,19375,89,33,79,16,0,0,0,0,0,0,0,-32286,0,0,0,0,0,2956308,0
2817346,6456,-2756,88,-889,614,191,-184,-478,246,10,-488,19377,85,33,79,16,0,0,0,0,0,0,0,-32287,0,0,0,0,0,2956323,0
2817351,6608,-2696,332,-942,556,235,-281,-430,214,16,-392,19377,85,33,79,16,0,0,0,0,0,0,0,-32287,0,0,0,0,0,2956328,0
2817356,6714,-2690,910,-1093,566,319,-368,-383,193,4,-328,19372,72,33,79,16,0,0,0,0,0,0,0,-32286,0,0,0,0,0,2956343,0
2817361,6768,-2620,1180,-1114,552,323,-449,-354,167,-1,-280,19372,72,33,79,16,0,0,0,0,0,0,0,-32287,0,0,0,0,0,2956348,0
2817366,6990,-2606,1286,-1051,527,325,-522,-312,148,-11,-192,19371,72,33,79,16,0,0,0,0,0,0,0,-32287,0,0,0,0,0,2956363,0
2817371,7002,-2364,1452,-992,512,289,-585,-273,132,-4,-144,19371,72,33,79,16,0,0,0,0,0,0,0,-32287,0,0,0,0,0,2956368,0
2817376,7124,-2292,1508,-993,551,315,-635,-214,137,11,-112,19371,75,33,79,16,0,0,0,0,0,0,0,-32287,0,0,0,0,0,2956383,0
2817381,6888,-1978,1616,-1083,581,285,-679,-189,140,9,-80,19371,75,33,79,16,0,0,0,0,0,0,0,-32286,0,0,0,0,0,2956388,0
2817386,7020,-2290,1494,-1137,630,317,-721,-177,139,4,-88,19372,78,33,79,16,0,0,0,0,0,0,0,-32287,0,0,0,0,0,2956403,0
2817391,6762,-2026,1642,-1101,659,257,-757,-154,104,-2,-64,19372,78,33,79,16,0,0,0,0,0,0,0,-32287,0,0,0,0,0,2956408,0
2817396,6404,-2440,1426,-1012,655,239,-788,-139,83,6,-64,19371,75,33,79,16,0,0,0,0,0,0,0,-32287,0,0,0,0,0,2956423,0
2817401,6378,-2576,1278,-941,647,233,-818,-122,64,-1,-56,19371,75,33,79,16,0,0,0,0,0,0,0,-32287,0,0,0,0,0,2956428,0
2817406,6016,-2620,1258,-920,666,255,-850,-141,51,4,-72,19369,66,33,79,16,0,0,0,0,0,0,0,-32287,0,0,0,0,0,2956443,0
2817411,5850,-2470,1298,-856,640,207,-880,-126,27,-4,-48,19369,66,33,79,16,0,0,0,0,0,0,0,-32287,0,0,0,0,0,2956448,0
2817416,5458,-2454,980,-751,583,222,-904,-103,22,0,-48,19368,67,33,79,16,0,0,0,0,0,0,0,-32287,0,0,0,0,0,2956463,0
2817421,5492,-2400,762,-722,552,199,-924,-84,30,-3,-24,19368,67,33,79,16,0,0,0,0,0,0,0,-32287,0,0,0,0,0,2956468,0
2817426,5430,-2296,620,-684,548,203,-928,-8,66,-8,8,19370,72,33,79,16,0,0,0,0,0,0,0,-32287,0,0,0,0,0,2956483,0
2817431,5376,-2248,552,-673,500,217,-924,28,125,-4,8,19370,72,33,79,16,0,0,0,0,0,0,0,-32287,0,0,0,0,0,2956488,0
2817436,5464,-2340,248,-690,333,221,-917,19,141,0,0,19375,67,33,79,16,0,0,0,0,0,0,0,-32287,0,0,0,0,0,2956503,0
2817441,5564,-2240,186,-660,229,203,-916,-1,101,1,-16,19375,67,33,79,16,0,0,0,0,0,0,0,-32287,0,0,0,0,0,2956508,0
2817446,5978,-2014,226,-533,85,109,-920,-12,43,2,-16,19374,72,33,79,16,0,0,0,0,0,0,0,-32287,0,0,0,0,0,2956523,0
2817451,6374,-2194,236,-240,-99,28,-923,-11,-23,-2,-8,19374,72,33,79,16,0,0,0,0,0,0,0,-32287,0,0,0,0,0,2956528,0
2817456,6524,-1708,416,-405,-216,32,-924,0,-33,-1,-8,19375,68,33,79,16,0,0,0,0,0,0,0,-32287,0,0,0,0,0,2956543,0
2817461,6980,-1746,588,-488,-108,43,-924,-2,-7,0,-8,19375,68,33,79,16,0,0,0,0,0,0,0,-32287,0,0,0,0,0,2956548,0
2817466,6880,-1794,886,-570,-59,39,-924,-3,13,1,-8,19369,73,33,79,16,0,0,0,0,0,0,0,-32287,0,0,0,0,0,2956563,0
2817471,7096,-1976,1034,-605,23,38,-925,0,16,0,-8,19369,73,33,79,16,0,0,0,0,0,0,0,-32287,0,0,0,0,0,2956568,0
2817476,7272,-2166,1230,-594,182,53,-927,-12,-1,0,0,19370,85,33,79,16,0,0,0,0,0,0,0,-32287,0,0,0,0,0,2956583,0
2817481,7220,-2128,1220,-605,251,56,-927,-1,-5,-1,-8,19370,85,33,79,16,0,0,0,0,0,0,0,-32287,0,0,0,0,0,2956588,0
2817486,7200,-2078,1174,-625,309,71,-929,-5,-2,-1,-8,19371,78,33,79,16,0,0,0,0,0,0,0,-32287,0,0,0,0,0,2956603,0
2817491,7124,-2056,1092,-632,353,82,-928,5,1,-1,-8,19371,78,33,79,16,0,0,0,0,0,0,0,-32287,0,0,0,0,0,2956608,0
2817496,6968,-2042,930,-642,400,102,-928,6,0,0,-8,19374,82,33,79,16,0,0,0,0,0,0,0,-32287,0,0,0,0,0,2956623,0
2817501,6778,-2028,870,-642,399,116,-930,-4,7,0,-8,19374,82,33,79,16,0,0,0,0,0,0,0,-32287,0,0,0,0,0,2956628,0
2817506,6736,-1964,758,-624,385,124,-929,-10,-3,0,-8,19373,75,33,79,16,0,0,0,0,0,0,0,-32287,0,0,0,0,0,2956643,0
2817511,6668,-1934,722,-637,381,133,-929,6,2,-1,0,19373,75,33,79,16,0,0,0,0,0,0,0,-32287,0,0,0,0,0,2956648,0
2817516,6498,-1886,682,-663,347,142,-927,4,3,0,0,19371,72,33,79,16,0,0,0,0,0,0,0,-32287,0,0,0,0,0,2956663,0
2817521,6432,-1912,686,-666,336,136,-926,8,2,-1,0,19371,72,33,79,16,0,0,0,0,0,0,0,-32288,0,0,0,0,0,2956668,0
2817526,6528,-1936,602,-661,324,146,-926,6,7,0,0,19371,75,33,79,16,0,0,0,0,0,0,0,-32288,0,0,0,0,0,2956683,0
2817531,6480,-1928,618,-658,304,148,-925,0,6,0,0,19371,75,33,79,16,0,0,0,0,0,0,0,-32287,0,0,0,0,0,2956688,0
2817536,6592,-1956,576,-642,258,163,-924,7,-3,0,0,19373,83,33,79,16,0,0,0,0,0,0,0,-32287,0,0,0,0,0,2956702,0
2817541,6574,-1948,614,-622,225,156,-924,1,1,-1,0,19373,83,33,79,16,0,0,0,0,0,0,0,-32287,0,0,0,0,0,2956707,0
2817546,6700,-1958,620,-600,196,154,-922,7,-2,-1,0,19372,83,33,79,16,0,0,0,0,0,0,0,-32287,0,0,0,0,0,2956722,0
2817551,6794,-1956,610,-566,156,152,-922,1,1,0,0,19372,83,33,79,16,0,0,0,0,0,0,0,-32287,0,0,0,0,0,2956727,0
2817556,7022,-1952,652,-546,119,164,-922,-7,1,0,0,19371,75,33,79,16,0,0,0,0,0,0,0,-32287,0,0,0,0,0,2956742,0
2817561,7186,-1972,724,-561,115,176,-922,-2,-4,0,-8,19371,75,33,79,16,0,0,0,0,0,0,0,-32287,0,0,0,0,0,2956747,0
2817566,7292,-2046,754,-559,107,181,-920,6,-5,0,0,19371,75,33,79,16,0,0,0,0,0,0,0,-32287,0,0,0,0,0,2956762,0
2817571,7352,-2038,832,-556,98,182,-921,4,-4,0,-8,19371,75,33,79,16,0,0,0,0,0,0,0,-32287,0,0,0,0,0,2956767,0
2817576,7648,-2038,932,-512,94,195,-922,-6,3,0,0,19371,76,33,79,16,0,0,0,0,0,0,0,-32287,0,0,0,0,0,2956782,0
2817581,7710,-1994,970,-527,100,185,-921,-7,-1,-1,0,19371,76,33,79,16,0,0,0,0,0,0,0,-32287,0,0,0,0,0,2956787,0
2817586,7812,-1998,934,-536,108,185,-921,-5,0,-1,-8,19373,85,33,79,16,0,0,0,0,0,0,0,-32287,0,0,0,0,0,2956802,0
2817591,7884,-1910,996,-557,100,175,-921,0,1,0,0,19373,85,33,79,16,0,0,0,0,0,0,0,-32287,0,0,0,0,0,2956807,0
2817596,7976,-1940,1054,-554,79,140,-920,2,2,0,-8,19373,84,33,79,16,0,0,0,0,0,0,0,-32287,0,0,0,0,0,2956822,0
2817601,8092,-1992,1080,-553,69,134,-920,0,0,0,0,19373,84,33,79,16,0,0,0,0,0,0,0,-32287,0,0,0,0,0,2956827,0
2817606,8126,-1984,1102,-538,63,119,-921,-12,1,0,0,19371,81,33,79,16,0,0,0,0,0,0,0,-32287,0,0,0,0,0,2956842,0
2817611,8178,-1922,1170,-535,60,114,-920,1,1,0,0,19371,81,33,79,16,0,0,0,0,0,0,0,-32287,0,0,0,0,0,2956847,0
2817616,8308,-1882,1282,-539,78,91,-920,-3,-3,0,0,19371,76,33,79,16,0,0,0,0,0,0,0,-32286,0,0,0,0,0,2956862,0
2817621,8438,-1924,1290,-539,89,85,-920,-4,1,0,-8,19371,76,33,79,16,0,0,0,0,0,0,0,-32287,0,0,0,0,0,2956867,0
2817626,8522,-1914,1346,-531,110,73,-919,6,0,0,0,19372,70,33,79,16,0,0,0,0,0,0,0,-32287,0,0,0,0,0,2956882,0
2817631,8622,-1882,1434,-519,119,59,-921,-7,1,-1,-8,19372,70,33,79,16,0,0,0,0,0,0,0,-32286,0,0,0,0,0,2956887,0
2817636,8852,-1704,1544,-521,168,10,-919,0,-2,-1,-8,19374,77,33,79,16,0,0,0,0,0,0,0,-32287,0,0,0,0,0,2956902,0
2817641,8974,-1664,1594,-521,208,-16,-920,3,0,-2,0,19374,77,33,79,16,0,0,0,0,0,0,0,-32287,0,0,0,0,0,2956907,0
2817646,9066,-1606,1606,-515,258,-42,-919,7,5,0,0,19377,79,33,79,16,0,0,0,0,0,0,0,-32287,0,0,0,0,0,2956922,0
2817651,9116,-1534,1646,-500,293,-84,-919,4,-4,0,-8,19377,79,33,79,16,0,0,0,0,0,0,0,-32287,0,0,0,0,0,2956927,0
2817656,9162,-1380,1650,-464,395,-165,-920,-2,1,0,0,19374,77,33,79,16,0,0,0,0,0,0,0,-32287,0,0,0,0,0,2956942,0
2817661,9144,-1266,1638,-450,438,-206,-920,-2,-3,0,-8,19374,77,33,79,16,0,0,0,0,0,0,0,-32286,0,0,0,0,0,2956947,0
2817666,9212,-1150,1612,-439,505,-232,-920,-7,-6,-1,0,19371,77,33,79,16,0,0,0,0,0,0,0,-32287,0,0,0,0,0,2956962,0
2817671,9150,-1064,1678,-430,548,-270,-922,-12,-1,0,-8,19371,77,33,79,16,0,0,0,0,0,0,0,-32287,0,0,0,0,0,2956967,0
2817676,9194,-716,1652,-438,649,-323,-919,1,2,0,0,19368,85,33,79,16,0,0,0,0,0,0,0,-32287,0,0,0,0,0,2956982,0
2817681,9300,-574,1662,-467,704,-342,-920,-7,1,0,-8,19368,85,33,79,16,0,0,0,0,0,0,0,-32287,0,0,0,0,0,2956987,0
2817686,9266,-440,1692,-521,744,-369,-920,-1,3,-2,-8,19375,85,33,79,16,0,0,0,0,0,0,0,-32286,0,0,0,0,0,2957002,0
2817691,9312,-346,1708,-567,791,-386,-919,-1,1,-1,-8,19375,85,33,79,16,0,0,0,0,0,0,0,-32287,0,0,0,0,0,2957007,0
2817696,9292,-168,1760,-734,894,-411,-919,8,3,0,0,19376,83,33,79,16,0,0,0,0,0,0,0,-32287,0,0,0,0,0,2957022,0
2817701,9240,-248,1788,-791,916,-426,-919,-1,3,0,0,19376,83,33,79,16,0,0,0,0,0,0,0,-32287,0,0,0,0,0,2957031,0
2817706,9234,-320,1754,-806,919,-439,-919,0,-3,0,0,19376,69,33,79,16,0,0,0,0,0,0,0,-32287,0,0,0,0,0,2957042,0
2817711,9244,-330,1826,-809,894,-466,-918,2,0,0,0,19376,69,33,79,16,0,0,0,0,0,0,0,-32287,0,0,0,0,0,2957047,0
2817716,9208,-38,1842,-905,914,-508,-919,9,0,0,0,19372,69,33,79,16,0,0,0,0,0,0,0,-32287,0,0,0,0,0,2957062,0
2817721,9126,2,1830,-995,906,-524,-918,2,1,0,0,19372,69,33,79,16,0,0,0,0,0,0,0,-32287,0,0,0,0,0,2957067,0
2817726,9060,-190,1752,-1036,875,-558,-918,4,2,0,0,19370,69,33,79,16,0,0,0,0,0,0,0,-32287,0,0,0,0,0,2957082,0
2817731,8956,-616,1722,-1221,937,-459,-915,14,7,-2,8,19370,69,33,79,16,0,0,0,0,0,0,0,-32287,0,0,0,0,0,2957087,0
2817736,9326,-698,2082,-1647,1115,-451,-910,18,16,-2,8,19372,69,33,79,16,0,0,0,0,0,0,0,-32287,0,0,0,0,0,2957102,0
2817741,9126,-1050,2346,-1712,1152,-435,-904,26,21,-1,8,19372,69,33,79,16,0,0,0,0,0,0,0,-32287,0,0,0,0,0,2957107,0
2817746,9076,-1620,1976,-1801,1041,-419,-900,20,21,0,8,19371,66,33,79,16,0,0,0,0,0,0,0,-32286,0,0,0,0,0,2957122,0
2817751,9644,-2096,2012,-1822,1008,-414,-896,14,8,-1,8,19371,66,33,79,16,0,0,0,0,0,0,0,-32286,0,0,0,0,0,2957127,0
2817756,10074,-2956,2350,-1684,899,-430,-889,31,1,0,16,19371,69,33,79,16,0,0,0,0,0,0,0,-32287,0,0,0,0,0,2957141,0
2817761,10352,-3692,2438,-1644,810,-410,-878,56,10,-2,32,19371,69,33,79,16,0,0,0,0,0,0,0,-32286,0,0,0,0,0,2957146,0
2817766,10472,-4470,2244,-1808,743,-302,-853,128,44,-10,80,19369,77,33,79,16,0,0,0,0,0,0,0,-32287,0,0,0,0,0,2957161,0
2817771,10612,-5590,2334,-2327,901,15,-810,209,110,-13,160,19369,77,33,79,16,0,0,0,0,0,0,0,-32287,0,0,0,0,0,2957166,0
2817776,10804,-6674,3598,-2372,1341,36,-739,319,196,-11,344,19370,75,33,79,16,0,0,0,0,0,0,0,-32286,0,0,0,0,0,2957181,0
2817781,10118,-7422,3228,-1693,1088,-94,-637,465,298,-31,672,19370,75,33,79,16,0,0,0,0,0,0,0,-32286,0,0,0,0,0,2957186,0
2817786,10454,-7210,2402,-904,731,-295,-500,609,394,-28,1096,19371,77,33,79,16,0,0,0,0,0,0,0,-32287,0,0,0,0,0,2957201,0
2817791,10340,-6328,1848,-346,532,-481,-336,740,443,7,1336,19371,77,33,79,16,0,0,0,0,0,0,0,-32286,0,0,0,0,0,2957206,0
2817796,9526,-4968,1266,-219,307,-773,-147,832,462,15,1496,19372,75,33,79,16,0,0,0,0,0,0,0,-32287,0,0,0,0,0,2957221,0
2817801,9180,-5068,1206,-219,264,-915,60,921,426,10,1656,19372,75,33,79,16,0,0,0,0,0,0,0,-32287,0,0,0,0,0,2957226,0
2817806,8512,-5606,1218,-163,219,-1027,275,954,360,17,1688,19371,81,33,79,16,0,0,0,0,0,0,0,-32287,0,0,0,0,0,2957241,0
2817811,7694,-6152,1280,-83,218,-1086,495,971,260,10,1688,19371,81,33,79,16,0,0,0,0,0,0,0,-32287,0,0,0,0,0,2957246,0
2817816,5902,-7172,1044,214,84,-1102,715,962,160,12,1656,19368,86,33,79,16,0,0,0,0,0,0,0,-32287,0,0,0,0,0,2957261,0
2817821,5106,-7330,852,366,-30,-1056,927,937,73,3,1592,19368,86,33,79,16,0,0,0,0,0,0,0,-32287,0,0,0,0,0,2957266,0
2817826,4774,-7320,862,489,-101,-940,1136,913,4,2,1520,19369,78,33,79,16,0,0,0,0,0,0,0,-32287,0,0,0,0,0,2957281,0
2817831,3942,-7414,1036,569,-173,-837,1333,857,-61,8,1400,19369,78,33,79,16,0,0,0,0,0,0,0,-32287,0,0,0,0,0,2957286,0
2817836,3842,-6868,652,751,-307,-612,1526,842,-93,-5,1368,19370,82,33,79,16,0,0,0,0,0,0,0,-32287,0,0,0,0,0,2957301,0
2817841,3680,-6178,668,788,-336,-534,1704,782,-123,2,1248,19370,82,33,79,16,0,0,0,0,0,0,0,-32286,0,0,0,0,0,2957306,0
2817846,3858,-5600,472,823,-285,-463,1874,747,-130,-2,1176,19370,79,33,79,16,0,0,0,0,0,0,0,-32286,0,0,0,0,0,2957321,0
2817851,3620,-5100,306,843,-261,-403,2035,697,-151,10,1048,19370,79,33,79,16,0,0,0,0,0,0,0,-32287,0,0,0,0,0,2957326,0
2817856,3682,-4430,-172,1069,-287,-350,2183,647,-147,4,944,19373,83,33,79,16,0,0,0,0,0,0,0,-32287,0,0,0,0,0,2957341,0
2817861,3752,-4122,-348,1150,-326,-316,2325,615,-156,-1,872,19373,83,33,79,16,0,0,0,0,0,0,0,-32287,0,0,0,0,0,2957346,0
2817866,3872,-3854,-506,1128,-331,-266,2454,567,-157,5,744,19372,81,33,79,16,0,0,0,0,0,0,0,-32287,0,0,0,0,0,2957361,0
2817871,4056,-3420,-572,1020,-318,-211,2571,514,-153,-4,616,19372,81,33,79,16,0,0,0,0,0,0,0,-32286,0,0,0,0,0,2957366,0
2817876,4538,-3212,-392,835,-236,-112,2680,476,-156,-13,552,19374,77,33,79,16,0,0,0,0,0,0,0,-32287,0,0,0,0,0,2957381,0
2817881,4626,-3408,-190,760,-193,-38,2784,451,-147,-5,480,19374,77,33,79,16,0,0,0,0,0,0,0,-32286,0,0,0,0,0,2957386,0
2817886,4894,-3416,-60,696,-165,38,2877,404,-137,3,408,19371,68,33,79,16,0,0,0,0,0,0,0,-32286,0,0,0,0,0,2957401,0
2817891,5208,-3276,-56,668,-148,104,2968,390,-127,0,376,19371,68,33,79,16,0,0,0,0,0,0,0,-32287,0,0,0,0,0,2957406,0
2817896,5750,-3318,-88,539,-167,266,3051,367,-103,8,328,19370,69,33,79,16,0,0,0,0,0,0,0,-32287,0,0,0,0,0,2957421,0
2817901,6086,-3238,-84,499,-215,336,3133,361,-83,-1,320,19370,69,33,79,16,0,0,0,0,0,0,0,-32287,0,0,0,0,0,2957426,0
2817906,6518,-3186,-20,471,-285,392,3218,373,-59,-4,344,19368,75,33,79,16,0,0,0,0,0,0,0,-32287,0,0,0,0,0,2957441,0
2817911,6940,-3224,12,453,-371,466,3302,370,-23,1,336,19368,75,33,79,16,0,0,0,0,0,0,0,-32287,0,0,0,0,0,2957446,0
2817916,7934,-2970,102,352,-488,576,3383,358,-9,3,304,19368,82,33,79,16,0,0,0,0,0,0,0,-32287,0,0,0,0,0,2957461,0
2817921,8298,-2702,272,250,-507,619,3462,350,-10,4,280,19368,82,33,79,16,0,0,0,0,0,0,0,-32286,0,0,0,0,0,2957466,0
2817926,8818,-2518,234,142,-507,634,3539,347,-25,4,264,19369,80,33,79,16,0,0,0,0,0,0,0,-32287,0,0,0,0,0,2957481,0
2817931,9200,-2396,194,52,-459,659,3617,344,-23,-2,280,19369,80,33,79,16,0,0,0,0,0,0,0,-32286,0,0,0,0,0,2957486,0
2817936,9500,-2142,54,-155,-393,609,3699,360,-9,-3,312,19372,71,33,79,16,0,0,0,0,0,0,0,-32287,0,0,0,0,0,2957501,0
2817941,9276,-1912,80,-281,-337,550,3780,358,7,0,288,19372,71,33,79,16,0,0,0,0,0,0,0,-32286,0,0,0,0,0,2957506,0
2817946,9236,-1958,-54,-364,-295,488,3857,345,9,2,280,19372,63,33,79,16,0,0,0,0,0,0,0,-32287,0,0,0,0,0,2957521,0
2817951,8946,-2034,-184,-441,-230,426,3934,332,-7,0,248,19372,63,33,79,16,0,0,0,0,0,0,0,-32286,0,0,0,0,0,2957526,0
2817956,8456,-2492,-164,-436,-183,252,4012,348,-15,-2,296,19370,75,33,79,16,0,0,0,0,0,0,0,-32287,0,0,0,0,0,2957541,0
2817961,8204,-2612,-190,-345,-217,149,4097,366,-3,-5,336,19370,75,33,79,16,0,0,0,0,0,0,0,-32287,0,0,0,0,0,2957546,0
2817966,7906,-3022,-78,-278,-205,93,4184,382,23,-2,336,19370,81,33,79,16,0,0,0,0,0,0,0,-32287,0,0,0,0,0,2957561,0
2817971,7320,-3294,-292,-290,-306,75,4269,379,38,2,344,19370,81,33,79,16,0,0,0,0,0,0,0,-32287,0,0,0,0,0,2957566,0
2817976,6874,-3526,-316,-349,-431,53,4353,370,33,5,328,19371,87,33,79,16,0,0,0,0,0,0,0,-32287,0,0,0,0,0,2957581,0
2817981,6618,-3534,-116,-355,-509,33,4440,379,8,1,344,19371,87,33,79,16,0,0,0,0,0,0,0,-32287,0,0,0,0,0,2957586,0
2817986,6548,-3856,-12,-319,-564,50,4530,401,8,-10,408,19373,89,33,79,16,0,0,0,0,0,0,0,-32287,0,0,0,0,0,2957601,0
2817991,6314,-3952,218,-239,-644,55,4624,422,27,-13,464,19373,89,33,79,16,0,0,0,0,0,0,0,-32287,0,0,0,0,0,2957606,0
2817996,6240,-4118,534,-83,-755,86,4715,401,30,4,392,19371,71,33,79,16,0,0,0,0,0,0,0,-32287,0,0,0,0,0,2957621,0
2818001,6530,-4090,644,-16,-742,108,4803,384,24,0,376,19371,71,33,79,16,0,0,0,0,0,0,0,-32287,0,0,0,0,0,2957626,0
2818006,6578,-3950,860,59,-734,98,4893,393,0,2,392,19369,78,33,79,16,0,0,0,0,0,0,0,-32287,0,0,0,0,0,2957641,0
2818011,6718,-3974,870,147,-746,105,4982,390,-12,-1,376,19369,78,33,79,16,0,0,0,0,0,0,0,-32286,0,0,0,0,0,2957646,0
2818016,7016,-3700,1154,270,-667,133,5072,394,-14,-1,392,19370,75,33,79,16,0,0,0,0,0,0,0,-32287,0,0,0,0,0,2957661,0
2818021,7076,-3590,1282,264,-589,162,5155,364,-8,14,312,19370,75,33,79,16,0,0,0,0,0,0,0,-32287,0,0,0,0,0,2957666,0
2818026,7228,-3568,1290,301,-535,185,5234,348,-24,7,280,19369,76,33,79,16,0,0,0,0,0,0,0,-32287,0,0,0,0,0,2957681,0
2818031,7228,-3602,1288,342,-477,212,5310,330,-50,4,240,19369,76,33,79,16,0,0,0,0,0,0,0,-32287,0,0,0,0,0,2957685,0
2818036,7212,-3524,1120,471,-386,281,5381,317,-64,4,224,19370,78,33,79,16,0,0,0,0,0,0,0,-32287,0,0,0,0,0,2957700,0
2818041,7114,-3440,1074,508,-368,310,5451,304,-59,1,216,19370,78,33,79,16,0,0,0,0,0,0,0,-32287,0,0,0,0,0,2957705,0
2818046,7094,-3432,924,538,-351,364,5520,295,-47,0,208,19368,68,33,79,16,0,0,0,0,0,0,0,-32286,0,0,0,0,0,2957720,0
2818051,6866,-3328,824,556,-352,413,5581,269,-43,0,152,19368,68,33,79,16,0,0,0,0,0,0,0,-32287,0,0,0,0,0,2957725,0
2818056,6916,-3074,494,587,-345,445,5639,247,-52,-5,152,19366,60,33,79,16,0,0,0,0,0,0,0,-32287,0,0,0,0,0,2957740,0
2818061,6700,-3146,464,608,-376,488,5696,237,-59,-4,128,19366,60,33,79,16,0,0,0,0,0,0,0,-32287,0,0,0,0,0,2957745,0
2818066,6580,-3094,378,644,-427,501,5746,225,-57,3,112,19369,68,33,79,16,0,0,0,0,0,0,0,-32287,0,0,0,0,0,2957760,0
2818071,6556,-2976,268,668,-446,513,5785,216,-52,-7,120,19369,68,33,79,16,0,0,0,0,0,0,0,-32287,0,0,0,0,0,2957765,0
2818076,6514,-2900,228,701,-532,550,5833,208,-49,-4,112,19371,73,33,79,16,0,0,0,0,0,0,0,-32287,0,0,0,0,0,2957780,0
2818081,6516,-3064,160,690,-569,595,5880,208,-33,0,112,19371,73,33,79,16,0,0,0,0,0,0,0,-32287,0,0,0,0,0,2957785,0
2818086,6494,-2974,184,711,-647,599,5929,216,-17,-1,120,19371,70,33,79,16,0,0,0,0,0,0,0,-32287,0,0,0,0,0,2957800,0
2818091,6584,-2970,216,728,-657,614,5980,225,1,5,112,19371,70,33,79,16,0,0,0,0,0,0,0,-32287,0,0,0,0,0,2957805,0
2818096,6644,-2950,376,764,-713,647,6029,206,6,2,104,19368,61,33,79,16,0,0,0,0,0,0,0,-32287,0,0,0,0,0,2957820,0
2818101,6798,-2974,418,794,-705,665,6076,213,1,-2,104,19368,61,33,79,16,0,0,0,0,0,0,0,-32286,0,0,0,0,0,2957825,0
2818106,6944,-2964,484,849,-720,664,6122,212,-15,3,96,19369,64,33,79,16,0,0,0,0,0,0,0,-32286,0,0,0,0,0,2957840,0
2818111,6972,-2888,518,873,-690,669,6167,196,-18,0,104,19369,64,33,79,16,0,0,0,0,0,0,0,-32287,0,0,0,0,0,2957845,0
2818116,7162,-2692,578,938,-654,646,6208,181,-22,-2,88,19369,77,33,79,16,0,0,0,0,0,0,0,-32287,0,0,0,0,0,2957860,0
2818121,7406,-2694,524,991,-647,646,6254,204,-11,-2,104,19369,77,33,79,16,0,0,0,0,0,0,0,-32287,0,0,0,0,0,2957865,0
2818126,7314,-2450,578,1048,-616,594,6301,212,-5,0,120,19371,75,33,79,16,0,0,0,0,0,0,0,-32287,0,0,0,0,0,2957880,0
2818131,7510,-2474,394,1105,-589,587,6351,218,22,-2,136,19371,75,33,79,16,0,0,0,0,0,0,0,-32287,0,0,0,0,0,2957885,0
2818136,7750,-1516,226,1300,-623,434,6412,261,57,0,176,19372,67,33,79,16,0,0,0,0,0,0,0,-32287,0,0,0,0,0,2957900,0
2818141,7582,-1788,186,1139,-438,478,6469,254,57,11,136,19372,67,33,79,16,0,0,0,0,0,0,0,-32287,0,0,0,0,0,2957905,0
2818146,7234,-2366,-52,1177,-575,473,6528,256,48,2,152,19372,62,33,79,16,0,0,0,0,0,0,0,-32287,0,0,0,0,0,2957920,0
2818151,7510,-2360,-226,1252,-636,459,6587,264,32,0,168,19372,62,33,79,16,0,0,0,0,0,0,0,-32286,0,0,0,0,0,2957925,0
2818156,7856,-1518,268,1150,-523,452,6645,262,9,8,144,19370,67,33,79,16,0,0,0,0,0,0,0,-32287,0,0,0,0,0,2957940,0
2818161,7848,-1334,464,1041,-397,419,6707,278,5,-4,192,19370,67,33,79,16,0,0,0,0,0,0,0,-32287,0,0,0,0,0,2957945,0
2818166,7868,-1566,476,1104,-296,371,6776,302,37,2,232,19369,70,33,79,16,0,0,0,0,0,0,0,-32287,0,0,0,0,0,2957960,0
2818171,7826,-1716,548,1300,-256,329,6854,343,64,-4,296,19369,70,33,79,16,0,0,0,0,0,0,0,-32286,0,0,0,0,0,2957965,0
2818176,7750,-1716,134,1584,-263,301,6934,361,76,0,320,19372,79,33,79,16,0,0,0,0,0,0,0,-32287,0,0,0,0,0,2957980,0
2818181,7716,-1366,-84,1572,-265,289,7017,358,62,-1,304,19372,79,33,79,16,0,0,0,0,0,0,0,-32287,0,0,0,0,0,2957985,0
2818186,7770,-1176,-296,1508,-229,305,7099,370,26,-1,320,19373,66,33,79,16,0,0,0,0,0,0,0,-32287,0,0,0,0,0,2958000,0
2818191,7628,-892,-358,1410,-241,296,7186,382,54,-6,368,19373,66,33,79,16,0,0,0,0,0,0,0,-32287,0,0,0,0,0,2958005,0
2818196,7552,-906,-338,1401,-287,264,7276,406,49,-14,424,19373,61,33,79,16,0,0,0,0,0,0,0,-32287,0,0,0,0,0,2958020,0
2818201,7656,-956,-426,1411,-300,271,7371,420,86,-2,432,19373,61,33,79,16,0,0,0,0,0,0,0,-32286,0,0,0,0,0,2958025,0
2818206,7610,-714,-352,1366,-272,272,7464,411,50,1,416,19371,66,33,79,16,0,0,0,0,0,0,0,-32287,0,0,0,0,0,2958040,0
2818211,7676,-648,-316,1293,-245,249,7557,408,30,-4,416,19371,66,33,79,16,0,0,0,0,0,0,0,-32287,0,0,0,0,0,2958045,0
2818216,7842,-518,-220,1218,-157,156,7651,422,14,-7,464,19373,65,33,79,16,0,0,0,0,0,0,0,-32287,0,0,0,0,0,2958060,0
2818221,7720,-598,-134,1232,-115,111,7752,447,12,-10,536,19373,65,33,79,16,0,0,0,0,0,0,0,-32286,0,0,0,0,0,2958065,0
2818226,7708,-762,-148,1274,-117,82,7855,460,29,2,536,19372,80,33,79,16,0,0,0,0,0,0,0,-32287,0,0,0,0,0,2958080,0
2818231,7810,-680,-108,1282,-89,42,7957,461,40,1,560,19372,80,33,79,16,0,0,0,0,0,0,0,-32287,0,0,0,0,0,2958085,0
2818236,7868,-426,-108,1179,-22,-59,8063,466,38,1,552,19373,67,33,79,16,0,0,0,0,0,0,0,-32287,0,0,0,0,0,2958100,0
2818241,7874,-604,-110,1143,2,-96,8171,477,31,2,592,19373,67,33,79,16,0,0,0,0,0,0,0,-32287,0,0,0,0,0,2958107,0
2818246,7862,-748,-120,1142,28,-139,8283,498,31,1,632,19370,74,33,79,16,0,0,0,0,0,0,0,-32287,0,0,0,0,0,2958122,0
2818251,7830,-732,-138,1152,30,-167,8396,500,35,7,632,19370,74,33,79,16,0,0,0,0,0,0,0,-32286,0,0,0,0,0,2958127,0
2818256,7862,-850,-100,1111,36,-222,8508,488,28,2,592,19367,74,33,79,16,0,0,0,0,0,0,0,-32287,0,0,0,0,0,2958142,0
2818261,7870,-726,-50,1078,47,-263,8620,497,19,0,616,19367,74,33,79,16,0,0,0,0,0,0,0,-32287,0,0,0,0,0,2958147,0
2818266,7910,-884,-40,1050,70,-274,8732,497,6,0,624,19368,72,33,79,16,0,0,0,0,0,0,0,-32287,0,0,0,0,0,2958162,0
2818271,7832,-950,-80,1031,80,-283,8844,488,-6,0,592,19368,72,33,79,16,0,0,0,0,0,0,0,-32287,0,0,0,0,0,2958167,0
2818276,7700,-1118,-122,997,100,-281,8952,470,-8,3,552,19369,76,33,79,16,0,0,0,0,0,0,0,-32287,0,0,0,0,0,2958182,0
2818281,7574,-1040,-102,984,75,-307,9061,485,-6,-5,600,19369,76,33,79,16,0,0,0,0,0,0,0,-32287,0,0,0,0,0,2958187,0
2818286,7698,-998,-216,1024,68,-301,9172,490,-13,-6,640,19371,74,33,79,16,0,0,0,0,0,0,0,-32287,0,0,0,0,0,2958202,0
2818291,7542,-1220,-240,1065,55,-279,9283,489,-4,0,632,19371,74,33,79,16,0,0,0,0,0,0,0,-32287,0,0,0,0,0,2958207,0
2818296,7558,-1064,-434,1056,2,-237,9395,484,6,1,600,19369,76,33,79,16,0,0,0,0,0,0,0,-32287,0,0,0,0,0,2958222,0
2818301,7482,-794,-338,1026,-30,-234,9506,493,14,-2,640,19369,76,33,79,16,0,0,0,0,0,0,0,-32287,0,0,0,0,0,2958227,0
2818306,7696,-728,-380,1020,-46,-242,9622,515,14,-8,712,19370,70,33,79,16,0,0,0,0,0,0,0,-32287,0,0,0,0,0,2958242,0
2818311,7656,-934,-388,1055,-47,-213,9740,524,24,3,712,19370,70,33,79,16,0,0,0,0,0,0,0,-32287,0,0,0,0,0,2958247,0
2818316,8056,-824,-436,1063,-87,-207,9859,522,30,2,712,19370,79,33,79,16,0,0,0,0,0,0,0,-32287,0,0,0,0,0,2958262,0
2818321,8196,-774,-428,1002,-111,-244,9981,542,34,-6,776,19370,79,33,79,16,0,0,0,0,0,0,0,-32287,0,0,0,0,0,2958267,0
2818326,8476,-1264,-508,985,-132,-280,10110,578,42,-6,888,19370,77,33,79,16,0,0,0,0,0,0,0,-32287,0,0,0,0,0,2958282,0
2818331,8696,-1826,-616,975,-163,-307,10239,573,47,5,832,19370,77,33,79,16,0,0,0,0,0,0,0,-32287,0,0,0,0,0,2958287,0
2818336,9250,-3016,-788,1061,-191,-369,10372,581,55,-2,880,19369,83,33,79,16,0,0,0,0,0,0,0,-32286,0,0,0,0,0,2958302,0
2818341,9400,-3374,-750,1126,-223,-403,10510,606,57,2,920,19369,83,33,79,16,0,0,0,0,0,0,0,-32287,0,0,0,0,0,2958307,0
2818346,9580,-3938,-704,1150,-299,-393,10648,600,46,10,880,19369,78,33,79,16,0,0,0,0,0,0,0,-32287,0,0,0,0,0,2958322,0
2818351,9646,-4064,-548,1121,-412,-371,10782,588,25,8,832,19369,78,33,79,16,0,0,0,0,0,0,0,-32287,0,0,0,0,0,2958327,0
2818356,9764,-3680,-66,934,-612,-323,10909,553,0,4,744,19367,74,33,79,16,0,0,0,0,0,0,0,-32287,0,0,0,0,0,2958342,0
2818361,9554,-3444,54,716,-751,-246,11031,531,-41,3,656,19367,74,33,79,16,0,0,0,0,0,0,0,-32287,0,0,0,0,0,2958347,0
2818366,9650,-3022,372,488,-776,-190,11142,482,-84,2,520,19370,70,33,79,16,0,0,0,0,0,0,0,-32287,0,0,0,0,0,2958362,0
2818371,9568,-2500,736,272,-725,-126,11241,434,-117,-7,432,19370,70,33,79,16,0,0,0,0,0,0,0,-32287,0,0,0,0,0,2958367,0
2818376,9642,-2148,1208,155,-805,-94,11329,377,-147,3,320,19374,70,33,79,16,0,0,0,0,0,0,0,-32287,0,0,0,0,0,2958382,0
2818381,9652,-1712,1348,291,-842,-158,11412,362,-155,6,280,19374,70,33,79,16,0,0,0,0,0,0,0,-32287,0,0,0,0,0,2958387,0
2818386,10022,-1574,1312,588,-921,-261,11484,313,-147,14,192,19374,79,33,79,16,0,0,0,0,0,0,0,-32287,0,0,0,0,0,2958402,0
2818391,10502,-1054,1412,837,-887,-371,11544,257,-145,8,112,19374,79,33,79,16,0,0,0,0,0,0,0,-32287,0,0,0,0,0,2958407,0
2818396,11478,-586,992,643,-700,-519,11589,193,-158,-8,56,19372,80,33,79,16,0,0,0,0,0,0,0,-32287,0,0,0,0,0,2958422,0
2818401,11794,-566,896,321,-506,-611,11612,91,-190,-10,24,19372,80,33,79,16,0,0,0,0,0,0,0,-32287,0,0,0,0,0,2958427,0
2818406,12292,-1014,744,60,-326,-718,11623,39,-234,-4,0,19370,94,33,79,16,0,0,0,0,0,0,0,-32287,0,0,0,0,0,2958442,0
2818411,12530,-1826,622,-100,-125,-818,11624,0,-243,4,0,19370,94,33,79,16,0,0,0,0,0,0,0,-32287,0,0,0,0,0,2958447,0
2818416,12346,-3740,380,-164,183,-961,11622,-6,-203,-1,0,19371,89,33,79,16,0,0,0,0,0,0,0,-32287,0,0,0,0,0,2958462,0
2818421,11840,-4630,222,-140,199,-951,11623,6,-137,1,-8,19371,89,33,79,16,0,0,0,0,0,0,0,-32287,0,0,0,0,0,2958467,0
2818426,11466,-5192,2,-175,202,-879,11622,3,-58,0,0,19371,80,33,79,16,0,0,0,0,0,0,0,-32287,0,0,0,0,0,2958482,0
2818431,11142,-5498,-84,-272,221,-802,11622,-1,-14,-2,-8,19371,80,33,79,16,0,0,0,0,0,0,0,-32287,0,0,0,0,0,2958487,0
2818436,10278,-6134,-122,-394,101,-627,11622,-8,-2,-2,-8,19371,63,33,79,16,0,0,0,0,0,0,0,-32287,0,0,0,0,0,2958502,0
2818441,9148,-6018,-32,-392,-35,-604,11622,0,-4,-1,-8,19371,63,33,79,16,0,0,0,0,0,0,0,-32287,0,0,0,0,0,2958507,0
2818446,8984,-6232,-148,-480,-196,-526,11621,5,0,-1,-8,19371,60,33,79,16,0,0,0,0,0,0,0,-32287,0,0,0,0,0,2958522,0
2818451,8476,-6124,-182,-572,-200,-404,11621,0,-3,0,-8,19371,60,33,79,16,0,0,0,0,0,0,0,-32287,0,0,0,0,0,2958527,0
2818456,7190,-6118,310,-584,-466,-297,11620,0,1,0,-8,19371,66,33,79,16,0,0,0,0,0,0,0,-32287,0,0,0,0,0,2958542,0
2818461,8902,-4804,1404,0,-828,-666,11618,-12,-1,3,-24,19371,66,33,79,16,0,0,0,0,0,0,0,-32287,0,0,0,0,0,2958546,0
2818466,8886,-5310,2392,1728,-719,-1134,11597,-103,-35,15,-88,19369,72,33,79,16,0,0,0,0,0,0,0,-32287,0,0,0,0,0,2958561,0
2818471,6648,-6708,1936,2460,-1171,-918,11546,-241,-126,17,-208,19369,72,33,79,16,0,0,0,0,0,0,0,-32287,0,0,0,0,0,2958566,0
2818476,7430,-3920,1956,1025,-1069,-871,11468,-364,-248,14,-472,19371,81,33,79,16,0,0,0,0,0,0,0,-32287,0,0,0,0,0,2958581,0
2818481,6782,-3794,2242,432,-849,-736,11350,-533,-376,42,-928,19371,81,33,79,16,0,0,0,0,0,0,0,-32287,0,0,0,0,0,2958586,0
2818486,6036,-4182,3158,35,-674,-681,11193,-709,-479,25,-1368,19376,72,33,79,16,0,0,0,0,0,0,0,-32287,0,0,0,0,0,2958601,0
2818491,5910,-5500,3070,22,-698,-614,10993,-908,-552,14,-1824,19376,72,33,79,16,0,0,0,0,0,0,0,-32287,0,0,0,0,0,2958606,0
2818496,5418,-5814,3312,39,-602,-317,10748,-1096,-603,9,-2248,19376,76,33,79,16,0,0,0,0,0,0,0,-32287,0,0,0,0,0,2958621,0
2818501,5462,-6046,3164,-162,-475,-95,10460,-1283,-645,11,-2648,19376,76,33,79,16,0,0,0,0,0,0,0,-32287,0,0,0,0,0,2958626,0
2818506,5326,-5930,3170,-311,-401,112,10133,-1454,-657,6,-3016,19374,70,33,79,16,0,0,0,0,0,0,0,-32287,0,0,0,0,0,2958641,0
2818511,5468,-5948,3024,-421,-316,335,9771,-1608,-643,-2,-3336,19374,70,33,79,16,0,0,0,0,0,0,0,-32287,0,0,0,0,0,2958646,0
2818516,5712,-5608,2760,-398,-137,663,9377,-1746,-596,-14,-3576,19372,82,33,79,16,0,0,0,0,0,0,0,-32287,0,0,0,0,0,2958661,0
2818521,5918,-5258,2648,-360,-48,789,8955,-1865,-547,-19,-3776,19372,82,33,79,16,0,0,0,0,0,0,0,-32287,0,0,0,0,0,2958666,0
2818526,6362,-4982,2480,-275,68,902,8510,-1965,-485,-28,-3904,19371,85,33,79,16,0,0,0,0,0,0,0,-32288,0,0,0,0,0,2958681,0
2818531,6656,-4518,2344,-237,167,1004,8054,-2025,-415,-25,-3992,19371,85,33,79,16,0,0,0,0,0,0,0,-32287,0,0,0,0,0,2958686,0
2818536,6390,-4198,2024,-443,289,1198,7592,-2028,-313,-25,-3928,19369,84,33,79,16,0,0,0,0,0,0,0,-32287,0,0,0,0,0,2958701,0
2818541,7388,-4234,1318,-126,89,1171,7136,-2005,-194,-18,-3848,19369,84,33,79,16,0,0,0,0,0,0,0,-32287,0,0,0,0,0,2958706,0
2818546,7560,-3524,1012,164,-54,1124,6693,-1951,-65,-3,-3728,19367,85,33,79,16,0,0,0,0,0,0,0,-32287,0,0,0,0,0,2958721,0
2818551,8040,-2494,618,295,-251,1020,6264,-1884,56,1,-3584,19367,85,33,79,16,0,0,0,0,0,0,0,-32287,0,0,0,0,0,2958726,0
2818556,8954,-1196,460,110,-376,850,5847,-1832,148,6,-3520,19367,94,33,79,16,0,0,0,0,0,0,0,-32287,0,0,0,0,0,2958741,0
2818561,9390,-1128,344,-64,-431,785,5441,-1781,181,6,-3424,19367,94,33,79,16,0,0,0,0,0,0,0,-32287,0,0,0,0,0,2958746,0
2818566,9254,-996,452,-218,-482,671,5043,-1742,183,-1,-3344,19368,103,33,79,16,0,0,0,0,0,0,0,-32287,0,0,0,0,0,2958761,0
2818571,9164,-1316,686,-350,-510,537,4654,-1707,164,-8,-3256,19368,103,33,79,16,0,0,0,0,0,0,0,-32287,0,0,0,0,0,2958766,0
2818576,8662,-2050,1294,-209,-546,328,4270,-1678,143,-9,-3176,19369,88,33,79,16,0,0,0,0,0,0,0,-32287,0,0,0,0,0,2958781,0
2818581,9466,-2406,1238,-88,-527,245,3898,-1639,128,-6,-3064,19369,88,33,79,16,0,0,0,0,0,0,0,-32287,0,0,0,0,0,2958786,0
2818586,9244,-2266,1554,-25,-397,237,3537,-1592,124,-2,-2952,19371,77,33,79,16,0,0,0,0,0,0,0,-32287,0,0,0,0,0,2958801,0
2818591,9048,-2154,1994,-82,-319,183,3189,-1523,147,-4,-2816,19371,77,33,79,16,0,0,0,0,0,0,0,-32287,0,0,0,0,0,2958806,0
2818596,8700,-2896,2256,-224,35,181,2855,-1460,170,2,-2696,19372,74,33,79,16,0,0,0,0,0,0,0,-32287,0,0,0,0,0,2958821,0
2818601,8374,-3336,2338,-176,170,173,2537,-1395,199,3,-2576,19372,74,33,79,16,0,0,0,0,0,0,0,-32287,0,0,0,0,0,2958826,0
2818606,8080,-3746,2356,-63,315,188,2234,-1325,220,4,-2432,19372,69,33,79,16,0,0,0,0,0,0,0,-32287,0,0,0,0,0,2958841,0
2818611,7638,-3742,2286,111,359,160,1949,-1254,236,0,-2280,19372,69,33,79,16,0,0,0,0,0,0,0,-32287,0,0,0,0,0,2958846,0
2818616,7244,-3218,1822,315,367,180,1678,-1182,237,-4,-2120,19372,75,33,79,16,0,0,0,0,0,0,0,-32287,0,0,0,0,0,2958861,0
2818621,7080,-2796,1630,298,356,164,1420,-1125,239,-2,-1992,19372,75,33,79,16,0,0,0,0,0,0,0,-32287,0,0,0,0,0,2958866,0
2818626,6982,-2762,1308,239,335,153,1177,-1062,227,-6,-1840,19372,79,33,79,16,0,0,0,0,0,0,0,-32287,0,0,0,0,0,2958881,0
2818631,6816,-2904,1110,183,350,147,947,-1005,218,-5,-1704,19372,79,33,79,16,0,0,0,0,0,0,0,-32287,0,0,0,0,0,2958886,0
2818636,6512,-3238,964,326,217,111,733,-937,215,-7,-1552,19372,75,33,79,16,0,0,0,0,0,0,0,-32287,0,0,0,0,0,2958901,0
2818641,6330,-2932,846,445,67,106,527,-894,206,-5,-1448,19372,75,33,79,16,0,0,0,0,0,0,0,-32287,0,0,0,0,0,2958906,0
2818646,6376,-2560,792,486,-32,125,335,-838,201,-4,-1336,19373,81,33,79,16,0,0,0,0,0,0,0,-32287,0,0,0,0,0,2958921,0
2818651,6318,-2256,860,404,-54,145,156,-782,187,-3,-1200,19373,81,33,79,16,0,0,0,0,0,0,0,-32287,0,0,0,0,0,2958926,0
2818656,6344,-2140,1024,231,9,181,-15,-754,178,-3,-1128,19372,82,33,79,16,0,0,0,0,0,0,0,-32287,0,0,0,0,0,2958941,0
2818661,6462,-2232,1272,339,-15,149,-173,-693,175,-1,-1024,19372,82,33,79,16,0,0,0,0,0,0,0,-32287,0,0,0,0,0,2958946,0
2818666,6404,-2106,1452,516,-3,118,-324,-657,167,2,-944,19373,86,33,79,16,0,0,0,0,0,0,0,-32287,0,0,0,0,0,2958961,0
2818671,6384,-1880,1396,583,-14,126,-470,-645,144,2,-928,19373,86,33,79,16,0,0,0,0,0,0,0,-32287,0,0,0,0,0,2958966,0
2818676,6450,-1214,1272,262,205,203,-608,-612,119,0,-840,19374,73,33,79,16,0,0,0,0,0,0,0,-32287,0,0,0,0,0,2958981,0
2818681,6300,-1210,1404,65,339,271,-741,-576,110,1,-760,19374,73,33,79,16,0,0,0,0,0,0,0,-32287,0,0,0,0,0,2958986,0
2818686,6308,-1532,1380,10,405,292,-869,-560,100,13,-760,19371,63,33,79,16,0,0,0,0,0,0,0,-32287,0,0,0,0,0,2959001,0
2818691,6170,-1776,1384,94,426,307,-991,-533,85,5,-672,19371,63,33,79,16,0,0,0,0,0,0,0,-32287,0,0,0,0,0,2959006,0
2818696,6300,-1800,1224,314,456,333,-1102,-489,93,-1,-576,19373,58,33,79,16,0,0,0,0,0,0,0,-32287,0,0,0,0,0,2959021,0
2818701,6360,-1592,1180,283,495,382,-1211,-472,100,13,-536,19373,58,33,79,16,0,0,0,0,0,0,0,-32286,0,0,0,0,0,2959026,0
2818706,6446,-1516,1094,224,492,409,-1313,-450,93,10,-496,19373,75,33,79,16,0,0,0,0,0,0,0,-32287,0,0,0,0,0,2959041,0
2818711,6358,-1296,1128,240,485,430,-1410,-418,92,0,-432,19373,75,33,79,16,0,0,0,0,0,0,0,-32287,0,0,0,0,0,2959046,0
2818716,6534,-982,892,124,464,462,-1501,-388,90,-10,-360,19376,76,33,79,16,0,0,0,0,0,0,0,-32287,0,0,0,0,0,2959061,0
2818721,6700,-1152,628,-10,436,478,-1583,-370,91,-7,-328,19376,76,33,79,16,0,0,0,0,0,0,0,-32287,0,0,0,0,0,2959066,0
2818726,6682,-1156,456,-89,410,488,-1662,-355,89,1,-312,19374,69,33,79,16,0,0,0,0,0,0,0,-32287,0,0,0,0,0,2959080,0
2818731,6822,-1210,406,-68,320,474,-1741,-340,82,-4,-288,19374,69,33,79,16,0,0,0,0,0,0,0,-32287,0,0,0,0,0,2959085,0
2818736,7026,-770,566,-3,196,432,-1818,-331,54,-5,-256,19370,65,33,79,16,0,0,0,0,0,0,0,-32287,0,0,0,0,0,2959100,0
2818741,7200,-666,576,-29,193,424,-1889,-300,41,-7,-216,19370,65,33,79,16,0,0,0,0,0,0,0,-32287,0,0,0,0,0,2959105,0
2818746,7218,-320,688,-108,206,417,-1956,-295,52,-3,-192,19370,61,33,79,16,0,0,0,0,0,0,0,-32287,0,0,0,0,0,2959120,0
2818751,7422,-318,664,-226,275,406,-2018,-281,64,4,-192,19370,61,33,79,16,0,0,0,0,0,0,0,-32287,0,0,0,0,0,2959125,0
2818756,7394,-642,864,-396,454,412,-2079,-272,54,9,-184,19371,69,33,79,16,0,0,0,0,0,0,0,-32287,0,0,0,0,0,2959140,0
2818761,7210,-780,990,-344,528,372,-2137,-248,53,2,-144,19371,69,33,79,16,0,0,0,0,0,0,0,-32287,0,0,0,0,0,2959145,0
2818766,7026,-828,1070,-268,588,314,-2191,-226,42,1,-112,19370,66,33,79,16,0,0,0,0,0,0,0,-32287,0,0,0,0,0,2959160,0
2818771,6914,-852,1082,-229,648,304,-2242,-216,50,-5,-96,19370,66,33,79,16,0,0,0,0,0,0,0,-32287,0,0,0,0,0,2959165,0
2818776,6550,-452,974,-178,733,196,-2285,-187,56,0,-80,19369,67,33,79,16,0,0,0,0,0,0,0,-32287,0,0,0,0,0,2959180,0
2818781,6452,-464,840,-212,752,162,-2317,-134,81,0,-56,19369,67,33,79,16,0,0,0,0,0,0,0,-32287,0,0,0,0,0,2959185,0
2818786,6182,-460,812,-295,796,141,-2347,-131,94,5,-56,19368,66,33,79,16,0,0,0,0,0,0,0,-32287,0,0,0,0,0,2959200,0
2818791,6066,-442,848,-301,769,80,-2366,-84,109,-9,-24,19368,66,33,79,16,0,0,0,0,0,0,0,-32287,0,0,0,0,0,2959205,0
2818796,5874,-602,944,-265,730,48,-2377,-54,115,-4,-24,19368,74,33,79,16,0,0,0,0,0,0,0,-32287,0,0,0,0,0,2959220,0
2818801,6028,-778,868,-252,697,49,-2387,-45,107,-1,-24,19368,74,33,79,16,0,0,0,0,0,0,0,-32287,0,0,0,0,0,2959225,0
2818806,5950,-632,944,-236,650,52,-2397,-44,80,-3,-16,19371,77,33,79,16,0,0,0,0,0,0,0,-32287,0,0,0,0,0,2959240,0
2818811,6102,-602,904,-221,600,54,-2401,-13,63,-3,-8,19371,77,33,79,16,0,0,0,0,0,0,0,-32287,0,0,0,0,0,2959245,0
2818816,6306,-304,1058,-334,537,104,-2400,3,51,-4,0,19373,91,33,79,16,0,0,0,0,0,0,0,-32287,0,0,0,0,0,2959260,0
2818821,6470,-176,1108,-474,538,147,-2399,2,52,1,-8,19373,91,33,79,16,0,0,0,0,0,0,0,-32287,0,0,0,0,0,2959265,0
2818826,6750,-60,1202,-592,557,185,-2399,-2,41,0,0,19375,82,33,79,16,0,0,0,0,0,0,0,-32287,0,0,0,0,0,2959280,0
2818831,6872,-108,1316,-678,575,209,-2399,0,23,-3,0,19375,82,33,79,16,0,0,0,0,0,0,0,-32287,0,0,0,0,0,2959285,0
2818836,6980,-298,1424,-898,675,286,-2399,-2,1,-3,-8,19370,68,33,79,16,0,0,0,0,0,0,0,-32287,0,0,0,0,0,2959300,0
2818841,7084,-64,1604,-986,763,256,-2396,8,5,-3,0,19370,68,33,79,16,0,0,0,0,0,0,0,-32286,0,0,0,0,0,2959305,0
2818846,7274,-222,1672,-957,832,194,-2394,2,7,0,0,19367,66,33,79,16,0,0,0,0,0,0,0,-32287,0,0,0,0,0,2959320,0
2818851,7360,-510,1588,-831,756,124,-2393,6,8,0,-8,19367,66,33,79,16,0,0,0,0,0,0,0,-32287,0,0,0,0,0,2959325,0
2818856,7744,-246,1244,-848,725,15,-2394,1,-2,0,0,19368,68,33,79,16,0,0,0,0,0,0,0,-32287,0,0,0,0,0,2959340,0
2818861,7742,-194,1268,-1057,783,-24,-2392,6,1,-1,0,19368,68,33,79,16,0,0,0,0,0,0,0,-32287,0,0,0,0,0,2959345,0
2818866,7828,-574,1312,-1200,813,-56,-2388,11,-6,-1,8,19369,81,33,79,16,0,0,0,0,0,0,0,-32287,0,0,0,0,0,2959360,0
2818871,7868,-1162,1276,-1191,750,-112,-2385,18,16,-1,8,19369,81,33,79,16,0,0,0,0,0,0,0,-32287,0,0,0,0,0,2959365,0
2818876,7980,-1966,1072,-933,464,-217,-2380,12,12,0,8,19370,69,33,79,16,0,0,0,0,0,0,0,-32287,0,0,0,0,0,2959380,0
2818881,8114,-2104,1044,-866,330,-252,-2377,13,2,-1,8,19370,69,33,79,16,0,0,0,0,0,0,0,-32286,0,0,0,0,0,2959385,0
2818886,8214,-2262,1136,-877,240,-272,-2375,14,5,-1,0,19371,63,33,79,16,0,0,0,0,0,0,0,-32287,0,0,0,0,0,2959400,0
2818891,8250,-2530,1274,-917,180,-275,-2371,16,-2,-2,8,19371,63,33,79,16,0,0,0,0,0,0,0,-32287,0,0,0,0,0,2959405,0
2818896,8492,-2846,1518,-728,27,-371,-2366,27,0,-2,16,19369,66,33,79,16,0,0,0,0,0,0,0,-32287,0,0,0,0,0,2959420,0
2818901,8512,-2960,1510,-582,-64,-432,-2359,34,13,-1,16,19369,66,33,79,16,0,0,0,0,0,0,0,-32287,0,0,0,0,0,2959425,0
2818906,8546,-2986,1440,-508,-141,-476,-2349,44,20,-2,24,19370,77,33,79,16,0,0,0,0,0,0,0,-32287,0,0,0,0,0,2959440,0
2818911,8448,-2928,1470,-538,-133,-468,-2339,47,27,0,8,19370,77,33,79,16,0,0,0,0,0,0,0,-32287,0,0,0,0,0,2959445,0
2818916,8264,-2976,1680,-596,-85,-470,-2334,10,17,3,-8,19372,77,33,79,16,0,0,0,0,0,0,0,-32286,0,0,0,0,0,2959460,0
2818921,8122,-2860,1718,-539,-96,-502,-2336,-9,-18,3,-8,19372,77,33,79,16,0,0,0,0,0,0,0,-32287,0,0,0,0,0,2959465,0
2818926,8128,-2672,1668,-429,-122,-522,-2340,-10,-49,-2,0,19372,68,33,79,16,0,0,0,0,0,0,0,-32287,0,0,0,0,0,2959480,0
2818931,8002,-2406,1548,-347,-172,-536,-2340,0,-48,-5,0,19372,68,33,79,16,0,0,0,0,0,0,0,-32287,0,0,0,0,0,2959485,0
2818936,8020,-1666,1354,-344,-302,-512,-2339,1,-32,-2,-8,19373,52,33,79,16,0,0,0,0,0,0,0,-32287,0,0,0,0,0,2959500,0
2818941,8190,-1272,1428,-319,-378,-529,-2338,-1,5,0,0,19373,52,33,79,16,0,0,0,0,0,0,0,-32286,0,0,0,0,0,2959505,0
2818946,8374,-982,1540,-290,-423,-534,-2339,1,13,-1,-8,19370,58,33,79,16,0,0,0,0,0,0,0,-32287,0,0,0,0,0,2959520,0
2818951,8444,-452,1714,-292,-484,-550,-2340,-7,0,-2,-8,19370,58,33,79,16,0,0,0,0,0,0,0,-32287,0,0,0,0,0,2959525,0
2818956,9162,198,1770,-381,-578,-553,-2339,1,-4,-1,0,19370,70,33,79,16,0,0,0,0,0,0,0,-32287,0,0,0,0,0,2959540,0
2818961,9654,238,2012,-539,-554,-556,-2339,1,2,0,0,19370,70,33,79,16,0,0,0,0,0,0,0,-32287,0,0,0,0,0,2959545,0
2818966,10228,-96,2484,-789,-438,-510,-2339,0,2,0,0,19374,78,33,79,16,0,0,0,0,0,0,0,-32287,0,0,0,0,0,2959560,0
2818971,10896,-520,2958,-997,-329,-476,-2340,-1,1,0,-8,19374,78,33,79,16,0,0,0,0,0,0,0,-32287,0,0,0,0,0,2959565,0
2818976,12526,-1372,3736,-1249,-37,-420,-2339,1,1,-1,0,19380,72,33,79,16,0,0,0,0,0,0,0,-32287,0,0,0,0,0,2959580,0
2818981,13190,-1886,3806,-1390,94,-412,-2339,6,5,-3,0,19380,72,33,79,16,0,0,0,0,0,0,0,-32287,0,0,0,0,0,2959585,0
2818986,13832,-2616,3400,-1453,200,-437,-2337,3,2,-2,-8,19384,75,33,79,16,0,0,0,0,0,0,0,-32287,0,0,0,0,0,2959600,0
2818991,14040,-3674,2772,-1475,259,-408,-2338,9,1,-2,8,19384,75,33,79,16,0,0,0,0,0,0,0,-32287,0,0,0,0,0,2959604,0
2818996,13052,-4422,1880,-1933,549,-202,-2333,20,12,-3,8,19380,78,33,79,16,0,0,0,0,0,0,0,-32287,0,0,0,0,0,2959619,0
2819001,12272,-4874,1672,-1859,752,-212,-2325,31,19,0,8,19380,78,33,79,16,0,0,0,0,0,0,0,-32287,0,0,0,0,0,2959624,0
2819006,11026,-5068,1468,-1614,756,-260,-2316,38,30,0,16,19377,79,33,79,16,0,0,0,0,0,0,0,-32287,0,0,0,0,0,2959639,0
2819011,10078,-5200,1048,-1311,719,-346,-2305,57,35,0,24,19377,79,33,79,16,0,0,0,0,0,0,0,-32287,0,0,0,0,0,2959644,0
2819016,8434,-5358,602,-912,591,-521,-2281,115,51,-10,72,19374,72,33,79,16,0,0,0,0,0,0,0,-32287,0,0,0,0,0,2959659,0
2819021,7864,-5864,572,-840,554,-512,-2239,191,100,-8,112,19374,72,33,79,16,0,0,0,0,0,0,0,-32287,0,0,0,0,0,2959664,0
2819026,7494,-6232,710,-803,455,-563,-2185,243,153,1,160,19376,60,33,79,16,0,0,0,0,0,0,0,-32287,0,0,0,0,0,2959679,0
2819031,7592,-7082,750,-693,379,-567,-2124,279,188,0,208,19376,60,33,79,16,0,0,0,0,0,0,0,-32287,0,0,0,0,0,2959684,0
2819036,7342,-7862,860,-276,139,-587,-2053,315,183,2,256,19373,63,33,79,16,0,0,0,0,0,0,0,-32287,0,0,0,0,0,2959699,0
2819041,7020,-7726,674,-132,44,-570,-1978,329,149,2,280,19373,63,33,79,16,0,0,0,0,0,0,0,-32287,0,0,0,0,0,2959704,0
2819046,6770,-7278,300,11,-23,-576,-1895,362,119,-2,336,19372,71,33,79,16,0,0,0,0,0,0,0,-32287,0,0,0,0,0,2959719,0
2819051,6246,-6740,-84,140,-88,-565,-1805,394,102,-9,400,19372,71,33,79,16,0,0,0,0,0,0,0,-32287,0,0,0,0,0,2959724,0
2819056,5462,-5756,-690,335,-219,-550,-1709,422,102,-11,464,19368,81,33,79,16,0,0,0,0,0,0,0,-32287,0,0,0,0,0,2959739,0
2819061,5042,-5152,-668,355,-264,-543,-1612,430,88,-4,488,19368,81,33,79,16,0,0,0,0,0,0,0,-32287,0,0,0,0,0,2959744,0
2819066,4978,-4906,-620,346,-244,-505,-1513,428,72,-4,496,19368,75,33,79,16,0,0,0,0,0,0,0,-32287,0,0,0,0,0,2959759,0
2819071,4664,-4614,-352,330,-197,-468,-1430,454,54,-7,592,19368,75,33,79,16,0,0,0,0,0,0,0,-32287,0,0,0,0,0,2959764,0
2819076,4574,-4612,-210,569,-242,-484,-1317,496,65,-3,704,19370,60,33,79,16,0,0,0,0,0,0,0,-32287,0,0,0,0,0,2959779,0
2819081,4762,-4552,-454,704,-299,-465,-1198,524,79,12,744,19370,60,33,79,16,0,0,0,0,0,0,0,-32287,0,0,0,0,0,2959784,0
2819086,4946,-4098,-486,731,-310,-441,-1076,537,92,12,744,19372,56,33,79,16,0,0,0,0,0,0,0,-32287,0,0,0,0,0,2959799,0
2819091,5126,-3900,-484,625,-283,-398,-951,549,86,2,776,19372,56,33,79,16,0,0,0,0,0,0,0,-32287,0,0,0,0,0,2959804,0
2819096,5524,-4080,-354,528,-254,-234,-820,571,72,1,808,19372,67,33,79,16,0,0,0,0,0,0,0,-32287,0,0,0,0,0,2959819,0
2819101,5636,-3936,-204,462,-261,-159,-691,566,43,8,768,19372,67,33,79,16,0,0,0,0,0,0,0,-32287,0,0,0,0,0,2959824,0
2819106,5956,-3994,-226,425,-253,-63,-564,560,22,-1,768,19371,76,33,79,16,0,0,0,0,0,0,0,-32286,0,0,0,0,0,2959839,0
2819111,6098,-3740,-208,394,-275,24,-436,558,8,-2,752,19371,76,33,79,16,0,0,0,0,0,0,0,-32287,0,0,0,0,0,2959844,0
2819116,6450,-3456,-342,242,-317,242,-311,542,-12,3,688,19369,84,33,79,16,0,0,0,0,0,0,0,-32287,0,0,0,0,0,2959859,0
2819121,6616,-3322,-418,148,-400,317,-191,527,-31,0,656,19369,84,33,79,16,0,0,0,0,0,0,0,-32287,0,0,0,0,0,2959864,0
2819126,6898,-3146,-512,87,-476,372,-74,507,-41,-5,632,19371,78,33,79,16,0,0,0,0,0,0,0,-32287,0,0,0,0,0,2959879,0
2819131,7126,-3006,-478,2,-559,444,38,500,-51,-4,608,19371,78,33,79,16,0,0,0,0,0,0,0,-32287,0,0,0,0,0,2959884,0
2819136,7546,-2536,-112,-210,-658,490,146,468,-67,6,504,19368,75,33,79,16,0,0,0,0,0,0,0,-32287,0,0,0,0,0,2959899,0
2819141,7750,-2564,68,-332,-656,498,249,440,-63,-1,456,19368,75,33,79,16,0,0,0,0,0,0,0,-32287,0,0,0,0,0,2959904,0
2819146,7836,-2422,276,-419,-636,468,343,403,-80,-3,400,19369,74,33,79,16,0,0,0,0,0,0,0,-32287,0,0,0,0,0,2959919,0
2819151,8026,-2464,422,-467,-599,430,433,390,-94,10,344,19369,74,33,79,16,0,0,0,0,0,0,0,-32287,0,0,0,0,0,2959924,0
2819156,7940,-2642,716,-555,-436,352,519,375,-89,9,312,19371,77,33,79,16,0,0,0,0,0,0,0,-32287,0,0,0,0,0,2959939,0
2819161,7790,-2852,782,-608,-329,332,599,355,-85,3,280,19371,77,33,79,16,0,0,0,0,0,0,0,-32287,0,0,0,0,0,2959944,0
2819166,7562,-2992,820,-634,-261,284,675,329,-73,0,248,19370,73,33,79,16,0,0,0,0,0,0,0,-32287,0,0,0,0,0,2959959,0
2819171,7468,-3248,698,-597,-179,269,747,312,-67,-2,216,19370,73,33,79,16,0,0,0,0,0,0,0,-32287,0,0,0,0,0,2959964,0
2819176,7046,-3450,402,-387,-193,162,819,312,-61,0,216,19368,63,33,79,16,0,0,0,0,0,0,0,-32287,0,0,0,0,0,2959979,0
2819181,6822,-3426,226,-275,-219,121,891,313,-56,-9,248,19368,63,33,79,16,0,0,0,0,0,0,0,-32287,0,0,0,0,0,2959984,0
2819186,6700,-3292,122,-225,-267,70,968,342,-44,-5,296,19368,63,33,79,16,0,0,0,0,0,0,0,-32287,0,0,0,0,0,2959999,0
2819191,6670,-3246,-4,-235,-266,56,1047,343,31,2,280,19368,63,33,79,16,0,0,0,0,0,0,0,-32287,0,0,0,0,0,2960004,0
2819196,6758,-3190,-124,-242,-313,-1,1122,330,44,1,264,19369,61,33,79,16,0,0,0,0,0,0,0,-32287,0,0,0,0,0,2960019,0
2819201,6682,-3210,-136,-276,-328,-28,1196,325,43,5,232,19369,61,33,79,16,0,0,0,0,0,0,0,-32286,0,0,0,0,0,2960024,0
2819206,6826,-3390,-226,-266,-313,-36,1269,323,-4,0,248,19370,67,33,79,16,0,0,0,0,0,0,0,-32287,0,0,0,0,0,2960039,0
2819211,6676,-3446,-192,-267,-313,-38,1345,336,-16,-6,280,19370,67,33,79,16,0,0,0,0,0,0,0,-32287,0,0,0,0,0,2960044,0
2819216,6652,-3670,-182,-280,-325,3,1427,358,7,-8,320,19370,72,33,79,16,0,0,0,0,0,0,0,-32287,0,0,0,0,0,2960059,0
2819221,6590,-3668,-136,-298,-331,35,1508,354,29,2,304,19370,72,33,79,16,0,0,0,0,0,0,0,-32287,0,0,0,0,0,2960064,0
2819226,6604,-3630,-126,-276,-375,54,1591,361,38,0,312,19369,72,33,79,16,0,0,0,0,0,0,0,-32287,0,0,0,0,0,2960079,0
2819231,6716,-3690,-182,-247,-398,97,1671,356,22,-1,320,19369,72,33,79,16,0,0,0,0,0,0,0,-32287,0,0,0,0,0,2960084,0
2819236,6880,-3496,-194,-183,-501,124,1757,379,13,-9,384,19371,86,33,79,16,0,0,0,0,0,0,0,-32287,0,0,0,0,0,2960098,0
2819241,6864,-3260,-106,-163,-535,145,1848,401,20,-12,432,19371,86,33,79,16,0,0,0,0,0,0,0,-32287,0,0,0,0,0,2960106,0
2819246,6952,-3252,-112,-164,-558,192,1941,408,44,-2,448,19373,75,33,79,16,0,0,0,0,0,0,0,-32287,0,0,0,0,0,2960121,0
2819251,6890,-3138,-52,-174,-580,209,2036,420,51,3,472,19373,75,33,79,16,0,0,0,0,0,0,0,-32286,0,0,0,0,0,2960126,0
2819256,7084,-3138,-4,-104,-594,235,2129,417,44,-2,480,19374,87,33,79,16,0,0,0,0,0,0,0,-32287,0,0,0,0,0,2960141,0
2819261,7236,-3132,52,-52,-593,249,2229,432,37,-8,520,19374,87,33,79,16,0,0,0,0,0,0,0,-32287,0,0,0,0,0,2960146,0
2819266,7336,-3092,120,-9,-577,273,2335,465,35,-10,608,19371,81,33,79,16,0,0,0,0,0,0,0,-32287,0,0,0,0,0,2960161,0
2819271,7408,-3202,200,22,-542,310,2442,469,51,6,616,19371,81,33,79,16,0,0,0,0,0,0,0,-32287,0,0,0,0,0,2960166,0
2819276,7638,-3040,290,88,-463,341,2551,480,52,0,632,19369,76,33,79,16,0,0,0,0,0,0,0,-32287,0,0,0,0,0,2960181,0
2819281,7618,-3028,364,147,-417,338,2664,501,50,1,688,19369,76,33,79,16,0,0,0,0,0,0,0,-32286,0,0,0,0,0,2960186,0
2819286,7796,-2900,326,224,-368,349,2781,522,50,2,736,19369,73,33,79,16,0,0,0,0,0,0,0,-32287,0,0,0,0,0,2960201,0
2819291,7694,-2944,292,265,-330,362,2898,513,41,7,704,19369,73,33,79,16,0,0,0,0,0,0,0,-32287,0,0,0,0,0,2960206,0
2819296,7724,-2614,160,284,-226,358,3017,513,40,7,680,19369,78,33,79,16,0,0,0,0,0,0,0,-32287,0,0,0,0,0,2960221,0
2819301,7674,-2420,96,270,-179,342,3135,519,28,4,688,19369,78,33,79,16,0,0,0,0,0,0,0,-32286,0,0,0,0,0,2960226,0
2819306,7652,-2384,6,262,-149,342,3256,526,17,0,720,19371,81,33,79,16,0,0,0,0,0,0,0,-32287,0,0,0,0,0,2960241,0
2819311,7572,-2442,-36,247,-119,336,3374,515,3,7,664,19371,81,33,79,16,0,0,0,0,0,0,0,-32287,0,0,0,0,0,2960246,0
2819316,7422,-2430,-48,157,-49,339,3489,501,-7,4,624,19371,77,33,79,16,0,0,0,0,0,0,0,-32287,0,0,0,0,0,2960261,0
2819321,7426,-2348,-66,115,-45,333,3600,491,-19,0,616,19371,77,33,79,16,0,0,0,0,0,0,0,-32287,0,0,0,0,0,2960266,0
2819326,7268,-2520,-152,116,-65,320,3713,494,-24,-5,616,19371,69,33,79,16,0,0,0,0,0,0,0,-32287,0,0,0,0,0,2960281,0
2819331,7178,-2670,-226,109,-103,307,3824,478,-31,-1,584,19371,69,33,79,16,0,0,0,0,0,0,0,-32287,0,0,0,0,0,2960286,0
2819336,7032,-2782,-240,106,-146,297,3933,474,-25,-2,560,19371,61,33,79,16,0,0,0,0,0,0,0,-32287,0,0,0,0,0,2960301,0
2819341,7068,-2728,-84,113,-159,267,4041,482,-24,-3,616,19371,61,33,79,16,0,0,0,0,0,0,0,-32287,0,0,0,0,0,2960306,0
2819346,7152,-2798,-42,156,-148,250,4152,506,-7,-5,672,19371,73,33,79,16,0,0,0,0,0,0,0,-32286,0,0,0,0,0,2960321,0
2819351,7070,-3048,54,207,-162,238,4264,498,-1,8,632,19371,73,33,79,16,0,0,0,0,0,0,0,-32287,0,0,0,0,0,2960326,0
2819356,7194,-3102,62,307,-163,215,4373,478,11,4,568,19371,72,33,79,16,0,0,0,0,0,0,0,-32287,0,0,0,0,0,2960341,0
2819361,7220,-3070,172,355,-151,178,4486,491,12,-5,632,19371,72,33,79,16,0,0,0,0,0,0,0,-32287,0,0,0,0,0,2960346,0
2819366,7344,-3004,96,409,-138,163,4602,508,9,-1,672,19369,73,33,79,16,0,0,0,0,0,0,0,-32287,0,0,0,0,0,2960361,0
2819371,7264,-3142,84,447,-133,193,4715,493,10,6,608,19369,73,33,79,16,0,0,0,0,0,0,0,-32287,0,0,0,0,0,2960366,0
2819376,7348,-2870,-8,495,-126,196,4827,490,9,0,616,19370,65,33,79,16,0,0,0,0,0,0,0,-32287,0,0,0,0,0,2960381,0
2819381,7284,-2838,18,523,-110,186,4939,488,1,-3,616,19370,65,33,79,16,0,0,0,0,0,0,0,-32287,0,0,0,0,0,2960386,0
2819386,7334,-2706,-58,584,-108,181,5052,492,-5,0,624,19371,59,33,79,16,0,0,0,0,0,0,0,-32287,0,0,0,0,0,2960401,0
2819391,7292,-2708,-66,616,-110,210,5164,493,-9,4,616,19371,59,33,79,16,0,0,0,0,0,0,0,-32287,0,0,0,0,0,2960406,0
2819396,7424,-2500,-198,615,-71,202,5270,477,-4,0,576,19373,63,33,79,16,0,0,0,0,0,0,0,-32287,0,0,0,0,0,2960421,0
2819401,7286,-2458,-234,612,-50,210,5379,479,-15,-4,592,19373,63,33,79,16,0,0,0,0,0,0,0,-32287,0,0,0,0,0,2960426,0
2819406,7396,-2538,-310,657,-35,207,5485,473,-23,-5,584,19371,65,33,79,16,0,0,0,0,0,0,0,-32287,0,0,0,0,0,2960441,0
2819411,7314,-2428,-274,688,-54,219,5590,458,-17,2,528,19371,65,33,79,16,0,0,0,0,0,0,0,-32287,0,0,0,0,0,2960446,0
2819416,7438,-2468,-438,716,3,247,5695,462,-18,0,552,19371,62,33,79,16,0,0,0,0,0,0,0,-32288,0,0,0,0,0,2960461,0
2819421,7500,-2232,-434,724,30,246,5795,447,-19,0,520,19371,62,33,79,16,0,0,0,0,0,0,0,-32287,0,0,0,0,0,2960466,0
2819426,7604,-2128,-498,707,43,251,5896,438,-25,-4,496,19372,62,33,79,16,0,0,0,0,0,0,0,-32287,0,0,0,0,0,2960481,0
2819431,7624,-2034,-540,705,44,254,5995,437,-33,-3,496,19372,62,33,79,16,0,0,0,0,0,0,0,-32287,0,0,0,0,0,2960486,0
2819436,7706,-1854,-484,652,55,246,6091,421,-22,4,456,19371,67,33,79,16,0,0,0,0,0,0,0,-32287,0,0,0,0,0,2960501,0
2819441,7954,-1852,-562,616,81,245,6184,401,-27,0,432,19371,67,33,79,16,0,0,0,0,0,0,0,-32286,0,0,0,0,0,2960506,0
2819446,7992,-1560,-518,602,99,225,6276,399,-34,0,424,19373,76,33,79,16,0,0,0,0,0,0,0,-32287,0,0,0,0,0,2960521,0
2819451,8052,-1572,-470,563,105,211,6370,418,-31,-2,456,19373,76,33,79,16,0,0,0,0,0,0,0,-32287,0,0,0,0,0,2960526,0
2819456,8158,-1666,-416,573,144,154,6465,423,-8,-3,456,19373,83,33,79,16,0,0,0,0,0,0,0,-32287,0,0,0,0,0,2960541,0
2819461,8200,-1638,-352,590,143,120,6559,414,1,0,464,19373,83,33,79,16,0,0,0,0,0,0,0,-32287,0,0,0,0,0,2960546,0
2819466,8356,-1688,-380,499,187,126,6651,403,8,5,408,19373,72,33,79,16,0,0,0,0,0,0,0,-32287,0,0,0,0,0,2960561,0
2819471,8324,-1438,-276,385,228,120,6745,416,2,-2,456,19373,72,33,79,16,0,0,0,0,0,0,0,-32287,0,0,0,0,0,2960565,0
2819476,8176,-1872,-126,406,274,88,6847,447,1,-11,552,19370,63,33,79,16,0,0,0,0,0,0,0,-32287,0,0,0,0,0,2960580,0
2819481,8408,-2208,-356,426,265,85,6953,473,34,-4,600,19370,63,33,79,16,0,0,0,0,0,0,0,-32287,0,0,0,0,0,2960585,0
2819486,8182,-1790,-60,484,284,46,7061,482,60,6,600,19369,75,33,79,16,0,0,0,0,0,0,0,-32287,0,0,0,0,0,2960600,0
2819491,8282,-1854,-128,544,321,22,7175,498,70,-2,672,19369,75,33,79,16,0,0,0,0,0,0,0,-32287,0,0,0,0,0,2960605,0
2819496,8386,-1488,-218,601,355,-61,7296,538,73,-2,776,19371,75,33,79,16,0,0,0,0,0,0,0,-32287,0,0,0,0,0,2960620,0
2819501,8352,-1504,-92,553,422,-82,7425,562,80,14,800,19371,75,33,79,16,0,0,0,0,0,0,0,-32287,0,0,0,0,0,2960625,0
2819506,8274,-1478,-90,542,437,-117,7554,571,81,13,800,19371,73,33,79,16,0,0,0,0,0,0,0,-32286,0,0,0,0,0,2960640,0
2819511,8350,-1608,-170,611,445,-175,7688,592,81,7,864,19371,73,33,79,16,0,0,0,0,0,0,0,-32287,0,0,0,0,0,2960645,0
2819516,8300,-1472,-290,781,382,-224,7827,617,70,6,896,19371,55,33,79,16,0,0,0,0,0,0,0,-32287,0,0,0,0,0,2960660,0
2819521,8212,-1244,-382,754,338,-277,7969,622,62,9,920,19371,55,33,79,16,0,0,0,0,0,0,0,-32287,0,0,0,0,0,2960665,0
2819526,8360,-1072,-490,716,339,-294,8111,625,55,1,920,19371,60,33,79,16,0,0,0,0,0,0,0,-32288,0,0,0,0,0,2960680,0
2819531,8366,-734,-490,673,340,-313,8255,633,46,7,920,19371,60,33,79,16,0,0,0,0,0,0,0,-32287,0,0,0,0,0,2960685,0
2819536,8384,-554,-386,593,330,-358,8399,626,27,6,896,19372,67,33,79,16,0,0,0,0,0,0,0,-32287,0,0,0,0,0,2960700,0
2819541,8578,-404,-394,544,369,-364,8542,616,13,0,872,19372,67,33,79,16,0,0,0,0,0,0,0,-32287,0,0,0,0,0,2960705,0
2819546,8562,-154,-312,481,416,-369,8679,604,-5,-3,848,19374,75,33,79,16,0,0,0,0,0,0,0,-32287,0,0,0,0,0,2960720,0
2819551,8432,-214,-252,408,440,-377,8819,604,-17,-1,840,19374,75,33,79,16,0,0,0,0,0,0,0,-32287,0,0,0,0,0,2960725,0
2819556,8648,-142,-194,355,505,-375,8950,574,-39,2,752,19374,83,33,79,16,0,0,0,0,0,0,0,-32287,0,0,0,0,0,2960740,0
2819561,8624,-168,-150,301,535,-390,9078,560,-39,-8,752,19374,83,33,79,16,0,0,0,0,0,0,0,-32287,0,0,0,0,0,2960745,0
2819566,8724,-172,-186,274,568,-405,9205,556,-56,-11,744,19373,83,33,79,16,0,0,0,0,0,0,0,-32287,0,0,0,0,0,2960760,0
2819571,8702,-484,-176,251,608,-392,9328,538,-50,-3,712,19373,83,33,79,16,0,0,0,0,0,0,0,-32287,0,0,0,0,0,2960765,0
2819576,8694,-746,-82,170,629,-372,9448,521,-51,-3,672,19369,68,33,79,16,0,0,0,0,0,0,0,-32287,0,0,0,0,0,2960780,0
2819581,8678,-892,-52,180,608,-402,9567,519,-41,-10,704,19369,68,33,79,16,0,0,0,0,0,0,0,-32287,0,0,0,0,0,2960785,0
2819586,8728,-1342,-132,273,599,-421,9688,530,-32,-5,720,19368,65,33,79,16,0,0,0,0,0,0,0,-32287,0,0,0,0,0,2960800,0
2819591,8696,-1628,-202,331,570,-438,9806,520,-20,7,688,19368,65,33,79,16,0,0,0,0,0,0,0,-32287,0,0,0,0,0,2960805,0
2819596,8992,-2136,-288,430,575,-510,9924,522,-9,0,696,19370,75,33,79,16,0,0,0,0,0,0,0,-32287,0,0,0,0,0,2960820,0
2819601,9052,-2638,-330,518,585,-572,10045,536,0,-5,752,19370,75,33,79,16,0,0,0,0,0,0,0,-32287,0,0,0,0,0,2960825,0
2819606,9050,-3092,-410,622,568,-589,10168,532,11,3,728,19373,79,33,79,16,0,0,0,0,0,0,0,-32287,0,0,0,0,0,2960840,0
2819611,8946,-3480,-412,726,487,-616,10288,532,11,8,720,19373,79,33,79,16,0,0,0,0,0,0,0,-32287,0,0,0,0,0,2960845,0
2819616,9022,-3736,-326,855,271,-683,10408,530,12,-3,720,19372,75,33,79,16,0,0,0,0,0,0,0,-32287,0,0,0,0,0,2960860,0
2819621,9114,-3720,-308,884,162,-702,10528,523,1,2,672,19372,75,33,79,16,0,0,0,0,0,0,0,-32287,0,0,0,0,0,2960865,0
2819626,9042,-3836,-286,820,83,-681,10642,490,-18,9,592,19370,69,33,79,16,0,0,0,0,0,0,0,-32287,0,0,0,0,0,2960880,0
2819631,9088,-3362,22,689,78,-655,10747,460,-39,0,496,19370,69,33,79,16,0,0,0,0,0,0,0,-32287,0,0,0,0,0,2960885,0
2819636,8898,-3532,266,502,25,-613,10845,428,-76,-7,456,19371,70,33,79,16,0,0,0,0,0,0,0,-32287,0,0,0,0,0,2960900,0
2819641,8948,-3628,384,534,-16,-608,10934,394,-107,-1,376,19371,70,33,79,16,0,0,0,0,0,0,0,-32287,0,0,0,0,0,2960905,0
2819646,8854,-3316,620,521,-25,-586,11015,351,-122,14,280,19371,80,33,79,16,0,0,0,0,0,0,0,-32287,0,0,0,0,0,2960920,0
2819651,8652,-3178,672,585,-159,-637,11085,304,-124,16,168,19371,80,33,79,16,0,0,0,0,0,0,0,-32287,0,0,0,0,0,2960925,0
2819656,8616,-3148,678,770,-381,-642,11144,247,-138,5,88,19374,77,33,79,16,0,0,0,0,0,0,0,-32287,0,0,0,0,0,2960940,0
2819661,8644,-2518,812,616,-448,-665,11186,172,-170,-6,48,19374,77,33,79,16,0,0,0,0,0,0,0,-32287,0,0,0,0,0,2960945,0
2819666,8972,-2580,838,346,-322,-622,11207,80,-208,-2,8,19372,63,33,79,16,0,0,0,0,0,0,0,-32287,0,0,0,0,0,2960960,0
2819671,8748,-2608,1124,126,-301,-592,11204,-12,-256,3,-8,19372,63,33,79,16,0,0,0,0,0,0,0,-32287,0,0,0,0,0,2960965,0
2819676,8994,-3480,1176,-26,-308,-582,11198,-30,-268,2,-24,19370,59,33,79,16,0,0,0,0,0,0,0,-32287,0,0,0,0,0,2960980,0
2819681,8832,-3762,1364,-130,-284,-553,11190,-36,-227,3,-24,19370,59,33,79,16,0,0,0,0,0,0,0,-32287,0,0,0,0,0,2960985,0
2819686,8798,-3956,1336,-231,-265,-477,11184,-27,-139,2,-8,19369,56,33,79,16,0,0,0,0,0,0,0,-32287,0,0,0,0,0,2961000,0
2819691,8402,-4194,1468,-368,-273,-476,11184,-3,-48,-1,-8,19369,56,33,79,16,0,0,0,0,0,0,0,-32287,0,0,0,0,0,2961005,0
2819696,8052,-4754,1284,-588,-314,-386,11182,4,14,-1,0,19370,63,33,79,16,0,0,0,0,0,0,0,-32287,0,0,0,0,0,2961020,0
2819701,7674,-4918,1394,-748,-375,-345,11182,1,31,1,0,19370,63,33,79,16,0,0,0,0,0,0,0,-32287,0,0,0,0,0,2961025,0
2819706,7216,-5388,1326,-847,-460,-319,11182,0,20,0,0,19368,68,33,79,16,0,0,0,0,0,0,0,-32287,0,0,0,0,0,2961040,0
2819711,6880,-5838,1346,-769,-649,-339,11181,-6,15,4,-16,19368,68,33,79,16,0,0,0,0,0,0,0,-32287,0,0,0,0,0,2961045,0
2819716,7440,-8060,1810,2159,-1176,-1097,11161,-98,-33,13,-72,19368,67,33,79,16,0,0,0,0,0,0,0,-32287,0,0,0,0,0,2961060,0
2819721,7824,-6272,2922,2008,-1182,-952,11117,-197,-116,20,-184,19368,67,33,79,16,0,0,0,0,0,0,0,-32287,0,0,0,0,0,2961064,0
2819726,6402,-4416,2688,1064,-1196,-892,11043,-333,-231,13,-376,19368,53,33,79,16,0,0,0,0,0,0,0,-32287,0,0,0,0,0,2961079,0
2819731,7082,-5448,920,354,-1169,-755,10935,-496,-344,36,-824,19368,53,33,79,16,0,0,0,0,0,0,0,-32287,0,0,0,0,0,2961084,0
2819736,4994,-6970,1232,-142,-1054,-540,10788,-668,-450,35,-1272,19370,62,33,79,16,0,0,0,0,0,0,0,-32287,0,0,0,0,0,2961099,0
2819741,5076,-7828,1098,117,-1149,-412,10598,-850,-524,12,-1704,19370,62,33,79,16,0,0,0,0,0,0,0,-32287,0,0,0,0,0,2961104,0
2819746,4836,-7682,1492,180,-1059,-239,10361,-1068,-597,15,-2184,19371,70,33,79,16,0,0,0,0,0,0,0,-32287,0,0,0,0,0,2961119,0
2819751,4696,-7358,1736,-19,-894,-45,10082,-1250,-649,10,-2592,19371,70,33,79,16,0,0,0,0,0,0,0,-32287,0,0,0,0,0,2961124,0
2819756,4692,-7530,1904,-263,-573,407,9756,-1447,-674,6,-3016,19374,71,33,79,16,0,0,0,0,0,0,0,-32287,0,0,0,0,0,2961139,0
2819761,4806,-7992,1914,-257,-416,630,9389,-1629,-679,-1,-3376,19374,71,33,79,16,0,0,0,0,0,0,0,-32287,0,0,0,0,0,2961144,0
2819766,4930,-7934,1966,-128,-364,837,8980,-1817,-674,-1,-3760,19374,74,33,79,16,0,0,0,0,0,0,0,-32287,0,0,0,0,0,2961159,0
2819771,5244,-7478,1856,-21,-312,1019,8535,-1980,-644,-15,-4048,19374,74,33,79,16,0,0,0,0,0,0,0,-32287,0,0,0,0,0,2961164,0
2819776,5770,-6460,1516,-65,-240,1347,8054,-2119,-613,-21,-4288,19370,73,33,79,16,0,0,0,0,0,0,0,-32286,0,0,0,0,0,2961179,0
2819781,6024,-5950,1138,-175,-210,1515,7554,-2227,-562,-19,-4456,19370,73,33,79,16,0,0,0,0,0,0,0,-32287,0,0,0,0,0,2961184,0
2819786,6374,-5290,914,-255,-189,1609,7037,-2276,-474,-19,-4512,19368,94,33,79,16,0,0,0,0,0,0,0,-32287,0,0,0,0,0,2961199,0
2819791,6440,-5040,800,-264,-257,1697,6517,-2286,-345,-6,-4536,19368,94,33,79,16,0,0,0,0,0,0,0,-32287,0,0,0,0,0,2961204,0
2819796,7702,-3634,232,-82,-602,1687,5997,-2286,-215,0,-4536,19366,100,33,79,16,0,0,0,0,0,0,0,-32287,0,0,0,0,0,2961219,0
2819801,8344,-2612,172,-87,-724,1642,5481,-2278,-102,0,-4504,19366,100,33,79,16,0,0,0,0,0,0,0,-32287,0,0,0,0,0,2961224,0
2819806,8894,-1966,-82,-233,-879,1600,4968,-2258,-13,-6,-4464,19365,94,33,79,16,0,0,0,0,0,0,0,-32287,0,0,0,0,0,2961239,0
2819811,9566,-1184,138,-333,-1031,1478,4460,-2229,29,-14,-4360,19365,94,33,79,16,0,0,0,0,0,0,0,-32287,0,0,0,0,0,2961244,0
2819816,10704,-616,548,-194,-1315,1150,3956,-2208,49,-12,-4288,19364,80,33,79,16,0,0,0,0,0,0,0,-32287,0,0,0,0,0,2961259,0
2819821,11164,-316,700,-113,-1444,984,3461,-2165,71,-10,-4200,19364,80,33,79,16,0,0,0,0,0,0,0,-32286,0,0,0,0,0,2961264,0
2819826,11890,150,1052,-144,-1339,843,2984,-2097,106,2,-4056,19364,86,33,79,16,0,0,0,0,0,0,0,-32287,0,0,0,0,0,2961278,0
2819831,12116,510,2148,-297,-1022,708,2521,-2026,153,6,-3928,19364,86,33,79,16,0,0,0,0,0,0,0,-32287,0,0,0,0,0,2961283,0
2819836,12116,-228,3014,-546,-414,503,2075,-1952,203,9,-3792,19365,86,33,79,16,0,0,0,0,0,0,0,-32286,0,0,0,0,0,2961298,0
2819841,11846,-730,3240,-507,-49,436,1648,-1882,237,3,-3656,19365,86,33,79,16,0,0,0,0,0,0,0,-32286,0,0,0,0,0,2961303,0
2819846,11488,-1020,3426,-442,308,366,1233,-1821,245,-2,-3504,19365,87,33,79,16,0,0,0,0,0,0,0,-32287,0,0,0,0,0,2961318,0
2819851,10842,-1142,3508,-410,580,312,833,-1758,241,-10,-3344,19365,87,33,79,16,0,0,0,0,0,0,0,-32287,0,0,0,0,0,2961323,0
2819856,9818,-1658,2502,-436,1076,273,447,-1693,224,-13,-3168,19368,84,33,79,16,0,0,0,0,0,0,0,-32287,0,0,0,0,0,2961338,0
2819861,9268,-2026,1910,-488,1265,315,76,-1626,224,-13,-2984,19368,84,33,79,16,0,0,0,0,0,0,0,-32286,0,0,0,0,0,2961343,0
2819866,8124,-2170,1320,-643,1360,369,-272,-1522,236,-15,-2736,19368,82,33,79,16,0,0,0,0,0,0,0,-32286,0,0,0,0,0,2961358,0
2819871,7946,-2248,1080,-812,1515,447,-595,-1403,269,-13,-2456,19368,82,33,79,16,0,0,0,0,0,0,0,-32287,0,0,0,0,0,2961363,0
2819876,6860,-2988,874,-661,1534,411,-888,-1281,328,-7,-2184,19368,85,33,79,16,0,0,0,0,0,0,0,-32287,0,0,0,0,0,2961378,0
2819881,6612,-3178,258,-437,1361,375,-1151,-1142,385,-5,-1880,19368,85,33,79,16,0,0,0,0,0,0,0,-32287,0,0,0,0,0,2961383,0
2819886,6474,-3040,-116,-310,1203,363,-1385,-1012,431,-3,-1616,19369,76,33,79,16,0,0,0,0,0,0,0,-32287,0,0,0,0,0,2961398,0
2819891,6394,-2482,-334,-248,1055,309,-1590,-885,447,0,-1344,19369,76,33,79,16,0,0,0,0,0,0,0,-32287,0,0,0,0,0,2961403,0
2819896,6192,-2406,-594,-414,779,325,-1774,-794,435,8,-1192,19370,72,33,79,16,0,0,0,0,0,0,0,-32287,0,0,0,0,0,2961418,0
2819901,6358,-2532,-548,-478,674,326,-1936,-705,411,1,-984,19370,72,33,79,16,0,0,0,0,0,0,0,-32287,0,0,0,0,0,2961423,0
2819906,6398,-2662,-290,-464,589,337,-2080,-629,364,6,-848,19371,65,33,79,16,0,0,0,0,0,0,0,-32287,0,0,0,0,0,2961438,0
2819911,6488,-2812,80,-396,513,332,-2208,-560,318,5,-688,19371,65,33,79,16,0,0,0,0,0,0,0,-32287,0,0,0,0,0,2961443,0
2819916,6768,-2704,750,-323,467,373,-2325,-502,272,4,-528,19369,65,33,79,16,0,0,0,0,0,0,0,-32287,0,0,0,0,0,2961458,0
2819921,6936,-2616,1058,-360,571,416,-2426,-440,244,15,-424,19369,65,33,79,16,0,0,0,0,0,0,0,-32287,0,0,0,0,0,2961463,0
2819926,6910,-2552,1322,-425,680,458,-2518,-394,212,9,-352,19369,67,33,79,16,0,0,0,0,0,0,0,-32287,0,0,0,0,0,2961478,0
2819931,7056,-2412,1484,-442,807,450,-2600,-359,198,-4,-280,19369,67,33,79,16,0,0,0,0,0,0,0,-32287,0,0,0,0,0,2961483,0
2819936,6926,-2290,1250,-494,932,496,-2675,-332,166,-8,-248,19369,76,33,79,16,0,0,0,0,0,0,0,-32287,0,0,0,0,0,2961498,0
2819941,6906,-2058,944,-441,871,464,-2743,-300,143,-1,-200,19369,76,33,79,16,0,0,0,0,0,0,0,-32287,0,0,0,0,0,2961503,0
2819946,7138,-1772,930,-355,869,443,-2803,-264,120,-2,-144,19371,78,33,79,16,0,0,0,0,0,0,0,-32287,0,0,0,0,0,2961518,0
2819951,6920,-1372,806,-444,846,435,-2856,-229,113,11,-112,19371,78,33,79,16,0,0,0,0,0,0,0,-32286,0,0,0,0,0,2961523,0
2819956,6752,-1350,548,-723,804,485,-2900,-187,112,5,-88,19371,69,33,79,16,0,0,0,0,0,0,0,-32286,0,0,0,0,0,2961538,0
2819961,6554,-1370,570,-788,775,465,-2940,-179,114,4,-80,19371,69,33,79,16,0,0,0,0,0,0,0,-32287,0,0,0,0,0,2961543,0
2819966,6468,-1440,562,-734,696,460,-2973,-147,109,1,-72,19373,61,33,79,16,0,0,0,0,0,0,0,-32286,0,0,0,0,0,2961558,0
2819971,6296,-1412,572,-680,628,418,-3003,-126,93,0,-40,19373,61,33,79,16,0,0,0,0,0,0,0,-32287,0,0,0,0,0,2961563,0
2819976,6248,-1158,482,-595,527,316,-3022,-74,98,-4,-32,19374,62,33,79,16,0,0,0,0,0,0,0,-32287,0,0,0,0,0,2961578,0
2819981,5992,-840,564,-679,496,286,-3036,-69,93,0,-32,19374,62,33,79,16,0,0,0,0,0,0,0,-32286,0,0,0,0,0,2961583,0
2819986,6066,-906,554,-744,504,243,-3047,-57,96,2,-32,19375,75,33,79,16,0,0,0,0,0,0,0,-32287,0,0,0,0,0,2961598,0
2819991,5980,-930,592,-740,509,192,-3056,-37,77,-4,-8,19375,75,33,79,16,0,0,0,0,0,0,0,-32286,0,0,0,0,0,2961603,0
2819996,5896,-1188,624,-637,495,107,-3059,-4,65,-7,8,19374,75,33,79,16,0,0,0,0,0,0,0,-32287,0,0,0,0,0,2961618,0
2820001,5872,-1242,620,-654,516,101,-3058,5,55,-3,0,19374,75,33,79,16,0,0,0,0,0,0,0,-32287,0,0,0,0,0,2961623,0
2820006,5896,-1162,644,-664,524,89,-3057,0,56,2,0,19370,75,33,79,16,0,0,0,0,0,0,0,-32287,0,0,0,0,0,2961638,0
2820011,5980,-1124,646,-665,539,63,-3057,1,46,0,0,19370,75,33,79,16,0,0,0,0,0,0,0,-32287,0,0,0,0,0,2961643,0
2820016,6018,-1208,676,-638,566,48,-3057,2,21,0,0,19367,71,33,79,16,0,0,0,0,0,0,0,-32286,0,0,0,0,0,2961658,0
2820021,6070,-1300,674,-638,596,51,-3057,4,-1,1,0,19367,71,33,79,16,0,0,0,0,0,0,0,-32287,0,0,0,0,0,2961663,0
2820026,6050,-1288,682,-650,606,54,-3057,-2,-1,0,0,19365,74,33,79,16,0,0,0,0,0,0,0,-32287,0,0,0,0,0,2961678,0
2820031,6084,-1338,606,-655,599,51,-3057,0,-2,0,0,19365,74,33,79,16,0,0,0,0,0,0,0,-32286,0,0,0,0,0,2961683,0
2820036,6220,-1340,476,-682,579,65,-3058,2,0,-1,0,19367,79,33,79,16,0,0,0,0,0,0,0,-32287,0,0,0,0,0,2961698,0
2820041,6240,-1304,476,-702,563,64,-3057,2,1,-1,0,19367,79,33,79,16,0,0,0,0,0,0,0,-32287,0,0,0,0,0,2961703,0
2820046,6308,-1304,488,-715,554,51,-3058,-7,-2,-1,0,19368,84,33,79,16,0,0,0,0,0,0,0,-32287,0,0,0,0,0,2961718,0
2820051,6404,-1344,458,-727,540,58,-3056,1,2,-1,0,19368,84,33,79,16,0,0,0,0,0,0,0,-32286,0,0,0,0,0,2961723,0
2820056,6424,-1342,320,-828,510,86,-3057,0,-1,0,8,19369,77,33,79,16,0,0,0,0,0,0,0,-32287,0,0,0,0,0,2961738,0
2820061,6380,-1250,440,-980,595,136,-3056,2,2,-2,8,19369,77,33,79,16,0,0,0,0,0,0,0,-32287,0,0,0,0,0,2961743,0
2820066,6418,-1192,538,-1073,605,128,-3053,13,7,0,0,19368,73,33,79,16,0,0,0,0,0,0,0,-32286,0,0,0,0,0,2961758,0
2820071,6620,-1452,574,-1003,594,96,-3050,9,10,3,0,19368,73,33,79,16,0,0,0,0,0,0,0,-32287,0,0,0,0,0,2961763,0
2820076,6878,-1566,498,-751,430,4,-3051,-2,4,2,0,19372,70,33,79,16,0,0,0,0,0,0,0,-32287,0,0,0,0,0,2961778,0
2820081,6960,-1392,384,-802,393,4,-3049,6,0,0,0,19372,70,33,79,16,0,0,0,0,0,0,0,-32287,0,0,0,0,0,2961783,0
2820086,6914,-1284,284,-960,359,2,-3051,3,-14,-1,0,19374,61,33,79,16,0,0,0,0,0,0,0,-32287,0,0,0,0,0,2961798,0
2820091,7118,-1388,174,-1056,363,-4,-3050,5,-7,-2,8,19374,61,33,79,16,0,0,0,0,0,0,0,-32287,0,0,0,0,0,2961803,0
2820096,7242,-1902,572,-1049,281,-61,-3048,-1,4,0,8,19375,69,33,79,16,0,0,0,0,0,0,0,-32287,0,0,0,0,0,2961817,0
2820101,7384,-2128,620,-948,243,-68,-3045,9,6,0,0,19375,69,33,79,16,0,0,0,0,0,0,0,-32287,0,0,0,0,0,2961822,0
2820106,7436,-2176,668,-889,207,-98,-3044,10,3,1,0,19371,64,33,79,16,0,0,0,0,0,0,0,-32287,0,0,0,0,0,2961837,0
2820111,7530,-2206,708,-884,190,-108,-3045,4,-1,0,0,19371,64,33,79,16,0,0,0,0,0,0,0,-32286,0,0,0,0,0,2961842,0
2820116,7776,-2344,766,-954,185,-90,-3045,3,-7,0,0,19367,68,33,79,16,0,0,0,0,0,0,0,-32287,0,0,0,0,0,2961857,0
2820121,7822,-2472,876,-1009,184,-91,-3044,1,-2,0,0,19367,68,33,79,16,0,0,0,0,0,0,0,-32287,0,0,0,0,0,2961862,0
2820126,7960,-2714,988,-1035,200,-73,-3043,7,-1,-1,0,19368,76,33,79,16,0,0,0,0,0,0,0,-32287,0,0,0,0,0,2961877,0
2820131,8086,-2886,1112,-1004,200,-63,-3043,0,2,-1,0,19368,76,33,79,16,0,0,0,0,0,0,0,-32287,0,0,0,0,0,2961882,0
2820136,8306,-3054,1314,-905,205,-59,-3042,1,5,0,0,19370,77,33,79,16,0,0,0,0,0,0,0,-32287,0,0,0,0,0,2961897,0
2820141,8398,-3044,1332,-865,215,-62,-3042,3,-1,-1,0,19370,77,33,79,16,0,0,0,0,0,0,0,-32287,0,0,0,0,0,2961902,0
2820146,8472,-2952,1308,-815,200,-74,-3041,-5,1,0,0,19370,70,33,79,16,0,0,0,0,0,0,0,-32287,0,0,0,0,0,2961917,0
2820151,8588,-2898,1226,-759,176,-102,-3041,2,-2,0,0,19370,70,33,79,16,0,0,0,0,0,0,0,-32286,0,0,0,0,0,2961922,0
2820156,8644,-2870,1198,-703,123,-139,-3041,4,-5,0,0,19369,65,33,79,16,0,0,0,0,0,0,0,-32287,0,0,0,0,0,2961937,0
2820161,8546,-2780,1256,-688,102,-148,-3041,0,-1,0,0,19369,65,33,79,16,0,0,0,0,0,0,0,-32287,0,0,0,0,0,2961942,0
2820166,8590,-2768,1354,-671,101,-143,-3042,-3,-5,0,0,19368,64,33,79,16,0,0,0,0,0,0,0,-32287,0,0,0,0,0,2961957,0
2820171,8590,-2706,1464,-675,114,-148,-3041,0,4,0,-8,19368,64,33,79,16,0,0,0,0,0,0,0,-32286,0,0,0,0,0,2961962,0
2820176,8630,-2678,1760,-603,201,-145,-3042,0,-6,0,-8,19368,74,33,79,16,0,0,0,0,0,0,0,-32287,0,0,0,0,0,2961977,0
2820181,8732,-2638,1922,-555,273,-125,-3043,1,2,-1,0,19368,74,33,79,16,0,0,0,0,0,0,0,-32286,0,0,0,0,0,2961982,0
2820186,8752,-2458,2090,-508,337,-144,-3042,0,0,-1,-8,19371,76,33,79,16,0,0,0,0,0,0,0,-32287,0,0,0,0,0,2961997,0
2820191,8874,-2296,2088,-449,423,-149,-3043,-4,-2,0,-8,19371,76,33,79,16,0,0,0,0,0,0,0,-32287,0,0,0,0,0,2962002,0
2820196,8990,-1724,1974,-384,554,-165,-3043,-3,1,0,0,19372,76,33,79,16,0,0,0,0,0,0,0,-32287,0,0,0,0,0,2962017,0
2820201,9054,-1486,1840,-393,606,-185,-3042,1,-2,0,0,19372,76,33,79,16,0,0,0,0,0,0,0,-32287,0,0,0,0,0,2962022,0
2820206,9032,-1266,1686,-404,655,-204,-3044,-1,-3,0,-8,19371,75,33,79,16,0,0,0,0,0,0,0,-32287,0,0,0,0,0,2962037,0
2820211,8900,-1092,1564,-402,678,-202,-3046,-6,-1,0,-8,19371,75,33,79,16,0,0,0,0,0,0,0,-32287,0,0,0,0,0,2962042,0
2820216,8848,-602,1322,-482,704,-223,-3044,2,-4,-2,0,19368,70,33,79,16,0,0,0,0,0,0,0,-32287,0,0,0,0,0,2962057,0
2820221,8856,-296,1314,-553,759,-227,-3046,-1,-1,0,0,19368,70,33,79,16,0,0,0,0,0,0,0,-32287,0,0,0,0,0,2962062,0
2820226,8724,-218,1310,-624,766,-244,-3045,4,5,0,0,19369,65,33,79,16,0,0,0,0,0,0,0,-32287,0,0,0,0,0,2962077,0
2820231,8496,-226,1268,-686,733,-247,-3045,5,2,0,0,19369,65,33,79,16,0,0,0,0,0,0,0,-32287,0,0,0,0,0,2962082,0
2820236,8110,-264,1298,-852,670,-231,-3045,-5,2,0,0,19372,75,33,79,16,0,0,0,0,0,0,0,-32287,0,0,0,0,0,2962097,0
2820241,8258,-272,1300,-889,610,-241,-3046,1,-1,-1,0,19372,75,33,79,16,0,0,0,0,0,0,0,-32287,0,0,0,0,0,2962105,0
2820246,8302,-446,1450,-968,584,-230,-3045,0,-4,-1,0,19376,81,33,79,16,0,0,0,0,0,0,0,-32287,0,0,0,0,0,2962120,0
2820251,8370,-1158,1692,-1249,656,-98,-3044,7,-4,-1,0,19376,81,33,79,16,0,0,0,0,0,0,0,-32286,0,0,0,0,0,2962125,0
2820256,9310,-2504,2266,-1590,693,-18,-3044,8,4,0,0,19375,80,33,79,16,0,0,0,0,0,0,0,-32287,0,0,0,0,0,2962140,0
2820261,9564,-2866,2666,-1541,634,-7,-3044,1,5,0,0,19375,80,33,79,16,0,0,0,0,0,0,0,-32286,0,0,0,0,0,2962145,0
2820266,10154,-3350,2654,-1568,618,39,-3045,-9,-2,0,0,19373,84,33,79,16,0,0,0,0,0,0,0,-32287,0,0,0,0,0,2962160,0
2820271,10564,-3744,2616,-1695,601,89,-3041,4,3,-1,8,19373,84,33,79,16,0,0,0,0,0,0,0,-32287,0,0,0,0,0,2962165,0
2820276,11308,-4920,2094,-1848,473,144,-3040,9,6,-1,8,19371,80,33,79,16,0,0,0,0,0,0,0,-32287,0,0,0,0,0,2962180,0
2820281,11356,-5346,1932,-1817,389,139,-3036,7,11,-1,8,19371,80,33,79,16,0,0,0,0,0,0,0,-32287,0,0,0,0,0,2962185,0
2820286,11306,-5748,1840,-1722,352,114,-3031,23,10,-1,8,19373,83,33,79,16,0,0,0,0,0,0,0,-32287,0,0,0,0,0,2962200,0
2820291,10852,-5866,1814,-1584,341,65,-3026,23,19,-1,16,19373,83,33,79,16,0,0,0,0,0,0,0,-32287,0,0,0,0,0,2962205,0
2820296,9664,-5880,1774,-1234,382,-69,-3014,57,31,-3,32,19373,82,33,79,16,0,0,0,0,0,0,0,-32286,0,0,0,0,0,2962220,0
2820301,9088,-5960,1666,-1093,424,-132,-2992,113,53,-11,64,19373,82,33,79,16,0,0,0,0,0,0,0,-32287,0,0,0,0,0,2962225,0
2820306,8456,-6450,1616,-993,465,-141,-2955,167,101,-4,80,19373,77,33,79,16,0,0,0,0,0,0,0,-32287,0,0,0,0,0,2962240,0
2820311,7796,-6962,1658,-863,408,-211,-2910,206,136,0,128,19373,77,33,79,16,0,0,0,0,0,0,0,-32287,0,0,0,0,0,2962245,0
2820316,7084,-8226,1388,-317,95,-312,-2860,226,160,0,152,19371,71,33,79,16,0,0,0,0,0,0,0,-32287,0,0,0,0,0,2962260,0
2820321,7040,-8530,1106,-11,-134,-361,-2794,285,157,0,224,19371,71,33,79,16,0,0,0,0,0,0,0,-32287,0,0,0,0,0,2962265,0
2820326,6962,-8382,794,233,-348,-356,-2725,310,133,7,248,19368,72,33,79,16,0,0,0,0,0,0,0,-32287,0,0,0,0,0,2962280,0
2820331,6620,-7914,656,308,-518,-370,-2651,327,129,2,264,19368,72,33,79,16,0,0,0,0,0,0,0,-32286,0,0,0,0,0,2962285,0
2820336,5916,-6876,610,343,-579,-353,-2577,315,91,9,224,19370,69,33,79,16,0,0,0,0,0,0,0,-32287,0,0,0,0,0,2962300,0
2820341,5764,-6558,6,497,-752,-390,-2507,312,59,0,216,19370,69,33,79,16,0,0,0,0,0,0,0,-32286,0,0,0,0,0,2962305,0
2820346,5458,-5962,-56,601,-718,-393,-2436,308,12,5,192,19370,66,33,79,16,0,0,0,0,0,0,0,-32287,0,0,0,0,0,2962320,0
2820351,5192,-5374,102,618,-706,-387,-2371,293,-23,-2,192,19370,66,33,79,16,0,0,0,0,0,0,0,-32287,0,0,0,0,0,2962325,0
2820356,5050,-4790,592,548,-507,-284,-2307,285,-31,-2,192,19370,69,33,79,16,0,0,0,0,0,0,0,-32287,0,0,0,0,0,2962340,0
2820361,4834,-4524,944,511,-365,-253,-2238,308,-26,-8,240,19370,69,33,79,16,0,0,0,0,0,0,0,-32287,0,0,0,0,0,2962345,0
2820366,4884,-4368,1068,604,-309,-238,-2167,319,-8,2,240,19367,70,33,79,16,0,0,0,0,0,0,0,-32287,0,0,0,0,0,2962360,0
2820371,4980,-4228,902,688,-237,-224,-2093,328,16,-1,272,19367,70,33,79,16,0,0,0,0,0,0,0,-32287,0,0,0,0,0,2962364,0
2820376,5004,-3482,636,680,-48,-179,-2015,350,38,-3,312,19369,72,33,79,16,0,0,0,0,0,0,0,-32287,0,0,0,0,0,2962379,0
2820381,4874,-3184,506,636,47,-134,-1934,362,50,-3,344,19369,72,33,79,16,0,0,0,0,0,0,0,-32287,0,0,0,0,0,2962384,0
2820386,4930,-3250,358,673,83,-108,-1839,421,64,-13,488,19374,61,33,79,16,0,0,0,0,0,0,0,-32287,0,0,0,0,0,2962399,0
2820391,4902,-3298,234,836,52,-117,-1734,473,101,-21,640,19374,61,33,79,16,0,0,0,0,0,0,0,-32287,0,0,0,0,0,2962404,0
2820396,5090,-3288,-374,1019,-154,-51,-1619,509,137,-9,736,19377,56,33,79,16,0,0,0,0,0,0,0,-32287,0,0,0,0,0,2962419,0
2820401,5348,-3388,-734,907,-233,30,-1494,547,149,2,832,19377,56,33,79,16,0,0,0,0,0,0,0,-32287,0,0,0,0,0,2962424,0
2820406,5544,-3082,-884,725,-342,100,-1358,605,163,2,984,19377,57,33,79,16,0,0,0,0,0,0,0,-32287,0,0,0,0,0,2962439,0
2820411,5868,-2916,-870,700,-505,100,-1211,646,158,10,1024,19377,57,33,79,16,0,0,0,0,0,0,0,-32287,0,0,0,0,0,2962444,0
2820416,6480,-3066,-826,640,-826,178,-1061,656,145,16,1016,19373,64,33,79,16,0,0,0,0,0,0,0,-32287,0,0,0,0,0,2962459,0
2820421,6892,-2956,-740,477,-895,257,-908,681,120,4,1056,19373,64,33,79,16,0,0,0,0,0,0,0,-32287,0,0,0,0,0,2962464,0
2820426,7168,-2864,-604,250,-914,340,-757,665,87,10,992,19372,70,33,79,16,0,0,0,0,0,0,0,-32287,0,0,0,0,0,2962479,0
2820431,7502,-2942,-390,71,-932,381,-609,644,32,16,928,19372,70,33,79,16,0,0,0,0,0,0,0,-32287,0,0,0,0,0,2962484,0
2820436,8022,-3622,44,-91,-922,458,-463,634,-11,4,920,19374,84,33,79,16,0,0,0,0,0,0,0,-32287,0,0,0,0,0,2962499,0
2820441,8036,-3612,266,-116,-883,478,-325,605,-33,8,824,19374,84,33,79,16,0,0,0,0,0,0,0,-32287,0,0,0,0,0,2962504,0
2820446,8110,-3580,388,-76,-887,429,-197,560,-77,8,704,19374,91,33,79,16,0,0,0,0,0,0,0,-32287,0,0,0,0,0,2962519,0
2820451,8172,-3650,400,-25,-843,385,-74,530,-100,-3,632,19374,91,33,79,16,0,0,0,0,0,0,0,-32287,0,0,0,0,0,2962524,0
2820456,8020,-3316,340,0,-761,257,39,502,-115,-7,576,19371,86,33,79,16,0,0,0,0,0,0,0,-32287,0,0,0,0,0,2962539,0
2820461,7890,-3348,276,-42,-675,199,143,455,-124,-3,464,19371,86,33,79,16,0,0,0,0,0,0,0,-32287,0,0,0,0,0,2962544,0
2820466,7744,-3236,196,-94,-605,142,238,424,-130,-6,400,19368,88,33,79,16,0,0,0,0,0,0,0,-32287,0,0,0,0,0,2962559,0
2820471,7526,-3312,188,-162,-513,98,322,373,-132,2,312,19368,88,33,79,16,0,0,0,0,0,0,0,-32287,0,0,0,0,0,2962564,0
2820476,7050,-3558,156,-161,-407,8,403,355,-131,4,264,19369,76,33,79,16,0,0,0,0,0,0,0,-32287,0,0,0,0,0,2962579,0
2820481,6768,-3676,126,-85,-419,-49,481,341,-114,3,272,19369,76,33,79,16,0,0,0,0,0,0,0,-32287,0,0,0,0,0,2962584,0
2820486,6682,-3816,24,10,-459,-86,560,343,-80,0,256,19371,81,33,79,16,0,0,0,0,0,0,0,-32286,0,0,0,0,0,2962599,0
2820491,6472,-3744,-94,80,-513,-113,634,328,-50,5,232,19371,81,33,79,16,0,0,0,0,0,0,0,-32287,0,0,0,0,0,2962604,0
2820496,6360,-3740,-214,99,-596,-135,707,318,-31,1,216,19374,70,33,79,16,0,0,0,0,0,0,0,-32287,0,0,0,0,0,2962619,0
2820501,6268,-3662,-244,77,-639,-128,774,298,-44,0,192,19374,70,33,79,16,0,0,0,0,0,0,0,-32287,0,0,0,0,0,2962624,0
2820506,6270,-3616,-272,79,-668,-135,842,295,-42,-1,208,19372,75,33,79,16,0,0,0,0,0,0,0,-32287,0,0,0,0,0,2962639,0
2820511,6284,-3492,-252,107,-707,-163,912,305,-33,-1,224,19372,75,33,79,16,0,0,0,0,0,0,0,-32287,0,0,0,0,0,2962644,0
2820516,6630,-3470,-264,229,-768,-166,985,322,-4,-2,272,19370,79,33,79,16,0,0,0,0,0,0,0,-32287,0,0,0,0,0,2962659,0
2820521,6662,-3318,-166,233,-807,-162,1061,325,18,3,248,19370,79,33,79,16,0,0,0,0,0,0,0,-32287,0,0,0,0,0,2962664,0
2820526,6890,-3292,-170,253,-832,-163,1135,327,30,0,256,19369,70,33,79,16,0,0,0,0,0,0,0,-32288,0,0,0,0,0,2962679,0
2820531,6906,-3320,-148,249,-835,-121,1209,324,19,3,240,19369,70,33,79,16,0,0,0,0,0,0,0,-32288,0,0,0,0,0,2962684,0
2820536,7010,-3202,-40,221,-881,-84,1283,322,3,0,264,19371,68,33,79,16,0,0,0,0,0,0,0,-32287,0,0,0,0,0,2962699,0
2820541,7014,-3238,46,252,-894,-59,1363,360,11,-4,328,19371,68,33,79,16,0,0,0,0,0,0,0,-32287,0,0,0,0,0,2962704,0
2820546,7056,-3318,106,292,-906,-24,1448,383,32,-5,352,19372,67,33,79,16,0,0,0,0,0,0,0,-32286,0,0,0,0,0,2962719,0
2820551,7160,-3370,140,308,-905,26,1537,390,52,-3,384,19372,67,33,79,16,0,0,0,0,0,0,0,-32287,0,0,0,0,0,2962724,0
2820556,7390,-3260,268,367,-869,80,1625,394,59,-6,424,19370,67,33,79,16,0,0,0,0,0,0,0,-32287,0,0,0,0,0,2962739,0
2820561,7398,-3080,386,392,-859,95,1716,401,54,-11,456,19370,67,33,79,16,0,0,0,0,0,0,0,-32287,0,0,0,0,0,2962744,0
2820566,7626,-3196,400,436,-818,136,1813,440,41,-15,552,19367,72,33,79,16,0,0,0,0,0,0,0,-32287,0,0,0,0,0,2962759,0
2820571,7524,-3134,484,467,-781,163,1920,466,52,-6,608,19367,72,33,79,16,0,0,0,0,0,0,0,-32287,0,0,0,0,0,2962764,0
2820576,7590,-3182,528,535,-687,212,2025,469,70,0,624,19369,79,33,79,16,0,0,0,0,0,0,0,-32287,0,0,0,0,0,2962779,0
2820581,7592,-3274,426,593,-639,241,2134,477,75,0,632,19369,79,33,79,16,0,0,0,0,0,0,0,-32287,0,0,0,0,0,2962784,0
2820586,7594,-3252,410,663,-605,242,2248,502,57,-1,688,19371,78,33,79,16,0,0,0,0,0,0,0,-32287,0,0,0,0,0,2962799,0
2820591,7592,-3170,328,740,-560,254,2366,517,51,0,736,19371,78,33,79,16,0,0,0,0,0,0,0,-32287,0,0,0,0,0,2962804,0
2820596,7422,-3084,168,862,-505,269,2484,521,54,11,712,19373,76,33,79,16,0,0,0,0,0,0,0,-32287,0,0,0,0,0,2962819,0
2820601,7382,-3152,104,900,-471,275,2605,528,46,3,728,19373,76,33,79,16,0,0,0,0,0,0,0,-32287,0,0,0,0,0,2962824,0
2820606,7254,-2928,80,921,-464,270,2726,534,36,4,744,19373,71,33,79,16,0,0,0,0,0,0,0,-32286,0,0,0,0,0,2962839,0
2820611,7210,-2994,-44,934,-429,277,2846,533,27,8,712,19373,71,33,79,16,0,0,0,0,0,0,0,-32287,0,0,0,0,0,2962844,0
2820616,6994,-3000,-154,878,-380,296,2965,519,6,9,672,19372,72,33,79,16,0,0,0,0,0,0,0,-32287,0,0,0,0,0,2962859,0
2820621,6880,-2914,-174,860,-362,303,3078,497,-6,0,624,19372,72,33,79,16,0,0,0,0,0,0,0,-32286,0,0,0,0,0,2962863,0
2820626,6758,-2960,-226,837,-363,305,3192,493,-25,-8,616,19372,73,33,79,16,0,0,0,0,0,0,0,-32287,0,0,0,0,0,2962878,0
2820631,6722,-2920,-330,821,-371,297,3300,480,-38,-1,568,19372,73,33,79,16,0,0,0,0,0,0,0,-32287,0,0,0,0,0,2962883,0
2820636,6538,-3058,-356,694,-403,320,3403,448,-44,4,488,19372,74,33,79,16,0,0,0,0,0,0,0,-32287,0,0,0,0,0,2962898,0
2820641,6522,-3148,-364,654,-423,313,3500,411,-62,1,408,19372,74,33,79,16,0,0,0,0,0,0,0,-32287,0,0,0,0,0,2962903,0
2820646,6566,-3268,-302,673,-470,298,3591,395,-71,3,384,19371,66,33,79,16,0,0,0,0,0,0,0,-32286,0,0,0,0,0,2962918,0
2820651,6616,-3298,-90,732,-478,279,3683,401,-75,0,408,19371,66,33,79,16,0,0,0,0,0,0,0,-32287,0,0,0,0,0,2962923,0
2820656,6636,-3416,-30,880,-576,267,3770,379,-63,11,320,19368,57,33,79,16,0,0,0,0,0,0,0,-32286,0,0,0,0,0,2962938,0
2820661,6808,-3314,-20,910,-578,267,3851,358,-54,8,296,19368,57,33,79,16,0,0,0,0,0,0,0,-32287,0,0,0,0,0,2962943,0
2820666,6898,-3144,40,910,-544,269,3926,331,-57,7,232,19367,68,33,79,16,0,0,0,0,0,0,0,-32286,0,0,0,0,0,2962958,0
2820671,7050,-3012,82,897,-520,253,3998,322,-69,0,224,19367,68,33,79,16,0,0,0,0,0,0,0,-32286,0,0,0,0,0,2962963,0
2820676,7398,-2948,104,974,-442,228,4070,314,-69,-1,232,19369,75,33,79,16,0,0,0,0,0,0,0,-32286,0,0,0,0,0,2962978,0
2820681,7432,-2874,94,1026,-419,227,4142,323,-44,-3,232,19369,75,33,79,16,0,0,0,0,0,0,0,-32287,0,0,0,0,0,2962983,0
2820686,7482,-2794,32,1031,-381,257,4209,291,-31,12,176,19370,74,33,79,16,0,0,0,0,0,0,0,-32287,0,0,0,0,0,2962998,0
2820691,7490,-2488,10,983,-349,266,4270,265,-33,2,144,19370,74,33,79,16,0,0,0,0,0,0,0,-32286,0,0,0,0,0,2963003,0
2820696,7814,-2292,-126,885,-185,278,4328,246,-53,0,112,19374,62,33,79,16,0,0,0,0,0,0,0,-32287,0,0,0,0,0,2963018,0
2820701,7748,-2320,-110,856,-152,298,4379,224,-68,-1,96,19374,62,33,79,16,0,0,0,0,0,0,0,-32287,0,0,0,0,0,2963023,0
2820706,7844,-2078,-122,921,-118,269,4431,233,-69,-5,128,19372,62,33,79,16,0,0,0,0,0,0,0,-32287,0,0,0,0,0,2963038,0
2820711,7948,-2146,-178,973,-72,261,4488,250,-38,-6,168,19372,62,33,79,16,0,0,0,0,0,0,0,-32287,0,0,0,0,0,2963043,0
2820716,8020,-1802,-288,1020,-16,253,4549,272,0,-2,192,19371,69,33,79,16,0,0,0,0,0,0,0,-32287,0,0,0,0,0,2963058,0
2820721,8182,-1756,-404,992,34,269,4614,292,36,-2,224,19371,69,33,79,16,0,0,0,0,0,0,0,-32287,0,0,0,0,0,2963063,0
2820726,8188,-1718,-476,924,95,303,4678,276,50,6,168,19369,75,33,79,16,0,0,0,0,0,0,0,-32287,0,0,0,0,0,2963078,0
2820731,8092,-1746,-526,870,124,308,4739,273,31,-3,176,19369,75,33,79,16,0,0,0,0,0,0,0,-32286,0,0,0,0,0,2963083,0
2820736,8242,-1590,-588,876,177,291,4800,265,6,-3,168,19369,69,33,79,16,0,0,0,0,0,0,0,-32287,0,0,0,0,0,2963098,0
2820741,8354,-1616,-628,849,188,285,4862,277,-8,-3,184,19369,69,33,79,16,0,0,0,0,0,0,0,-32287,0,0,0,0,0,2963103,0
2820746,8410,-1666,-610,829,207,290,4931,304,3,-1,224,19370,72,33,79,16,0,0,0,0,0,0,0,-32287,0,0,0,0,0,2963118,0
2820751,8230,-1452,-544,852,181,255,5006,326,33,1,272,19370,72,33,79,16,0,0,0,0,0,0,0,-32287,0,0,0,0,0,2963123,0
2820756,8412,-1432,-530,741,208,217,5084,346,61,-1,272,19369,75,33,79,16,0,0,0,0,0,0,0,-32286,0,0,0,0,0,2963138,0
2820761,8340,-1404,-452,656,219,198,5161,341,66,2,280,19369,75,33,79,16,0,0,0,0,0,0,0,-32287,0,0,0,0,0,2963143,0
2820766,8434,-1574,-438,637,226,158,5243,355,51,-5,320,19368,76,33,79,16,0,0,0,0,0,0,0,-32287,0,0,0,0,0,2963158,0
2820771,8456,-1676,-262,607,248,147,5328,377,41,-3,360,19368,76,33,79,16,0,0,0,0,0,0,0,-32287,0,0,0,0,0,2963163,0
2820776,8494,-1870,62,528,318,125,5420,409,51,-15,440,19369,78,33,79,16,0,0,0,0,0,0,0,-32287,0,0,0,0,0,2963178,0
2820781,8346,-2000,182,560,332,92,5517,435,66,-18,512,19369,78,33,79,16,0,0,0,0,0,0,0,-32287,0,0,0,0,0,2963183,0
2820786,8408,-2240,146,595,361,79,5620,452,80,-9,568,19371,72,33,79,16,0,0,0,0,0,0,0,-32287,0,0,0,0,0,2963198,0
2820791,8310,-2118,180,645,342,44,5727,478,87,-6,640,19371,72,33,79,16,0,0,0,0,0,0,0,-32287,0,0,0,0,0,2963203,0
2820796,8266,-2060,142,674,354,-8,5838,497,85,4,688,19369,66,33,79,16,0,0,0,0,0,0,0,-32287,0,0,0,0,0,2963218,0
2820801,8320,-1996,96,687,358,-39,5960,531,81,0,784,19369,66,33,79,16,0,0,0,0,0,0,0,-32287,0,0,0,0,0,2963223,0
2820806,8324,-2138,50,712,357,-62,6087,552,86,7,808,19368,66,33,79,16,0,0,0,0,0,0,0,-32286,0,0,0,0,0,2963238,0
2820811,8308,-2068,82,719,333,-77,6216,561,95,5,816,19368,66,33,79,16,0,0,0,0,0,0,0,-32287,0,0,0,0,0,2963243,0
2820816,8448,-2000,98,774,338,-155,6349,591,82,1,888,19367,69,33,79,16,0,0,0,0,0,0,0,-32287,0,0,0,0,0,2963258,0
2820821,8480,-1892,106,804,347,-166,6487,619,70,0,928,19367,69,33,79,16,0,0,0,0,0,0,0,-32287,0,0,0,0,0,2963263,0
2820826,8424,-1838,106,775,360,-176,6625,608,58,8,888,19369,72,33,79,16,0,0,0,0,0,0,0,-32286,0,0,0,0,0,2963278,0
2820831,8416,-1704,22,754,375,-188,6762,605,42,4,888,19369,72,33,79,16,0,0,0,0,0,0,0,-32287,0,0,0,0,0,2963283,0
2820836,8404,-1310,-68,721,436,-213,6901,623,28,-2,912,19369,61,33,79,16,0,0,0,0,0,0,0,-32286,0,0,0,0,0,2963298,0
2820841,8394,-1242,-188,664,475,-193,7038,595,5,7,832,19369,61,33,79,16,0,0,0,0,0,0,0,-32287,0,0,0,0,0,2963303,0
2820846,8362,-926,-274,600,498,-171,7171,581,-14,4,824,19370,54,33,79,16,0,0,0,0,0,0,0,-32287,0,0,0,0,0,2963318,0
2820851,8246,-730,-282,527,523,-189,7306,590,-14,0,840,19370,54,33,79,16,0,0,0,0,0,0,0,-32287,0,0,0,0,0,2963323,0
2820856,8188,-474,-368,441,560,-165,7441,588,-19,12,800,19368,63,33,79,16,0,0,0,0,0,0,0,-32287,0,0,0,0,0,2963338,0
2820861,8260,-506,-370,378,566,-183,7569,567,-25,8,744,19368,63,33,79,16,0,0,0,0,0,0,0,-32287,0,0,0,0,0,2963342,0
2820866,8302,-418,-368,324,598,-203,7701,583,-13,-10,824,19369,64,33,79,16,0,0,0,0,0,0,0,-32287,0,0,0,0,0,2963357,0
2820871,8308,-400,-342,301,608,-229,7834,588,-13,-2,832,19369,64,33,79,16,0,0,0,0,0,0,0,-32287,0,0,0,0,0,2963362,0
2820876,8418,-478,-198,309,521,-302,7970,597,-1,5,856,19372,72,33,79,16,0,0,0,0,0,0,0,-32287,0,0,0,0,0,2963377,0
2820881,8660,-710,-232,294,537,-354,8105,605,15,0,880,19372,72,33,79,16,0,0,0,0,0,0,0,-32286,0,0,0,0,0,2963382,0
2820886,8698,-948,-188,265,534,-405,8246,620,32,2,920,19374,67,33,79,16,0,0,0,0,0,0,0,-32287,0,0,0,0,0,2963397,0
2820891,8848,-1378,-200,259,524,-440,8392,636,33,5,936,19374,67,33,79,16,0,0,0,0,0,0,0,-32287,0,0,0,0,0,2963402,0
2820896,9110,-2518,-250,323,475,-544,8539,651,48,1,968,19371,65,33,79,16,0,0,0,0,0,0,0,-32287,0,0,0,0,0,2963417,0
2820901,9034,-3044,-192,395,439,-624,8688,660,56,-3,1000,19371,65,33,79,16,0,0,0,0,0,0,0,-32287,0,0,0,0,0,2963422,0
2820906,9208,-3440,-272,536,409,-601,8840,660,40,-5,1000,19371,77,33,79,16,0,0,0,0,0,0,0,-32287,0,0,0,0,0,2963437,0
2820911,8922,-3666,-112,624,310,-630,8989,653,28,5,960,19371,77,33,79,16,0,0,0,0,0,0,0,-32287,0,0,0,0,0,2963442,0
2820916,9368,-4334,-352,774,220,-692,9135,645,11,4,944,19369,80,33,79,16,0,0,0,0,0,0,0,-32287,0,0,0,0,0,2963457,0
2820921,8858,-4366,-134,859,145,-657,9280,630,-8,6,888,19369,80,33,79,16,0,0,0,0,0,0,0,-32287,0,0,0,0,0,2963462,0
2820926,8776,-4362,-148,832,50,-613,9414,578,-48,12,760,19369,83,33,79,16,0,0,0,0,0,0,0,-32287,0,0,0,0,0,2963477,0
2820931,8808,-4148,-270,745,0,-572,9534,525,-82,2,624,19369,83,33,79,16,0,0,0,0,0,0,0,-32287,0,0,0,0,0,2963482,0
2820936,8628,-3962,-142,423,-93,-402,9647,485,-120,-7,520,19367,74,33,79,16,0,0,0,0,0,0,0,-32287,0,0,0,0,0,2963497,0
2820941,8356,-3694,110,269,-161,-320,9745,423,-159,3,368,19367,74,33,79,16,0,0,0,0,0,0,0,-32287,0,0,0,0,0,2963502,0
2820946,8442,-3568,398,176,-229,-264,9825,338,-188,9,224,19367,70,33,79,16,0,0,0,0,0,0,0,-32287,0,0,0,0,0,2963517,0
2820951,8368,-3302,640,109,-289,-236,9891,278,-208,11,136,19367,70,33,79,16,0,0,0,0,0,0,0,-32287,0,0,0,0,0,2963522,0
2820956,8616,-2640,906,115,-455,-267,9948,238,-221,-4,104,19367,65,33,79,16,0,0,0,0,0,0,0,-32287,0,0,0,0,0,2963537,0
2820961,8722,-2366,1028,104,-495,-284,9993,190,-204,-4,56,19367,65,33,79,16,0,0,0,0,0,0,0,-32287,0,0,0,0,0,2963542,0
2820966,8886,-2006,1122,88,-495,-362,10030,156,-179,-4,56,19368,77,33,79,16,0,0,0,0,0,0,0,-32287,0,0,0,0,0,2963557,0
2820971,9240,-2218,1118,16,-474,-386,10052,92,-164,-1,24,19368,77,33,79,16,0,0,0,0,0,0,0,-32287,0,0,0,0,0,2963562,0
2820976,9582,-2782,1168,-40,-391,-458,10060,25,-170,2,0,19370,77,33,79,16,0,0,0,0,0,0,0,-32287,0,0,0,0,0,2963577,0
2820981,9816,-3068,1168,-40,-335,-493,10061,-2,-184,0,0,19370,77,33,79,16,0,0,0,0,0,0,0,-32287,0,0,0,0,0,2963582,0
2820986,10190,-3626,1110,-55,-295,-493,10061,-1,-156,-3,0,19369,75,33,79,16,0,0,0,0,0,0,0,-32287,0,0,0,0,0,2963597,0
2820991,10072,-4064,1100,-81,-278,-484,10061,5,-115,-1,0,19369,75,33,79,16,0,0,0,0,0,0,0,-32287,0,0,0,0,0,2963602,0
2820996,10030,-4648,1028,-162,-250,-459,10061,2,-54,0,-8,19367,70,33,79,16,0,0,0,0,0,0,0,-32287,0,0,0,0,0,2963617,0
2821001,10124,-4916,1062,-283,-208,-427,10061,2,-10,0,0,19367,70,33,79,16,0,0,0,0,0,0,0,-32287,0,0,0,0,0,2963622,0
2821006,9758,-5144,1062,-446,-181,-400,10060,-2,-1,-1,0,19368,82,33,79,16,0,0,0,0,0,0,0,-32287,0,0,0,0,0,2963637,0
2821011,9504,-5498,1050,-538,-150,-374,10060,-2,1,0,-8,19368,82,33,79,16,0,0,0,0,0,0,0,-32287,0,0,0,0,0,2963642,0
2821016,8656,-6124,924,-530,-184,-350,10059,-5,-4,0,-8,19369,91,33,79,16,0,0,0,0,0,0,0,-32287,0,0,0,0,0,2963657,0
2821021,8044,-6214,1170,-611,-82,-330,10059,-5,3,0,-8,19369,91,33,79,16,0,0,0,0,0,0,0,-32287,0,0,0,0,0,2963662,0
2821026,7374,-6578,1224,-634,-34,-321,10060,-2,-3,0,0,19370,82,33,79,16,0,0,0,0,0,0,0,-32287,0,0,0,0,0,2963677,0
2821031,6862,-7086,1340,-554,41,-285,10059,-5,-3,-1,-8,19370,82,33,79,16,0,0,0,0,0,0,0,-32287,0,0,0,0,0,2963682,0
2821036,7402,-5998,2314,425,-221,-755,10057,-7,-2,0,-24,19369,69,33,79,16,0,0,0,0,0,0,0,-32287,0,0,0,0,0,2963697,0
2821041,7348,-7802,2708,1849,-100,-969,10039,-90,-33,9,-64,19369,69,33,79,16,0,0,0,0,0,0,0,-32287,0,0,0,0,0,2963702,0
2821046,5398,-7820,2150,2481,-594,-936,9999,-179,-107,9,-128,19371,67,33,79,16,0,0,0,0,0,0,0,-32287,0,0,0,0,0,2963717,0
2821051,6474,-5334,2728,2100,-451,-962,9940,-273,-188,12,-248,19371,67,33,79,16,0,0,0,0,0,0,0,-32287,0,0,0,0,0,2963722,0
2821056,5634,-5646,1502,693,-27,-670,9853,-397,-283,21,-480,19369,72,33,79,16,0,0,0,0,0,0,0,-32287,0,0,0,0,0,2963737,0
2821061,5054,-6714,1614,448,72,-499,9732,-548,-357,42,-880,19369,72,33,79,16,0,0,0,0,0,0,0,-32287,0,0,0,0,0,2963742,0
2821066,4604,-7716,1590,600,-12,-371,9572,-723,-421,19,-1320,19370,74,33,79,16,0,0,0,0,0,0,0,-32287,0,0,0,0,0,2963757,0
2821071,4764,-7864,1834,829,25,-213,9373,-896,-506,0,-1688,19370,74,33,79,16,0,0,0,0,0,0,0,-32287,0,0,0,0,0,2963762,0
2821076,5006,-7234,2044,593,311,295,9183,-1046,-567,9,-2096,19368,80,33,79,16,0,0,0,0,0,0,0,-32287,0,0,0,0,0,2963777,0
2821081,3906,-6572,2296,275,458,476,8911,-1210,-602,-4,-2416,19368,80,33,79,16,0,0,0,0,0,0,0,-32287,0,0,0,0,0,2963782,0
2821086,4692,-7380,1704,376,443,646,8607,-1353,-596,-10,-2688,19368,80,33,79,16,0,0,0,0,0,0,0,-32287,0,0,0,0,0,2963797,0
2821091,4904,-6662,1854,726,374,722,8273,-1490,-559,-6,-2936,19368,80,33,79,16,0,0,0,0,0,0,0,-32287,0,0,0,0,0,2963802,0
2821096,5994,-4868,1308,786,332,908,7913,-1599,-504,-10,-3152,19368,83,33,79,16,0,0,0,0,0,0,0,-32287,0,0,0,0,0,2963817,0
2821101,6552,-3774,998,498,392,973,7529,-1697,-453,-11,-3328,19368,83,33,79,16,0,0,0,0,0,0,0,-32287,0,0,0,0,0,2963822,0
2821106,7164,-3374,862,274,403,1029,7129,-1767,-391,-9,-3472,19368,86,33,79,16,0,0,0,0,0,0,0,-32287,0,0,0,0,0,2963840,0
2821111,7290,-3072,720,99,315,1067,6716,-1826,-324,-2,-3584,19368,86,33,79,16,0,0,0,0,0,0,0,-32286,0,0,0,0,0,2963845,0
2821116,8164,-2320,586,-198,134,1081,6296,-1861,-251,0,-3648,19371,85,33,79,16,0,0,0,0,0,0,0,-32287,0,0,0,0,0,2963856,0
2821121,8456,-1928,776,-331,76,1079,5873,-1862,-178,-2,-3672,19371,85,33,79,16,0,0,0,0,0,0,0,-32287,0,0,0,0,0,2963861,0
2821126,8702,-1640,874,-451,-19,1040,5450,-1856,-113,-6,-3616,19371,92,33,79,16,0,0,0,0,0,0,0,-32287,0,0,0,0,0,2963876,0
2821131,8922,-1394,990,-574,-115,981,5029,-1846,-43,-11,-3584,19371,92,33,79,16,0,0,0,0,0,0,0,-32287,0,0,0,0,0,2963881,0
2821136,9904,-1146,1542,-401,-267,705,4615,-1812,8,-13,-3480,19369,78,33,79,16,0,0,0,0,0,0,0,-32287,0,0,0,0,0,2963896,0
2821141,10046,-1010,2046,-185,-339,547,4204,-1794,46,-9,-3408,19369,78,33,79,16,0,0,0,0,0,0,0,-32287,0,0,0,0,0,2963901,0
2821146,10444,-766,2292,-91,-335,390,3807,-1752,87,-8,-3320,19366,72,33,79,16,0,0,0,0,0,0,0,-32287,0,0,0,0,0,2963916,0
2821151,10606,-510,2478,-159,-195,267,3418,-1698,117,-1,-3192,19366,72,33,79,16,0,0,0,0,0,0,0,-32286,0,0,0,0,0,2963921,0
2821156,10694,-730,3396,-412,471,117,3045,-1637,148,0,-3072,19364,80,33,79,16,0,0,0,0,0,0,0,-32287,0,0,0,0,0,2963936,0
2821161,10328,-1356,3682,-459,792,73,2686,-1568,179,2,-2944,19364,80,33,79,16,0,0,0,0,0,0,0,-32287,0,0,0,0,0,2963941,0
2821166,9956,-2036,3636,-402,1041,16,2345,-1494,209,0,-2792,19366,84,33,79,16,0,0,0,0,0,0,0,-32287,0,0,0,0,0,2963956,0
2821171,9476,-2432,3246,-280,1280,10,2019,-1423,232,0,-2640,19366,84,33,79,16,0,0,0,0,0,0,0,-32287,0,0,0,0,0,2963961,0
2821176,8334,-2692,2044,-253,1447,33,1709,-1360,240,0,-2496,19367,84,33,79,16,0,0,0,0,0,0,0,-32287,0,0,0,0,0,2963976,0
2821181,7618,-2676,1506,-349,1585,95,1417,-1279,250,-11,-2320,19367,84,33,79,16,0,0,0,0,0,0,0,-32287,0,0,0,0,0,2963981,0
2821186,6994,-2764,932,-382,1563,126,1143,-1189,375,-7,-2104,19368,79,33,79,16,0,0,0,0,0,0,0,-32287,0,0,0,0,0,2963996,0
2821191,6386,-2994,292,-411,1524,211,887,-1113,180,-11,-1896,19368,79,33,79,16,0,0,0,0,0,0,0,-32287,0,0,0,0,0,2964001,0
2821196,5914,-2762,-166,-431,1385,285,654,-1013,388,-15,-1664,19368,72,33,79,16,0,0,0,0,0,0,0,-32287,0,0,0,0,0,2964016,0
2821201,5660,-2682,-332,-379,1242,298,443,-918,161,-4,-1440,19368,72,33,79,16,0,0,0,0,0,0,0,-32287,0,0,0,0,0,2964021,0
2821206,5756,-2506,-504,-298,1063,283,254,-822,238,-5,-1232,19368,72,33,79,16,0,0,0,0,0,0,0,-32287,0,0,0,0,0,2964036,0
2821211,5998,-2192,-462,-197,898,262,85,-738,329,0,-1064,19368,72,33,79,16,0,0,0,0,0,0,0,-32287,0,0,0,0,0,2964041,0
2821216,6346,-1682,-106,-351,653,240,-65,-661,319,-1,-888,19371,76,33,79,16,0,0,0,0,0,0,0,-32286,0,0,0,0,0,2964056,0
2821221,6626,-1472,132,-500,640,250,-202,-586,302,3,-744,19371,76,33,79,16,0,0,0,0,0,0,0,-32287,0,0,0,0,0,2964061,0
2821226,6612,-1670,480,-649,629,251,-327,-546,268,13,-664,19373,78,33,79,16,0,0,0,0,0,0,0,-32287,0,0,0,0,0,2964076,0
2821231,6792,-1768,780,-763,645,280,-441,-503,226,13,-584,19373,78,33,79,16,0,0,0,0,0,0,0,-32287,0,0,0,0,0,2964081,0
2821236,7078,-1962,1418,-775,752,224,-544,-445,195,7,-408,19373,75,33,79,16,0,0,0,0,0,0,0,-32286,0,0,0,0,0,2964096,0
2821241,7218,-2002,1476,-742,797,222,-634,-393,181,-1,-320,19373,75,33,79,16,0,0,0,0,0,0,0,-32287,0,0,0,0,0,2964103,0
2821246,7144,-1924,1480,-764,845,211,-714,-354,168,-3,-272,19369,79,33,79,16,0,0,0,0,0,0,0,-32287,0,0,0,0,0,2964119,0
2821251,7282,-1822,1430,-771,889,191,-789,-324,164,-1,-224,19369,79,33,79,16,0,0,0,0,0,0,0,-32287,0,0,0,0,0,2964124,0
2821256,7080,-1908,1246,-815,928,184,-861,-316,145,4,-224,19368,80,33,79,16,0,0,0,0,0,0,0,-32287,0,0,0,0,0,2964139,0
2821261,7034,-2004,1128,-818,935,187,-928,-297,97,-1,-176,19368,80,33,79,16,0,0,0,0,0,0,0,-32287,0,0,0,0,0,2964144,0
2821266,6732,-2068,1088,-849,943,202,-987,-261,75,0,-136,19369,82,33,79,16,0,0,0,0,0,0,0,-32286,0,0,0,0,0,2964159,0
2821271,6486,-1972,1094,-856,939,193,-1038,-215,84,12,-104,19369,82,33,79,16,0,0,0,0,0,0,0,-32287,0,0,0,0,0,2964164,0
2821276,6180,-2078,1032,-822,942,228,-1080,-182,102,6,-80,19372,77,33,79,16,0,0,0,0,0,0,0,-32287,0,0,0,0,0,2964179,0
2821281,6048,-2070,1012,-840,974,230,-1115,-161,119,10,-80,19372,77,33,79,16,0,0,0,0,0,0,0,-32287,0,0,0,0,0,2964184,0
2821286,5882,-2004,960,-839,946,229,-1149,-141,112,3,-72,19370,61,33,79,16,0,0,0,0,0,0,0,-32287,0,0,0,0,0,2964199,0
2821291,5822,-2122,784,-859,940,251,-1187,-165,74,0,-72,19370,61,33,79,16,0,0,0,0,0,0,0,-32287,0,0,0,0,0,2964204,0
2821296,5662,-2180,606,-834,852,223,-1217,-129,39,-1,-64,19367,61,33,79,16,0,0,0,0,0,0,0,-32287,0,0,0,0,0,2964219,0
2821301,5314,-1926,684,-863,790,203,-1249,-135,18,7,-64,19367,61,33,79,16,0,0,0,0,0,0,0,-32287,0,0,0,0,0,2964223,0
2821306,5458,-2124,554,-854,738,209,-1279,-124,26,-1,-72,19369,67,33,79,16,0,0,0,0,0,0,0,-32286,0,0,0,0,0,2964238,0
2821311,5288,-2118,586,-892,719,244,-1311,-150,13,4,-72,19369,67,33,79,16,0,0,0,0,0,0,0,-32287,0,0,0,0,0,2964244,0
2821316,5502,-2284,508,-836,638,208,-1340,-120,14,-6,-56,19373,76,33,79,16,0,0,0,0,0,0,0,-32287,0,0,0,0,0,2964258,0
2821321,5362,-2160,640,-835,593,219,-1365,-108,12,1,-48,19373,76,33,79,16,0,0,0,0,0,0,0,-32287,0,0,0,0,0,2964263,0
2821326,5482,-2134,658,-810,535,185,-1381,-67,32,-7,-24,19373,80,33,79,16,0,0,0,0,0,0,0,-32287,0,0,0,0,0,2964278,0
2821331,5680,-2124,624,-772,514,192,-1383,0,81,-7,8,19373,80,33,79,16,0,0,0,0,0,0,0,-32287,0,0,0,0,0,2964283,0
2821336,5728,-2096,724,-817,431,203,-1375,36,136,-1,16,19372,70,33,79,16,0,0,0,0,0,0,0,-32287,0,0,0,0,0,2964298,0
2821341,5948,-2290,674,-782,376,213,-1369,26,136,4,-8,19372,70,33,79,16,0,0,0,0,0,0,0,-32287,0,0,0,0,0,2964303,0
2821346,5950,-2168,760,-720,302,188,-1370,-7,97,6,-8,19369,66,33,79,16,0,0,0,0,0,0,0,-32287,0,0,0,0,0,2964318,0
2821351,6294,-2082,800,-661,251,161,-1372,-4,23,-1,-8,19369,66,33,79,16,0,0,0,0,0,0,0,-32287,0,0,0,0,0,2964323,0
2821356,6450,-1878,914,-672,226,109,-1374,-6,-25,-2,0,19368,70,33,79,16,0,0,0,0,0,0,0,-32287,0,0,0,0,0,2964338,0
2821361,6596,-1864,934,-631,194,63,-1373,1,-25,0,0,19368,70,33,79,16,0,0,0,0,0,0,0,-32287,0,0,0,0,0,2964343,0
2821366,6512,-2068,884,-607,190,60,-1373,-1,-12,0,-8,19369,70,33,79,16,0,0,0,0,0,0,0,-32287,0,0,0,0,0,2964358,0
2821371,6472,-2014,812,-623,174,66,-1373,3,13,-1,0,19369,70,33,79,16,0,0,0,0,0,0,0,-32287,0,0,0,0,0,2964363,0
2821376,6334,-2032,848,-702,177,49,-1374,-1,5,0,0,19370,77,33,79,16,0,0,0,0,0,0,0,-32287,0,0,0,0,0,2964378,0
2821381,6420,-2102,758,-719,182,59,-1373,-1,2,0,0,19370,77,33,79,16,0,0,0,0,0,0,0,-32287,0,0,0,0,0,2964383,0
2821386,6336,-2168,778,-732,164,58,-1373,-3,-4,1,0,19371,81,33,79,16,0,0,0,0,0,0,0,-32287,0,0,0,0,0,2964398,0
2821391,6270,-2240,804,-727,143,59,-1373,2,2,0,0,19371,81,33,79,16,0,0,0,0,0,0,0,-32287,0,0,0,0,0,2964403,0
2821396,6286,-2292,834,-707,96,78,-1372,4,-3,0,0,19369,76,33,79,16,0,0,0,0,0,0,0,-32287,0,0,0,0,0,2964418,0
2821401,6340,-2356,852,-701,58,86,-1374,-4,-3,0,0,19369,76,33,79,16,0,0,0,0,0,0,0,-32287,0,0,0,0,0,2964423,0
2821406,6406,-2328,908,-673,27,99,-1373,0,1,0,0,19367,77,33,79,16,0,0,0,0,0,0,0,-32287,0,0,0,0,0,2964438,0
2821411,6420,-2334,1012,-664,-11,104,-1373,0,-5,0,0,19367,77,33,79,16,0,0,0,0,0,0,0,-32287,0,0,0,0,0,2964443,0
2821416,6672,-2294,1058,-646,-53,124,-1373,-2,0,0,-8,19370,83,33,79,16,0,0,0,0,0,0,0,-32287,0,0,0,0,0,2964458,0
2821421,6834,-2280,1090,-628,-71,131,-1372,6,-4,0,0,19370,83,33,79,16,0,0,0,0,0,0,0,-32286,0,0,0,0,0,2964463,0
2821426,6862,-2246,1140,-637,-93,130,-1373,1,1,0,-8,19373,84,33,79,16,0,0,0,0,0,0,0,-32286,0,0,0,0,0,2964478,0
2821431,7008,-2224,1128,-622,-99,138,-1373,1,3,0,0,19373,84,33,79,16,0,0,0,0,0,0,0,-32287,0,0,0,0,0,2964483,0
2821436,7206,-2182,1206,-613,-120,134,-1373,-2,-3,0,0,19372,77,33,79,16,0,0,0,0,0,0,0,-32287,0,0,0,0,0,2964498,0
2821441,7344,-2174,1192,-605,-136,148,-1374,-3,1,0,-8,19372,77,33,79,16,0,0,0,0,0,0,0,-32286,0,0,0,0,0,2964503,0
2821446,7386,-2198,1252,-602,-140,141,-1373,1,-1,0,0,19371,73,33,79,16,0,0,0,0,0,0,0,-32287,0,0,0,0,0,2964518,0
2821451,7510,-2180,1248,-598,-153,136,-1372,8,-1,0,0,19371,73,33,79,16,0,0,0,0,0,0,0,-32287,0,0,0,0,0,2964523,0
2821456,7726,-2192,1256,-592,-163,139,-1372,3,2,0,0,19368,76,33,79,16,0,0,0,0,0,0,0,-32287,0,0,0,0,0,2964538,0
2821461,7816,-2180,1292,-590,-170,133,-1374,0,1,1,-8,19368,76,33,79,16,0,0,0,0,0,0,0,-32287,0,0,0,0,0,2964543,0
2821466,7910,-2140,1352,-581,-190,123,-1375,-2,-7,1,-8,19370,78,33,79,16,0,0,0,0,0,0,0,-32286,0,0,0,0,0,2964558,0
2821471,7960,-2116,1406,-580,-201,112,-1375,-1,-5,0,-8,19370,78,33,79,16,0,0,0,0,0,0,0,-32287,0,0,0,0,0,2964563,0
2821476,8146,-2026,1536,-578,-184,83,-1375,4,-3,0,-8,19371,75,33,79,16,0,0,0,0,0,0,0,-32287,0,0,0,0,0,2964578,0
2821481,8224,-1984,1618,-571,-162,61,-1377,1,3,0,-8,19371,75,33,79,16,0,0,0,0,0,0,0,-32287,0,0,0,0,0,2964583,0
2821486,8332,-1968,1718,-565,-127,32,-1379,-8,1,0,-8,19370,72,33,79,16,0,0,0,0,0,0,0,-32287,0,0,0,0,0,2964598,0
2821491,8424,-1972,1808,-563,-92,14,-1379,-4,-2,0,-8,19370,72,33,79,16,0,0,0,0,0,0,0,-32287,0,0,0,0,0,2964603,0
2821496,8562,-1924,1944,-564,-7,-31,-1381,-9,-1,0,-8,19370,78,33,79,16,0,0,0,0,0,0,0,-32287,0,0,0,0,0,2964618,0
2821501,8632,-1862,1984,-561,28,-47,-1382,-13,-2,0,-8,19370,78,33,79,16,0,0,0,0,0,0,0,-32287,0,0,0,0,0,2964623,0
2821506,8728,-1814,2012,-572,67,-64,-1383,-7,-3,0,-8,19371,78,33,79,16,0,0,0,0,0,0,0,-32287,0,0,0,0,0,2964638,0
2821511,8740,-1728,2026,-586,99,-92,-1386,-9,1,1,-16,19371,78,33,79,16,0,0,0,0,0,0,0,-32287,0,0,0,0,0,2964643,0
2821516,8790,-1564,2016,-618,169,-126,-1390,-21,-5,0,-16,19372,84,33,79,16,0,0,0,0,0,0,0,-32287,0,0,0,0,0,2964658,0
2821521,8756,-1444,1986,-652,199,-138,-1397,-37,-16,1,-24,19372,84,33,79,16,0,0,0,0,0,0,0,-32287,0,0,0,0,0,2964663,0
2821526,8704,-1420,1970,-735,268,-141,-1413,-72,-31,3,-56,19378,77,33,79,16,0,0,0,0,0,0,0,-32287,0,0,0,0,0,2964678,0
2821531,8590,-1366,1932,-849,371,-120,-1446,-149,-83,7,-80,19378,77,33,79,16,0,0,0,0,0,0,0,-32288,0,0,0,0,0,2964683,0
2821536,8544,-1338,1960,-932,582,-128,-1483,-168,-122,1,-112,19384,62,33,79,16,0,0,0,0,0,0,0,-32287,0,0,0,0,0,2964698,0
2821541,8224,-1190,2060,-983,685,-139,-1529,-199,-146,0,-120,19384,62,33,79,16,0,0,0,0,0,0,0,-32286,0,0,0,0,0,2964703,0
2821546,8318,-1310,1972,-993,761,-116,-1582,-242,-140,-2,-160,19387,66,33,79,16,0,0,0,0,0,0,0,-32287,0,0,0,0,0,2964718,0
2821551,7990,-1230,1974,-1044,864,-104,-1644,-269,-127,0,-200,19387,66,33,79,16,0,0,0,0,0,0,0,-32286,0,0,0,0,0,2964723,0
2821556,8084,-1088,1834,-1077,958,-109,-1706,-271,-108,-10,-176,19382,73,33,79,16,0,0,0,0,0,0,0,-32287,0,0,0,0,0,2964738,0
2821561,7896,-998,1816,-1083,942,-94,-1771,-279,-83,-1,-192,19382,73,33,79,16,0,0,0,0,0,0,0,-32287,0,0,0,0,0,2964743,0
2821566,7926,-822,1776,-1034,897,-133,-1830,-261,-48,-8,-128,19376,83,33,79,16,0,0,0,0,0,0,0,-32287,0,0,0,0,0,2964758,0
2821571,7926,-556,1718,-923,819,-201,-1876,-194,14,3,-96,19376,83,33,79,16,0,0,0,0,0,0,0,-32287,0,0,0,0,0,2964763,0
2821576,8040,-302,1622,-791,601,-264,-1915,-161,75,8,-56,19370,80,33,79,16,0,0,0,0,0,0,0,-32287,0,0,0,0,0,2964777,0
2821581,8286,-254,1408,-840,518,-263,-1946,-133,120,5,-64,19370,80,33,79,16,0,0,0,0,0,0,0,-32287,0,0,0,0,0,2964782,0
2821586,8328,184,1462,-931,419,-307,-1968,-93,130,0,-32,19369,75,33,79,16,0,0,0,0,0,0,0,-32287,0,0,0,0,0,2964797,0
2821591,8528,254,1478,-1037,395,-319,-1977,-35,142,-4,-16,19369,75,33,79,16,0,0,0,0,0,0,0,-32287,0,0,0,0,0,2964802,0
2821596,8380,116,1652,-1278,338,-346,-1978,-3,145,-2,0,19369,72,33,79,16,0,0,0,0,0,0,0,-32287,0,0,0,0,0,2964817,0
2821601,8396,-70,1718,-1328,304,-361,-1974,11,139,-1,8,19369,72,33,79,16,0,0,0,0,0,0,0,-32287,0,0,0,0,0,2964822,0
2821606,8496,-214,1774,-1345,252,-372,-1971,19,118,1,8,19369,82,33,79,16,0,0,0,0,0,0,0,-32287,0,0,0,0,0,2964837,0
2821611,8664,-454,1930,-1396,205,-408,-1968,13,68,2,0,19369,82,33,79,16,0,0,0,0,0,0,0,-32287,0,0,0,0,0,2964842,0
2821616,9440,-1316,2350,-1573,167,-423,-1969,0,16,1,0,19371,75,33,79,16,0,0,0,0,0,0,0,-32287,0,0,0,0,0,2964857,0
2821621,9904,-2024,2712,-1660,159,-440,-1970,-2,-7,1,0,19371,75,33,79,16,0,0,0,0,0,0,0,-32287,0,0,0,0,0,2964862,0
2821626,10464,-2866,2946,-1711,151,-450,-1968,7,-15,0,-8,19375,62,33,79,16,0,0,0,0,0,0,0,-32287,0,0,0,0,0,2964877,0
2821631,11068,-3618,3072,-1718,136,-449,-1969,-7,-11,1,-8,19375,62,33,79,16,0,0,0,0,0,0,0,-32287,0,0,0,0,0,2964882,0
2821636,12498,-5396,3154,-1756,286,-427,-1968,8,2,1,0,19374,54,33,79,16,0,0,0,0,0,0,0,-32287,0,0,0,0,0,2964897,0
2821641,12732,-6326,3254,-1878,486,-367,-1969,0,0,0,0,19374,54,33,79,16,0,0,0,0,0,0,0,-32287,0,0,0,0,0,2964902,0
2821646,12722,-7206,2796,-1974,596,-325,-1966,19,10,0,8,19371,59,33,79,16,0,0,0,0,0,0,0,-32287,0,0,0,0,0,2964917,0
2821651,12640,-8142,2392,-1964,659,-279,-1957,33,16,1,8,19371,59,33,79,16,0,0,0,0,0,0,0,-32287,0,0,0,0,0,2964922,0
2821656,11666,-9122,1876,-1463,625,-305,-1951,31,34,2,0,19367,73,33,79,16,0,0,0,0,0,0,0,-32287,0,0,0,0,0,2964937,0
2821661,10808,-9004,1670,-1180,670,-307,-1946,20,27,4,0,19367,73,33,79,16,0,0,0,0,0,0,0,-32287,0,0,0,0,0,2964942,0
2821666,9894,-8780,1542,-968,760,-322,-1946,0,-1,3,-8,19366,81,33,79,16,0,0,0,0,0,0,0,-32287,0,0,0,0,0,2964957,0
2821671,8952,-8626,1494,-837,884,-331,-1947,-2,-27,0,0,19366,81,33,79,16,0,0,0,0,0,0,0,-32287,0,0,0,0,0,2964962,0
2821676,7298,-8738,1068,-508,935,-359,-1948,4,-33,0,0,19367,76,33,79,16,0,0,0,0,0,0,0,-32287,0,0,0,0,0,2964977,0
2821681,6642,-8898,878,-256,826,-372,-1948,1,-22,1,-8,19367,76,33,79,16,0,0,0,0,0,0,0,-32287,0,0,0,0,0,2964982,0
2821686,6168,-8840,624,-14,634,-404,-1949,0,-8,1,0,19367,69,33,79,16,0,0,0,0,0,0,0,-32287,0,0,0,0,0,2964997,0
2821691,5732,-8420,412,126,463,-399,-1947,1,5,1,-8,19367,69,33,79,16,0,0,0,0,0,0,0,-32287,0,0,0,0,0,2965002,0
2821696,4970,-7724,54,146,180,-278,-1949,1,3,1,0,19366,73,33,79,16,0,0,0,0,0,0,0,-32287,0,0,0,0,0,2965017,0
2821701,4380,-7500,-4,216,32,-226,-1947,2,-1,1,-8,19366,73,33,79,16,0,0,0,0,0,0,0,-32287,0,0,0,0,0,2965022,0
2821706,4210,-7114,-104,372,-117,-161,-1949,-3,-2,0,-8,19366,73,33,79,16,0,0,0,0,0,0,0,-32287,0,0,0,0,0,2965037,0
2821711,4052,-6532,-52,515,-260,-124,-1949,-6,1,0,0,19366,73,33,79,16,0,0,0,0,0,0,0,-32287,0,0,0,0,0,2965042,0
2821716,4188,-5062,178,492,-297,-11,-1948,-4,0,0,0,19366,79,33,79,16,0,0,0,0,0,0,0,-32287,0,0,0,0,0,2965057,0
2821721,4356,-4740,494,502,-239,15,-1946,15,3,0,0,19366,79,33,79,16,0,0,0,0,0,0,0,-32286,0,0,0,0,0,2965061,0
2821726,4384,-4506,624,581,-239,18,-1947,4,6,0,0,19367,66,33,79,16,0,0,0,0,0,0,0,-32287,0,0,0,0,0,2965076,0
2821731,4654,-4296,490,661,-217,46,-1944,14,5,0,0,19367,66,33,79,16,0,0,0,0,0,0,0,-32287,0,0,0,0,0,2965081,0
2821736,5000,-3186,308,611,-115,61,-1942,11,6,0,8,19367,60,33,79,16,0,0,0,0,0,0,0,-32287,0,0,0,0,0,2965096,0
2821741,5284,-2892,130,601,-56,51,-1938,14,12,1,0,19367,60,33,79,16,0,0,0,0,0,0,0,-32287,0,0,0,0,0,2965101,0
2821746,5320,-2984,-122,648,-86,27,-1935,17,14,1,8,19366,64,33,79,16,0,0,0,0,0,0,0,-32287,0,0,0,0,0,2965116,0
2821751,5372,-3232,-404,737,-149,38,-1929,24,13,2,8,19366,64,33,79,16,0,0,0,0,0,0,0,-32287,0,0,0,0,0,2965121,0
2821756,5166,-4014,-968,245,-228,382,-1920,44,12,-2,24,19368,70,33,79,16,0,0,0,0,0,0,0,-32287,0,0,0,0,0,2965136,0
2821761,5438,-3628,-1028,-370,4,651,-1893,125,51,-13,96,19368,70,33,79,16,0,0,0,0,0,0,0,-32287,0,0,0,0,0,2965141,0
2821766,5166,-3534,216,-555,328,741,-1838,259,137,-16,248,19367,77,33,79,16,0,0,0,0,0,0,0,-32287,0,0,0,0,0,2965156,0
2821771,5116,-4458,-126,-224,66,675,-1749,402,261,-19,528,19367,77,33,79,16,0,0,0,0,0,0,0,-32287,0,0,0,0,0,2965161,0
2821776,6324,-3730,-1544,950,-901,451,-1635,506,369,-28,808,19365,70,33,79,16,0,0,0,0,0,0,0,-32287,0,0,0,0,0,2965176,0
2821781,7232,-2346,-1848,956,-1169,380,-1500,600,420,-1,1032,19365,70,33,79,16,0,0,0,0,0,0,0,-32287,0,0,0,0,0,2965180,0
2821786,7772,-1284,-1704,567,-1299,326,-1344,694,399,8,1216,19364,66,33,79,16,0,0,0,0,0,0,0,-32287,0,0,0,0,0,2965196,0
2821791,8292,-1364,-1480,144,-1430,298,-1174,751,346,13,1272,19364,66,33,79,16,0,0,0,0,0,0,0,-32287,0,0,0,0,0,2965200,0
2821796,8998,-2586,-414,-208,-1505,247,-1000,770,271,19,1288,19365,68,33,79,16,0,0,0,0,0,0,0,-32287,0,0,0,0,0,2965215,0
2821801,9064,-3084,212,-235,-1429,256,-817,809,205,5,1352,19365,68,33,79,16,0,0,0,0,0,0,0,-32287,0,0,0,0,0,2965220,0
2821806,9046,-3362,724,-331,-1252,276,-637,795,131,10,1296,19367,76,33,79,16,0,0,0,0,0,0,0,-32287,0,0,0,0,0,2965235,0
2821811,8946,-3694,1110,-454,-1063,295,-459,788,62,0,1288,19367,76,33,79,16,0,0,0,0,0,0,0,-32287,0,0,0,0,0,2965240,0
2821816,8294,-4260,1454,-473,-681,308,-283,773,16,9,1216,19368,77,33,79,16,0,0,0,0,0,0,0,-32287,0,0,0,0,0,2965255,0
2821821,8192,-4276,1484,-325,-521,263,-111,756,-15,6,1168,19368,77,33,79,16,0,0,0,0,0,0,0,-32287,0,0,0,0,0,2965260,0
2821826,7882,-4256,1458,-175,-374,212,60,749,-42,3,1160,19368,77,33,79,16,0,0,0,0,0,0,0,-32287,0,0,0,0,0,2965275,0
2821831,7610,-4282,1324,-78,-255,172,225,726,-55,3,1112,19368,77,33,79,16,0,0,0,0,0,0,0,-32287,0,0,0,0,0,2965280,0
2821836,7056,-4178,880,67,-99,91,381,689,-61,3,1016,19372,64,33,79,16,0,0,0,0,0,0,0,-32287,0,0,0,0,0,2965295,0
2821841,6812,-4168,682,141,-68,56,532,672,-75,2,976,19372,64,33,79,16,0,0,0,0,0,0,0,-32287,0,0,0,0,0,2965300,0
2821846,6564,-4222,504,196,-77,30,674,619,-94,3,848,19374,66,33,79,16,0,0,0,0,0,0,0,-32287,0,0,0,0,0,2965315,0
2821851,6282,-4382,330,224,-100,19,809,579,-105,0,752,19374,66,33,79,16,0,0,0,0,0,0,0,-32287,0,0,0,0,0,2965320,0
2821856,5826,-4372,212,234,-128,7,937,560,-118,-2,728,19375,69,33,79,16,0,0,0,0,0,0,0,-32287,0,0,0,0,0,2965335,0
2821861,5600,-4580,146,273,-160,29,1059,530,-114,-8,648,19375,69,33,79,16,0,0,0,0,0,0,0,-32287,0,0,0,0,0,2965340,0
2821866,5422,-4540,122,309,-222,28,1168,481,-117,0,504,19372,76,33,79,16,0,0,0,0,0,0,0,-32287,0,0,0,0,0,2965355,0
2821871,5406,-4536,28,344,-267,69,1271,443,-122,-8,448,19372,76,33,79,16,0,0,0,0,0,0,0,-32287,0,0,0,0,0,2965360,0
2821876,5432,-4466,4,425,-402,79,1369,425,-124,-14,456,19371,71,33,79,16,0,0,0,0,0,0,0,-32287,0,0,0,0,0,2965375,0
2821881,5426,-4384,-102,486,-503,104,1465,421,-102,-5,440,19371,71,33,79,16,0,0,0,0,0,0,0,-32287,0,0,0,0,0,2965380,0
2821886,5398,-4168,-172,510,-611,126,1554,390,-86,7,368,19368,71,33,79,16,0,0,0,0,0,0,0,-32286,0,0,0,0,0,2965395,0
2821891,5504,-4048,-220,536,-710,150,1639,367,-72,9,320,19368,71,33,79,16,0,0,0,0,0,0,0,-32286,0,0,0,0,0,2965400,0
2821896,5572,-3752,-186,518,-887,191,1718,348,-74,3,304,19369,80,33,79,16,0,0,0,0,0,0,0,-32287,0,0,0,0,0,2965415,0
2821901,5740,-3802,-186,525,-953,233,1798,353,-66,-5,312,19369,80,33,79,16,0,0,0,0,0,0,0,-32287,0,0,0,0,0,2965420,0
2821906,5744,-3646,-80,546,-1043,249,1880,358,-45,1,320,19370,87,33,79,16,0,0,0,0,0,0,0,-32287,0,0,0,0,0,2965435,0
2821911,5890,-3666,-64,569,-1117,287,1958,337,-19,9,256,19370,87,33,79,16,0,0,0,0,0,0,0,-32287,0,0,0,0,0,2965440,0
2821916,6292,-3468,114,682,-1240,312,2031,324,-16,5,240,19371,85,33,79,16,0,0,0,0,0,0,0,-32287,0,0,0,0,0,2965455,0
2821921,6402,-3224,272,672,-1267,327,2103,310,-35,0,216,19371,85,33,79,16,0,0,0,0,0,0,0,-32287,0,0,0,0,0,2965459,0
2821926,6770,-3162,392,633,-1230,353,2171,308,-43,-5,224,19369,70,33,79,16,0,0,0,0,0,0,0,-32287,0,0,0,0,0,2965474,0
2821931,6976,-3146,566,594,-1158,394,2242,323,-33,-6,248,19369,70,33,79,16,0,0,0,0,0,0,0,-32287,0,0,0,0,0,2965479,0
2821936,7204,-3336,880,658,-1038,444,2318,332,-12,-11,288,19370,72,33,79,16,0,0,0,0,0,0,0,-32287,0,0,0,0,0,2965494,0
2821941,7258,-3348,882,726,-963,469,2395,338,19,0,280,19370,72,33,79,16,0,0,0,0,0,0,0,-32287,0,0,0,0,0,2965499,0
2821946,7366,-3180,882,794,-898,473,2471,340,34,-2,304,19371,72,33,79,16,0,0,0,0,0,0,0,-32287,0,0,0,0,0,2965514,0
2821951,7420,-3178,786,824,-814,485,2552,356,29,-8,336,19371,72,33,79,16,0,0,0,0,0,0,0,-32287,0,0,0,0,0,2965519,0
2821956,7454,-3064,570,859,-669,482,2639,387,33,-7,392,19372,77,33,79,16,0,0,0,0,0,0,0,-32287,0,0,0,0,0,2965534,0
2821961,7410,-2962,434,935,-623,450,2733,414,54,-13,472,19372,77,33,79,16,0,0,0,0,0,0,0,-32287,0,0,0,0,0,2965539,0
2821966,7488,-2982,266,1030,-622,421,2834,450,82,-6,544,19371,69,33,79,16,0,0,0,0,0,0,0,-32287,0,0,0,0,0,2965554,0
2821971,7372,-2870,116,1089,-619,405,2938,465,95,-4,608,19371,69,33,79,16,0,0,0,0,0,0,0,-32287,0,0,0,0,0,2965559,0
2821976,7438,-2694,-58,1130,-622,339,3049,489,94,-4,664,19368,67,33,79,16,0,0,0,0,0,0,0,-32287,0,0,0,0,0,2965574,0
2821981,7468,-2660,-150,1137,-629,304,3166,517,85,0,752,19368,67,33,79,16,0,0,0,0,0,0,0,-32287,0,0,0,0,0,2965579,0
2821986,7436,-2718,-172,1182,-640,264,3290,549,89,4,816,19367,62,33,79,16,0,0,0,0,0,0,0,-32287,0,0,0,0,0,2965594,0
2821991,7372,-2694,-174,1183,-647,240,3416,559,88,10,824,19367,62,33,79,16,0,0,0,0,0,0,0,-32287,0,0,0,0,0,2965599,0
2821996,7334,-2772,-156,1160,-634,201,3544,564,77,12,792,19368,75,33,79,16,0,0,0,0,0,0,0,-32287,0,0,0,0,0,2965614,0
2822001,7374,-2750,-22,1175,-606,147,3675,576,56,5,840,19368,75,33,79,16,0,0,0,0,0,0,0,-32287,0,0,0,0,0,2965618,0
2822006,7270,-2984,68,1194,-596,143,3810,585,43,9,848,19368,74,33,79,16,0,0,0,0,0,0,0,-32287,0,0,0,0,0,2965633,0
2822011,7140,-2960,44,1209,-596,121,3940,573,31,11,792,19368,74,33,79,16,0,0,0,0,0,0,0,-32287,0,0,0,0,0,2965638,0
2822016,7068,-3080,46,1249,-595,88,4072,582,20,0,840,19369,73,33,79,16,0,0,0,0,0,0,0,-32287,0,0,0,0,0,2965653,0
2822021,6974,-3038,106,1277,-580,82,4203,584,5,0,824,19369,73,33,79,16,0,0,0,0,0,0,0,-32287,0,0,0,0,0,2965658,0
2822026,6814,-3128,98,1291,-597,58,4332,567,0,6,776,19369,70,33,79,16,0,0,0,0,0,0,0,-32287,0,0,0,0,0,2965673,0
2822031,6844,-3178,-18,1324,-602,76,4458,553,-17,0,736,19369,70,33,79,16,0,0,0,0,0,0,0,-32287,0,0,0,0,0,2965678,0
2822036,6734,-3062,122,1447,-618,61,4583,555,-18,-6,744,19367,65,33,79,16,0,0,0,0,0,0,0,-32287,0,0,0,0,0,2965693,0
2822041,6686,-3058,52,1453,-622,95,4706,534,-34,3,672,19367,65,33,79,16,0,0,0,0,0,0,0,-32287,0,0,0,0,0,2965697,0
2822046,6632,-3046,-28,1483,-654,108,4821,509,-47,2,600,19371,68,33,79,16,0,0,0,0,0,0,0,-32287,0,0,0,0,0,2965712,0
2822051,6638,-3140,-82,1525,-650,105,4933,494,-53,-10,600,19371,68,33,79,16,0,0,0,0,0,0,0,-32287,0,0,0,0,0,2965717,0
2822056,6814,-2830,42,1606,-666,164,5044,492,-57,-4,576,19372,77,33,79,16,0,0,0,0,0,0,0,-32287,0,0,0,0,0,2965732,0
2822061,6990,-2940,-8,1559,-651,212,5148,457,-61,4,504,19372,77,33,79,16,0,0,0,0,0,0,0,-32287,0,0,0,0,0,2965737,0
2822066,7162,-2892,2,1574,-629,238,5249,442,-61,-3,472,19373,72,33,79,16,0,0,0,0,0,0,0,-32287,0,0,0,0,0,2965752,0
2822071,7270,-2968,18,1649,-596,292,5343,412,-71,-4,416,19373,72,33,79,16,0,0,0,0,0,0,0,-32287,0,0,0,0,0,2965757,0
2822076,7580,-2578,-342,1814,-707,346,5415,398,-73,-1,400,19368,67,33,79,16,0,0,0,0,0,0,0,-32287,0,0,0,0,0,2965772,0
2822081,7760,-2504,-390,1828,-596,375,5506,399,-71,2,392,19368,67,33,79,16,0,0,0,0,0,0,0,-32287,0,0,0,0,0,2965777,0
2822086,7720,-2124,-92,1744,-506,408,5588,365,-62,11,296,19367,76,33,79,16,0,0,0,0,0,0,0,-32287,0,0,0,0,0,2965792,0
2822091,7790,-2030,-276,1626,-482,425,5666,345,-65,5,264,19367,76,33,79,16,0,0,0,0,0,0,0,-32287,0,0,0,0,0,2965797,0
2822096,8062,-1674,112,1602,-265,403,5738,317,-70,9,208,19368,70,33,79,16,0,0,0,0,0,0,0,-32287,0,0,0,0,0,2965812,0
2822101,8084,-1700,-222,1646,-270,343,5806,295,-80,1,192,19368,70,33,79,16,0,0,0,0,0,0,0,-32286,0,0,0,0,0,2965817,0
2822106,8236,-1460,-196,1708,-135,279,5871,286,-74,2,168,19368,70,33,79,16,0,0,0,0,0,0,0,-32287,0,0,0,0,0,2965832,0
2822111,7946,-1268,-234,1689,-51,211,5936,287,-59,-5,192,19368,70,33,79,16,0,0,0,0,0,0,0,-32287,0,0,0,0,0,2965837,0
2822116,7848,-1738,-690,1551,-39,207,6000,287,-37,0,184,19368,63,33,79,16,0,0,0,0,0,0,0,-32287,0,0,0,0,0,2965852,0
2822121,7712,-1576,-674,1507,-113,154,6062,276,-22,1,168,19368,63,33,79,16,0,0,0,0,0,0,0,-32287,0,0,0,0,0,2965857,0
2822126,7802,-1662,-628,1454,-137,134,6126,276,-11,-1,176,19368,71,33,79,16,0,0,0,0,0,0,0,-32287,0,0,0,0,0,2965872,0
2822131,7590,-1542,-566,1348,-181,109,6190,287,-3,-6,208,19368,71,33,79,16,0,0,0,0,0,0,0,-32287,0,0,0,0,0,2965877,0
2822136,7742,-1678,-452,1326,-278,73,6261,320,13,-2,264,19367,80,33,79,16,0,0,0,0,0,0,0,-32287,0,0,0,0,0,2965892,0
2822141,7660,-1652,-322,1394,-360,13,6340,354,50,-9,336,19367,80,33,79,16,0,0,0,0,0,0,0,-32287,0,0,0,0,0,2965897,0
2822146,7808,-1534,-290,1505,-430,-58,6435,417,104,-21,488,19372,69,33,79,16,0,0,0,0,0,0,0,-32287,0,0,0,0,0,2965912,0
2822151,7932,-1372,-238,1582,-453,-106,6537,445,139,-15,560,19372,69,33,79,16,0,0,0,0,0,0,0,-32287,0,0,0,0,0,2965917,0
2822156,8154,-1018,-88,1573,-465,-218,6649,489,157,-5,680,19373,69,33,79,16,0,0,0,0,0,0,0,-32287,0,0,0,0,0,2965932,0
2822161,8216,-718,2,1592,-440,-305,6769,538,146,3,816,19373,69,33,79,16,0,0,0,0,0,0,0,-32287,0,0,0,0,0,2965937,0
2822166,8384,-774,24,1682,-413,-384,6906,599,157,9,952,19375,60,33,79,16,0,0,0,0,0,0,0,-32287,0,0,0,0,0,2965952,0
2822171,8390,-732,6,1748,-371,-417,7050,639,163,17,1000,19375,60,33,79,16,0,0,0,0,0,0,0,-32287,0,0,0,0,0,2965957,0
2822176,8668,-480,-62,1772,-253,-517,7202,666,155,6,1064,19374,58,33,79,16,0,0,0,0,0,0,0,-32287,0,0,0,0,0,2965972,0
2822181,8596,-384,-104,1759,-169,-543,7363,710,150,1,1128,19374,58,33,79,16,0,0,0,0,0,0,0,-32287,0,0,0,0,0,2965976,0
2822186,8634,-230,-162,1746,-136,-585,7527,714,50,11,1120,19371,54,33,79,16,0,0,0,0,0,0,0,-32287,0,0,0,0,0,2965991,0
2822191,8920,-166,-258,1775,-82,-645,7696,737,55,0,1184,19371,54,33,79,16,0,0,0,0,0,0,0,-32287,0,0,0,0,0,2965996,0
2822196,9206,-22,-370,1759,80,-689,7868,762,115,1,1216,19372,67,33,79,16,0,0,0,0,0,0,0,-32287,0,0,0,0,0,2966011,0
2822201,9244,36,-406,1631,131,-722,8040,759,129,2,1208,19372,67,33,79,16,0,0,0,0,0,0,0,-32287,0,0,0,0,0,2966016,0
2822206,9636,-236,-680,1560,168,-760,8213,769,110,2,1216,19373,78,33,79,16,0,0,0,0,0,0,0,-32287,0,0,0,0,0,2966031,0
2822211,9776,-666,-850,1516,178,-794,8388,767,30,6,1208,19373,78,33,79,16,0,0,0,0,0,0,0,-32287,0,0,0,0,0,2966036,0
2822216,10610,-1620,-1160,1403,238,-842,8561,749,18,1,1168,19371,79,33,79,16,0,0,0,0,0,0,0,-32287,0,0,0,0,0,2966050,0
2822221,10822,-2078,-1158,1345,280,-827,8731,750,1,-1,1160,19371,79,33,79,16,0,0,0,0,0,0,0,-32286,0,0,0,0,0,2966055,0
2822226,10832,-2644,-1186,1240,214,-774,8898,734,-15,9,1112,19369,77,33,79,16,0,0,0,0,0,0,0,-32287,0,0,0,0,0,2966070,0
2822231,10956,-3218,-1142,1110,24,-748,9056,693,-54,6,1024,19369,77,33,79,16,0,0,0,0,0,0,0,-32287,0,0,0,0,0,2966075,0
2822236,11514,-3704,-698,993,-229,-665,9206,660,-70,0,936,19367,76,33,79,16,0,0,0,0,0,0,0,-32287,0,0,0,0,0,2966090,0
2822241,11240,-3666,-368,773,-408,-597,9344,599,-100,6,792,19367,76,33,79,16,0,0,0,0,0,0,0,-32287,0,0,0,0,0,2966098,0
2822246,11354,-3644,-158,481,-551,-525,9469,542,-143,0,640,19368,88,33,79,16,0,0,0,0,0,0,0,-32287,0,0,0,0,0,2966113,0
2822251,11398,-3340,264,171,-553,-450,9581,486,-174,-15,544,19368,88,33,79,16,0,0,0,0,0,0,0,-32287,0,0,0,0,0,2966118,0
2822256,10812,-3432,1174,-225,-501,-313,9679,429,-190,-8,400,19370,83,33,79,16,0,0,0,0,0,0,0,-32287,0,0,0,0,0,2966133,0
2822261,10830,-3394,1526,-106,-440,-358,9762,362,-206,12,256,19370,83,33,79,16,0,0,0,0,0,0,0,-32287,0,0,0,0,0,2966138,0
2822266,10886,-3560,2078,180,-365,-396,9828,281,-215,17,128,19369,76,33,79,16,0,0,0,0,0,0,0,-32287,0,0,0,0,0,2966153,0
2822271,10606,-3310,2356,400,-376,-441,9873,186,-237,-9,56,19369,76,33,79,16,0,0,0,0,0,0,0,-32287,0,0,0,0,0,2966158,0
2822276,10578,-2562,1978,182,-289,-500,9903,127,-262,-19,32,19367,68,33,79,16,0,0,0,0,0,0,0,-32287,0,0,0,0,0,2966172,0
2822281,10310,-2360,1708,-150,-280,-530,9914,41,-270,3,-8,19367,68,33,79,16,0,0,0,0,0,0,0,-32287,0,0,0,0,0,2966177,0
2822286,10018,-2308,1428,-370,-250,-612,9914,-6,-269,3,-8,19366,63,33,79,16,0,0,0,0,0,0,0,-32287,0,0,0,0,0,2966192,0
2822291,9848,-2960,1266,-434,-257,-674,9913,-4,-223,-2,0,19366,63,33,79,16,0,0,0,0,0,0,0,-32287,0,0,0,0,0,2966197,0
2822296,9002,-3734,976,-404,-348,-752,9912,2,-145,0,-8,19367,71,33,79,16,0,0,0,0,0,0,0,-32287,0,0,0,0,0,2966212,0
2822301,9042,-4148,920,-449,-361,-743,9913,-1,-75,0,-8,19367,71,33,79,16,0,0,0,0,0,0,0,-32286,0,0,0,0,0,2966217,0
2822306,8766,-4640,890,-559,-346,-702,9911,1,-12,1,-8,19366,82,33,79,16,0,0,0,0,0,0,0,-32287,0,0,0,0,0,2966232,0
2822311,8702,-5234,804,-649,-371,-658,9912,-1,6,0,0,19366,82,33,79,16,0,0,0,0,0,0,0,-32287,0,0,0,0,0,2966237,0
2822316,8156,-6138,648,-782,-443,-539,9910,-4,-1,0,-8,19368,74,33,79,16,0,0,0,0,0,0,0,-32287,0,0,0,0,0,2966252,0
2822321,7928,-6336,774,-890,-485,-458,9909,-1,1,0,-8,19368,74,33,79,16,0,0,0,0,0,0,0,-32287,0,0,0,0,0,2966257,0
2822326,7640,-6474,938,-976,-556,-401,9908,-7,-1,0,-8,19368,65,33,79,16,0,0,0,0,0,0,0,-32287,0,0,0,0,0,2966272,0
2822331,7412,-6628,1190,-1011,-574,-368,9909,2,3,0,-8,19368,65,33,79,16,0,0,0,0,0,0,0,-32287,0,0,0,0,0,2966277,0
2822336,8348,-5874,2322,698,-785,-1037,9903,-23,-1,4,-40,19369,57,33,79,16,0,0,0,0,0,0,0,-32287,0,0,0,0,0,2966292,0
2822341,6722,-7362,1756,1829,-1162,-1064,9879,-110,-46,10,-64,19369,57,33,79,16,0,0,0,0,0,0,0,-32287,0,0,0,0,0,2966297,0
2822346,7012,-5292,2456,1635,-1249,-1018,9841,-172,-112,13,-160,19371,62,33,79,16,0,0,0,0,0,0,0,-32287,0,0,0,0,0,2966312,0
2822351,7006,-4524,1714,911,-1113,-937,9772,-316,-202,21,-376,19371,62,33,79,16,0,0,0,0,0,0,0,-32287,0,0,0,0,0,2966317,0
2822356,6028,-4650,1246,-163,-833,-762,9668,-471,-309,38,-752,19373,72,33,79,16,0,0,0,0,0,0,0,-32287,0,0,0,0,0,2966332,0
2822361,5382,-5714,1142,-286,-867,-695,9526,-650,-423,36,-1232,19373,72,33,79,16,0,0,0,0,0,0,0,-32287,0,0,0,0,0,2966337,0
2822366,5644,-6140,1504,-159,-799,-605,9341,-836,-509,5,-1656,19375,68,33,79,16,0,0,0,0,0,0,0,-32287,0,0,0,0,0,2966352,0
2822371,5174,-6342,2010,-298,-603,-413,9110,-1038,-589,10,-2096,19375,68,33,79,16,0,0,0,0,0,0,0,-32287,0,0,0,0,0,2966357,0
2822376,5290,-7214,2292,-548,-181,-35,8838,-1219,-635,4,-2488,19372,69,33,79,16,0,0,0,0,0,0,0,-32287,0,0,0,0,0,2966372,0
2822381,5020,-7120,2726,-608,68,173,8519,-1415,-664,-7,-2864,19372,69,33,79,16,0,0,0,0,0,0,0,-32287,0,0,0,0,0,2966377,0
2822386,5256,-7548,2900,-550,274,377,8164,-1581,-663,-14,-3200,19372,77,33,79,16,0,0,0,0,0,0,0,-32287,0,0,0,0,0,2966392,0
2822391,5338,-7696,2858,-471,458,592,7774,-1725,-636,-15,-3448,19372,77,33,79,16,0,0,0,0,0,0,0,-32287,0,0,0,0,0,2966396,0
2822396,4714,-7360,2828,-524,900,1063,7360,-1826,-570,-27,-3608,19370,85,33,79,16,0,0,0,0,0,0,0,-32287,0,0,0,0,0,2966413,0
2822401,5140,-7644,1902,-162,720,1152,6936,-1873,-477,-24,-3664,19370,85,33,79,16,0,0,0,0,0,0,0,-32287,0,0,0,0,0,2966418,0
2822406,5490,-6546,1342,288,585,1189,6505,-1892,-349,-9,-3712,19369,88,33,79,16,0,0,0,0,0,0,0,-32287,0,0,0,0,0,2966430,0
2822411,5952,-5166,814,432,479,1214,6074,-1901,-218,-3,-3728,19369,88,33,79,16,0,0,0,0,0,0,0,-32287,0,0,0,0,0,2966435,0
2822416,6792,-2744,-76,96,364,1208,5643,-1892,-108,3,-3696,19368,82,33,79,16,0,0,0,0,0,0,0,-32287,0,0,0,0,0,2966450,0
2822421,7206,-2176,-348,-140,256,1184,5214,-1892,-36,3,-3696,19368,82,33,79,16,0,0,0,0,0,0,0,-32287,0,0,0,0,0,2966455,0
2822426,7680,-1652,-596,-293,85,1114,4784,-1891,-4,-3,-3680,19368,85,33,79,16,0,0,0,0,0,0,0,-32287,0,0,0,0,0,2966470,0
2822431,7982,-1338,-504,-383,-114,1042,4358,-1871,9,-12,-3608,19368,85,33,79,16,0,0,0,0,0,0,0,-32287,0,0,0,0,0,2966475,0
2822436,9026,-746,-44,-220,-565,690,3940,-1845,30,-9,-3512,19367,80,33,79,16,0,0,0,0,0,0,0,-32287,0,0,0,0,0,2966490,0
2822441,9362,-530,402,-191,-706,544,3529,-1801,57,-5,-3416,19367,80,33,79,16,0,0,0,0,0,0,0,-32287,0,0,0,0,0,2966495,0
2822446,9870,-272,1034,-256,-711,441,3132,-1745,99,2,-3304,19368,86,33,79,16,0,0,0,0,0,0,0,-32287,0,0,0,0,0,2966510,0
2822451,10134,-214,1862,-392,-563,319,2747,-1685,136,3,-3192,19368,86,33,79,16,0,0,0,0,0,0,0,-32287,0,0,0,0,0,2966515,0
2822456,10588,-888,3236,-455,-97,137,2376,-1624,173,9,-3072,19369,85,33,79,16,0,0,0,0,0,0,0,-32287,0,0,0,0,0,2966530,0
2822461,10602,-1048,4270,-402,362,76,2018,-1569,192,5,-2976,19369,85,33,79,16,0,0,0,0,0,0,0,-32287,0,0,0,0,0,2966535,0
2822466,10316,-1534,4492,-411,738,38,1674,-1507,203,0,-2848,19371,81,33,79,16,0,0,0,0,0,0,0,-32286,0,0,0,0,0,2966550,0
2822471,10104,-2086,4278,-373,1088,46,1341,-1458,205,-2,-2728,19371,81,33,79,16,0,0,0,0,0,0,0,-32287,0,0,0,0,0,2966555,0
2822476,9090,-2586,3326,-335,1595,44,1023,-1394,200,-7,-2576,19371,89,33,79,16,0,0,0,0,0,0,0,-32287,0,0,0,0,0,2966570,0
2822481,8204,-2466,2536,-327,1711,34,717,-1337,200,-7,-2416,19371,89,33,79,16,0,0,0,0,0,0,0,-32287,0,0,0,0,0,2966575,0
2822486,7976,-2832,1924,-351,1761,93,424,-1279,197,-8,-2272,19372,85,33,79,16,0,0,0,0,0,0,0,-32287,0,0,0,0,0,2966590,0
2822491,7240,-2768,1450,-380,1794,114,147,-1212,202,-10,-2120,19372,85,33,79,16,0,0,0,0,0,0,0,-32287,0,0,0,0,0,2966595,0
2822496,6262,-2896,332,-440,1708,176,-115,-1140,217,-10,-1944,19374,89,33,79,16,0,0,0,0,0,0,0,-32287,0,0,0,0,0,2966610,0
2822501,6176,-2840,-42,-469,1621,193,-355,-1057,235,-9,-1736,19374,89,33,79,16,0,0,0,0,0,0,0,-32287,0,0,0,0,0,2966615,0
2822506,5884,-2670,-218,-423,1525,162,-575,-958,258,-7,-1528,19373,81,33,79,16,0,0,0,0,0,0,0,-32287,0,0,0,0,0,2966630,0
2822511,5874,-2770,-376,-345,1348,134,-776,-868,290,-3,-1328,19373,81,33,79,16,0,0,0,0,0,0,0,-32287,0,0,0,0,0,2966635,0
2822516,5792,-2276,-606,-203,1004,17,-958,-795,300,5,-1200,19371,74,33,79,16,0,0,0,0,0,0,0,-32287,0,0,0,0,0,2966650,0
2822521,5978,-2232,-676,-222,871,-4,-1122,-717,290,2,-1032,19371,74,33,79,16,0,0,0,0,0,0,0,-32287,0,0,0,0,0,2966655,0
2822526,6046,-2186,-432,-318,774,-10,-1274,-659,281,8,-944,19370,76,33,79,16,0,0,0,0,0,0,0,-32287,0,0,0,0,0,2966670,0
2822531,6060,-2374,-230,-440,676,-7,-1417,-622,243,5,-856,19370,76,33,79,16,0,0,0,0,0,0,0,-32288,0,0,0,0,0,2966675,0
2822536,6308,-2588,398,-544,588,18,-1545,-555,207,-4,-680,19371,78,33,79,16,0,0,0,0,0,0,0,-32288,0,0,0,0,0,2966690,0
2822541,6302,-2708,694,-595,567,40,-1665,-525,188,13,-632,19371,78,33,79,16,0,0,0,0,0,0,0,-32287,0,0,0,0,0,2966695,0
2822546,6808,-2622,924,-528,514,19,-1776,-486,171,16,-568,19371,78,33,79,16,0,0,0,0,0,0,0,-32287,0,0,0,0,0,2966710,0
2822551,6796,-2620,1122,-448,494,8,-1877,-439,158,7,-448,19371,78,33,79,16,0,0,0,0,0,0,0,-32287,0,0,0,0,0,2966715,0
2822556,7160,-2112,1092,-486,502,11,-1968,-402,149,0,-384,19372,76,33,79,16,0,0,0,0,0,0,0,-32286,0,0,0,0,0,2966730,0
2822561,7122,-2058,1042,-602,517,38,-2053,-376,137,0,-352,19372,76,33,79,16,0,0,0,0,0,0,0,-32287,0,0,0,0,0,2966734,0
2822566,7204,-1996,1160,-642,575,40,-2135,-360,129,-3,-312,19371,64,33,79,16,0,0,0,0,0,0,0,-32287,0,0,0,0,0,2966749,0
2822571,7208,-1892,1358,-576,632,14,-2211,-339,103,-7,-264,19371,64,33,79,16,0,0,0,0,0,0,0,-32287,0,0,0,0,0,2966768,0
2822576,7206,-1592,1314,-493,696,-34,-2283,-309,83,-9,-208,19372,66,33,79,16,0,0,0,0,0,0,0,-32287,0,0,0,0,0,2966769,0
2822581,7098,-1516,1146,-547,750,-25,-2347,-275,79,-3,-152,19372,66,33,79,16,0,0,0,0,0,0,0,-32287,0,0,0,0,0,2966774,0
2822586,6826,-1246,1120,-627,766,-46,-2404,-251,90,7,-144,19372,63,33,79,16,0,0,0,0,0,0,0,-32287,0,0,0,0,0,2966789,0
2822591,6784,-1188,960,-691,808,-70,-2454,-222,99,4,-120,19372,63,33,79,16,0,0,0,0,0,0,0,-32287,0,0,0,0,0,2966794,0
2822596,6252,-1334,790,-785,780,-60,-2501,-203,102,2,-104,19375,62,33,79,16,0,0,0,0,0,0,0,-32287,0,0,0,0,0,2966809,0
2822601,6066,-1360,794,-815,795,-78,-2544,-185,88,0,-88,19375,62,33,79,16,0,0,0,0,0,0,0,-32287,0,0,0,0,0,2966814,0
2822606,6008,-1438,718,-763,735,-93,-2578,-144,82,-1,-56,19372,63,33,79,16,0,0,0,0,0,0,0,-32287,0,0,0,0,0,2966829,0
2822611,5776,-1504,654,-752,722,-86,-2605,-118,85,5,-48,19372,63,33,79,16,0,0,0,0,0,0,0,-32287,0,0,0,0,0,2966834,0
2822616,5702,-1352,532,-789,705,-89,-2623,-66,103,-6,-24,19374,70,33,79,16,0,0,0,0,0,0,0,-32287,0,0,0,0,0,2966849,0
2822621,5448,-1270,660,-843,699,-74,-2634,-50,119,-1,-32,19374,70,33,79,16,0,0,0,0,0,0,0,-32287,0,0,0,0,0,2966854,0
2822626,5470,-1430,622,-890,705,-51,-2648,-60,104,2,-40,19373,73,33,79,16,0,0,0,0,0,0,0,-32286,0,0,0,0,0,2966869,0
2822631,5458,-1370,620,-912,703,-29,-2663,-76,62,0,-24,19373,73,33,79,16,0,0,0,0,0,0,0,-32287,0,0,0,0,0,2966874,0
2822636,5592,-1270,752,-899,720,-54,-2669,-23,35,-4,0,19373,82,33,79,16,0,0,0,0,0,0,0,-32287,0,0,0,0,0,2966889,0
2822641,5674,-1272,752,-882,723,-26,-2666,13,43,-4,8,19373,82,33,79,16,0,0,0,0,0,0,0,-32287,0,0,0,0,0,2966894,0
2822646,5706,-1300,796,-919,704,-22,-2661,17,69,1,0,19374,85,33,79,16,0,0,0,0,0,0,0,-32287,0,0,0,0,0,2966909,0
2822651,5866,-1322,786,-966,719,-2,-2661,-1,68,4,-8,19374,85,33,79,16,0,0,0,0,0,0,0,-32287,0,0,0,0,0,2966914,0
2822656,6174,-1252,858,-1003,749,-2,-2662,0,43,0,-8,19374,82,33,79,16,0,0,0,0,0,0,0,-32287,0,0,0,0,0,2966929,0
2822661,6230,-1300,862,-996,730,-27,-2661,5,-4,1,0,19374,82,33,79,16,0,0,0,0,0,0,0,-32287,0,0,0,0,0,2966934,0
2822666,6346,-1442,784,-990,709,-34,-2662,3,-15,0,-8,19371,80,33,79,16,0,0,0,0,0,0,0,-32287,0,0,0,0,0,2966949,0
2822671,6390,-1406,780,-1027,714,-38,-2661,0,-4,0,0,19371,80,33,79,16,0,0,0,0,0,0,0,-32287,0,0,0,0,0,2966954,0
2822676,6572,-1422,776,-1048,695,-70,-2662,0,0,-1,0,19370,75,33,79,16,0,0,0,0,0,0,0,-32287,0,0,0,0,0,2966969,0
2822681,6560,-1422,742,-1071,658,-85,-2662,-3,-2,0,-8,19370,75,33,79,16,0,0,0,0,0,0,0,-32287,0,0,0,0,0,2966973,0
2822686,6576,-1488,704,-1088,647,-94,-2662,-2,-1,0,0,19371,74,33,79,16,0,0,0,0,0,0,0,-32287,0,0,0,0,0,2966988,0
2822691,6570,-1398,724,-1099,641,-99,-2661,3,0,0,-8,19371,74,33,79,16,0,0,0,0,0,0,0,-32287,0,0,0,0,0,2966993,0
2822696,6558,-1402,784,-1109,556,-162,-2660,0,4,0,-8,19373,84,33,79,16,0,0,0,0,0,0,0,-32287,0,0,0,0,0,2967008,0
2822701,6570,-1570,866,-1083,540,-189,-2660,5,-1,0,0,19373,84,33,79,16,0,0,0,0,0,0,0,-32287,0,0,0,0,0,2967013,0
2822706,6498,-1454,826,-1083,503,-211,-2659,9,4,0,0,19371,79,33,79,16,0,0,0,0,0,0,0,-32287,0,0,0,0,0,2967028,0
2822711,6528,-1486,798,-1151,473,-236,-2658,6,6,1,0,19371,79,33,79,16,0,0,0,0,0,0,0,-32286,0,0,0,0,0,2967033,0
2822716,6472,-1754,776,-1223,389,-277,-2656,9,3,0,-8,19369,73,33,79,16,0,0,0,0,0,0,0,-32287,0,0,0,0,0,2967048,0
2822721,6462,-1900,792,-1236,315,-292,-2658,-3,4,0,0,19369,73,33,79,16,0,0,0,0,0,0,0,-32287,0,0,0,0,0,2967053,0
2822726,6554,-2010,840,-1228,260,-295,-2656,2,-3,0,0,19368,83,33,79,16,0,0,0,0,0,0,0,-32287,0,0,0,0,0,2967068,0
2822731,6510,-2110,966,-1242,210,-313,-2657,-5,-5,0,0,19368,83,33,79,16,0,0,0,0,0,0,0,-32287,0,0,0,0,0,2967073,0
2822736,6774,-2312,1116,-1252,162,-310,-2655,0,0,0,0,19369,77,33,79,16,0,0,0,0,0,0,0,-32287,0,0,0,0,0,2967088,0
2822741,6922,-2386,1204,-1245,131,-293,-2655,-1,0,1,0,19369,77,33,79,16,0,0,0,0,0,0,0,-32287,0,0,0,0,0,2967093,0
2822746,7152,-2448,1362,-1227,128,-291,-2653,5,4,0,-8,19370,78,33,79,16,0,0,0,0,0,0,0,-32287,0,0,0,0,0,2967108,0
2822751,7372,-2476,1546,-1204,124,-292,-2654,0,-3,1,0,19370,78,33,79,16,0,0,0,0,0,0,0,-32287,0,0,0,0,0,2967113,0
2822756,8056,-2500,1804,-1005,76,-337,-2654,0,0,1,-16,19370,70,33,79,16,0,0,0,0,0,0,0,-32287,0,0,0,0,0,2967128,0
2822761,8380,-2484,1804,-924,33,-357,-2653,1,-4,0,-8,19370,70,33,79,16,0,0,0,0,0,0,0,-32287,0,0,0,0,0,2967133,0
2822766,8666,-2416,1872,-927,30,-379,-2655,0,2,0,-8,19370,67,33,79,16,0,0,0,0,0,0,0,-32287,0,0,0,0,0,2967148,0
2822771,8926,-2324,1912,-988,66,-373,-2655,0,-3,0,-8,19370,67,33,79,16,0,0,0,0,0,0,0,-32287,0,0,0,0,0,2967153,0
2822776,9038,-2508,2050,-1079,138,-378,-2654,-2,-3,0,0,19368,79,33,79,16,0,0,0,0,0,0,0,-32287,0,0,0,0,0,2967168,0
2822781,9026,-2648,2016,-1046,157,-394,-2656,1,2,-2,-8,19368,79,33,79,16,0,0,0,0,0,0,0,-32287,0,0,0,0,0,2967172,0
2822786,9030,-2660,1944,-1005,192,-381,-2655,2,2,0,-8,19372,78,33,79,16,0,0,0,0,0,0,0,-32287,0,0,0,0,0,2967187,0
2822791,8924,-2574,1968,-957,201,-408,-2656,-1,0,0,-8,19372,78,33,79,16,0,0,0,0,0,0,0,-32287,0,0,0,0,0,2967192,0
2822796,8840,-2280,1840,-839,200,-451,-2655,0,2,2,-8,19375,75,33,79,16,0,0,0,0,0,0,0,-32287,0,0,0,0,0,2967207,0
2822801,8792,-2006,1668,-813,144,-487,-2656,-1,0,2,-8,19375,75,33,79,16,0,0,0,0,0,0,0,-32287,0,0,0,0,0,2967212,0
2822806,8930,-1754,1694,-780,171,-513,-2657,-4,-4,0,-8,19379,79,33,79,16,0,0,0,0,0,0,0,-32287,0,0,0,0,0,2967227,0
2822811,8818,-1442,1810,-766,175,-548,-2657,-6,-5,0,-8,19379,79,33,79,16,0,0,0,0,0,0,0,-32287,0,0,0,0,0,2967232,0
2822816,8786,-1146,1844,-777,199,-579,-2659,-7,-4,0,0,19377,78,33,79,16,0,0,0,0,0,0,0,-32287,0,0,0,0,0,2967247,0
2822821,8756,-1030,1854,-793,207,-581,-2658,-1,2,1,-8,19377,78,33,79,16,0,0,0,0,0,0,0,-32287,0,0,0,0,0,2967252,0
2822826,8740,-952,1814,-810,231,-586,-2658,-2,-5,0,-8,19376,84,33,79,16,0,0,0,0,0,0,0,-32287,0,0,0,0,0,2967267,0
2822831,8662,-812,1824,-860,270,-583,-2658,-6,2,0,-8,19376,84,33,79,16,0,0,0,0,0,0,0,-32287,0,0,0,0,0,2967272,0
2822836,8424,-608,1748,-1026,345,-537,-2658,-1,6,0,0,19374,96,33,79,16,0,0,0,0,0,0,0,-32287,0,0,0,0,0,2967287,0
2822841,8300,-640,1716,-1113,371,-498,-2657,2,2,0,0,19374,96,33,79,16,0,0,0,0,0,0,0,-32287,0,0,0,0,0,2967292,0
2822846,8086,-638,1722,-1198,344,-482,-2657,2,5,0,-8,19373,93,33,79,16,0,0,0,0,0,0,0,-32287,0,0,0,0,0,2967307,0
2822851,8128,-672,1610,-1221,283,-475,-2656,3,5,1,0,19373,93,33,79,16,0,0,0,0,0,0,0,-32287,0,0,0,0,0,2967312,0
2822856,8354,-870,1706,-1228,78,-502,-2655,1,3,1,0,19371,80,33,79,16,0,0,0,0,0,0,0,-32287,0,0,0,0,0,2967327,0
2822861,8776,-1170,1814,-1276,-45,-523,-2655,0,5,0,0,19371,80,33,79,16,0,0,0,0,0,0,0,-32287,0,0,0,0,0,2967332,0
2822866,9418,-1930,2070,-1412,-149,-509,-2655,0,2,0,0,19368,68,33,79,16,0,0,0,0,0,0,0,-32287,0,0,0,0,0,2967347,0
2822871,10126,-2396,2448,-1564,-130,-482,-2654,0,-4,0,0,19368,68,33,79,16,0,0,0,0,0,0,0,-32287,0,0,0,0,0,2967352,0
2822876,11424,-3658,2874,-1761,85,-427,-2652,0,-3,-1,0,19368,72,33,79,16,0,0,0,0,0,0,0,-32287,0,0,0,0,0,2967367,0
2822881,12032,-4444,2644,-1753,151,-411,-2648,10,7,-1,8,19368,72,33,79,16,0,0,0,0,0,0,0,-32287,0,0,0,0,0,2967372,0
2822886,12540,-5188,2138,-1733,169,-406,-2644,23,14,0,8,19368,78,33,79,16,0,0,0,0,0,0,0,-32287,0,0,0,0,0,2967387,0
2822891,12898,-5870,1586,-1746,162,-390,-2641,18,22,0,8,19368,78,33,79,16,0,0,0,0,0,0,0,-32288,0,0,0,0,0,2967392,0
2822896,12190,-6574,1190,-1786,257,-340,-2631,35,15,-1,16,19374,82,33,79,16,0,0,0,0,0,0,0,-32287,0,0,0,0,0,2967407,0
2822901,11426,-6722,1292,-1728,294,-364,-2611,97,42,-4,56,19374,82,33,79,16,0,0,0,0,0,0,0,-32287,0,0,0,0,0,2967412,0
2822906,10696,-7024,1416,-1551,307,-434,-2571,189,97,-11,128,19373,79,33,79,16,0,0,0,0,0,0,0,-32287,0,0,0,0,0,2967426,0
2822911,10120,-7176,1536,-1239,284,-544,-2513,266,169,-9,232,19373,79,33,79,16,0,0,0,0,0,0,0,-32287,0,0,0,0,0,2967431,0
2822916,9050,-7300,1438,-658,90,-753,-2444,314,228,1,272,19372,74,33,79,16,0,0,0,0,0,0,0,-32287,0,0,0,0,0,2967446,0
2822921,8376,-7246,1314,-587,73,-837,-2364,351,240,0,336,19372,74,33,79,16,0,0,0,0,0,0,0,-32287,0,0,0,0,0,2967451,0
2822926,7906,-7440,918,-506,44,-889,-2275,394,203,-5,424,19368,72,33,79,16,0,0,0,0,0,0,0,-32287,0,0,0,0,0,2967466,0
2822931,7110,-7642,686,-398,-20,-912,-2179,426,165,-11,488,19368,72,33,79,16,0,0,0,0,0,0,0,-32287,0,0,0,0,0,2967471,0
2822936,6210,-7840,312,-144,-106,-906,-2082,434,124,-5,512,19369,77,33,79,16,0,0,0,0,0,0,0,-32287,0,0,0,0,0,2967486,0
2822941,5594,-7830,478,0,-42,-853,-1986,416,85,0,472,19369,77,33,79,16,0,0,0,0,0,0,0,-32287,0,0,0,0,0,2967491,0
2822946,4840,-7546,136,154,-171,-829,-1888,423,43,1,480,19370,77,33,79,16,0,0,0,0,0,0,0,-32287,0,0,0,0,0,2967506,0
2822951,4616,-7278,40,327,-189,-757,-1791,430,15,1,488,19370,77,33,79,16,0,0,0,0,0,0,0,-32287,0,0,0,0,0,2967511,0
2822956,4072,-6272,226,515,-219,-619,-1693,430,9,1,480,19371,67,33,79,16,0,0,0,0,0,0,0,-32286,0,0,0,0,0,2967526,0
2822961,3988,-5748,374,544,-214,-557,-1600,414,-4,5,448,19371,67,33,79,16,0,0,0,0,0,0,0,-32287,0,0,0,0,0,2967531,0
2822966,3988,-5420,464,571,-162,-480,-1512,387,-17,7,368,19368,71,33,79,16,0,0,0,0,0,0,0,-32287,0,0,0,0,0,2967545,0
2822971,3946,-5058,444,581,-123,-420,-1425,386,-40,3,376,19368,71,33,79,16,0,0,0,0,0,0,0,-32287,0,0,0,0,0,2967550,0
2822976,4136,-4654,56,673,-123,-317,-1335,399,-38,-7,424,19368,73,33,79,16,0,0,0,0,0,0,0,-32287,0,0,0,0,0,2967565,0
2822981,4404,-4642,-260,697,-144,-237,-1244,396,-18,-1,392,19368,73,33,79,16,0,0,0,0,0,0,0,-32287,0,0,0,0,0,2967570,0
2822986,4618,-4240,-326,620,-157,-162,-1159,381,-6,13,344,19371,69,33,79,16,0,0,0,0,0,0,0,-32287,0,0,0,0,0,2967585,0
2822991,5074,-4186,-458,548,-177,-53,-1078,356,-9,8,312,19371,69,33,79,16,0,0,0,0,0,0,0,-32287,0,0,0,0,0,2967590,0
2822996,5784,-3954,-402,427,-267,126,-996,357,-33,0,312,19372,70,33,79,16,0,0,0,0,0,0,0,-32287,0,0,0,0,0,2967605,0
2823001,6080,-3962,-342,381,-280,236,-910,374,-29,-4,344,19372,70,33,79,16,0,0,0,0,0,0,0,-32287,0,0,0,0,0,2967610,0
2823006,6416,-3854,-308,373,-382,311,-819,398,6,-9,416,19371,66,33,79,16,0,0,0,0,0,0,0,-32287,0,0,0,0,0,2967625,0
2823011,6768,-3728,-450,357,-412,415,-730,394,30,-3,400,19371,66,33,79,16,0,0,0,0,0,0,0,-32287,0,0,0,0,0,2967630,0
2823016,7492,-3042,-568,256,-585,537,-634,410,44,-7,440,19367,67,33,79,16,0,0,0,0,0,0,0,-32287,0,0,0,0,0,2967645,0
2823021,7776,-2796,-452,193,-680,559,-533,449,48,-11,560,19367,67,33,79,16,0,0,0,0,0,0,0,-32287,0,0,0,0,0,2967650,0
2823026,8240,-2736,-430,179,-771,553,-422,495,72,-13,664,19368,71,33,79,16,0,0,0,0,0,0,0,-32287,0,0,0,0,0,2967665,0
2823031,8546,-2518,-294,175,-863,511,-304,526,94,5,720,19368,71,33,79,16,0,0,0,0,0,0,0,-32288,0,0,0,0,0,2967669,0
2823036,8998,-2226,42,88,-961,368,-182,546,109,8,760,19370,70,33,79,16,0,0,0,0,0,0,0,-32287,0,0,0,0,0,2967684,0
2823041,9002,-2258,186,26,-925,280,-49,581,118,1,880,19370,70,33,79,16,0,0,0,0,0,0,0,-32287,0,0,0,0,0,2967689,0
2823046,9012,-2294,272,24,-913,160,91,622,113,6,952,19372,76,33,79,16,0,0,0,0,0,0,0,-32287,0,0,0,0,0,2967704,0
2823051,8886,-2616,370,15,-849,83,237,647,110,2,976,19372,76,33,79,16,0,0,0,0,0,0,0,-32287,0,0,0,0,0,2967709,0
2823056,8460,-3102,572,25,-709,-76,384,650,99,4,960,19373,71,33,79,16,0,0,0,0,0,0,0,-32287,0,0,0,0,0,2967724,0
2823061,8136,-3274,682,61,-643,-134,537,671,78,5,1000,19373,71,33,79,16,0,0,0,0,0,0,0,-32287,0,0,0,0,0,2967729,0
2823066,7894,-3584,710,82,-562,-158,686,665,57,1,992,19371,67,33,79,16,0,0,0,0,0,0,0,-32287,0,0,0,0,0,2967744,0
2823071,7480,-3746,722,92,-495,-180,834,647,30,1,968,19371,67,33,79,16,0,0,0,0,0,0,0,-32287,0,0,0,0,0,2967749,0
2823076,6958,-3910,624,213,-420,-224,953,652,0,1,984,19370,64,33,79,16,0,0,0,0,0,0,0,-32287,0,0,0,0,0,2967763,0
2823081,6756,-3934,450,274,-400,-214,1098,640,-14,1,952,19370,64,33,79,16,0,0,0,0,0,0,0,-32287,0,0,0,0,0,2967768,0
2823086,6516,-3966,280,294,-407,-206,1240,615,-30,5,888,19368,66,33,79,16,0,0,0,0,0,0,0,-32287,0,0,0,0,0,2967783,0
2823091,6274,-3864,142,305,-429,-219,1379,609,-39,-1,880,19368,66,33,79,16,0,0,0,0,0,0,0,-32287,0,0,0,0,0,2967788,0
2823096,5900,-3872,-122,310,-458,-191,1515,595,-46,-1,840,19369,73,33,79,16,0,0,0,0,0,0,0,-32287,0,0,0,0,0,2967803,0
2823101,5758,-3888,-146,318,-514,-184,1645,566,-55,0,744,19369,73,33,79,16,0,0,0,0,0,0,0,-32287,0,0,0,0,0,2967808,0
2823106,5734,-3898,-166,336,-545,-164,1770,548,-63,-10,744,19368,73,33,79,16,0,0,0,0,0,0,0,-32287,0,0,0,0,0,2967823,0
2823111,5710,-3838,-168,354,-569,-147,1891,536,-68,-7,704,19368,73,33,79,16,0,0,0,0,0,0,0,-32287,0,0,0,0,0,2967828,0
2823116,5626,-3836,-60,381,-648,-47,2004,493,-80,2,592,19366,80,33,79,16,0,0,0,0,0,0,0,-32287,0,0,0,0,0,2967842,0
2823121,5644,-3820,28,403,-683,-8,2109,467,-89,-4,520,19366,80,33,79,16,0,0,0,0,0,0,0,-32287,0,0,0,0,0,2967847,0
2823126,5678,-3770,80,420,-726,22,2207,429,-100,-6,464,19367,72,33,79,16,0,0,0,0,0,0,0,-32287,0,0,0,0,0,2967862,0
2823131,5864,-3676,132,426,-740,64,2303,414,-96,-5,448,19367,72,33,79,16,0,0,0,0,0,0,0,-32287,0,0,0,0,0,2967867,0
2823136,5998,-3468,166,436,-817,157,2390,378,-100,8,352,19370,75,33,79,16,0,0,0,0,0,0,0,-32287,0,0,0,0,0,2967882,0
2823141,6094,-3384,162,403,-843,190,2473,357,-90,9,304,19370,75,33,79,16,0,0,0,0,0,0,0,-32287,0,0,0,0,0,2967887,0
2823146,6220,-3452,202,393,-829,245,2548,330,-90,5,256,19371,76,33,79,16,0,0,0,0,0,0,0,-32287,0,0,0,0,0,2967902,0
2823151,6192,-3398,262,384,-847,294,2622,325,-88,0,248,19371,76,33,79,16,0,0,0,0,0,0,0,-32287,0,0,0,0,0,2967907,0
2823156,6550,-3496,244,504,-877,389,2694,322,-62,1,240,19369,65,33,79,16,0,0,0,0,0,0,0,-32287,0,0,0,0,0,2967922,0
2823161,6670,-3540,256,585,-914,418,2768,321,-35,1,256,19369,65,33,79,16,0,0,0,0,0,0,0,-32287,0,0,0,0,0,2967927,0
2823166,6832,-3522,246,634,-895,484,2842,313,-15,5,216,19368,69,33,79,16,0,0,0,0,0,0,0,-32287,0,0,0,0,0,2967942,0
2823171,6906,-3358,300,663,-910,509,2914,318,-3,0,240,19368,69,33,79,16,0,0,0,0,0,0,0,-32287,0,0,0,0,0,2967947,0
2823176,7164,-3260,334,760,-840,552,2985,311,-11,-6,232,19368,72,33,79,16,0,0,0,0,0,0,0,-32287,0,0,0,0,0,2967961,0
2823181,7440,-3170,288,824,-834,553,3058,321,-7,-3,256,19368,72,33,79,16,0,0,0,0,0,0,0,-32287,0,0,0,0,0,2967966,0
2823186,7604,-3166,278,904,-783,559,3135,337,-31,0,264,19369,83,33,79,16,0,0,0,0,0,0,0,-32287,0,0,0,0,0,2967981,0
2823191,7702,-3036,268,967,-760,544,3215,356,9,-5,312,19369,83,33,79,16,0,0,0,0,0,0,0,-32287,0,0,0,0,0,2967986,0
2823196,7892,-2956,106,1053,-695,550,3296,356,23,-1,320,19369,78,33,79,16,0,0,0,0,0,0,0,-32286,0,0,0,0,0,2968001,0
2823201,8008,-2854,28,1049,-651,542,3378,363,53,1,312,19369,78,33,79,16,0,0,0,0,0,0,0,-32287,0,0,0,0,0,2968006,0
2823206,7992,-2804,-20,1050,-585,546,3458,354,56,4,280,19369,73,33,79,16,0,0,0,0,0,0,0,-32287,0,0,0,0,0,2968021,0
2823211,7934,-2704,-26,1051,-557,504,3538,353,7,0,296,19369,73,33,79,16,0,0,0,0,0,0,0,-32287,0,0,0,0,0,2968026,0
2823216,7968,-2692,-130,1158,-517,434,3619,359,-6,-5,312,19367,67,33,79,16,0,0,0,0,0,0,0,-32287,0,0,0,0,0,2968041,0
2823221,8026,-2764,-212,1217,-524,400,3704,369,10,-4,328,19367,67,33,79,16,0,0,0,0,0,0,0,-32287,0,0,0,0,0,2968046,0
2823226,7844,-2624,-152,1202,-501,392,3788,363,12,4,312,19367,73,33,79,16,0,0,0,0,0,0,0,-32287,0,0,0,0,0,2968061,0
2823231,7842,-2536,-108,1158,-491,364,3870,352,12,3,288,19367,73,33,79,16,0,0,0,0,0,0,0,-32287,0,0,0,0,0,2968066,0
2823236,7582,-2668,-8,1034,-415,315,3948,340,-4,3,272,19367,73,33,79,16,0,0,0,0,0,0,0,-32287,0,0,0,0,0,2968081,0
2823241,7614,-2860,-128,1104,-434,291,4029,351,-19,-6,296,19367,73,33,79,16,0,0,0,0,0,0,0,-32287,0,0,0,0,0,2968088,0
2823246,7444,-2800,-72,1218,-475,246,4112,370,-12,-6,344,19366,70,33,79,16,0,0,0,0,0,0,0,-32287,0,0,0,0,0,2968104,0
2823251,7396,-2882,-142,1283,-522,219,4196,370,7,3,320,19366,70,33,79,16,0,0,0,0,0,0,0,-32287,0,0,0,0,0,2968109,0
2823256,7280,-2618,-228,1234,-529,207,4279,363,16,8,296,19364,61,33,79,16,0,0,0,0,0,0,0,-32287,0,0,0,0,0,2968124,0
2823261,7200,-2542,-172,1201,-522,204,4357,343,1,4,264,19364,61,33,79,16,0,0,0,0,0,0,0,-32287,0,0,0,0,0,2968129,0
2823266,7192,-2504,-126,1177,-538,185,4433,341,-16,0,256,19362,69,33,79,16,0,0,0,0,0,0,0,-32287,0,0,0,0,0,2968144,0
2823271,7298,-2556,-166,1241,-531,171,4512,354,-27,-4,280,19362,69,33,79,16,0,0,0,0,0,0,0,-32287,0,0,0,0,0,2968148,0
2823276,7276,-2430,-106,1349,-534,157,4592,355,-12,0,304,19363,80,33,79,16,0,0,0,0,0,0,0,-32287,0,0,0,0,0,2968163,0
2823281,7284,-2232,-88,1319,-505,169,4669,334,-2,5,240,19363,80,33,79,16,0,0,0,0,0,0,0,-32287,0,0,0,0,0,2968168,0
2823286,7390,-2078,-68,1267,-467,183,4741,311,-5,4,216,19366,80,33,79,16,0,0,0,0,0,0,0,-32287,0,0,0,0,0,2968183,0
2823291,7416,-2050,-36,1218,-411,203,4808,291,-32,-5,176,19366,80,33,79,16,0,0,0,0,0,0,0,-32287,0,0,0,0,0,2968188,0
2823296,7452,-2016,-74,1196,-314,186,4875,294,-53,-5,208,19368,66,33,79,16,0,0,0,0,0,0,0,-32287,0,0,0,0,0,2968203,0
2823301,7480,-1938,-62,1262,-269,178,4941,294,-53,-3,200,19368,66,33,79,16,0,0,0,0,0,0,0,-32287,0,0,0,0,0,2968208,0
2823306,7572,-1942,-172,1272,-263,173,5009,298,-21,-3,216,19370,61,33,79,16,0,0,0,0,0,0,0,-32287,0,0,0,0,0,2968223,0
2823311,7778,-1968,-330,1279,-223,201,5079,303,-5,2,192,19370,61,33,79,16,0,0,0,0,0,0,0,-32287,0,0,0,0,0,2968228,0
2823316,7668,-1858,-426,1165,-178,267,5141,271,0,5,160,19369,70,33,79,16,0,0,0,0,0,0,0,-32287,0,0,0,0,0,2968243,0
2823321,7780,-1664,-440,1093,-139,267,5201,258,-15,-7,144,19369,70,33,79,16,0,0,0,0,0,0,0,-32287,0,0,0,0,0,2968248,0
2823326,8022,-1732,-504,1085,-133,288,5262,258,-34,-2,152,19369,77,33,79,16,0,0,0,0,0,0,0,-32287,0,0,0,0,0,2968263,0
2823331,8128,-1704,-544,1085,-153,314,5318,246,-37,-6,152,19369,77,33,79,16,0,0,0,0,0,0,0,-32287,0,0,0,0,0,2968268,0
2823336,8322,-1278,-514,993,-133,262,5377,249,-26,-5,152,19368,88,33,79,16,0,0,0,0,0,0,0,-32287,0,0,0,0,0,2968282,0
2823341,8458,-1222,-524,934,-114,260,5438,265,-11,-1,176,19368,88,33,79,16,0,0,0,0,0,0,0,-32287,0,0,0,0,0,2968287,0
2823346,8548,-1276,-454,897,-132,242,5502,281,11,5,200,19369,78,33,79,16,0,0,0,0,0,0,0,-32287,0,0,0,0,0,2968302,0
2823351,8472,-1212,-332,847,-110,202,5566,280,23,4,176,19369,78,33,79,16,0,0,0,0,0,0,0,-32287,0,0,0,0,0,2968307,0
2823356,8774,-1282,-294,762,-38,121,5627,279,21,1,200,19368,81,33,79,16,0,0,0,0,0,0,0,-32287,0,0,0,0,0,2968322,0
2823361,8700,-1504,-232,720,-1,119,5694,290,16,0,192,19368,81,33,79,16,0,0,0,0,0,0,0,-32287,0,0,0,0,0,2968327,0
2823366,8604,-1622,-134,657,29,103,5761,297,13,5,216,19368,76,33,79,16,0,0,0,0,0,0,0,-32287,0,0,0,0,0,2968342,0
2823371,8456,-1634,-132,637,50,54,5832,313,26,-7,256,19368,76,33,79,16,0,0,0,0,0,0,0,-32287,0,0,0,0,0,2968347,0
2823376,8346,-1932,-2,683,102,18,5911,352,38,-4,320,19370,73,33,79,16,0,0,0,0,0,0,0,-32287,0,0,0,0,0,2968362,0
2823381,8438,-2056,26,697,124,18,5996,385,67,-6,360,19370,73,33,79,16,0,0,0,0,0,0,0,-32287,0,0,0,0,0,2968367,0
2823386,8256,-2092,122,681,162,13,6088,403,87,-9,432,19372,75,33,79,16,0,0,0,0,0,0,0,-32287,0,0,0,0,0,2968382,0
2823391,8292,-2266,144,687,197,8,6184,427,98,-19,512,19372,75,33,79,16,0,0,0,0,0,0,0,-32287,0,0,0,0,0,2968387,0
2823396,8324,-2222,126,870,177,-75,6289,462,101,-11,616,19371,67,33,79,16,0,0,0,0,0,0,0,-32287,0,0,0,0,0,2968402,0
2823401,8226,-2140,88,995,166,-134,6402,503,98,-9,744,19371,67,33,79,16,0,0,0,0,0,0,0,-32286,0,0,0,0,0,2968406,0
2823406,8204,-2104,0,1057,175,-158,6527,544,117,5,800,19371,70,33,79,16,0,0,0,0,0,0,0,-32287,0,0,0,0,0,2968421,0
2823411,8172,-1944,-120,1091,151,-191,6657,576,129,17,856,19371,70,33,79,16,0,0,0,0,0,0,0,-32287,0,0,0,0,0,2968426,0
2823416,8130,-1658,-176,1126,136,-274,6792,604,127,11,936,19368,74,33,79,16,0,0,0,0,0,0,0,-32287,0,0,0,0,0,2968441,0
2823421,8192,-1740,-282,1161,149,-277,6935,635,114,5,984,19368,74,33,79,16,0,0,0,0,0,0,0,-32287,0,0,0,0,0,2968446,0
2823426,8012,-1490,-200,1128,140,-291,7077,624,89,13,912,19369,72,33,79,16,0,0,0,0,0,0,0,-32287,0,0,0,0,0,2968461,0
2823431,8122,-1498,-248,1074,135,-317,7221,633,67,2,936,19369,72,33,79,16,0,0,0,0,0,0,0,-32287,0,0,0,0,0,2968466,0
2823436,8126,-1492,-146,1039,217,-288,7366,638,41,1,928,19371,63,33,79,16,0,0,0,0,0,0,0,-32287,0,0,0,0,0,2968481,0
2823441,7804,-1292,-72,1001,218,-295,7505,616,9,8,872,19371,63,33,79,16,0,0,0,0,0,0,0,-32287,0,0,0,0,0,2968486,0
2823446,8062,-1406,-222,1006,236,-300,7642,603,-17,0,840,19373,62,33,79,16,0,0,0,0,0,0,0,-32287,0,0,0,0,0,2968501,0
2823451,8034,-1228,-210,1021,261,-300,7777,587,-27,-3,808,19373,62,33,79,16,0,0,0,0,0,0,0,-32287,0,0,0,0,0,2968506,0
2823456,8050,-1016,-166,942,316,-283,7909,571,-44,2,728,19371,64,33,79,16,0,0,0,0,0,0,0,-32287,0,0,0,0,0,2968521,0
2823461,8200,-1004,-172,848,350,-264,8034,555,-48,-4,712,19371,64,33,79,16,0,0,0,0,0,0,0,-32287,0,0,0,0,0,2968526,0
2823466,8072,-1014,-70,786,379,-264,8156,531,-54,-10,672,19371,63,33,79,16,0,0,0,0,0,0,0,-32287,0,0,0,0,0,2968541,0
2823471,8324,-1044,-90,794,374,-291,8276,528,-58,-5,648,19371,63,33,79,16,0,0,0,0,0,0,0,-32287,0,0,0,0,0,2968546,0
2823476,8262,-914,68,781,398,-294,8394,523,-56,-2,640,19374,66,33,79,16,0,0,0,0,0,0,0,-32287,0,0,0,0,0,2968561,0
2823481,8352,-1090,44,738,448,-290,8506,492,-46,-3,576,19374,66,33,79,16,0,0,0,0,0,0,0,-32287,0,0,0,0,0,2968565,0
2823486,8324,-1176,54,686,480,-303,8615,485,-48,-11,568,19374,66,33,79,16,0,0,0,0,0,0,0,-32287,0,0,0,0,0,2968580,0
2823491,8460,-1354,-8,699,495,-344,8727,493,-47,-7,608,19374,66,33,79,16,0,0,0,0,0,0,0,-32287,0,0,0,0,0,2968585,0
2823496,8540,-1970,-54,790,478,-388,8835,487,-27,0,592,19373,62,33,79,16,0,0,0,0,0,0,0,-32287,0,0,0,0,0,2968600,0
2823501,8750,-2216,-214,814,463,-415,8945,481,-17,0,576,19373,62,33,79,16,0,0,0,0,0,0,0,-32287,0,0,0,0,0,2968605,0
2823506,8800,-2362,-272,857,453,-439,9053,481,-12,-2,592,19371,67,33,79,16,0,0,0,0,0,0,0,-32287,0,0,0,0,0,2968620,0
2823511,8898,-2542,-248,875,418,-480,9163,489,-1,-3,632,19371,67,33,79,16,0,0,0,0,0,0,0,-32287,0,0,0,0,0,2968625,0
2823516,9010,-3036,-246,955,309,-542,9276,485,0,4,592,19369,70,33,79,16,0,0,0,0,0,0,0,-32287,0,0,0,0,0,2968640,0
2823521,9172,-3124,-236,946,227,-571,9383,474,1,1,560,19369,70,33,79,16,0,0,0,0,0,0,0,-32287,0,0,0,0,0,2968645,0
2823526,9188,-3086,-190,944,199,-602,9487,452,-7,0,512,19369,78,33,79,16,0,0,0,0,0,0,0,-32287,0,0,0,0,0,2968660,0
2823531,9252,-3156,-124,967,162,-617,9590,447,-28,-10,536,19369,78,33,79,16,0,0,0,0,0,0,0,-32287,0,0,0,0,0,2968665,0
2823536,9068,-3000,-14,1027,67,-615,9689,429,-44,5,456,19372,87,33,79,16,0,0,0,0,0,0,0,-32288,0,0,0,0,0,2968680,0
2823541,9014,-2708,-48,974,27,-597,9778,394,-55,17,352,19372,87,33,79,16,0,0,0,0,0,0,0,-32287,0,0,0,0,0,2968685,0
2823546,8944,-2422,-26,874,0,-574,9857,345,-79,15,256,19373,79,33,79,16,0,0,0,0,0,0,0,-32287,0,0,0,0,0,2968699,0
2823551,8786,-2202,26,746,-52,-555,9928,314,-109,10,208,19373,79,33,79,16,0,0,0,0,0,0,0,-32287,0,0,0,0,0,2968704,0
2823556,8592,-1960,230,549,-201,-529,9994,288,-124,2,168,19371,70,33,79,16,0,0,0,0,0,0,0,-32287,0,0,0,0,0,2968719,0
2823561,8564,-1726,442,470,-281,-532,10052,265,-121,-3,144,19371,70,33,79,16,0,0,0,0,0,0,0,-32287,0,0,0,0,0,2968724,0
2823566,8620,-1660,574,364,-318,-551,10101,212,-109,-5,80,19370,66,33,79,16,0,0,0,0,0,0,0,-32287,0,0,0,0,0,2968739,0
2823571,8718,-1932,714,231,-326,-528,10134,130,-130,-4,32,19370,66,33,79,16,0,0,0,0,0,0,0,-32287,0,0,0,0,0,2968744,0
2823576,9078,-2450,938,121,-344,-533,10154,85,-165,-7,16,19371,69,33,79,16,0,0,0,0,0,0,0,-32287,0,0,0,0,0,2968759,0
2823581,8982,-2634,1142,4,-321,-513,10160,18,-193,9,-8,19371,69,33,79,16,0,0,0,0,0,0,0,-32287,0,0,0,0,0,2968764,0
2823586,9134,-2752,1196,-91,-295,-554,10160,-5,-202,1,-8,19370,66,33,79,16,0,0,0,0,0,0,0,-32287,0,0,0,0,0,2968779,0
2823591,9368,-3494,1132,-172,-228,-527,10158,-9,-160,-2,0,19370,66,33,79,16,0,0,0,0,0,0,0,-32287,0,0,0,0,0,2968784,0
2823596,9446,-4080,1374,-90,-210,-575,10159,-3,-96,0,0,19371,57,33,79,16,0,0,0,0,0,0,0,-32287,0,0,0,0,0,2968799,0
2823601,9278,-4318,1452,112,-236,-648,10159,-1,-53,0,-8,19371,57,33,79,16,0,0,0,0,0,0,0,-32287,0,0,0,0,0,2968804,0
2823606,9176,-4796,1348,319,-293,-679,10158,-9,-6,0,-8,19372,61,33,79,16,0,0,0,0,0,0,0,-32287,0,0,0,0,0,2968819,0
2823611,8860,-4748,1420,324,-304,-672,10156,-4,-5,0,-8,19372,61,33,79,16,0,0,0,0,0,0,0,-32287,0,0,0,0,0,2968824,0
2823616,8590,-4572,1530,-273,-75,-575,10153,-3,-4,-1,0,19375,75,33,79,16,0,0,0,0,0,0,0,-32287,0,0,0,0,0,2968839,0
2823621,7878,-5094,1552,-544,-31,-534,10153,-7,-3,-1,-8,19375,75,33,79,16,0,0,0,0,0,0,0,-32287,0,0,0,0,0,2968844,0
2823626,7352,-5838,1270,-470,-96,-533,10155,5,0,0,-8,19375,80,33,79,16,0,0,0,0,0,0,0,-32287,0,0,0,0,0,2968859,0
2823631,6846,-6508,1128,-316,-212,-508,10152,-10,8,0,0,19375,80,33,79,16,0,0,0,0,0,0,0,-32287,0,0,0,0,0,2968863,0
2823636,5722,-6808,1468,-182,-275,-443,10151,0,6,0,-8,19374,72,33,79,16,0,0,0,0,0,0,0,-32287,0,0,0,0,0,2968878,0
2823641,5520,-7206,1582,-68,-299,-390,10151,1,-7,0,-8,19374,72,33,79,16,0,0,0,0,0,0,0,-32287,0,0,0,0,0,2968883,0
2823646,5292,-6904,1870,263,-549,-549,10149,-14,-3,0,-24,19371,65,33,79,16,0,0,0,0,0,0,0,-32287,0,0,0,0,0,2968898,0
2823651,6198,-6242,2568,1821,-458,-1006,10130,-85,-32,7,-64,19371,65,33,79,16,0,0,0,0,0,0,0,-32287,0,0,0,0,0,2968903,0
2823656,5670,-6210,2608,2755,-848,-850,10088,-194,-100,16,-176,19371,64,33,79,16,0,0,0,0,0,0,0,-32287,0,0,0,0,0,2968918,0
2823661,5898,-4412,2380,1990,-587,-778,10018,-328,-219,16,-376,19371,64,33,79,16,0,0,0,0,0,0,0,-32287,0,0,0,0,0,2968923,0
2823666,5858,-5092,824,1435,-507,-608,9917,-459,-327,29,-680,19369,71,33,79,16,0,0,0,0,0,0,0,-32287,0,0,0,0,0,2968937,0
2823671,5624,-5264,1038,1096,-381,-444,9782,-608,-414,38,-1136,19369,71,33,79,16,0,0,0,0,0,0,0,-32287,0,0,0,0,0,2968942,0
2823676,5346,-6242,1074,1080,-526,-126,9603,-803,-486,20,-1592,19370,75,33,79,16,0,0,0,0,0,0,0,-32287,0,0,0,0,0,2968957,0
2823681,5564,-5674,1280,1059,-413,56,9379,-1007,-560,12,-2024,19370,75,33,79,16,0,0,0,0,0,0,0,-32287,0,0,0,0,0,2968962,0
2823686,5454,-5258,1340,856,-344,264,9109,-1206,-620,9,-2472,19371,75,33,79,16,0,0,0,0,0,0,0,-32287,0,0,0,0,0,2968977,0
2823691,5972,-4538,1314,632,-221,424,8794,-1405,-670,4,-2888,19371,75,33,79,16,0,0,0,0,0,0,0,-32287,0,0,0,0,0,2968982,0
2823696,6478,-3868,1478,85,112,777,8437,-1584,-686,-6,-3248,19369,75,33,79,16,0,0,0,0,0,0,0,-32287,0,0,0,0,0,2968997,0
2823701,6946,-4318,1858,-350,506,1064,8045,-1738,-667,-19,-3504,19369,75,33,79,16,0,0,0,0,0,0,0,-32287,0,0,0,0,0,2969002,0
2823706,5786,-4390,1798,-407,258,1150,7627,-1842,-613,-27,-3664,19368,82,33,79,16,0,0,0,0,0,0,0,-32287,0,0,0,0,0,2969017,0
2823711,6886,-4536,1196,-94,113,1181,7195,-1901,-513,-18,-3744,19368,82,33,79,16,0,0,0,0,0,0,0,-32287,0,0,0,0,0,2969022,0
2823716,7652,-2576,1080,82,-168,1196,6754,-1937,-384,-9,-3792,19367,92,33,79,16,0,0,0,0,0,0,0,-32287,0,0,0,0,0,2969037,0
2823721,8266,-1564,786,-233,-184,1199,6315,-1932,-244,-8,-3776,19367,92,33,79,16,0,0,0,0,0,0,0,-32287,0,0,0,0,0,2969042,0
2823726,8630,-960,656,-517,-184,1141,5878,-1921,-127,-2,-3736,19368,91,33,79,16,0,0,0,0,0,0,0,-32287,0,0,0,0,0,2969057,0
2823731,9030,-686,802,-613,-247,1045,5448,-1892,-27,-5,-3664,19368,91,33,79,16,0,0,0,0,0,0,0,-32287,0,0,0,0,0,2969062,0
2823736,10122,-674,1064,-435,-476,800,5023,-1873,34,-7,-3632,19369,82,33,79,16,0,0,0,0,0,0,0,-32287,0,0,0,0,0,2969077,0
2823741,10484,-378,1446,-292,-540,630,4605,-1843,76,-9,-3544,19369,82,33,79,16,0,0,0,0,0,0,0,-32287,0,0,0,0,0,2969082,0
2823746,10920,-184,1562,-258,-558,498,4194,-1810,85,-9,-3440,19369,69,33,79,16,0,0,0,0,0,0,0,-32287,0,0,0,0,0,2969097,0
2823751,11066,-130,1702,-384,-558,387,3792,-1763,100,-9,-3336,19369,69,33,79,16,0,0,0,0,0,0,0,-32287,0,0,0,0,0,2969102,0
2823756,11366,-306,2590,-598,-142,204,3399,-1720,116,1,-3256,19366,85,33,79,16,0,0,0,0,0,0,0,-32287,0,0,0,0,0,2969117,0
2823761,11172,-804,3122,-622,121,134,3022,-1656,141,1,-3120,19366,85,33,79,16,0,0,0,0,0,0,0,-32287,0,0,0,0,0,2969122,0
2823766,10916,-1484,3216,-575,381,108,2661,-1588,169,1,-2984,19365,86,33,79,16,0,0,0,0,0,0,0,-32287,0,0,0,0,0,2969137,0
2823771,10594,-1876,3176,-518,625,95,2315,-1512,205,1,-2824,19365,86,33,79,16,0,0,0,0,0,0,0,-32287,0,0,0,0,0,2969142,0
2823776,9730,-2246,2658,-511,1070,102,1987,-1434,231,-2,-2648,19367,92,33,79,16,0,0,0,0,0,0,0,-32287,0,0,0,0,0,2969157,0
2823781,9312,-2500,2074,-546,1159,125,1675,-1367,246,0,-2520,19367,92,33,79,16,0,0,0,0,0,0,0,-32287,0,0,0,0,0,2969162,0
2823786,8508,-2494,1648,-615,1293,177,1380,-1292,255,-9,-2352,19368,80,33,79,16,0,0,0,0,0,0,0,-32287,0,0,0,0,0,2969177,0
2823791,8080,-2426,1248,-650,1303,180,1104,-1207,258,-10,-2136,19368,80,33,79,16,0,0,0,0,0,0,0,-32287,0,0,0,0,0,2969182,0
2823796,6956,-2664,490,-697,1212,233,847,-1120,269,-11,-1928,19367,64,33,79,16,0,0,0,0,0,0,0,-32287,0,0,0,0,0,2969196,0
2823801,7032,-2660,18,-710,1191,277,610,-1034,282,-15,-1720,19367,64,33,79,16,0,0,0,0,0,0,0,-32287,0,0,0,0,0,2969201,0
2823806,6428,-2560,24,-727,1082,273,398,-928,298,-13,-1464,19367,66,33,79,16,0,0,0,0,0,0,0,-32287,0,0,0,0,0,2969216,0
2823811,6410,-2658,-276,-687,930,243,206,-832,315,-7,-1256,19367,66,33,79,16,0,0,0,0,0,0,0,-32287,0,0,0,0,0,2969221,0
2823816,6418,-2446,-422,-503,586,193,33,-756,330,-7,-1088,19369,72,33,79,16,0,0,0,0,0,0,0,-32287,0,0,0,0,0,2969236,0
2823821,6574,-2224,-292,-523,466,184,-121,-668,318,-3,-896,19369,72,33,79,16,0,0,0,0,0,0,0,-32287,0,0,0,0,0,2969241,0
2823826,6730,-1986,-52,-627,428,202,-260,-604,301,7,-792,19372,77,33,79,16,0,0,0,0,0,0,0,-32287,0,0,0,0,0,2969256,0
2823831,6804,-1878,210,-760,431,221,-388,-559,266,4,-696,19372,77,33,79,16,0,0,0,0,0,0,0,-32287,0,0,0,0,0,2969261,0
2823836,6954,-1836,914,-990,504,289,-507,-520,222,9,-600,19373,78,33,79,16,0,0,0,0,0,0,0,-32287,0,0,0,0,0,2969276,0
2823841,7188,-2096,1324,-1028,617,317,-612,-459,200,7,-448,19373,78,33,79,16,0,0,0,0,0,0,0,-32287,0,0,0,0,0,2969281,0
2823846,7210,-2400,1564,-1031,650,346,-706,-411,174,7,-376,19372,70,33,79,16,0,0,0,0,0,0,0,-32287,0,0,0,0,0,2969296,0
2823851,7328,-2322,1754,-952,717,330,-790,-374,171,0,-312,19372,70,33,79,16,0,0,0,0,0,0,0,-32287,0,0,0,0,0,2969301,0
2823856,7514,-1902,1678,-879,819,291,-874,-359,151,4,-304,19368,63,33,79,16,0,0,0,0,0,0,0,-32286,0,0,0,0,0,2969316,0
2823861,7574,-1592,1604,-899,860,274,-950,-333,122,-5,-240,19368,63,33,79,16,0,0,0,0,0,0,0,-32287,0,0,0,0,0,2969321,0
2823866,7616,-1416,1510,-942,949,273,-1020,-304,91,-10,-176,19370,66,33,79,16,0,0,0,0,0,0,0,-32287,0,0,0,0,0,2969336,0
2823871,7342,-1310,1360,-1046,997,282,-1082,-266,90,-3,-128,19370,66,33,79,16,0,0,0,0,0,0,0,-32287,0,0,0,0,0,2969341,0
2823876,7068,-1326,836,-1164,1023,268,-1140,-257,95,13,-160,19373,64,33,79,16,0,0,0,0,0,0,0,-32287,0,0,0,0,0,2969356,0
2823881,6842,-1446,736,-1164,991,263,-1198,-253,84,5,-160,19373,64,33,79,16,0,0,0,0,0,0,0,-32287,0,0,0,0,0,2969361,0
2823886,6654,-1428,604,-1107,930,256,-1254,-243,61,5,-136,19373,61,33,79,16,0,0,0,0,0,0,0,-32287,0,0,0,0,0,2969376,0
2823891,6412,-1252,542,-1099,854,227,-1311,-248,35,3,-144,19373,61,33,79,16,0,0,0,0,0,0,0,-32287,0,0,0,0,0,2969381,0
2823896,6334,-1294,338,-1119,749,200,-1366,-241,12,1,-120,19371,64,33,79,16,0,0,0,0,0,0,0,-32287,0,0,0,0,0,2969396,0
2823901,6138,-1082,414,-1127,689,149,-1411,-196,25,-5,-80,19371,64,33,79,16,0,0,0,0,0,0,0,-32287,0,0,0,0,0,2969401,0
2823906,6188,-1246,356,-1168,669,163,-1450,-165,55,1,-56,19371,75,33,79,16,0,0,0,0,0,0,0,-32287,0,0,0,0,0,2969416,0
2823911,6052,-1130,442,-1192,623,134,-1480,-122,88,3,-56,19371,75,33,79,16,0,0,0,0,0,0,0,-32287,0,0,0,0,0,2969421,0
2823916,5956,-1326,594,-1214,599,131,-1506,-110,108,4,-56,19372,84,33,79,16,0,0,0,0,0,0,0,-32287,0,0,0,0,0,2969436,0
2823921,6168,-1524,588,-1183,601,132,-1526,-76,109,-7,-32,19372,84,33,79,16,0,0,0,0,0,0,0,-32287,0,0,0,0,0,2969441,0
2823926,6082,-1552,662,-1192,610,140,-1540,-65,96,-3,-32,19371,84,33,79,16,0,0,0,0,0,0,0,-32287,0,0,0,0,0,2969456,0
2823931,6128,-1644,724,-1210,633,164,-1561,-96,65,2,-48,19371,84,33,79,16,0,0,0,0,0,0,0,-32287,0,0,0,0,0,2969461,0
2823936,6306,-1644,852,-1199,667,151,-1582,-92,31,0,-40,19369,76,33,79,16,0,0,0,0,0,0,0,-32287,0,0,0,0,0,2969475,0
2823941,6368,-1802,848,-1188,687,176,-1599,-83,4,-2,-40,19369,76,33,79,16,0,0,0,0,0,0,0,-32287,0,0,0,0,0,2969488,0
2823946,6338,-1874,854,-1214,689,215,-1623,-103,-14,3,-56,19367,72,33,79,16,0,0,0,0,0,0,0,-32287,0,0,0,0,0,2969495,0
2823951,6372,-1886,860,-1210,688,198,-1646,-97,-16,-2,-40,19367,72,33,79,16,0,0,0,0,0,0,0,-32287,0,0,0,0,0,2969500,0
2823956,6564,-1996,732,-1118,678,234,-1661,-61,2,-6,-24,19366,75,33,79,16,0,0,0,0,0,0,0,-32287,0,0,0,0,0,2969518,0
2823961,6540,-2004,694,-1139,659,257,-1674,-56,20,-1,-32,19366,75,33,79,16,0,0,0,0,0,0,0,-32287,0,0,0,0,0,2969523,0
2823966,6614,-2082,554,-1147,660,280,-1690,-71,31,1,-40,19363,77,33,79,16,0,0,0,0,0,0,0,-32287,0,0,0,0,0,2969535,0
2823971,6706,-2044,516,-1127,641,270,-1704,-56,30,0,-24,19363,77,33,79,16,0,0,0,0,0,0,0,-32287,0,0,0,0,0,2969546,0
2823976,6806,-1988,412,-1046,566,297,-1712,-26,23,-3,-16,19364,85,33,79,16,0,0,0,0,0,0,0,-32287,0,0,0,0,0,2969555,0
2823981,6814,-1938,398,-1057,539,294,-1713,-3,35,-3,0,19364,85,33,79,16,0,0,0,0,0,0,0,-32287,0,0,0,0,0,2969559,0
2823986,6842,-1968,340,-1080,521,318,-1713,-1,60,-2,0,19366,81,33,79,16,0,0,0,0,0,0,0,-32287,0,0,0,0,0,2969574,0
2823991,6862,-1916,332,-1094,494,323,-1713,3,64,0,0,19366,81,33,79,16,0,0,0,0,0,0,0,-32287,0,0,0,0,0,2969579,0
2823996,6884,-1926,360,-1076,451,312,-1713,2,41,0,-8,19366,72,33,79,16,0,0,0,0,0,0,0,-32287,0,0,0,0,0,2969594,0
2824001,6828,-1964,422,-1040,433,305,-1713,-3,10,0,-8,19366,72,33,79,16,0,0,0,0,0,0,0,-32287,0,0,0,0,0,2969599,0
2824006,6814,-1994,424,-1024,420,308,-1711,4,2,0,-8,19365,71,33,79,16,0,0,0,0,0,0,0,-32287,0,0,0,0,0,2969614,0
2824011,6878,-1994,436,-1029,424,312,-1712,6,1,0,-8,19365,71,33,79,16,0,0,0,0,0,0,0,-32287,0,0,0,0,0,2969619,0
2824016,6918,-2054,558,-1059,441,331,-1713,-4,0,-1,0,19366,78,33,79,16,0,0,0,0,0,0,0,-32287,0,0,0,0,0,2969634,0
2824021,6964,-2082,616,-1058,432,338,-1713,-10,-4,1,0,19366,78,33,79,16,0,0,0,0,0,0,0,-32287,0,0,0,0,0,2969639,0
2824026,6988,-2098,654,-1037,417,330,-1713,3,0,0,8,19364,88,33,79,16,0,0,0,0,0,0,0,-32287,0,0,0,0,0,2969654,0
2824031,7048,-2064,698,-1020,401,333,-1712,-1,1,-1,0,19364,88,33,79,16,0,0,0,0,0,0,0,-32287,0,0,0,0,0,2969659,0
2824036,7100,-1926,720,-1020,382,325,-1712,-2,-3,0,-8,19367,82,33,79,16,0,0,0,0,0,0,0,-32287,0,0,0,0,0,2969674,0
2824041,7130,-1884,718,-1044,385,325,-1711,5,4,0,-8,19367,82,33,79,16,0,0,0,0,0,0,0,-32287,0,0,0,0,0,2969687,0
2824046,7176,-1862,752,-1069,374,319,-1712,1,2,0,-8,19366,72,33,79,16,0,0,0,0,0,0,0,-32287,0,0,0,0,0,2969693,0
2824051,7176,-1890,804,-1082,371,318,-1712,-5,-1,-1,-8,19366,72,33,79,16,0,0,0,0,0,0,0,-32287,0,0,0,0,0,2969698,0
2824056,7238,-1960,898,-1081,350,299,-1713,1,-2,-1,-8,19366,75,33,79,16,0,0,0,0,0,0,0,-32287,0,0,0,0,0,2969713,0
2824061,7344,-1982,966,-1068,333,300,-1713,-8,0,0,0,19366,75,33,79,16,0,0,0,0,0,0,0,-32287,0,0,0,0,0,2969718,0
2824066,7398,-1996,1020,-1066,329,299,-1712,0,1,0,0,19363,70,33,79,16,0,0,0,0,0,0,0,-32287,0,0,0,0,0,2969733,0
2824071,7532,-1954,1094,-1081,314,299,-1713,0,1,0,0,19363,70,33,79,16,0,0,0,0,0,0,0,-32287,0,0,0,0,0,2969738,0
2824076,7720,-1902,1240,-1093,310,294,-1713,-2,3,-1,0,19363,77,33,79,16,0,0,0,0,0,0,0,-32287,0,0,0,0,0,2969753,0
2824081,7810,-1894,1258,-1099,302,297,-1712,-1,-1,0,0,19363,77,33,79,16,0,0,0,0,0,0,0,-32287,0,0,0,0,0,2969758,0
2824086,7856,-1926,1272,-1095,286,294,-1712,9,5,0,-8,19367,79,33,79,16,0,0,0,0,0,0,0,-32287,0,0,0,0,0,2969773,0
2824091,8006,-1852,1284,-1092,284,284,-1712,9,0,0,0,19367,79,33,79,16,0,0,0,0,0,0,0,-32287,0,0,0,0,0,2969778,0
2824096,8176,-1684,1370,-1115,329,282,-1712,0,6,0,-8,19372,76,33,79,16,0,0,0,0,0,0,0,-32287,0,0,0,0,0,2969792,0
2824101,8240,-1608,1414,-1133,362,271,-1713,2,4,0,0,19372,76,33,79,16,0,0,0,0,0,0,0,-32287,0,0,0,0,0,2969797,0
2824106,8344,-1580,1464,-1160,405,260,-1713,-3,-1,0,0,19376,84,33,79,16,0,0,0,0,0,0,0,-32287,0,0,0,0,0,2969812,0
2824111,8440,-1606,1540,-1170,451,254,-1713,0,-4,0,-8,19376,84,33,79,16,0,0,0,0,0,0,0,-32287,0,0,0,0,0,2969824,0
2824116,8584,-1652,1662,-1167,534,234,-1713,-7,-4,0,0,19374,83,33,79,16,0,0,0,0,0,0,0,-32287,0,0,0,0,0,2969832,0
2824121,8664,-1678,1710,-1165,592,227,-1712,-1,2,0,0,19374,83,33,79,16,0,0,0,0,0,0,0,-32287,0,0,0,0,0,2969837,0
2824126,8712,-1632,1740,-1142,637,210,-1712,4,-3,1,0,19372,81,33,79,16,0,0,0,0,0,0,0,-32287,0,0,0,0,0,2969852,0
2824131,8760,-1626,1654,-1118,651,192,-1712,-1,-2,0,0,19372,81,33,79,16,0,0,0,0,0,0,0,-32287,0,0,0,0,0,2969857,0
2824136,9100,-1358,1602,-1064,677,135,-1712,8,2,-2,0,19366,71,33,79,16,0,0,0,0,0,0,0,-32287,0,0,0,0,0,2969871,0
2824141,9158,-1206,1514,-1093,702,133,-1714,-4,-5,-1,-8,19366,71,33,79,16,0,0,0,0,0,0,0,-32287,0,0,0,0,0,2969876,0
2824146,9196,-1148,1486,-1158,746,130,-1713,0,4,0,-8,19366,83,33,79,16,0,0,0,0,0,0,0,-32287,0,0,0,0,0,2969895,0
2824151,9132,-1142,1532,-1225,795,109,-1713,0,3,-1,0,19366,83,33,79,16,0,0,0,0,0,0,0,-32287,0,0,0,0,0,2969899,0
2824156,9106,-1154,1610,-1230,848,74,-1713,-2,-4,0,-8,19365,87,33,79,16,0,0,0,0,0,0,0,-32287,0,0,0,0,0,2969910,0
2824161,9138,-1144,1682,-1233,871,48,-1712,4,-1,0,-8,19365,87,33,79,16,0,0,0,0,0,0,0,-32287,0,0,0,0,0,2969915,0
2824166,9064,-1078,1784,-1236,925,17,-1713,-1,1,0,-8,19366,91,33,79,16,0,0,0,0,0,0,0,-32287,0,0,0,0,0,2969930,0
2824171,9072,-1122,1812,-1224,976,-12,-1712,4,6,0,-8,19366,91,33,79,16,0,0,0,0,0,0,0,-32287,0,0,0,0,0,2969939,0
2824176,8946,-1208,1878,-1143,1075,-89,-1713,0,-1,0,-8,19369,81,33,79,16,0,0,0,0,0,0,0,-32287,0,0,0,0,0,2969950,0
2824181,8784,-1244,1874,-1089,1098,-131,-1712,2,2,0,0,19369,81,33,79,16,0,0,0,0,0,0,0,-32287,0,0,0,0,0,2969955,0
2824186,8750,-1264,1722,-1066,1103,-164,-1713,0,6,-1,-8,19370,70,33,79,16,0,0,0,0,0,0,0,-32287,0,0,0,0,0,2969970,0
2824191,8648,-1192,1564,-1095,1090,-171,-1712,5,-2,0,0,19370,70,33,79,16,0,0,0,0,0,0,0,-32287,0,0,0,0,0,2969974,0
2824196,8572,-1160,1370,-1175,1050,-199,-1713,-2,-2,0,-8,19368,73,33,79,16,0,0,0,0,0,0,0,-32287,0,0,0,0,0,2969989,0
2824201,8544,-1140,1388,-1184,994,-223,-1711,-6,-4,0,-8,19368,73,33,79,16,0,0,0,0,0,0,0,-32287,0,0,0,0,0,2969999,0
2824206,8528,-1126,1390,-1182,949,-239,-1712,-4,-3,0,-8,19370,84,33,79,16,0,0,0,0,0,0,0,-32287,0,0,0,0,0,2970009,0
2824211,8458,-1092,1354,-1201,898,-246,-1711,2,2,0,-8,19370,84,33,79,16,0,0,0,0,0,0,0,-32287,0,0,0,0,0,2970013,0
2824216,8320,-1198,1272,-1270,750,-275,-1712,2,-3,0,0,19370,84,33,79,16,0,0,0,0,0,0,0,-32287,0,0,0,0,0,2970028,0
2824221,8252,-1412,1202,-1343,636,-246,-1710,10,3,0,0,19370,84,33,79,16,0,0,0,0,0,0,0,-32287,0,0,0,0,0,2970033,0
2824226,8450,-1748,1378,-1607,692,-135,-1709,11,6,-3,16,19369,78,33,79,16,0,0,0,0,0,0,0,-32287,0,0,0,0,0,2970051,0
2824231,8710,-1568,1778,-1861,721,-115,-1702,34,22,-2,16,19369,78,33,79,16,0,0,0,0,0,0,0,-32286,0,0,0,0,0,2970056,0
2824236,9114,-3330,2170,-1953,619,-27,-1693,37,31,-1,8,19369,70,33,79,16,0,0,0,0,0,0,0,-32287,0,0,0,0,0,2970067,0
2824241,9384,-3958,1894,-2008,433,47,-1685,33,40,0,8,19369,70,33,79,16,0,0,0,0,0,0,0,-32287,0,0,0,0,0,2970075,0
2824246,10228,-4444,1928,-2000,360,90,-1678,17,21,0,0,19371,75,33,79,16,0,0,0,0,0,0,0,-32287,0,0,0,0,0,2970090,0
2824251,10688,-4848,2398,-1913,362,114,-1677,8,-2,0,0,19371,75,33,79,16,0,0,0,0,0,0,0,-32286,0,0,0,0,0,2970095,0
2824256,11398,-6118,2540,-1640,283,178,-1675,4,-21,-2,8,19371,81,33,79,16,0,0,0,0,0,0,0,-32287,0,0,0,0,0,2970110,0
2824261,11454,-6322,2464,-1620,358,244,-1672,8,-29,-2,8,19371,81,33,79,16,0,0,0,0,0,0,0,-32287,0,0,0,0,0,2970115,0
2824266,11224,-6462,2346,-1793,608,377,-1662,46,-7,-5,32,19371,81,33,79,16,0,0,0,0,0,0,0,-32287,0,0,0,0,0,2970130,0
2824271,10618,-6762,2432,-2105,924,524,-1634,135,54,-15,112,19371,81,33,79,16,0,0,0,0,0,0,0,-32287,0,0,0,0,0,2970135,0
2824276,9592,-7510,2530,-1567,1188,381,-1582,244,148,-10,208,19367,66,33,79,16,0,0,0,0,0,0,0,-32287,0,0,0,0,0,2970150,0
2824281,8810,-7674,2138,-933,940,227,-1506,345,244,-3,384,19367,66,33,79,16,0,0,0,0,0,0,0,-32287,0,0,0,0,0,2970162,0
2824286,8734,-7360,1570,-387,703,48,-1404,452,319,-22,616,19368,56,33,79,16,0,0,0,0,0,0,0,-32287,0,0,0,0,0,2970170,0
2824291,8472,-6724,1184,-102,525,-109,-1282,553,358,-17,896,19368,56,33,79,16,0,0,0,0,0,0,0,-32287,0,0,0,0,0,2970175,0
2824296,7702,-6264,706,-55,212,-295,-1146,607,342,20,992,19366,51,33,79,16,0,0,0,0,0,0,0,-32287,0,0,0,0,0,2970189,0
2824301,7468,-6624,738,-78,135,-343,-999,651,295,19,1056,19366,51,33,79,16,0,0,0,0,0,0,0,-32287,0,0,0,0,0,2970198,0
2824306,6844,-6888,958,4,35,-389,-843,701,242,3,1144,19365,56,33,79,16,0,0,0,0,0,0,0,-32287,0,0,0,0,0,2970208,0
2824311,6196,-7666,764,156,-87,-350,-680,718,186,8,1152,19365,56,33,79,16,0,0,0,0,0,0,0,-32287,0,0,0,0,0,2970213,0
2824316,4986,-7690,548,660,-489,-355,-514,731,128,0,1176,19367,75,33,79,16,0,0,0,0,0,0,0,-32287,0,0,0,0,0,2970228,0
2824321,4566,-7332,370,885,-653,-327,-344,750,107,7,1184,19367,75,33,79,16,0,0,0,0,0,0,0,-32287,0,0,0,0,0,2970233,0
2824326,4216,-6716,244,960,-758,-272,-179,731,64,12,1120,19367,80,33,79,16,0,0,0,0,0,0,0,-32287,0,0,0,0,0,2970251,0
2824331,4016,-6194,200,947,-804,-214,-16,714,20,1,1088,19367,80,33,79,16,0,0,0,0,0,0,0,-32287,0,0,0,0,0,2970256,0
2824336,3786,-5484,360,908,-811,-81,147,702,-13,4,1040,19364,77,33,79,16,0,0,0,0,0,0,0,-32287,0,0,0,0,0,2970268,0
2824341,3724,-5062,536,944,-791,-33,299,671,-42,2,992,19364,77,33,79,16,0,0,0,0,0,0,0,-32287,0,0,0,0,0,2970273,0
2824346,3834,-4562,578,992,-772,-16,448,649,-65,2,944,19365,81,33,79,16,0,0,0,0,0,0,0,-32287,0,0,0,0,0,2970287,0
2824351,3850,-4368,690,1025,-620,77,591,633,-77,1,912,19365,81,33,79,16,0,0,0,0,0,0,0,-32287,0,0,0,0,0,2970296,0
2824356,3824,-4044,262,1115,-683,138,730,613,-79,-4,872,19365,85,33,79,16,0,0,0,0,0,0,0,-32287,0,0,0,0,0,2970307,0
2824361,3870,-3574,184,1111,-569,217,863,587,-75,-4,816,19365,85,33,79,16,0,0,0,0,0,0,0,-32287,0,0,0,0,0,2970312,0
2824366,3716,-3068,400,943,-482,258,999,598,-63,-12,864,19367,85,33,79,16,0,0,0,0,0,0,0,-32287,0,0,0,0,0,2970327,0
2824371,4138,-3346,148,857,-323,355,1135,598,-38,-7,872,19367,85,33,79,16,0,0,0,0,0,0,0,-32287,0,0,0,0,0,2970332,0
2824376,3998,-3706,-164,886,-400,373,1271,595,-16,-6,880,19365,75,33,79,16,0,0,0,0,0,0,0,-32287,0,0,0,0,0,2970347,0
2824381,4240,-3524,-326,1076,-480,359,1411,619,5,-7,936,19365,75,33,79,16,0,0,0,0,0,0,0,-32287,0,0,0,0,0,2970352,0
2824386,4454,-3420,-494,1061,-573,389,1552,617,24,0,912,19364,70,33,79,16,0,0,0,0,0,0,0,-32287,0,0,0,0,0,2970367,0
2824391,4780,-3020,-576,883,-651,426,1692,606,20,3,880,19364,70,33,79,16,0,0,0,0,0,0,0,-32287,0,0,0,0,0,2970372,0
2824396,5662,-3264,-408,443,-715,519,1828,606,11,-1,888,19365,72,33,79,16,0,0,0,0,0,0,0,-32287,0,0,0,0,0,2970387,0
2824401,5916,-3718,-134,293,-754,597,1960,581,-11,8,816,19365,72,33,79,16,0,0,0,0,0,0,0,-32287,0,0,0,0,0,2970392,0
2824406,6334,-3972,248,211,-791,680,2086,546,-46,7,712,19368,68,33,79,16,0,0,0,0,0,0,0,-32287,0,0,0,0,0,2970407,0
2824411,6742,-4358,602,200,-790,733,2207,522,-67,-2,656,19368,68,33,79,16,0,0,0,0,0,0,0,-32287,0,0,0,0,0,2970412,0
2824416,7578,-4636,1058,166,-740,876,2322,509,-74,-7,632,19371,76,33,79,16,0,0,0,0,0,0,0,-32287,0,0,0,0,0,2970427,0
2824421,7818,-4450,1164,93,-682,934,2429,470,-91,0,536,19371,76,33,79,16,0,0,0,0,0,0,0,-32287,0,0,0,0,0,2970431,0
2824426,8114,-4400,1142,48,-645,965,2529,434,-98,-8,472,19370,77,33,79,16,0,0,0,0,0,0,0,-32287,0,0,0,0,0,2970446,0
2824431,8164,-4338,1054,-11,-575,975,2622,410,-104,-3,416,19370,77,33,79,16,0,0,0,0,0,0,0,-32287,0,0,0,0,0,2970451,0
2824436,8316,-3848,658,-71,-464,892,2710,385,-103,5,376,19368,64,33,79,16,0,0,0,0,0,0,0,-32287,0,0,0,0,0,2970468,0
2824441,8230,-3594,510,-67,-422,815,2794,366,-101,11,312,19368,64,33,79,16,0,0,0,0,0,0,0,-32287,0,0,0,0,0,2970473,0
2824446,8240,-3524,348,-43,-347,701,2869,322,-91,16,216,19364,58,33,79,16,0,0,0,0,0,0,0,-32287,0,0,0,0,0,2970484,0
2824451,8128,-3460,214,9,-327,576,2940,309,-86,5,192,19364,58,33,79,16,0,0,0,0,0,0,0,-32287,0,0,0,0,0,2970488,0
2824456,7572,-3422,42,-39,-279,402,3001,267,-99,2,136,19367,73,33,79,16,0,0,0,0,0,0,0,-32287,0,0,0,0,0,2970503,0
2824461,7346,-3470,-62,-138,-259,312,3055,239,-106,-13,128,19367,73,33,79,16,0,0,0,0,0,0,0,-32287,0,0,0,0,0,2970509,0
2824466,7038,-3672,-92,-208,-262,237,3107,229,-108,-6,120,19367,80,33,79,16,0,0,0,0,0,0,0,-32287,0,0,0,0,0,2970523,0
2824471,6692,-4074,-84,-184,-346,198,3156,214,-85,0,112,19367,80,33,79,16,0,0,0,0,0,0,0,-32287,0,0,0,0,0,2970528,0
2824476,6276,-4638,-88,4,-625,65,3205,218,-61,-2,112,19367,78,33,79,16,0,0,0,0,0,0,0,-32287,0,0,0,0,0,2970543,0
2824481,5970,-4676,14,101,-795,41,3255,220,-32,5,104,19367,78,33,79,16,0,0,0,0,0,0,0,-32287,0,0,0,0,0,2970548,0
2824486,5914,-4664,68,154,-900,-9,3301,199,-22,2,96,19363,62,33,79,16,0,0,0,0,0,0,0,-32287,0,0,0,0,0,2970563,0
2824491,5972,-4714,116,215,-1015,-14,3342,184,-23,-1,80,19363,62,33,79,16,0,0,0,0,0,0,0,-32287,0,0,0,0,0,2970568,0
2824496,6224,-4718,346,377,-1102,-34,3385,187,-26,1,80,19364,70,33,79,16,0,0,0,0,0,0,0,-32286,0,0,0,0,0,2970587,0
2824501,6028,-4168,492,301,-1135,-58,3421,159,-42,0,72,19364,70,33,79,16,0,0,0,0,0,0,0,-32287,0,0,0,0,0,2970596,0
2824506,6520,-4526,426,273,-1056,-6,3457,147,-39,0,56,19365,80,33,79,16,0,0,0,0,0,0,0,-32287,0,0,0,0,0,2970603,0
2824511,6286,-4360,710,317,-1045,12,3489,145,-43,-4,72,19365,80,33,79,16,0,0,0,0,0,0,0,-32287,0,0,0,0,0,2970616,0
2824516,6588,-4434,940,564,-989,30,3529,174,-22,1,88,19366,79,33,79,16,0,0,0,0,0,0,0,-32287,0,0,0,0,0,2970622,0
2824521,6798,-4248,916,707,-975,49,3576,210,10,0,120,19366,79,33,79,16,0,0,0,0,0,0,0,-32286,0,0,0,0,0,2970627,0
2824526,6806,-3932,926,798,-928,67,3628,236,57,-2,160,19365,65,33,79,16,0,0,0,0,0,0,0,-32287,0,0,0,0,0,2970642,0
2824531,6890,-3776,920,876,-939,63,3696,300,105,-3,256,19365,65,33,79,16,0,0,0,0,0,0,0,-32286,0,0,0,0,0,2970647,0
2824536,7022,-3176,712,1059,-899,52,3767,313,121,8,248,19364,58,33,79,16,0,0,0,0,0,0,0,-32288,0,0,0,0,0,2970662,0
2824541,7162,-3010,520,1109,-896,43,3843,341,135,-4,296,19364,58,33,79,16,0,0,0,0,0,0,0,-32287,0,0,0,0,0,2970667,0
2824546,7210,-2810,398,1121,-881,37,3925,360,110,-1,312,19365,58,33,79,16,0,0,0,0,0,0,0,-32287,0,0,0,0,0,2970682,0
2824551,7216,-2676,288,1121,-878,34,4011,384,91,-9,384,19365,58,33,79,16,0,0,0,0,0,0,0,-32287,0,0,0,0,0,2970686,0
2824556,7206,-2630,142,1240,-946,6,4109,434,88,-19,504,19365,74,33,79,16,0,0,0,0,0,0,0,-32288,0,0,0,0,0,2970701,0
2824561,7170,-2738,48,1284,-1002,28,4211,449,100,-7,544,19365,74,33,79,16,0,0,0,0,0,0,0,-32287,0,0,0,0,0,2970706,0
2824566,7152,-2582,-14,1258,-1045,22,4315,446,92,6,504,19365,85,33,79,16,0,0,0,0,0,0,0,-32287,0,0,0,0,0,2970721,0
2824571,7288,-2556,-76,1204,-1054,45,4419,453,72,8,520,19365,85,33,79,16,0,0,0,0,0,0,0,-32287,0,0,0,0,0,2970726,0
2824576,7150,-2636,0,1179,-1100,71,4527,480,46,0,608,19365,75,33,79,16,0,0,0,0,0,0,0,-32287,0,0,0,0,0,2970741,0
2824581,7162,-2672,-8,1201,-1136,111,4636,483,33,0,616,19365,75,33,79,16,0,0,0,0,0,0,0,-32288,0,0,0,0,0,2970746,0
2824586,7088,-2642,46,1175,-1157,146,4742,463,20,8,528,19368,72,33,79,16,0,0,0,0,0,0,0,-32287,0,0,0,0,0,2970761,0
2824591,7116,-2684,102,1102,-1145,184,4844,447,3,1,496,19368,72,33,79,16,0,0,0,0,0,0,0,-32287,0,0,0,0,0,2970766,0
2824596,7186,-2452,124,956,-1072,245,4943,435,-25,-6,480,19370,71,33,79,16,0,0,0,0,0,0,0,-32287,0,0,0,0,0,2970781,0
2824601,7090,-2486,162,884,-1057,274,5040,425,-43,-1,456,19370,71,33,79,16,0,0,0,0,0,0,0,-32287,0,0,0,0,0,2970786,0
2824606,7118,-2756,138,846,-993,333,5132,397,-52,9,400,19371,70,33,79,16,0,0,0,0,0,0,0,-32287,0,0,0,0,0,2970801,0
2824611,7218,-2734,408,840,-884,359,5219,374,-59,15,320,19371,70,33,79,16,0,0,0,0,0,0,0,-32287,0,0,0,0,0,2970806,0
2824616,7140,-3024,432,904,-818,395,5299,351,-65,10,272,19372,74,33,79,16,0,0,0,0,0,0,0,-32287,0,0,0,0,0,2970821,0
2824621,7204,-3010,424,991,-791,406,5376,340,-78,6,256,19372,74,33,79,16,0,0,0,0,0,0,0,-32287,0,0,0,0,0,2970826,0
2824626,7270,-2824,380,1034,-750,423,5448,309,-81,5,208,19371,64,33,79,16,0,0,0,0,0,0,0,-32287,0,0,0,0,0,2970841,0
2824631,7312,-2624,378,1014,-687,422,5515,288,-74,6,176,19371,64,33,79,16,0,0,0,0,0,0,0,-32287,0,0,0,0,0,2970854,0
2824636,7384,-2618,172,973,-598,418,5573,244,-81,2,104,19368,62,33,79,16,0,0,0,0,0,0,0,-32287,0,0,0,0,0,2970860,0
2824641,7534,-2842,38,1019,-589,429,5621,200,-95,-6,88,19368,62,33,79,16,0,0,0,0,0,0,0,-32287,0,0,0,0,0,2970865,0
2824646,7506,-2524,108,1052,-569,407,5663,181,-117,-6,72,19367,73,33,79,16,0,0,0,0,0,0,0,-32287,0,0,0,0,0,2970880,0
2824651,7650,-2630,70,993,-506,424,5692,119,-126,2,48,19367,73,33,79,16,0,0,0,0,0,0,0,-32287,0,0,0,0,0,2970885,0
2824656,7760,-2658,-30,922,-400,419,5716,95,-137,-3,32,19373,80,33,79,16,0,0,0,0,0,0,0,-32287,0,0,0,0,0,2970900,0
2824661,7472,-2570,-86,1005,-511,410,5729,42,-134,8,8,19373,80,33,79,16,0,0,0,0,0,0,0,-32287,0,0,0,0,0,2970905,0
2824666,7602,-2834,-334,1050,-481,377,5730,-4,-139,6,-8,19374,79,33,79,16,0,0,0,0,0,0,0,-32287,0,0,0,0,0,2970920,0
2824671,7550,-2360,34,1055,-398,352,5728,-4,-146,0,-8,19374,79,33,79,16,0,0,0,0,0,0,0,-32287,0,0,0,0,0,2970925,0
2824676,7808,-2182,110,914,-258,337,5727,-5,-107,-2,0,19375,67,33,79,16,0,0,0,0,0,0,0,-32287,0,0,0,0,0,2970940,0
2824681,7648,-2386,126,935,-226,302,5729,6,-68,0,-8,19375,67,33,79,16,0,0,0,0,0,0,0,-32287,0,0,0,0,0,2970945,0
2824686,7666,-2572,4,1002,-221,288,5728,2,-16,2,0,19371,58,33,79,16,0,0,0,0,0,0,0,-32287,0,0,0,0,0,2970960,0
2824691,7612,-2524,-58,1034,-210,296,5727,-5,8,2,-8,19371,58,33,79,16,0,0,0,0,0,0,0,-32287,0,0,0,0,0,2970965,0
2824696,7528,-2452,-210,909,-142,334,5729,1,3,0,0,19370,60,33,79,16,0,0,0,0,0,0,0,-32287,0,0,0,0,0,2970980,0
2824701,7386,-2354,-254,830,-107,357,5732,15,7,0,8,19370,60,33,79,16,0,0,0,0,0,0,0,-32287,0,0,0,0,0,2970985,0
2824706,7402,-2354,-272,787,-73,367,5736,29,15,-1,16,19371,56,33,79,16,0,0,0,0,0,0,0,-32287,0,0,0,0,0,2971000,0
2824711,7238,-2466,-324,802,-64,335,5748,54,30,-5,40,19371,56,33,79,16,0,0,0,0,0,0,0,-32287,0,0,0,0,0,2971005,0
2824716,7342,-2404,-420,1165,-98,230,5778,145,71,-11,96,19371,58,33,79,16,0,0,0,0,0,0,0,-32288,0,0,0,0,0,2971020,0
2824721,7426,-2510,-492,1312,-155,195,5826,212,141,-4,144,19371,58,33,79,16,0,0,0,0,0,0,0,-32287,0,0,0,0,0,2971025,0
2824726,7584,-2198,-588,1404,-205,151,5888,280,203,2,240,19371,64,33,79,16,0,0,0,0,0,0,0,-32287,0,0,0,0,0,2971040,0
2824731,7768,-2022,-618,1445,-210,103,5965,346,234,-2,328,19371,64,33,79,16,0,0,0,0,0,0,0,-32287,0,0,0,0,0,2971045,0
2824736,8112,-1882,-562,1454,-251,40,6053,381,235,0,376,19371,69,33,79,16,0,0,0,0,0,0,0,-32287,0,0,0,0,0,2971060,0
2824741,8220,-1776,-444,1435,-249,17,6145,414,199,-9,464,19371,69,33,79,16,0,0,0,0,0,0,0,-32287,0,0,0,0,0,2971065,0
2824746,8322,-1870,-278,1401,-194,21,6243,423,151,-10,488,19370,66,33,79,16,0,0,0,0,0,0,0,-32287,0,0,0,0,0,2971080,0
2824751,8380,-1790,-46,1363,-180,-25,6344,452,110,-7,544,19370,66,33,79,16,0,0,0,0,0,0,0,-32287,0,0,0,0,0,2971093,0
2824756,8572,-1812,118,1403,-83,-89,6454,486,91,-7,656,19371,66,33,79,16,0,0,0,0,0,0,0,-32287,0,0,0,0,0,2971099,0
2824761,8556,-1778,260,1422,-60,-124,6567,489,79,1,656,19371,66,33,79,16,0,0,0,0,0,0,0,-32287,0,0,0,0,0,2971104,0
2824766,8690,-1562,316,1377,-5,-157,6681,502,70,6,672,19371,72,33,79,16,0,0,0,0,0,0,0,-32287,0,0,0,0,0,2971119,0
2824771,8712,-1616,334,1295,102,-184,6797,516,63,4,704,19371,72,33,79,16,0,0,0,0,0,0,0,-32287,0,0,0,0,0,2971124,0
2824776,8730,-2072,284,1329,179,-247,6923,547,58,5,768,19368,65,33,79,16,0,0,0,0,0,0,0,-32287,0,0,0,0,0,2971139,0
2824781,8736,-2064,326,1368,181,-291,7049,549,55,10,760,19368,65,33,79,16,0,0,0,0,0,0,0,-32287,0,0,0,0,0,2971144,0
2824786,8864,-2056,302,1396,208,-318,7179,572,61,3,824,19367,71,33,79,16,0,0,0,0,0,0,0,-32287,0,0,0,0,0,2971159,0
2824791,8856,-1902,308,1388,263,-349,7316,602,66,2,896,19367,71,33,79,16,0,0,0,0,0,0,0,-32287,0,0,0,0,0,2971164,0
2824796,8794,-2114,112,1439,289,-388,7457,625,69,13,920,19368,69,33,79,16,0,0,0,0,0,0,0,-32287,0,0,0,0,0,2971179,0
2824801,8844,-2048,24,1500,285,-414,7600,635,76,6,952,19368,69,33,79,16,0,0,0,0,0,0,0,-32287,0,0,0,0,0,2971184,0
2824806,8910,-2002,-66,1590,283,-456,7751,665,74,-9,1032,19370,80,33,79,16,0,0,0,0,0,0,0,-32287,0,0,0,0,0,2971199,0
2824811,8920,-1928,-182,1664,277,-493,7907,686,74,0,1056,19370,80,33,79,16,0,0,0,0,0,0,0,-32287,0,0,0,0,0,2971204,0
2824816,9012,-1562,-372,1701,224,-542,8065,705,69,0,1104,19370,74,33,79,16,0,0,0,0,0,0,0,-32287,0,0,0,0,0,2971219,0
2824821,8992,-1356,-476,1683,214,-567,8226,713,68,3,1096,19370,74,33,79,16,0,0,0,0,0,0,0,-32287,0,0,0,0,0,2971224,0
2824826,9016,-1352,-504,1669,159,-576,8390,718,57,7,1096,19369,64,33,79,16,0,0,0,0,0,0,0,-32287,0,0,0,0,0,2971239,0
2824831,8978,-1118,-492,1635,125,-598,8552,705,36,2,1080,19369,64,33,79,16,0,0,0,0,0,0,0,-32287,0,0,0,0,0,2971244,0
2824836,9082,-796,-428,1561,102,-635,8714,707,20,-3,1072,19368,62,33,79,16,0,0,0,0,0,0,0,-32287,0,0,0,0,0,2971259,0
2824841,9094,-832,-450,1521,96,-643,8871,697,-1,0,1040,19368,62,33,79,16,0,0,0,0,0,0,0,-32287,0,0,0,0,0,2971264,0
2824846,9020,-790,-488,1451,72,-616,9025,665,-24,4,976,19369,74,33,79,16,0,0,0,0,0,0,0,-32287,0,0,0,0,0,2971279,0
2824851,9060,-764,-458,1406,81,-614,9178,663,-42,1,984,19369,74,33,79,16,0,0,0,0,0,0,0,-32287,0,0,0,0,0,2971283,0
2824856,8944,-1108,-322,1328,105,-580,9327,649,-42,0,960,19373,81,33,79,16,0,0,0,0,0,0,0,-32287,0,0,0,0,0,2971302,0
2824861,8960,-1264,-224,1249,91,-572,9467,622,-54,0,888,19373,81,33,79,16,0,0,0,0,0,0,0,-32287,0,0,0,0,0,2971307,0
2824866,9248,-1432,-172,1217,116,-583,9606,611,-63,-7,888,19373,78,33,79,16,0,0,0,0,0,0,0,-32287,0,0,0,0,0,2971318,0
2824871,9190,-1932,-172,1219,141,-582,9739,583,-70,0,792,19373,78,33,79,16,0,0,0,0,0,0,0,-32287,0,0,0,0,0,2971323,0
2824876,9210,-2872,-424,1178,56,-564,9866,555,-74,0,720,19372,70,33,79,16,0,0,0,0,0,0,0,-32287,0,0,0,0,0,2971338,0
2824881,9160,-3190,-260,1165,-8,-575,9985,532,-82,-12,688,19372,70,33,79,16,0,0,0,0,0,0,0,-32287,0,0,0,0,0,2971343,0
2824886,9356,-3532,-122,1186,-95,-594,10103,518,-80,-11,664,19371,64,33,79,16,0,0,0,0,0,0,0,-32287,0,0,0,0,0,2971358,0
2824891,9412,-3984,92,1191,-194,-577,10210,470,-94,3,520,19371,64,33,79,16,0,0,0,0,0,0,0,-32287,0,0,0,0,0,2971363,0
2824896,9564,-3924,560,1022,-387,-540,10308,436,-96,-4,448,19371,73,33,79,16,0,0,0,0,0,0,0,-32287,0,0,0,0,0,2971378,0
2824901,9618,-3918,826,847,-435,-504,10393,383,-117,-5,368,19371,73,33,79,16,0,0,0,0,0,0,0,-32287,0,0,0,0,0,2971383,0
2824906,9660,-3882,1110,628,-414,-442,10476,354,-134,8,296,19369,73,33,79,16,0,0,0,0,0,0,0,-32287,0,0,0,0,0,2971398,0
2824911,9660,-4054,1402,519,-445,-386,10551,320,-138,15,200,19369,73,33,79,16,0,0,0,0,0,0,0,-32287,0,0,0,0,0,2971412,0
2824916,9238,-3954,1568,758,-603,-372,10611,253,-128,17,104,19370,67,33,79,16,0,0,0,0,0,0,0,-32287,0,0,0,0,0,2971418,0
2824921,9304,-3596,1572,903,-622,-358,10652,173,-157,-9,56,19370,67,33,79,16,0,0,0,0,0,0,0,-32287,0,0,0,0,0,2971423,0
2824926,9118,-2788,1672,870,-612,-347,10681,113,-189,-7,16,19370,62,33,79,16,0,0,0,0,0,0,0,-32287,0,0,0,0,0,2971438,0
2824931,9128,-2310,1692,662,-485,-310,10687,11,-242,8,-16,19370,62,33,79,16,0,0,0,0,0,0,0,-32286,0,0,0,0,0,2971443,0
2824936,9098,-2166,1580,349,-370,-369,10682,-22,-256,2,-16,19369,59,33,79,16,0,0,0,0,0,0,0,-32287,0,0,0,0,0,2971458,0
2824941,8826,-2088,1606,255,-288,-395,10675,-25,-225,0,-16,19369,59,33,79,16,0,0,0,0,0,0,0,-32287,0,0,0,0,0,2971463,0
2824946,8940,-2416,1802,166,-128,-400,10674,-8,-155,-2,-8,19370,72,33,79,16,0,0,0,0,0,0,0,-32287,0,0,0,0,0,2971478,0
2824951,8830,-2808,1712,126,-133,-436,10673,-11,-67,0,-8,19370,72,33,79,16,0,0,0,0,0,0,0,-32287,0,0,0,0,0,2971483,0
2824956,8904,-3240,1544,-105,73,-463,10675,1,8,0,-8,19370,81,33,79,16,0,0,0,0,0,0,0,-32287,0,0,0,0,0,2971498,0
2824961,8684,-3582,1422,-265,136,-462,10674,1,18,0,-8,19370,81,33,79,16,0,0,0,0,0,0,0,-32287,0,0,0,0,0,2971503,0
2824966,8362,-4060,1380,-398,153,-457,10672,-9,16,0,-8,19372,77,33,79,16,0,0,0,0,0,0,0,-32287,0,0,0,0,0,2971518,0
2824971,8058,-4668,1284,-528,139,-437,10672,-7,-1,1,-8,19372,77,33,79,16,0,0,0,0,0,0,0,-32287,0,0,0,0,0,2971523,0
2824976,7434,-5464,1190,-767,28,-340,10673,-7,2,0,-8,19369,70,33,79,16,0,0,0,0,0,0,0,-32287,0,0,0,0,0,2971538,0
2824981,6938,-5882,1232,-853,-90,-283,10673,-5,0,0,-8,19369,70,33,79,16,0,0,0,0,0,0,0,-32287,0,0,0,0,0,2971543,0
2824986,6514,-6386,1200,-858,-234,-252,10672,-1,4,0,-8,19369,80,33,79,16,0,0,0,0,0,0,0,-32287,0,0,0,0,0,2971557,0
2824991,6850,-6498,1262,-700,-452,-351,10668,-23,-5,4,-24,19369,80,33,79,16,0,0,0,0,0,0,0,-32287,0,0,0,0,0,2971562,0
2824996,6562,-7686,1552,1658,-917,-886,10646,-105,-48,11,-64,19368,79,33,79,16,0,0,0,0,0,0,0,-32287,0,0,0,0,0,2971577,0
2825001,5728,-5718,1260,1949,-1549,-995,10607,-174,-107,13,-160,19368,79,33,79,16,0,0,0,0,0,0,0,-32287,0,0,0,0,0,2971582,0
2825006,8358,-3366,2652,918,-482,-884,10536,-327,-210,25,-416,19368,78,33,79,16,0,0,0,0,0,0,0,-32287,0,0,0,0,0,2971597,0
2825011,5644,-4104,1398,-144,-497,-742,10428,-491,-329,38,-808,19368,78,33,79,16,0,0,0,0,0,0,0,-32287,0,0,0,0,0,2971602,0
2825016,5418,-6974,2054,-440,-295,-545,10285,-652,-434,30,-1232,19368,66,33,79,16,0,0,0,0,0,0,0,-32287,0,0,0,0,0,2971617,0
2825021,5024,-8156,1952,-64,-513,-454,10103,-815,-514,10,-1616,19368,66,33,79,16,0,0,0,0,0,0,0,-32287,0,0,0,0,0,2971622,0
2825026,5418,-7922,2346,76,-352,-264,9878,-995,-573,10,-1984,19368,61,33,79,16,0,0,0,0,0,0,0,-32287,0,0,0,0,0,2971637,0
2825031,4860,-7494,2556,-102,-167,-49,9618,-1155,-587,2,-2336,19368,61,33,79,16,0,0,0,0,0,0,0,-32287,0,0,0,0,0,2971642,0
2825036,4810,-7846,2048,-100,-114,308,9320,-1318,-591,0,-2616,19367,58,33,79,16,0,0,0,0,0,0,0,-32287,0,0,0,0,0,2971657,0
2825041,4988,-7564,1914,24,-91,451,8988,-1483,-582,-3,-2936,19367,58,33,79,16,0,0,0,0,0,0,0,-32287,0,0,0,0,0,2971662,0
2825046,5252,-6834,1708,60,-121,565,8622,-1619,-560,-10,-3216,19368,62,33,79,16,0,0,0,0,0,0,0,-32287,0,0,0,0,0,2971677,0
2825051,5484,-6074,1326,12,-94,644,8226,-1758,-534,-14,-3472,19368,62,33,79,16,0,0,0,0,0,0,0,-32287,0,0,0,0,0,2971682,0
2825056,5916,-4978,722,-290,-133,837,7799,-1882,-512,-13,-3704,19368,77,33,79,16,0,0,0,0,0,0,0,-32286,0,0,0,0,0,2971697,0
2825061,6168,-4286,472,-481,-191,867,7354,-1971,-466,-17,-3880,19368,77,33,79,16,0,0,0,0,0,0,0,-32287,0,0,0,0,0,2971702,0
2825066,6546,-4022,394,-581,-253,919,6894,-2035,-406,-8,-4000,19370,82,33,79,16,0,0,0,0,0,0,0,-32287,0,0,0,0,0,2971717,0
2825071,6702,-3744,392,-705,-355,954,6426,-2056,-318,-3,-4080,19370,82,33,79,16,0,0,0,0,0,0,0,-32287,0,0,0,0,0,2971722,0
2825076,7390,-2822,496,-944,-512,979,5956,-2064,-221,3,-4080,19367,84,33,79,16,0,0,0,0,0,0,0,-32287,0,0,0,0,0,2971737,0
2825081,7778,-2362,544,-993,-586,940,5581,-2065,-128,-3,-4072,19367,84,33,79,16,0,0,0,0,0,0,0,-32287,0,0,0,0,0,2971742,0
2825086,8114,-2100,634,-1061,-691,902,5112,-2058,-59,-6,-4048,19367,85,33,79,16,0,0,0,0,0,0,0,-32287,0,0,0,0,0,2971757,0
2825091,8582,-1686,816,-1094,-800,815,4646,-2045,-7,-12,-3984,19367,85,33,79,16,0,0,0,0,0,0,0,-32287,0,0,0,0,0,2971762,0
2825096,9524,-1082,1586,-871,-888,534,4187,-2015,29,-17,-3888,19367,86,33,79,16,0,0,0,0,0,0,0,-32287,0,0,0,0,0,2971777,0
2825101,9768,-834,1752,-769,-968,401,3737,-1973,68,-11,-3784,19367,86,33,79,16,0,0,0,0,0,0,0,-32287,0,0,0,0,0,2971782,0
2825106,10002,-414,1750,-788,-957,263,3299,-1912,107,-3,-3640,19369,76,33,79,16,0,0,0,0,0,0,0,-32288,0,0,0,0,0,2971797,0
2825111,10360,-132,1906,-914,-804,158,2876,-1853,149,4,-3544,19369,76,33,79,16,0,0,0,0,0,0,0,-32287,0,0,0,0,0,2971802,0
2825116,10346,-378,3324,-1111,-200,-19,2470,-1778,194,10,-3408,19371,69,33,79,16,0,0,0,0,0,0,0,-32287,0,0,0,0,0,2971817,0
2825121,10302,-924,3560,-1100,91,-96,2080,-1710,221,4,-3272,19371,69,33,79,16,0,0,0,0,0,0,0,-32287,0,0,0,0,0,2971822,0
2825126,10060,-1460,3602,-1032,427,-134,1704,-1646,236,2,-3144,19370,66,33,79,16,0,0,0,0,0,0,0,-32287,0,0,0,0,0,2971837,0
2825131,9574,-1584,3594,-985,734,-184,1341,-1589,234,-2,-3000,19370,66,33,79,16,0,0,0,0,0,0,0,-32288,0,0,0,0,0,2971842,0
2825136,8632,-1956,3146,-1024,1299,-210,991,-1531,218,-5,-2856,19369,80,33,79,16,0,0,0,0,0,0,0,-32287,0,0,0,0,0,2971857,0
2825141,8256,-2376,2654,-1035,1522,-194,656,-1474,211,-8,-2720,19369,80,33,79,16,0,0,0,0,0,0,0,-32287,0,0,0,0,0,2971862,0
2825146,7588,-2402,2090,-1067,1638,-163,335,-1408,212,-7,-2544,19371,94,33,79,16,0,0,0,0,0,0,0,-32287,0,0,0,0,0,2971877,0
2825151,7114,-2700,1652,-1082,1703,-181,33,-1327,219,-7,-2352,19371,94,33,79,16,0,0,0,0,0,0,0,-32287,0,0,0,0,0,2971882,0
2825156,6280,-2884,676,-921,1633,-145,-252,-1250,236,-5,-2184,19373,98,33,79,16,0,0,0,0,0,0,0,-32287,0,0,0,0,0,2971897,0
2825161,6002,-2896,146,-982,1546,-121,-518,-1159,259,-7,-1968,19373,98,33,79,16,0,0,0,0,0,0,0,-32287,0,0,0,0,0,2971910,0
2825166,6026,-2826,-60,-1032,1532,-98,-765,-1071,276,-4,-1776,19372,92,33,79,16,0,0,0,0,0,0,0,-32287,0,0,0,0,0,2971917,0
2825171,5722,-2838,-134,-1014,1411,-97,-993,-995,288,7,-1632,19372,92,33,79,16,0,0,0,0,0,0,0,-32287,0,0,0,0,0,2971922,0
2825176,5796,-3032,-550,-854,1058,-113,-1202,-919,291,6,-1496,19371,76,33,79,16,0,0,0,0,0,0,0,-32287,0,0,0,0,0,2971937,0
2825181,5758,-2804,-416,-872,927,-94,-1401,-870,269,7,-1392,19371,76,33,79,16,0,0,0,0,0,0,0,-32287,0,0,0,0,0,2971942,0
2825186,5800,-2606,-312,-1018,887,-33,-1585,-808,322,0,-1280,19370,69,33,79,16,0,0,0,0,0,0,0,-32288,0,0,0,0,0,2971957,0
2825191,5864,-2434,-20,-1199,867,11,-1762,-773,282,6,-1224,19370,69,33,79,16,0,0,0,0,0,0,0,-32287,0,0,0,0,0,2971962,0
2825196,6008,-2832,388,-1288,765,49,-1925,-713,256,-1,-1072,19371,71,33,79,16,0,0,0,0,0,0,0,-32287,0,0,0,0,0,2971977,0
2825201,5968,-3064,492,-1200,648,51,-2079,-677,118,3,-1016,19371,71,33,79,16,0,0,0,0,0,0,0,-32287,0,0,0,0,0,2971981,0
2825206,6204,-2914,776,-1050,597,33,-2227,-643,110,-3,-928,19368,75,33,79,16,0,0,0,0,0,0,0,-32287,0,0,0,0,0,2971996,0
2825211,6394,-2520,998,-952,603,-7,-2365,-604,147,-6,-848,19368,75,33,79,16,0,0,0,0,0,0,0,-32287,0,0,0,0,0,2972001,0
2825216,6690,-2148,1030,-1120,651,-1,-2494,-567,134,-4,-760,19368,70,33,79,16,0,0,0,0,0,0,0,-32287,0,0,0,0,0,2972016,0
2825221,6524,-2060,1060,-1225,653,0,-2620,-546,123,5,-720,19368,70,33,79,16,0,0,0,0,0,0,0,-32287,0,0,0,0,0,2972021,0
2825226,6568,-2216,910,-1305,657,-1,-2739,-529,108,1,-672,19368,71,33,79,16,0,0,0,0,0,0,0,-32287,0,0,0,0,0,2972036,0
2825231,6380,-2276,914,-1291,611,10,-2854,-495,92,1,-584,19368,71,33,79,16,0,0,0,0,0,0,0,-32287,0,0,0,0,0,2972041,0
2825236,6226,-2194,844,-1198,506,-7,-2959,-459,92,5,-512,19368,73,33,79,16,0,0,0,0,0,0,0,-32287,0,0,0,0,0,2972056,0
2825241,6200,-2104,762,-1190,462,-1,-3058,-431,94,8,-456,19368,73,33,79,16,0,0,0,0,0,0,0,-32287,0,0,0,0,0,2972064,0
2825246,6060,-2116,746,-1219,431,18,-3154,-422,94,4,-456,19370,65,33,79,16,0,0,0,0,0,0,0,-32287,0,0,0,0,0,2972079,0
2825251,5976,-1972,728,-1221,376,-19,-3246,-396,89,-8,-368,19370,65,33,79,16,0,0,0,0,0,0,0,-32287,0,0,0,0,0,2972084,0
2825256,5948,-1698,728,-1239,339,-9,-3327,-349,76,-17,-288,19371,67,33,79,16,0,0,0,0,0,0,0,-32287,0,0,0,0,0,2972099,0
2825261,5978,-1792,748,-1280,364,4,-3403,-326,86,-7,-232,19371,67,33,79,16,0,0,0,0,0,0,0,-32287,0,0,0,0,0,2972104,0
2825266,5864,-1784,788,-1284,379,11,-3475,-311,97,-1,-208,19370,61,33,79,16,0,0,0,0,0,0,0,-32287,0,0,0,0,0,2972119,0
2825271,5892,-1896,828,-1223,378,14,-3540,-291,98,-3,-184,19370,61,33,79,16,0,0,0,0,0,0,0,-32287,0,0,0,0,0,2972124,0
2825276,5964,-1618,896,-1089,402,-37,-3603,-276,83,2,-152,19369,65,33,79,16,0,0,0,0,0,0,0,-32287,0,0,0,0,0,2972139,0
2825281,6106,-1594,836,-1057,452,-54,-3660,-242,70,-7,-104,19369,65,33,79,16,0,0,0,0,0,0,0,-32287,0,0,0,0,0,2972144,0
2825286,6098,-1544,844,-1089,498,-34,-3705,-195,81,11,-88,19370,71,33,79,16,0,0,0,0,0,0,0,-32287,0,0,0,0,0,2972159,0
2825291,5996,-1230,830,-1141,556,-53,-3736,-125,112,8,-40,19370,71,33,79,16,0,0,0,0,0,0,0,-32287,0,0,0,0,0,2972164,0
2825296,6020,-1398,664,-1194,640,-42,-3758,-85,154,4,-32,19373,81,33,79,16,0,0,0,0,0,0,0,-32287,0,0,0,0,0,2972179,0
2825301,6150,-1402,622,-1192,670,-56,-3770,-45,170,-5,-16,19373,81,33,79,16,0,0,0,0,0,0,0,-32287,0,0,0,0,0,2972184,0
2825306,6228,-1356,578,-1211,722,-23,-3770,7,165,-5,8,19373,80,33,79,16,0,0,0,0,0,0,0,-32287,0,0,0,0,0,2972199,0
2825311,6210,-1368,636,-1262,747,-9,-3765,23,160,0,8,19373,80,33,79,16,0,0,0,0,0,0,0,-32287,0,0,0,0,0,2972204,0
2825316,6346,-1530,638,-1362,847,9,-3764,6,117,2,-8,19370,73,33,79,16,0,0,0,0,0,0,0,-32287,0,0,0,0,0,2972223,0
2825321,6400,-1558,614,-1336,861,20,-3763,10,63,0,-8,19370,73,33,79,16,0,0,0,0,0,0,0,-32287,0,0,0,0,0,2972228,0
2825326,6416,-1520,654,-1302,867,2,-3763,5,14,0,-8,19369,74,33,79,16,0,0,0,0,0,0,0,-32287,0,0,0,0,0,2972239,0
2825331,6504,-1494,706,-1243,854,-38,-3764,1,-12,0,0,19369,74,33,79,16,0,0,0,0,0,0,0,-32287,0,0,0,0,0,2972252,0
2825336,6724,-1540,678,-1165,804,-83,-3764,5,-15,0,0,19369,72,33,79,16,0,0,0,0,0,0,0,-32287,0,0,0,0,0,2972259,0
2825341,6870,-1346,638,-1166,758,-125,-3763,3,-6,0,0,19369,72,33,79,16,0,0,0,0,0,0,0,-32287,0,0,0,0,0,2972264,0
2825346,6978,-1398,656,-1222,771,-127,-3763,2,1,-1,0,19371,77,33,79,16,0,0,0,0,0,0,0,-32287,0,0,0,0,0,2972279,0
2825351,7108,-1270,760,-1313,804,-146,-3761,12,2,0,0,19371,77,33,79,16,0,0,0,0,0,0,0,-32287,0,0,0,0,0,2972284,0
2825356,7252,-1572,778,-1344,780,-165,-3761,1,4,0,0,19370,75,33,79,16,0,0,0,0,0,0,0,-32287,0,0,0,0,0,2972299,0
2825361,7180,-1396,1006,-1378,789,-190,-3759,9,5,0,0,19370,75,33,79,16,0,0,0,0,0,0,0,-32287,0,0,0,0,0,2972304,0
2825366,7510,-1528,1030,-1418,819,-201,-3756,7,5,0,0,19374,72,33,79,16,0,0,0,0,0,0,0,-32287,0,0,0,0,0,2972319,0
2825371,7482,-1612,1154,-1433,825,-221,-3755,4,2,-1,0,19374,72,33,79,16,0,0,0,0,0,0,0,-32287,0,0,0,0,0,2972324,0
2825376,7680,-1880,1088,-1408,724,-250,-3753,7,0,0,0,19374,77,33,79,16,0,0,0,0,0,0,0,-32287,0,0,0,0,0,2972339,0
2825381,7806,-1918,1060,-1414,686,-275,-3752,3,-2,-1,0,19374,77,33,79,16,0,0,0,0,0,0,0,-32287,0,0,0,0,0,2972343,0
2825386,7868,-2052,1062,-1431,653,-289,-3752,2,-3,0,0,19377,74,33,79,16,0,0,0,0,0,0,0,-32287,0,0,0,0,0,2972362,0
2825391,7914,-2198,1110,-1435,615,-285,-3752,-2,-3,0,0,19377,74,33,79,16,0,0,0,0,0,0,0,-32287,0,0,0,0,0,2972367,0
2825396,8044,-2784,1390,-1447,554,-301,-3750,1,-5,0,0,19375,82,33,79,16,0,0,0,0,0,0,0,-32287,0,0,0,0,0,2972378,0
2825401,8236,-3062,1620,-1381,571,-288,-3748,5,3,0,0,19375,82,33,79,16,0,0,0,0,0,0,0,-32287,0,0,0,0,0,2972383,0
2825406,8286,-3188,1846,-1327,593,-295,-3746,8,4,0,0,19372,81,33,79,16,0,0,0,0,0,0,0,-32287,0,0,0,0,0,2972398,0
2825411,8376,-3352,1922,-1289,606,-298,-3742,16,10,-1,8,19372,81,33,79,16,0,0,0,0,0,0,0,-32286,0,0,0,0,0,2972403,0
2825416,8560,-3412,1810,-1158,572,-332,-3736,29,15,-1,16,19369,70,33,79,16,0,0,0,0,0,0,0,-32287,0,0,0,0,0,2972418,0
2825421,8626,-3398,1704,-1033,495,-376,-3725,51,31,-2,24,19369,70,33,79,16,0,0,0,0,0,0,0,-32287,0,0,0,0,0,2972423,0
2825426,8752,-3354,1500,-904,392,-403,-3707,84,46,-5,32,19369,72,33,79,16,0,0,0,0,0,0,0,-32287,0,0,0,0,0,2972438,0
2825431,8690,-3248,1362,-859,295,-411,-3687,89,65,2,24,19369,72,33,79,16,0,0,0,0,0,0,0,-32287,0,0,0,0,0,2972443,0
2825436,8778,-2982,1370,-969,251,-376,-3677,41,45,6,8,19371,70,33,79,16,0,0,0,0,0,0,0,-32287,0,0,0,0,0,2972458,0
2825441,8768,-2912,1540,-1016,274,-382,-3674,10,-6,4,-8,19371,70,33,79,16,0,0,0,0,0,0,0,-32287,0,0,0,0,0,2972463,0
2825446,8780,-2878,1648,-977,273,-395,-3675,2,-62,0,0,19372,66,33,79,16,0,0,0,0,0,0,0,-32287,0,0,0,0,0,2972478,0
2825451,8706,-2950,1690,-903,276,-400,-3674,1,-81,0,0,19372,66,33,79,16,0,0,0,0,0,0,0,-32287,0,0,0,0,0,2972492,0
2825456,8656,-2656,1774,-770,285,-388,-3675,-1,-59,0,0,19372,61,33,79,16,0,0,0,0,0,0,0,-32287,0,0,0,0,0,2972498,0
2825461,8580,-2418,1864,-739,299,-366,-3675,1,-20,0,0,19372,61,33,79,16,0,0,0,0,0,0,0,-32287,0,0,0,0,0,2972512,0
2825466,8616,-2242,1826,-718,307,-356,-3675,1,-6,0,0,19371,57,33,79,16,0,0,0,0,0,0,0,-32287,0,0,0,0,0,2972518,0
2825471,8602,-2004,1834,-671,298,-348,-3674,7,0,0,0,19371,57,33,79,16,0,0,0,0,0,0,0,-32287,0,0,0,0,0,2972523,0
2825476,8674,-1484,1790,-578,250,-355,-3675,-1,0,0,0,19370,67,33,79,16,0,0,0,0,0,0,0,-32287,0,0,0,0,0,2972538,0
2825481,8676,-1194,1736,-574,245,-345,-3675,-3,-1,0,-8,19370,67,33,79,16,0,0,0,0,0,0,0,-32287,0,0,0,0,0,2972552,0
2825486,8696,-966,1752,-640,250,-317,-3675,-1,0,0,0,19370,72,33,79,16,0,0,0,0,0,0,0,-32287,0,0,0,0,0,2972558,0
2825491,8704,-782,1808,-747,269,-303,-3677,-8,-1,0,0,19370,72,33,79,16,0,0,0,0,0,0,0,-32287,0,0,0,0,0,2972572,0
2825496,9184,-980,2070,-885,287,-292,-3675,0,-2,0,0,19374,74,33,79,16,0,0,0,0,0,0,0,-32287,0,0,0,0,0,2972578,0
2825501,9638,-1354,2296,-907,269,-303,-3675,1,0,0,0,19374,74,33,79,16,0,0,0,0,0,0,0,-32287,0,0,0,0,0,2972583,0
2825506,10122,-1776,2494,-961,249,-294,-3674,5,7,0,0,19374,69,33,79,16,0,0,0,0,0,0,0,-32287,0,0,0,0,0,2972598,0
2825511,10756,-2274,2648,-1076,255,-270,-3675,1,1,0,0,19374,69,33,79,16,0,0,0,0,0,0,0,-32287,0,0,0,0,0,2972603,0
2825516,12010,-3268,2924,-1266,310,-248,-3669,22,6,-3,16,19372,57,33,79,16,0,0,0,0,0,0,0,-32287,0,0,0,0,0,2972622,0
2825521,12644,-4036,2906,-1352,303,-247,-3659,46,20,-5,40,19372,57,33,79,16,0,0,0,0,0,0,0,-32287,0,0,0,0,0,2972627,0
2825526,13106,-4636,2642,-1426,338,-233,-3632,117,67,-10,72,19369,57,33,79,16,0,0,0,0,0,0,0,-32287,0,0,0,0,0,2972638,0
2825531,13294,-5472,2354,-1529,423,-182,-3594,173,117,-2,104,19369,57,33,79,16,0,0,0,0,0,0,0,-32287,0,0,0,0,0,2972643,0
2825536,12514,-6572,1922,-1460,688,-169,-3541,233,173,3,152,19371,56,33,79,16,0,0,0,0,0,0,0,-32288,0,0,0,0,0,2972658,0
2825541,11520,-6512,1800,-1237,717,-264,-3479,282,186,6,224,19371,56,33,79,16,0,0,0,0,0,0,0,-32288,0,0,0,0,0,2972663,0
2825546,10812,-6478,1418,-941,760,-367,-3403,348,201,-3,320,19374,60,33,79,16,0,0,0,0,0,0,0,-32287,0,0,0,0,0,2972678,0
2825551,9860,-6268,1090,-679,710,-486,-3315,395,191,-5,424,19374,60,33,79,16,0,0,0,0,0,0,0,-32287,0,0,0,0,0,2972682,0
2825556,8330,-5982,166,-417,475,-685,-3213,452,191,-17,552,19376,67,33,79,16,0,0,0,0,0,0,0,-32287,0,0,0,0,0,2972697,0
2825561,7620,-5950,6,-429,347,-748,-3104,484,190,-9,640,19376,67,33,79,16,0,0,0,0,0,0,0,-32287,0,0,0,0,0,2972702,0
2825566,6936,-6206,-174,-474,229,-770,-2991,496,164,8,648,19374,73,33,79,16,0,0,0,0,0,0,0,-32288,0,0,0,0,0,2972717,0
2825571,6152,-6570,-192,-465,44,-762,-2880,497,116,0,664,19374,73,33,79,16,0,0,0,0,0,0,0,-32287,0,0,0,0,0,2972722,0
2825576,5254,-6934,72,-243,-285,-707,-2764,501,68,-1,656,19371,84,33,79,16,0,0,0,0,0,0,0,-32287,0,0,0,0,0,2972737,0
2825581,4816,-6934,232,-108,-413,-671,-2646,518,39,3,696,19371,84,33,79,16,0,0,0,0,0,0,0,-32287,0,0,0,0,0,2972742,0
2825586,4594,-6764,248,-3,-510,-622,-2531,505,28,4,672,19370,74,33,79,16,0,0,0,0,0,0,0,-32287,0,0,0,0,0,2972757,0
2825591,4428,-6632,314,103,-579,-550,-2418,496,11,-2,624,19370,74,33,79,16,0,0,0,0,0,0,0,-32287,0,0,0,0,0,2972762,0
2825596,4240,-5906,474,273,-639,-478,-2305,495,-6,-1,624,19373,78,33,79,16,0,0,0,0,0,0,0,-32287,0,0,0,0,0,2972777,0
2825601,4218,-5572,548,338,-625,-454,-2190,502,-12,0,640,19373,78,33,79,16,0,0,0,0,0,0,0,-32287,0,0,0,0,0,2972782,0
2825606,4266,-5120,516,356,-561,-382,-2079,490,-12,3,624,19374,72,33,79,16,0,0,0,0,0,0,0,-32287,0,0,0,0,0,2972797,0
2825611,4102,-4930,608,295,-476,-296,-1967,495,-6,-3,632,19374,72,33,79,16,0,0,0,0,0,0,0,-32287,0,0,0,0,0,2972802,0
2825616,4054,-4542,368,308,-374,-276,-1853,506,-6,-6,688,19371,73,33,79,16,0,0,0,0,0,0,0,-32287,0,0,0,0,0,2972817,0
2825621,4302,-4430,78,481,-371,-289,-1732,534,13,-6,760,19371,73,33,79,16,0,0,0,0,0,0,0,-32287,0,0,0,0,0,2972822,0
2825626,4370,-4220,-92,505,-298,-223,-1608,547,34,1,792,19366,78,33,79,16,0,0,0,0,0,0,0,-32287,0,0,0,0,0,2972837,0
2825631,4368,-3984,-168,410,-257,-187,-1481,566,57,0,840,19366,78,33,79,16,0,0,0,0,0,0,0,-32287,0,0,0,0,0,2972842,0
2825636,4816,-4226,-576,453,-279,-121,-1345,605,67,-3,952,19365,71,33,79,16,0,0,0,0,0,0,0,-32287,0,0,0,0,0,2972857,0
2825641,5016,-4454,-734,521,-351,-58,-1200,634,90,4,984,19365,71,33,79,16,0,0,0,0,0,0,0,-32287,0,0,0,0,0,2972861,0
2825646,5138,-4334,-892,525,-461,-11,-1047,669,101,4,1048,19365,79,33,79,16,0,0,0,0,0,0,0,-32287,0,0,0,0,0,2972877,0
2825651,5538,-4162,-1058,511,-573,21,-888,710,116,-1,1152,19365,79,33,79,16,0,0,0,0,0,0,0,-32287,0,0,0,0,0,2972881,0
2825656,6248,-4016,-1160,437,-821,111,-724,723,115,2,1168,19365,77,33,79,16,0,0,0,0,0,0,0,-32287,0,0,0,0,0,2972896,0
2825661,6558,-3936,-1130,362,-967,143,-556,732,91,6,1176,19365,77,33,79,16,0,0,0,0,0,0,0,-32287,0,0,0,0,0,2972901,0
2825666,6956,-3970,-1094,294,-1047,204,-388,742,71,3,1176,19363,75,33,79,16,0,0,0,0,0,0,0,-32287,0,0,0,0,0,2972916,0
2825671,7120,-3908,-816,165,-1089,266,-221,727,50,12,1128,19363,75,33,79,16,0,0,0,0,0,0,0,-32287,0,0,0,0,0,2972929,0
2825676,7616,-3832,-254,-88,-1032,371,-56,719,8,2,1120,19362,68,33,79,16,0,0,0,0,0,0,0,-32287,0,0,0,0,0,2972936,0
2825681,7784,-3928,-18,-126,-992,388,105,714,-9,0,1080,19362,68,33,79,16,0,0,0,0,0,0,0,-32287,0,0,0,0,0,2972941,0
2825686,7874,-4004,234,-123,-943,401,263,685,-30,5,1024,19362,62,33,79,16,0,0,0,0,0,0,0,-32287,0,0,0,0,0,2972956,0
2825691,7892,-3986,346,-117,-893,401,415,663,-53,4,960,19362,62,33,79,16,0,0,0,0,0,0,0,-32287,0,0,0,0,0,2972961,0
2825696,7878,-3890,498,-115,-721,360,563,651,-57,4,936,19363,59,33,79,16,0,0,0,0,0,0,0,-32287,0,0,0,0,0,2972975,0
2825701,7708,-3886,590,-103,-643,314,704,614,-71,4,856,19363,59,33,79,16,0,0,0,0,0,0,0,-32287,0,0,0,0,0,2972985,0
2825706,7662,-3982,572,-63,-554,271,834,578,-89,2,776,19364,70,33,79,16,0,0,0,0,0,0,0,-32287,0,0,0,0,0,2972995,0
2825711,7412,-3900,550,7,-511,213,961,554,-95,-4,720,19364,70,33,79,16,0,0,0,0,0,0,0,-32287,0,0,0,0,0,2973008,0
2825716,7064,-3960,374,68,-405,154,1079,512,-108,-4,608,19364,72,33,79,16,0,0,0,0,0,0,0,-32287,0,0,0,0,0,2973015,0
2825721,6774,-4072,334,35,-367,154,1189,474,-113,1,496,19364,72,33,79,16,0,0,0,0,0,0,0,-32287,0,0,0,0,0,2973029,0
2825726,6608,-3924,264,-6,-322,151,1287,434,-127,-7,456,19364,74,33,79,16,0,0,0,0,0,0,0,-32287,0,0,0,0,0,2973034,0
2825731,6416,-3930,246,-12,-301,136,1384,424,-122,-14,456,19364,74,33,79,16,0,0,0,0,0,0,0,-32287,0,0,0,0,0,2973039,0
2825736,6058,-4328,206,110,-356,148,1478,412,-113,-3,432,19364,77,33,79,16,0,0,0,0,0,0,0,-32287,0,0,0,0,0,2973054,0
2825741,5904,-4182,196,184,-404,126,1566,386,-84,6,376,19364,77,33,79,16,0,0,0,0,0,0,0,-32287,0,0,0,0,0,2973059,0
2825746,6008,-4092,72,223,-427,125,1648,366,-65,8,328,19365,74,33,79,16,0,0,0,0,0,0,0,-32287,0,0,0,0,0,2973074,0
2825751,5870,-3788,58,225,-465,96,1730,362,-64,1,328,19365,74,33,79,16,0,0,0,0,0,0,0,-32287,0,0,0,0,0,2973083,0
2825756,5948,-3710,-86,219,-537,74,1813,367,-52,-6,344,19364,65,33,79,16,0,0,0,0,0,0,0,-32287,0,0,0,0,0,2973094,0
2825761,6074,-3792,-120,266,-599,75,1900,382,-24,-2,360,19364,65,33,79,16,0,0,0,0,0,0,0,-32287,0,0,0,0,0,2973107,0
2825766,6106,-3698,-148,295,-637,85,1982,365,0,9,320,19364,63,33,79,16,0,0,0,0,0,0,0,-32287,0,0,0,0,0,2973113,0
2825771,6216,-3626,-116,315,-706,68,2062,352,3,4,296,19364,63,33,79,16,0,0,0,0,0,0,0,-32287,0,0,0,0,0,2973123,0
2825776,6338,-3480,-76,334,-783,97,2143,354,-15,0,312,19363,65,33,79,16,0,0,0,0,0,0,0,-32287,0,0,0,0,0,2973133,0
2825781,6460,-3498,-90,347,-840,108,2229,384,-12,-5,376,19363,65,33,79,16,0,0,0,0,0,0,0,-32287,0,0,0,0,0,2973146,0
2825786,6486,-3344,-74,414,-918,94,2315,389,8,-13,408,19364,67,33,79,16,0,0,0,0,0,0,0,-32287,0,0,0,0,0,2973153,0
2825791,6650,-3474,-84,472,-963,117,2405,395,28,-8,424,19364,67,33,79,16,0,0,0,0,0,0,0,-32287,0,0,0,0,0,2973158,0
2825796,6904,-3526,22,471,-1015,161,2496,406,33,-1,456,19364,71,33,79,16,0,0,0,0,0,0,0,-32287,0,0,0,0,0,2973172,0
2825801,6946,-3454,140,463,-992,173,2592,425,42,-10,504,19364,71,33,79,16,0,0,0,0,0,0,0,-32287,0,0,0,0,0,2973177,0
2825806,7192,-3424,248,516,-1006,157,2696,451,48,-7,576,19366,75,33,79,16,0,0,0,0,0,0,0,-32287,0,0,0,0,0,2973196,0
2825811,7380,-3412,316,624,-986,160,2807,493,71,-6,688,19366,75,33,79,16,0,0,0,0,0,0,0,-32287,0,0,0,0,0,2973201,0
2825816,7624,-3224,436,797,-957,151,2923,515,90,6,728,19364,75,33,79,16,0,0,0,0,0,0,0,-32287,0,0,0,0,0,2973212,0
2825821,7718,-3196,430,848,-883,154,3045,540,97,2,800,19364,75,33,79,16,0,0,0,0,0,0,0,-32287,0,0,0,0,0,2973217,0
2825826,7814,-2992,452,894,-829,136,3175,573,96,3,864,19364,77,33,79,16,0,0,0,0,0,0,0,-32287,0,0,0,0,0,2973232,0
2825831,7882,-3002,432,964,-771,119,3311,602,100,9,928,19364,77,33,79,16,0,0,0,0,0,0,0,-32287,0,0,0,0,0,2973236,0
2825836,7760,-3092,304,982,-644,146,3450,611,93,10,920,19363,75,33,79,16,0,0,0,0,0,0,0,-32287,0,0,0,0,0,2973251,0
2825841,7758,-3086,186,1030,-612,135,3586,605,76,6,896,19363,75,33,79,16,0,0,0,0,0,0,0,-32287,0,0,0,0,0,2973256,0
2825846,7674,-2950,106,1094,-592,121,3731,634,56,2,936,19364,72,33,79,16,0,0,0,0,0,0,0,-32287,0,0,0,0,0,2973271,0
2825851,7572,-2964,-24,1113,-594,134,3872,619,32,5,896,19364,72,33,79,16,0,0,0,0,0,0,0,-32287,0,0,0,0,0,2973284,0
2825856,7406,-2760,-156,1062,-558,136,4009,605,15,0,864,19364,68,33,79,16,0,0,0,0,0,0,0,-32287,0,0,0,0,0,2973291,0
2825861,7352,-2672,-230,1028,-533,136,4149,616,-3,-3,880,19364,68,33,79,16,0,0,0,0,0,0,0,-32287,0,0,0,0,0,2973296,0
2825866,7146,-2736,-272,982,-518,152,4284,590,-17,9,816,19360,69,33,79,16,0,0,0,0,0,0,0,-32287,0,0,0,0,0,2973310,0
2825871,7016,-2804,-316,942,-550,159,4413,568,-29,3,744,19360,69,33,79,16,0,0,0,0,0,0,0,-32287,0,0,0,0,0,2973315,0
2825876,6972,-2896,-428,892,-581,140,4542,565,-39,-7,752,19359,80,33,79,16,0,0,0,0,0,0,0,-32287,0,0,0,0,0,2973334,0
2825881,6864,-2956,-412,873,-601,161,4666,545,-46,-3,680,19359,80,33,79,16,0,0,0,0,0,0,0,-32287,0,0,0,0,0,2973341,0
2825886,6788,-2998,-290,845,-645,135,4785,520,-58,0,640,19361,77,33,79,16,0,0,0,0,0,0,0,-32288,0,0,0,0,0,2973349,0
2825891,6974,-3064,-264,843,-666,139,4899,492,-64,-11,584,19361,77,33,79,16,0,0,0,0,0,0,0,-32287,0,0,0,0,0,2973354,0
2825896,7038,-3082,48,902,-703,114,5010,489,-66,-10,616,19364,74,33,79,16,0,0,0,0,0,0,0,-32287,0,0,0,0,0,2973369,0
2825901,7086,-3136,162,935,-696,139,5117,466,-65,5,504,19364,74,33,79,16,0,0,0,0,0,0,0,-32287,0,0,0,0,0,2973374,0
2825906,7078,-3058,290,934,-698,109,5218,441,-65,4,464,19367,66,33,79,16,0,0,0,0,0,0,0,-32287,0,0,0,0,0,2973392,0
2825911,7254,-3084,322,935,-667,100,5313,417,-67,-5,424,19367,66,33,79,16,0,0,0,0,0,0,0,-32287,0,0,0,0,0,2973397,0
2825916,7284,-2912,416,990,-596,64,5406,407,-71,-5,424,19363,67,33,79,16,0,0,0,0,0,0,0,-32286,0,0,0,0,0,2973408,0
2825921,7248,-2868,466,1021,-564,44,5496,400,-72,-2,416,19363,67,33,79,16,0,0,0,0,0,0,0,-32287,0,0,0,0,0,2973413,0
2825926,7304,-3016,388,1052,-522,65,5582,372,-53,4,336,19361,63,33,79,16,0,0,0,0,0,0,0,-32287,0,0,0,0,0,2973428,0
2825931,7210,-2928,398,1075,-483,51,5665,363,-48,9,328,19361,63,33,79,16,0,0,0,0,0,0,0,-32287,0,0,0,0,0,2973437,0
2825936,7260,-2916,298,1097,-405,74,5745,355,-46,6,288,19364,64,33,79,16,0,0,0,0,0,0,0,-32287,0,0,0,0,0,2973450,0
2825941,7316,-2936,220,1209,-488,42,5822,339,-51,2,272,19364,64,33,79,16,0,0,0,0,0,0,0,-32287,0,0,0,0,0,2973455,0
2825946,7814,-2528,-170,1140,-441,90,5899,339,-46,3,272,19363,61,33,79,16,0,0,0,0,0,0,0,-32287,0,0,0,0,0,2973466,0
2825951,7100,-2612,110,1208,-350,76,5975,335,-30,1,272,19363,61,33,79,16,0,0,0,0,0,0,0,-32287,0,0,0,0,0,2973476,0
2825956,7246,-2706,-100,1247,-383,141,6049,324,-17,4,240,19367,65,33,79,16,0,0,0,0,0,0,0,-32287,0,0,0,0,0,2973486,0
2825961,7506,-2364,-256,1202,-383,149,6121,313,-24,2,216,19367,65,33,79,16,0,0,0,0,0,0,0,-32287,0,0,0,0,0,2973490,0
2825966,7626,-2236,-312,1149,-312,177,6187,295,-28,-2,192,19366,75,33,79,16,0,0,0,0,0,0,0,-32287,0,0,0,0,0,2973505,0
2825971,7682,-2112,-346,1136,-328,177,6254,290,-40,-2,184,19366,75,33,79,16,0,0,0,0,0,0,0,-32287,0,0,0,0,0,2973510,0
2825976,7426,-2390,-152,1125,-183,220,6318,286,-45,-8,216,19370,83,33,79,16,0,0,0,0,0,0,0,-32287,0,0,0,0,0,2973525,0
2825981,7700,-2430,-230,1202,-169,203,6387,308,-22,-7,240,19370,83,33,79,16,0,0,0,0,0,0,0,-32287,0,0,0,0,0,2973530,0
2825986,7784,-2404,-294,1276,-134,212,6459,320,5,1,248,19371,86,33,79,16,0,0,0,0,0,0,0,-32287,0,0,0,0,0,2973545,0
2825991,7752,-2374,-378,1300,-140,222,6528,309,22,7,224,19371,86,33,79,16,0,0,0,0,0,0,0,-32287,0,0,0,0,0,2973550,0
2825996,7740,-2440,-594,1290,-125,260,6601,316,24,0,232,19371,73,33,79,16,0,0,0,0,0,0,0,-32287,0,0,0,0,0,2973565,0
2826001,7692,-2256,-578,1245,-168,263,6673,317,10,6,232,19371,73,33,79,16,0,0,0,0,0,0,0,-32287,0,0,0,0,0,2973570,0
2826006,7892,-2194,-578,1234,-143,251,6747,339,13,-1,272,19367,66,33,79,16,0,0,0,0,0,0,0,-32286,0,0,0,0,0,2973584,0
2826011,7838,-2186,-494,1236,-130,220,6831,365,24,-9,344,19367,66,33,79,16,0,0,0,0,0,0,0,-32287,0,0,0,0,0,2973589,0
2826016,7934,-2374,-402,1341,-152,192,6922,399,53,-7,384,19367,74,33,79,16,0,0,0,0,0,0,0,-32287,0,0,0,0,0,2973604,0
2826021,7924,-2316,-348,1324,-165,176,7012,395,75,0,400,19367,74,33,79,16,0,0,0,0,0,0,0,-32287,0,0,0,0,0,2973609,0
2826026,8146,-2382,-368,1314,-130,175,7104,408,70,-6,424,19367,73,33,79,16,0,0,0,0,0,0,0,-32287,0,0,0,0,0,2973624,0
2826031,8054,-2324,-250,1297,-115,165,7199,426,51,-8,488,19367,73,33,79,16,0,0,0,0,0,0,0,-32287,0,0,0,0,0,2973629,0
2826036,8112,-2482,-186,1410,-124,154,7301,445,43,-11,544,19370,83,33,79,16,0,0,0,0,0,0,0,-32286,0,0,0,0,0,2973648,0
2826041,8020,-2652,-162,1432,-149,173,7406,452,51,7,544,19370,83,33,79,16,0,0,0,0,0,0,0,-32287,0,0,0,0,0,2973652,0
2826046,8036,-2538,-148,1436,-146,159,7508,447,49,11,512,19369,75,33,79,16,0,0,0,0,0,0,0,-32287,0,0,0,0,0,2973663,0
2826051,8094,-2448,-152,1434,-132,152,7611,450,31,-1,512,19369,75,33,79,16,0,0,0,0,0,0,0,-32287,0,0,0,0,0,2973668,0
2826056,7998,-2484,-122,1554,-151,137,7717,469,14,-1,568,19368,67,33,79,16,0,0,0,0,0,0,0,-32287,0,0,0,0,0,2973683,0
2826061,7912,-2404,-108,1599,-177,97,7825,474,11,-4,584,19368,67,33,79,16,0,0,0,0,0,0,0,-32287,0,0,0,0,0,2973688,0
2826066,7936,-2354,-212,1638,-175,99,7932,462,19,9,536,19366,65,33,79,16,0,0,0,0,0,0,0,-32287,0,0,0,0,0,2973703,0
2826071,7888,-2270,-246,1636,-177,87,8037,462,16,-1,544,19366,65,33,79,16,0,0,0,0,0,0,0,-32287,0,0,0,0,0,2973708,0
2826076,7944,-2194,-236,1654,-201,43,8142,466,-2,-2,552,19366,62,33,79,16,0,0,0,0,0,0,0,-32287,0,0,0,0,0,2973723,0
2826081,8098,-2268,-264,1720,-200,32,8228,472,-6,1,560,19366,62,33,79,16,0,0,0,0,0,0,0,-32287,0,0,0,0,0,2973728,0
2826086,8076,-2376,-246,1775,-209,56,8334,464,-3,5,512,19368,65,33,79,16,0,0,0,0,0,0,0,-32287,0,0,0,0,0,2973743,0
2826091,8070,-2174,-226,1786,-239,34,8439,464,1,3,520,19368,65,33,79,16,0,0,0,0,0,0,0,-32287,0,0,0,0,0,2973752,0
2826096,8266,-2006,-272,1821,-204,31,8540,446,-16,-6,488,19368,66,33,79,16,0,0,0,0,0,0,0,-32287,0,0,0,0,0,2973763,0
2826101,8468,-1996,-338,1877,-201,7,8641,448,-22,-7,512,19368,66,33,79,16,0,0,0,0,0,0,0,-32287,0,0,0,0,0,2973768,0
2826106,8556,-1810,-346,1951,-198,-8,8740,445,-25,0,488,19367,67,33,79,16,0,0,0,0,0,0,0,-32287,0,0,0,0,0,2973783,0
2826111,8684,-1678,-402,1980,-183,-26,8838,429,-19,0,472,19367,67,33,79,16,0,0,0,0,0,0,0,-32286,0,0,0,0,0,2973788,0
2826116,8854,-1318,-568,1941,-134,-24,8934,419,-19,2,456,19369,69,33,79,16,0,0,0,0,0,0,0,-32287,0,0,0,0,0,2973803,0
2826121,8802,-1132,-534,1914,-120,-45,9026,408,-33,2,424,19369,69,33,79,16,0,0,0,0,0,0,0,-32287,0,0,0,0,0,2973807,0
2826126,8956,-1048,-590,1897,-76,-70,9119,408,-29,-3,424,19371,75,33,79,16,0,0,0,0,0,0,0,-32287,0,0,0,0,0,2973822,0
2826131,8772,-942,-720,1918,-68,-102,9214,415,-15,-3,440,19371,75,33,79,16,0,0,0,0,0,0,0,-32287,0,0,0,0,0,2973827,0
2826136,8642,-776,-886,1903,-54,-108,9308,409,-6,1,424,19374,72,33,79,16,0,0,0,0,0,0,0,-32287,0,0,0,0,0,2973842,0
2826141,8832,-700,-912,1886,-54,-120,9399,400,-2,1,384,19374,72,33,79,16,0,0,0,0,0,0,0,-32287,0,0,0,0,0,2973847,0
2826146,8956,-528,-808,1877,-44,-146,9484,388,-21,2,376,19371,72,33,79,16,0,0,0,0,0,0,0,-32287,0,0,0,0,0,2973862,0
2826151,8790,-544,-816,1849,47,-144,9576,403,-17,-9,432,19371,72,33,79,16,0,0,0,0,0,0,0,-32287,0,0,0,0,0,2973867,0
2826156,8776,-986,-658,1867,112,-168,9669,410,-3,-5,424,19369,67,33,79,16,0,0,0,0,0,0,0,-32287,0,0,0,0,0,2973882,0
2826161,8854,-1074,-852,1923,67,-185,9758,391,2,7,392,19369,67,33,79,16,0,0,0,0,0,0,0,-32287,0,0,0,0,0,2973887,0
2826166,9118,-1154,-958,1948,-3,-207,9845,385,-4,10,352,19368,71,33,79,16,0,0,0,0,0,0,0,-32287,0,0,0,0,0,2973902,0
2826171,9584,-1180,-926,1913,19,-227,9928,377,-25,4,352,19368,71,33,79,16,0,0,0,0,0,0,0,-32287,0,0,0,0,0,2973907,0
2826176,10016,-1796,-734,1874,62,-283,10015,381,-23,-4,352,19369,73,33,79,16,0,0,0,0,0,0,0,-32287,0,0,0,0,0,2973922,0
2826181,10112,-2236,-598,1876,0,-301,10099,366,-19,1,320,19369,73,33,79,16,0,0,0,0,0,0,0,-32287,0,0,0,0,0,2973927,0
2826186,10270,-2598,-506,1833,-68,-300,10175,325,-59,14,216,19369,75,33,79,16,0,0,0,0,0,0,0,-32287,0,0,0,0,0,2973941,0
2826191,10330,-2764,-454,1763,-141,-307,10244,297,-80,6,168,19369,75,33,79,16,0,0,0,0,0,0,0,-32287,0,0,0,0,0,2973955,0
2826196,10094,-3256,-358,1529,-260,-230,10302,250,-123,1,112,19369,67,33,79,16,0,0,0,0,0,0,0,-32287,0,0,0,0,0,2973961,0
2826201,9980,-3196,-204,1473,-339,-226,10350,206,-142,-13,96,19369,67,33,79,16,0,0,0,0,0,0,0,-32287,0,0,0,0,0,2973966,0
2826206,9972,-3256,-90,1327,-353,-162,10388,160,-132,-4,64,19369,69,33,79,16,0,0,0,0,0,0,0,-32287,0,0,0,0,0,2973981,0
2826211,9644,-2992,74,1169,-423,-107,10418,130,-150,-6,32,19369,69,33,79,16,0,0,0,0,0,0,0,-32287,0,0,0,0,0,2973986,0
2826216,9098,-2684,316,824,-478,53,10432,59,-122,7,0,19368,72,33,79,16,0,0,0,0,0,0,0,-32287,0,0,0,0,0,2974001,0
2826221,9042,-2342,476,814,-522,52,10431,-4,-175,4,-8,19368,72,33,79,16,0,0,0,0,0,0,0,-32287,0,0,0,0,0,2974006,0
2826226,9010,-2098,572,853,-541,84,10432,0,-172,-1,0,19370,77,33,79,16,0,0,0,0,0,0,0,-32287,0,0,0,0,0,2974021,0
2826231,8774,-1440,782,924,-563,43,10432,4,-136,0,0,19370,77,33,79,16,0,0,0,0,0,0,0,-32287,0,0,0,0,0,2974026,0
2826236,8900,-740,852,1098,-521,-49,10431,-5,-75,2,0,19370,76,33,79,16,0,0,0,0,0,0,0,-32287,0,0,0,0,0,2974041,0
2826241,8948,-248,798,1005,-434,-83,10432,0,-25,3,-8,19370,76,33,79,16,0,0,0,0,0,0,0,-32287,0,0,0,0,0,2974046,0
2826246,9082,-144,638,756,-325,-107,10429,-3,-4,0,-8,19372,59,33,79,16,0,0,0,0,0,0,0,-32287,0,0,0,0,0,2974063,0
2826251,9218,-296,528,460,-197,-155,10429,-7,-3,0,-8,19372,59,33,79,16,0,0,0,0,0,0,0,-32287,0,0,0,0,0,2974068,0
2826256,9328,-1554,438,92,9,-254,10428,-6,-7,0,-8,19368,54,33,79,16,0,0,0,0,0,0,0,-32286,0,0,0,0,0,2974083,0
2826261,9326,-2166,498,-8,94,-308,10427,-6,0,0,0,19368,54,33,79,16,0,0,0,0,0,0,0,-32287,0,0,0,0,0,2974088,0
2826266,9296,-2922,604,-101,170,-349,10428,0,-2,0,-8,19368,61,33,79,16,0,0,0,0,0,0,0,-32287,0,0,0,0,0,2974103,0
2826271,9092,-3604,674,-162,212,-359,10425,-1,0,0,-8,19368,61,33,79,16,0,0,0,0,0,0,0,-32287,0,0,0,0,0,2974108,0
2826276,8432,-4852,894,-364,167,-337,10425,-5,7,0,0,19368,68,33,79,16,0,0,0,0,0,0,0,-32287,0,0,0,0,0,2974123,0
2826281,8074,-5486,1008,-424,110,-296,10424,-4,-3,0,-8,19368,68,33,79,16,0,0,0,0,0,0,0,-32287,0,0,0,0,0,2974128,0
2826286,7872,-5776,1194,-380,-26,-305,10421,-10,-3,1,-16,19370,77,33,79,16,0,0,0,0,0,0,0,-32287,0,0,0,0,0,2974143,0
2826291,8738,-4788,2338,613,-171,-827,10410,-61,-19,10,-48,19370,77,33,79,16,0,0,0,0,0,0,0,-32287,0,0,0,0,0,2974148,0
2826296,8884,-6064,3962,1953,-230,-791,10383,-111,-70,5,-56,19370,72,33,79,16,0,0,0,0,0,0,0,-32287,0,0,0,0,0,2974163,0
2826301,5832,-5584,2632,1452,-521,-786,10347,-167,-116,10,-128,19370,72,33,79,16,0,0,0,0,0,0,0,-32287,0,0,0,0,0,2974168,0
2826306,6900,-6260,428,1113,-815,-717,10292,-246,-174,8,-224,19369,77,33,79,16,0,0,0,0,0,0,0,-32287,0,0,0,0,0,2974183,0
2826311,6444,-5668,1236,877,-567,-674,10210,-373,-230,22,-488,19369,77,33,79,16,0,0,0,0,0,0,0,-32287,0,0,0,0,0,2974188,0
2826316,5346,-6828,924,790,-688,-549,10093,-522,-297,40,-896,19368,77,33,79,16,0,0,0,0,0,0,0,-32287,0,0,0,0,0,2974203,0
2826321,4744,-6610,1068,822,-619,-487,9938,-700,-403,24,-1344,19368,77,33,79,16,0,0,0,0,0,0,0,-32287,0,0,0,0,0,2974208,0
2826326,4818,-6580,1036,764,-565,-346,9748,-864,-497,5,-1728,19370,82,33,79,16,0,0,0,0,0,0,0,-32287,0,0,0,0,0,2974223,0
2826331,4726,-6412,1292,500,-292,-141,9511,-1059,-563,13,-2144,19370,82,33,79,16,0,0,0,0,0,0,0,-32287,0,0,0,0,0,2974228,0
2826336,4762,-7092,1244,267,-68,245,9231,-1254,-603,4,-2584,19371,70,33,79,16,0,0,0,0,0,0,0,-32287,0,0,0,0,0,2974243,0
2826341,4532,-6758,1546,284,-38,389,8906,-1448,-649,1,-2976,19371,70,33,79,16,0,0,0,0,0,0,0,-32287,0,0,0,0,0,2974248,0
2826346,5162,-6800,1330,299,-2,583,8538,-1629,-667,-6,-3336,19371,71,33,79,16,0,0,0,0,0,0,0,-32287,0,0,0,0,0,2974263,0
2826351,5224,-6066,1276,251,66,741,8130,-1807,-668,-12,-3664,19371,71,33,79,16,0,0,0,0,0,0,0,-32287,0,0,0,0,0,2974268,0
2826356,5576,-5188,886,-113,199,1045,7688,-1959,-643,-20,-3952,19369,75,33,79,16,0,0,0,0,0,0,0,-32287,0,0,0,0,0,2974283,0
2826361,5862,-4764,876,-215,174,1118,7222,-2061,-585,-16,-4128,19369,75,33,79,16,0,0,0,0,0,0,0,-32287,0,0,0,0,0,2974288,0
2826366,6280,-4642,712,-341,195,1272,6740,-2126,-495,-16,-4224,19368,87,33,79,16,0,0,0,0,0,0,0,-32287,0,0,0,0,0,2974303,0
2826371,5606,-4166,1050,-536,268,1362,6255,-2134,-366,-10,-4224,19368,87,33,79,16,0,0,0,0,0,0,0,-32287,0,0,0,0,0,2974308,0
2826376,7034,-3568,-302,-144,-347,1297,5772,-2125,-231,-1,-4192,19369,101,33,79,16,0,0,0,0,0,0,0,-32287,0,0,0,0,0,2974323,0
2826381,7256,-2536,-408,-62,-608,1242,5289,-2119,-107,-3,-4184,19369,101,33,79,16,0,0,0,0,0,0,0,-32287,0,0,0,0,0,2974328,0
2826386,7952,-1398,-620,-252,-783,1183,4810,-2110,-25,-4,-4144,19371,98,33,79,16,0,0,0,0,0,0,0,-32287,0,0,0,0,0,2974342,0
2826391,8636,-548,-608,-538,-879,1092,4336,-2086,25,-4,-4048,19371,98,33,79,16,0,0,0,0,0,0,0,-32287,0,0,0,0,0,2974347,0
2826396,9590,-184,-198,-733,-1150,796,3869,-2050,50,-12,-3952,19371,92,33,79,16,0,0,0,0,0,0,0,-32287,0,0,0,0,0,2974362,0
2826401,10028,-130,78,-660,-1305,652,3414,-1991,78,-5,-3824,19371,92,33,79,16,0,0,0,0,0,0,0,-32287,0,0,0,0,0,2974367,0
2826406,10496,-48,492,-645,-1421,529,2972,-1926,120,1,-3712,19369,92,33,79,16,0,0,0,0,0,0,0,-32287,0,0,0,0,0,2974382,0
2826411,11040,238,1002,-739,-1385,429,2547,-1865,168,9,-3592,19369,92,33,79,16,0,0,0,0,0,0,0,-32287,0,0,0,0,0,2974387,0
2826416,11394,96,2204,-1078,-893,222,2137,-1799,206,7,-3456,19367,92,33,79,16,0,0,0,0,0,0,0,-32287,0,0,0,0,0,2974402,0
2826421,11432,-596,2816,-1113,-626,153,1742,-1739,223,6,-3344,19367,92,33,79,16,0,0,0,0,0,0,0,-32287,0,0,0,0,0,2974407,0
2826426,11244,-864,3438,-1080,-310,78,1359,-1678,229,4,-3208,19366,91,33,79,16,0,0,0,0,0,0,0,-32287,0,0,0,0,0,2974422,0
2826431,11048,-948,3536,-1046,73,12,990,-1618,215,-2,-3064,19366,91,33,79,16,0,0,0,0,0,0,0,-32287,0,0,0,0,0,2974427,0
2826436,10474,-1524,3162,-1097,773,-59,631,-1570,209,-13,-2944,19370,96,33,79,16,0,0,0,0,0,0,0,-32287,0,0,0,0,0,2974442,0
2826441,9924,-1654,3104,-1107,1152,-98,288,-1509,202,-11,-2768,19370,96,33,79,16,0,0,0,0,0,0,0,-32287,0,0,0,0,0,2974447,0
2826446,9364,-1910,2638,-1091,1388,-118,-39,-1445,201,-13,-2616,19371,86,33,79,16,0,0,0,0,0,0,0,-32287,0,0,0,0,0,2974462,0
2826451,8762,-2202,2092,-1041,1567,-135,-351,-1365,218,-7,-2424,19371,86,33,79,16,0,0,0,0,0,0,0,-32287,0,0,0,0,0,2974467,0
2826456,7766,-2524,1214,-943,1758,-142,-645,-1281,229,-4,-2248,19370,77,33,79,16,0,0,0,0,0,0,0,-32286,0,0,0,0,0,2974482,0
2826461,7020,-2558,442,-959,1812,-86,-921,-1201,249,-2,-2096,19370,77,33,79,16,0,0,0,0,0,0,0,-32287,0,0,0,0,0,2974487,0
2826466,6624,-2380,104,-1161,1757,-54,-1176,-1107,267,-4,-1872,19370,71,33,79,16,0,0,0,0,0,0,0,-32287,0,0,0,0,0,2974502,0
2826471,6516,-2388,-282,-1300,1802,-38,-1415,-1034,285,0,-1720,19370,71,33,79,16,0,0,0,0,0,0,0,-32287,0,0,0,0,0,2974507,0
2826476,6040,-2928,-674,-1116,1535,-36,-1631,-945,293,0,-1536,19372,75,33,79,16,0,0,0,0,0,0,0,-32287,0,0,0,0,0,2974521,0
2826481,5874,-2810,-918,-995,1289,-45,-1831,-877,284,4,-1408,19372,75,33,79,16,0,0,0,0,0,0,0,-32287,0,0,0,0,0,2974526,0
2826486,6000,-2574,-1020,-988,1145,-18,-2015,-808,284,3,-1264,19371,69,33,79,16,0,0,0,0,0,0,0,-32287,0,0,0,0,0,2974541,0
2826491,5964,-2232,-840,-1111,1056,24,-2186,-745,258,4,-1136,19371,69,33,79,16,0,0,0,0,0,0,0,-32287,0,0,0,0,0,2974546,0
2826496,5984,-2314,-532,-1450,869,116,-2344,-685,236,-1,-992,19371,61,33,79,16,0,0,0,0,0,0,0,-32287,0,0,0,0,0,2974561,0
2826501,6224,-2432,-106,-1417,821,123,-2490,-633,213,-6,-888,19371,61,33,79,16,0,0,0,0,0,0,0,-32287,0,0,0,0,0,2974566,0
2826506,6498,-2416,286,-1316,769,109,-2624,-586,199,-1,-792,19370,59,33,79,16,0,0,0,0,0,0,0,-32287,0,0,0,0,0,2974581,0
2826511,6634,-2422,420,-1297,737,128,-2749,-546,184,0,-688,19370,59,33,79,16,0,0,0,0,0,0,0,-32287,0,0,0,0,0,2974586,0
2826516,7066,-2110,878,-1453,851,168,-2863,-495,170,4,-552,19371,66,33,79,16,0,0,0,0,0,0,0,-32287,0,0,0,0,0,2974601,0
2826521,7242,-1834,976,-1421,816,140,-2965,-441,162,5,-440,19371,66,33,79,16,0,0,0,0,0,0,0,-32287,0,0,0,0,0,2974606,0
2826526,7398,-1888,958,-1414,818,128,-3063,-416,153,9,-408,19371,74,33,79,16,0,0,0,0,0,0,0,-32287,0,0,0,0,0,2974621,0
2826531,7178,-1890,934,-1461,824,155,-3154,-403,142,6,-400,19371,74,33,79,16,0,0,0,0,0,0,0,-32287,0,0,0,0,0,2974626,0
2826536,7128,-1996,928,-1494,840,155,-3240,-374,108,-7,-320,19370,83,33,79,16,0,0,0,0,0,0,0,-32287,0,0,0,0,0,2974641,0
2826541,6944,-1820,972,-1502,831,130,-3317,-331,103,-18,-248,19370,83,33,79,16,0,0,0,0,0,0,0,-32288,0,0,0,0,0,2974646,0
2826546,6974,-1822,892,-1494,859,112,-3385,-294,101,-7,-184,19372,83,33,79,16,0,0,0,0,0,0,0,-32287,0,0,0,0,0,2974661,0
2826551,6782,-1638,934,-1520,882,80,-3447,-275,110,4,-168,19372,83,33,79,16,0,0,0,0,0,0,0,-32287,0,0,0,0,0,2974666,0
2826556,6680,-2018,858,-1527,947,65,-3506,-258,112,8,-152,19371,80,33,79,16,0,0,0,0,0,0,0,-32287,0,0,0,0,0,2974681,0
2826561,6444,-2058,950,-1486,946,48,-3558,-230,100,8,-136,19371,80,33,79,16,0,0,0,0,0,0,0,-32287,0,0,0,0,0,2974686,0
2826566,6372,-2104,946,-1434,961,33,-3607,-225,71,4,-112,19371,76,33,79,16,0,0,0,0,0,0,0,-32287,0,0,0,0,0,2974700,0
2826571,6288,-2256,874,-1367,944,44,-3652,-189,72,-3,-72,19371,76,33,79,16,0,0,0,0,0,0,0,-32287,0,0,0,0,0,2974705,0
2826576,6086,-2166,758,-1290,971,46,-3681,-123,84,4,-48,19371,79,33,79,16,0,0,0,0,0,0,0,-32287,0,0,0,0,0,2974720,0
2826581,5784,-1936,732,-1338,969,72,-3705,-96,103,8,-40,19371,79,33,79,16,0,0,0,0,0,0,0,-32287,0,0,0,0,0,2974725,0
2826586,5848,-2012,434,-1361,909,80,-3717,-46,132,-6,-8,19372,81,33,79,16,0,0,0,0,0,0,0,-32287,0,0,0,0,0,2974740,0
2826591,5736,-1890,396,-1342,887,90,-3713,20,161,-5,8,19372,81,33,79,16,0,0,0,0,0,0,0,-32287,0,0,0,0,0,2974745,0
2826596,5854,-1746,388,-1408,858,137,-3709,22,163,0,8,19369,69,33,79,16,0,0,0,0,0,0,0,-32287,0,0,0,0,0,2974760,0
2826601,5932,-1642,472,-1473,887,164,-3707,1,121,4,-8,19369,69,33,79,16,0,0,0,0,0,0,0,-32287,0,0,0,0,0,2974765,0
2826606,5994,-1706,580,-1475,890,138,-3707,4,67,1,-8,19369,77,33,79,16,0,0,0,0,0,0,0,-32287,0,0,0,0,0,2974780,0
2826611,6206,-1812,542,-1460,904,126,-3707,1,11,0,0,19369,77,33,79,16,0,0,0,0,0,0,0,-32287,0,0,0,0,0,2974785,0
2826616,6100,-1888,518,-1435,901,116,-3707,4,-17,0,0,19370,83,33,79,16,0,0,0,0,0,0,0,-32287,0,0,0,0,0,2974800,0
2826621,6086,-1868,340,-1483,887,128,-3708,-1,-14,0,0,19370,83,33,79,16,0,0,0,0,0,0,0,-32287,0,0,0,0,0,2974805,0
2826626,6022,-1774,270,-1586,921,164,-3708,-1,-1,0,0,19372,86,33,79,16,0,0,0,0,0,0,0,-32287,0,0,0,0,0,2974820,0
2826631,5942,-1788,308,-1723,973,192,-3708,-1,2,1,0,19372,86,33,79,16,0,0,0,0,0,0,0,-32287,0,0,0,0,0,2974825,0
2826636,5878,-2296,454,-1666,958,156,-3707,1,1,0,0,19374,76,33,79,16,0,0,0,0,0,0,0,-32287,0,0,0,0,0,2974840,0
2826641,5816,-2314,450,-1537,890,132,-3706,0,2,0,0,19374,76,33,79,16,0,0,0,0,0,0,0,-32287,0,0,0,0,0,2974844,0
2826646,5888,-2410,392,-1438,811,116,-3703,-1,6,0,0,19376,70,33,79,16,0,0,0,0,0,0,0,-32287,0,0,0,0,0,2974859,0
2826651,5948,-2400,348,-1380,711,99,-3704,-4,6,1,-8,19376,70,33,79,16,0,0,0,0,0,0,0,-32287,0,0,0,0,0,2974864,0
2826656,6202,-2364,508,-1412,629,102,-3702,3,-3,0,0,19381,80,33,79,16,0,0,0,0,0,0,0,-32287,0,0,0,0,0,2974879,0
2826661,6266,-2306,702,-1518,649,125,-3703,5,-8,0,0,19381,80,33,79,16,0,0,0,0,0,0,0,-32287,0,0,0,0,0,2974884,0
2826666,6478,-2378,858,-1568,674,135,-3703,1,1,0,0,19385,82,33,79,16,0,0,0,0,0,0,0,-32287,0,0,0,0,0,2974899,0
2826671,6542,-2560,968,-1589,697,139,-3702,3,-2,-1,0,19385,82,33,79,16,0,0,0,0,0,0,0,-32287,0,0,0,0,0,2974904,0
2826676,6730,-2932,1036,-1467,686,142,-3701,1,4,0,8,19379,90,33,79,16,0,0,0,0,0,0,0,-32287,0,0,0,0,0,2974919,0
2826681,6814,-2944,1062,-1429,663,148,-3700,-1,5,-1,0,19379,90,33,79,16,0,0,0,0,0,0,0,-32287,0,0,0,0,0,2974924,0
2826686,6882,-2864,1090,-1414,659,155,-3699,1,1,0,0,19374,83,33,79,16,0,0,0,0,0,0,0,-32287,0,0,0,0,0,2974939,0
2826691,6926,-2872,1112,-1419,657,161,-3697,5,2,1,0,19374,83,33,79,16,0,0,0,0,0,0,0,-32287,0,0,0,0,0,2974944,0
2826696,7074,-2948,1124,-1384,657,154,-3697,7,1,0,0,19368,61,33,79,16,0,0,0,0,0,0,0,-32287,0,0,0,0,0,2974959,0
2826701,7164,-3052,1110,-1335,638,142,-3697,0,-2,0,-8,19368,61,33,79,16,0,0,0,0,0,0,0,-32287,0,0,0,0,0,2974964,0
2826706,7204,-3144,1112,-1267,616,126,-3696,3,-4,0,0,19368,58,33,79,16,0,0,0,0,0,0,0,-32287,0,0,0,0,0,2974979,0
2826711,7248,-3170,1096,-1206,583,124,-3697,-5,-5,0,0,19368,58,33,79,16,0,0,0,0,0,0,0,-32287,0,0,0,0,0,2974984,0
2826716,7392,-3236,1084,-1117,503,110,-3695,3,-1,0,0,19368,63,33,79,16,0,0,0,0,0,0,0,-32287,0,0,0,0,0,2974998,0
2826721,7458,-3264,1066,-1075,451,102,-3695,4,-3,0,0,19368,63,33,79,16,0,0,0,0,0,0,0,-32287,0,0,0,0,0,2975003,0
2826726,7538,-3248,1046,-1019,393,85,-3695,3,0,0,-8,19370,60,33,79,16,0,0,0,0,0,0,0,-32287,0,0,0,0,0,2975018,0
2826731,7626,-3214,1044,-974,328,74,-3695,0,-6,0,0,19370,60,33,79,16,0,0,0,0,0,0,0,-32287,0,0,0,0,0,2975023,0
2826736,7740,-3124,1044,-913,218,63,-3695,3,-1,0,0,19370,68,33,79,16,0,0,0,0,0,0,0,-32287,0,0,0,0,0,2975038,0
2826741,7798,-3070,1014,-878,155,61,-3697,-2,-3,1,0,19370,68,33,79,16,0,0,0,0,0,0,0,-32287,0,0,0,0,0,2975043,0
2826746,7888,-3064,1018,-853,91,58,-3696,-4,-7,0,0,19374,77,33,79,16,0,0,0,0,0,0,0,-32287,0,0,0,0,0,2975058,0
2826751,7868,-3044,1044,-844,34,49,-3696,2,-2,0,0,19374,77,33,79,16,0,0,0,0,0,0,0,-32287,0,0,0,0,0,2975063,0
2826756,7936,-2982,1068,-781,-87,18,-3695,-2,4,0,0,19372,79,33,79,16,0,0,0,0,0,0,0,-32286,0,0,0,0,0,2975078,0
2826761,7912,-2924,1144,-739,-151,-5,-3696,6,3,0,0,19372,79,33,79,16,0,0,0,0,0,0,0,-32287,0,0,0,0,0,2975083,0
2826766,7978,-2878,1218,-716,-201,-25,-3696,0,-6,1,0,19372,78,33,79,16,0,0,0,0,0,0,0,-32287,0,0,0,0,0,2975098,0
2826771,8020,-2882,1288,-691,-219,-43,-3695,2,-2,0,0,19372,78,33,79,16,0,0,0,0,0,0,0,-32287,0,0,0,0,0,2975103,0
2826776,8108,-2990,1492,-616,-236,-68,-3696,0,-2,0,0,19373,71,33,79,16,0,0,0,0,0,0,0,-32287,0,0,0,0,0,2975118,0
2826781,8164,-3034,1560,-564,-234,-80,-3695,-1,2,0,0,19373,71,33,79,16,0,0,0,0,0,0,0,-32287,0,0,0,0,0,2975123,0
2826786,8164,-3130,1620,-504,-226,-81,-3696,-10,-6,0,0,19371,63,33,79,16,0,0,0,0,0,0,0,-32287,0,0,0,0,0,2975138,0
2826791,8240,-3088,1638,-441,-202,-67,-3696,3,-2,1,-8,19371,63,33,79,16,0,0,0,0,0,0,0,-32287,0,0,0,0,0,2975143,0
2826796,8400,-2770,1590,-362,-153,-45,-3697,-1,-2,0,0,19372,71,33,79,16,0,0,0,0,0,0,0,-32287,0,0,0,0,0,2975158,0
2826801,8524,-2600,1528,-347,-107,-30,-3697,0,-2,0,0,19372,71,33,79,16,0,0,0,0,0,0,0,-32287,0,0,0,0,0,2975163,0
2826806,8624,-2324,1506,-340,-93,-25,-3697,-2,-1,1,-8,19372,76,33,79,16,0,0,0,0,0,0,0,-32287,0,0,0,0,0,2975178,0
2826811,8710,-2140,1372,-358,-49,-15,-3698,-4,6,0,0,19372,76,33,79,16,0,0,0,0,0,0,0,-32287,0,0,0,0,0,2975182,0
2826816,8970,-1716,1186,-416,-36,-16,-3697,0,2,0,0,19372,87,33,79,16,0,0,0,0,0,0,0,-32287,0,0,0,0,0,2975197,0
2826821,8940,-1584,1050,-462,-48,-10,-3697,0,0,0,0,19372,87,33,79,16,0,0,0,0,0,0,0,-32287,0,0,0,0,0,2975202,0
2826826,8980,-1326,918,-546,-69,-5,-3697,1,0,-1,0,19368,77,33,79,16,0,0,0,0,0,0,0,-32287,0,0,0,0,0,2975217,0
2826831,9100,-1186,874,-607,-109,-21,-3697,3,-2,0,0,19368,77,33,79,16,0,0,0,0,0,0,0,-32287,0,0,0,0,0,2975222,0
2826836,9304,-1232,940,-703,-198,-45,-3697,2,2,0,0,19368,66,33,79,16,0,0,0,0,0,0,0,-32287,0,0,0,0,0,2975237,0
2826841,9638,-1414,1114,-766,-224,-62,-3698,-4,5,1,0,19368,66,33,79,16,0,0,0,0,0,0,0,-32286,0,0,0,0,0,2975242,0
2826846,10112,-1908,1352,-834,-220,-65,-3698,0,1,1,0,19368,68,33,79,16,0,0,0,0,0,0,0,-32287,0,0,0,0,0,2975257,0
2826851,10620,-2480,1674,-974,-156,-34,-3697,-1,1,1,0,19368,68,33,79,16,0,0,0,0,0,0,0,-32287,0,0,0,0,0,2975262,0
2826856,11662,-3544,2300,-1403,189,94,-3696,3,-2,0,0,19371,69,33,79,16,0,0,0,0,0,0,0,-32288,0,0,0,0,0,2975277,0
2826861,12266,-4110,2286,-1430,340,107,-3696,2,3,0,0,19371,69,33,79,16,0,0,0,0,0,0,0,-32287,0,0,0,0,0,2975282,0
2826866,12514,-4544,2024,-1417,406,99,-3695,7,8,0,0,19371,73,33,79,16,0,0,0,0,0,0,0,-32287,0,0,0,0,0,2975297,0
2826871,12692,-5014,1550,-1421,400,68,-3691,11,6,-2,8,19371,73,33,79,16,0,0,0,0,0,0,0,-32287,0,0,0,0,0,2975302,0
2826876,12554,-5748,1046,-1443,327,-8,-3685,26,15,-1,8,19371,73,33,79,16,0,0,0,0,0,0,0,-32287,0,0,0,0,0,2975317,0
2826881,11920,-6114,1096,-1367,308,-65,-3680,30,22,0,16,19371,73,33,79,16,0,0,0,0,0,0,0,-32287,0,0,0,0,0,2975321,0
2826886,11162,-6252,1200,-1272,318,-125,-3671,41,20,-2,24,19371,62,33,79,16,0,0,0,0,0,0,0,-32287,0,0,0,0,0,2975336,0
2826891,10276,-6294,1284,-1192,382,-187,-3654,85,38,-5,48,19371,62,33,79,16,0,0,0,0,0,0,0,-32287,0,0,0,0,0,2975341,0
2826896,8404,-6852,1280,-1054,554,-292,-3621,152,82,-9,88,19369,60,33,79,16,0,0,0,0,0,0,0,-32287,0,0,0,0,0,2975356,0
2826901,7340,-6998,1316,-895,561,-351,-3578,179,122,0,112,19369,60,33,79,16,0,0,0,0,0,0,0,-32287,0,0,0,0,0,2975361,0
2826906,6582,-7600,1072,-669,491,-373,-3530,209,154,6,104,19367,66,33,79,16,0,0,0,0,0,0,0,-32287,0,0,0,0,0,2975376,0
2826911,5772,-7428,954,-433,364,-439,-3478,233,143,4,136,19367,66,33,79,16,0,0,0,0,0,0,0,-32287,0,0,0,0,0,2975381,0
2826916,5186,-7020,568,-123,60,-460,-3423,256,107,-3,176,19368,77,33,79,16,0,0,0,0,0,0,0,-32287,0,0,0,0,0,2975396,0
2826921,5130,-6788,412,-78,-74,-476,-3361,270,76,0,168,19368,77,33,79,16,0,0,0,0,0,0,0,-32287,0,0,0,0,0,2975401,0
2826926,5044,-6436,320,-25,-230,-486,-3295,296,67,-2,232,19368,85,33,79,16,0,0,0,0,0,0,0,-32287,0,0,0,0,0,2975416,0
2826931,4862,-6122,234,31,-356,-487,-3223,323,78,-4,264,19368,85,33,79,16,0,0,0,0,0,0,0,-32287,0,0,0,0,0,2975421,0
2826936,4568,-5480,258,147,-459,-526,-3144,353,79,-4,304,19368,79,33,79,16,0,0,0,0,0,0,0,-32287,0,0,0,0,0,2975436,0
2826941,4522,-5336,362,172,-432,-515,-3063,357,80,0,304,19368,79,33,79,16,0,0,0,0,0,0,0,-32287,0,0,0,0,0,2975441,0
2826946,4402,-4964,520,149,-365,-503,-2980,364,70,-1,328,19368,78,33,79,16,0,0,0,0,0,0,0,-32287,0,0,0,0,0,2975456,0
2826951,4570,-4822,626,175,-312,-512,-2891,389,62,-7,384,19368,78,33,79,16,0,0,0,0,0,0,0,-32287,0,0,0,0,0,2975461,0
2826956,4656,-4432,736,193,-133,-492,-2799,420,54,-12,480,19369,86,33,79,16,0,0,0,0,0,0,0,-32287,0,0,0,0,0,2975476,0
2826961,4896,-4244,602,234,-43,-490,-2698,449,62,-17,552,19369,86,33,79,16,0,0,0,0,0,0,0,-32287,0,0,0,0,0,2975480,0
2826966,5030,-3912,478,324,30,-461,-2590,477,79,-5,640,19371,82,33,79,16,0,0,0,0,0,0,0,-32287,0,0,0,0,0,2975495,0
2826971,4850,-4302,556,457,57,-467,-2472,523,108,-1,760,19371,82,33,79,16,0,0,0,0,0,0,0,-32287,0,0,0,0,0,2975500,0
2826976,5434,-4254,-524,627,-170,-417,-2345,563,126,0,872,19370,78,33,79,16,0,0,0,0,0,0,0,-32287,0,0,0,0,0,2975515,0
2826981,5738,-3754,-514,457,-181,-365,-2205,616,139,0,1000,19370,78,33,79,16,0,0,0,0,0,0,0,-32287,0,0,0,0,0,2975520,0
2826986,6156,-3784,-594,281,-109,-281,-2051,678,157,5,1120,19369,63,33,79,16,0,0,0,0,0,0,0,-32287,0,0,0,0,0,2975535,0
2826991,6254,-3954,-512,205,-116,-227,-1887,730,181,4,1248,19369,63,33,79,16,0,0,0,0,0,0,0,-32287,0,0,0,0,0,2975540,0
2826996,6824,-4130,-616,336,-226,-177,-1710,795,192,-4,1384,19368,61,33,79,16,0,0,0,0,0,0,0,-32287,0,0,0,0,0,2975555,0
2827001,7146,-3930,-828,389,-325,-167,-1520,837,193,0,1456,19368,61,33,79,16,0,0,0,0,0,0,0,-32287,0,0,0,0,0,2975560,0
2827006,7408,-3540,-1018,372,-432,-173,-1321,886,181,-4,1584,19369,68,33,79,16,0,0,0,0,0,0,0,-32287,0,0,0,0,0,2975575,0
2827011,7726,-3440,-1210,298,-545,-166,-1113,913,178,5,1608,19369,68,33,79,16,0,0,0,0,0,0,0,-32286,0,0,0,0,0,2975580,0
2827016,8006,-3296,-1142,-34,-690,-154,-901,938,150,11,1648,19369,78,33,79,16,0,0,0,0,0,0,0,-32287,0,0,0,0,0,2975595,0
2827021,8052,-3518,-1066,-211,-703,-120,-686,943,118,7,1632,19369,78,33,79,16,0,0,0,0,0,0,0,-32287,0,0,0,0,0,2975600,0
2827026,7972,-3670,-790,-348,-732,-122,-470,947,78,10,1640,19369,88,33,79,16,0,0,0,0,0,0,0,-32287,0,0,0,0,0,2975615,0
2827031,7992,-4052,-464,-394,-721,-123,-254,942,45,9,1584,19369,88,33,79,16,0,0,0,0,0,0,0,-32287,0,0,0,0,0,2975619,0
2827036,7956,-4442,106,-363,-621,-158,-44,927,10,8,1552,19368,75,33,79,16,0,0,0,0,0,0,0,-32287,0,0,0,0,0,2975634,0
2827041,7782,-4710,404,-394,-492,-117,162,905,-21,5,1496,19368,75,33,79,16,0,0,0,0,0,0,0,-32287,0,0,0,0,0,2975639,0
2827046,7578,-4714,648,-412,-364,-130,361,878,-46,2,1448,19368,69,33,79,16,0,0,0,0,0,0,0,-32287,0,0,0,0,0,2975654,0
2827051,7402,-4832,768,-376,-233,-145,555,845,-73,2,1368,19368,69,33,79,16,0,0,0,0,0,0,0,-32287,0,0,0,0,0,2975659,0
2827056,6912,-4840,910,-219,-14,-144,741,810,-91,0,1304,19369,71,33,79,16,0,0,0,0,0,0,0,-32287,0,0,0,0,0,2975674,0
2827061,6810,-4784,824,-138,67,-171,916,775,-105,0,1216,19369,71,33,79,16,0,0,0,0,0,0,0,-32287,0,0,0,0,0,2975679,0
2827066,6662,-4828,694,-55,151,-166,1084,738,-115,-2,1136,19371,86,33,79,16,0,0,0,0,0,0,0,-32287,0,0,0,0,0,2975694,0
2827071,6398,-4600,586,-22,174,-185,1239,677,-134,7,1016,19371,86,33,79,16,0,0,0,0,0,0,0,-32287,0,0,0,0,0,2975699,0
2827076,6140,-4422,146,-12,188,-198,1386,644,-142,1,936,19369,84,33,79,16,0,0,0,0,0,0,0,-32287,0,0,0,0,0,2975714,0
2827081,5886,-4476,-12,-60,170,-177,1497,611,-148,-4,856,19369,84,33,79,16,0,0,0,0,0,0,0,-32287,0,0,0,0,0,2975719,0
2827086,5668,-4412,-134,-77,150,-165,1624,555,-155,0,712,19368,70,33,79,16,0,0,0,0,0,0,0,-32287,0,0,0,0,0,2975734,0
2827091,5462,-4492,-284,-110,107,-138,1741,514,-161,-7,632,19368,70,33,79,16,0,0,0,0,0,0,0,-32287,0,0,0,0,0,2975739,0
2827096,5250,-4502,-248,-65,6,-95,1853,493,-144,-12,592,19366,69,33,79,16,0,0,0,0,0,0,0,-32287,0,0,0,0,0,2975754,0
2827101,5250,-4472,-264,-44,-59,-53,1959,463,-129,0,512,19366,69,33,79,16,0,0,0,0,0,0,0,-32287,0,0,0,0,0,2975759,0
2827106,5258,-4340,-178,-7,-144,-31,2052,413,-120,0,424,19368,80,33,79,16,0,0,0,0,0,0,0,-32287,0,0,0,0,0,2975774,0
2827111,5324,-4298,-94,21,-195,-11,2140,383,-119,-5,384,19368,80,33,79,16,0,0,0,0,0,0,0,-32287,0,0,0,0,0,2975788,0
2827116,5478,-4176,74,120,-312,21,2229,381,-101,0,368,19370,82,33,79,16,0,0,0,0,0,0,0,-32287,0,0,0,0,0,2975792,0
2827121,5596,-4126,116,151,-376,28,2316,382,-73,1,368,19370,82,33,79,16,0,0,0,0,0,0,0,-32287,0,0,0,0,0,2975795,0
2827126,5680,-4112,108,166,-396,69,2399,362,-51,11,312,19369,72,33,79,16,0,0,0,0,0,0,0,-32287,0,0,0,0,0,2975809,0
2827131,5740,-3980,156,192,-465,68,2480,356,-37,3,312,19369,72,33,79,16,0,0,0,0,0,0,0,-32287,0,0,0,0,0,2975814,0
2827136,5862,-4046,100,254,-555,115,2557,342,-35,-1,304,19368,63,33,79,16,0,0,0,0,0,0,0,-32287,0,0,0,0,0,2975829,0
2827141,5998,-4108,42,318,-627,135,2638,353,-27,1,320,19368,63,33,79,16,0,0,0,0,0,0,0,-32287,0,0,0,0,0,2975834,0
2827146,6022,-4084,48,371,-687,164,2720,365,-14,0,336,19368,62,33,79,16,0,0,0,0,0,0,0,-32287,0,0,0,0,0,2975849,0
2827151,6126,-4098,88,450,-752,176,2807,375,18,2,344,19368,62,33,79,16,0,0,0,0,0,0,0,-32287,0,0,0,0,0,2975854,0
2827156,6430,-4014,156,577,-837,229,2891,370,26,3,352,19369,71,33,79,16,0,0,0,0,0,0,0,-32287,0,0,0,0,0,2975869,0
2827161,6620,-4004,164,644,-833,269,2977,378,22,-2,352,19369,71,33,79,16,0,0,0,0,0,0,0,-32287,0,0,0,0,0,2975874,0
2827166,6778,-3806,272,700,-859,279,3066,387,18,0,368,19369,73,33,79,16,0,0,0,0,0,0,0,-32287,0,0,0,0,0,2975888,0
2827171,7022,-3852,252,763,-839,301,3158,409,22,-11,440,19369,73,33,79,16,0,0,0,0,0,0,0,-32287,0,0,0,0,0,2975893,0
2827176,7246,-3926,308,869,-812,350,3254,428,37,-12,488,19371,77,33,79,16,0,0,0,0,0,0,0,-32287,0,0,0,0,0,2975908,0
2827181,7290,-3784,336,911,-777,362,3350,429,46,-2,488,19371,77,33,79,16,0,0,0,0,0,0,0,-32287,0,0,0,0,0,2975913,0
2827186,7552,-3770,306,959,-731,382,3446,427,-5,0,488,19373,72,33,79,16,0,0,0,0,0,0,0,-32287,0,0,0,0,0,2975927,0
2827191,7554,-3476,320,995,-691,369,3544,430,-17,0,496,19373,72,33,79,16,0,0,0,0,0,0,0,-32287,0,0,0,0,0,2975932,0
2827196,7674,-3294,198,1143,-635,362,3646,449,-23,-2,536,19374,72,33,79,16,0,0,0,0,0,0,0,-32287,0,0,0,0,0,2975947,0
2827201,7870,-3252,146,1211,-597,347,3750,459,-3,3,536,19374,72,33,79,16,0,0,0,0,0,0,0,-32287,0,0,0,0,0,2975952,0
2827206,7836,-2906,106,1204,-558,334,3852,447,23,1,528,19374,67,33,79,16,0,0,0,0,0,0,0,-32287,0,0,0,0,0,2975967,0
2827211,7992,-2834,-12,1172,-518,339,3953,443,60,2,504,19374,67,33,79,16,0,0,0,0,0,0,0,-32287,0,0,0,0,0,2975972,0
2827216,7824,-2764,-138,1132,-457,297,4055,444,42,-2,512,19375,78,33,79,16,0,0,0,0,0,0,0,-32287,0,0,0,0,0,2975987,0
2827221,7882,-2792,-290,1204,-472,269,4161,463,0,-2,544,19375,78,33,79,16,0,0,0,0,0,0,0,-32287,0,0,0,0,0,2975992,0
2827226,7678,-2682,-326,1225,-488,263,4261,442,0,10,480,19374,75,33,79,16,0,0,0,0,0,0,0,-32287,0,0,0,0,0,2976007,0
2827231,7692,-2716,-374,1188,-509,255,4360,417,-3,3,424,19374,75,33,79,16,0,0,0,0,0,0,0,-32288,0,0,0,0,0,2976012,0
2827236,7898,-2472,-300,1075,-498,219,4456,414,-23,0,440,19371,72,33,79,16,0,0,0,0,0,0,0,-32287,0,0,0,0,0,2976027,0
2827241,7864,-2440,-258,1073,-508,204,4554,426,-24,-5,464,19371,72,33,79,16,0,0,0,0,0,0,0,-32287,0,0,0,0,0,2976032,0
2827246,7792,-2576,-198,1067,-535,196,4647,417,-28,0,424,19369,79,33,79,16,0,0,0,0,0,0,0,-32287,0,0,0,0,0,2976050,0
2827251,7682,-2524,-96,1044,-541,188,4736,388,-26,12,360,19369,79,33,79,16,0,0,0,0,0,0,0,-32287,0,0,0,0,0,2976055,0
2827256,7650,-2526,106,989,-495,166,4820,367,-35,8,304,19369,80,33,79,16,0,0,0,0,0,0,0,-32287,0,0,0,0,0,2976070,0
2827261,7630,-2584,224,991,-474,154,4901,354,-51,-2,304,19369,80,33,79,16,0,0,0,0,0,0,0,-32287,0,0,0,0,0,2976075,0
2827266,7586,-2640,328,1018,-434,153,4982,357,-63,3,296,19369,78,33,79,16,0,0,0,0,0,0,0,-32287,0,0,0,0,0,2976090,0
2827271,7550,-2732,390,1046,-403,131,5058,342,-44,4,264,19369,78,33,79,16,0,0,0,0,0,0,0,-32287,0,0,0,0,0,2976094,0
2827276,7406,-2724,378,1056,-309,170,5131,309,-43,12,192,19369,70,33,79,16,0,0,0,0,0,0,0,-32287,0,0,0,0,0,2976108,0
2827281,7660,-2632,96,1126,-421,164,5192,270,-57,0,144,19369,70,33,79,16,0,0,0,0,0,0,0,-32287,0,0,0,0,0,2976112,0
2827286,7534,-2832,-20,1011,-298,229,5250,243,-74,-5,120,19369,77,33,79,16,0,0,0,0,0,0,0,-32287,0,0,0,0,0,2976127,0
2827291,7122,-2854,162,1080,-341,238,5301,208,-103,-7,96,19369,77,33,79,16,0,0,0,0,0,0,0,-32287,0,0,0,0,0,2976132,0
2827296,7422,-2594,86,1071,-308,288,5344,198,-106,-7,80,19370,85,33,79,16,0,0,0,0,0,0,0,-32287,0,0,0,0,0,2976147,0
2827301,7380,-2134,136,958,-259,283,5381,164,-98,-3,72,19370,85,33,79,16,0,0,0,0,0,0,0,-32287,0,0,0,0,0,2976152,0
2827306,7476,-2334,38,825,-148,339,5415,141,-93,-5,56,19371,78,33,79,16,0,0,0,0,0,0,0,-32287,0,0,0,0,0,2976167,0
2827311,7144,-2358,32,830,-147,320,5441,120,-89,-2,48,19371,78,33,79,16,0,0,0,0,0,0,0,-32286,0,0,0,0,0,2976172,0
2827316,7042,-2642,-302,1069,-209,329,5467,114,-70,-1,32,19371,74,33,79,16,0,0,0,0,0,0,0,-32287,0,0,0,0,0,2976187,0
2827321,6912,-2526,-486,1090,-290,350,5486,71,-78,6,16,19371,74,33,79,16,0,0,0,0,0,0,0,-32286,0,0,0,0,0,2976192,0
2827326,6960,-2424,-674,1047,-313,374,5497,54,-73,-1,24,19371,73,33,79,16,0,0,0,0,0,0,0,-32287,0,0,0,0,0,2976207,0
2827331,7002,-2268,-686,1002,-327,375,5511,57,-70,-2,24,19371,73,33,79,16,0,0,0,0,0,0,0,-32286,0,0,0,0,0,2976211,0
2827336,6918,-2326,-582,950,-422,415,5520,41,-64,1,8,19370,70,33,79,16,0,0,0,0,0,0,0,-32287,0,0,0,0,0,2976226,0
2827341,7120,-2366,-568,952,-454,404,5520,-3,-62,3,-8,19370,70,33,79,16,0,0,0,0,0,0,0,-32287,0,0,0,0,0,2976231,0
2827346,7258,-2320,-520,980,-455,405,5520,0,-56,0,0,19370,64,33,79,16,0,0,0,0,0,0,0,-32287,0,0,0,0,0,2976246,0
2827351,7306,-2334,-414,973,-456,421,5520,0,-60,-2,0,19370,64,33,79,16,0,0,0,0,0,0,0,-32287,0,0,0,0,0,2976251,0
2827356,7520,-2364,-306,940,-427,449,5520,5,-41,0,0,19371,75,33,79,16,0,0,0,0,0,0,0,-32287,0,0,0,0,0,2976266,0
2827361,7552,-2402,-254,930,-410,458,5520,-4,-24,0,0,19371,75,33,79,16,0,0,0,0,0,0,0,-32287,0,0,0,0,0,2976271,0
2827366,7596,-2458,-194,930,-390,465,5519,-4,-1,-1,0,19372,77,33,79,16,0,0,0,0,0,0,0,-32287,0,0,0,0,0,2976286,0
2827371,7692,-2490,-144,942,-362,477,5519,-3,-3,-2,0,19372,77,33,79,16,0,0,0,0,0,0,0,-32287,0,0,0,0,0,2976291,0
2827376,7646,-2506,-66,962,-339,473,5520,0,1,0,0,19372,73,33,79,16,0,0,0,0,0,0,0,-32287,0,0,0,0,0,2976306,0
2827381,7812,-2526,-162,1081,-364,408,5520,0,-1,0,0,19372,73,33,79,16,0,0,0,0,0,0,0,-32287,0,0,0,0,0,2976311,0
2827386,7786,-2586,-108,1090,-301,437,5520,2,0,0,0,19371,62,33,79,16,0,0,0,0,0,0,0,-32287,0,0,0,0,0,2976324,0
2827391,7668,-2410,-112,978,-305,419,5523,14,4,0,0,19371,62,33,79,16,0,0,0,0,0,0,0,-32287,0,0,0,0,0,2976328,0
2827396,7614,-2722,-194,832,-178,422,5522,2,5,-1,8,19371,55,33,79,16,0,0,0,0,0,0,0,-32287,0,0,0,0,0,2976343,0
2827401,7524,-2982,-260,828,-160,427,5527,20,10,-2,8,19371,55,33,79,16,0,0,0,0,0,0,0,-32287,0,0,0,0,0,2976348,0
2827406,7452,-3054,-294,864,-143,422,5533,33,16,0,16,19372,63,33,79,16,0,0,0,0,0,0,0,-32287,0,0,0,0,0,2976363,0
2827411,7398,-3070,-302,931,-130,406,5544,52,29,-2,32,19372,63,33,79,16,0,0,0,0,0,0,0,-32287,0,0,0,0,0,2976368,0
2827416,7438,-2848,-476,1150,-179,296,5567,110,51,-10,72,19372,69,33,79,16,0,0,0,0,0,0,0,-32287,0,0,0,0,0,2976383,0
2827421,7544,-2950,-604,1382,-247,230,5611,201,117,-11,144,19372,69,33,79,16,0,0,0,0,0,0,0,-32286,0,0,0,0,0,2976388,0
2827426,7386,-2556,-626,1558,-373,130,5675,297,188,-5,280,19371,73,33,79,16,0,0,0,0,0,0,0,-32287,0,0,0,0,0,2976403,0
2827431,7778,-2408,-826,1717,-477,61,5754,356,245,3,360,19371,73,33,79,16,0,0,0,0,0,0,0,-32286,0,0,0,0,0,2976408,0
2827436,8046,-1760,-822,1698,-603,-72,5846,408,266,-9,464,19370,75,33,79,16,0,0,0,0,0,0,0,-32287,0,0,0,0,0,2976423,0
2827441,7992,-1548,-694,1651,-618,-106,5947,446,239,-9,552,19370,75,33,79,16,0,0,0,0,0,0,0,-32287,0,0,0,0,0,2976428,0
2827446,7996,-1608,-556,1572,-635,-148,6055,475,192,-1,624,19371,79,33,79,16,0,0,0,0,0,0,0,-32287,0,0,0,0,0,2976442,0
2827451,8028,-1418,-498,1514,-617,-198,6163,476,135,6,608,19371,79,33,79,16,0,0,0,0,0,0,0,-32287,0,0,0,0,0,2976447,0
2827456,7922,-1300,-200,1401,-521,-210,6266,461,79,6,560,19371,80,33,79,16,0,0,0,0,0,0,0,-32287,0,0,0,0,0,2976462,0
2827461,8102,-1208,-144,1332,-462,-237,6371,461,24,0,560,19371,80,33,79,16,0,0,0,0,0,0,0,-32287,0,0,0,0,0,2976467,0
2827466,8090,-1258,-136,1276,-388,-226,6474,451,-7,1,504,19370,77,33,79,16,0,0,0,0,0,0,0,-32287,0,0,0,0,0,2976482,0
2827471,7894,-1240,-54,1206,-331,-230,6569,419,-29,5,432,19370,77,33,79,16,0,0,0,0,0,0,0,-32287,0,0,0,0,0,2976487,0
2827476,8056,-1354,-110,1095,-225,-214,6657,386,-54,11,344,19370,63,33,79,16,0,0,0,0,0,0,0,-32287,0,0,0,0,0,2976502,0
2827481,8196,-1348,-120,1051,-180,-219,6739,364,-79,11,304,19370,63,33,79,16,0,0,0,0,0,0,0,-32287,0,0,0,0,0,2976507,0
2827486,8314,-1354,-156,1056,-137,-231,6822,359,-83,-2,312,19371,62,33,79,16,0,0,0,0,0,0,0,-32287,0,0,0,0,0,2976522,0
2827491,8422,-1438,-122,1077,-121,-237,6905,365,-64,0,296,19371,62,33,79,16,0,0,0,0,0,0,0,-32286,0,0,0,0,0,2976527,0
2827496,8758,-1450,-122,1043,-38,-232,6982,341,-42,6,256,19373,69,33,79,16,0,0,0,0,0,0,0,-32287,0,0,0,0,0,2976542,0
2827501,8932,-1556,-210,1034,21,-219,7057,328,-34,6,232,19373,69,33,79,16,0,0,0,0,0,0,0,-32287,0,0,0,0,0,2976547,0
2827506,8906,-1630,-236,1010,66,-216,7131,318,-40,-3,240,19374,76,33,79,16,0,0,0,0,0,0,0,-32287,0,0,0,0,0,2976562,0
2827511,9082,-1724,-366,1031,70,-231,7209,344,-28,-10,304,19374,76,33,79,16,0,0,0,0,0,0,0,-32287,0,0,0,0,0,2976567,0
2827516,9256,-1904,-550,1221,61,-266,7293,370,1,-7,352,19374,79,33,79,16,0,0,0,0,0,0,0,-32287,0,0,0,0,0,2976582,0
2827521,9532,-2134,-750,1288,37,-253,7382,395,47,-2,368,19374,79,33,79,16,0,0,0,0,0,0,0,-32287,0,0,0,0,0,2976587,0
2827526,9722,-2096,-836,1303,19,-267,7473,397,61,3,392,19371,72,33,79,16,0,0,0,0,0,0,0,-32287,0,0,0,0,0,2976602,0
2827531,9976,-2324,-992,1298,21,-289,7564,400,63,-7,408,19371,72,33,79,16,0,0,0,0,0,0,0,-32287,0,0,0,0,0,2976606,0
2827536,10152,-2686,-1084,1423,2,-353,7661,427,51,-11,480,19370,61,33,79,16,0,0,0,0,0,0,0,-32287,0,0,0,0,0,2976621,0
2827541,10126,-2904,-1094,1527,-46,-392,7765,455,53,-9,552,19370,61,33,79,16,0,0,0,0,0,0,0,-32288,0,0,0,0,0,2976626,0
2827546,10120,-3196,-1156,1610,-103,-400,7872,465,59,3,544,19371,60,33,79,16,0,0,0,0,0,0,0,-32288,0,0,0,0,0,2976641,0
2827551,10086,-3054,-1108,1625,-123,-440,7976,468,65,5,560,19371,60,33,79,16,0,0,0,0,0,0,0,-32287,0,0,0,0,0,2976646,0
2827556,10058,-3034,-988,1562,-131,-476,8080,451,41,0,496,19374,68,33,79,16,0,0,0,0,0,0,0,-32287,0,0,0,0,0,2976661,0
2827561,9930,-3008,-864,1500,-160,-484,8179,436,4,2,456,19374,68,33,79,16,0,0,0,0,0,0,0,-32287,0,0,0,0,0,2976666,0
2827566,9778,-2900,-806,1385,-187,-478,8274,416,-28,8,400,19372,73,33,79,16,0,0,0,0,0,0,0,-32287,0,0,0,0,0,2976681,0
2827571,9522,-2698,-766,1215,-205,-443,8358,370,-57,18,288,19372,73,33,79,16,0,0,0,0,0,0,0,-32287,0,0,0,0,0,2976686,0
2827576,9346,-2350,-122,795,-162,-362,8435,331,-85,12,200,19371,79,33,79,16,0,0,0,0,0,0,0,-32287,0,0,0,0,0,2976701,0
2827581,9168,-2314,96,677,-203,-362,8497,273,-121,6,128,19371,79,33,79,16,0,0,0,0,0,0,0,-32287,0,0,0,0,0,2976706,0
2827586,9204,-2068,364,666,-163,-387,8549,221,-151,-13,88,19370,74,33,79,16,0,0,0,0,0,0,0,-32287,0,0,0,0,0,2976721,0
2827591,8978,-1984,532,638,-143,-374,8587,170,-171,-11,64,19370,74,33,79,16,0,0,0,0,0,0,0,-32287,0,0,0,0,0,2976726,0
2827596,8906,-1680,666,450,-85,-334,8616,118,-176,-4,24,19375,71,33,79,16,0,0,0,0,0,0,0,-32287,0,0,0,0,0,2976741,0
2827601,8906,-1494,756,290,-55,-337,8631,59,-185,2,8,19375,71,33,79,16,0,0,0,0,0,0,0,-32287,0,0,0,0,0,2976746,0
2827606,9054,-1610,688,153,21,-316,8639,26,-173,0,8,19377,67,33,79,16,0,0,0,0,0,0,0,-32287,0,0,0,0,0,2976760,0
2827611,9022,-1752,672,53,55,-301,8646,32,-147,-2,8,19377,67,33,79,16,0,0,0,0,0,0,0,-32287,0,0,0,0,0,2976765,0
2827616,9188,-2524,612,6,45,-333,8652,17,-107,0,8,19378,71,33,79,16,0,0,0,0,0,0,0,-32287,0,0,0,0,0,2976780,0
2827621,9028,-2826,802,58,29,-380,8653,2,-62,3,0,19378,71,33,79,16,0,0,0,0,0,0,0,-32287,0,0,0,0,0,2976785,0
2827626,9450,-3144,686,201,-24,-408,8653,2,-37,2,0,19374,71,33,79,16,0,0,0,0,0,0,0,-32287,0,0,0,0,0,2976800,0
2827631,9210,-2810,1174,82,79,-412,8654,4,-24,0,0,19374,71,33,79,16,0,0,0,0,0,0,0,-32287,0,0,0,0,0,2976805,0
2827636,9100,-3678,792,-424,180,-383,8653,1,-24,1,0,19371,73,33,79,16,0,0,0,0,0,0,0,-32287,0,0,0,0,0,2976819,0
2827641,8628,-4050,838,-640,231,-337,8654,-1,-11,0,-8,19371,73,33,79,16,0,0,0,0,0,0,0,-32287,0,0,0,0,0,2976824,0
2827646,8430,-4572,784,-756,255,-316,8653,0,0,-1,0,19370,68,33,79,16,0,0,0,0,0,0,0,-32287,0,0,0,0,0,2976839,0
2827651,8080,-5070,854,-769,313,-294,8653,0,1,-1,-8,19370,68,33,79,16,0,0,0,0,0,0,0,-32287,0,0,0,0,0,2976844,0
2827656,7426,-5836,1080,-771,382,-232,8655,3,-4,-1,0,19370,81,33,79,16,0,0,0,0,0,0,0,-32287,0,0,0,0,0,2976859,0
2827661,6826,-6140,1170,-747,387,-195,8653,5,-1,0,0,19370,81,33,79,16,0,0,0,0,0,0,0,-32287,0,0,0,0,0,2976864,0
2827666,6378,-6380,1230,-673,360,-172,8652,-3,4,0,0,19370,74,33,79,16,0,0,0,0,0,0,0,-32287,0,0,0,0,0,2976879,0
2827671,7698,-6000,1734,-420,230,-285,8650,-11,-3,2,-24,19370,74,33,79,16,0,0,0,0,0,0,0,-32287,0,0,0,0,0,2976884,0
2827676,6512,-7564,1660,2165,-146,-839,8634,-76,-32,7,-48,19369,68,33,79,16,0,0,0,0,0,0,0,-32287,0,0,0,0,0,2976899,0
2827681,5564,-5654,2354,1889,-153,-714,8604,-144,-79,8,-96,19369,68,33,79,16,0,0,0,0,0,0,0,-32287,0,0,0,0,0,2976904,0
2827686,5568,-5114,1528,1300,-228,-775,8555,-236,-156,13,-208,19368,69,33,79,16,0,0,0,0,0,0,0,-32287,0,0,0,0,0,2976919,0
2827691,6134,-5686,218,974,-191,-712,8475,-361,-240,18,-456,19368,69,33,79,16,0,0,0,0,0,0,0,-32287,0,0,0,0,0,2976924,0
2827696,4430,-6054,320,533,-232,-565,8356,-534,-338,38,-920,19372,61,33,79,16,0,0,0,0,0,0,0,-32287,0,0,0,0,0,2976938,0
2827701,4706,-6608,330,589,-244,-458,8199,-719,-443,22,-1360,19372,61,33,79,16,0,0,0,0,0,0,0,-32287,0,0,0,0,0,2976943,0
2827706,4398,-6296,750,534,-136,-288,7997,-910,-544,10,-1792,19375,62,33,79,16,0,0,0,0,0,0,0,-32287,0,0,0,0,0,2976958,0
2827711,4302,-6256,1112,306,8,-85,7746,-1124,-613,5,-2248,19375,62,33,79,16,0,0,0,0,0,0,0,-32287,0,0,0,0,0,2976963,0
2827716,4488,-6334,1266,41,222,338,7451,-1318,-675,2,-2656,19375,57,33,79,16,0,0,0,0,0,0,0,-32287,0,0,0,0,0,2976978,0
2827721,4574,-6144,1526,-37,345,544,7114,-1498,-687,3,-3048,19375,57,33,79,16,0,0,0,0,0,0,0,-32287,0,0,0,0,0,2976983,0
2827726,4928,-5928,1476,-51,415,724,6743,-1655,-673,3,-3368,19372,62,33,79,16,0,0,0,0,0,0,0,-32287,0,0,0,0,0,2976998,0
2827731,5198,-5484,1414,-140,519,910,6338,-1796,-626,3,-3656,19372,62,33,79,16,0,0,0,0,0,0,0,-32287,0,0,0,0,0,2977003,0
2827736,5912,-4588,1516,-403,709,1167,5908,-1904,-550,1,-3888,19367,72,33,79,16,0,0,0,0,0,0,0,-32287,0,0,0,0,0,2977018,0
2827741,6396,-4578,1370,-518,745,1347,5458,-1993,-482,-6,-4024,19367,72,33,79,16,0,0,0,0,0,0,0,-32287,0,0,0,0,0,2977023,0
2827746,5508,-4204,1810,-769,934,1495,4996,-2042,-394,-20,-4088,19367,87,33,79,16,0,0,0,0,0,0,0,-32287,0,0,0,0,0,2977038,0
2827751,6268,-4446,854,-589,463,1468,4527,-2065,-298,-27,-4088,19367,87,33,79,16,0,0,0,0,0,0,0,-32287,0,0,0,0,0,2977043,0
2827756,7668,-2372,504,-55,14,1341,4057,-2066,-199,-20,-4024,19369,94,33,79,16,0,0,0,0,0,0,0,-32287,0,0,0,0,0,2977057,0
2827761,8588,-1284,70,-195,-130,1248,3594,-2034,-101,-19,-3936,19369,94,33,79,16,0,0,0,0,0,0,0,-32287,0,0,0,0,0,2977062,0
2827766,9100,-270,-40,-445,-179,1100,3144,-1976,-2,-4,-3800,19367,99,33,79,16,0,0,0,0,0,0,0,-32287,0,0,0,0,0,2977077,0
2827771,9658,-100,-42,-600,-275,925,2707,-1915,89,0,-3688,19367,99,33,79,16,0,0,0,0,0,0,0,-32287,0,0,0,0,0,2977082,0
2827776,10484,-284,672,-624,-524,577,2289,-1835,158,4,-3536,19365,90,33,79,16,0,0,0,0,0,0,0,-32287,0,0,0,0,0,2977097,0
2827781,10834,-326,888,-618,-589,395,1884,-1765,213,6,-3416,19365,90,33,79,16,0,0,0,0,0,0,0,-32287,0,0,0,0,0,2977102,0
2827786,11186,-360,1158,-667,-548,239,1492,-1719,223,-2,-3304,19365,77,33,79,16,0,0,0,0,0,0,0,-32287,0,0,0,0,0,2977117,0
2827791,11382,-598,1842,-773,-380,104,1110,-1672,215,-9,-3200,19365,77,33,79,16,0,0,0,0,0,0,0,-32287,0,0,0,0,0,2977122,0
2827796,10946,-1550,2686,-869,0,-81,738,-1629,198,-12,-3080,19367,85,33,79,16,0,0,0,0,0,0,0,-32287,0,0,0,0,0,2977137,0
2827801,10700,-1952,2748,-882,234,-133,377,-1587,169,-11,-2976,19367,85,33,79,16,0,0,0,0,0,0,0,-32287,0,0,0,0,0,2977142,0
2827806,10392,-2232,2686,-902,470,-161,30,-1526,162,-10,-2800,19370,84,33,79,16,0,0,0,0,0,0,0,-32287,0,0,0,0,0,2977157,0
2827811,9844,-2314,2620,-921,699,-216,-305,-1462,174,-11,-2656,19370,84,33,79,16,0,0,0,0,0,0,0,-32287,0,0,0,0,0,2977162,0
2827816,8718,-2816,2246,-949,1060,-211,-624,-1393,190,-4,-2496,19370,85,33,79,16,0,0,0,0,0,0,0,-32287,0,0,0,0,0,2977177,0
2827821,8264,-3134,1562,-955,1138,-188,-925,-1318,209,-3,-2336,19370,85,33,79,16,0,0,0,0,0,0,0,-32287,0,0,0,0,0,2977182,0
2827826,7616,-3150,1132,-899,1164,-172,-1208,-1230,238,-1,-2152,19369,73,33,79,16,0,0,0,0,0,0,0,-32287,0,0,0,0,0,2977196,0
2827831,7200,-3220,596,-903,1193,-122,-1473,-1155,256,0,-2000,19369,73,33,79,16,0,0,0,0,0,0,0,-32287,0,0,0,0,0,2977201,0
2827836,6354,-3108,34,-973,1167,-37,-1718,-1069,269,-1,-1816,19368,75,33,79,16,0,0,0,0,0,0,0,-32287,0,0,0,0,0,2977216,0
2827841,6072,-2910,-84,-1059,1085,-13,-1945,-979,282,-3,-1608,19368,75,33,79,16,0,0,0,0,0,0,0,-32287,0,0,0,0,0,2977221,0
2827846,5988,-3022,-288,-1028,995,8,-2152,-903,288,-2,-1448,19369,70,33,79,16,0,0,0,0,0,0,0,-32287,0,0,0,0,0,2977236,0
2827851,5826,-3000,-378,-940,817,-2,-2343,-835,285,-3,-1312,19369,70,33,79,16,0,0,0,0,0,0,0,-32287,0,0,0,0,0,2977241,0
2827856,6140,-2630,-298,-816,506,9,-2516,-763,282,2,-1176,19371,77,33,79,16,0,0,0,0,0,0,0,-32287,0,0,0,0,0,2977256,0
2827861,6172,-2378,-86,-906,434,11,-2676,-699,262,0,-1032,19371,77,33,79,16,0,0,0,0,0,0,0,-32287,0,0,0,0,0,2977261,0
2827866,6332,-2302,70,-1021,411,8,-2826,-655,235,0,-928,19370,68,33,79,16,0,0,0,0,0,0,0,-32287,0,0,0,0,0,2977276,0
2827871,6478,-2452,188,-1150,387,58,-2962,-601,215,-1,-808,19370,68,33,79,16,0,0,0,0,0,0,0,-32287,0,0,0,0,0,2977281,0
2827876,6750,-2600,1038,-1121,433,18,-3085,-542,198,0,-648,19369,67,33,79,16,0,0,0,0,0,0,0,-32287,0,0,0,0,0,2977296,0
2827881,6888,-2544,1288,-1035,493,-15,-3198,-491,187,10,-536,19369,67,33,79,16,0,0,0,0,0,0,0,-32287,0,0,0,0,0,2977301,0
2827886,7194,-2660,1298,-983,513,-38,-3297,-428,188,3,-384,19368,76,33,79,16,0,0,0,0,0,0,0,-32287,0,0,0,0,0,2977316,0
2827891,7234,-2272,1332,-1044,615,-42,-3384,-371,190,-3,-288,19368,76,33,79,16,0,0,0,0,0,0,0,-32287,0,0,0,0,0,2977321,0
2827896,7384,-2244,1302,-1187,740,-33,-3460,-332,190,-4,-232,19370,73,33,79,16,0,0,0,0,0,0,0,-32287,0,0,0,0,0,2977336,0
2827901,7492,-2490,1266,-1063,698,-74,-3527,-295,178,-2,-168,19370,73,33,79,16,0,0,0,0,0,0,0,-32287,0,0,0,0,0,2977341,0
2827906,7350,-2448,1138,-941,638,-91,-3590,-279,159,9,-168,19370,78,33,79,16,0,0,0,0,0,0,0,-32287,0,0,0,0,0,2977356,0
2827911,7266,-2180,1020,-916,612,-121,-3649,-249,123,2,-104,19370,78,33,79,16,0,0,0,0,0,0,0,-32287,0,0,0,0,0,2977360,0
2827916,7032,-2136,980,-1044,674,-76,-3695,-198,103,5,-88,19373,68,33,79,16,0,0,0,0,0,0,0,-32287,0,0,0,0,0,2977375,0
2827921,6874,-1932,916,-1086,676,-80,-3731,-146,112,7,-40,19373,68,33,79,16,0,0,0,0,0,0,0,-32287,0,0,0,0,0,2977380,0
2827926,6794,-2024,802,-1103,670,-69,-3753,-96,148,0,-40,19377,73,33,79,16,0,0,0,0,0,0,0,-32287,0,0,0,0,0,2977395,0
2827931,6592,-2000,842,-1115,683,-60,-3769,-75,163,-2,-24,19377,73,33,79,16,0,0,0,0,0,0,0,-32287,0,0,0,0,0,2977400,0
2827936,6458,-2000,798,-1044,691,-73,-3773,-13,158,-8,0,19379,74,33,79,16,0,0,0,0,0,0,0,-32287,0,0,0,0,0,2977415,0
2827941,6190,-2032,784,-1035,687,-62,-3771,16,151,-4,8,19379,74,33,79,16,0,0,0,0,0,0,0,-32287,0,0,0,0,0,2977420,0
2827946,6048,-2046,706,-1031,671,-60,-3770,0,122,2,0,19375,75,33,79,16,0,0,0,0,0,0,0,-32287,0,0,0,0,0,2977435,0
2827951,6010,-2052,610,-985,663,-73,-3770,-7,77,0,0,19375,75,33,79,16,0,0,0,0,0,0,0,-32287,0,0,0,0,0,2977440,0
2827956,5926,-1886,548,-932,631,-78,-3769,-4,39,0,0,19373,74,33,79,16,0,0,0,0,0,0,0,-32287,0,0,0,0,0,2977455,0
2827961,5916,-1832,494,-968,630,-96,-3768,1,3,0,0,19373,74,33,79,16,0,0,0,0,0,0,0,-32286,0,0,0,0,0,2977460,0
2827966,5960,-1884,366,-979,629,-95,-3769,-2,-8,0,0,19369,67,33,79,16,0,0,0,0,0,0,0,-32287,0,0,0,0,0,2977475,0
2827971,5912,-1930,302,-975,616,-103,-3769,-3,-4,0,0,19369,67,33,79,16,0,0,0,0,0,0,0,-32287,0,0,0,0,0,2977480,0
2827976,6002,-1942,312,-948,600,-110,-3768,5,-1,0,0,19367,68,33,79,16,0,0,0,0,0,0,0,-32287,0,0,0,0,0,2977495,0
2827981,6038,-2016,408,-963,586,-113,-3769,0,3,0,0,19367,68,33,79,16,0,0,0,0,0,0,0,-32287,0,0,0,0,0,2977500,0
2827986,6086,-2134,414,-972,589,-119,-3770,-4,2,0,0,19365,71,33,79,16,0,0,0,0,0,0,0,-32287,0,0,0,0,0,2977515,0
2827991,6170,-2274,440,-974,579,-113,-3769,-2,-3,0,0,19365,71,33,79,16,0,0,0,0,0,0,0,-32287,0,0,0,0,0,2977519,0
2827996,6210,-2400,484,-944,517,-91,-3770,-7,2,0,0,19367,82,33,79,16,0,0,0,0,0,0,0,-32287,0,0,0,0,0,2977534,0
2828001,6252,-2430,532,-975,510,-82,-3768,-3,-2,0,0,19367,82,33,79,16,0,0,0,0,0,0,0,-32287,0,0,0,0,0,2977539,0
2828006,6304,-2516,554,-1016,522,-56,-3768,5,2,0,0,19369,75,33,79,16,0,0,0,0,0,0,0,-32287,0,0,0,0,0,2977554,0
2828011,6348,-2526,648,-1033,530,-33,-3768,3,5,0,0,19369,75,33,79,16,0,0,0,0,0,0,0,-32287,0,0,0,0,0,2977559,0
2828016,6470,-2758,748,-876,489,-65,-3767,4,1,0,0,19370,66,33,79,16,0,0,0,0,0,0,0,-32287,0,0,0,0,0,2977574,0
2828021,6534,-2766,784,-762,458,-69,-3765,8,6,-1,0,19370,66,33,79,16,0,0,0,0,0,0,0,-32286,0,0,0,0,0,2977579,0
2828026,6618,-2624,750,-710,452,-86,-3765,3,3,0,0,19372,62,33,79,16,0,0,0,0,0,0,0,-32287,0,0,0,0,0,2977594,0
2828031,6772,-2412,784,-759,503,-73,-3764,2,-1,1,0,19372,62,33,79,16,0,0,0,0,0,0,0,-32287,0,0,0,0,0,2977599,0
2828036,6882,-2362,670,-807,456,-80,-3763,9,-7,1,0,19374,69,33,79,16,0,0,0,0,0,0,0,-32287,0,0,0,0,0,2977614,0
2828041,6906,-2602,654,-818,444,-49,-3765,-2,-3,0,0,19374,69,33,79,16,0,0,0,0,0,0,0,-32286,0,0,0,0,0,2977619,0
2828046,6832,-2464,722,-845,406,-49,-3764,-1,-6,0,0,19374,72,33,79,16,0,0,0,0,0,0,0,-32287,0,0,0,0,0,2977634,0
2828051,7084,-2634,696,-850,412,-21,-3763,7,-3,-1,0,19374,72,33,79,16,0,0,0,0,0,0,0,-32287,0,0,0,0,0,2977639,0
2828056,7146,-2546,758,-830,340,-20,-3761,4,3,0,0,19372,76,33,79,16,0,0,0,0,0,0,0,-32286,0,0,0,0,0,2977654,0
2828061,7160,-2456,780,-821,309,-10,-3761,1,0,0,0,19372,76,33,79,16,0,0,0,0,0,0,0,-32287,0,0,0,0,0,2977659,0
2828066,7178,-2406,792,-827,272,-27,-3760,-1,0,0,-8,19371,80,33,79,16,0,0,0,0,0,0,0,-32287,0,0,0,0,0,2977674,0
2828071,7330,-2420,780,-833,248,-31,-3760,-8,-2,0,0,19371,80,33,79,16,0,0,0,0,0,0,0,-32287,0,0,0,0,0,2977679,0
2828076,7508,-2412,932,-817,183,-53,-3759,1,1,0,0,19369,83,33,79,16,0,0,0,0,0,0,0,-32287,0,0,0,0,0,2977694,0
2828081,7668,-2438,1006,-796,171,-67,-3759,3,1,-1,0,19369,83,33,79,16,0,0,0,0,0,0,0,-32287,0,0,0,0,0,2977699,0
2828086,7792,-2454,1092,-764,161,-76,-3757,7,0,0,0,19368,87,33,79,16,0,0,0,0,0,0,0,-32287,0,0,0,0,0,2977713,0
2828091,7938,-2414,1200,-733,149,-83,-3758,2,-2,0,0,19368,87,33,79,16,0,0,0,0,0,0,0,-32287,0,0,0,0,0,2977718,0
2828096,8266,-2326,1354,-721,210,-90,-3758,-3,2,0,0,19368,81,33,79,16,0,0,0,0,0,0,0,-32287,0,0,0,0,0,2977733,0
2828101,8374,-2282,1366,-722,243,-100,-3756,5,1,0,0,19368,81,33,79,16,0,0,0,0,0,0,0,-32287,0,0,0,0,0,2977738,0
2828106,8460,-2178,1384,-726,282,-107,-3756,5,0,0,-8,19368,81,33,79,16,0,0,0,0,0,0,0,-32287,0,0,0,0,0,2977753,0
2828111,8544,-2064,1362,-734,310,-120,-3754,3,2,0,0,19368,81,33,79,16,0,0,0,0,0,0,0,-32287,0,0,0,0,0,2977758,0
2828116,8604,-1854,1254,-777,350,-156,-3753,11,3,0,0,19368,68,33,79,16,0,0,0,0,0,0,0,-32287,0,0,0,0,0,2977773,0
2828121,8640,-1776,1170,-798,364,-186,-3752,4,2,0,0,19368,68,33,79,16,0,0,0,0,0,0,0,-32287,0,0,0,0,0,2977778,0
2828126,8634,-1766,1166,-816,366,-212,-3751,0,6,-1,0,19368,72,33,79,16,0,0,0,0,0,0,0,-32287,0,0,0,0,0,2977793,0
2828131,8652,-1778,1088,-842,356,-238,-3749,14,0,0,0,19368,72,33,79,16,0,0,0,0,0,0,0,-32287,0,0,0,0,0,2977798,0
2828136,8526,-1880,1076,-902,374,-261,-3748,2,-1,0,0,19368,70,33,79,16,0,0,0,0,0,0,0,-32287,0,0,0,0,0,2977813,0
2828141,8544,-1878,1118,-937,399,-276,-3743,15,5,-1,8,19368,70,33,79,16,0,0,0,0,0,0,0,-32287,0,0,0,0,0,2977818,0
2828146,8476,-1964,1230,-966,424,-293,-3737,31,17,-1,16,19369,66,33,79,16,0,0,0,0,0,0,0,-32287,0,0,0,0,0,2977833,0
2828151,8456,-2146,1282,-961,451,-312,-3724,64,36,-3,40,19369,66,33,79,16,0,0,0,0,0,0,0,-32287,0,0,0,0,0,2977838,0
2828156,8458,-2290,1504,-877,469,-348,-3694,134,80,-7,64,19370,72,33,79,16,0,0,0,0,0,0,0,-32287,0,0,0,0,0,2977853,0
2828161,8392,-2290,1632,-842,480,-384,-3662,153,115,-1,88,19370,72,33,79,16,0,0,0,0,0,0,0,-32286,0,0,0,0,0,2977858,0
2828166,8444,-2214,1664,-777,456,-432,-3617,207,141,0,120,19369,71,33,79,16,0,0,0,0,0,0,0,-32287,0,0,0,0,0,2977873,0
2828171,8494,-2386,1630,-731,474,-456,-3570,216,134,3,128,19369,71,33,79,16,0,0,0,0,0,0,0,-32286,0,0,0,0,0,2977878,0
2828176,8470,-2334,1582,-723,481,-487,-3520,211,104,5,104,19367,70,33,79,16,0,0,0,0,0,0,0,-32287,0,0,0,0,0,2977893,0
2828181,8380,-2356,1550,-735,472,-491,-3471,214,62,3,112,19367,70,33,79,16,0,0,0,0,0,0,0,-32287,0,0,0,0,0,2977898,0
2828186,8366,-2190,1476,-684,451,-527,-3418,231,11,0,128,19368,67,33,79,16,0,0,0,0,0,0,0,-32287,0,0,0,0,0,2977913,0
2828191,8438,-2320,1340,-654,455,-514,-3365,237,-7,3,136,19368,67,33,79,16,0,0,0,0,0,0,0,-32287,0,0,0,0,0,2977918,0
2828196,8382,-1858,1180,-650,387,-540,-3307,255,-2,-6,184,19372,62,33,79,16,0,0,0,0,0,0,0,-32287,0,0,0,0,0,2977933,0
2828201,8420,-1856,1110,-642,348,-540,-3244,282,26,-4,208,19372,62,33,79,16,0,0,0,0,0,0,0,-32287,0,0,0,0,0,2977938,0
2828206,8354,-1730,1058,-642,272,-539,-3173,309,59,0,264,19372,66,33,79,16,0,0,0,0,0,0,0,-32287,0,0,0,0,0,2977953,0
2828211,8388,-1608,1062,-642,227,-523,-3098,333,87,-2,272,19372,66,33,79,16,0,0,0,0,0,0,0,-32287,0,0,0,0,0,2977958,0
2828216,8178,-1204,1196,-758,194,-485,-3021,341,107,1,280,19368,64,33,79,16,0,0,0,0,0,0,0,-32287,0,0,0,0,0,2977973,0
2828221,8424,-1158,1242,-795,199,-477,-2941,359,70,-6,328,19368,64,33,79,16,0,0,0,0,0,0,0,-32287,0,0,0,0,0,2977977,0
2828226,8504,-1108,1402,-837,209,-483,-2855,381,62,-6,368,19367,70,33,79,16,0,0,0,0,0,0,0,-32287,0,0,0,0,0,2977992,0
2828231,8680,-1272,1520,-898,189,-474,-2762,407,66,-12,464,19367,70,33,79,16,0,0,0,0,0,0,0,-32287,0,0,0,0,0,2977997,0
2828236,9526,-1618,1754,-998,153,-461,-2657,457,85,-21,584,19365,66,33,79,16,0,0,0,0,0,0,0,-32287,0,0,0,0,0,2978012,0
2828241,9926,-1692,1822,-1048,167,-457,-2547,490,110,-2,688,19365,66,33,79,16,0,0,0,0,0,0,0,-32287,0,0,0,0,0,2978017,0
2828246,10348,-2092,1822,-1103,192,-434,-2426,535,128,-3,808,19366,77,33,79,16,0,0,0,0,0,0,0,-32287,0,0,0,0,0,2978035,0
2828251,10604,-2216,1918,-1173,221,-425,-2288,610,148,-1,1008,19366,77,33,79,16,0,0,0,0,0,0,0,-32287,0,0,0,0,0,2978040,0
2828256,11278,-3454,1850,-1221,307,-396,-2135,683,180,-2,1168,19365,82,33,79,16,0,0,0,0,0,0,0,-32287,0,0,0,0,0,2978055,0
2828261,11256,-4238,1992,-1194,302,-400,-1963,759,218,-3,1336,19365,82,33,79,16,0,0,0,0,0,0,0,-32287,0,0,0,0,0,2978060,0
2828266,11310,-4888,2014,-1046,290,-424,-1772,848,248,-4,1552,19364,80,33,79,16,0,0,0,0,0,0,0,-32287,0,0,0,0,0,2978075,0
2828271,11322,-5236,2016,-790,246,-505,-1562,931,280,-1,1712,19364,80,33,79,16,0,0,0,0,0,0,0,-32287,0,0,0,0,0,2978080,0
2828276,10730,-5412,1852,-452,218,-666,-1336,1005,278,-4,1888,19362,82,33,79,16,0,0,0,0,0,0,0,-32287,0,0,0,0,0,2978095,0
2828281,10396,-5640,1744,-383,243,-708,-1099,1048,268,5,1936,19362,82,33,79,16,0,0,0,0,0,0,0,-32287,0,0,0,0,0,2978100,0
2828286,9740,-5930,1716,-357,265,-760,-849,1096,244,12,2008,19366,74,33,79,16,0,0,0,0,0,0,0,-32287,0,0,0,0,0,2978115,0
2828291,9278,-6476,1542,-266,291,-773,-595,1118,199,13,2024,19366,74,33,79,16,0,0,0,0,0,0,0,-32287,0,0,0,0,0,2978120,0
2828296,7888,-7072,1568,-51,360,-742,-338,1129,146,10,2008,19368,81,33,79,16,0,0,0,0,0,0,0,-32287,0,0,0,0,0,2978135,0
2828301,7188,-7256,1596,-4,397,-722,-87,1103,83,11,1952,19368,81,33,79,16,0,0,0,0,0,0,0,-32287,0,0,0,0,0,2978140,0
2828306,6604,-7522,1264,45,371,-668,162,1093,21,7,1896,19369,81,33,79,16,0,0,0,0,0,0,0,-32287,0,0,0,0,0,2978155,0
2828311,6124,-7670,1022,115,339,-614,401,1051,-29,6,1800,19369,81,33,79,16,0,0,0,0,0,0,0,-32287,0,0,0,0,0,2978160,0
2828316,5434,-7568,1018,342,249,-533,635,1024,-66,5,1728,19366,77,33,79,16,0,0,0,0,0,0,0,-32287,0,0,0,0,0,2978175,0
2828321,5070,-7272,1086,449,193,-512,858,971,-106,5,1624,19366,77,33,79,16,0,0,0,0,0,0,0,-32287,0,0,0,0,0,2978180,0
2828326,5038,-6892,874,614,162,-496,1067,923,-126,-1,1536,19369,75,33,79,16,0,0,0,0,0,0,0,-32287,0,0,0,0,0,2978195,0
2828331,4818,-6450,584,739,158,-489,1264,861,-153,1,1384,19369,75,33,79,16,0,0,0,0,0,0,0,-32287,0,0,0,0,0,2978199,0
2828336,4560,-5918,362,981,126,-485,1449,799,-181,2,1256,19370,79,33,79,16,0,0,0,0,0,0,0,-32287,0,0,0,0,0,2978214,0
2828341,4168,-5642,78,1040,55,-470,1617,729,-196,4,1096,19370,79,33,79,16,0,0,0,0,0,0,0,-32287,0,0,0,0,0,2978219,0
2828346,4010,-5386,-330,1045,-29,-449,1771,664,-213,0,960,19373,76,33,79,16,0,0,0,0,0,0,0,-32287,0,0,0,0,0,2978234,0
2828351,3880,-5160,-568,1033,-90,-396,1911,618,-221,-3,848,19373,76,33,79,16,0,0,0,0,0,0,0,-32287,0,0,0,0,0,2978239,0
2828356,3566,-4606,-698,889,-201,-282,2034,538,-222,7,616,19371,69,33,79,16,0,0,0,0,0,0,0,-32287,0,0,0,0,0,2978254,0
2828361,3784,-4484,-740,882,-215,-251,2141,469,-233,-8,480,19371,69,33,79,16,0,0,0,0,0,0,0,-32287,0,0,0,0,0,2978259,0
2828366,3940,-4326,-574,910,-223,-224,2235,410,-228,-14,376,19369,61,33,79,16,0,0,0,0,0,0,0,-32287,0,0,0,0,0,2978274,0
2828371,4000,-4500,-586,861,-243,-119,2320,369,-217,-4,304,19369,61,33,79,16,0,0,0,0,0,0,0,-32286,0,0,0,0,0,2978279,0
2828376,4516,-4048,-404,579,-207,46,2392,313,-203,13,216,19367,66,33,79,16,0,0,0,0,0,0,0,-32287,0,0,0,0,0,2978294,0
2828381,4796,-4020,-346,553,-199,104,2456,268,-183,1,152,19367,66,33,79,16,0,0,0,0,0,0,0,-32287,0,0,0,0,0,2978299,0
2828386,4924,-4146,-290,562,-255,187,2512,239,-161,-5,120,19368,83,33,79,16,0,0,0,0,0,0,0,-32287,0,0,0,0,0,2978314,0
2828391,5212,-3948,-280,589,-353,237,2558,199,-144,-3,80,19368,83,33,79,16,0,0,0,0,0,0,0,-32287,0,0,0,0,0,2978319,0
2828396,6036,-3686,-306,551,-536,361,2603,194,-128,0,88,19369,81,33,79,16,0,0,0,0,0,0,0,-32287,0,0,0,0,0,2978334,0
2828401,6422,-3496,-330,507,-600,403,2641,168,-103,0,88,19369,81,33,79,16,0,0,0,0,0,0,0,-32287,0,0,0,0,0,2978339,0
2828406,6896,-3386,-272,468,-678,456,2680,165,-73,0,64,19370,79,33,79,16,0,0,0,0,0,0,0,-32287,0,0,0,0,0,2978354,0
2828411,7186,-3230,-210,409,-724,475,2716,162,-56,1,72,19370,79,33,79,16,0,0,0,0,0,0,0,-32287,0,0,0,0,0,2978359,0
2828416,8070,-3148,32,334,-739,492,2752,155,-27,2,64,19370,69,33,79,16,0,0,0,0,0,0,0,-32287,0,0,0,0,0,2978374,0
2828421,8292,-2824,260,309,-751,456,2786,151,-24,0,64,19370,69,33,79,16,0,0,0,0,0,0,0,-32287,0,0,0,0,0,2978379,0
2828426,8594,-2950,232,238,-684,453,2812,113,-24,3,32,19369,62,33,79,16,0,0,0,0,0,0,0,-32287,0,0,0,0,0,2978394,0
2828431,8512,-2638,312,195,-708,365,2834,96,-50,0,40,19369,62,33,79,16,0,0,0,0,0,0,0,-32287,0,0,0,0,0,2978399,0
2828436,8618,-2960,268,93,-599,308,2856,106,-56,-2,40,19372,68,33,79,16,0,0,0,0,0,0,0,-32287,0,0,0,0,0,2978414,0
2828441,8322,-2998,316,-52,-514,278,2878,101,-49,1,40,19372,68,33,79,16,0,0,0,0,0,0,0,-32287,0,0,0,0,0,2978418,0
2828446,8196,-3122,240,-130,-444,233,2905,122,-23,-7,72,19372,66,33,79,16,0,0,0,0,0,0,0,-32287,0,0,0,0,0,2978433,0
2828451,8072,-3316,156,-102,-374,200,2940,151,32,1,64,19372,66,33,79,16,0,0,0,0,0,0,0,-32287,0,0,0,0,0,2978438,0
2828456,7674,-3650,412,-37,-256,134,2981,181,58,0,104,19374,60,33,79,16,0,0,0,0,0,0,0,-32287,0,0,0,0,0,2978453,0
2828461,6978,-3994,116,-61,-339,113,3028,210,81,-2,152,19374,60,33,79,16,0,0,0,0,0,0,0,-32287,0,0,0,0,0,2978458,0
2828466,7000,-4054,-288,97,-492,57,3088,275,111,-7,232,19373,62,33,79,16,0,0,0,0,0,0,0,-32287,0,0,0,0,0,2978473,0
2828471,6800,-4042,-354,315,-599,-8,3163,332,131,1,320,19373,62,33,79,16,0,0,0,0,0,0,0,-32287,0,0,0,0,0,2978478,0
2828476,6698,-3970,-668,565,-938,-106,3253,398,173,-8,432,19371,83,33,79,16,0,0,0,0,0,0,0,-32287,0,0,0,0,0,2978493,0
2828481,6532,-3952,-742,592,-1073,-127,3345,414,186,-9,472,19371,83,33,79,16,0,0,0,0,0,0,0,-32287,0,0,0,0,0,2978498,0
2828486,6664,-4026,-594,594,-1163,-137,3444,430,168,-6,504,19372,85,33,79,16,0,0,0,0,0,0,0,-32287,0,0,0,0,0,2978513,0
2828491,6706,-4000,-388,600,-1208,-162,3544,441,117,2,528,19372,85,33,79,16,0,0,0,0,0,0,0,-32287,0,0,0,0,0,2978518,0
2828496,6970,-4204,18,766,-1267,-182,3651,465,80,1,568,19372,91,33,79,16,0,0,0,0,0,0,0,-32287,0,0,0,0,0,2978533,0
2828501,7062,-4444,242,854,-1240,-137,3756,464,54,7,544,19372,91,33,79,16,0,0,0,0,0,0,0,-32287,0,0,0,0,0,2978538,0
2828506,7092,-4260,480,849,-1191,-119,3856,437,28,6,480,19372,71,33,79,16,0,0,0,0,0,0,0,-32287,0,0,0,0,0,2978553,0
2828511,7350,-4184,560,814,-1084,-57,3952,413,-4,2,432,19372,71,33,79,16,0,0,0,0,0,0,0,-32287,0,0,0,0,0,2978558,0
2828516,7340,-4184,758,828,-898,28,4043,399,-34,1,400,19369,74,33,79,16,0,0,0,0,0,0,0,-32287,0,0,0,0,0,2978573,0
2828521,7270,-4182,806,904,-837,57,4137,406,-51,-1,416,19369,74,33,79,16,0,0,0,0,0,0,0,-32287,0,0,0,0,0,2978578,0
2828526,7284,-4200,728,975,-765,106,4224,379,-52,13,328,19368,68,33,79,16,0,0,0,0,0,0,0,-32287,0,0,0,0,0,2978593,0
2828531,7210,-3920,738,1036,-725,119,4302,346,-53,16,248,19368,68,33,79,16,0,0,0,0,0,0,0,-32287,0,0,0,0,0,2978598,0
2828536,7160,-3516,578,1043,-628,187,4371,303,-81,5,184,19369,72,33,79,16,0,0,0,0,0,0,0,-32287,0,0,0,0,0,2978613,0
2828541,7290,-3288,456,1058,-586,187,4435,283,-97,1,152,19369,72,33,79,16,0,0,0,0,0,0,0,-32287,0,0,0,0,0,2978618,0
2828546,7284,-3258,344,1046,-546,190,4496,268,-105,-8,144,19373,74,33,79,16,0,0,0,0,0,0,0,-32288,0,0,0,0,0,2978633,0
2828551,7244,-3306,270,1031,-530,226,4552,251,-89,-7,128,19373,74,33,79,16,0,0,0,0,0,0,0,-32287,0,0,0,0,0,2978638,0
2828556,7008,-3136,190,1030,-544,262,4605,228,-73,-5,112,19374,74,33,79,16,0,0,0,0,0,0,0,-32287,0,0,0,0,0,2978653,0
2828561,7052,-3318,42,980,-538,324,4647,182,-69,2,56,19374,74,33,79,16,0,0,0,0,0,0,0,-32287,0,0,0,0,0,2978658,0
2828566,6876,-3116,44,927,-556,344,4678,140,-97,-9,48,19373,75,33,79,16,0,0,0,0,0,0,0,-32287,0,0,0,0,0,2978673,0
2828571,6948,-3210,-20,884,-527,392,4701,88,-125,0,24,19373,75,33,79,16,0,0,0,0,0,0,0,-32287,0,0,0,0,0,2978678,0
2828576,6954,-3140,4,916,-569,403,4719,78,-146,0,32,19369,75,33,79,16,0,0,0,0,0,0,0,-32287,0,0,0,0,0,2978692,0
2828581,7012,-3080,38,976,-573,425,4736,82,-119,-2,32,19369,75,33,79,16,0,0,0,0,0,0,0,-32287,0,0,0,0,0,2978697,0
2828586,6944,-3078,78,970,-581,456,4753,62,-77,4,16,19370,76,33,79,16,0,0,0,0,0,0,0,-32287,0,0,0,0,0,2978712,0
2828591,6984,-3070,18,933,-593,489,4755,4,-65,7,-8,19370,76,33,79,16,0,0,0,0,0,0,0,-32287,0,0,0,0,0,2978717,0
2828596,7166,-2768,28,874,-574,523,4753,-20,-69,4,-8,19372,72,33,79,16,0,0,0,0,0,0,0,-32287,0,0,0,0,0,2978732,0
2828601,7300,-2728,48,868,-562,521,4750,-6,-88,-1,0,19372,72,33,79,16,0,0,0,0,0,0,0,-32287,0,0,0,0,0,2978737,0
2828606,7428,-2706,78,869,-556,527,4749,-4,-75,-3,0,19370,71,33,79,16,0,0,0,0,0,0,0,-32287,0,0,0,0,0,2978752,0
2828611,7454,-2680,94,864,-552,523,4752,-3,-35,0,0,19370,71,33,79,16,0,0,0,0,0,0,0,-32287,0,0,0,0,0,2978757,0
2828616,7776,-2534,102,871,-547,513,4750,-4,5,0,0,19368,63,33,79,16,0,0,0,0,0,0,0,-32287,0,0,0,0,0,2978772,0
2828621,7756,-2358,216,856,-530,483,4751,-1,20,0,0,19368,63,33,79,16,0,0,0,0,0,0,0,-32287,0,0,0,0,0,2978777,0
2828626,7936,-2354,202,839,-498,469,4752,2,-2,-1,0,19368,66,33,79,16,0,0,0,0,0,0,0,-32287,0,0,0,0,0,2978792,0
2828631,7924,-2296,230,813,-459,459,4752,0,2,-1,0,19368,66,33,79,16,0,0,0,0,0,0,0,-32287,0,0,0,0,0,2978797,0
2828636,8094,-2292,332,749,-349,426,4754,11,7,0,0,19371,73,33,79,16,0,0,0,0,0,0,0,-32287,0,0,0,0,0,2978812,0
2828641,8026,-2344,430,736,-317,401,4755,9,5,0,0,19371,73,33,79,16,0,0,0,0,0,0,0,-32287,0,0,0,0,0,2978817,0
2828646,8102,-2432,444,733,-261,386,4757,5,6,-1,8,19371,67,33,79,16,0,0,0,0,0,0,0,-32287,0,0,0,0,0,2978832,0
2828651,8140,-2388,476,764,-225,371,4759,11,-2,-2,8,19371,67,33,79,16,0,0,0,0,0,0,0,-32287,0,0,0,0,0,2978837,0
2828656,8188,-2402,486,778,-140,325,4763,21,7,-3,16,19371,59,33,79,16,0,0,0,0,0,0,0,-32287,0,0,0,0,0,2978852,0
2828661,8238,-2370,412,810,-84,292,4773,50,20,-5,24,19371,59,33,79,16,0,0,0,0,0,0,0,-32287,0,0,0,0,0,2978857,0
2828666,8264,-2260,412,897,-91,239,4796,105,52,-9,64,19370,64,33,79,16,0,0,0,0,0,0,0,-32287,0,0,0,0,0,2978872,0
2828671,8392,-2262,286,1026,-122,196,4835,167,110,-5,88,19370,64,33,79,16,0,0,0,0,0,0,0,-32287,0,0,0,0,0,2978877,0
2828676,8522,-1808,98,1131,-240,86,4885,232,157,-6,176,19371,66,33,79,16,0,0,0,0,0,0,0,-32287,0,0,0,0,0,2978892,0
2828681,8752,-1600,12,1138,-223,45,4949,286,196,0,240,19371,66,33,79,16,0,0,0,0,0,0,0,-32287,0,0,0,0,0,2978897,0
2828686,8472,-1468,-36,1104,-271,-15,5022,327,198,1,296,19369,74,33,79,16,0,0,0,0,0,0,0,-32287,0,0,0,0,0,2978912,0
2828691,8448,-1296,-482,1198,-425,-79,5102,348,174,6,280,19369,74,33,79,16,0,0,0,0,0,0,0,-32287,0,0,0,0,0,2978917,0
2828696,8132,-920,28,920,-251,-86,5180,345,138,9,280,19371,82,33,79,16,0,0,0,0,0,0,0,-32287,0,0,0,0,0,2978932,0
2828701,8618,-1150,64,792,-104,-88,5260,348,87,1,280,19371,82,33,79,16,0,0,0,0,0,0,0,-32287,0,0,0,0,0,2978937,0
2828706,8312,-1118,514,672,35,-111,5339,346,37,0,272,19371,69,33,79,16,0,0,0,0,0,0,0,-32287,0,0,0,0,0,2978952,0
2828711,8334,-1548,438,654,90,-109,5414,331,4,-5,264,19371,69,33,79,16,0,0,0,0,0,0,0,-32287,0,0,0,0,0,2978957,0
2828716,7918,-1790,474,748,173,-118,5489,331,-14,1,240,19368,66,33,79,16,0,0,0,0,0,0,0,-32287,0,0,0,0,0,2978971,0
2828721,7818,-1914,354,733,218,-74,5560,309,-32,9,200,19368,66,33,79,16,0,0,0,0,0,0,0,-32287,0,0,0,0,0,2978976,0
2828726,7594,-1728,302,695,209,-70,5623,282,-41,6,168,19368,68,33,79,16,0,0,0,0,0,0,0,-32287,0,0,0,0,0,2978991,0
2828731,7782,-1726,162,629,239,-51,5682,259,-61,-6,136,19368,68,33,79,16,0,0,0,0,0,0,0,-32287,0,0,0,0,0,2978996,0
2828736,7596,-1844,164,402,266,33,5732,230,-83,-1,112,19367,77,33,79,16,0,0,0,0,0,0,0,-32287,0,0,0,0,0,2979011,0
2828741,7652,-1752,226,343,277,30,5775,192,-101,-8,96,19367,77,33,79,16,0,0,0,0,0,0,0,-32287,0,0,0,0,0,2979016,0
2828746,7684,-1930,304,305,290,49,5818,188,-91,-3,88,19366,77,33,79,16,0,0,0,0,0,0,0,-32287,0,0,0,0,0,2979031,0
2828751,7652,-1916,388,305,296,33,5861,190,-73,2,88,19366,77,33,79,16,0,0,0,0,0,0,0,-32287,0,0,0,0,0,2979036,0
2828756,7768,-1914,500,308,293,24,5903,182,-45,-2,104,19368,62,33,79,16,0,0,0,0,0,0,0,-32287,0,0,0,0,0,2979051,0
2828761,8018,-2078,392,305,333,37,5950,211,-11,-2,112,19368,62,33,79,16,0,0,0,0,0,0,0,-32287,0,0,0,0,0,2979056,0
2828766,7864,-2032,470,298,329,14,5997,208,17,4,96,19367,63,33,79,16,0,0,0,0,0,0,0,-32287,0,0,0,0,0,2979071,0
2828771,7910,-2190,324,281,350,13,6046,213,25,0,120,19367,63,33,79,16,0,0,0,0,0,0,0,-32287,0,0,0,0,0,2979076,0
2828776,7872,-2090,248,332,334,-37,6099,238,25,-3,144,19368,69,33,79,16,0,0,0,0,0,0,0,-32287,0,0,0,0,0,2979091,0
2828781,7790,-2286,138,353,324,-29,6156,246,40,2,160,19368,69,33,79,16,0,0,0,0,0,0,0,-32287,0,0,0,0,0,2979096,0
2828786,7582,-2260,82,368,282,-36,6215,259,35,-3,184,19366,86,33,79,16,0,0,0,0,0,0,0,-32287,0,0,0,0,0,2979111,0
2828791,7640,-2166,-42,421,257,-79,6282,303,58,0,248,19366,86,33,79,16,0,0,0,0,0,0,0,-32287,0,0,0,0,0,2979116,0
2828796,7548,-2190,-194,579,154,-147,6361,346,79,-2,320,19368,79,33,79,16,0,0,0,0,0,0,0,-32287,0,0,0,0,0,2979131,0
2828801,7614,-2178,-318,693,79,-164,6448,388,108,-9,400,19368,79,33,79,16,0,0,0,0,0,0,0,-32287,0,0,0,0,0,2979136,0
2828806,7424,-2190,-340,701,19,-155,6540,414,127,-6,448,19369,77,33,79,16,0,0,0,0,0,0,0,-32287,0,0,0,0,0,2979150,0
2828811,7450,-2034,-362,697,-52,-161,6633,410,118,-3,440,19369,77,33,79,16,0,0,0,0,0,0,0,-32287,0,0,0,0,0,2979155,0
2828816,7320,-2110,-310,656,-120,-157,6730,424,81,0,472,19368,71,33,79,16,0,0,0,0,0,0,0,-32287,0,0,0,0,0,2979170,0
2828821,7448,-2216,-286,728,-135,-177,6832,448,60,-8,552,19368,71,33,79,16,0,0,0,0,0,0,0,-32287,0,0,0,0,0,2979175,0
2828826,7428,-2160,-196,787,-179,-158,6936,454,52,0,544,19367,75,33,79,16,0,0,0,0,0,0,0,-32287,0,0,0,0,0,2979190,0
2828831,7348,-2182,-116,781,-205,-130,7037,438,35,11,464,19367,75,33,79,16,0,0,0,0,0,0,0,-32287,0,0,0,0,0,2979195,0
2828836,7462,-2118,-14,675,-160,-88,7134,423,15,6,448,19367,79,33,79,16,0,0,0,0,0,0,0,-32287,0,0,0,0,0,2979210,0
2828841,7484,-2086,50,632,-141,-69,7229,421,-15,-3,456,19367,79,33,79,16,0,0,0,0,0,0,0,-32287,0,0,0,0,0,2979215,0
2828846,7520,-2146,84,623,-122,-59,7321,412,-37,3,432,19369,76,33,79,16,0,0,0,0,0,0,0,-32287,0,0,0,0,0,2979230,0
2828851,7434,-2268,118,623,-110,-1,7406,365,-51,23,288,19369,76,33,79,16,0,0,0,0,0,0,0,-32287,0,0,0,0,0,2979235,0
2828856,7412,-2202,106,566,-66,51,7480,321,-67,21,216,19371,74,33,79,16,0,0,0,0,0,0,0,-32287,0,0,0,0,0,2979250,0
2828861,7416,-2212,68,517,-21,80,7547,284,-94,6,128,19371,74,33,79,16,0,0,0,0,0,0,0,-32287,0,0,0,0,0,2979255,0
2828866,7372,-2324,18,463,-5,120,7607,258,-122,-5,136,19371,79,33,79,16,0,0,0,0,0,0,0,-32287,0,0,0,0,0,2979270,0
2828871,7380,-2336,-10,446,10,150,7661,234,-127,-12,120,19371,79,33,79,16,0,0,0,0,0,0,0,-32287,0,0,0,0,0,2979275,0
2828876,7332,-2334,-124,466,13,185,7710,214,-104,0,88,19372,80,33,79,16,0,0,0,0,0,0,0,-32287,0,0,0,0,0,2979290,0
2828881,7236,-2204,-146,483,-5,202,7758,217,-85,-4,112,19372,80,33,79,16,0,0,0,0,0,0,0,-32287,0,0,0,0,0,2979295,0
2828886,7352,-2190,-242,494,4,221,7801,194,-64,1,88,19370,86,33,79,16,0,0,0,0,0,0,0,-32287,0,0,0,0,0,2979310,0
2828891,7310,-2238,-286,458,-6,269,7836,144,-60,2,32,19370,86,33,79,16,0,0,0,0,0,0,0,-32287,0,0,0,0,0,2979315,0
2828896,7408,-2134,-300,323,-28,299,7862,112,-84,-9,56,19371,80,33,79,16,0,0,0,0,0,0,0,-32287,0,0,0,0,0,2979330,0
2828901,7480,-2218,-266,334,-12,323,7888,117,-87,-1,40,19371,80,33,79,16,0,0,0,0,0,0,0,-32287,0,0,0,0,0,2979335,0
2828906,7326,-2334,-194,312,-45,324,7914,115,-87,0,56,19370,81,33,79,16,0,0,0,0,0,0,0,-32287,0,0,0,0,0,2979349,0
2828911,7500,-2402,-242,396,-86,284,7945,142,-41,-6,72,19370,81,33,79,16,0,0,0,0,0,0,0,-32287,0,0,0,0,0,2979354,0
2828916,7530,-2764,-232,528,-146,271,7982,146,13,5,64,19368,86,33,79,16,0,0,0,0,0,0,0,-32287,0,0,0,0,0,2979369,0
2828921,8020,-2882,-424,592,-180,244,8020,171,42,-2,80,19368,86,33,79,16,0,0,0,0,0,0,0,-32287,0,0,0,0,0,2979374,0
2828926,8014,-3042,-444,609,-169,240,8063,192,57,4,112,19367,77,33,79,16,0,0,0,0,0,0,0,-32287,0,0,0,0,0,2979389,0
2828931,8102,-3018,-396,677,-258,192,8112,213,59,1,120,19367,77,33,79,16,0,0,0,0,0,0,0,-32287,0,0,0,0,0,2979394,0
2828936,8326,-3296,-356,832,-372,142,8168,245,68,5,136,19368,72,33,79,16,0,0,0,0,0,0,0,-32287,0,0,0,0,0,2979409,0
2828941,8544,-3270,-336,876,-413,116,8227,267,81,9,168,19368,72,33,79,16,0,0,0,0,0,0,0,-32287,0,0,0,0,0,2979414,0
2828946,8686,-3166,-282,880,-420,99,8285,258,67,5,136,19369,57,33,79,16,0,0,0,0,0,0,0,-32287,0,0,0,0,0,2979429,0
2828951,8746,-3262,-308,780,-418,133,8336,220,29,4,96,19369,57,33,79,16,0,0,0,0,0,0,0,-32287,0,0,0,0,0,2979434,0
2828956,8764,-2924,-184,557,-418,155,8380,194,-18,-6,96,19369,56,33,79,16,0,0,0,0,0,0,0,-32287,0,0,0,0,0,2979449,0
2828961,8674,-2912,-46,463,-433,208,8417,163,-61,-3,48,19369,56,33,79,16,0,0,0,0,0,0,0,-32287,0,0,0,0,0,2979454,0
2828966,8530,-2824,150,328,-445,253,8443,103,-108,0,32,19372,68,33,79,16,0,0,0,0,0,0,0,-32287,0,0,0,0,0,2979469,0
2828971,8606,-2630,356,237,-460,265,8462,79,-127,-3,24,19372,68,33,79,16,0,0,0,0,0,0,0,-32287,0,0,0,0,0,2979474,0
2828976,8516,-2446,684,85,-404,334,8469,20,-134,7,-8,19373,80,33,79,16,0,0,0,0,0,0,0,-32287,0,0,0,0,0,2979489,0
2828981,8616,-2234,740,30,-378,319,8469,0,-147,3,0,19373,80,33,79,16,0,0,0,0,0,0,0,-32287,0,0,0,0,0,2979494,0
2828986,8858,-2314,790,19,-324,315,8468,0,-127,0,-8,19372,77,33,79,16,0,0,0,0,0,0,0,-32287,0,0,0,0,0,2979509,0
2828991,8832,-2308,872,-20,-285,310,8467,-1,-82,0,-8,19372,77,33,79,16,0,0,0,0,0,0,0,-32287,0,0,0,0,0,2979514,0
2828996,9134,-2346,770,-90,-222,273,8468,0,-49,0,-8,19371,71,33,79,16,0,0,0,0,0,0,0,-32287,0,0,0,0,0,2979529,0
2829001,9254,-2430,776,-163,-175,244,8468,4,-6,-1,-8,19371,71,33,79,16,0,0,0,0,0,0,0,-32287,0,0,0,0,0,2979534,0
2829006,9350,-2590,692,-223,-137,227,8468,-1,1,-1,0,19370,63,33,79,16,0,0,0,0,0,0,0,-32287,0,0,0,0,0,2979549,0
2829011,9566,-2672,620,-251,-94,227,8468,-8,1,0,-8,19370,63,33,79,16,0,0,0,0,0,0,0,-32287,0,0,0,0,0,2979554,0
2829016,9696,-2850,614,-335,-51,176,8468,-1,-1,-1,0,19368,68,33,79,16,0,0,0,0,0,0,0,-32287,0,0,0,0,0,2979568,0
2829021,9726,-2892,628,-370,10,150,8469,3,-1,0,0,19368,68,33,79,16,0,0,0,0,0,0,0,-32287,0,0,0,0,0,2979573,0
2829026,9584,-2862,686,-418,23,107,8468,-3,-1,0,-8,19368,87,33,79,16,0,0,0,0,0,0,0,-32287,0,0,0,0,0,2979588,0
2829031,9694,-2922,586,-452,76,69,8469,-3,-3,0,0,19368,87,33,79,16,0,0,0,0,0,0,0,-32287,0,0,0,0,0,2979593,0
2829036,9520,-3224,592,-525,157,-36,8468,-2,1,0,-8,19369,87,33,79,16,0,0,0,0,0,0,0,-32287,0,0,0,0,0,2979608,0
2829041,9398,-3622,570,-530,206,-105,8469,-1,-1,0,0,19369,87,33,79,16,0,0,0,0,0,0,0,-32287,0,0,0,0,0,2979613,0
2829046,9228,-4014,556,-485,230,-155,8468,-1,-3,0,-8,19369,89,33,79,16,0,0,0,0,0,0,0,-32287,0,0,0,0,0,2979628,0
2829051,8954,-4372,578,-412,248,-204,8467,-7,1,-1,0,19369,89,33,79,16,0,0,0,0,0,0,0,-32287,0,0,0,0,0,2979633,0
2829056,8508,-4884,594,-233,232,-276,8468,0,-1,0,0,19367,82,33,79,16,0,0,0,0,0,0,0,-32287,0,0,0,0,0,2979648,0
2829061,8108,-4996,630,-164,255,-286,8467,-1,4,-1,0,19367,82,33,79,16,0,0,0,0,0,0,0,-32287,0,0,0,0,0,2979653,0
2829066,7822,-5178,646,-96,250,-286,8469,3,4,-1,0,19371,88,33,79,16,0,0,0,0,0,0,0,-32287,0,0,0,0,0,2979668,0
2829071,7572,-5248,644,-28,239,-280,8468,-1,0,0,0,19371,88,33,79,16,0,0,0,0,0,0,0,-32287,0,0,0,0,0,2979673,0
2829076,6952,-5372,738,106,246,-242,8468,5,3,0,-8,19372,90,33,79,16,0,0,0,0,0,0,0,-32287,0,0,0,0,0,2979688,0
2829081,6716,-5428,724,178,248,-209,8468,0,-2,0,0,19372,90,33,79,16,0,0,0,0,0,0,0,-32287,0,0,0,0,0,2979693,0
2829086,6378,-5490,768,248,218,-210,8468,3,-1,0,-8,19372,85,33,79,16,0,0,0,0,0,0,0,-32287,0,0,0,0,0,2979708,0
2829091,6396,-5442,702,378,194,-167,8467,-9,0,0,0,19372,85,33,79,16,0,0,0,0,0,0,0,-32287,0,0,0,0,0,2979713,0
2829096,6078,-5210,810,593,108,-133,8467,3,-2,-1,-8,19368,72,33,79,16,0,0,0,0,0,0,0,-32287,0,0,0,0,0,2979728,0
2829101,6242,-5106,718,679,135,-90,8466,-3,-6,-1,-8,19368,72,33,79,16,0,0,0,0,0,0,0,-32287,0,0,0,0,0,2979733,0
2829106,6158,-4754,918,762,113,-76,8466,-4,-2,-1,-8,19367,71,33,79,16,0,0,0,0,0,0,0,-32287,0,0,0,0,0,2979748,0
2829111,6442,-4580,1010,938,148,-73,8465,-7,-1,0,-8,19367,71,33,79,16,0,0,0,0,0,0,0,-32287,0,0,0,0,0,2979753,0
2829116,6330,-4128,1174,1091,136,-45,8462,-17,-5,0,-8,19368,70,33,79,16,0,0,0,0,0,0,0,-32287,0,0,0,0,0,2979768,0
2829121,6652,-3878,1000,1046,180,17,8461,-2,-5,0,0,19368,70,33,79,16,0,0,0,0,0,0,0,-32287,0,0,0,0,0,2979773,0
2829126,6558,-3426,1044,922,245,52,8462,0,-4,0,-8,19368,78,33,79,16,0,0,0,0,0,0,0,-32287,0,0,0,0,0,2979788,0
2829131,6654,-3286,936,813,258,82,8461,3,5,0,-8,19368,78,33,79,16,0,0,0,0,0,0,0,-32287,0,0,0,0,0,2979793,0
2829136,6496,-3136,730,899,164,57,8460,-5,4,0,-8,19368,86,33,79,16,0,0,0,0,0,0,0,-32286,0,0,0,0,0,2979808,0
2829141,6616,-3008,562,903,107,61,8460,-7,2,-1,-8,19368,86,33,79,16,0,0,0,0,0,0,0,-32287,0,0,0,0,0,2979813,0
2829146,6640,-2656,584,756,122,77,8460,0,-2,-2,0,19369,75,33,79,16,0,0,0,0,0,0,0,-32287,0,0,0,0,0,2979828,0
2829151,6760,-2488,682,593,172,84,8461,0,0,-2,-8,19369,75,33,79,16,0,0,0,0,0,0,0,-32286,0,0,0,0,0,2979833,0
2829156,6692,-2804,1016,526,229,40,8460,5,1,-1,-8,19369,65,33,79,16,0,0,0,0,0,0,0,-32287,0,0,0,0,0,2979847,0
2829161,6646,-3050,1058,622,194,5,8459,-2,1,0,-8,19369,65,33,79,16,0,0,0,0,0,0,0,-32286,0,0,0,0,0,2979852,0
2829166,6712,-3090,1070,694,136,-26,8459,0,2,0,-8,19368,66,33,79,16,0,0,0,0,0,0,0,-32287,0,0,0,0,0,2979867,0
2829171,8120,-1828,1880,1128,93,-410,8452,-33,-11,3,-24,19368,66,33,79,16,0,0,0,0,0,0,0,-32287,0,0,0,0,0,2979872,0
2829176,6682,-3434,910,1974,-295,-513,8437,-77,-45,4,-56,19370,81,33,79,16,0,0,0,0,0,0,0,-32287,0,0,0,0,0,2979887,0
2829181,7264,-2296,1436,1575,-188,-532,8402,-148,-103,13,-120,19370,81,33,79,16,0,0,0,0,0,0,0,-32287,0,0,0,0,0,2979892,0
2829186,7240,-2590,904,1103,-127,-511,8352,-220,-172,4,-168,19371,89,33,79,16,0,0,0,0,0,0,0,-32287,0,0,0,0,0,2979907,0
2829191,7330,-2958,842,814,-126,-492,8279,-315,-233,4,-344,19371,89,33,79,16,0,0,0,0,0,0,0,-32287,0,0,0,0,0,2979912,0
2829196,6388,-4090,1072,540,-143,-494,8179,-442,-238,21,-584,19369,76,33,79,16,0,0,0,0,0,0,0,-32287,0,0,0,0,0,2979927,0
2829201,6546,-4608,1010,623,-111,-459,8058,-546,-291,19,-888,19369,76,33,79,16,0,0,0,0,0,0,0,-32287,0,0,0,0,0,2979932,0
2829206,5928,-4726,1278,575,-64,-368,7911,-666,-333,-1,-1160,19375,84,33,79,16,0,0,0,0,0,0,0,-32287,0,0,0,0,0,2979947,0
2829211,5756,-4708,1374,382,18,-260,7735,-787,-387,-1,-1424,19375,84,33,79,16,0,0,0,0,0,0,0,-32286,0,0,0,0,0,2979952,0
2829216,5412,-5244,1488,197,158,-63,7534,-898,-429,-1,-1640,19380,90,33,79,16,0,0,0,0,0,0,0,-32287,0,0,0,0,0,2979967,0
2829221,5498,-5716,1372,278,193,60,7308,-1002,-404,0,-1872,19380,90,33,79,16,0,0,0,0,0,0,0,-32287,0,0,0,0,0,2979972,0
2829226,5316,-5418,1506,376,179,113,7060,-1092,-392,0,-2048,19384,90,33,79,16,0,0,0,0,0,0,0,-32287,0,0,0,0,0,2979987,0
2829231,5496,-5452,1368,365,223,241,6793,-1186,-369,2,-2256,19384,90,33,79,16,0,0,0,0,0,0,0,-32287,0,0,0,0,0,2979992,0
2829236,5350,-5124,1264,163,306,452,6510,-1252,-329,2,-2392,19379,82,33,79,16,0,0,0,0,0,0,0,-32287,0,0,0,0,0,2980007,0
2829241,5266,-5018,1052,160,267,516,6215,-1315,-295,1,-2528,19379,82,33,79,16,0,0,0,0,0,0,0,-32287,0,0,0,0,0,2980011,0
2829246,5466,-5040,1062,256,222,581,5908,-1357,-248,0,-2608,19371,77,33,79,16,0,0,0,0,0,0,0,-32287,0,0,0,0,0,2980029,0
2829251,5550,-4672,990,359,166,613,5596,-1381,-208,-3,-2648,19371,77,33,79,16,0,0,0,0,0,0,0,-32287,0,0,0,0,0,2980034,0
2829256,5464,-4248,856,119,114,809,5275,-1404,-163,-9,-2680,19366,77,33,79,16,0,0,0,0,0,0,0,-32287,0,0,0,0,0,2980049,0
2829261,5668,-4364,412,144,-115,835,4952,-1420,-125,-7,-2696,19366,77,33,79,16,0,0,0,0,0,0,0,-32287,0,0,0,0,0,2980054,0
2829266,6124,-4296,222,297,-318,836,4632,-1408,-80,-12,-2648,19366,80,33,79,16,0,0,0,0,0,0,0,-32287,0,0,0,0,0,2980069,0
2829271,6364,-3768,198,408,-551,788,4315,-1395,-33,-10,-2592,19366,80,33,79,16,0,0,0,0,0,0,0,-32287,0,0,0,0,0,2980079,0
2829276,7328,-2724,180,374,-903,698,4000,-1378,4,-14,-2528,19366,79,33,79,16,0,0,0,0,0,0,0,-32287,0,0,0,0,0,2980089,0
2829281,7920,-2516,202,284,-1024,658,3696,-1341,42,-6,-2440,19366,79,33,79,16,0,0,0,0,0,0,0,-32287,0,0,0,0,0,2980094,0
2829286,8202,-2298,318,219,-1141,579,3402,-1294,75,4,-2344,19369,77,33,79,16,0,0,0,0,0,0,0,-32287,0,0,0,0,0,2980109,0
2829291,8640,-2268,470,171,-1239,517,3116,-1250,111,1,-2248,19369,77,33,79,16,0,0,0,0,0,0,0,-32288,0,0,0,0,0,2980114,0
2829296,9516,-2136,860,100,-1338,371,2842,-1200,136,1,-2160,19369,70,33,79,16,0,0,0,0,0,0,0,-32287,0,0,0,0,0,2980129,0
2829301,9778,-2094,1120,29,-1303,314,2578,-1157,149,5,-2072,19369,70,33,79,16,0,0,0,0,0,0,0,-32287,0,0,0,0,0,2980134,0
2829306,10196,-2172,1564,-43,-1216,271,2326,-1106,163,1,-1960,19371,71,33,79,16,0,0,0,0,0,0,0,-32287,0,0,0,0,0,2980149,0
2829311,10316,-2130,1942,-104,-1093,210,2087,-1049,170,1,-1848,19371,71,33,79,16,0,0,0,0,0,0,0,-32287,0,0,0,0,0,2980153,0
2829316,10318,-2350,2240,-116,-854,149,1857,-1007,169,4,-1768,19370,79,33,79,16,0,0,0,0,0,0,0,-32287,0,0,0,0,0,2980168,0
2829321,10262,-2252,2272,-110,-742,94,1637,-959,167,-2,-1648,19370,79,33,79,16,0,0,0,0,0,0,0,-32287,0,0,0,0,0,2980173,0
2829326,10268,-2240,2156,-158,-558,80,1428,-927,162,-4,-1576,19371,80,33,79,16,0,0,0,0,0,0,0,-32287,0,0,0,0,0,2980188,0
2829331,10024,-1974,2138,-229,-410,34,1229,-868,157,-1,-1432,19371,80,33,79,16,0,0,0,0,0,0,0,-32287,0,0,0,0,0,2980193,0
2829336,9434,-1946,1898,-354,-167,-9,1039,-830,155,-4,-1352,19372,81,33,79,16,0,0,0,0,0,0,0,-32288,0,0,0,0,0,2980208,0
2829341,9252,-2022,1576,-380,-74,-48,857,-795,148,-4,-1256,19372,81,33,79,16,0,0,0,0,0,0,0,-32287,0,0,0,0,0,2980213,0
2829346,9022,-2138,1274,-395,7,-40,687,-748,141,-5,-1152,19371,65,33,79,16,0,0,0,0,0,0,0,-32287,0,0,0,0,0,2980228,0
2829351,8624,-2094,1132,-433,37,-61,522,-718,139,0,-1080,19371,65,33,79,16,0,0,0,0,0,0,0,-32287,0,0,0,0,0,2980233,0
2829356,8148,-2220,750,-541,76,-72,365,-688,133,-8,-1008,19368,64,33,79,16,0,0,0,0,0,0,0,-32287,0,0,0,0,0,2980248,0
2829361,7878,-2326,586,-597,93,-58,219,-643,123,-3,-912,19368,64,33,79,16,0,0,0,0,0,0,0,-32287,0,0,0,0,0,2980253,0
2829366,7698,-2318,516,-644,89,-55,76,-621,124,2,-864,19369,72,33,79,16,0,0,0,0,0,0,0,-32287,0,0,0,0,0,2980268,0
2829371,7610,-2460,512,-662,99,-41,-58,-589,115,-3,-792,19369,72,33,79,16,0,0,0,0,0,0,0,-32287,0,0,0,0,0,2980273,0
2829376,7274,-2630,462,-679,64,-23,-185,-554,108,2,-712,19371,78,33,79,16,0,0,0,0,0,0,0,-32287,0,0,0,0,0,2980288,0
2829381,7176,-2804,454,-692,40,-17,-305,-526,110,10,-648,19371,78,33,79,16,0,0,0,0,0,0,0,-32287,0,0,0,0,0,2980293,0
2829386,7258,-2628,558,-700,85,11,-419,-507,102,7,-608,19370,75,33,79,16,0,0,0,0,0,0,0,-32287,0,0,0,0,0,2980308,0
2829391,7102,-2560,658,-765,110,-3,-532,-484,95,6,-552,19370,75,33,79,16,0,0,0,0,0,0,0,-32287,0,0,0,0,0,2980313,0
2829396,7152,-2762,652,-881,160,50,-633,-446,91,0,-456,19370,70,33,79,16,0,0,0,0,0,0,0,-32287,0,0,0,0,0,2980328,0
2829401,7220,-3012,682,-926,191,74,-731,-423,81,9,-448,19370,70,33,79,16,0,0,0,0,0,0,0,-32287,0,0,0,0,0,2980333,0
2829406,7178,-3052,790,-932,204,87,-826,-411,85,2,-432,19368,66,33,79,16,0,0,0,0,0,0,0,-32288,0,0,0,0,0,2980348,0
2829411,7232,-3126,770,-909,204,85,-921,-416,67,2,-432,19368,66,33,79,16,0,0,0,0,0,0,0,-32287,0,0,0,0,0,2980352,0
2829416,7412,-3118,838,-768,178,76,-1009,-379,53,-10,-360,19369,72,33,79,16,0,0,0,0,0,0,0,-32288,0,0,0,0,0,2980367,0
2829421,7334,-3072,826,-740,172,81,-1094,-359,50,-11,-320,19369,72,33,79,16,0,0,0,0,0,0,0,-32287,0,0,0,0,0,2980372,0
2829426,7348,-3092,754,-753,192,101,-1176,-360,57,2,-320,19368,68,33,79,16,0,0,0,0,0,0,0,-32287,0,0,0,0,0,2980387,0
2829431,7322,-2932,714,-782,206,106,-1258,-362,47,0,-320,19368,68,33,79,16,0,0,0,0,0,0,0,-32287,0,0,0,0,0,2980392,0
2829436,7316,-2860,718,-786,269,118,-1341,-361,38,0,-312,19369,66,33,79,16,0,0,0,0,0,0,0,-32287,0,0,0,0,0,2980407,0
2829441,7398,-2882,744,-716,298,102,-1420,-347,15,-7,-272,19369,66,33,79,16,0,0,0,0,0,0,0,-32287,0,0,0,0,0,2980412,0
2829446,7414,-2794,804,-669,352,92,-1492,-317,19,-12,-224,19370,69,33,79,16,0,0,0,0,0,0,0,-32287,0,0,0,0,0,2980427,0
2829451,7562,-2652,818,-666,408,73,-1561,-303,47,0,-216,19370,69,33,79,16,0,0,0,0,0,0,0,-32287,0,0,0,0,0,2980432,0
2829456,7452,-2748,706,-644,466,64,-1632,-307,55,6,-248,19369,70,33,79,16,0,0,0,0,0,0,0,-32287,0,0,0,0,0,2980447,0
2829461,7268,-2780,722,-615,495,77,-1704,-315,37,1,-240,19369,70,33,79,16,0,0,0,0,0,0,0,-32287,0,0,0,0,0,2980452,0
2829466,7056,-2470,422,-715,467,99,-1778,-328,8,2,-264,19370,75,33,79,16,0,0,0,0,0,0,0,-32287,0,0,0,0,0,2980467,0
2829471,7154,-1998,208,-829,498,85,-1847,-302,-6,-6,-200,19370,75,33,79,16,0,0,0,0,0,0,0,-32288,0,0,0,0,0,2980472,0
2829476,7204,-2044,340,-937,534,25,-1913,-280,7,-3,-168,19374,81,33,79,16,0,0,0,0,0,0,0,-32287,0,0,0,0,0,2980487,0
2829481,7262,-2350,376,-888,498,-1,-1977,-278,28,3,-176,19374,81,33,79,16,0,0,0,0,0,0,0,-32287,0,0,0,0,0,2980492,0
2829486,7230,-2476,438,-813,451,-4,-2037,-275,44,8,-184,19375,78,33,79,16,0,0,0,0,0,0,0,-32287,0,0,0,0,0,2980507,0
2829491,7108,-2254,530,-775,398,-36,-2096,-274,46,3,-184,19375,78,33,79,16,0,0,0,0,0,0,0,-32287,0,0,0,0,0,2980512,0
2829496,7390,-2080,560,-834,468,-103,-2154,-253,40,0,-152,19374,63,33,79,16,0,0,0,0,0,0,0,-32287,0,0,0,0,0,2980527,0
2829501,7226,-2130,670,-885,497,-106,-2209,-242,26,7,-136,19374,63,33,79,16,0,0,0,0,0,0,0,-32287,0,0,0,0,0,2980532,0
2829506,7220,-2098,704,-870,504,-155,-2261,-225,25,0,-120,19369,80,33,79,16,0,0,0,0,0,0,0,-32287,0,0,0,0,0,2980547,0
2829511,7266,-2358,564,-840,522,-171,-2304,-185,53,-2,-72,19369,80,33,79,16,0,0,0,0,0,0,0,-32287,0,0,0,0,0,2980551,0
2829516,7060,-2478,456,-801,502,-173,-2341,-162,76,0,-72,19370,79,33,79,16,0,0,0,0,0,0,0,-32287,0,0,0,0,0,2980566,0
2829521,6956,-2432,444,-799,457,-177,-2372,-126,88,-2,-48,19370,79,33,79,16,0,0,0,0,0,0,0,-32287,0,0,0,0,0,2980572,0
2829526,6896,-2626,316,-833,465,-144,-2396,-108,101,2,-48,19371,85,33,79,16,0,0,0,0,0,0,0,-32287,0,0,0,0,0,2980586,0
2829531,6826,-2496,378,-828,403,-153,-2415,-78,100,-4,-24,19371,85,33,79,16,0,0,0,0,0,0,0,-32287,0,0,0,0,0,2980591,0
2829536,6772,-2662,362,-792,335,-127,-2421,-24,101,-5,-8,19370,76,33,79,16,0,0,0,0,0,0,0,-32287,0,0,0,0,0,2980606,0
2829541,6838,-2824,348,-822,321,-90,-2419,16,121,-5,16,19370,76,33,79,16,0,0,0,0,0,0,0,-32287,0,0,0,0,0,2980611,0
2829546,6858,-2870,414,-831,316,-49,-2413,25,122,-2,8,19370,71,33,79,16,0,0,0,0,0,0,0,-32288,0,0,0,0,0,2980626,0
2829551,6862,-2964,442,-821,287,-26,-2411,18,102,1,0,19370,71,33,79,16,0,0,0,0,0,0,0,-32287,0,0,0,0,0,2980631,0
2829556,6950,-2998,556,-759,244,-20,-2411,4,53,2,0,19369,83,33,79,16,0,0,0,0,0,0,0,-32287,0,0,0,0,0,2980646,0
2829561,7020,-3074,522,-724,248,-5,-2411,-4,1,0,0,19369,83,33,79,16,0,0,0,0,0,0,0,-32287,0,0,0,0,0,2980651,0
2829566,7034,-3010,568,-720,248,14,-2411,1,-21,0,0,19370,82,33,79,16,0,0,0,0,0,0,0,-32287,0,0,0,0,0,2980666,0
2829571,7114,-3056,568,-725,271,27,-2411,1,-12,0,0,19370,82,33,79,16,0,0,0,0,0,0,0,-32287,0,0,0,0,0,2980671,0
2829576,7186,-3154,580,-690,312,37,-2412,-3,-6,-1,-8,19372,82,33,79,16,0,0,0,0,0,0,0,-32287,0,0,0,0,0,2980686,0
2829581,7244,-3116,596,-649,321,40,-2411,7,-3,0,0,19372,82,33,79,16,0,0,0,0,0,0,0,-32286,0,0,0,0,0,2980691,0
2829586,7270,-3106,604,-613,332,36,-2412,-3,1,0,-8,19373,71,33,79,16,0,0,0,0,0,0,0,-32287,0,0,0,0,0,2980706,0
2829591,7352,-3036,574,-596,359,25,-2409,9,2,0,0,19373,71,33,79,16,0,0,0,0,0,0,0,-32286,0,0,0,0,0,2980711,0
2829596,7418,-2982,498,-568,423,2,-2412,-1,0,-1,0,19373,62,33,79,16,0,0,0,0,0,0,0,-32287,0,0,0,0,0,2980726,0
2829601,7450,-2992,476,-561,441,-7,-2412,-2,0,-1,-8,19373,62,33,79,16,0,0,0,0,0,0,0,-32287,0,0,0,0,0,2980731,0
2829606,7444,-2950,420,-545,456,-26,-2412,-2,-4,0,0,19371,65,33,79,16,0,0,0,0,0,0,0,-32287,0,0,0,0,0,2980746,0
2829611,7468,-2938,394,-537,472,-34,-2412,0,-1,0,0,19371,65,33,79,16,0,0,0,0,0,0,0,-32287,0,0,0,0,0,2980751,0
2829616,7532,-2966,296,-497,468,-67,-2411,-1,0,0,0,19369,80,33,79,16,0,0,0,0,0,0,0,-32287,0,0,0,0,0,2980766,0
2829621,7554,-2984,264,-477,455,-85,-2411,0,0,0,0,19369,80,33,79,16,0,0,0,0,0,0,0,-32287,0,0,0,0,0,2980771,0
2829626,7544,-2984,262,-459,428,-98,-2412,4,3,0,-8,19369,88,33,79,16,0,0,0,0,0,0,0,-32287,0,0,0,0,0,2980786,0
2829631,7560,-2976,242,-453,402,-104,-2411,5,1,0,-8,19369,88,33,79,16,0,0,0,0,0,0,0,-32287,0,0,0,0,0,2980791,0
2829636,7600,-3004,254,-444,362,-120,-2411,2,-4,1,-8,19370,78,33,79,16,0,0,0,0,0,0,0,-32287,0,0,0,0,0,2980806,0
2829641,7578,-2992,274,-441,339,-126,-2412,-4,0,0,0,19370,78,33,79,16,0,0,0,0,0,0,0,-32287,0,0,0,0,0,2980811,0
2829646,7588,-3004,294,-429,313,-125,-2411,0,-3,-2,0,19370,56,33,79,16,0,0,0,0,0,0,0,-32287,0,0,0,0,0,2980825,0
2829651,7596,-3008,344,-433,298,-110,-2410,-1,-2,-1,0,19370,56,33,79,16,0,0,0,0,0,0,0,-32287,0,0,0,0,0,2980830,0
2829656,7546,-2998,472,-458,279,-118,-2410,0,0,-2,0,19369,56,33,79,16,0,0,0,0,0,0,0,-32287,0,0,0,0,0,2980845,0
2829661,7554,-3074,492,-437,264,-131,-2408,9,3,-2,0,19369,56,33,79,16,0,0,0,0,0,0,0,-32287,0,0,0,0,0,2980850,0
2829666,7542,-3044,544,-400,234,-131,-2406,0,3,0,0,19371,70,33,79,16,0,0,0,0,0,0,0,-32287,0,0,0,0,0,2980865,0
2829671,7506,-2996,614,-376,213,-161,-2404,6,4,0,-8,19371,70,33,79,16,0,0,0,0,0,0,0,-32286,0,0,0,0,0,2980870,0
2829676,7532,-3014,650,-341,218,-195,-2405,2,1,0,0,19375,81,33,79,16,0,0,0,0,0,0,0,-32287,0,0,0,0,0,2980885,0
2829681,7550,-2982,654,-325,205,-226,-2403,2,0,0,0,19375,81,33,79,16,0,0,0,0,0,0,0,-32287,0,0,0,0,0,2980890,0
2829686,7586,-3110,594,-290,212,-238,-2404,-1,-12,-1,0,19373,78,33,79,16,0,0,0,0,0,0,0,-32287,0,0,0,0,0,2980905,0
2829691,7508,-3058,578,-254,195,-263,-2404,0,-5,-1,0,19373,78,33,79,16,0,0,0,0,0,0,0,-32287,0,0,0,0,0,2980909,0
2829696,7448,-3038,444,-237,188,-259,-2403,7,-4,0,0,19372,82,33,79,16,0,0,0,0,0,0,0,-32287,0,0,0,0,0,2980924,0
2829701,7450,-2990,392,-245,177,-261,-2404,4,-4,0,-8,19372,82,33,79,16,0,0,0,0,0,0,0,-32286,0,0,0,0,0,2980929,0
2829706,7464,-2912,352,-228,156,-272,-2404,-1,-3,0,0,19373,84,33,79,16,0,0,0,0,0,0,0,-32287,0,0,0,0,0,2980944,0
2829711,7474,-2936,336,-207,123,-279,-2403,4,-2,0,0,19373,84,33,79,16,0,0,0,0,0,0,0,-32287,0,0,0,0,0,2980949,0
2829716,7496,-2744,310,-195,86,-264,-2404,7,-2,0,-8,19373,79,33,79,16,0,0,0,0,0,0,0,-32286,0,0,0,0,0,2980964,0
2829721,7452,-2642,336,-243,93,-263,-2404,0,-4,0,0,19373,79,33,79,16,0,0,0,0,0,0,0,-32286,0,0,0,0,0,2980969,0
2829726,7472,-2618,348,-279,104,-256,-2403,5,-2,0,0,19372,68,33,79,16,0,0,0,0,0,0,0,-32287,0,0,0,0,0,2980984,0
2829731,7468,-2642,350,-284,111,-247,-2403,4,1,0,0,19372,68,33,79,16,0,0,0,0,0,0,0,-32287,0,0,0,0,0,2980989,0
2829736,7472,-2550,388,-282,87,-259,-2402,9,-1,0,0,19371,64,33,79,16,0,0,0,0,0,0,0,-32287,0,0,0,0,0,2981004,0
2829741,7434,-2456,384,-289,90,-255,-2403,5,-6,0,0,19371,64,33,79,16,0,0,0,0,0,0,0,-32287,0,0,0,0,0,2981009,0
2829746,7466,-2412,386,-300,84,-248,-2402,11,-1,0,0,19370,72,33,79,16,0,0,0,0,0,0,0,-32286,0,0,0,0,0,2981024,0
2829751,7496,-2366,386,-336,99,-240,-2403,-3,-1,-1,0,19370,72,33,79,16,0,0,0,0,0,0,0,-32286,0,0,0,0,0,2981029,0
2829756,7512,-2420,438,-362,123,-234,-2404,-7,-1,-1,0,19369,84,33,79,16,0,0,0,0,0,0,0,-32287,0,0,0,0,0,2981044,0
2829761,7546,-2440,440,-362,122,-218,-2403,2,-5,0,-8,19369,84,33,79,16,0,0,0,0,0,0,0,-32286,0,0,0,0,0,2981049,0
2829766,7510,-2430,486,-354,119,-221,-2403,0,-4,-1,0,19369,87,33,79,16,0,0,0,0,0,0,0,-32286,0,0,0,0,0,2981064,0
2829771,7510,-2398,494,-351,118,-209,-2402,0,-1,0,0,19369,87,33,79,16,0,0,0,0,0,0,0,-32287,0,0,0,0,0,2981069,0
2829776,7560,-2356,546,-361,140,-194,-2403,1,7,0,-8,19368,81,33,79,16,0,0,0,0,0,0,0,-32286,0,0,0,0,0,2981084,0
2829781,7582,-2340,554,-362,162,-192,-2401,5,2,0,-8,19368,81,33,79,16,0,0,0,0,0,0,0,-32287,0,0,0,0,0,2981089,0
2829786,7610,-2330,572,-355,171,-192,-2402,1,-4,-1,-8,19372,71,33,79,16,0,0,0,0,0,0,0,-32287,0,0,0,0,0,2981104,0
2829791,7608,-2358,570,-348,191,-189,-2402,-2,-4,0,0,19372,71,33,79,16,0,0,0,0,0,0,0,-32287,0,0,0,0,0,2981109,0
2829796,7596,-2434,584,-339,217,-177,-2402,-1,0,-2,0,19369,69,33,79,16,0,0,0,0,0,0,0,-32287,0,0,0,0,0,2981124,0
2829801,7626,-2454,598,-329,230,-174,-2401,-1,-1,-1,-8,19369,69,33,79,16,0,0,0,0,0,0,0,-32287,0,0,0,0,0,2981129,0
2829806,7664,-2448,622,-326,238,-161,-2400,4,0,-1,0,19370,77,33,79,16,0,0,0,0,0,0,0,-32287,0,0,0,0,0,2981144,0
2829811,7744,-2422,624,-323,242,-147,-2401,-3,1,-1,0,19370,77,33,79,16,0,0,0,0,0,0,0,-32286,0,0,0,0,0,2981149,0
2829816,7846,-2494,654,-343,260,-137,-2400,-2,1,0,0,19369,85,33,79,16,0,0,0,0,0,0,0,-32287,0,0,0,0,0,2981164,0
2829821,7864,-2450,686,-339,255,-130,-2400,-3,1,0,0,19369,85,33,79,16,0,0,0,0,0,0,0,-32286,0,0,0,0,0,2981168,0
2829826,7920,-2464,656,-330,257,-132,-2400,0,0,0,0,19369,89,33,79,16,0,0,0,0,0,0,0,-32287,0,0,0,0,0,2981183,0
2829831,7914,-2394,664,-327,256,-145,-2399,1,2,0,0,19369,89,33,79,16,0,0,0,0,0,0,0,-32287,0,0,0,0,0,2981188,0
2829836,7982,-2400,606,-341,264,-150,-2398,4,7,0,0,19368,77,33,79,16,0,0,0,0,0,0,0,-32287,0,0,0,0,0,2981203,0
2829841,7948,-2414,544,-361,261,-157,-2396,2,3,-1,0,19368,77,33,79,16,0,0,0,0,0,0,0,-32287,0,0,0,0,0,2981208,0
2829846,8012,-2456,424,-369,253,-154,-2396,6,5,-1,0,19368,74,33,79,16,0,0,0,0,0,0,0,-32286,0,0,0,0,0,2981223,0
2829851,7922,-2446,350,-375,209,-166,-2396,-4,-1,-1,-8,19368,74,33,79,16,0,0,0,0,0,0,0,-32286,0,0,0,0,0,2981228,0
2829856,8008,-2560,364,-342,183,-140,-2395,0,-2,0,0,19369,77,33,79,16,0,0,0,0,0,0,0,-32287,0,0,0,0,0,2981243,0
2829861,7940,-2586,468,-349,168,-124,-2394,5,-3,0,0,19369,77,33,79,16,0,0,0,0,0,0,0,-32286,0,0,0,0,0,2981248,0
2829866,8034,-2620,532,-369,168,-99,-2393,8,5,0,0,19371,77,33,79,16,0,0,0,0,0,0,0,-32287,0,0,0,0,0,2981263,0
2829871,8088,-2498,584,-376,193,-68,-2393,0,-1,-2,0,19371,77,33,79,16,0,0,0,0,0,0,0,-32287,0,0,0,0,0,2981268,0
2829876,8076,-2558,670,-387,197,-23,-2390,17,7,0,0,19371,77,33,79,16,0,0,0,0,0,0,0,-32287,0,0,0,0,0,2981283,0
2829881,8216,-2638,656,-397,224,12,-2388,10,3,0,0,19371,77,33,79,16,0,0,0,0,0,0,0,-32287,0,0,0,0,0,2981288,0
2829886,8148,-2612,674,-428,240,32,-2385,7,5,0,8,19373,75,33,79,16,0,0,0,0,0,0,0,-32287,0,0,0,0,0,2981303,0
2829891,8172,-2596,694,-467,266,71,-2384,16,3,-1,8,19373,75,33,79,16,0,0,0,0,0,0,0,-32286,0,0,0,0,0,2981308,0
2829896,8118,-2672,718,-592,338,148,-2379,16,10,-3,8,19371,78,33,79,16,0,0,0,0,0,0,0,-32286,0,0,0,0,0,2981323,0
2829901,8112,-2770,756,-645,381,199,-2368,35,10,-4,24,19371,78,33,79,16,0,0,0,0,0,0,0,-32287,0,0,0,0,0,2981328,0
2829906,8136,-2856,782,-654,420,226,-2344,109,52,-9,72,19370,69,33,79,16,0,0,0,0,0,0,0,-32287,0,0,0,0,0,2981343,0
2829911,8168,-2966,828,-595,415,246,-2306,172,111,-9,112,19370,69,33,79,16,0,0,0,0,0,0,0,-32287,0,0,0,0,0,2981348,0
2829916,8152,-2806,714,-378,315,222,-2255,242,160,-9,184,19369,70,33,79,16,0,0,0,0,0,0,0,-32287,0,0,0,0,0,2981363,0
2829921,8236,-2606,604,-268,258,191,-2186,305,205,-4,264,19369,70,33,79,16,0,0,0,0,0,0,0,-32286,0,0,0,0,0,2981368,0
2829926,8286,-2428,500,-247,184,178,-2110,343,216,3,328,19369,76,33,79,16,0,0,0,0,0,0,0,-32287,0,0,0,0,0,2981383,0
2829931,8304,-2138,408,-279,128,152,-2025,379,195,-4,376,19369,76,33,79,16,0,0,0,0,0,0,0,-32287,0,0,0,0,0,2981388,0
2829936,8124,-2054,460,-424,107,139,-1937,386,157,-4,392,19367,70,33,79,16,0,0,0,0,0,0,0,-32287,0,0,0,0,0,2981403,0
2829941,8094,-2338,518,-441,93,126,-1843,413,120,-9,472,19367,70,33,79,16,0,0,0,0,0,0,0,-32287,0,0,0,0,0,2981408,0
2829946,7914,-2402,658,-420,62,112,-1742,446,95,-12,528,19366,68,33,79,16,0,0,0,0,0,0,0,-32287,0,0,0,0,0,2981423,0
2829951,7854,-2698,552,-393,36,115,-1640,444,79,-1,528,19366,68,33,79,16,0,0,0,0,0,0,0,-32287,0,0,0,0,0,2981428,0
2829956,7694,-2604,514,-458,29,152,-1538,447,61,1,528,19368,66,33,79,16,0,0,0,0,0,0,0,-32287,0,0,0,0,0,2981443,0
2829961,7434,-2634,534,-513,-3,169,-1438,443,33,3,528,19368,66,33,79,16,0,0,0,0,0,0,0,-32287,0,0,0,0,0,2981448,0
2829966,7470,-2824,494,-516,-24,191,-1333,459,21,-7,576,19370,74,33,79,16,0,0,0,0,0,0,0,-32287,0,0,0,0,0,2981463,0
2829971,7384,-2812,532,-504,-66,225,-1230,456,11,6,544,19370,74,33,79,16,0,0,0,0,0,0,0,-32287,0,0,0,0,0,2981468,0
2829976,7244,-3072,538,-552,-116,319,-1128,444,11,14,480,19370,70,33,79,16,0,0,0,0,0,0,0,-32287,0,0,0,0,0,2981483,0
2829981,7184,-2964,588,-570,-133,348,-1030,426,-10,4,464,19370,70,33,79,16,0,0,0,0,0,0,0,-32287,0,0,0,0,0,2981487,0
2829986,7292,-2952,658,-574,-165,367,-933,422,-21,-2,464,19369,66,33,79,16,0,0,0,0,0,0,0,-32287,0,0,0,0,0,2981502,0
2829991,7316,-2940,698,-579,-166,395,-836,427,-23,-5,472,19369,66,33,79,16,0,0,0,0,0,0,0,-32287,0,0,0,0,0,2981507,0
2829996,7196,-3138,886,-552,-169,488,-742,398,-29,7,392,19371,63,33,79,16,0,0,0,0,0,0,0,-32287,0,0,0,0,0,2981522,0
2830001,7378,-3258,832,-524,-158,526,-655,378,-34,7,344,19371,63,33,79,16,0,0,0,0,0,0,0,-32286,0,0,0,0,0,2981527,0
2830006,7342,-3198,898,-515,-134,544,-570,374,-46,8,328,19372,76,33,79,16,0,0,0,0,0,0,0,-32287,0,0,0,0,0,2981542,0
2830011,7464,-3272,868,-508,-113,560,-489,361,-55,3,296,19372,76,33,79,16,0,0,0,0,0,0,0,-32287,0,0,0,0,0,2981547,0
2830016,7408,-3410,872,-478,-91,606,-408,355,-52,1,280,19374,78,33,79,16,0,0,0,0,0,0,0,-32287,0,0,0,0,0,2981562,0
2830021,7398,-3500,832,-481,-44,647,-334,321,-47,16,200,19374,78,33,79,16,0,0,0,0,0,0,0,-32287,0,0,0,0,0,2981567,0
2830026,7352,-3368,816,-482,-43,648,-269,280,-61,9,144,19369,71,33,79,16,0,0,0,0,0,0,0,-32287,0,0,0,0,0,2981582,0
2830031,7560,-3408,706,-440,-18,642,-213,241,-88,0,96,19369,71,33,79,16,0,0,0,0,0,0,0,-32287,0,0,0,0,0,2981587,0
2830036,7616,-3658,596,-412,14,677,-164,209,-113,-6,88,19368,63,33,79,16,0,0,0,0,0,0,0,-32287,0,0,0,0,0,2981602,0
2830041,7642,-3540,608,-384,23,659,-123,185,-129,-3,80,19368,63,33,79,16,0,0,0,0,0,0,0,-32287,0,0,0,0,0,2981607,0
2830046,7800,-3808,500,-366,40,697,-87,145,-113,0,56,19368,66,33,79,16,0,0,0,0,0,0,0,-32287,0,0,0,0,0,2981622,0
2830051,7764,-3566,614,-332,17,663,-55,136,-109,-7,48,19368,66,33,79,16,0,0,0,0,0,0,0,-32287,0,0,0,0,0,2981627,0
2830056,8040,-3540,544,-274,46,680,-35,89,-101,4,24,19369,79,33,79,16,0,0,0,0,0,0,0,-32287,0,0,0,0,0,2981642,0
2830061,8304,-3440,518,-256,54,650,-28,28,-116,6,0,19369,79,33,79,16,0,0,0,0,0,0,0,-32287,0,0,0,0,0,2981647,0
2830066,8456,-3344,430,-246,94,631,-28,-9,-148,1,-16,19369,75,33,79,16,0,0,0,0,0,0,0,-32287,0,0,0,0,0,2981662,0
2830071,8538,-3226,396,-259,116,613,-33,-14,-136,0,-16,19369,75,33,79,16,0,0,0,0,0,0,0,-32287,0,0,0,0,0,2981667,0
2830076,8744,-3150,318,-351,190,589,-39,-22,-120,-1,-16,19368,71,33,79,16,0,0,0,0,0,0,0,-32287,0,0,0,0,0,2981682,0
2830081,8796,-3158,274,-407,228,577,-46,-27,-79,1,-24,19368,71,33,79,16,0,0,0,0,0,0,0,-32287,0,0,0,0,0,2981686,0
2830086,8850,-3082,326,-420,248,538,-50,-21,-36,0,-16,19368,65,33,79,16,0,0,0,0,0,0,0,-32287,0,0,0,0,0,2981701,0
2830091,8978,-3136,328,-383,276,515,-54,-11,-6,-1,-8,19368,65,33,79,16,0,0,0,0,0,0,0,-32287,0,0,0,0,0,2981706,0
2830096,8942,-2934,346,-428,347,471,-53,4,16,-4,0,19367,66,33,79,16,0,0,0,0,0,0,0,-32287,0,0,0,0,0,2981721,0
2830101,8924,-2838,354,-436,396,447,-54,0,25,0,-8,19367,66,33,79,16,0,0,0,0,0,0,0,-32287,0,0,0,0,0,2981726,0
2830106,8830,-2804,424,-453,445,424,-54,0,24,-1,-8,19371,74,33,79,16,0,0,0,0,0,0,0,-32287,0,0,0,0,0,2981741,0
2830111,8758,-2806,428,-451,486,401,-54,-1,13,-1,0,19371,74,33,79,16,0,0,0,0,0,0,0,-32287,0,0,0,0,0,2981746,0
2830116,8628,-2602,478,-468,563,376,-53,2,3,-1,-8,19372,85,33,79,16,0,0,0,0,0,0,0,-32287,0,0,0,0,0,2981761,0
2830121,8550,-2490,518,-516,597,374,-53,5,3,0,0,19372,85,33,79,16,0,0,0,0,0,0,0,-32287,0,0,0,0,0,2981766,0
2830126,8486,-2348,604,-568,642,375,-53,3,-2,0,0,19373,74,33,79,16,0,0,0,0,0,0,0,-32287,0,0,0,0,0,2981781,0
2830131,8312,-2280,688,-636,693,386,-53,5,0,-1,0,19373,74,33,79,16,0,0,0,0,0,0,0,-32287,0,0,0,0,0,2981786,0
2830136,8162,-2214,784,-715,758,406,-54,6,0,0,-8,19368,64,33,79,16,0,0,0,0,0,0,0,-32287,0,0,0,0,0,2981801,0
2830141,8074,-2158,876,-755,806,423,-53,1,2,0,0,19368,64,33,79,16,0,0,0,0,0,0,0,-32287,0,0,0,0,0,2981806,0
2830146,7946,-2056,948,-816,826,432,-53,5,1,-1,0,19370,64,33,79,16,0,0,0,0,0,0,0,-32287,0,0,0,0,0,2981821,0
2830151,7906,-2008,902,-823,842,415,-54,4,0,-1,-8,19370,64,33,79,16,0,0,0,0,0,0,0,-32287,0,0,0,0,0,2981826,0
2830156,7464,-2020,906,-824,844,413,-54,-8,-2,-1,0,19373,55,33,79,16,0,0,0,0,0,0,0,-32287,0,0,0,0,0,2981841,0
2830161,7498,-2200,740,-851,869,441,-53,-4,1,-1,0,19373,55,33,79,16,0,0,0,0,0,0,0,-32287,0,0,0,0,0,2981846,0
2830166,7224,-2032,748,-866,857,425,-53,-5,-7,-1,0,19373,61,33,79,16,0,0,0,0,0,0,0,-32287,0,0,0,0,0,2981861,0
2830171,7216,-2286,672,-934,902,481,-53,1,1,-2,0,19373,61,33,79,16,0,0,0,0,0,0,0,-32287,0,0,0,0,0,2981866,0
2830176,6814,-2598,856,-1262,1035,588,-51,4,6,0,0,19373,63,33,79,16,0,0,0,0,0,0,0,-32287,0,0,0,0,0,2981881,0
2830181,6684,-3100,808,-1199,1083,622,-49,-2,6,1,0,19373,63,33,79,16,0,0,0,0,0,0,0,-32287,0,0,0,0,0,2981886,0
2830186,6424,-3276,874,-1097,997,618,-49,3,2,0,0,19370,70,33,79,16,0,0,0,0,0,0,0,-32287,0,0,0,0,0,2981900,0
2830191,6618,-3402,746,-1011,973,640,-48,0,1,-1,0,19370,70,33,79,16,0,0,0,0,0,0,0,-32287,0,0,0,0,0,2981905,0
2830196,6590,-3316,654,-1021,900,668,-47,9,-5,-2,0,19368,76,33,79,16,0,0,0,0,0,0,0,-32287,0,0,0,0,0,2981920,0
2830201,6604,-3330,642,-1040,865,674,-46,13,3,-2,0,19368,76,33,79,16,0,0,0,0,0,0,0,-32287,0,0,0,0,0,2981925,0
2830206,6648,-3456,608,-1051,825,682,-47,-5,2,0,0,19371,80,33,79,16,0,0,0,0,0,0,0,-32287,0,0,0,0,0,2981940,0
2830211,6662,-3584,618,-1022,784,676,-44,2,-1,-1,0,19371,80,33,79,16,0,0,0,0,0,0,0,-32287,0,0,0,0,0,2981945,0
2830216,6760,-3780,636,-964,711,657,-44,8,0,-1,0,19372,81,33,79,16,0,0,0,0,0,0,0,-32287,0,0,0,0,0,2981960,0
2830221,6850,-3854,654,-967,676,655,-44,4,-1,-1,0,19372,81,33,79,16,0,0,0,0,0,0,0,-32287,0,0,0,0,0,2981965,0
2830226,6858,-3964,700,-965,658,640,-43,7,-3,0,0,19372,80,33,79,16,0,0,0,0,0,0,0,-32287,0,0,0,0,0,2981980,0
2830231,6882,-4096,746,-959,632,631,-42,6,1,-1,0,19372,80,33,79,16,0,0,0,0,0,0,0,-32287,0,0,0,0,0,2981985,0
2830236,6868,-4336,752,-898,598,603,-42,8,3,1,0,19367,64,33,79,16,0,0,0,0,0,0,0,-32287,0,0,0,0,0,2982000,0
2830241,6796,-4474,718,-852,574,584,-42,4,-3,0,0,19367,64,33,79,16,0,0,0,0,0,0,0,-32287,0,0,0,0,0,2982005,0
2830246,6776,-4492,698,-807,554,570,-42,-3,-5,0,0,19366,60,33,79,16,0,0,0,0,0,0,0,-32287,0,0,0,0,0,2982023,0
2830251,6766,-4462,696,-799,542,552,-42,-2,-7,-1,-8,19366,60,33,79,16,0,0,0,0,0,0,0,-32287,0,0,0,0,0,2982028,0
2830256,6722,-4588,602,-727,501,510,-43,4,-1,-1,0,19368,72,33,79,16,0,0,0,0,0,0,0,-32287,0,0,0,0,0,2982043,0
2830261,6688,-4620,566,-686,476,492,-43,-4,-5,0,0,19368,72,33,79,16,0,0,0,0,0,0,0,-32287,0,0,0,0,0,2982048,0
2830266,6726,-4648,562,-651,444,483,-43,2,-1,0,0,19371,76,33,79,16,0,0,0,0,0,0,0,-32287,0,0,0,0,0,2982063,0
2830271,6652,-4672,536,-623,415,466,-44,-11,1,-2,0,19371,76,33,79,16,0,0,0,0,0,0,0,-32287,0,0,0,0,0,2982068,0
2830276,6670,-4634,526,-587,362,460,-42,4,3,0,-8,19371,77,33,79,16,0,0,0,0,0,0,0,-32287,0,0,0,0,0,2982083,0
2830281,6654,-4650,540,-575,339,460,-44,-4,-3,1,-8,19371,77,33,79,16,0,0,0,0,0,0,0,-32287,0,0,0,0,0,2982088,0
2830286,6636,-4658,556,-561,313,463,-46,-9,4,0,-8,19368,71,33,79,16,0,0,0,0,0,0,0,-32287,0,0,0,0,0,2982103,0
2830291,6648,-4614,568,-540,293,470,-45,-7,-5,0,0,19368,71,33,79,16,0,0,0,0,0,0,0,-32287,0,0,0,0,0,2982108,0
2830296,6640,-4534,574,-510,254,492,-45,-4,2,-2,-8,19368,67,33,79,16,0,0,0,0,0,0,0,-32287,0,0,0,0,0,2982123,0
2830301,6632,-4494,656,-506,246,498,-46,-1,2,-1,-8,19368,67,33,79,16,0,0,0,0,0,0,0,-32287,0,0,0,0,0,2982128,0
2830306,6670,-4432,694,-521,268,514,-47,2,2,-1,-8,19372,72,33,79,16,0,0,0,0,0,0,0,-32287,0,0,0,0,0,2982143,0
2830311,6654,-4442,714,-528,269,526,-46,0,-3,-1,-8,19372,72,33,79,16,0,0,0,0,0,0,0,-32287,0,0,0,0,0,2982148,0
2830316,6610,-4376,744,-494,265,546,-47,2,-1,-1,-8,19374,78,33,79,16,0,0,0,0,0,0,0,-32287,0,0,0,0,0,2982162,0
2830321,6656,-4350,710,-504,280,558,-48,3,6,0,-8,19374,78,33,79,16,0,0,0,0,0,0,0,-32287,0,0,0,0,0,2982167,0
2830326,6592,-4438,670,-485,268,567,-48,-5,0,0,-8,19373,80,33,79,16,0,0,0,0,0,0,0,-32287,0,0,0,0,0,2982182,0
2830331,6572,-4458,620,-444,252,575,-47,-4,-3,0,-8,19373,80,33,79,16,0,0,0,0,0,0,0,-32287,0,0,0,0,0,2982187,0
2830336,6562,-4352,570,-444,227,592,-47,3,-2,0,-8,19371,81,33,79,16,0,0,0,0,0,0,0,-32287,0,0,0,0,0,2982202,0
2830341,6616,-4302,588,-468,227,604,-49,-3,-3,-1,-8,19371,81,33,79,16,0,0,0,0,0,0,0,-32287,0,0,0,0,0,2982207,0
2830346,6574,-4312,608,-491,241,616,-50,-4,-1,-1,0,19368,74,33,79,16,0,0,0,0,0,0,0,-32287,0,0,0,0,0,2982222,0
2830351,6592,-4360,654,-497,237,618,-49,1,2,0,-8,19368,74,33,79,16,0,0,0,0,0,0,0,-32287,0,0,0,0,0,2982227,0
2830356,6578,-4398,684,-470,234,637,-50,-7,3,-1,0,19369,73,33,79,16,0,0,0,0,0,0,0,-32287,0,0,0,0,0,2982242,0
2830361,6568,-4388,692,-454,222,645,-50,-3,0,-2,0,19369,73,33,79,16,0,0,0,0,0,0,0,-32287,0,0,0,0,0,2982247,0
2830366,6590,-4358,684,-439,223,644,-49,0,0,0,-8,19370,78,33,79,16,0,0,0,0,0,0,0,-32287,0,0,0,0,0,2982262,0
2830371,6620,-4320,676,-423,216,645,-50,0,4,0,0,19370,78,33,79,16,0,0,0,0,0,0,0,-32287,0,0,0,0,0,2982267,0
2830376,6638,-4340,630,-397,196,638,-50,-4,1,0,-8,19370,71,33,79,16,0,0,0,0,0,0,0,-32287,0,0,0,0,0,2982282,0
2830381,6636,-4380,606,-369,183,627,-50,1,2,0,-8,19370,71,33,79,16,0,0,0,0,0,0,0,-32287,0,0,0,0,0,2982287,0
2830386,6668,-4366,560,-372,170,631,-50,1,6,0,-8,19369,72,33,79,16,0,0,0,0,0,0,0,-32287,0,0,0,0,0,2982302,0
2830391,6662,-4384,536,-382,167,630,-50,1,0,-1,0,19369,72,33,79,16,0,0,0,0,0,0,0,-32287,0,0,0,0,0,2982307,0
2830396,6660,-4512,536,-391,155,630,-51,-5,-2,-1,0,19369,69,33,79,16,0,0,0,0,0,0,0,-32287,0,0,0,0,0,2982322,0
2830401,6674,-4544,554,-374,138,630,-50,1,4,-1,-8,19369,69,33,79,16,0,0,0,0,0,0,0,-32287,0,0,0,0,0,2982327,0
2830406,6658,-4546,540,-346,133,620,-51,-2,1,-1,-8,19371,69,33,79,16,0,0,0,0,0,0,0,-32287,0,0,0,0,0,2982342,0
2830411,6668,-4582,568,-314,106,609,-50,0,4,-1,0,19371,69,33,79,16,0,0,0,0,0,0,0,-32287,0,0,0,0,0,2982347,0
2830416,6688,-4528,502,-283,70,600,-50,-4,-3,-1,-8,19370,70,33,79,16,0,0,0,0,0,0,0,-32287,0,0,0,0,0,2982362,0
2830421,6726,-4534,524,-281,59,595,-50,0,1,0,-8,19370,70,33,79,16,0,0,0,0,0,0,0,-32287,0,0,0,0,0,2982367,0
2830426,6756,-4550,514,-254,34,584,-51,1,-5,0,-8,19368,67,33,79,16,0,0,0,0,0,0,0,-32287,0,0,0,0,0,2982382,0
2830431,6748,-4562,506,-218,9,569,-51,0,-2,0,-8,19368,67,33,79,16,0,0,0,0,0,0,0,-32287,0,0,0,0,0,2982386,0
2830436,6738,-4482,488,-183,-37,548,-52,1,-3,0,0,19366,66,33,79,16,0,0,0,0,0,0,0,-32287,0,0,0,0,0,2982401,0
2830441,6738,-4434,484,-181,-57,550,-51,4,1,0,-8,19366,66,33,79,16,0,0,0,0,0,0,0,-32287,0,0,0,0,0,2982406,0
2830446,6698,-4392,496,-188,-64,548,-52,0,-4,0,0,19367,69,33,79,16,0,0,0,0,0,0,0,-32287,0,0,0,0,0,2982421,0
2830451,6702,-4394,510,-183,-79,543,-53,-5,0,0,-8,19367,69,33,79,16,0,0,0,0,0,0,0,-32287,0,0,0,0,0,2982426,0
2830456,6726,-4378,556,-161,-88,548,-54,-6,-1,-2,0,19370,69,33,79,16,0,0,0,0,0,0,0,-32287,0,0,0,0,0,2982441,0
2830461,6672,-4408,594,-217,-42,587,-53,0,-2,-1,0,19370,69,33,79,16,0,0,0,0,0,0,0,-32287,0,0,0,0,0,2982446,0
2830466,6686,-4290,658,-240,-41,589,-52,0,1,-1,0,19372,72,33,79,16,0,0,0,0,0,0,0,-32287,0,0,0,0,0,2982461,0
2830471,6780,-4342,614,-204,-35,581,-53,-9,1,0,0,19372,72,33,79,16,0,0,0,0,0,0,0,-32287,0,0,0,0,0,2982466,0
2830476,6908,-4172,544,-63,-102,532,-54,-3,4,0,-8,19371,67,33,79,16,0,0,0,0,0,0,0,-32287,0,0,0,0,0,2982481,0
2830481,6904,-4006,472,-57,-121,526,-54,-6,-3,0,-8,19371,67,33,79,16,0,0,0,0,0,0,0,-32287,0,0,0,0,0,2982486,0
2830486,6960,-3940,468,-111,-112,521,-54,-4,-3,0,-8,19374,74,33,79,16,0,0,0,0,0,0,0,-32287,0,0,0,0,0,2982501,0
2830491,6950,-3854,490,-163,-100,527,-55,3,0,-1,-8,19374,74,33,79,16,0,0,0,0,0,0,0,-32287,0,0,0,0,0,2982506,0
2830496,7020,-3994,592,-205,-78,529,-56,-3,0,-1,-8,19378,81,33,79,16,0,0,0,0,0,0,0,-32287,0,0,0,0,0,2982521,0
2830501,7036,-4072,616,-203,-77,526,-57,-3,-1,-1,-8,19378,81,33,79,16,0,0,0,0,0,0,0,-32287,0,0,0,0,0,2982526,0
2830506,7020,-4128,638,-192,-67,521,-57,6,4,-1,-8,19378,88,33,79,16,0,0,0,0,0,0,0,-32287,0,0,0,0,0,2982541,0
2830511,7040,-4102,634,-189,-57,519,-58,-1,5,-1,0,19378,88,33,79,16,0,0,0,0,0,0,0,-32287,0,0,0,0,0,2982546,0
2830516,7044,-4060,654,-204,-38,518,-57,0,1,0,-8,19375,84,33,79,16,0,0,0,0,0,0,0,-32287,0,0,0,0,0,2982561,0
2830521,7050,-4084,680,-227,-16,513,-57,0,-1,0,-8,19375,84,33,79,16,0,0,0,0,0,0,0,-32287,0,0,0,0,0,2982566,0
2830526,7094,-4124,646,-236,8,518,-59,-3,2,0,-8,19372,88,33,79,16,0,0,0,0,0,0,0,-32287,0,0,0,0,0,2982581,0
2830531,7066,-4156,652,-246,17,518,-59,-2,-2,0,-8,19372,88,33,79,16,0,0,0,0,0,0,0,-32287,0,0,0,0,0,2982586,0
2830536,7070,-4202,646,-241,31,507,-58,0,0,0,-8,19371,92,33,79,16,0,0,0,0,0,0,0,-32287,0,0,0,0,0,2982601,0
2830541,7064,-4164,652,-241,41,511,-58,1,3,0,-8,19371,92,33,79,16,0,0,0,0,0,0,0,-32287,0,0,0,0,0,2982606,0
2830546,7058,-4142,602,-234,43,506,-58,3,5,-1,0,19371,85,33,79,16,0,0,0,0,0,0,0,-32288,0,0,0,0,0,2982621,0
2830551,7078,-4136,618,-236,43,508,-59,-5,-2,0,-8,19371,85,33,79,16,0,0,0,0,0,0,0,-32288,0,0,0,0,0,2982626,0
2830556,7080,-4082,578,-251,44,498,-60,-5,-1,-2,0,19371,75,33,79,16,0,0,0,0,0,0,0,-32287,0,0,0,0,0,2982641,0
2830561,7088,-4112,566,-251,51,493,-58,5,3,-1,-8,19371,75,33,79,16,0,0,0,0,0,0,0,-32287,0,0,0,0,0,2982646,0
2830566,7090,-4116,568,-249,60,483,-60,-7,5,-1,-8,19372,65,33,79,16,0,0,0,0,0,0,0,-32287,0,0,0,0,0,2982661,0
2830571,7032,-4106,590,-239,66,480,-58,7,3,-1,-8,19372,65,33,79,16,0,0,0,0,0,0,0,-32287,0,0,0,0,0,2982666,0
2830576,7038,-4074,582,-242,83,485,-58,-1,2,0,-8,19371,57,33,79,16,0,0,0,0,0,0,0,-32287,0,0,0,0,0,2982681,0
2830581,7036,-4120,586,-267,99,494,-59,-5,3,0,-8,19371,57,33,79,16,0,0,0,0,0,0,0,-32287,0,0,0,0,0,2982685,0
2830586,7018,-4112,598,-280,123,518,-59,0,-1,0,-8,19372,68,33,79,16,0,0,0,0,0,0,0,-32286,0,0,0,0,0,2982700,0
2830591,7004,-4126,616,-301,124,524,-58,12,-4,-1,0,19372,68,33,79,16,0,0,0,0,0,0,0,-32287,0,0,0,0,0,2982705,0
2830596,7062,-4072,664,-312,126,536,-59,-4,3,-2,-8,19374,78,33,79,16,0,0,0,0,0,0,0,-32287,0,0,0,0,0,2982720,0
2830601,7068,-4024,694,-318,123,525,-59,1,2,-1,-8,19374,78,33,79,16,0,0,0,0,0,0,0,-32287,0,0,0,0,0,2982725,0
2830606,7116,-4008,692,-317,124,525,-60,-5,-1,-1,0,19375,76,33,79,16,0,0,0,0,0,0,0,-32287,0,0,0,0,0,2982740,0
2830611,7112,-3962,700,-331,141,514,-60,-1,2,0,-8,19375,76,33,79,16,0,0,0,0,0,0,0,-32287,0,0,0,0,0,2982745,0
2830616,7110,-3948,698,-372,168,481,-60,-2,-2,-1,0,19373,73,33,79,16,0,0,0,0,0,0,0,-32287,0,0,0,0,0,2982760,0
2830621,7176,-4014,680,-371,182,466,-59,0,5,0,0,19373,73,33,79,16,0,0,0,0,0,0,0,-32287,0,0,0,0,0,2982765,0
2830626,7148,-4026,664,-360,195,446,-58,-1,1,-2,0,19373,74,33,79,16,0,0,0,0,0,0,0,-32287,0,0,0,0,0,2982780,0
2830631,7120,-4018,692,-359,194,423,-59,-8,2,0,0,19373,74,33,79,16,0,0,0,0,0,0,0,-32287,0,0,0,0,0,2982785,0
2830636,7050,-4118,616,-360,209,376,-58,3,-4,0,-8,19372,78,33,79,16,0,0,0,0,0,0,0,-32287,0,0,0,0,0,2982800,0
2830641,7024,-4146,626,-348,209,370,-59,-1,1,0,0,19372,78,33,79,16,0,0,0,0,0,0,0,-32287,0,0,0,0,0,2982805,0
2830646,6988,-4162,592,-349,208,351,-59,-3,0,-1,0,19371,82,33,79,16,0,0,0,0,0,0,0,-32287,0,0,0,0,0,2982820,0
2830651,6960,-4174,586,-356,206,338,-59,0,-3,-2,0,19371,82,33,79,16,0,0,0,0,0,0,0,-32287,0,0,0,0,0,2982825,0
2830656,6942,-4202,564,-353,204,330,-60,-1,2,-3,-8,19371,79,33,79,16,0,0,0,0,0,0,0,-32287,0,0,0,0,0,2982840,0
2830661,6960,-4190,554,-356,201,323,-58,0,2,-1,0,19371,79,33,79,16,0,0,0,0,0,0,0,-32287,0,0,0,0,0,2982845,0
2830666,6948,-4204,568,-363,200,309,-60,-4,2,0,0,19371,72,33,79,16,0,0,0,0,0,0,0,-32287,0,0,0,0,0,2982860,0
2830671,6942,-4256,600,-366,196,307,-58,0,5,0,-8,19371,72,33,79,16,0,0,0,0,0,0,0,-32287,0,0,0,0,0,2982865,0
2830676,6928,-4284,600,-374,197,287,-59,0,-5,0,-8,19369,65,33,79,16,0,0,0,0,0,0,0,-32287,0,0,0,0,0,2982880,0
2830681,6984,-4304,618,-376,199,284,-59,-3,5,0,0,19369,65,33,79,16,0,0,0,0,0,0,0,-32287,0,0,0,0,0,2982885,0
2830686,6958,-4360,646,-377,210,267,-59,-2,2,0,-8,19368,65,33,79,16,0,0,0,0,0,0,0,-32287,0,0,0,0,0,2982900,0
2830691,6966,-4384,634,-382,216,263,-59,-6,-2,0,-8,19368,65,33,79,16,0,0,0,0,0,0,0,-32287,0,0,0,0,0,2982905,0
2830696,6934,-4454,666,-377,238,243,-58,6,2,0,0,19369,71,33,79,16,0,0,0,0,0,0,0,-32287,0,0,0,0,0,2982919,0
2830701,6924,-4466,654,-382,232,236,-59,-5,0,-1,-8,19369,71,33,79,16,0,0,0,0,0,0,0,-32286,0,0,0,0,0,2982924,0
2830706,6838,-4500,660,-382,239,221,-60,-6,3,-1,0,19370,72,33,79,16,0,0,0,0,0,0,0,-32287,0,0,0,0,0,2982939,0
2830711,6794,-4558,650,-371,242,213,-59,0,-1,0,0,19370,72,33,79,16,0,0,0,0,0,0,0,-32287,0,0,0,0,0,2982944,0
2830716,6740,-4598,680,-358,236,205,-60,-2,4,0,-8,19370,72,33,79,16,0,0,0,0,0,0,0,-32287,0,0,0,0,0,2982959,0
2830721,6726,-4626,620,-345,234,201,-59,4,1,0,0,19370,72,33,79,16,0,0,0,0,0,0,0,-32287,0,0,0,0,0,2982964,0
2830726,6682,-4654,608,-332,222,197,-58,2,2,-1,-8,19372,67,33,79,16,0,0,0,0,0,0,0,-32287,0,0,0,0,0,2982979,0
2830731,6674,-4694,622,-320,213,189,-59,0,5,-1,-8,19372,67,33,79,16,0,0,0,0,0,0,0,-32287,0,0,0,0,0,2982984,0
2830736,6634,-4702,620,-302,191,185,-59,-6,-4,0,-8,19370,71,33,79,16,0,0,0,0,0,0,0,-32287,0,0,0,0,0,2982999,0
2830741,6638,-4730,592,-291,179,177,-59,-3,-4,0,0,19370,71,33,79,16,0,0,0,0,0,0,0,-32287,0,0,0,0,0,2983004,0
2830746,6640,-4704,594,-276,166,179,-59,7,2,-1,-8,19372,66,33,79,16,0,0,0,0,0,0,0,-32287,0,0,0,0,0,2983019,0
2830751,6598,-4680,602,-267,155,173,-59,-9,2,-1,-8,19372,66,33,79,16,0,0,0,0,0,0,0,-32287,0,0,0,0,0,2983024,0
2830756,6654,-4668,594,-251,132,167,-60,-6,3,0,0,19370,77,33,79,16,0,0,0,0,0,0,0,-32287,0,0,0,0,0,2983039,0
2830761,6652,-4638,610,-245,124,172,-58,-3,-1,-1,0,19370,77,33,79,16,0,0,0,0,0,0,0,-32287,0,0,0,0,0,2983044,0
2830766,6642,-4638,578,-249,120,167,-58,5,-3,-1,-8,19369,70,33,79,16,0,0,0,0,0,0,0,-32287,0,0,0,0,0,2983059,0
2830771,6694,-4632,590,-244,121,170,-59,-1,2,0,-8,19369,70,33,79,16,0,0,0,0,0,0,0,-32287,0,0,0,0,0,2983064,0
2830776,6650,-4622,606,-240,114,159,-58,-4,2,-1,-8,19366,69,33,79,16,0,0,0,0,0,0,0,-32287,0,0,0,0,0,2983079,0
2830781,6660,-4592,596,-238,107,157,-58,2,-4,0,-8,19366,69,33,79,16,0,0,0,0,0,0,0,-32287,0,0,0,0,0,2983084,0
2830786,6614,-4620,616,-234,110,156,-59,-1,-2,0,-8,19366,62,33,79,16,0,0,0,0,0,0,0,-32287,0,0,0,0,0,2983099,0
2830791,6590,-4606,588,-225,115,156,-60,0,-4,0,-8,19366,62,33,79,16,0,0,0,0,0,0,0,-32287,0,0,0,0,0,2983104,0
2830796,6520,-4656,628,-233,137,172,-59,0,2,-1,0,19370,61,33,79,16,0,0,0,0,0,0,0,-32287,0,0,0,0,0,2983118,0
2830801,6516,-4682,562,-217,118,173,-59,-1,-2,0,-8,19370,61,33,79,16,0,0,0,0,0,0,0,-32287,0,0,0,0,0,2983123,0
2830806,6580,-4680,564,-187,100,165,-58,6,4,0,0,19371,69,33,79,16,0,0,0,0,0,0,0,-32287,0,0,0,0,0,2983138,0
2830811,6612,-4586,600,-179,96,167,-59,0,1,0,0,19371,69,33,79,16,0,0,0,0,0,0,0,-32287,0,0,0,0,0,2983143,0
2830816,6614,-4628,550,-209,98,174,-58,0,0,0,-8,19371,72,33,79,16,0,0,0,0,0,0,0,-32287,0,0,0,0,0,2983158,0
2830821,6626,-4642,534,-217,96,175,-58,5,-1,-1,0,19371,72,33,79,16,0,0,0,0,0,0,0,-32287,0,0,0,0,0,2983163,0
2830826,6650,-4670,534,-202,94,178,-58,-2,-3,-2,-8,19373,77,33,79,16,0,0,0,0,0,0,0,-32287,0,0,0,0,0,2983178,0
2830831,6620,-4710,546,-200,89,173,-58,2,-5,0,-8,19373,77,33,79,16,0,0,0,0,0,0,0,-32287,0,0,0,0,0,2983183,0
2830836,6606,-4734,476,-189,81,178,-59,-11,-1,0,-8,19371,77,33,79,16,0,0,0,0,0,0,0,-32287,0,0,0,0,0,2983198,0
2830841,6596,-4718,462,-185,74,178,-57,6,-4,0,0,19371,77,33,79,16,0,0,0,0,0,0,0,-32287,0,0,0,0,0,2983203,0
2830846,6590,-4758,444,-183,66,191,-59,-7,-1,-1,-8,19373,82,33,79,16,0,0,0,0,0,0,0,-32287,0,0,0,0,0,2983218,0
2830851,6586,-4752,434,-182,54,188,-58,3,-2,-1,-8,19373,82,33,79,16,0,0,0,0,0,0,0,-32287,0,0,0,0,0,2983223,0
2830856,6622,-4806,428,-167,28,194,-60,0,-4,-1,0,19370,79,33,79,16,0,0,0,0,0,0,0,-32287,0,0,0,0,0,2983238,0
2830861,6594,-4792,420,-160,20,198,-58,1,3,0,0,19370,79,33,79,16,0,0,0,0,0,0,0,-32287,0,0,0,0,0,2983243,0
2830866,6620,-4802,450,-151,10,199,-59,1,-2,-1,0,19370,75,33,79,16,0,0,0,0,0,0,0,-32287,0,0,0,0,0,2983258,0
2830871,6596,-4800,474,-149,-4,203,-58,0,-1,-1,0,19370,75,33,79,16,0,0,0,0,0,0,0,-32287,0,0,0,0,0,2983263,0
2830876,6636,-4778,506,-137,-9,206,-59,1,-2,0,-8,19367,67,33,79,16,0,0,0,0,0,0,0,-32287,0,0,0,0,0,2983278,0
2830881,6628,-4790,526,-128,-6,207,-58,1,-7,0,-8,19367,67,33,79,16,0,0,0,0,0,0,0,-32287,0,0,0,0,0,2983283,0
2830886,6616,-4814,544,-117,0,206,-60,-7,-2,0,-8,19367,63,33,79,16,0,0,0,0,0,0,0,-32287,0,0,0,0,0,2983298,0
2830891,6630,-4800,568,-115,1,209,-61,-7,-2,0,0,19367,63,33,79,16,0,0,0,0,0,0,0,-32287,0,0,0,0,0,2983303,0
2830896,6618,-4852,570,-89,6,211,-60,-3,-2,-1,0,19369,64,33,79,16,0,0,0,0,0,0,0,-32287,0,0,0,0,0,2983318,0
2830901,6630,-4878,572,-79,8,214,-58,-1,0,-1,-8,19369,64,33,79,16,0,0,0,0,0,0,0,-32287,0,0,0,0,0,2983323,0
2830906,6602,-4910,570,-72,15,205,-60,-1,2,-1,0,19371,61,33,79,16,0,0,0,0,0,0,0,-32287,0,0,0,0,0,2983338,0
2830911,6594,-4880,574,-57,21,218,-59,-7,6,-2,-8,19371,61,33,79,16,0,0,0,0,0,0,0,-32287,0,0,0,0,0,2983343,0
2830916,6558,-4830,496,-42,28,242,-59,0,-2,-2,0,19370,58,33,79,16,0,0,0,0,0,0,0,-32287,0,0,0,0,0,2983358,0
2830921,6566,-4882,490,-55,32,250,-59,3,4,-2,-8,19370,58,33,79,16,0,0,0,0,0,0,0,-32286,0,0,0,0,0,2983363,0
2830926,6558,-4906,458,-52,40,276,-58,1,2,0,-8,19372,67,33,79,16,0,0,0,0,0,0,0,-32287,0,0,0,0,0,2983378,0
2830931,6552,-4822,464,-44,31,283,-58,0,-2,0,-8,19372,67,33,79,16,0,0,0,0,0,0,0,-32287,0,0,0,0,0,2983383,0
2830936,6530,-4700,478,-34,-8,288,-59,1,7,0,-8,19371,76,33,79,16,0,0,0,0,0,0,0,-32287,0,0,0,0,0,2983398,0
2830941,6606,-4656,482,-32,-12,296,-59,-9,-6,0,0,19371,76,33,79,16,0,0,0,0,0,0,0,-32287,0,0,0,0,0,2983402,0
2830946,6644,-4564,508,-25,-16,291,-58,-5,-5,-1,0,19372,76,33,79,16,0,0,0,0,0,0,0,-32287,0,0,0,0,0,2983417,0
2830951,6644,-4532,524,-21,-26,277,-59,4,0,-1,0,19372,76,33,79,16,0,0,0,0,0,0,0,-32287,0,0,0,0,0,2983422,0
2830956,6698,-4548,532,-27,-13,244,-59,9,2,-1,0,19372,73,33,79,16,0,0,0,0,0,0,0,-32287,0,0,0,0,0,2983437,0
2830961,6714,-4540,500,-29,-8,228,-58,0,-5,-1,-8,19372,73,33,79,16,0,0,0,0,0,0,0,-32287,0,0,0,0,0,2983442,0
2830966,6706,-4598,514,-29,-12,212,-58,5,-2,0,0,19371,61,33,79,16,0,0,0,0,0,0,0,-32287,0,0,0,0,0,2983457,0
2830971,6722,-4660,510,-17,-14,205,-59,-2,4,-1,0,19371,61,33,79,16,0,0,0,0,0,0,0,-32287,0,0,0,0,0,2983462,0
2830976,6638,-4724,462,7,-30,190,-59,-1,-5,0,-8,19369,66,33,79,16,0,0,0,0,0,0,0,-32287,0,0,0,0,0,2983477,0
2830981,6634,-4718,460,12,-32,190,-60,0,-4,0,-8,19369,66,33,79,16,0,0,0,0,0,0,0,-32287,0,0,0,0,0,2983482,0
2830986,6628,-4754,398,9,-33,190,-59,-9,-3,0,-8,19368,69,33,79,16,0,0,0,0,0,0,0,-32287,0,0,0,0,0,2983497,0
2830991,6596,-4746,438,15,-45,193,-57,5,-5,0,0,19368,69,33,79,16,0,0,0,0,0,0,0,-32287,0,0,0,0,0,2983502,0
2830996,6596,-4742,440,17,-53,208,-58,9,7,0,-8,19370,73,33,79,16,0,0,0,0,0,0,0,-32287,0,0,0,0,0,2983517,0
2831001,6644,-4722,454,15,-69,209,-58,0,-1,-1,-8,19370,73,33,79,16,0,0,0,0,0,0,0,-32287,0,0,0,0,0,2983522,0
2831006,6680,-4716,464,18,-69,213,-57,14,-7,-1,0,19371,80,33,79,16,0,0,0,0,0,0,0,-32287,0,0,0,0,0,2983537,0
2831011,6666,-4720,474,15,-84,216,-59,4,2,-2,0,19371,80,33,79,16,0,0,0,0,0,0,0,-32287,0,0,0,0,0,2983542,0
2831016,6674,-4664,526,12,-77,214,-59,1,0,-1,-8,19373,77,33,79,16,0,0,0,0,0,0,0,-32287,0,0,0,0,0,2983557,0
2831021,6714,-4680,514,14,-69,213,-58,-2,-11,-2,-8,19373,77,33,79,16,0,0,0,0,0,0,0,-32287,0,0,0,0,0,2983562,0
2831026,6682,-4690,516,23,-61,214,-58,3,-1,0,-8,19371,82,33,79,16,0,0,0,0,0,0,0,-32287,0,0,0,0,0,2983577,0
2831031,6706,-4678,520,24,-56,215,-59,-9,-4,-1,0,19371,82,33,79,16,0,0,0,0,0,0,0,-32287,0,0,0,0,0,2983582,0
2831036,6692,-4690,498,26,-41,214,-59,0,1,0,0,19374,79,33,79,16,0,0,0,0,0,0,0,-32287,0,0,0,0,0,2983597,0
2831041,6680,-4692,466,30,-34,214,-61,-12,-1,0,0,19374,79,33,79,16,0,0,0,0,0,0,0,-32287,0,0,0,0,0,2983602,0
2831046,6668,-4696,466,28,-32,209,-61,-9,1,-1,0,19375,70,33,79,16,0,0,0,0,0,0,0,-32287,0,0,0,0,0,2983617,0
2831051,6678,-4674,438,34,-37,209,-60,-3,-1,0,-8,19375,70,33,79,16,0,0,0,0,0,0,0,-32287,0,0,0,0,0,2983622,0
2831056,6660,-4728,450,44,-47,210,-60,-10,6,0,0,19374,61,33,79,16,0,0,0,0,0,0,0,-32287,0,0,0,0,0,2983637,0
2831061,6678,-4704,428,47,-43,209,-58,6,3,-1,0,19374,61,33,79,16,0,0,0,0,0,0,0,-32287,0,0,0,0,0,2983642,0
2831066,6650,-4690,444,44,-47,201,-59,0,5,0,0,19368,62,33,79,16,0,0,0,0,0,0,0,-32287,0,0,0,0,0,2983657,0
2831071,6660,-4694,442,44,-50,206,-59,0,4,0,0,19368,62,33,79,16,0,0,0,0,0,0,0,-32287,0,0,0,0,0,2983662,0
2831076,6718,-4674,482,44,-43,191,-60,-3,-2,0,-8,19365,67,33,79,16,0,0,0,0,0,0,0,-32287,0,0,0,0,0,2983677,0
2831081,6696,-4672,520,37,-49,194,-60,-1,-2,1,-8,19365,67,33,79,16,0,0,0,0,0,0,0,-32287,0,0,0,0,0,2983682,0
2831086,6670,-4716,510,48,-51,190,-59,3,1,0,-8,19366,76,33,79,16,0,0,0,0,0,0,0,-32287,0,0,0,0,0,2983697,0
2831091,6686,-4700,508,63,-54,181,-60,-6,1,0,0,19366,76,33,79,16,0,0,0,0,0,0,0,-32287,0,0,0,0,0,2983702,0
2831096,6722,-4728,514,72,-39,185,-61,0,0,-1,-8,19369,74,33,79,16,0,0,0,0,0,0,0,-32287,0,0,0,0,0,2983716,0
2831101,6728,-4718,530,72,-37,190,-60,-4,0,0,-8,19369,74,33,79,16,0,0,0,0,0,0,0,-32287,0,0,0,0,0,2983721,0
2831106,6728,-4736,552,61,-35,183,-60,0,-1,-1,0,19370,66,33,79,16,0,0,0,0,0,0,0,-32287,0,0,0,0,0,2983736,0
2831111,6674,-4748,558,66,-35,196,-60,-2,0,-1,-8,19370,66,33,79,16,0,0,0,0,0,0,0,-32287,0,0,0,0,0,2983741,0
2831116,6642,-4728,508,89,-32,188,-61,-1,-1,0,-8,19369,57,33,79,16,0,0,0,0,0,0,0,-32287,0,0,0,0,0,2983756,0
2831121,6638,-4704,508,87,-31,191,-60,1,2,0,0,19369,57,33,79,16,0,0,0,0,0,0,0,-32287,0,0,0,0,0,2983761,0
2831126,6606,-4708,504,80,-37,190,-61,-2,1,0,-8,19369,65,33,79,16,0,0,0,0,0,0,0,-32287,0,0,0,0,0,2983776,0
2831131,6564,-4698,494,78,-29,195,-61,-3,1,0,0,19369,65,33,79,16,0,0,0,0,0,0,0,-32287,0,0,0,0,0,2983781,0
2831136,6574,-4766,456,77,-29,194,-61,2,-1,1,0,19372,68,33,79,16,0,0,0,0,0,0,0,-32287,0,0,0,0,0,2983796,0
2831141,6514,-4800,478,82,-34,207,-61,-1,-2,0,0,19372,68,33,79,16,0,0,0,0,0,0,0,-32287,0,0,0,0,0,2983801,0
2831146,6588,-4806,478,85,-44,206,-62,-10,-2,-1,0,19374,80,33,79,16,0,0,0,0,0,0,0,-32287,0,0,0,0,0,2983816,0
2831151,6568,-4772,458,89,-45,210,-62,-7,-6,-1,-8,19374,80,33,79,16,0,0,0,0,0,0,0,-32287,0,0,0,0,0,2983821,0
2831156,6602,-4780,442,92,-55,213,-62,0,2,-1,-8,19374,78,33,79,16,0,0,0,0,0,0,0,-32287,0,0,0,0,0,2983836,0
2831161,6618,-4718,434,88,-65,214,-61,0,-5,-1,-8,19374,78,33,79,16,0,0,0,0,0,0,0,-32287,0,0,0,0,0,2983841,0
2831166,6618,-4740,442,77,-73,208,-62,-1,-2,0,-8,19371,78,33,79,16,0,0,0,0,0,0,0,-32287,0,0,0,0,0,2983856,0
2831171,6626,-4742,426,80,-66,208,-62,-6,3,0,-8,19371,78,33,79,16,0,0,0,0,0,0,0,-32287,0,0,0,0,0,2983861,0
2831176,6628,-4720,432,82,-85,207,-61,0,1,0,-8,19368,79,33,79,16,0,0,0,0,0,0,0,-32287,0,0,0,0,0,2983876,0
2831181,6648,-4742,440,86,-82,197,-63,0,-4,0,-8,19368,79,33,79,16,0,0,0,0,0,0,0,-32287,0,0,0,0,0,2983881,0
2831186,6668,-4720,434,88,-83,200,-63,-7,-2,0,-8,19369,74,33,79,16,0,0,0,0,0,0,0,-32287,0,0,0,0,0,2983896,0
2831191,6644,-4720,454,83,-86,192,-62,0,4,-1,0,19369,74,33,79,16,0,0,0,0,0,0,0,-32287,0,0,0,0,0,2983901,0
2831196,6670,-4700,484,80,-86,188,-62,3,1,-1,0,19370,77,33,79,16,0,0,0,0,0,0,0,-32287,0,0,0,0,0,2983916,0
2831201,6666,-4720,482,80,-81,186,-63,-4,0,-1,-8,19370,77,33,79,16,0,0,0,0,0,0,0,-32287,0,0,0,0,0,2983920,0
2831206,6670,-4698,454,75,-77,177,-62,5,0,-2,-8,19370,77,33,79,16,0,0,0,0,0,0,0,-32287,0,0,0,0,0,2983935,0
2831211,6656,-4688,484,83,-78,171,-63,2,-1,0,0,19370,77,33,79,16,0,0,0,0,0,0,0,-32287,0,0,0,0,0,2983940,0
2831216,6654,-4698,470,80,-72,159,-63,1,1,-1,0,19368,70,33,79,16,0,0,0,0,0,0,0,-32287,0,0,0,0,0,2983955,0
2831221,6648,-4684,484,75,-77,160,-64,2,-2,0,-8,19368,70,33,79,16,0,0,0,0,0,0,0,-32287,0,0,0,0,0,2983960,0
2831226,6644,-4688,498,76,-67,153,-63,-1,1,0,-8,19367,70,33,79,16,0,0,0,0,0,0,0,-32287,0,0,0,0,0,2983975,0
2831231,6668,-4664,488,74,-74,150,-63,3,1,0,-8,19367,70,33,79,16,0,0,0,0,0,0,0,-32287,0,0,0,0,0,2983980,0
2831236,6690,-4668,510,70,-61,140,-63,0,0,0,-8,19369,73,33,79,16,0,0,0,0,0,0,0,-32287,0,0,0,0,0,2983995,0
2831241,6668,-4676,510,63,-60,143,-64,-1,0,-1,0,19369,73,33,79,16,0,0,0,0,0,0,0,-32287,0,0,0,0,0,2984000,0
2831246,6672,-4668,496,58,-58,140,-62,7,-4,-1,-8,19373,75,33,79,16,0,0,0,0,0,0,0,-32286,0,0,0,0,0,2984018,0
2831251,6668,-4632,474,53,-57,139,-65,0,-4,0,-8,19373,75,33,79,16,0,0,0,0,0,0,0,-32287,0,0,0,0,0,2984023,0
2831256,6670,-4674,478,47,-50,130,-64,-3,-7,0,0,19373,79,33,79,16,0,0,0,0,0,0,0,-32286,0,0,0,0,0,2984038,0
2831261,6646,-4650,466,44,-41,131,-65,2,-3,-1,-8,19373,79,33,79,16,0,0,0,0,0,0,0,-32287,0,0,0,0,0,2984043,0
2831266,6648,-4680,492,39,-45,122,-64,2,-2,-1,-8,19371,70,33,79,16,0,0,0,0,0,0,0,-32287,0,0,0,0,0,2984058,0
2831271,6656,-4686,464,34,-33,124,-65,0,2,0,-8,19371,70,33,79,16,0,0,0,0,0,0,0,-32287,0,0,0,0,0,2984062,0
2831276,6668,-4724,464,20,-28,117,-65,0,1,0,-8,19369,65,33,79,16,0,0,0,0,0,0,0,-32287,0,0,0,0,0,2984077,0
2831281,6630,-4772,466,20,-21,111,-65,1,3,0,0,19369,65,33,79,16,0,0,0,0,0,0,0,-32287,0,0,0,0,0,2984082,0
2831286,6654,-4740,448,22,-28,113,-64,3,-6,0,-8,19371,74,33,79,16,0,0,0,0,0,0,0,-32287,0,0,0,0,0,2984097,0
2831291,6652,-4760,442,16,-18,110,-65,2,1,0,0,19371,74,33,79,16,0,0,0,0,0,0,0,-32287,0,0,0,0,0,2984102,0
2831296,6596,-4732,486,8,-19,97,-65,-1,2,-1,0,19374,73,33,79,16,0,0,0,0,0,0,0,-32287,0,0,0,0,0,2984117,0
2831301,6636,-4752,460,3,-12,93,-65,3,0,-1,-8,19374,73,33,79,16,0,0,0,0,0,0,0,-32287,0,0,0,0,0,2984122,0
2831306,6618,-4768,444,5,-4,84,-65,3,-2,-1,0,19372,68,33,79,16,0,0,0,0,0,0,0,-32287,0,0,0,0,0,2984137,0
2831311,6584,-4792,484,8,-4,81,-66,-3,-1,-1,0,19372,68,33,79,16,0,0,0,0,0,0,0,-32287,0,0,0,0,0,2984142,0
2831316,6624,-4824,440,6,-16,65,-65,0,-2,-1,-8,19369,62,33,79,16,0,0,0,0,0,0,0,-32287,0,0,0,0,0,2984157,0
2831321,6576,-4836,476,7,-15,65,-65,1,1,0,0,19369,62,33,79,16,0,0,0,0,0,0,0,-32287,0,0,0,0,0,2984162,0
2831326,6592,-4840,472,0,-15,61,-65,1,0,0,-8,19368,66,33,79,16,0,0,0,0,0,0,0,-32287,0,0,0,0,0,2984177,0
2831331,6570,-4848,504,4,-17,61,-65,1,-1,0,0,19368,66,33,79,16,0,0,0,0,0,0,0,-32287,0,0,0,0,0,2984182,0
2831336,6562,-4860,484,3,-17,56,-66,-5,-5,0,-8,19369,84,33,79,16,0,0,0,0,0,0,0,-32287,0,0,0,0,0,2984197,0
2831341,6572,-4866,474,1,-15,51,-65,-1,-2,-1,0,19369,84,33,79,16,0,0,0,0,0,0,0,-32287,0,0,0,0,0,2984202,0
2831346,6550,-4864,474,1,-21,51,-66,0,-2,-1,0,19372,84,33,79,16,0,0,0,0,0,0,0,-32287,0,0,0,0,0,2984217,0
2831351,6516,-4864,464,0,-19,45,-67,2,1,-2,-8,19372,84,33,79,16,0,0,0,0,0,0,0,-32287,0,0,0,0,0,2984222,0
2831356,6512,-4852,496,-5,-13,36,-66,2,-1,-1,0,19373,76,33,79,16,0,0,0,0,0,0,0,-32287,0,0,0,0,0,2984237,0
2831361,6502,-4842,490,-7,-22,27,-67,-2,4,-1,0,19373,76,33,79,16,0,0,0,0,0,0,0,-32287,0,0,0,0,0,2984242,0
2831366,6536,-4850,468,-4,-12,27,-67,-1,4,0,-8,19371,68,33,79,16,0,0,0,0,0,0,0,-32287,0,0,0,0,0,2984257,0
2831371,6546,-4878,448,0,-10,19,-66,-2,-1,-1,0,19371,68,33,79,16,0,0,0,0,0,0,0,-32287,0,0,0,0,0,2984262,0
2831376,6530,-4876,478,-14,-4,10,-66,7,-1,-1,-8,19370,69,33,79,16,0,0,0,0,0,0,0,-32287,0,0,0,0,0,2984277,0
2831381,6506,-4890,476,-15,-5,8,-67,-3,1,1,0,19370,69,33,79,16,0,0,0,0,0,0,0,-32286,0,0,0,0,0,2984282,0
2831386,6508,-4918,496,-20,-8,-1,-65,2,-2,0,-8,19368,67,33,79,16,0,0,0,0,0,0,0,-32287,0,0,0,0,0,2984297,0
2831391,6472,-4898,528,-23,2,-3,-66,9,0,0,0,19368,67,33,79,16,0,0,0,0,0,0,0,-32287,0,0,0,0,0,2984302,0
2831396,6448,-4956,548,-29,1,-15,-67,-3,0,0,-8,19370,71,33,79,16,0,0,0,0,0,0,0,-32287,0,0,0,0,0,2984317,0
2831401,6426,-4968,568,-34,0,-22,-68,-3,-4,-1,-8,19370,71,33,79,16,0,0,0,0,0,0,0,-32287,0,0,0,0,0,2984322,0
2831406,6438,-4998,584,-34,0,-24,-68,-7,-4,-1,0,19371,63,33,79,16,0,0,0,0,0,0,0,-32287,0,0,0,0,0,2984336,0
2831411,6414,-5036,580,-31,5,-35,-68,-2,3,-1,-8,19371,63,33,79,16,0,0,0,0,0,0,0,-32287,0,0,0,0,0,2984341,0
2831416,6348,-5038,622,-27,-6,-35,-66,9,1,-1,-8,19371,59,33,79,16,0,0,0,0,0,0,0,-32288,0,0,0,0,0,2984356,0
2831421,6316,-5060,624,-28,-4,-44,-67,3,0,-1,0,19371,59,33,79,16,0,0,0,0,0,0,0,-32287,0,0,0,0,0,2984361,0
2831426,6272,-5080,620,-27,-8,-45,-67,5,3,0,-8,19370,60,33,79,16,0,0,0,0,0,0,0,-32287,0,0,0,0,0,2984376,0
2831431,6246,-5060,608,-25,-13,-52,-68,-3,-3,0,-8,19370,60,33,79,16,0,0,0,0,0,0,0,-32287,0,0,0,0,0,2984381,0
2831436,6162,-5150,616,-4,-17,-47,-68,-2,-2,1,-8,19372,72,33,79,16,0,0,0,0,0,0,0,-32287,0,0,0,0,0,2984396,0
2831441,6142,-5120,546,-1,-29,-32,-68,-2,-5,0,-8,19372,72,33,79,16,0,0,0,0,0,0,0,-32287,0,0,0,0,0,2984401,0
2831446,6146,-5166,536,-7,-26,-18,-70,-2,-4,-1,-8,19376,74,33,79,16,0,0,0,0,0,0,0,-32286,0,0,0,0,0,2984416,0
2831451,6122,-5162,522,-17,-24,5,-71,-5,-2,-1,-8,19376,74,33,79,16,0,0,0,0,0,0,0,-32287,0,0,0,0,0,2984421,0
2831456,6140,-5158,516,-26,-49,56,-72,-12,-5,-2,-8,19377,76,33,79,16,0,0,0,0,0,0,0,-32287,0,0,0,0,0,2984436,0
2831461,6220,-5164,502,-18,-58,78,-72,-4,0,0,-8,19377,76,33,79,16,0,0,0,0,0,0,0,-32287,0,0,0,0,0,2984441,0
2831466,6226,-5152,504,-8,-75,100,-73,0,2,0,-8,19375,79,33,79,16,0,0,0,0,0,0,0,-32287,0,0,0,0,0,2984456,0
2831471,6284,-5036,524,-1,-96,117,-74,-8,0,0,-8,19375,79,33,79,16,0,0,0,0,0,0,0,-32287,0,0,0,0,0,2984461,0
2831476,6480,-4866,558,31,-132,102,-76,-11,-3,0,-8,19372,83,33,79,16,0,0,0,0,0,0,0,-32287,0,0,0,0,0,2984476,0
2831481,6550,-4862,580,82,-157,90,-78,-11,-4,1,-8,19372,83,33,79,16,0,0,0,0,0,0,0,-32287,0,0,0,0,0,2984481,0
2831486,6532,-4810,594,89,-157,78,-81,-11,-7,1,-16,19368,75,33,79,16,0,0,0,0,0,0,0,-32287,0,0,0,0,0,2984496,0
2831491,6606,-4736,572,63,-140,86,-88,-34,-17,0,-24,19368,75,33,79,16,0,0,0,0,0,0,0,-32287,0,0,0,0,0,2984500,0
2831496,6496,-4862,602,-73,-37,132,-101,-59,-31,0,-40,19369,72,33,79,16,0,0,0,0,0,0,0,-32288,0,0,0,0,0,2984515,0
2831501,6390,-4962,634,-164,36,159,-128,-123,-70,4,-64,19369,72,33,79,16,0,0,0,0,0,0,0,-32287,0,0,0,0,0,2984520,0
2831506,6402,-4932,686,-189,76,143,-158,-129,-93,-2,-64,19369,75,33,79,16,0,0,0,0,0,0,0,-32287,0,0,0,0,0,2984535,0
2831511,6356,-5198,680,-134,115,173,-192,-161,-118,4,-96,19369,75,33,79,16,0,0,0,0,0,0,0,-32287,0,0,0,0,0,2984540,0
2831516,6328,-5234,624,-73,128,185,-230,-171,-100,-3,-88,19369,82,33,79,16,0,0,0,0,0,0,0,-32287,0,0,0,0,0,2984555,0
2831521,6208,-5032,648,-37,146,176,-275,-196,-84,-3,-96,19369,82,33,79,16,0,0,0,0,0,0,0,-32287,0,0,0,0,0,2984560,0
2831526,6328,-5184,542,10,110,176,-319,-190,-60,-3,-112,19368,83,33,79,16,0,0,0,0,0,0,0,-32287,0,0,0,0,0,2984575,0
2831531,6272,-4952,554,15,110,163,-366,-204,-53,2,-120,19368,83,33,79,16,0,0,0,0,0,0,0,-32287,0,0,0,0,0,2984580,0
2831536,6304,-4938,616,47,59,157,-419,-238,-43,-5,-136,19370,73,33,79,16,0,0,0,0,0,0,0,-32287,0,0,0,0,0,2984595,0
2831541,6560,-5058,552,89,52,152,-469,-227,-42,-3,-120,19370,73,33,79,16,0,0,0,0,0,0,0,-32287,0,0,0,0,0,2984600,0
2831546,6510,-5030,588,130,23,157,-517,-200,-25,-1,-96,19371,71,33,79,16,0,0,0,0,0,0,0,-32287,0,0,0,0,0,2984615,0
2831551,6496,-4790,666,118,13,130,-560,-190,1,2,-80,19371,71,33,79,16,0,0,0,0,0,0,0,-32288,0,0,0,0,0,2984620,0
2831556,6510,-4720,632,67,14,116,-599,-169,36,0,-72,19372,64,33,79,16,0,0,0,0,0,0,0,-32287,0,0,0,0,0,2984635,0
2831561,6652,-4882,500,56,15,125,-630,-136,64,0,-64,19372,64,33,79,16,0,0,0,0,0,0,0,-32287,0,0,0,0,0,2984640,0
2831566,6452,-4778,602,9,18,126,-662,-139,70,6,-64,19370,69,33,79,16,0,0,0,0,0,0,0,-32287,0,0,0,0,0,2984655,0
2831571,6600,-4848,566,35,-26,89,-690,-119,60,-2,-64,19370,69,33,79,16,0,0,0,0,0,0,0,-32287,0,0,0,0,0,2984660,0
2831576,6428,-4710,656,45,-53,79,-723,-143,36,3,-72,19369,72,33,79,16,0,0,0,0,0,0,0,-32287,0,0,0,0,0,2984675,0
2831581,6622,-4878,528,85,-51,71,-753,-132,17,-3,-56,19369,72,33,79,16,0,0,0,0,0,0,0,-32287,0,0,0,0,0,2984680,0
2831586,6380,-4750,610,30,-38,93,-784,-137,-1,2,-64,19368,77,33,79,16,0,0,0,0,0,0,0,-32287,0,0,0,0,0,2984695,0
2831591,6436,-4698,590,-8,-62,63,-814,-136,-4,0,-64,19368,77,33,79,16,0,0,0,0,0,0,0,-32286,0,0,0,0,0,2984700,0
2831596,6302,-4746,648,-46,-48,75,-852,-163,-14,0,-88,19370,71,33,79,16,0,0,0,0,0,0,0,-32287,0,0,0,0,0,2984715,0
2831601,6534,-4926,566,18,-73,60,-888,-165,-21,-8,-80,19370,71,33,79,16,0,0,0,0,0,0,0,-32287,0,0,0,0,0,2984720,0
2831606,6416,-4766,604,22,-47,62,-923,-148,-24,-3,-64,19370,58,33,79,16,0,0,0,0,0,0,0,-32287,0,0,0,0,0,2984735,0
2831611,6484,-4648,618,46,-98,17,-947,-104,7,-3,-40,19370,58,33,79,16,0,0,0,0,0,0,0,-32287,0,0,0,0,0,2984740,0
2831616,6370,-4582,640,-23,-67,31,-968,-90,45,0,-40,19368,55,33,79,16,0,0,0,0,0,0,0,-32287,0,0,0,0,0,2984755,0
2831621,6498,-4642,554,-22,-47,8,-985,-78,75,-2,-32,19368,55,33,79,16,0,0,0,0,0,0,0,-32287,0,0,0,0,0,2984760,0
2831626,6552,-4572,536,36,-56,-14,-995,-33,79,-6,-8,19368,64,33,79,16,0,0,0,0,0,0,0,-32287,0,0,0,0,0,2984775,0
2831631,6538,-4534,536,62,-58,-25,-995,11,97,-5,8,19368,64,33,79,16,0,0,0,0,0,0,0,-32286,0,0,0,0,0,2984779,0
2831636,6608,-4522,486,-27,-33,3,-990,22,101,-1,8,19369,67,33,79,16,0,0,0,0,0,0,0,-32287,0,0,0,0,0,2984794,0
2831641,6632,-4540,468,-67,-17,20,-989,3,92,3,0,19369,67,33,79,16,0,0,0,0,0,0,0,-32287,0,0,0,0,0,2984799,0
2831646,6684,-4476,474,-78,-33,22,-990,-4,55,0,0,19368,73,33,79,16,0,0,0,0,0,0,0,-32287,0,0,0,0,0,2984814,0
2831651,6744,-4488,468,-68,-44,5,-990,0,7,-2,-8,19368,73,33,79,16,0,0,0,0,0,0,0,-32287,0,0,0,0,0,2984819,0
2831656,6854,-4428,512,-61,-64,-15,-990,4,-11,0,0,19368,70,33,79,16,0,0,0,0,0,0,0,-32287,0,0,0,0,0,2984834,0
2831661,6868,-4336,576,-76,-66,-19,-990,-6,-11,0,-8,19368,70,33,79,16,0,0,0,0,0,0,0,-32287,0,0,0,0,0,2984839,0
2831666,7000,-4308,574,-105,-47,-27,-991,0,-1,0,0,19370,77,33,79,16,0,0,0,0,0,0,0,-32287,0,0,0,0,0,2984854,0
2831671,7036,-4332,588,-141,-23,-59,-989,9,3,-1,0,19370,77,33,79,16,0,0,0,0,0,0,0,-32287,0,0,0,0,0,2984859,0
2831676,7012,-4454,620,-152,29,-95,-989,10,-2,0,0,19372,80,33,79,16,0,0,0,0,0,0,0,-32287,0,0,0,0,0,2984874,0
2831681,6960,-4498,636,-141,49,-115,-990,1,1,0,-8,19372,80,33,79,16,0,0,0,0,0,0,0,-32287,0,0,0,0,0,2984879,0
2831686,6904,-4594,586,-142,68,-136,-989,5,0,0,0,19373,69,33,79,16,0,0,0,0,0,0,0,-32287,0,0,0,0,0,2984894,0
2831691,6856,-4610,566,-146,92,-133,-990,0,-6,0,0,19373,69,33,79,16,0,0,0,0,0,0,0,-32287,0,0,0,0,0,2984899,0
2831696,6774,-4640,460,-152,101,-132,-990,-4,0,-1,0,19370,56,33,79,16,0,0,0,0,0,0,0,-32287,0,0,0,0,0,2984914,0
2831701,6728,-4672,440,-155,87,-144,-990,5,-4,0,-8,19370,56,33,79,16,0,0,0,0,0,0,0,-32287,0,0,0,0,0,2984919,0
2831706,6704,-4704,430,-160,91,-151,-990,1,-1,-1,0,19371,58,33,79,16,0,0,0,0,0,0,0,-32287,0,0,0,0,0,2984934,0
2831711,6678,-4704,416,-149,77,-157,-989,6,-2,0,0,19371,58,33,79,16,0,0,0,0,0,0,0,-32287,0,0,0,0,0,2984939,0
2831716,6610,-4664,398,-139,63,-161,-990,1,2,0,0,19369,61,33,79,16,0,0,0,0,0,0,0,-32287,0,0,0,0,0,2984954,0
2831721,6638,-4672,420,-151,60,-169,-991,-2,-1,0,-8,19369,61,33,79,16,0,0,0,0,0,0,0,-32287,0,0,0,0,0,2984959,0
2831726,6664,-4722,442,-154,68,-162,-990,0,-4,1,0,19370,67,33,79,16,0,0,0,0,0,0,0,-32287,0,0,0,0,0,2984974,0
2831731,6644,-4758,440,-155,66,-166,-990,0,-3,0,-8,19370,67,33,79,16,0,0,0,0,0,0,0,-32287,0,0,0,0,0,2984979,0
2831736,6616,-4790,448,-135,52,-165,-989,4,0,0,-8,19369,75,33,79,16,0,0,0,0,0,0,0,-32287,0,0,0,0,0,2984993,0
2831741,6624,-4752,454,-117,40,-162,-990,4,-1,0,-8,19369,75,33,79,16,0,0,0,0,0,0,0,-32287,0,0,0,0,0,2984998,0
2831746,6654,-4758,446,-124,34,-157,-990,1,-3,0,-8,19371,69,33,79,16,0,0,0,0,0,0,0,-32287,0,0,0,0,0,2985013,0
2831751,6642,-4686,454,-128,42,-150,-991,-7,-1,-1,0,19371,69,33,79,16,0,0,0,0,0,0,0,-32287,0,0,0,0,0,2985018,0
2831756,6694,-4666,428,-164,59,-149,-990,4,-1,0,0,19370,58,33,79,16,0,0,0,0,0,0,0,-32287,0,0,0,0,0,2985033,0
2831761,6706,-4698,448,-170,61,-151,-991,-1,1,0,-8,19370,58,33,79,16,0,0,0,0,0,0,0,-32287,0,0,0,0,0,2985038,0
2831766,6710,-4674,438,-170,68,-155,-990,-5,1,-1,0,19375,70,33,79,16,0,0,0,0,0,0,0,-32287,0,0,0,0,0,2985053,0
2831771,6680,-4690,432,-169,62,-149,-990,3,-4,-1,0,19375,70,33,79,16,0,0,0,0,0,0,0,-32287,0,0,0,0,0,2985058,0
2831776,6676,-4662,444,-174,70,-156,-990,3,4,0,0,19381,82,33,79,16,0,0,0,0,0,0,0,-32287,0,0,0,0,0,2985073,0
2831781,6678,-4642,442,-180,69,-158,-989,-2,-8,1,0,19381,82,33,79,16,0,0,0,0,0,0,0,-32287,0,0,0,0,0,2985078,0
2831786,6656,-4620,442,-196,77,-159,-990,-2,1,0,-8,19384,87,33,79,16,0,0,0,0,0,0,0,-32287,0,0,0,0,0,2985093,0
2831791,6644,-4636,400,-204,82,-160,-990,3,1,0,0,19384,87,33,79,16,0,0,0,0,0,0,0,-32287,0,0,0,0,0,2985098,0
2831796,6632,-4692,394,-197,82,-156,-991,-3,0,0,-8,19378,74,33,79,16,0,0,0,0,0,0,0,-32287,0,0,0,0,0,2985113,0
2831801,6594,-4712,368,-192,87,-155,-991,-4,-2,0,-8,19378,74,33,79,16,0,0,0,0,0,0,0,-32287,0,0,0,0,0,2985118,0
2831806,6606,-4722,416,-195,88,-150,-992,-6,0,0,-8,19372,64,33,79,16,0,0,0,0,0,0,0,-32287,0,0,0,0,0,2985133,0
2831811,6620,-4712,364,-199,95,-142,-990,-1,5,0,-8,19372,64,33,79,16,0,0,0,0,0,0,0,-32287,0,0,0,0,0,2985138,0
2831816,6622,-4790,332,-206,101,-132,-991,0,-2,0,-8,19364,70,33,79,16,0,0,0,0,0,0,0,-32287,0,0,0,0,0,2985153,0
2831821,6622,-4786,320,-209,110,-123,-991,-2,5,0,0,19364,70,33,79,16,0,0,0,0,0,0,0,-32287,0,0,0,0,0,2985158,0
2831826,6634,-4818,330,-213,111,-121,-990,-6,1,0,-8,19367,72,33,79,16,0,0,0,0,0,0,0,-32287,0,0,0,0,0,2985173,0
2831831,6588,-4854,304,-211,116,-111,-990,8,7,0,-8,19367,72,33,79,16,0,0,0,0,0,0,0,-32287,0,0,0,0,0,2985178,0
2831836,6590,-4866,258,-205,114,-98,-991,-3,5,0,-8,19370,70,33,79,16,0,0,0,0,0,0,0,-32287,0,0,0,0,0,2985193,0
2831841,6574,-4898,272,-205,119,-104,-991,-5,-4,0,0,19370,70,33,79,16,0,0,0,0,0,0,0,-32287,0,0,0,0,0,2985198,0
2831846,6588,-4946,266,-211,118,-100,-989,6,1,0,-8,19371,71,33,79,16,0,0,0,0,0,0,0,-32287,0,0,0,0,0,2985213,0
2831851,6520,-4908,254,-217,122,-91,-990,-5,1,-1,0,19371,71,33,79,16,0,0,0,0,0,0,0,-32287,0,0,0,0,0,2985218,0
2831856,6508,-4916,274,-213,115,-99,-990,-4,-1,0,-8,19371,65,33,79,16,0,0,0,0,0,0,0,-32287,0,0,0,0,0,2985232,0
2831861,6500,-4922,260,-217,115,-94,-990,2,-3,0,-8,19371,65,33,79,16,0,0,0,0,0,0,0,-32287,0,0,0,0,0,2985237,0
2831866,6496,-4964,264,-220,115,-91,-991,-3,1,-1,-8,19370,71,33,79,16,0,0,0,0,0,0,0,-32287,0,0,0,0,0,2985252,0
2831871,6450,-4966,238,-215,126,-92,-991,-1,-2,0,-8,19370,71,33,79,16,0,0,0,0,0,0,0,-32287,0,0,0,0,0,2985257,0
2831876,6480,-5040,208,-198,128,-92,-991,0,-2,-1,-8,19372,79,33,79,16,0,0,0,0,0,0,0,-32287,0,0,0,0,0,2985272,0
2831881,6456,-5016,168,-187,134,-91,-991,4,6,0,-8,19372,79,33,79,16,0,0,0,0,0,0,0,-32287,0,0,0,0,0,2985277,0
2831886,6494,-5034,158,-179,134,-93,-990,0,2,0,-8,19374,86,33,79,16,0,0,0,0,0,0,0,-32287,0,0,0,0,0,2985292,0
2831891,6538,-5020,152,-175,138,-90,-990,0,4,0,0,19374,86,33,79,16,0,0,0,0,0,0,0,-32287,0,0,0,0,0,2985297,0
2831896,6552,-5024,128,-173,146,-98,-992,-7,-1,-1,-8,19373,78,33,79,16,0,0,0,0,0,0,0,-32287,0,0,0,0,0,2985312,0
2831901,6572,-5040,106,-174,151,-101,-992,-10,-2,-1,-8,19373,78,33,79,16,0,0,0,0,0,0,0,-32287,0,0,0,0,0,2985317,0
2831906,6616,-5048,108,-179,164,-101,-991,0,-3,0,0,19371,69,33,79,16,0,0,0,0,0,0,0,-32287,0,0,0,0,0,2985332,0
2831911,6592,-5108,126,-186,166,-110,-990,2,5,0,-8,19371,69,33,79,16,0,0,0,0,0,0,0,-32287,0,0,0,0,0,2985337,0
2831916,6510,-5140,176,-175,174,-127,-990,8,4,0,0,19368,66,33,79,16,0,0,0,0,0,0,0,-32287,0,0,0,0,0,2985352,0
2831921,6542,-5144,164,-162,188,-120,-990,3,1,0,0,19368,66,33,79,16,0,0,0,0,0,0,0,-32287,0,0,0,0,0,2985357,0
2831926,6524,-5182,210,-170,197,-124,-991,1,3,1,0,19370,70,33,79,16,0,0,0,0,0,0,0,-32287,0,0,0,0,0,2985372,0
2831931,6552,-5176,206,-175,208,-114,-990,-2,-3,0,-8,19370,70,33,79,16,0,0,0,0,0,0,0,-32287,0,0,0,0,0,2985377,0
2831936,6506,-5278,230,-176,233,-100,-990,4,-4,0,-8,19371,65,33,79,16,0,0,0,0,0,0,0,-32287,0,0,0,0,0,2985392,0
2831941,6464,-5324,236,-167,237,-97,-990,-1,-5,0,0,19371,65,33,79,16,0,0,0,0,0,0,0,-32287,0,0,0,0,0,2985397,0
2831946,6428,-5274,234,-163,236,-83,-989,3,0,-1,0,19370,59,33,79,16,0,0,0,0,0,0,0,-32287,0,0,0,0,0,2985412,0
2831951,6410,-5328,204,-180,239,-85,-990,2,-3,-1,-8,19370,59,33,79,16,0,0,0,0,0,0,0,-32287,0,0,0,0,0,2985417,0
2831956,6370,-5398,180,-195,238,-78,-991,2,1,0,-8,19368,60,33,79,16,0,0,0,0,0,0,0,-32287,0,0,0,0,0,2985432,0
2831961,6274,-5394,182,-194,234,-78,-990,4,-4,0,0,19368,60,33,79,16,0,0,0,0,0,0,0,-32287,0,0,0,0,0,2985437,0
2831966,6266,-5410,198,-201,225,-77,-991,-2,-1,0,-8,19367,70,33,79,16,0,0,0,0,0,0,0,-32287,0,0,0,0,0,2985452,0
2831971,6218,-5470,170,-194,229,-95,-992,-1,2,0,-8,19367,70,33,79,16,0,0,0,0,0,0,0,-32287,0,0,0,0,0,2985457,0
2831976,6082,-5572,148,-162,225,-121,-990,-3,0,0,0,19368,83,33,79,16,0,0,0,0,0,0,0,-32287,0,0,0,0,0,2985472,0
2831981,6008,-5572,110,-134,219,-133,-991,-2,1,0,-8,19368,83,33,79,16,0,0,0,0,0,0,0,-32287,0,0,0,0,0,2985477,0
2831986,6036,-5578,148,-96,200,-141,-991,0,2,0,0,19370,83,33,79,16,0,0,0,0,0,0,0,-32287,0,0,0,0,0,2985492,0
2831991,5996,-5642,144,-73,183,-166,-989,2,1,0,0,19370,83,33,79,16,0,0,0,0,0,0,0,-32287,0,0,0,0,0,2985497,0
2831996,6002,-5756,104,-29,147,-193,-989,2,3,0,0,19370,71,33,79,16,0,0,0,0,0,0,0,-32286,0,0,0,0,0,2985512,0
2832001,5992,-5804,104,-4,119,-206,-989,5,2,0,-8,19370,71,33,79,16,0,0,0,0,0,0,0,-32287,0,0,0,0,0,2985517,0
2832006,5966,-5860,122,28,84,-224,-988,6,-5,0,-8,19370,69,33,79,16,0,0,0,0,0,0,0,-32287,0,0,0,0,0,2985532,0
2832011,5998,-5874,128,64,49,-238,-990,-1,0,0,-8,19370,69,33,79,16,0,0,0,0,0,0,0,-32287,0,0,0,0,0,2985537,0
2832016,6046,-5918,116,119,-9,-256,-988,4,0,-1,-8,19369,71,33,79,16,0,0,0,0,0,0,0,-32287,0,0,0,0,0,2985551,0
2832021,6068,-5920,162,138,-30,-262,-988,0,-4,0,0,19369,71,33,79,16,0,0,0,0,0,0,0,-32287,0,0,0,0,0,2985556,0
2832026,6076,-5930,170,161,-58,-266,-988,4,1,1,0,19367,67,33,79,16,0,0,0,0,0,0,0,-32287,0,0,0,0,0,2985571,0
2832031,6114,-5906,152,185,-80,-277,-989,1,-1,-1,0,19367,67,33,79,16,0,0,0,0,0,0,0,-32287,0,0,0,0,0,2985576,0
2832036,6100,-5744,144,247,-115,-288,-987,4,-3,0,-8,19368,71,33,79,16,0,0,0,0,0,0,0,-32287,0,0,0,0,0,2985591,0
2832041,6080,-5602,122,271,-141,-297,-988,2,-1,0,0,19368,71,33,79,16,0,0,0,0,0,0,0,-32287,0,0,0,0,0,2985596,0
2832046,6062,-5486,112,296,-157,-307,-988,-3,-1,0,-8,19369,67,33,79,16,0,0,0,0,0,0,0,-32287,0,0,0,0,0,2985611,0
2832051,6068,-5358,104,303,-184,-317,-988,-1,-3,0,0,19369,67,33,79,16,0,0,0,0,0,0,0,-32287,0,0,0,0,0,2985616,0
2832056,6120,-5052,134,317,-199,-344,-988,1,0,0,-8,19368,62,33,79,16,0,0,0,0,0,0,0,-32287,0,0,0,0,0,2985631,0
2832061,6120,-4972,142,311,-217,-357,-987,4,2,0,-8,19368,62,33,79,16,0,0,0,0,0,0,0,-32287,0,0,0,0,0,2985636,0
2832066,6222,-4906,144,315,-224,-371,-987,2,0,0,0,19367,60,33,79,16,0,0,0,0,0,0,0,-32287,0,0,0,0,0,2985651,0
2832071,6226,-4826,182,307,-235,-386,-987,3,4,0,-8,19367,60,33,79,16,0,0,0,0,0,0,0,-32287,0,0,0,0,0,2985656,0
2832076,6362,-4700,202,303,-250,-421,-987,3,0,0,-8,19369,68,33,79,16,0,0,0,0,0,0,0,-32287,0,0,0,0,0,2985671,0
2832081,6414,-4658,222,302,-248,-432,-988,-3,-1,0,-8,19369,68,33,79,16,0,0,0,0,0,0,0,-32287,0,0,0,0,0,2985676,0
2832086,6522,-4638,238,294,-243,-443,-987,-2,1,-1,0,19370,74,33,79,16,0,0,0,0,0,0,0,-32287,0,0,0,0,0,2985691,0
2832091,6586,-4588,272,292,-235,-459,-987,1,0,0,0,19370,74,33,79,16,0,0,0,0,0,0,0,-32287,0,0,0,0,0,2985696,0
2832096,6814,-4580,274,286,-214,-489,-986,7,3,0,0,19371,67,33,79,16,0,0,0,0,0,0,0,-32287,0,0,0,0,0,2985710,0
2832101,6886,-4618,320,275,-201,-499,-987,-4,-3,0,0,19371,67,33,79,16,0,0,0,0,0,0,0,-32287,0,0,0,0,0,2985715,0
2832106,6930,-4676,350,255,-184,-513,-988,-3,0,0,0,19372,64,33,79,16,0,0,0,0,0,0,0,-32287,0,0,0,0,0,2985730,0
2832111,7006,-4740,380,242,-173,-526,-986,5,1,0,0,19372,64,33,79,16,0,0,0,0,0,0,0,-32287,0,0,0,0,0,2985735,0
2832116,7106,-4840,426,243,-152,-547,-988,-3,-3,0,0,19372,68,33,79,16,0,0,0,0,0,0,0,-32287,0,0,0,0,0,2985750,0
2832121,7128,-4912,428,247,-144,-557,-986,3,4,0,-8,19372,68,33,79,16,0,0,0,0,0,0,0,-32287,0,0,0,0,0,2985755,0
2832126,7144,-4920,470,249,-134,-567,-985,2,4,0,-8,19371,66,33,79,16,0,0,0,0,0,0,0,-32287,0,0,0,0,0,2985770,0
2832131,7180,-4878,452,239,-121,-581,-988,-1,-2,-1,0,19371,66,33,79,16,0,0,0,0,0,0,0,-32287,0,0,0,0,0,2985775,0
2832136,7174,-4838,442,236,-97,-608,-986,6,1,0,-8,19369,69,33,79,16,0,0,0,0,0,0,0,-32287,0,0,0,0,0,2985790,0
2832141,7164,-4844,438,236,-81,-627,-986,-1,2,2,-8,19369,69,33,79,16,0,0,0,0,0,0,0,-32287,0,0,0,0,0,2985795,0
2832146,7144,-4820,426,236,-71,-643,-987,0,5,0,-8,19366,61,33,79,16,0,0,0,0,0,0,0,-32287,0,0,0,0,0,2985810,0
2832151,7164,-4816,446,225,-52,-666,-988,-6,-7,0,-8,19366,61,33,79,16,0,0,0,0,0,0,0,-32287,0,0,0,0,0,2985815,0
2832156,7104,-4822,482,227,-25,-713,-987,0,3,0,-8,19366,72,33,79,16,0,0,0,0,0,0,0,-32287,0,0,0,0,0,2985830,0
2832161,7062,-4898,484,247,-16,-729,-987,1,3,0,-8,19366,72,33,79,16,0,0,0,0,0,0,0,-32287,0,0,0,0,0,2985835,0
2832166,7052,-4970,526,260,-9,-754,-987,2,-1,0,-8,19367,77,33,79,16,0,0,0,0,0,0,0,-32287,0,0,0,0,0,2985850,0
2832171,6972,-5032,540,274,-9,-776,-987,1,0,0,-8,19367,77,33,79,16,0,0,0,0,0,0,0,-32287,0,0,0,0,0,2985855,0
2832176,6900,-5110,646,293,1,-809,-986,2,5,0,0,19369,80,33,79,16,0,0,0,0,0,0,0,-32287,0,0,0,0,0,2985870,0
2832181,6834,-5216,682,310,9,-820,-987,-3,5,0,0,19369,80,33,79,16,0,0,0,0,0,0,0,-32287,0,0,0,0,0,2985875,0
2832186,6772,-5278,726,327,6,-830,-987,-1,-4,0,-8,19368,78,33,79,16,0,0,0,0,0,0,0,-32287,0,0,0,0,0,2985890,0
2832191,6690,-5404,778,344,12,-839,-987,-2,1,0,0,19368,78,33,79,16,0,0,0,0,0,0,0,-32287,0,0,0,0,0,2985895,0
2832196,6554,-5634,852,405,4,-852,-986,0,-2,-1,-8,19370,63,33,79,16,0,0,0,0,0,0,0,-32287,0,0,0,0,0,2985910,0
2832201,6470,-5762,924,441,-7,-867,-986,0,-4,0,-8,19370,63,33,79,16,0,0,0,0,0,0,0,-32287,0,0,0,0,0,2985915,0
2832206,6372,-5834,950,489,-11,-867,-987,1,1,0,-8,19369,65,33,79,16,0,0,0,0,0,0,0,-32287,0,0,0,0,0,2985930,0
2832211,6298,-5912,960,528,-23,-872,-988,-7,-3,0,-8,19369,65,33,79,16,0,0,0,0,0,0,0,-32287,0,0,0,0,0,2985935,0
2832216,6136,-6078,954,643,-66,-887,-987,1,-4,0,0,19371,72,33,79,16,0,0,0,0,0,0,0,-32287,0,0,0,0,0,2985950,0
2832221,6092,-6092,946,708,-106,-887,-988,-8,0,0,0,19371,72,33,79,16,0,0,0,0,0,0,0,-32287,0,0,0,0,0,2985955,0
2832226,6014,-6176,888,775,-154,-890,-986,3,8,0,-8,19370,74,33,79,16,0,0,0,0,0,0,0,-32287,0,0,0,0,0,2985969,0
2832231,5992,-6156,846,836,-206,-889,-986,7,0,0,-8,19370,74,33,79,16,0,0,0,0,0,0,0,-32287,0,0,0,0,0,2985974,0
2832236,5966,-6130,834,944,-320,-892,-988,-7,2,0,-8,19372,67,33,79,16,0,0,0,0,0,0,0,-32287,0,0,0,0,0,2985989,0
2832241,5956,-6110,854,999,-387,-886,-987,1,1,0,0,19372,67,33,79,16,0,0,0,0,0,0,0,-32287,0,0,0,0,0,2985994,0
2832246,5976,-6084,878,1058,-453,-895,-987,0,2,0,0,19371,48,33,79,16,0,0,0,0,0,0,0,-32287,0,0,0,0,0,2986012,0
2832251,5980,-6056,940,1116,-514,-900,-988,2,4,-1,-8,19371,48,33,79,16,0,0,0,0,0,0,0,-32287,0,0,0,0,0,2986017,0
2832256,6050,-6042,1110,1238,-598,-910,-988,0,-2,0,-8,19370,48,33,79,16,0,0,0,0,0,0,0,-32287,0,0,0,0,0,2986032,0
2832261,6136,-6068,1190,1289,-636,-918,-989,-7,1,0,-8,19370,48,33,79,16,0,0,0,0,0,0,0,-32287,0,0,0,0,0,2986037,0
2832266,6168,-6092,1282,1351,-657,-914,-991,-13,-2,0,-8,19371,63,33,79,16,0,0,0,0,0,0,0,-32287,0,0,0,0,0,2986052,0
2832271,6216,-6100,1328,1410,-663,-911,-991,-2,-2,0,-8,19371,63,33,79,16,0,0,0,0,0,0,0,-32287,0,0,0,0,0,2986057,0
2832276,6312,-6038,1382,1547,-693,-887,-993,-13,-3,0,-8,19371,72,33,79,16,0,0,0,0,0,0,0,-32287,0,0,0,0,0,2986072,0
2832281,6400,-5972,1304,1649,-767,-909,-994,-7,-4,1,-16,19371,72,33,79,16,0,0,0,0,0,0,0,-32287,0,0,0,0,0,2986077,0
2832286,6456,-5994,1186,1749,-825,-896,-1000,-21,-7,1,-16,19369,72,33,79,16,0,0,0,0,0,0,0,-32287,0,0,0,0,0,2986092,0
2832291,6220,-5830,1190,1756,-865,-855,-1007,-37,-20,2,-24,19369,72,33,79,16,0,0,0,0,0,0,0,-32287,0,0,0,0,0,2986097,0
2832296,6238,-5874,980,1731,-948,-760,-1024,-79,-44,5,-64,19367,77,33,79,16,0,0,0,0,0,0,0,-32287,0,0,0,0,0,2986112,0
2832301,6136,-5702,1006,1686,-946,-726,-1060,-156,-89,7,-88,19367,77,33,79,16,0,0,0,0,0,0,0,-32286,0,0,0,0,0,2986117,0
2832306,6220,-5732,940,1719,-942,-659,-1106,-212,-139,8,-176,19369,80,33,79,16,0,0,0,0,0,0,0,-32287,0,0,0,0,0,2986131,0
2832311,6174,-5854,982,1710,-895,-582,-1173,-301,-198,8,-304,19369,80,33,79,16,0,0,0,0,0,0,0,-32287,0,0,0,0,0,2986136,0
2832316,6330,-5816,1086,1719,-832,-457,-1259,-383,-240,10,-440,19371,85,33,79,16,0,0,0,0,0,0,0,-32287,0,0,0,0,0,2986151,0
2832321,6418,-5736,1182,1796,-799,-403,-1362,-464,-267,23,-632,19371,85,33,79,16,0,0,0,0,0,0,0,-32287,0,0,0,0,0,2986156,0
2832326,6570,-5510,1260,1929,-795,-363,-1473,-497,-260,1,-720,19371,75,33,79,16,0,0,0,0,0,0,0,-32287,0,0,0,0,0,2986171,0
2832331,6804,-5522,1262,2083,-785,-334,-1597,-551,-238,2,-856,19371,75,33,79,16,0,0,0,0,0,0,0,-32287,0,0,0,0,0,2986176,0
2832336,6920,-4560,744,1929,-748,-174,-1737,-615,-205,0,-1032,19369,64,33,79,16,0,0,0,0,0,0,0,-32287,0,0,0,0,0,2986191,0
2832341,7102,-4118,484,1818,-711,-142,-1889,-674,-200,-7,-1120,19369,64,33,79,16,0,0,0,0,0,0,0,-32287,0,0,0,0,0,2986196,0
2832346,7184,-3904,276,1776,-693,-96,-2053,-722,-193,-3,-1232,19369,63,33,79,16,0,0,0,0,0,0,0,-32287,0,0,0,0,0,2986211,0
2832351,7130,-3654,240,1770,-702,-57,-2228,-773,-195,3,-1344,19369,63,33,79,16,0,0,0,0,0,0,0,-32287,0,0,0,0,0,2986216,0
2832356,7290,-3030,134,1807,-722,-29,-2413,-819,-189,-2,-1424,19368,64,33,79,16,0,0,0,0,0,0,0,-32287,0,0,0,0,0,2986231,0
2832361,7606,-2642,136,1776,-703,-23,-2606,-857,-165,-2,-1512,19368,64,33,79,16,0,0,0,0,0,0,0,-32286,0,0,0,0,0,2986236,0
2832366,7858,-2360,330,1712,-647,-1,-2808,-891,-151,-1,-1568,19367,76,33,79,16,0,0,0,0,0,0,0,-32287,0,0,0,0,0,2986251,0
2832371,8078,-2118,544,1689,-608,-2,-3015,-913,-134,-8,-1600,19367,76,33,79,16,0,0,0,0,0,0,0,-32287,0,0,0,0,0,2986256,0
2832376,8524,-1736,908,1570,-370,29,-3225,-928,-115,-5,-1608,19369,87,33,79,16,0,0,0,0,0,0,0,-32287,0,0,0,0,0,2986271,0
2832381,8776,-1620,1096,1501,-223,64,-3436,-919,-87,-5,-1568,19369,87,33,79,16,0,0,0,0,0,0,0,-32287,0,0,0,0,0,2986276,0
2832386,8976,-1346,1204,1463,-99,60,-3647,-923,-51,-2,-1584,19370,83,33,79,16,0,0,0,0,0,0,0,-32287,0,0,0,0,0,2986291,0
2832391,9266,-1162,1288,1539,-47,5,-3856,-908,-23,-5,-1520,19370,83,33,79,16,0,0,0,0,0,0,0,-32287,0,0,0,0,0,2986295,0
2832396,9628,-804,1176,1584,84,-5,-4059,-893,11,-5,-1496,19368,75,33,79,16,0,0,0,0,0,0,0,-32287,0,0,0,0,0,2986310,0
2832401,9888,-518,1108,1532,163,-10,-4255,-862,36,-5,-1400,19368,75,33,79,16,0,0,0,0,0,0,0,-32287,0,0,0,0,0,2986315,0
2832406,10030,-356,1096,1393,243,10,-4447,-843,62,-2,-1360,19369,77,33,79,16,0,0,0,0,0,0,0,-32287,0,0,0,0,0,2986330,0
2832411,10070,-294,1148,1266,287,14,-4630,-804,84,-6,-1248,19369,77,33,79,16,0,0,0,0,0,0,0,-32287,0,0,0,0,0,2986335,0
2832416,9938,-548,1026,1140,351,21,-4800,-752,106,-5,-1144,19371,69,33,79,16,0,0,0,0,0,0,0,-32287,0,0,0,0,0,2986350,0
2832421,9802,-728,1088,1114,357,20,-4961,-704,134,4,-1048,19371,69,33,79,16,0,0,0,0,0,0,0,-32287,0,0,0,0,0,2986355,0
2832426,9670,-1004,1114,1067,394,31,-5108,-637,153,-6,-888,19373,73,33,79,16,0,0,0,0,0,0,0,-32287,0,0,0,0,0,2986370,0
2832431,9456,-1344,1210,995,452,71,-5239,-563,182,-8,-688,19373,73,33,79,16,0,0,0,0,0,0,0,-32287,0,0,0,0,0,2986375,0
2832436,8638,-2124,1730,834,642,168,-5353,-489,209,-5,-480,19371,70,33,79,16,0,0,0,0,0,0,0,-32287,0,0,0,0,0,2986390,0
2832441,8842,-3522,1408,812,814,332,-5443,-394,244,-1,-280,19371,70,33,79,16,0,0,0,0,0,0,0,-32287,0,0,0,0,0,2986395,0
2832446,7832,-3300,2062,714,889,368,-5506,-251,291,-18,-80,19369,69,33,79,16,0,0,0,0,0,0,0,-32287,0,0,0,0,0,2986410,0
2832451,8150,-4008,1964,863,933,395,-5536,-111,357,19,-16,19369,69,33,79,16,0,0,0,0,0,0,0,-32287,0,0,0,0,0,2986415,0
2832456,7808,-4438,1648,1514,656,290,-5531,39,426,3,24,19368,77,33,79,16,0,0,0,0,0,0,0,-32287,0,0,0,0,0,2986430,0
2832461,7522,-4204,1558,1588,604,285,-5516,58,437,1,24,19368,77,33,79,16,0,0,0,0,0,0,0,-32286,0,0,0,0,0,2986435,0
2832466,7390,-4068,1586,1537,643,270,-5508,32,360,3,8,19370,77,33,79,16,0,0,0,0,0,0,0,-32287,0,0,0,0,0,2986449,0
2832471,7184,-4118,1728,1486,710,262,-5505,6,191,2,0,19370,77,33,79,16,0,0,0,0,0,0,0,-32287,0,0,0,0,0,2986454,0
2832476,6712,-4680,1854,1602,734,198,-5506,6,35,0,0,19372,80,33,79,16,0,0,0,0,0,0,0,-32287,0,0,0,0,0,2986469,0
2832481,6340,-4888,1808,1719,705,140,-5506,3,-50,0,0,19372,80,33,79,16,0,0,0,0,0,0,0,-32287,0,0,0,0,0,2986474,0
2832486,6144,-4970,1668,1865,666,112,-5505,1,-46,0,0,19371,75,33,79,16,0,0,0,0,0,0,0,-32287,0,0,0,0,0,2986489,0
2832491,5866,-4978,1560,1977,603,65,-5507,-3,-13,0,0,19371,75,33,79,16,0,0,0,0,0,0,0,-32287,0,0,0,0,0,2986494,0
2832496,5388,-4960,1358,2142,452,22,-5507,-1,-1,-1,-8,19370,65,33,79,16,0,0,0,0,0,0,0,-32287,0,0,0,0,0,2986509,0
2832501,5162,-4868,1332,2239,351,9,-5507,-11,-5,-1,-8,19370,65,33,79,16,0,0,0,0,0,0,0,-32287,0,0,0,0,0,2986514,0
2832506,5138,-4792,1296,2339,275,10,-5507,0,1,-2,0,19370,63,33,79,16,0,0,0,0,0,0,0,-32286,0,0,0,0,0,2986529,0
2832511,4944,-4658,1336,2409,175,0,-5505,1,3,-1,0,19370,63,33,79,16,0,0,0,0,0,0,0,-32287,0,0,0,0,0,2986534,0
2832516,4988,-4430,1328,2548,0,-8,-5506,1,6,-1,-8,19370,73,33,79,16,0,0,0,0,0,0,0,-32288,0,0,0,0,0,2986549,0
2832521,5014,-4278,1332,2613,-93,-7,-5507,0,2,0,0,19370,73,33,79,16,0,0,0,0,0,0,0,-32287,0,0,0,0,0,2986554,0
2832526,5042,-4112,1362,2665,-178,-26,-5506,-3,1,0,0,19371,75,33,79,16,0,0,0,0,0,0,0,-32287,0,0,0,0,0,2986569,0
2832531,5140,-3926,1432,2712,-255,-34,-5506,-2,-2,0,-8,19371,75,33,79,16,0,0,0,0,0,0,0,-32287,0,0,0,0,0,2986574,0
2832536,5374,-3530,1556,2787,-371,-68,-5506,2,3,0,0,19371,73,33,79,16,0,0,0,0,0,0,0,-32287,0,0,0,0,0,2986589,0
2832541,5584,-3252,1582,2828,-401,-90,-5505,1,-1,0,0,19371,73,33,79,16,0,0,0,0,0,0,0,-32287,0,0,0,0,0,2986594,0
2832546,5606,-2906,1640,2875,-446,-150,-5506,3,2,0,0,19370,66,33,79,16,0,0,0,0,0,0,0,-32287,0,0,0,0,0,2986609,0
2832551,5862,-2666,1612,2890,-473,-171,-5506,-4,0,-1,-8,19370,66,33,79,16,0,0,0,0,0,0,0,-32288,0,0,0,0,0,2986614,0
2832556,5986,-2226,1518,2701,-546,-188,-5506,1,-5,0,0,19371,67,33,79,16,0,0,0,0,0,0,0,-32287,0,0,0,0,0,2986629,0
2832561,6104,-2176,1460,2603,-560,-189,-5505,7,0,-1,-8,19371,67,33,79,16,0,0,0,0,0,0,0,-32287,0,0,0,0,0,2986634,0
2832566,6096,-2056,1540,2542,-606,-204,-5508,-7,2,-1,-8,19372,66,33,79,16,0,0,0,0,0,0,0,-32287,0,0,0,0,0,2986648,0
2832571,6288,-2038,1666,2515,-615,-233,-5508,-7,0,-2,-8,19372,66,33,79,16,0,0,0,0,0,0,0,-32287,0,0,0,0,0,2986653,0
2832576,6450,-1612,1826,2504,-584,-286,-5507,-4,-2,-1,-8,19373,69,33,79,16,0,0,0,0,0,0,0,-32287,0,0,0,0,0,2986668,0
2832581,6520,-1494,1780,2449,-575,-307,-5507,0,3,-1,-8,19373,69,33,79,16,0,0,0,0,0,0,0,-32287,0,0,0,0,0,2986673,0
2832586,6534,-1360,1806,2391,-559,-326,-5508,-12,-1,0,-8,19371,66,33,79,16,0,0,0,0,0,0,0,-32287,0,0,0,0,0,2986688,0
2832591,6566,-1250,1770,2343,-542,-341,-5507,-1,2,0,-8,19371,66,33,79,16,0,0,0,0,0,0,0,-32287,0,0,0,0,0,2986693,0
2832596,6498,-986,1562,2254,-573,-396,-5508,-4,0,0,0,19369,72,33,79,16,0,0,0,0,0,0,0,-32287,0,0,0,0,0,2986708,0
2832601,6568,-910,1506,2204,-575,-405,-5507,1,-1,-1,-8,19369,72,33,79,16,0,0,0,0,0,0,0,-32287,0,0,0,0,0,2986713,0
2832606,6534,-790,1616,2153,-554,-422,-5508,-3,-5,0,0,19369,76,33,79,16,0,0,0,0,0,0,0,-32287,0,0,0,0,0,2986728,0
2832611,6450,-796,1680,2083,-544,-445,-5509,-2,4,-1,-8,19369,76,33,79,16,0,0,0,0,0,0,0,-32287,0,0,0,0,0,2986733,0
2832616,6404,-820,1734,2000,-509,-436,-5508,0,0,-2,0,19372,84,33,79,16,0,0,0,0,0,0,0,-32287,0,0,0,0,0,2986748,0
2832621,6328,-798,1812,1987,-486,-440,-5507,6,-3,0,0,19372,84,33,79,16,0,0,0,0,0,0,0,-32287,0,0,0,0,0,2986753,0
2832626,6310,-806,1890,1967,-452,-442,-5508,0,-1,0,0,19370,74,33,79,16,0,0,0,0,0,0,0,-32287,0,0,0,0,0,2986768,0
2832631,6284,-714,1966,1920,-420,-433,-5509,0,0,-1,0,19370,74,33,79,16,0,0,0,0,0,0,0,-32287,0,0,0,0,0,2986773,0
2832636,6262,-710,2072,1791,-342,-426,-5508,2,1,0,0,19370,60,33,79,16,0,0,0,0,0,0,0,-32287,0,0,0,0,0,2986791,0
2832641,6142,-692,2120,1744,-305,-427,-5508,-1,-1,0,0,19370,60,33,79,16,0,0,0,0,0,0,0,-32287,0,0,0,0,0,2986796,0
2832646,6152,-732,2112,1712,-277,-420,-5508,6,0,0,0,19369,59,33,79,16,0,0,0,0,0,0,0,-32287,0,0,0,0,0,2986808,0
2832651,6060,-724,2140,1693,-241,-433,-5508,7,-3,0,-8,19369,59,33,79,16,0,0,0,0,0,0,0,-32287,0,0,0,0,0,2986813,0
2832656,6080,-716,2146,1684,-184,-460,-5510,-4,1,0,-8,19371,61,33,79,16,0,0,0,0,0,0,0,-32287,0,0,0,0,0,2986828,0
2832661,5972,-864,2104,1710,-187,-474,-5508,7,1,0,0,19371,61,33,79,16,0,0,0,0,0,0,0,-32287,0,0,0,0,0,2986833,0
2832666,6008,-1024,2014,1745,-194,-469,-5510,-2,3,-1,0,19371,65,33,79,16,0,0,0,0,0,0,0,-32287,0,0,0,0,0,2986847,0
2832671,5986,-928,2002,1755,-177,-476,-5507,2,-1,0,0,19371,65,33,79,16,0,0,0,0,0,0,0,-32287,0,0,0,0,0,2986852,0
2832676,5644,-206,1888,1819,89,-533,-5508,-1,-1,0,0,19372,67,33,79,16,0,0,0,0,0,0,0,-32287,0,0,0,0,0,2986867,0
2832681,6038,-236,2366,1772,238,-552,-5508,0,3,0,0,19372,67,33,79,16,0,0,0,0,0,0,0,-32286,0,0,0,0,0,2986872,0
2832686,6124,-362,2648,1685,316,-567,-5508,5,-2,0,0,19373,63,33,79,16,0,0,0,0,0,0,0,-32287,0,0,0,0,0,2986887,0
2832691,6474,-722,2622,1648,371,-578,-5509,-3,-2,0,0,19373,63,33,79,16,0,0,0,0,0,0,0,-32287,0,0,0,0,0,2986892,0
2832696,6394,-1074,2564,1633,390,-579,-5509,-4,-2,0,0,19371,64,33,79,16,0,0,0,0,0,0,0,-32287,0,0,0,0,0,2986907,0
2832701,6380,-1110,2324,1601,330,-577,-5508,8,1,-1,-8,19371,64,33,79,16,0,0,0,0,0,0,0,-32287,0,0,0,0,0,2986912,0
2832706,6534,-1442,2352,1587,312,-558,-5508,1,2,-1,0,19369,73,33,79,16,0,0,0,0,0,0,0,-32286,0,0,0,0,0,2986927,0
2832711,6378,-1424,2358,1616,332,-567,-5509,0,-2,0,0,19369,73,33,79,16,0,0,0,0,0,0,0,-32287,0,0,0,0,0,2986932,0
2832716,6572,-1242,2528,1624,492,-572,-5508,2,-1,-1,-8,19370,81,33,79,16,0,0,0,0,0,0,0,-32287,0,0,0,0,0,2986947,0
2832721,6512,-1014,2696,1563,634,-591,-5508,-1,4,0,0,19370,81,33,79,16,0,0,0,0,0,0,0,-32287,0,0,0,0,0,2986952,0
2832726,6546,-1084,2736,1513,796,-593,-5508,5,-2,0,-8,19371,80,33,79,16,0,0,0,0,0,0,0,-32287,0,0,0,0,0,2986967,0
2832731,6448,-1248,2826,1473,935,-581,-5509,-4,-1,0,0,19371,80,33,79,16,0,0,0,0,0,0,0,-32287,0,0,0,0,0,2986972,0
2832736,5898,-1892,2792,1369,1106,-484,-5507,7,0,0,0,19371,74,33,79,16,0,0,0,0,0,0,0,-32287,0,0,0,0,0,2986987,0
2832741,5912,-1818,2984,1471,1166,-473,-5506,7,3,0,0,19371,74,33,79,16,0,0,0,0,0,0,0,-32287,0,0,0,0,0,2986992,0
2832746,5888,-1776,2938,1577,1174,-465,-5507,-7,3,0,0,19369,64,33,79,16,0,0,0,0,0,0,0,-32287,0,0,0,0,0,2987007,0
2832751,6188,-1304,2786,1662,1199,-433,-5504,11,2,-3,8,19369,64,33,79,16,0,0,0,0,0,0,0,-32287,0,0,0,0,0,2987012,0
2832756,3560,-1678,3356,1235,1246,-196,-5490,73,23,-9,48,19369,67,33,79,16,0,0,0,0,0,0,0,-32287,0,0,0,0,0,2987027,0
2832761,5632,-2458,2030,1460,1000,-195,-5453,172,91,-14,120,19369,67,33,79,16,0,0,0,0,0,0,0,-32287,0,0,0,0,0,2987032,0
2832766,4960,-1816,1568,1754,657,-232,-5397,255,177,-6,208,19371,68,33,79,16,0,0,0,0,0,0,0,-32287,0,0,0,0,0,2987047,0
2832771,4834,-1274,1130,1848,216,-288,-5329,303,244,-1,272,19371,68,33,79,16,0,0,0,0,0,0,0,-32287,0,0,0,0,0,2987052,0
2832776,5382,22,886,1651,-204,-396,-5246,374,263,-6,400,19371,76,33,79,16,0,0,0,0,0,0,0,-32287,0,0,0,0,0,2987067,0
2832781,5426,6,864,1460,-443,-420,-5151,426,242,-15,520,19371,76,33,79,16,0,0,0,0,0,0,0,-32286,0,0,0,0,0,2987072,0
2832786,5620,-100,1100,1376,-694,-513,-5042,480,211,-13,656,19370,72,33,79,16,0,0,0,0,0,0,0,-32287,0,0,0,0,0,2987087,0
2832791,5988,-304,1252,1385,-892,-594,-4920,543,202,-2,824,19370,72,33,79,16,0,0,0,0,0,0,0,-32287,0,0,0,0,0,2987091,0
2832796,6254,-392,1688,1436,-1257,-724,-4788,591,200,7,944,19368,81,33,79,16,0,0,0,0,0,0,0,-32287,0,0,0,0,0,2987106,0
2832801,6428,-422,1936,1411,-1360,-785,-4645,629,185,11,992,19368,81,33,79,16,0,0,0,0,0,0,0,-32287,0,0,0,0,0,2987111,0
2832806,6598,-322,2232,1390,-1443,-851,-4491,682,173,4,1120,19369,73,33,79,16,0,0,0,0,0,0,0,-32287,0,0,0,0,0,2987126,0
2832811,6746,-448,2462,1355,-1499,-878,-4327,727,166,1,1184,19369,73,33,79,16,0,0,0,0,0,0,0,-32287,0,0,0,0,0,2987131,0
2832816,7100,-568,2980,1332,-1541,-963,-4158,746,152,9,1224,19368,79,33,79,16,0,0,0,0,0,0,0,-32287,0,0,0,0,0,2987146,0
2832821,7276,-580,3250,1360,-1536,-983,-3978,787,141,-2,1312,19368,79,33,79,16,0,0,0,0,0,0,0,-32287,0,0,0,0,0,2987151,0
2832826,7322,-670,3428,1350,-1540,-1003,-3795,809,126,3,1352,19372,80,33,79,16,0,0,0,0,0,0,0,-32287,0,0,0,0,0,2987166,0
2832831,7470,-694,3598,1358,-1523,-1041,-3604,844,105,-3,1432,19372,80,33,79,16,0,0,0,0,0,0,0,-32287,0,0,0,0,0,2987171,0
2832836,7578,-858,3792,1439,-1481,-1072,-3409,859,95,3,1440,19371,76,33,79,16,0,0,0,0,0,0,0,-32287,0,0,0,0,0,2987186,0
2832841,7638,-892,3800,1465,-1484,-1091,-3210,880,84,0,1504,19371,76,33,79,16,0,0,0,0,0,0,0,-32286,0,0,0,0,0,2987191,0
2832846,7824,-992,3910,1514,-1429,-1077,-3006,904,79,-4,1544,19370,67,33,79,16,0,0,0,0,0,0,0,-32287,0,0,0,0,0,2987206,0
2832851,7628,-1024,3992,1536,-1411,-1078,-2799,916,70,0,1592,19370,67,33,79,16,0,0,0,0,0,0,0,-32287,0,0,0,0,0,2987211,0
2832856,7722,-1040,3984,1613,-1367,-1036,-2588,932,64,-2,1616,19369,68,33,79,16,0,0,0,0,0,0,0,-32287,0,0,0,0,0,2987226,0
2832861,7546,-854,3876,1619,-1376,-1021,-2375,935,55,-4,1632,19369,68,33,79,16,0,0,0,0,0,0,0,-32286,0,0,0,0,0,2987231,0
2832866,7636,-848,3712,1609,-1411,-1002,-2160,960,47,-1,1696,19371,80,33,79,16,0,0,0,0,0,0,0,-32287,0,0,0,0,0,2987246,0
2832871,7514,-804,3488,1583,-1475,-960,-1945,947,33,1,1648,19371,80,33,79,16,0,0,0,0,0,0,0,-32287,0,0,0,0,0,2987251,0
2832876,7478,-656,3144,1553,-1650,-884,-1727,957,26,0,1672,19371,77,33,79,16,0,0,0,0,0,0,0,-32287,0,0,0,0,0,2987266,0
2832881,7390,-592,2962,1559,-1753,-856,-1512,948,20,2,1648,19371,77,33,79,16,0,0,0,0,0,0,0,-32287,0,0,0,0,0,2987271,0
2832886,7472,-406,2852,1567,-1887,-837,-1295,958,8,-1,1672,19369,77,33,79,16,0,0,0,0,0,0,0,-32287,0,0,0,0,0,2987286,0
2832891,7562,-424,2908,1564,-2014,-798,-1082,933,-8,1,1600,19369,77,33,79,16,0,0,0,0,0,0,0,-32287,0,0,0,0,0,2987291,0
2832896,7820,-88,2820,1526,-2214,-751,-869,930,-8,8,1592,19367,68,33,79,16,0,0,0,0,0,0,0,-32287,0,0,0,0,0,2987305,0
2832901,7888,-36,2954,1493,-2281,-716,-660,918,-23,2,1536,19367,68,33,79,16,0,0,0,0,0,0,0,-32287,0,0,0,0,0,2987310,0
2832906,8016,114,3024,1473,-2372,-681,-454,899,-30,4,1504,19370,72,33,79,16,0,0,0,0,0,0,0,-32287,0,0,0,0,0,2987325,0
2832911,8260,72,3198,1465,-2405,-658,-254,880,-47,8,1440,19370,72,33,79,16,0,0,0,0,0,0,0,-32286,0,0,0,0,0,2987330,0
2832916,8500,208,3534,1455,-2406,-610,-58,862,-54,4,1416,19371,73,33,79,16,0,0,0,0,0,0,0,-32287,0,0,0,0,0,2987345,0
2832921,8502,372,3780,1460,-2372,-587,135,851,-66,0,1368,19371,73,33,79,16,0,0,0,0,0,0,0,-32287,0,0,0,0,0,2987350,0
2832926,8532,424,3974,1426,-2316,-560,323,825,-66,0,1344,19370,75,33,79,16,0,0,0,0,0,0,0,-32287,0,0,0,0,0,2987365,0
2832931,8556,478,4190,1383,-2233,-542,508,817,-62,-4,1320,19370,75,33,79,16,0,0,0,0,0,0,0,-32287,0,0,0,0,0,2987370,0
2832936,8424,502,4410,1331,-1994,-499,690,803,-56,0,1296,19370,76,33,79,16,0,0,0,0,0,0,0,-32287,0,0,0,0,0,2987385,0
2832941,8154,578,4386,1290,-1897,-468,869,784,-51,-3,1256,19370,76,33,79,16,0,0,0,0,0,0,0,-32287,0,0,0,0,0,2987390,0
2832946,8132,736,4272,1311,-1780,-467,1049,792,-43,-1,1288,19367,70,33,79,16,0,0,0,0,0,0,0,-32287,0,0,0,0,0,2987405,0
2832951,7812,750,4178,1286,-1692,-449,1224,768,-28,0,1240,19367,70,33,79,16,0,0,0,0,0,0,0,-32287,0,0,0,0,0,2987410,0
2832956,7320,942,3676,1218,-1562,-431,1402,781,-27,-6,1296,19369,83,33,79,16,0,0,0,0,0,0,0,-32287,0,0,0,0,0,2987425,0
2832961,7010,852,3404,1157,-1481,-406,1580,782,-15,-5,1296,19369,83,33,79,16,0,0,0,0,0,0,0,-32286,0,0,0,0,0,2987430,0
2832966,6552,888,3180,1076,-1477,-386,1755,772,-4,-4,1304,19369,86,33,79,16,0,0,0,0,0,0,0,-32287,0,0,0,0,0,2987445,0
2832971,6486,838,2962,1018,-1502,-390,1936,796,1,-5,1336,19369,86,33,79,16,0,0,0,0,0,0,0,-32287,0,0,0,0,0,2987450,0
2832976,6340,450,2346,857,-1550,-362,2115,790,12,5,1320,19369,84,33,79,16,0,0,0,0,0,0,0,-32287,0,0,0,0,0,2987465,0
2832981,6660,184,2052,772,-1527,-374,2296,790,19,-6,1344,19369,84,33,79,16,0,0,0,0,0,0,0,-32287,0,0,0,0,0,2987470,0
2832986,6800,-126,1910,704,-1471,-387,2478,794,12,2,1328,19368,69,33,79,16,0,0,0,0,0,0,0,-32287,0,0,0,0,0,2987485,0
2832991,6968,-532,1612,628,-1485,-402,2658,792,9,3,1336,19368,69,33,79,16,0,0,0,0,0,0,0,-32287,0,0,0,0,0,2987490,0
2832996,8096,-1872,1082,497,-1456,-410,2837,792,4,7,1304,19366,60,33,79,16,0,0,0,0,0,0,0,-32287,0,0,0,0,0,2987508,0
2833001,8722,-2856,828,380,-1465,-390,3013,771,-10,7,1248,19366,60,33,79,16,0,0,0,0,0,0,0,-32286,0,0,0,0,0,2987512,0
2833006,9668,-3992,698,233,-1420,-326,3185,762,-29,2,1232,19367,62,33,79,16,0,0,0,0,0,0,0,-32287,0,0,0,0,0,2987524,0
2833011,10448,-5322,598,88,-1412,-216,3350,729,-46,5,1136,19367,62,33,79,16,0,0,0,0,0,0,0,-32287,0,0,0,0,0,2987529,0
2833016,11862,-8076,640,-63,-1452,-10,3509,698,-66,9,1040,19367,75,33,79,16,0,0,0,0,0,0,0,-32287,0,0,0,0,0,2987544,0
2833021,12272,-9096,730,13,-1514,58,3663,667,-86,7,968,19367,75,33,79,16,0,0,0,0,0,0,0,-32287,0,0,0,0,0,2987549,0
2833026,12430,-9724,932,165,-1571,128,3809,643,-92,5,912,19366,72,33,79,16,0,0,0,0,0,0,0,-32287,0,0,0,0,0,2987564,0
2833031,12298,-9632,1088,310,-1632,132,3943,588,-109,7,784,19366,72,33,79,16,0,0,0,0,0,0,0,-32287,0,0,0,0,0,2987569,0
2833036,11606,-8496,1000,545,-1526,77,4070,552,-121,0,680,19369,69,33,79,16,0,0,0,0,0,0,0,-32287,0,0,0,0,0,2987584,0
2833041,10638,-7478,944,624,-1366,18,4186,502,-138,-1,592,19369,69,33,79,16,0,0,0,0,0,0,0,-32287,0,0,0,0,0,2987589,0
2833046,9636,-6610,812,690,-1154,-44,4290,441,-153,3,440,19377,70,33,79,16,0,0,0,0,0,0,0,-32287,0,0,0,0,0,2987604,0
2833051,8616,-6074,608,788,-937,-142,4377,383,-172,2,320,19377,70,33,79,16,0,0,0,0,0,0,0,-32287,0,0,0,0,0,2987609,0
2833056,6950,-5434,214,1108,-510,-380,4457,346,-178,6,256,19382,68,33,79,16,0,0,0,0,0,0,0,-32287,0,0,0,0,0,2987624,0
2833061,6292,-5540,-118,1138,-387,-427,4529,315,-179,1,200,19382,68,33,79,16,0,0,0,0,0,0,0,-32287,0,0,0,0,0,2987629,0
2833066,5912,-5896,-420,1124,-359,-424,4593,278,-155,5,160,19381,71,33,79,16,0,0,0,0,0,0,0,-32287,0,0,0,0,0,2987644,0
2833071,5808,-6588,-738,1101,-367,-371,4645,213,-139,2,80,19381,71,33,79,16,0,0,0,0,0,0,0,-32287,0,0,0,0,0,2987649,0
2833076,5922,-8834,-1354,923,-748,-29,4682,156,-150,-8,56,19377,65,33,79,16,0,0,0,0,0,0,0,-32287,0,0,0,0,0,2987664,0
2833081,6094,-10134,-1868,850,-1139,235,4701,74,-180,-7,16,19377,65,33,79,16,0,0,0,0,0,0,0,-32287,0,0,0,0,0,2987669,0
2833086,6972,-10906,-2202,966,-1529,454,4705,13,-220,0,0,19371,70,33,79,16,0,0,0,0,0,0,0,-32287,0,0,0,0,0,2987684,0
2833091,8004,-11444,-2052,1265,-1784,651,4702,-16,-232,5,-16,19371,70,33,79,16,0,0,0,0,0,0,0,-32287,0,0,0,0,0,2987689,0
2833096,10646,-11184,-1910,2091,-2423,1004,4696,-31,-188,2,-16,19368,78,33,79,16,0,0,0,0,0,0,0,-32287,0,0,0,0,0,2987704,0
2833101,12100,-9356,-1488,2293,-2418,1105,4687,-48,-138,0,-32,19368,78,33,79,16,0,0,0,0,0,0,0,-32287,0,0,0,0,0,2987709,0
2833106,12982,-7532,-1998,2300,-2393,1160,4673,-57,-86,-1,-24,19369,87,33,79,16,0,0,0,0,0,0,0,-32287,0,0,0,0,0,2987724,0
2833111,13890,-5920,-2016,2329,-2198,1116,4659,-56,-54,-2,-24,19369,87,33,79,16,0,0,0,0,0,0,0,-32287,0,0,0,0,0,2987728,0
2833116,14636,-3016,-1736,2436,-1730,842,4650,-43,-23,-2,-24,19370,89,33,79,16,0,0,0,0,0,0,0,-32287,0,0,0,0,0,2987743,0
2833121,14242,-1626,-1620,2046,-1430,720,4638,-52,-3,2,-40,19370,89,33,79,16,0,0,0,0,0,0,0,-32287,0,0,0,0,0,2987748,0
2833126,14034,-1042,-1702,1526,-1099,586,4616,-102,-12,7,-64,19370,85,33,79,16,0,0,0,0,0,0,0,-32287,0,0,0,0,0,2987763,0
2833131,13252,-1114,-1468,1191,-787,374,4583,-141,-64,0,-64,19370,85,33,79,16,0,0,0,0,0,0,0,-32286,0,0,0,0,0,2987768,0
2833136,11360,-2496,-1112,1492,-420,21,4550,-148,-89,-3,-72,19369,73,33,79,16,0,0,0,0,0,0,0,-32287,0,0,0,0,0,2987783,0
2833141,10370,-2740,-926,1731,-323,-45,4517,-143,-88,-3,-56,19369,73,33,79,16,0,0,0,0,0,0,0,-32287,0,0,0,0,0,2987788,0
2833146,9426,-2762,-1026,1846,-256,-24,4490,-115,-36,0,-64,19370,73,33,79,16,0,0,0,0,0,0,0,-32287,0,0,0,0,0,2987803,0
2833151,8602,-2586,-1110,1873,-255,-5,4460,-136,2,0,-48,19370,73,33,79,16,0,0,0,0,0,0,0,-32287,0,0,0,0,0,2987808,0
2833156,7372,-2538,-1418,1842,-427,174,4436,-103,30,-6,-40,19371,84,33,79,16,0,0,0,0,0,0,0,-32286,0,0,0,0,0,2987823,0
2833161,6788,-2582,-1562,1574,-526,391,4413,-102,32,0,-40,19371,84,33,79,16,0,0,0,0,0,0,0,-32287,0,0,0,0,0,2987827,0
2833166,6144,-2160,-1540,1114,-597,586,4398,-63,37,-7,-8,19372,78,33,79,16,0,0,0,0,0,0,0,-32287,0,0,0,0,0,2987842,0
2833171,6328,-1804,-1456,930,-756,663,4402,19,93,-8,16,19372,78,33,79,16,0,0,0,0,0,0,0,-32287,0,0,0,0,0,2987847,0
2833176,7248,-1922,-166,1232,-1029,693,4415,52,139,1,16,19366,65,33,79,16,0,0,0,0,0,0,0,-32287,0,0,0,0,0,2987862,0
2833181,7872,-2184,222,1249,-1098,752,4425,35,136,3,8,19366,65,33,79,16,0,0,0,0,0,0,0,-32287,0,0,0,0,0,2987867,0
2833186,8222,-1566,424,1226,-1200,714,4425,4,80,5,-8,19366,67,33,79,16,0,0,0,0,0,0,0,-32287,0,0,0,0,0,2987882,0
2833191,8934,-1830,140,916,-1049,832,4426,-7,1,1,0,19366,67,33,79,16,0,0,0,0,0,0,0,-32287,0,0,0,0,0,2987887,0
2833196,9296,-2052,278,455,-980,862,4428,8,-39,-2,0,19366,74,33,79,16,0,0,0,0,0,0,0,-32287,0,0,0,0,0,2987902,0
2833201,9274,-2564,302,627,-1065,798,4431,17,-35,-2,8,19366,74,33,79,16,0,0,0,0,0,0,0,-32286,0,0,0,0,0,2987907,0
2833206,9274,-3254,260,952,-1198,735,4439,36,2,-2,24,19368,70,33,79,16,0,0,0,0,0,0,0,-32287,0,0,0,0,0,2987922,0
2833211,9486,-3288,58,1179,-1319,685,4457,89,43,-6,48,19368,70,33,79,16,0,0,0,0,0,0,0,-32287,0,0,0,0,0,2987927,0
2833216,9604,-2732,-234,982,-1203,663,4490,155,87,-10,80,19367,70,33,79,16,0,0,0,0,0,0,0,-32287,0,0,0,0,0,2987942,0
2833221,9314,-2736,-374,774,-1151,632,4531,191,134,0,120,19367,70,33,79,16,0,0,0,0,0,0,0,-32287,0,0,0,0,0,2987947,0
2833226,9244,-3494,-686,715,-1096,660,4585,247,165,-1,168,19365,69,33,79,16,0,0,0,0,0,0,0,-32287,0,0,0,0,0,2987962,0
2833231,8588,-3758,-652,776,-1131,638,4647,276,174,5,192,19365,69,33,79,16,0,0,0,0,0,0,0,-32287,0,0,0,0,0,2987967,0
2833236,8472,-4344,-654,1026,-1173,605,4714,301,153,9,240,19363,76,33,79,16,0,0,0,0,0,0,0,-32287,0,0,0,0,0,2987982,0
2833241,8302,-4326,-228,997,-1072,649,4787,330,130,0,264,19363,76,33,79,16,0,0,0,0,0,0,0,-32287,0,0,0,0,0,2987987,0
2833246,7728,-4274,-524,1012,-1168,620,4869,366,107,-8,360,19365,72,33,79,16,0,0,0,0,0,0,0,-32287,0,0,0,0,0,2988004,0
2833251,7884,-4398,-752,1209,-1172,570,4962,406,106,-13,456,19365,72,33,79,16,0,0,0,0,0,0,0,-32287,0,0,0,0,0,2988009,0
2833256,7390,-4344,-782,1664,-1346,477,5063,453,124,-14,552,19367,64,33,79,16,0,0,0,0,0,0,0,-32287,0,0,0,0,0,2988024,0
2833261,7236,-4038,-834,1882,-1480,411,5168,465,132,5,576,19367,64,33,79,16,0,0,0,0,0,0,0,-32287,0,0,0,0,0,2988029,0
2833266,7732,-3766,-944,1896,-1478,403,5276,480,110,3,608,19367,65,33,79,16,0,0,0,0,0,0,0,-32287,0,0,0,0,0,2988044,0
2833271,6996,-3882,-740,1935,-1422,355,5386,482,78,-4,648,19367,65,33,79,16,0,0,0,0,0,0,0,-32287,0,0,0,0,0,2988049,0
2833276,7090,-3950,-396,2105,-1371,345,5498,491,57,0,640,19365,67,33,79,16,0,0,0,0,0,0,0,-32287,0,0,0,0,0,2988064,0
2833281,7154,-3604,-118,2116,-1297,327,5612,487,27,9,600,19365,67,33,79,16,0,0,0,0,0,0,0,-32287,0,0,0,0,0,2988069,0
2833286,7226,-3646,20,2118,-1156,344,5719,476,22,6,560,19365,73,33,79,16,0,0,0,0,0,0,0,-32286,0,0,0,0,0,2988084,0
2833291,6924,-3662,22,2196,-1079,333,5824,452,-6,4,504,19365,73,33,79,16,0,0,0,0,0,0,0,-32287,0,0,0,0,0,2988089,0
2833296,6784,-3558,-96,2458,-1018,363,5924,436,-36,-6,488,19366,75,33,79,16,0,0,0,0,0,0,0,-32287,0,0,0,0,0,2988104,0
2833301,6624,-3524,-110,2552,-998,389,6021,417,-55,3,424,19366,75,33,79,16,0,0,0,0,0,0,0,-32287,0,0,0,0,0,2988109,0
2833306,6510,-3256,-170,2596,-989,393,6108,382,-69,11,344,19368,69,33,79,16,0,0,0,0,0,0,0,-32287,0,0,0,0,0,2988123,0
2833311,6590,-3096,-304,2615,-954,434,6190,351,-83,14,272,19368,69,33,79,16,0,0,0,0,0,0,0,-32287,0,0,0,0,0,2988128,0
2833316,6506,-2510,-354,2550,-934,475,6261,323,-98,9,216,19369,64,33,79,16,0,0,0,0,0,0,0,-32287,0,0,0,0,0,2988143,0
2833321,6464,-2292,-326,2538,-911,492,6330,298,-101,1,184,19369,64,33,79,16,0,0,0,0,0,0,0,-32287,0,0,0,0,0,2988148,0
2833326,6460,-2066,-354,2535,-912,482,6396,292,-97,-1,200,19368,67,33,79,16,0,0,0,0,0,0,0,-32287,0,0,0,0,0,2988163,0
2833331,6598,-1966,-420,2538,-900,491,6457,262,-76,4,120,19368,67,33,79,16,0,0,0,0,0,0,0,-32287,0,0,0,0,0,2988168,0
2833336,6430,-1852,-498,2387,-906,567,6510,234,-70,-1,104,19368,63,33,79,16,0,0,0,0,0,0,0,-32287,0,0,0,0,0,2988183,0
2833341,6502,-1692,-462,2378,-865,572,6555,201,-84,-10,96,19368,63,33,79,16,0,0,0,0,0,0,0,-32287,0,0,0,0,0,2988188,0
2833346,6446,-1804,-448,2368,-894,603,6596,167,-92,2,64,19368,62,33,79,16,0,0,0,0,0,0,0,-32287,0,0,0,0,0,2988203,0
2833351,6472,-1636,-392,2375,-910,590,6631,148,-104,-1,56,19368,62,33,79,16,0,0,0,0,0,0,0,-32287,0,0,0,0,0,2988208,0
2833356,6472,-1444,-296,2441,-893,572,6660,121,-91,-2,56,19373,67,33,79,16,0,0,0,0,0,0,0,-32287,0,0,0,0,0,2988223,0
2833361,6808,-1608,-414,2514,-866,573,6692,141,-75,-3,64,19373,67,33,79,16,0,0,0,0,0,0,0,-32287,0,0,0,0,0,2988228,0
2833366,6632,-1504,-344,2507,-839,579,6726,153,-44,4,80,19372,66,33,79,16,0,0,0,0,0,0,0,-32287,0,0,0,0,0,2988242,0
2833371,6892,-1440,-348,2523,-851,551,6768,182,7,0,96,19372,66,33,79,16,0,0,0,0,0,0,0,-32287,0,0,0,0,0,2988247,0
2833376,6980,-1302,-338,2569,-821,524,6814,205,42,-2,128,19370,67,33,79,16,0,0,0,0,0,0,0,-32287,0,0,0,0,0,2988262,0
2833381,7222,-1548,-488,2591,-763,535,6867,231,74,0,128,19370,67,33,79,16,0,0,0,0,0,0,0,-32287,0,0,0,0,0,2988267,0
2833386,7014,-1566,-496,2609,-800,569,6917,219,73,9,104,19369,71,33,79,16,0,0,0,0,0,0,0,-32287,0,0,0,0,0,2988282,0
2833391,7094,-1466,-586,2586,-810,554,6966,210,52,-1,96,19369,71,33,79,16,0,0,0,0,0,0,0,-32287,0,0,0,0,0,2988287,0
2833396,7260,-1120,-662,2636,-838,559,7014,209,13,-1,104,19370,70,33,79,16,0,0,0,0,0,0,0,-32287,0,0,0,0,0,2988302,0
2833401,7322,-1072,-766,2591,-837,566,7058,191,-14,1,88,19370,70,33,79,16,0,0,0,0,0,0,0,-32287,0,0,0,0,0,2988307,0
2833406,7340,-888,-712,2544,-868,565,7101,187,-36,-3,80,19373,75,33,79,16,0,0,0,0,0,0,0,-32287,0,0,0,0,0,2988322,0
2833411,7486,-708,-720,2497,-829,544,7142,187,-32,-2,104,19373,75,33,79,16,0,0,0,0,0,0,0,-32286,0,0,0,0,0,2988327,0
2833416,7590,-490,-560,2451,-788,489,7191,210,-9,-5,128,19372,75,33,79,16,0,0,0,0,0,0,0,-32287,0,0,0,0,0,2988342,0
2833421,7698,-564,-472,2455,-749,482,7243,236,14,3,136,19372,75,33,79,16,0,0,0,0,0,0,0,-32287,0,0,0,0,0,2988347,0
2833426,7604,-362,-280,2461,-717,434,7301,263,45,4,160,19369,71,33,79,16,0,0,0,0,0,0,0,-32287,0,0,0,0,0,2988362,0
2833431,7718,-452,-280,2447,-653,412,7359,257,61,6,144,19369,71,33,79,16,0,0,0,0,0,0,0,-32287,0,0,0,0,0,2988367,0
2833436,7396,-520,-128,2344,-508,403,7413,237,43,3,112,19366,76,33,79,16,0,0,0,0,0,0,0,-32287,0,0,0,0,0,2988382,0
2833441,7382,-682,-168,2330,-386,415,7465,223,10,-6,120,19366,76,33,79,16,0,0,0,0,0,0,0,-32287,0,0,0,0,0,2988387,0
2833446,7184,-912,-58,2302,-364,432,7514,222,-21,-3,104,19367,71,33,79,16,0,0,0,0,0,0,0,-32287,0,0,0,0,0,2988401,0
2833451,7248,-972,-68,2310,-304,409,7563,212,-35,0,104,19367,71,33,79,16,0,0,0,0,0,0,0,-32287,0,0,0,0,0,2988406,0
2833456,6992,-1032,-36,2362,-221,445,7616,226,-25,-5,136,19369,77,33,79,16,0,0,0,0,0,0,0,-32287,0,0,0,0,0,2988421,0
2833461,6972,-1116,-118,2365,-192,438,7669,240,-2,-1,136,19369,77,33,79,16,0,0,0,0,0,0,0,-32287,0,0,0,0,0,2988426,0
2833466,6850,-1232,-240,2401,-224,445,7723,238,19,1,144,19374,88,33,79,16,0,0,0,0,0,0,0,-32287,0,0,0,0,0,2988441,0
2833471,6774,-1096,-370,2443,-256,434,7777,236,17,-2,128,19374,88,33,79,16,0,0,0,0,0,0,0,-32287,0,0,0,0,0,2988446,0
2833476,6856,-1048,-502,2355,-319,448,7829,222,15,10,80,19374,78,33,79,16,0,0,0,0,0,0,0,-32287,0,0,0,0,0,2988461,0
2833481,6902,-802,-462,2208,-321,417,7871,174,-17,-3,72,19374,78,33,79,16,0,0,0,0,0,0,0,-32287,0,0,0,0,0,2988466,0
2833486,7220,-992,-478,2134,-284,414,7906,148,-60,-6,64,19374,80,33,79,16,0,0,0,0,0,0,0,-32287,0,0,0,0,0,2988481,0
2833491,7148,-864,-280,2084,-292,359,7943,162,-73,-2,64,19374,80,33,79,16,0,0,0,0,0,0,0,-32287,0,0,0,0,0,2988486,0
2833496,7440,-1348,-54,2108,-277,347,7975,128,-73,2,56,19373,73,33,79,16,0,0,0,0,0,0,0,-32287,0,0,0,0,0,2988501,0
2833501,7878,-1400,-12,2167,-284,308,8009,148,-50,-9,64,19373,73,33,79,16,0,0,0,0,0,0,0,-32287,0,0,0,0,0,2988506,0
2833506,8102,-1582,-4,2217,-205,323,8037,127,-30,3,48,19373,79,33,79,16,0,0,0,0,0,0,0,-32287,0,0,0,0,0,2988520,0
2833511,8178,-1438,84,2278,-243,276,8072,159,-16,-1,80,19373,79,33,79,16,0,0,0,0,0,0,0,-32287,0,0,0,0,0,2988525,0
2833516,8468,-1354,-38,2453,-182,265,8110,165,0,7,88,19371,81,33,79,16,0,0,0,0,0,0,0,-32287,0,0,0,0,0,2988540,0
2833521,8742,-1390,-188,2523,-158,278,8155,207,48,2,96,19371,81,33,79,16,0,0,0,0,0,0,0,-32287,0,0,0,0,0,2988545,0
2833526,8698,-1136,-256,2539,-123,265,8202,222,53,1,136,19369,78,33,79,16,0,0,0,0,0,0,0,-32287,0,0,0,0,0,2988560,0
2833531,8730,-1176,-382,2549,-97,284,8255,229,73,0,136,19369,78,33,79,16,0,0,0,0,0,0,0,-32287,0,0,0,0,0,2988565,0
2833536,8760,-1228,-566,2566,-128,313,8307,225,54,7,104,19368,78,33,79,16,0,0,0,0,0,0,0,-32287,0,0,0,0,0,2988580,0
2833541,8852,-952,-592,2591,-174,297,8359,230,40,0,128,19368,78,33,79,16,0,0,0,0,0,0,0,-32287,0,0,0,0,0,2988585,0
2833546,8948,-742,-640,2569,-169,281,8413,235,22,-1,128,19368,80,33,79,16,0,0,0,0,0,0,0,-32287,0,0,0,0,0,2988600,0
2833551,9058,-752,-656,2505,-187,302,8467,239,4,2,120,19368,80,33,79,16,0,0,0,0,0,0,0,-32287,0,0,0,0,0,2988605,0
2833556,9326,-336,-488,2285,-188,278,8516,216,-4,-2,128,19371,73,33,79,16,0,0,0,0,0,0,0,-32288,0,0,0,0,0,2988620,0
2833561,9378,-158,-338,2256,-207,263,8568,225,-4,-4,120,19371,73,33,79,16,0,0,0,0,0,0,0,-32287,0,0,0,0,0,2988625,0
2833566,9520,86,-176,2193,-189,252,8621,241,-8,2,128,19373,61,33,79,16,0,0,0,0,0,0,0,-32287,0,0,0,0,0,2988640,0
2833571,9656,206,-20,2075,-132,255,8678,255,6,-3,160,19373,61,33,79,16,0,0,0,0,0,0,0,-32287,0,0,0,0,0,2988645,0
2833576,9778,644,120,1999,-67,259,8736,260,19,1,160,19372,59,33,79,16,0,0,0,0,0,0,0,-32287,0,0,0,0,0,2988660,0
2833581,9798,772,90,1850,-10,273,8790,240,23,0,136,19372,59,33,79,16,0,0,0,0,0,0,0,-32287,0,0,0,0,0,2988664,0
2833586,9832,1092,68,1762,22,284,8844,234,3,-4,128,19369,65,33,79,16,0,0,0,0,0,0,0,-32287,0,0,0,0,0,2988679,0
2833591,9740,1430,92,1658,69,283,8895,220,-12,2,96,19369,65,33,79,16,0,0,0,0,0,0,0,-32287,0,0,0,0,0,2988684,0
2833596,9384,1632,-16,1332,192,346,8942,207,-32,0,96,19368,72,33,79,16,0,0,0,0,0,0,0,-32287,0,0,0,0,0,2988699,0
2833601,9232,1650,-180,1172,239,367,8987,204,-43,-2,112,19368,72,33,79,16,0,0,0,0,0,0,0,-32287,0,0,0,0,0,2988704,0
2833606,9112,1370,-302,1164,214,393,9035,214,-31,0,120,19367,83,33,79,16,0,0,0,0,0,0,0,-32288,0,0,0,0,0,2988719,0
2833611,8902,1432,-380,1140,171,377,9086,229,-13,0,136,19367,83,33,79,16,0,0,0,0,0,0,0,-32287,0,0,0,0,0,2988724,0
2833616,9048,1306,-524,1089,56,316,9143,251,20,0,168,19369,82,33,79,16,0,0,0,0,0,0,0,-32287,0,0,0,0,0,2988739,0
2833621,9216,1052,-556,1007,39,293,9204,272,54,1,176,19369,82,33,79,16,0,0,0,0,0,0,0,-32287,0,0,0,0,0,2988744,0
2833626,9430,582,-594,851,-15,239,9262,252,49,6,144,19369,78,33,79,16,0,0,0,0,0,0,0,-32287,0,0,0,0,0,2988759,0
2833631,9970,-242,-728,694,-47,176,9317,246,29,-7,144,19369,78,33,79,16,0,0,0,0,0,0,0,-32287,0,0,0,0,0,2988763,0
2833636,10814,-2534,-912,555,-1,49,9367,216,-7,1,96,19366,79,33,79,16,0,0,0,0,0,0,0,-32287,0,0,0,0,0,2988778,0
2833641,10848,-3308,-696,558,-81,22,9408,183,-52,1,56,19366,79,33,79,16,0,0,0,0,0,0,0,-32287,0,0,0,0,0,2988783,0
2833646,10410,-3320,-148,513,-225,-11,9440,142,-87,-7,56,19367,68,33,79,16,0,0,0,0,0,0,0,-32287,0,0,0,0,0,2988798,0
2833651,10056,-3094,282,477,-353,-63,9465,109,-111,-3,32,19367,68,33,79,16,0,0,0,0,0,0,0,-32287,0,0,0,0,0,2988803,0
2833656,9044,-2460,620,496,-196,-224,9482,68,-125,5,16,19368,71,33,79,16,0,0,0,0,0,0,0,-32287,0,0,0,0,0,2988818,0
2833661,8732,-2492,468,553,-91,-291,9494,46,-121,0,16,19368,71,33,79,16,0,0,0,0,0,0,0,-32287,0,0,0,0,0,2988823,0
2833666,8414,-2506,390,567,-96,-323,9506,49,-93,1,8,19368,67,33,79,16,0,0,0,0,0,0,0,-32287,0,0,0,0,0,2988838,0
2833671,8264,-2478,302,535,-186,-334,9511,14,-79,2,-8,19368,67,33,79,16,0,0,0,0,0,0,0,-32287,0,0,0,0,0,2988842,0
2833676,8360,-2058,340,543,-381,-412,9510,3,-68,0,0,19366,77,33,79,16,0,0,0,0,0,0,0,-32287,0,0,0,0,0,2988857,0
2833681,8454,-1758,418,555,-383,-468,9510,-5,-59,0,0,19366,77,33,79,16,0,0,0,0,0,0,0,-32287,0,0,0,0,0,2988862,0
2833686,8638,-1672,324,536,-321,-535,9511,0,-50,0,0,19365,88,33,79,16,0,0,0,0,0,0,0,-32287,0,0,0,0,0,2988877,0
2833691,8880,-1678,90,517,-246,-621,9510,0,-29,0,0,19365,88,33,79,16,0,0,0,0,0,0,0,-32287,0,0,0,0,0,2988882,0
2833696,8882,-2242,-440,451,-75,-830,9511,0,-3,0,0,19368,83,33,79,16,0,0,0,0,0,0,0,-32288,0,0,0,0,0,2988897,0
2833701,8882,-2888,-546,489,-16,-934,9509,0,-4,0,0,19368,83,33,79,16,0,0,0,0,0,0,0,-32287,0,0,0,0,0,2988902,0
2833706,8818,-3348,-276,454,78,-1008,9510,-3,3,0,0,19368,79,33,79,16,0,0,0,0,0,0,0,-32287,0,0,0,0,0,2988917,0
2833711,8568,-4286,440,338,188,-1043,9509,0,-3,0,0,19368,79,33,79,16,0,0,0,0,0,0,0,-32287,0,0,0,0,0,2988922,0
2833716,7606,-6390,1142,370,152,-1026,9510,2,3,1,0,19369,72,33,79,16,0,0,0,0,0,0,0,-32287,0,0,0,0,0,2988937,0
2833721,6774,-7288,1032,406,-88,-994,9510,3,-1,0,-8,19369,72,33,79,16,0,0,0,0,0,0,0,-32287,0,0,0,0,0,2988941,0
2833726,6750,-7776,964,327,-167,-905,9508,-7,1,0,0,19367,70,33,79,16,0,0,0,0,0,0,0,-32287,0,0,0,0,0,2988956,0
2833731,6544,-7908,1350,232,-203,-830,9509,5,0,0,-8,19367,70,33,79,16,0,0,0,0,0,0,0,-32287,0,0,0,0,0,2988961,0
2833736,5672,-10306,1988,686,-304,-668,9508,0,-2,1,0,19366,74,33,79,16,0,0,0,0,0,0,0,-32287,0,0,0,0,0,2988976,0
2833741,5912,-10686,2126,1185,-404,-590,9507,-7,1,0,-8,19366,74,33,79,16,0,0,0,0,0,0,0,-32287,0,0,0,0,0,2988981,0
2833746,6640,-8898,3180,1995,-317,-900,9502,-30,-12,2,-24,19368,79,33,79,16,0,0,0,0,0,0,0,-32287,0,0,0,0,0,2988996,0
2833751,6230,-11132,2234,3294,-817,-923,9482,-86,-41,6,-48,19368,79,33,79,16,0,0,0,0,0,0,0,-32287,0,0,0,0,0,2989001,0
2833756,7422,-6922,1346,3784,-1401,-875,9443,-183,-106,20,-176,19370,80,33,79,16,0,0,0,0,0,0,0,-32287,0,0,0,0,0,2989016,0
2833761,7362,-4848,1302,2794,-1104,-667,9368,-341,-214,24,-424,19370,80,33,79,16,0,0,0,0,0,0,0,-32287,0,0,0,0,0,2989020,0
2833766,7494,-4668,1216,1773,-1001,-494,9252,-535,-350,49,-960,19369,74,33,79,16,0,0,0,0,0,0,0,-32287,0,0,0,0,0,2989035,0
2833771,8084,-5616,1148,1471,-903,-353,9085,-756,-496,34,-1496,19369,74,33,79,16,0,0,0,0,0,0,0,-32287,0,0,0,0,0,2989040,0
2833776,8422,-6106,1904,1689,-918,-124,8868,-977,-630,10,-1984,19369,83,33,79,16,0,0,0,0,0,0,0,-32287,0,0,0,0,0,2989055,0
2833781,8742,-5544,1946,1507,-830,37,8594,-1223,-731,9,-2504,19369,83,33,79,16,0,0,0,0,0,0,0,-32287,0,0,0,0,0,2989060,0
2833786,8952,-4926,1704,1138,-712,190,8270,-1453,-782,0,-2992,19369,80,33,79,16,0,0,0,0,0,0,0,-32287,0,0,0,0,0,2989075,0
2833791,9014,-4716,1498,809,-573,339,7895,-1668,-800,0,-3440,19369,80,33,79,16,0,0,0,0,0,0,0,-32287,0,0,0,0,0,2989080,0
2833796,8880,-3986,1056,386,-514,525,7475,-1858,-788,-9,-3800,19370,88,33,79,16,0,0,0,0,0,0,0,-32286,0,0,0,0,0,2989095,0
2833801,8886,-3722,740,215,-496,594,7021,-2013,-739,-9,-4088,19370,88,33,79,16,0,0,0,0,0,0,0,-32287,0,0,0,0,0,2989100,0
2833806,8664,-3316,522,21,-555,658,6541,-2117,-648,-13,-4288,19368,85,33,79,16,0,0,0,0,0,0,0,-32287,0,0,0,0,0,2989115,0
2833811,8536,-2818,142,-288,-567,716,6048,-2181,-526,-8,-4408,19368,85,33,79,16,0,0,0,0,0,0,0,-32287,0,0,0,0,0,2989120,0
2833816,8156,-2192,-240,-668,-627,727,5546,-2207,-387,-4,-4432,19364,84,33,79,16,0,0,0,0,0,0,0,-32287,0,0,0,0,0,2989135,0
2833821,8066,-2216,-242,-749,-703,721,5040,-2225,-254,-12,-4432,19364,84,33,79,16,0,0,0,0,0,0,0,-32287,0,0,0,0,0,2989139,0
2833826,8140,-1834,10,-648,-844,613,4536,-2219,-140,-22,-4360,19362,96,33,79,16,0,0,0,0,0,0,0,-32287,0,0,0,0,0,2989154,0
2833831,8648,-1774,224,-308,-997,444,4039,-2188,-54,-19,-4248,19362,96,33,79,16,0,0,0,0,0,0,0,-32287,0,0,0,0,0,2989159,0
2833836,9082,-1414,368,174,-1380,192,3552,-2143,22,-13,-4144,19361,96,33,79,16,0,0,0,0,0,0,0,-32287,0,0,0,0,0,2989174,0
2833841,9352,-970,588,60,-1394,136,3079,-2074,91,-2,-4008,19361,96,33,79,16,0,0,0,0,0,0,0,-32287,0,0,0,0,0,2989179,0
2833846,9574,-684,1158,-159,-1257,92,2621,-2006,152,3,-3880,19362,88,33,79,16,0,0,0,0,0,0,0,-32287,0,0,0,0,0,2989194,0
2833851,9900,-858,2104,-350,-894,62,2182,-1925,200,4,-3744,19362,88,33,79,16,0,0,0,0,0,0,0,-32287,0,0,0,0,0,2989199,0
2833856,9822,-2204,3004,-324,-338,43,1755,-1864,225,4,-3616,19365,83,33,79,16,0,0,0,0,0,0,0,-32287,0,0,0,0,0,2989214,0
2833861,9586,-2514,3388,-144,-62,47,1344,-1799,241,-2,-3472,19365,83,33,79,16,0,0,0,0,0,0,0,-32287,0,0,0,0,0,2989219,0
2833866,9262,-2500,3522,7,179,30,946,-1748,228,-9,-3328,19368,74,33,79,16,0,0,0,0,0,0,0,-32287,0,0,0,0,0,2989234,0
2833871,9468,-2634,3346,82,507,48,561,-1682,222,-13,-3160,19368,74,33,79,16,0,0,0,0,0,0,0,-32287,0,0,0,0,0,2989238,0
2833876,8806,-2458,2562,45,923,105,193,-1617,209,-9,-2992,19370,79,33,79,16,0,0,0,0,0,0,0,-32287,0,0,0,0,0,2989253,0
2833881,8330,-2470,2238,20,1104,144,-160,-1550,215,-11,-2832,19370,79,33,79,16,0,0,0,0,0,0,0,-32287,0,0,0,0,0,2989258,0
2833886,7978,-2518,1704,-102,1227,224,-495,-1468,232,-9,-2632,19370,90,33,79,16,0,0,0,0,0,0,0,-32287,0,0,0,0,0,2989273,0
2833891,7606,-2164,1384,-213,1336,243,-805,-1353,261,-7,-2376,19370,90,33,79,16,0,0,0,0,0,0,0,-32287,0,0,0,0,0,2989278,0
2833896,7138,-2446,566,-127,1243,249,-1092,-1258,295,-1,-2184,19369,91,33,79,16,0,0,0,0,0,0,0,-32287,0,0,0,0,0,2989293,0
2833901,7188,-2414,386,2,1144,243,-1357,-1160,332,1,-1976,19369,91,33,79,16,0,0,0,0,0,0,0,-32287,0,0,0,0,0,2989298,0
2833906,7096,-1984,264,115,1009,195,-1599,-1054,345,4,-1760,19365,89,33,79,16,0,0,0,0,0,0,0,-32287,0,0,0,0,0,2989313,0
2833911,7230,-1898,144,143,943,210,-1823,-980,343,7,-1624,19365,89,33,79,16,0,0,0,0,0,0,0,-32286,0,0,0,0,0,2989318,0
2833916,7162,-1344,398,-1,935,222,-2027,-893,325,1,-1440,19366,87,33,79,16,0,0,0,0,0,0,0,-32287,0,0,0,0,0,2989333,0
2833921,7172,-1010,592,-130,1017,227,-2218,-834,295,0,-1304,19366,87,33,79,16,0,0,0,0,0,0,0,-32287,0,0,0,0,0,2989338,0
2833926,7212,-950,840,-169,1087,214,-2392,-757,276,-5,-1136,19365,86,33,79,16,0,0,0,0,0,0,0,-32287,0,0,0,0,0,2989353,0
2833931,7146,-1050,914,-153,1082,187,-2549,-691,253,0,-1016,19365,86,33,79,16,0,0,0,0,0,0,0,-32287,0,0,0,0,0,2989357,0
2833936,7126,-1242,844,10,1046,153,-2695,-634,238,4,-896,19368,93,33,79,16,0,0,0,0,0,0,0,-32287,0,0,0,0,0,2989372,0
2833941,7060,-784,976,4,1037,125,-2831,-587,222,0,-784,19368,93,33,79,16,0,0,0,0,0,0,0,-32287,0,0,0,0,0,2989377,0
2833946,6990,-382,976,-149,1091,119,-2952,-529,199,0,-616,19368,93,33,79,16,0,0,0,0,0,0,0,-32287,0,0,0,0,0,2989392,0
2833951,6794,-382,788,-335,1083,139,-3062,-474,188,7,-480,19368,93,33,79,16,0,0,0,0,0,0,0,-32287,0,0,0,0,0,2989397,0
2833956,6276,-436,404,-515,953,108,-3162,-436,178,9,-416,19368,93,33,79,16,0,0,0,0,0,0,0,-32287,0,0,0,0,0,2989412,0
2833961,5942,-752,228,-414,820,71,-3252,-380,175,-2,-312,19367,77,33,79,16,0,0,0,0,0,0,0,-32287,0,0,0,0,0,2989417,0
2833966,5686,-620,112,-374,691,57,-3327,-326,175,-15,-216,19367,77,33,79,16,0,0,0,0,0,0,0,-32287,0,0,0,0,0,2989432,0
2833971,5564,-162,200,-459,591,16,-3386,-257,184,-5,-112,19368,73,33,79,16,0,0,0,0,0,0,0,-32287,0,0,0,0,0,2989437,0
2833976,5628,-270,374,-705,513,-23,-3435,-206,199,15,-96,19368,73,33,79,16,0,0,0,0,0,0,0,-32287,0,0,0,0,0,2989452,0
2833981,5452,-382,496,-722,457,-82,-3473,-162,199,7,-48,19370,68,33,79,16,0,0,0,0,0,0,0,-32287,0,0,0,0,0,2989457,0
2833986,5402,-914,440,-635,388,-103,-3499,-113,187,4,-48,19370,68,33,79,16,0,0,0,0,0,0,0,-32287,0,0,0,0,0,2989471,0
2833991,5480,-868,548,-586,340,-121,-3518,-74,170,-2,-24,19373,74,33,79,16,0,0,0,0,0,0,0,-32287,0,0,0,0,0,2989476,0
2833996,5734,-764,734,-561,289,-164,-3523,-9,158,-7,8,19373,74,33,79,16,0,0,0,0,0,0,0,-32287,0,0,0,0,0,2989491,0
2834001,5684,-794,798,-577,278,-163,-3518,25,164,-1,16,19373,81,33,79,16,0,0,0,0,0,0,0,-32287,0,0,0,0,0,2989496,0
2834006,5746,-774,842,-614,289,-166,-3513,16,151,2,0,19373,81,33,79,16,0,0,0,0,0,0,0,-32287,0,0,0,0,0,2989511,0
2834011,5884,-692,862,-691,348,-164,-3510,2,112,4,0,19372,78,33,79,16,0,0,0,0,0,0,0,-32287,0,0,0,0,0,2989516,0
2834016,6264,-450,1160,-775,516,-234,-3509,7,44,4,-8,19372,78,33,79,16,0,0,0,0,0,0,0,-32287,0,0,0,0,0,2989531,0
2834021,6408,-556,1288,-743,658,-247,-3511,-1,-6,0,-8,19368,76,33,79,16,0,0,0,0,0,0,0,-32287,0,0,0,0,0,2989536,0
2834026,6250,-638,1210,-732,695,-258,-3510,-3,-24,0,-8,19368,76,33,79,16,0,0,0,0,0,0,0,-32287,0,0,0,0,0,2989551,0
2834031,6308,-682,950,-749,736,-242,-3508,5,-13,0,-8,19366,66,33,79,16,0,0,0,0,0,0,0,-32287,0,0,0,0,0,2989556,0
2834036,6306,-224,774,-952,880,-230,-3510,5,4,0,-8,19366,66,33,79,16,0,0,0,0,0,0,0,-32287,0,0,0,0,0,2989571,0
2834041,6294,-248,666,-997,891,-254,-3509,2,1,0,0,19366,67,33,79,16,0,0,0,0,0,0,0,-32287,0,0,0,0,0,2989576,0
2834046,6340,-490,516,-968,872,-292,-3509,7,-2,1,0,19366,67,33,79,16,0,0,0,0,0,0,0,-32287,0,0,0,0,0,2989591,0
2834051,6318,-602,416,-936,835,-310,-3508,2,3,1,0,19367,73,33,79,16,0,0,0,0,0,0,0,-32287,0,0,0,0,0,2989596,0
2834056,6486,-796,502,-953,800,-306,-3506,9,7,0,0,19367,73,33,79,16,0,0,0,0,0,0,0,-32287,0,0,0,0,0,2989610,0
2834061,6680,-832,618,-984,811,-298,-3505,0,1,2,0,19367,72,33,79,16,0,0,0,0,0,0,0,-32286,0,0,0,0,0,2989615,0
2834066,6746,-850,660,-1049,808,-283,-3503,3,-1,2,0,19367,72,33,79,16,0,0,0,0,0,0,0,-32287,0,0,0,0,0,2989630,0
2834071,6946,-914,686,-1126,850,-252,-3502,12,-1,0,0,19367,74,33,79,16,0,0,0,0,0,0,0,-32287,0,0,0,0,0,2989635,0
2834076,7220,-1010,850,-1330,976,-189,-3499,14,4,0,0,19367,74,33,79,16,0,0,0,0,0,0,0,-32287,0,0,0,0,0,2989650,0
2834081,7270,-1244,946,-1464,1053,-124,-3494,27,11,0,8,19367,78,33,79,16,0,0,0,0,0,0,0,-32287,0,0,0,0,0,2989655,0
2834086,7304,-1190,1092,-1587,1107,-103,-3486,39,22,-1,16,19367,78,33,79,16,0,0,0,0,0,0,0,-32287,0,0,0,0,0,2989670,0
2834091,7580,-1332,1222,-1582,1139,-113,-3471,80,45,-2,40,19371,81,33,79,16,0,0,0,0,0,0,0,-32287,0,0,0,0,0,2989675,0
2834096,7932,-1370,1224,-1362,1001,-219,-3443,136,81,-11,88,19371,81,33,79,16,0,0,0,0,0,0,0,-32287,0,0,0,0,0,2989690,0
2834101,8120,-1408,1124,-1280,927,-262,-3399,206,140,0,120,19371,79,33,79,16,0,0,0,0,0,0,0,-32287,0,0,0,0,0,2989695,0
2834106,8204,-1044,1084,-1283,819,-322,-3342,260,181,0,208,19371,79,33,79,16,0,0,0,0,0,0,0,-32287,0,0,0,0,0,2989710,0
2834111,8466,-972,1046,-1300,767,-406,-3270,328,210,-5,320,19372,71,33,79,16,0,0,0,0,0,0,0,-32287,0,0,0,0,0,2989715,0
2834116,8630,-1130,1068,-1297,585,-529,-3182,386,223,-7,424,19372,71,33,79,16,0,0,0,0,0,0,0,-32286,0,0,0,0,0,2989730,0
2834121,8550,-1358,1078,-1273,504,-543,-3085,430,212,-13,504,19369,73,33,79,16,0,0,0,0,0,0,0,-32287,0,0,0,0,0,2989735,0
2834126,8408,-1556,1208,-1294,464,-569,-2983,447,184,-4,560,19369,73,33,79,16,0,0,0,0,0,0,0,-32287,0,0,0,0,0,2989750,0
2834131,8402,-1690,1244,-1282,412,-596,-2874,471,142,-1,616,19368,76,33,79,16,0,0,0,0,0,0,0,-32286,0,0,0,0,0,2989755,0
2834136,8342,-1964,1432,-1243,324,-627,-2760,501,107,3,672,19368,76,33,79,16,0,0,0,0,0,0,0,-32287,0,0,0,0,0,2989770,0
2834141,8368,-2146,1496,-1228,278,-625,-2642,521,86,4,712,19367,73,33,79,16,0,0,0,0,0,0,0,-32287,0,0,0,0,0,2989774,0
2834146,8270,-2224,1550,-1225,242,-612,-2525,516,63,7,680,19367,73,33,79,16,0,0,0,0,0,0,0,-32287,0,0,0,0,0,2989789,0
2834151,8342,-2436,1556,-1206,209,-598,-2409,506,41,0,656,19366,75,33,79,16,0,0,0,0,0,0,0,-32287,0,0,0,0,0,2989794,0
2834156,8340,-2662,1686,-1217,234,-540,-2293,501,10,-1,640,19366,75,33,79,16,0,0,0,0,0,0,0,-32287,0,0,0,0,0,2989809,0
2834161,8304,-2638,1768,-1267,265,-495,-2182,494,-15,2,608,19368,77,33,79,16,0,0,0,0,0,0,0,-32287,0,0,0,0,0,2989814,0
2834166,8300,-2758,1858,-1352,339,-444,-2073,472,-33,0,560,19368,77,33,79,16,0,0,0,0,0,0,0,-32287,0,0,0,0,0,2989829,0
2834171,8226,-2886,1880,-1403,391,-410,-1972,440,-48,2,472,19368,76,33,79,16,0,0,0,0,0,0,0,-32287,0,0,0,0,0,2989834,0
2834176,8250,-2970,1838,-1349,403,-387,-1879,413,-70,1,424,19368,76,33,79,16,0,0,0,0,0,0,0,-32287,0,0,0,0,0,2989849,0
2834181,8204,-2976,1860,-1311,389,-371,-1789,392,-83,2,392,19366,77,33,79,16,0,0,0,0,0,0,0,-32287,0,0,0,0,0,2989854,0
2834186,8198,-3056,1828,-1320,380,-325,-1704,377,-84,11,312,19366,77,33,79,16,0,0,0,0,0,0,0,-32287,0,0,0,0,0,2989869,0
2834191,8174,-2880,1834,-1302,326,-334,-1627,336,-85,19,248,19366,67,33,79,16,0,0,0,0,0,0,0,-32287,0,0,0,0,0,2989874,0
2834196,8428,-2612,1920,-1124,212,-361,-1559,288,-97,9,144,19366,67,33,79,16,0,0,0,0,0,0,0,-32287,0,0,0,0,0,2989889,0
2834201,8714,-2416,1954,-1026,186,-398,-1504,234,-146,-6,104,19368,65,33,79,16,0,0,0,0,0,0,0,-32286,0,0,0,0,0,2989894,0
2834206,8850,-2184,2010,-953,200,-389,-1458,197,-155,-10,80,19368,65,33,79,16,0,0,0,0,0,0,0,-32287,0,0,0,0,0,2989909,0
2834211,8960,-1634,2186,-944,247,-434,-1419,176,-157,-3,72,19369,73,33,79,16,0,0,0,0,0,0,0,-32287,0,0,0,0,0,2989914,0
2834216,9198,-1084,2328,-1038,417,-464,-1390,125,-111,-2,48,19369,73,33,79,16,0,0,0,0,0,0,0,-32287,0,0,0,0,0,2989929,0
2834221,9482,-1072,2322,-1012,488,-475,-1360,127,-93,-6,48,19368,75,33,79,16,0,0,0,0,0,0,0,-32287,0,0,0,0,0,2989934,0
2834226,9414,-790,2390,-994,546,-482,-1338,89,-98,5,24,19368,75,33,79,16,0,0,0,0,0,0,0,-32287,0,0,0,0,0,2989949,0
2834231,9510,-478,2448,-984,572,-538,-1326,50,-88,1,16,19366,74,33,79,16,0,0,0,0,0,0,0,-32287,0,0,0,0,0,2989954,0
2834236,9418,86,2392,-1108,747,-529,-1313,53,-91,-1,16,19366,74,33,79,16,0,0,0,0,0,0,0,-32287,0,0,0,0,0,2989969,0
2834241,9440,330,2386,-1223,829,-533,-1302,47,-71,2,0,19366,66,33,79,16,0,0,0,0,0,0,0,-32287,0,0,0,0,0,2989974,0
2834246,9416,282,2436,-1269,922,-553,-1298,15,-63,3,-8,19366,66,33,79,16,0,0,0,0,0,0,0,-32287,0,0,0,0,0,2989991,0
2834251,9218,274,2520,-1202,922,-600,-1299,-3,-61,4,-8,19366,60,33,79,16,0,0,0,0,0,0,0,-32287,0,0,0,0,0,2989996,0
2834256,9020,252,2246,-1046,855,-668,-1301,-4,-58,0,0,19366,60,33,79,16,0,0,0,0,0,0,0,-32287,0,0,0,0,0,2990011,0
2834261,8802,372,2146,-1163,864,-648,-1301,4,-48,-1,0,19366,68,33,79,16,0,0,0,0,0,0,0,-32287,0,0,0,0,0,2990016,0
2834266,8618,252,2002,-1451,882,-582,-1298,7,-20,0,0,19366,68,33,79,16,0,0,0,0,0,0,0,-32287,0,0,0,0,0,2990031,0
2834271,8616,-56,1868,-1893,956,-457,-1295,10,4,0,8,19366,72,33,79,16,0,0,0,0,0,0,0,-32287,0,0,0,0,0,2990036,0
2834276,9002,-986,2464,-2798,1427,-199,-1288,35,27,-3,32,19366,72,33,79,16,0,0,0,0,0,0,0,-32287,0,0,0,0,0,2990051,0
2834281,9580,-1782,2960,-2760,1667,-197,-1265,100,46,-6,72,19366,66,33,79,16,0,0,0,0,0,0,0,-32287,0,0,0,0,0,2990056,0
2834286,9622,-2796,2976,-2499,1735,-214,-1218,229,121,-22,224,19366,66,33,79,16,0,0,0,0,0,0,0,-32287,0,0,0,0,0,2990071,0
2834291,10112,-3468,2324,-2049,1562,-304,-1134,382,244,-22,520,19365,65,33,79,16,0,0,0,0,0,0,0,-32287,0,0,0,0,0,2990076,0
2834296,11180,-3650,848,-1305,1081,-536,-1012,553,374,-38,1000,19365,65,33,79,16,0,0,0,0,0,0,0,-32287,0,0,0,0,0,2990091,0
2834301,11858,-3780,318,-1090,779,-684,-848,743,490,-15,1424,19369,76,33,79,16,0,0,0,0,0,0,0,-32287,0,0,0,0,0,2990096,0
2834306,12134,-4166,112,-952,481,-814,-649,893,570,8,1712,19369,76,33,79,16,0,0,0,0,0,0,0,-32287,0,0,0,0,0,2990111,0
2834311,12464,-4416,168,-834,207,-946,-417,1035,574,8,1984,19372,84,33,79,16,0,0,0,0,0,0,0,-32287,0,0,0,0,0,2990116,0
2834316,12920,-5546,1108,-734,70,-1105,-163,1128,543,17,2144,19372,84,33,79,16,0,0,0,0,0,0,0,-32287,0,0,0,0,0,2990131,0
2834321,12854,-6462,1796,-688,83,-1188,109,1208,465,12,2264,19374,88,33,79,16,0,0,0,0,0,0,0,-32287,0,0,0,0,0,2990136,0
2834326,12884,-7340,2082,-522,172,-1220,392,1250,361,16,2328,19374,88,33,79,16,0,0,0,0,0,0,0,-32287,0,0,0,0,0,2990151,0
2834331,12272,-7612,2290,-317,262,-1249,676,1252,262,16,2320,19374,80,33,79,16,0,0,0,0,0,0,0,-32287,0,0,0,0,0,2990156,0
2834336,10794,-7134,2042,-157,664,-1199,958,1232,152,8,2248,19374,80,33,79,16,0,0,0,0,0,0,0,-32287,0,0,0,0,0,2990171,0
2834341,9702,-6940,1914,-236,1079,-1105,1233,1202,56,5,2168,19380,87,33,79,16,0,0,0,0,0,0,0,-32287,0,0,0,0,0,2990176,0
2834346,8064,-6616,1292,-250,1235,-1040,1500,1166,-27,1,2088,19380,87,33,79,16,0,0,0,0,0,0,0,-32287,0,0,0,0,0,2990191,0
2834351,7222,-6466,808,-147,1502,-955,1754,1112,-95,1,1984,19378,82,33,79,16,0,0,0,0,0,0,0,-32287,0,0,0,0,0,2990196,0
2834356,5212,-5178,-28,97,1802,-919,2000,1076,-129,0,1896,19378,82,33,79,16,0,0,0,0,0,0,0,-32287,0,0,0,0,0,2990211,0
2834361,4274,-4742,-554,181,1847,-910,2236,1034,-146,3,1824,19373,70,33,79,16,0,0,0,0,0,0,0,-32287,0,0,0,0,0,2990216,0
2834366,3598,-4770,-1256,238,1734,-858,2461,991,-144,1,1712,19373,70,33,79,16,0,0,0,0,0,0,0,-32287,0,0,0,0,0,2990231,0
2834371,3094,-4436,-1876,218,1548,-800,2678,942,-152,0,1600,19368,64,33,79,16,0,0,0,0,0,0,0,-32287,0,0,0,0,0,2990236,0
2834376,2842,-3596,-2688,-19,1102,-672,2883,902,-151,9,1496,19368,64,33,79,16,0,0,0,0,0,0,0,-32287,0,0,0,0,0,2990251,0
2834381,2934,-3354,-2830,-159,892,-585,3078,846,-150,6,1368,19368,64,33,79,16,0,0,0,0,0,0,0,-32287,0,0,0,0,0,2990256,0
2834386,3002,-3540,-2562,-294,687,-461,3264,812,-159,2,1296,19368,64,33,79,16,0,0,0,0,0,0,0,-32287,0,0,0,0,0,2990270,0
2834391,3160,-3724,-2086,-423,503,-307,3438,766,-158,1,1184,19371,63,33,79,16,0,0,0,0,0,0,0,-32287,0,0,0,0,0,2990275,0
2834396,4214,-3188,-1122,-660,314,-37,3603,724,-154,3,1088,19371,63,33,79,16,0,0,0,0,0,0,0,-32287,0,0,0,0,0,2990290,0
2834401,4546,-2972,-658,-815,249,116,3762,696,-148,0,1024,19372,68,33,79,16,0,0,0,0,0,0,0,-32287,0,0,0,0,0,2990295,0
2834406,5102,-2724,-294,-967,174,244,3915,662,-134,5,944,19372,68,33,79,16,0,0,0,0,0,0,0,-32287,0,0,0,0,0,2990310,0
2834411,5612,-2480,-136,-1066,97,340,4061,646,-116,0,944,19371,67,33,79,16,0,0,0,0,0,0,0,-32287,0,0,0,0,0,2990315,0
2834416,6584,-2328,230,-1229,-39,512,4206,639,-93,-6,920,19371,67,33,79,16,0,0,0,0,0,0,0,-32287,0,0,0,0,0,2990330,0
2834421,6930,-2080,488,-1336,-106,558,4346,617,-73,3,872,19370,76,33,79,16,0,0,0,0,0,0,0,-32287,0,0,0,0,0,2990335,0
2834426,7622,-1906,552,-1414,-145,562,4484,606,-65,-5,856,19370,76,33,79,16,0,0,0,0,0,0,0,-32287,0,0,0,0,0,2990350,0
2834431,8140,-1756,734,-1448,-142,535,4621,600,-45,-7,848,19367,77,33,79,16,0,0,0,0,0,0,0,-32287,0,0,0,0,0,2990355,0
2834436,8242,-1452,826,-1744,-20,517,4754,575,-41,5,760,19367,77,33,79,16,0,0,0,0,0,0,0,-32287,0,0,0,0,0,2990370,0
2834441,8112,-1742,668,-1889,75,478,4882,559,-49,-5,736,19366,79,33,79,16,0,0,0,0,0,0,0,-32287,0,0,0,0,0,2990375,0
2834446,7830,-2096,568,-1965,137,462,5007,548,-49,-11,744,19366,79,33,79,16,0,0,0,0,0,0,0,-32287,0,0,0,0,0,2990390,0
2834451,7400,-2708,446,-1983,163,434,5128,528,-52,5,656,19366,76,33,79,16,0,0,0,0,0,0,0,-32287,0,0,0,0,0,2990395,0
2834456,6514,-3634,104,-1948,80,440,5243,507,-58,1,616,19366,76,33,79,16,0,0,0,0,0,0,0,-32287,0,0,0,0,0,2990410,0
2834461,6286,-3718,-70,-1894,7,418,5351,473,-70,-6,536,19368,79,33,79,16,0,0,0,0,0,0,0,-32287,0,0,0,0,0,2990415,0
2834466,5920,-3950,-266,-1850,-101,428,5451,444,-82,-8,464,19368,79,33,79,16,0,0,0,0,0,0,0,-32287,0,0,0,0,0,2990430,0
2834471,5678,-4152,-504,-1820,-246,441,5547,415,-94,-2,416,19369,77,33,79,16,0,0,0,0,0,0,0,-32287,0,0,0,0,0,2990435,0
2834476,5472,-4330,-810,-1771,-550,447,5633,377,-103,9,344,19369,77,33,79,16,0,0,0,0,0,0,0,-32287,0,0,0,0,0,2990450,0
2834481,5454,-4408,-834,-1736,-668,457,5713,341,-104,13,248,19368,79,33,79,16,0,0,0,0,0,0,0,-32287,0,0,0,0,0,2990455,0
2834486,5450,-4520,-692,-1719,-792,473,5781,291,-122,12,184,19368,79,33,79,16,0,0,0,0,0,0,0,-32287,0,0,0,0,0,2990470,0
2834491,5616,-4630,-560,-1662,-855,485,5841,256,-130,-1,120,19368,71,33,79,16,0,0,0,0,0,0,0,-32287,0,0,0,0,0,2990475,0
2834496,5982,-4586,-38,-1560,-895,442,5895,227,-131,-2,104,19368,71,33,79,16,0,0,0,0,0,0,0,-32287,0,0,0,0,0,2990490,0
2834501,6296,-4808,160,-1487,-863,460,5943,207,-127,-1,80,19366,68,33,79,16,0,0,0,0,0,0,0,-32287,0,0,0,0,0,2990495,0
2834506,6352,-4628,446,-1396,-839,441,5980,166,-112,-1,56,19366,68,33,79,16,0,0,0,0,0,0,0,-32287,0,0,0,0,0,2990510,0
2834511,6702,-4732,514,-1354,-748,477,6004,88,-126,2,24,19367,67,33,79,16,0,0,0,0,0,0,0,-32287,0,0,0,0,0,2990515,0
2834516,7002,-4438,584,-1395,-541,519,6012,37,-158,-1,8,19367,67,33,79,16,0,0,0,0,0,0,0,-32287,0,0,0,0,0,2990530,0
2834521,7040,-4396,712,-1347,-434,527,6016,14,-170,0,0,19366,72,33,79,16,0,0,0,0,0,0,0,-32287,0,0,0,0,0,2990535,0
2834526,7174,-4334,714,-1228,-365,540,6018,6,-157,2,0,19366,72,33,79,16,0,0,0,0,0,0,0,-32287,0,0,0,0,0,2990550,0
2834531,7310,-4324,716,-1086,-315,530,6019,5,-111,0,8,19367,76,33,79,16,0,0,0,0,0,0,0,-32287,0,0,0,0,0,2990555,0
2834536,7562,-3886,724,-794,-169,519,6022,5,-48,-1,8,19367,76,33,79,16,0,0,0,0,0,0,0,-32287,0,0,0,0,0,2990570,0
2834541,7502,-3490,688,-731,-144,514,6029,29,-12,-1,16,19366,71,33,79,16,0,0,0,0,0,0,0,-32287,0,0,0,0,0,2990575,0
2834546,7590,-3224,528,-742,-106,488,6032,23,11,0,8,19366,71,33,79,16,0,0,0,0,0,0,0,-32287,0,0,0,0,0,2990590,0
2834551,7586,-3012,376,-756,-63,483,6034,10,13,0,0,19367,69,33,79,16,0,0,0,0,0,0,0,-32287,0,0,0,0,0,2990595,0
2834556,7386,-2780,80,-808,-77,472,6035,-3,-5,1,-8,19367,69,33,79,16,0,0,0,0,0,0,0,-32288,0,0,0,0,0,2990610,0
2834561,7380,-2690,12,-808,-101,477,6037,7,-11,1,0,19368,65,33,79,16,0,0,0,0,0,0,0,-32287,0,0,0,0,0,2990614,0
2834566,7236,-2600,-44,-825,-156,486,6035,-1,-17,0,-8,19368,65,33,79,16,0,0,0,0,0,0,0,-32287,0,0,0,0,0,2990629,0
2834571,7220,-2558,-64,-855,-222,494,6037,5,-13,-1,0,19368,72,33,79,16,0,0,0,0,0,0,0,-32287,0,0,0,0,0,2990634,0
2834576,7134,-2430,-18,-915,-299,545,6037,3,-8,-2,0,19368,72,33,79,16,0,0,0,0,0,0,0,-32287,0,0,0,0,0,2990649,0
2834581,7130,-2402,54,-944,-329,565,6038,5,4,0,8,19368,72,33,79,16,0,0,0,0,0,0,0,-32287,0,0,0,0,0,2990654,0
2834586,7098,-2370,110,-973,-334,597,6040,9,2,-1,8,19368,72,33,79,16,0,0,0,0,0,0,0,-32287,0,0,0,0,0,2990669,0
2834591,7118,-2304,250,-996,-329,617,6042,12,10,0,8,19368,77,33,79,16,0,0,0,0,0,0,0,-32287,0,0,0,0,0,2990674,0
2834596,7156,-2196,474,-1026,-276,649,6047,17,10,0,8,19368,77,33,79,16,0,0,0,0,0,0,0,-32287,0,0,0,0,0,2990689,0
2834601,7190,-2126,578,-1014,-247,654,6047,14,11,0,8,19370,80,33,79,16,0,0,0,0,0,0,0,-32288,0,0,0,0,0,2990694,0
2834606,7252,-2084,622,-1011,-210,631,6052,17,6,-1,8,19370,80,33,79,16,0,0,0,0,0,0,0,-32287,0,0,0,0,0,2990709,0
2834611,7334,-2036,642,-1003,-154,619,6057,20,5,0,8,19371,82,33,79,16,0,0,0,0,0,0,0,-32287,0,0,0,0,0,2990714,0
2834616,7426,-1940,586,-994,-49,561,6068,40,20,-1,24,19371,82,33,79,16,0,0,0,0,0,0,0,-32287,0,0,0,0,0,2990729,0
2834621,7484,-1922,546,-951,-20,501,6085,86,39,-6,48,19370,82,33,79,16,0,0,0,0,0,0,0,-32287,0,0,0,0,0,2990734,0
2834626,7554,-1944,484,-871,-7,447,6115,138,78,-5,56,19370,82,33,79,16,0,0,0,0,0,0,0,-32287,0,0,0,0,0,2990749,0
2834631,7518,-2070,386,-853,6,425,6144,130,99,-1,64,19367,83,33,79,16,0,0,0,0,0,0,0,-32287,0,0,0,0,0,2990754,0
2834636,8260,-1396,286,-924,115,286,6180,150,102,-1,72,19367,83,33,79,16,0,0,0,0,0,0,0,-32288,0,0,0,0,0,2990769,0
2834641,7342,-2058,160,-1020,94,281,6214,151,81,2,88,19366,79,33,79,16,0,0,0,0,0,0,0,-32287,0,0,0,0,0,2990774,0
2834646,7690,-2168,68,-977,-16,209,6258,193,65,-1,104,19366,79,33,79,16,0,0,0,0,0,0,0,-32287,0,0,0,0,0,2990789,0
2834651,8028,-2128,306,-947,53,169,6310,230,55,-2,144,19366,70,33,79,16,0,0,0,0,0,0,0,-32287,0,0,0,0,0,2990794,0
2834656,8156,-2026,458,-909,48,45,6368,261,86,-1,192,19366,70,33,79,16,0,0,0,0,0,0,0,-32287,0,0,0,0,0,2990809,0
2834661,8252,-2010,382,-829,97,-27,6433,294,110,0,232,19365,72,33,79,16,0,0,0,0,0,0,0,-32287,0,0,0,0,0,2990814,0
2834666,8198,-2106,260,-818,118,-59,6501,300,106,9,216,19365,72,33,79,16,0,0,0,0,0,0,0,-32287,0,0,0,0,0,2990829,0
2834671,8224,-2050,118,-839,162,-93,6570,311,87,0,240,19365,68,33,79,16,0,0,0,0,0,0,0,-32286,0,0,0,0,0,2990834,0
2834676,7902,-2036,56,-934,280,-134,6640,315,58,3,224,19365,68,33,79,16,0,0,0,0,0,0,0,-32287,0,0,0,0,0,2990849,0
2834681,8070,-1814,-148,-935,294,-196,6711,313,23,-1,240,19365,68,33,79,16,0,0,0,0,0,0,0,-32287,0,0,0,0,0,2990854,0
2834686,7960,-2494,-272,-770,356,-198,6786,333,24,-5,272,19365,68,33,79,16,0,0,0,0,0,0,0,-32287,0,0,0,0,0,2990868,0
2834691,7544,-2114,22,-719,292,-225,6870,360,40,-5,312,19367,65,33,79,16,0,0,0,0,0,0,0,-32287,0,0,0,0,0,2990873,0
2834696,7604,-2254,-16,-646,344,-192,6953,365,51,5,312,19367,65,33,79,16,0,0,0,0,0,0,0,-32287,0,0,0,0,0,2990888,0
2834701,7840,-2232,-22,-673,334,-183,7035,358,48,2,288,19369,69,33,79,16,0,0,0,0,0,0,0,-32287,0,0,0,0,0,2990893,0
2834706,7916,-2224,2,-668,396,-138,7111,337,22,3,264,19369,69,33,79,16,0,0,0,0,0,0,0,-32287,0,0,0,0,0,2990908,0
2834711,7832,-2140,188,-693,374,-157,7190,343,-6,-2,280,19372,77,33,79,16,0,0,0,0,0,0,0,-32287,0,0,0,0,0,2990913,0
2834716,8016,-2252,280,-616,413,-131,7271,349,-19,0,288,19372,77,33,79,16,0,0,0,0,0,0,0,-32288,0,0,0,0,0,2990928,0
2834721,8120,-2324,320,-618,402,-105,7349,340,-12,3,264,19372,84,33,79,16,0,0,0,0,0,0,0,-32287,0,0,0,0,0,2990933,0
2834726,8102,-2288,334,-667,451,-78,7419,307,-15,12,176,19372,84,33,79,16,0,0,0,0,0,0,0,-32287,0,0,0,0,0,2990948,0
2834731,8214,-2344,344,-714,488,-57,7485,286,-34,5,152,19372,82,33,79,16,0,0,0,0,0,0,0,-32287,0,0,0,0,0,2990953,0
2834736,7964,-2394,442,-765,579,-29,7544,252,-70,-6,128,19372,82,33,79,16,0,0,0,0,0,0,0,-32287,0,0,0,0,0,2990968,0
2834741,8106,-2510,278,-757,620,-25,7598,231,-84,-12,128,19369,70,33,79,16,0,0,0,0,0,0,0,-32287,0,0,0,0,0,2990973,0
2834746,8010,-2650,244,-715,654,-19,7653,235,-81,-6,136,19369,70,33,79,16,0,0,0,0,0,0,0,-32287,0,0,0,0,0,2990988,0
2834751,7778,-2646,272,-661,664,-26,7706,234,-52,5,112,19369,75,33,79,16,0,0,0,0,0,0,0,-32287,0,0,0,0,0,2990993,0
2834756,7582,-2822,-8,-615,626,7,7759,240,-26,-2,128,19369,75,33,79,16,0,0,0,0,0,0,0,-32287,0,0,0,0,0,2991008,0
2834761,7380,-2698,-62,-626,597,16,7812,227,-15,2,104,19369,77,33,79,16,0,0,0,0,0,0,0,-32287,0,0,0,0,0,2991013,0
2834766,7340,-2872,-146,-688,583,57,7854,181,-21,1,72,19369,77,33,79,16,0,0,0,0,0,0,0,-32287,0,0,0,0,0,2991028,0
2834771,7238,-2804,-78,-723,512,63,7888,157,-52,-8,56,19367,74,33,79,16,0,0,0,0,0,0,0,-32286,0,0,0,0,0,2991033,0
2834776,7240,-2822,170,-746,431,74,7921,140,-81,-5,64,19367,74,33,79,16,0,0,0,0,0,0,0,-32287,0,0,0,0,0,2991048,0
2834781,7342,-3024,232,-774,448,126,7953,140,-80,-1,40,19369,65,33,79,16,0,0,0,0,0,0,0,-32287,0,0,0,0,0,2991053,0
2834786,7162,-2856,402,-772,399,120,7977,106,-73,5,40,19369,65,33,79,16,0,0,0,0,0,0,0,-32287,0,0,0,0,0,2991068,0
2834791,7450,-2928,352,-698,364,111,8000,104,-54,0,32,19370,68,33,79,16,0,0,0,0,0,0,0,-32286,0,0,0,0,0,2991073,0
2834796,7436,-2618,520,-692,351,124,8015,68,-56,3,16,19370,68,33,79,16,0,0,0,0,0,0,0,-32287,0,0,0,0,0,2991088,0
2834801,7628,-2536,446,-707,352,121,8020,13,-78,6,-8,19372,74,33,79,16,0,0,0,0,0,0,0,-32287,0,0,0,0,0,2991093,0
2834806,7674,-2262,420,-693,367,109,8020,-4,-98,3,-8,19372,74,33,79,16,0,0,0,0,0,0,0,-32287,0,0,0,0,0,2991108,0
2834811,7824,-2278,474,-713,376,104,8018,-10,-97,-1,0,19372,81,33,79,16,0,0,0,0,0,0,0,-32287,0,0,0,0,0,2991113,0
2834816,8032,-2212,520,-762,467,99,8020,-11,-74,0,-8,19372,81,33,79,16,0,0,0,0,0,0,0,-32287,0,0,0,0,0,2991128,0
2834821,8070,-2190,564,-748,514,114,8018,-11,-44,0,-8,19371,82,33,79,16,0,0,0,0,0,0,0,-32287,0,0,0,0,0,2991133,0
2834826,8172,-2224,638,-723,564,114,8019,-7,0,0,0,19371,82,33,79,16,0,0,0,0,0,0,0,-32287,0,0,0,0,0,2991148,0
2834831,8186,-2202,664,-693,618,112,8020,1,5,0,0,19370,79,33,79,16,0,0,0,0,0,0,0,-32287,0,0,0,0,0,2991153,0
2834836,8180,-2264,20,-636,557,91,8020,1,3,1,0,19370,79,33,79,16,0,0,0,0,0,0,0,-32287,0,0,0,0,0,2991168,0
2834841,8112,-2258,-136,-660,520,70,8019,-4,8,0,-8,19366,71,33,79,16,0,0,0,0,0,0,0,-32287,0,0,0,0,0,2991173,0
2834846,8204,-2390,-352,-709,473,54,8018,-11,1,0,-8,19366,71,33,79,16,0,0,0,0,0,0,0,-32287,0,0,0,0,0,2991188,0
2834851,8192,-2682,-502,-746,414,8,8020,-7,-4,1,0,19365,67,33,79,16,0,0,0,0,0,0,0,-32287,0,0,0,0,0,2991192,0
2834856,8316,-3514,-790,-762,291,-18,8016,-12,1,1,-8,19365,67,33,79,16,0,0,0,0,0,0,0,-32287,0,0,0,0,0,2991208,0
2834861,8390,-3788,-800,-746,194,-31,8016,-9,0,1,-8,19366,70,33,79,16,0,0,0,0,0,0,0,-32287,0,0,0,0,0,2991212,0
2834866,8480,-3940,-716,-669,129,-63,8014,-14,-2,2,-16,19366,70,33,79,16,0,0,0,0,0,0,0,-32287,0,0,0,0,0,2991227,0
2834871,8518,-4094,-562,-626,74,-51,8011,-18,-7,0,-16,19367,72,33,79,16,0,0,0,0,0,0,0,-32287,0,0,0,0,0,2991232,0
2834876,8606,-4372,-584,-751,-20,10,8006,-17,-13,0,-8,19367,72,33,79,16,0,0,0,0,0,0,0,-32287,0,0,0,0,0,2991247,0
2834881,8274,-4082,-502,-757,-98,-13,8002,-12,-8,0,-16,19367,71,33,79,16,0,0,0,0,0,0,0,-32287,0,0,0,0,0,2991252,0
2834886,8988,-4270,-344,-456,-209,-78,7998,-10,-8,0,-16,19367,71,33,79,16,0,0,0,0,0,0,0,-32287,0,0,0,0,0,2991267,0
2834891,8966,-3982,68,-281,-262,-81,7989,-31,-10,0,-16,19368,69,33,79,16,0,0,0,0,0,0,0,-32287,0,0,0,0,0,2991272,0
2834896,9166,-3118,328,-724,-218,42,7980,-40,-14,0,-24,19368,69,33,79,16,0,0,0,0,0,0,0,-32287,0,0,0,0,0,2991287,0
2834901,8964,-3214,280,-1148,-127,196,7968,-55,-32,1,-32,19369,70,33,79,16,0,0,0,0,0,0,0,-32287,0,0,0,0,0,2991292,0
2834906,8628,-3230,328,-1604,-54,328,7948,-88,-41,5,-48,19369,70,33,79,16,0,0,0,0,0,0,0,-32287,0,0,0,0,0,2991307,0
2834911,8652,-3344,502,-1778,5,364,7920,-133,-71,4,-56,19372,83,33,79,16,0,0,0,0,0,0,0,-32287,0,0,0,0,0,2991312,0
2834916,8556,-3748,976,-1205,-15,149,7890,-126,-78,-1,-64,19372,83,33,79,16,0,0,0,0,0,0,0,-32287,0,0,0,0,0,2991327,0
2834921,8936,-3842,872,-764,-127,-4,7855,-164,-80,9,-120,19372,82,33,79,16,0,0,0,0,0,0,0,-32287,0,0,0,0,0,2991332,0
2834926,9968,-2466,1274,136,-356,-545,7796,-266,-109,12,-280,19372,82,33,79,16,0,0,0,0,0,0,0,-32288,0,0,0,0,0,2991347,0
2834931,10336,-4030,764,184,-35,-405,7701,-432,-197,29,-576,19370,86,33,79,16,0,0,0,0,0,0,0,-32287,0,0,0,0,0,2991352,0
2834936,10180,-3042,-378,-1016,225,-358,7573,-586,-316,38,-1080,19370,86,33,79,16,0,0,0,0,0,0,0,-32287,0,0,0,0,0,2991367,0
2834941,9010,-3596,-358,-1573,407,-234,7410,-748,-446,11,-1416,19368,76,33,79,16,0,0,0,0,0,0,0,-32287,0,0,0,0,0,2991372,0
2834946,8576,-4848,-344,-1868,525,-150,7203,-924,-528,5,-1800,19368,76,33,79,16,0,0,0,0,0,0,0,-32287,0,0,0,0,0,2991387,0
2834951,8100,-5710,-118,-1828,591,-82,6962,-1076,-563,0,-2120,19367,73,33,79,16,0,0,0,0,0,0,0,-32286,0,0,0,0,0,2991392,0
2834956,7174,-6150,212,-1784,726,169,6687,-1222,-571,0,-2424,19367,73,33,79,16,0,0,0,0,0,0,0,-32287,0,0,0,0,0,2991407,0
2834961,7066,-6112,170,-1867,848,334,6384,-1344,-548,0,-2672,19367,81,33,79,16,0,0,0,0,0,0,0,-32287,0,0,0,0,0,2991412,0
2834966,6642,-5896,362,-1943,915,459,6057,-1447,-496,0,-2888,19367,81,33,79,16,0,0,0,0,0,0,0,-32287,0,0,0,0,0,2991427,0
2834971,6508,-5922,338,-1917,947,577,5710,-1530,-429,-3,-3048,19366,90,33,79,16,0,0,0,0,0,0,0,-32287,0,0,0,0,0,2991432,0
2834976,6228,-5432,378,-1775,927,758,5347,-1604,-366,-5,-3184,19366,90,33,79,16,0,0,0,0,0,0,0,-32287,0,0,0,0,0,2991447,0
2834981,6298,-4934,436,-1797,932,823,4973,-1657,-306,-7,-3280,19366,89,33,79,16,0,0,0,0,0,0,0,-32287,0,0,0,0,0,2991452,0
2834986,6192,-4668,556,-1832,980,883,4586,-1695,-253,-12,-3320,19366,89,33,79,16,0,0,0,0,0,0,0,-32287,0,0,0,0,0,2991467,0
2834991,6196,-4360,640,-1843,947,876,4194,-1727,-203,-16,-3352,19366,86,33,79,16,0,0,0,0,0,0,0,-32287,0,0,0,0,0,2991472,0
2834996,6428,-4046,968,-1625,888,843,3799,-1727,-152,-20,-3320,19366,86,33,79,16,0,0,0,0,0,0,0,-32287,0,0,0,0,0,2991486,0
2835001,6752,-3796,1046,-1477,814,758,3412,-1706,-81,-13,-3272,19365,82,33,79,16,0,0,0,0,0,0,0,-32287,0,0,0,0,0,2991491,0
2835006,7166,-3670,1058,-1374,773,710,3027,-1680,-23,-4,-3208,19365,82,33,79,16,0,0,0,0,0,0,0,-32287,0,0,0,0,0,2991506,0
2835011,7348,-3438,1090,-1333,694,653,2650,-1653,39,-4,-3168,19365,83,33,79,16,0,0,0,0,0,0,0,-32287,0,0,0,0,0,2991511,0
2835016,8262,-3410,1190,-1297,671,533,2285,-1605,82,0,-3080,19365,83,33,79,16,0,0,0,0,0,0,0,-32287,0,0,0,0,0,2991526,0
2835021,8550,-3290,1658,-1222,755,481,1927,-1567,107,4,-3008,19367,86,33,79,16,0,0,0,0,0,0,0,-32287,0,0,0,0,0,2991531,0
2835026,8786,-3426,1794,-1172,827,422,1574,-1547,124,5,-2968,19367,86,33,79,16,0,0,0,0,0,0,0,-32287,0,0,0,0,0,2991546,0
2835031,8982,-3658,1694,-1103,879,382,1226,-1524,115,-5,-2904,19367,84,33,79,16,0,0,0,0,0,0,0,-32288,0,0,0,0,0,2991551,0
2835036,9164,-3462,1544,-995,1011,312,885,-1504,96,-8,-2848,19367,84,33,79,16,0,0,0,0,0,0,0,-32287,0,0,0,0,0,2991566,0
2835041,9176,-3428,1414,-1010,1068,289,547,-1489,78,-11,-2800,19367,81,33,79,16,0,0,0,0,0,0,0,-32287,0,0,0,0,0,2991571,0
2835046,9030,-3338,1320,-1077,1177,319,216,-1456,78,-7,-2696,19367,81,33,79,16,0,0,0,0,0,0,0,-32287,0,0,0,0,0,2991586,0
2835051,8628,-3068,1242,-1356,1334,392,-103,-1401,90,-11,-2568,19367,78,33,79,16,0,0,0,0,0,0,0,-32287,0,0,0,0,0,2991591,0
2835056,8466,-3654,1018,-1377,1283,369,-409,-1339,125,-11,-2408,19367,78,33,79,16,0,0,0,0,0,0,0,-32287,0,0,0,0,0,2991606,0
2835061,7892,-3354,944,-1304,1203,366,-696,-1249,168,-15,-2216,19367,72,33,79,16,0,0,0,0,0,0,0,-32287,0,0,0,0,0,2991611,0
2835066,8070,-2954,1058,-1308,1189,359,-963,-1164,218,-10,-2032,19367,72,33,79,16,0,0,0,0,0,0,0,-32287,0,0,0,0,0,2991626,0
2835071,7950,-2630,1048,-1332,1180,315,-1207,-1068,273,-3,-1800,19366,70,33,79,16,0,0,0,0,0,0,0,-32287,0,0,0,0,0,2991631,0
2835076,7782,-2370,952,-1334,1002,175,-1430,-971,304,-1,-1592,19366,70,33,79,16,0,0,0,0,0,0,0,-32287,0,0,0,0,0,2991646,0
2835081,7834,-2168,950,-1238,958,82,-1628,-865,332,-6,-1368,19365,73,33,79,16,0,0,0,0,0,0,0,-32287,0,0,0,0,0,2991651,0
2835086,7744,-1836,936,-1173,897,-56,-1809,-789,334,5,-1224,19365,73,33,79,16,0,0,0,0,0,0,0,-32287,0,0,0,0,0,2991666,0
2835091,7630,-1716,942,-1241,902,-149,-1942,-716,318,1,-1064,19365,79,33,79,16,0,0,0,0,0,0,0,-32287,0,0,0,0,0,2991671,0
2835096,7296,-1882,754,-1487,952,-254,-2093,-661,295,6,-952,19365,79,33,79,16,0,0,0,0,0,0,0,-32287,0,0,0,0,0,2991686,0
2835101,7104,-2336,660,-1670,989,-260,-2236,-617,249,3,-864,19366,80,33,79,16,0,0,0,0,0,0,0,-32286,0,0,0,0,0,2991691,0
2835106,6950,-2524,840,-1705,1052,-292,-2367,-570,209,-3,-720,19366,80,33,79,16,0,0,0,0,0,0,0,-32287,0,0,0,0,0,2991706,0
2835111,6592,-2956,940,-1737,1102,-297,-2485,-522,190,5,-624,19367,81,33,79,16,0,0,0,0,0,0,0,-32287,0,0,0,0,0,2991711,0
2835116,6668,-3438,694,-1402,981,-390,-2596,-488,168,12,-552,19367,81,33,79,16,0,0,0,0,0,0,0,-32287,0,0,0,0,0,2991726,0
2835121,6326,-3148,372,-1346,909,-400,-2702,-467,143,9,-528,19368,79,33,79,16,0,0,0,0,0,0,0,-32287,0,0,0,0,0,2991731,0
2835126,6512,-2776,216,-1517,924,-367,-2804,-443,112,6,-480,19368,79,33,79,16,0,0,0,0,0,0,0,-32288,0,0,0,0,0,2991746,0
2835131,6690,-2524,160,-1737,1042,-318,-2900,-426,92,5,-464,19370,76,33,79,16,0,0,0,0,0,0,0,-32288,0,0,0,0,0,2991751,0
2835136,6280,-3050,446,-2084,1177,-249,-2995,-414,73,-3,-416,19370,76,33,79,16,0,0,0,0,0,0,0,-32287,0,0,0,0,0,2991766,0
2835141,6304,-3648,310,-2036,1080,-232,-3084,-395,54,-4,-400,19370,73,33,79,16,0,0,0,0,0,0,0,-32287,0,0,0,0,0,2991771,0
2835146,6436,-3662,374,-1920,1047,-204,-3175,-396,46,-3,-400,19370,73,33,79,16,0,0,0,0,0,0,0,-32287,0,0,0,0,0,2991786,0
2835151,6610,-3364,578,-1837,1022,-222,-3259,-367,42,-12,-320,19369,74,33,79,16,0,0,0,0,0,0,0,-32287,0,0,0,0,0,2991791,0
2835156,6806,-3034,864,-1912,1089,-190,-3338,-349,48,-11,-272,19369,74,33,79,16,0,0,0,0,0,0,0,-32287,0,0,0,0,0,2991806,0
2835161,6926,-3022,898,-1950,1140,-178,-3410,-319,67,-7,-224,19366,73,33,79,16,0,0,0,0,0,0,0,-32287,0,0,0,0,0,2991811,0
2835166,7024,-3018,960,-1932,1173,-189,-3479,-306,75,1,-216,19366,73,33,79,16,0,0,0,0,0,0,0,-32287,0,0,0,0,0,2991826,0
2835171,7154,-3088,984,-1876,1217,-173,-3545,-290,78,0,-200,19368,71,33,79,16,0,0,0,0,0,0,0,-32287,0,0,0,0,0,2991831,0
2835176,7114,-2524,990,-1849,1248,-227,-3612,-293,50,1,-192,19368,71,33,79,16,0,0,0,0,0,0,0,-32287,0,0,0,0,0,2991846,0
2835181,7274,-2322,870,-1886,1304,-259,-3674,-270,40,-11,-144,19366,71,33,79,16,0,0,0,0,0,0,0,-32287,0,0,0,0,0,2991851,0
2835186,7282,-2272,770,-1926,1358,-275,-3728,-232,52,4,-104,19366,71,33,79,16,0,0,0,0,0,0,0,-32287,0,0,0,0,0,2991866,0
2835191,7224,-2300,724,-1969,1365,-286,-3773,-200,75,3,-96,19366,73,33,79,16,0,0,0,0,0,0,0,-32287,0,0,0,0,0,2991871,0
2835196,7852,-2642,506,-1476,1108,-533,-3813,-176,98,8,-104,19366,73,33,79,16,0,0,0,0,0,0,0,-32287,0,0,0,0,0,2991886,0
2835201,7040,-1966,338,-1645,1046,-514,-3859,-209,101,7,-120,19368,66,33,79,16,0,0,0,0,0,0,0,-32287,0,0,0,0,0,2991891,0
2835206,7592,-2000,408,-1911,1153,-488,-3915,-250,40,-3,-168,19368,66,33,79,16,0,0,0,0,0,0,0,-32287,0,0,0,0,0,2991906,0
2835211,7176,-1898,728,-2185,1370,-447,-3977,-276,-33,0,-208,19370,63,33,79,16,0,0,0,0,0,0,0,-32287,0,0,0,0,0,2991910,0
2835216,6692,-2760,820,-2400,1503,-390,-4046,-310,-114,-2,-256,19370,63,33,79,16,0,0,0,0,0,0,0,-32287,0,0,0,0,0,2991925,0
2835221,6568,-2958,830,-2330,1535,-406,-4116,-310,-116,-5,-224,19372,61,33,79,16,0,0,0,0,0,0,0,-32287,0,0,0,0,0,2991930,0
2835226,6408,-3134,772,-2210,1557,-409,-4183,-296,-70,-10,-176,19372,61,33,79,16,0,0,0,0,0,0,0,-32287,0,0,0,0,0,2991945,0
2835231,6220,-2986,758,-2159,1553,-416,-4242,-262,-15,1,-136,19374,77,33,79,16,0,0,0,0,0,0,0,-32287,0,0,0,0,0,2991950,0
2835236,6322,-2946,496,-2186,1542,-404,-4294,-229,38,12,-120,19374,77,33,79,16,0,0,0,0,0,0,0,-32287,0,0,0,0,0,2991965,0
2835241,6190,-2964,462,-2229,1509,-394,-4345,-214,76,7,-120,19373,85,33,79,16,0,0,0,0,0,0,0,-32286,0,0,0,0,0,2991970,0
2835246,6400,-2956,402,-2226,1499,-408,-4392,-201,74,0,-88,19373,85,33,79,16,0,0,0,0,0,0,0,-32287,0,0,0,0,0,2991988,0
2835251,6342,-3046,456,-2186,1441,-384,-4430,-170,70,0,-72,19370,85,33,79,16,0,0,0,0,0,0,0,-32287,0,0,0,0,0,2991993,0
2835256,6456,-3010,520,-2150,1328,-388,-4460,-116,81,4,-48,19370,85,33,79,16,0,0,0,0,0,0,0,-32287,0,0,0,0,0,2992008,0
2835261,6402,-2950,560,-2173,1289,-372,-4487,-113,96,6,-48,19366,80,33,79,16,0,0,0,0,0,0,0,-32287,0,0,0,0,0,2992013,0
2835266,6590,-2774,568,-2157,1226,-420,-4505,-75,97,-5,-24,19366,80,33,79,16,0,0,0,0,0,0,0,-32287,0,0,0,0,0,2992028,0
2835271,6782,-2776,620,-2083,1205,-431,-4507,4,113,-8,8,19366,86,33,79,16,0,0,0,0,0,0,0,-32287,0,0,0,0,0,2992033,0
2835276,6728,-2680,670,-2109,1136,-434,-4502,25,142,-2,8,19366,86,33,79,16,0,0,0,0,0,0,0,-32287,0,0,0,0,0,2992048,0
2835281,6776,-2608,626,-2127,1126,-433,-4499,10,129,2,-8,19368,87,33,79,16,0,0,0,0,0,0,0,-32287,0,0,0,0,0,2992053,0
2835286,6752,-2486,622,-2110,1085,-472,-4500,2,94,0,0,19368,87,33,79,16,0,0,0,0,0,0,0,-32287,0,0,0,0,0,2992068,0
2835291,6896,-2586,608,-2081,1065,-483,-4499,-1,32,0,-8,19367,86,33,79,16,0,0,0,0,0,0,0,-32287,0,0,0,0,0,2992073,0
2835296,6832,-2448,644,-2091,1018,-506,-4499,0,-16,0,0,19367,86,33,79,16,0,0,0,0,0,0,0,-32287,0,0,0,0,0,2992088,0
2835301,6874,-2346,744,-2110,1029,-516,-4501,-8,-13,0,0,19367,81,33,79,16,0,0,0,0,0,0,0,-32287,0,0,0,0,0,2992093,0
2835306,6840,-2298,762,-2111,1044,-518,-4500,0,-5,1,0,19367,81,33,79,16,0,0,0,0,0,0,0,-32287,0,0,0,0,0,2992108,0
2835311,6882,-2246,784,-2097,1023,-527,-4499,2,-2,0,0,19367,73,33,79,16,0,0,0,0,0,0,0,-32287,0,0,0,0,0,2992113,0
2835316,7062,-2188,1028,-2066,1041,-531,-4500,-3,5,0,0,19367,73,33,79,16,0,0,0,0,0,0,0,-32287,0,0,0,0,0,2992128,0
2835321,7134,-2138,1222,-2076,1123,-509,-4500,0,5,0,0,19367,72,33,79,16,0,0,0,0,0,0,0,-32287,0,0,0,0,0,2992133,0
2835326,7160,-1930,1406,-2125,1244,-480,-4498,0,0,0,8,19367,72,33,79,16,0,0,0,0,0,0,0,-32287,0,0,0,0,0,2992148,0
2835331,6820,-1894,1160,-2229,1245,-468,-4498,5,1,0,0,19367,73,33,79,16,0,0,0,0,0,0,0,-32287,0,0,0,0,0,2992153,0
2835336,6978,-1932,1142,-2236,1267,-429,-4497,2,1,0,0,19367,73,33,79,16,0,0,0,0,0,0,0,-32287,0,0,0,0,0,2992168,0
2835341,6756,-1808,1208,-2233,1366,-396,-4494,8,3,0,8,19368,69,33,79,16,0,0,0,0,0,0,0,-32287,0,0,0,0,0,2992173,0
2835346,6640,-1872,1236,-2487,1491,-289,-4490,14,11,-1,8,19368,69,33,79,16,0,0,0,0,0,0,0,-32287,0,0,0,0,0,2992188,0
2835351,6570,-1980,1234,-2741,1561,-204,-4485,26,15,0,8,19370,68,33,79,16,0,0,0,0,0,0,0,-32287,0,0,0,0,0,2992193,0
2835356,5964,-3034,1368,-2777,1646,-29,-4476,41,24,1,16,19370,68,33,79,16,0,0,0,0,0,0,0,-32287,0,0,0,0,0,2992208,0
2835361,6098,-3454,1642,-2780,1888,162,-4465,60,30,-1,32,19371,76,33,79,16,0,0,0,0,0,0,0,-32287,0,0,0,0,0,2992213,0
2835366,5930,-2314,2134,-2799,2029,130,-4441,109,54,-9,80,19371,76,33,79,16,0,0,0,0,0,0,0,-32287,0,0,0,0,0,2992228,0
2835371,6404,-2498,1940,-2737,2169,129,-4392,225,115,-11,176,19369,77,33,79,16,0,0,0,0,0,0,0,-32287,0,0,0,0,0,2992232,0
2835376,6780,-2582,988,-2423,1840,1,-4320,331,202,-5,352,19369,77,33,79,16,0,0,0,0,0,0,0,-32287,0,0,0,0,0,2992247,0
2835381,6970,-2232,912,-2194,1755,-86,-4227,424,288,-14,544,19368,72,33,79,16,0,0,0,0,0,0,0,-32287,0,0,0,0,0,2992252,0
2835386,7158,-1668,762,-2089,1588,-186,-4111,513,333,-22,800,19368,72,33,79,16,0,0,0,0,0,0,0,-32287,0,0,0,0,0,2992267,0
2835391,7322,-1438,564,-2101,1420,-273,-3973,611,353,7,1016,19369,73,33,79,16,0,0,0,0,0,0,0,-32287,0,0,0,0,0,2992272,0
2835396,7548,-1412,346,-2329,1123,-366,-3820,675,330,21,1104,19369,73,33,79,16,0,0,0,0,0,0,0,-32287,0,0,0,0,0,2992287,0
2835401,7556,-1596,534,-2372,1010,-441,-3655,734,289,3,1240,19370,70,33,79,16,0,0,0,0,0,0,0,-32287,0,0,0,0,0,2992292,0
2835406,7752,-1952,690,-2334,929,-484,-3478,785,255,5,1320,19370,70,33,79,16,0,0,0,0,0,0,0,-32287,0,0,0,0,0,2992307,0
2835411,7394,-2020,1022,-2350,828,-554,-3292,819,211,8,1384,19370,76,33,79,16,0,0,0,0,0,0,0,-32287,0,0,0,0,0,2992312,0
2835416,7652,-2188,1208,-2355,815,-657,-3098,858,175,1,1464,19370,76,33,79,16,0,0,0,0,0,0,0,-32287,0,0,0,0,0,2992327,0
2835421,7396,-2236,1460,-2388,806,-718,-2901,872,145,-2,1504,19369,76,33,79,16,0,0,0,0,0,0,0,-32287,0,0,0,0,0,2992332,0
2835426,6814,-3274,1132,-2365,708,-742,-2700,883,105,0,1520,19369,76,33,79,16,0,0,0,0,0,0,0,-32287,0,0,0,0,0,2992347,0
2835431,7962,-2860,2290,-2213,924,-794,-2496,886,75,5,1512,19369,77,33,79,16,0,0,0,0,0,0,0,-32287,0,0,0,0,0,2992352,0
2835436,7408,-3172,1726,-2354,922,-832,-2297,874,45,3,1496,19369,77,33,79,16,0,0,0,0,0,0,0,-32287,0,0,0,0,0,2992367,0
2835441,7898,-4298,2006,-2457,957,-760,-2096,877,18,2,1488,19370,80,33,79,16,0,0,0,0,0,0,0,-32287,0,0,0,0,0,2992372,0
2835446,7012,-3864,2100,-2390,1021,-780,-1900,858,-7,6,1448,19370,80,33,79,16,0,0,0,0,0,0,0,-32287,0,0,0,0,0,2992387,0
2835451,7056,-3950,1372,-2406,897,-764,-1705,856,-21,8,1416,19369,82,33,79,16,0,0,0,0,0,0,0,-32287,0,0,0,0,0,2992392,0
2835456,6838,-3994,1952,-2302,865,-742,-1516,828,-37,7,1344,19369,82,33,79,16,0,0,0,0,0,0,0,-32287,0,0,0,0,0,2992407,0
2835461,7374,-4372,2026,-2236,823,-762,-1332,807,-53,2,1304,19369,85,33,79,16,0,0,0,0,0,0,0,-32286,0,0,0,0,0,2992412,0
2835466,7234,-4520,2502,-2109,923,-723,-1157,762,-74,7,1176,19369,85,33,79,16,0,0,0,0,0,0,0,-32287,0,0,0,0,0,2992427,0
2835471,6758,-4762,2362,-2044,726,-692,-994,711,-97,13,1056,19366,73,33,79,16,0,0,0,0,0,0,0,-32287,0,0,0,0,0,2992432,0
2835476,6750,-5000,2116,-1938,564,-567,-838,681,-128,1,984,19366,73,33,79,16,0,0,0,0,0,0,0,-32287,0,0,0,0,0,2992447,0
2835481,6604,-4972,2084,-1960,490,-504,-696,614,-148,4,824,19365,72,33,79,16,0,0,0,0,0,0,0,-32287,0,0,0,0,0,2992452,0
2835486,6680,-4966,1948,-1974,396,-445,-568,557,-168,0,672,19365,72,33,79,16,0,0,0,0,0,0,0,-32287,0,0,0,0,0,2992467,0
2835491,6722,-4964,1866,-2025,323,-387,-450,508,-182,-6,552,19365,69,33,79,16,0,0,0,0,0,0,0,-32287,0,0,0,0,0,2992472,0
2835496,6872,-5086,1840,-1994,168,-254,-347,449,-189,1,392,19365,69,33,79,16,0,0,0,0,0,0,0,-32287,0,0,0,0,0,2992487,0
2835501,6876,-4882,1976,-1949,56,-226,-261,370,-204,4,256,19366,72,33,79,16,0,0,0,0,0,0,0,-32287,0,0,0,0,0,2992492,0
2835506,7246,-5076,2012,-1873,0,-158,-189,308,-212,6,176,19366,72,33,79,16,0,0,0,0,0,0,0,-32287,0,0,0,0,0,2992507,0
2835511,7196,-4904,2246,-1824,-104,-102,-134,239,-225,-6,88,19368,68,33,79,16,0,0,0,0,0,0,0,-32287,0,0,0,0,0,2992512,0
2835516,7682,-4772,2350,-1758,-241,-8,-91,173,-232,-15,56,19368,68,33,79,16,0,0,0,0,0,0,0,-32287,0,0,0,0,0,2992527,0
2835521,7816,-4656,2466,-1788,-284,38,-60,136,-225,-13,48,19368,65,33,79,16,0,0,0,0,0,0,0,-32287,0,0,0,0,0,2992532,0
2835526,7980,-4668,2544,-1812,-281,96,-42,75,-205,1,8,19368,65,33,79,16,0,0,0,0,0,0,0,-32287,0,0,0,0,0,2992547,0
2835531,8008,-4562,2612,-1858,-247,148,-41,1,-204,9,-16,19369,73,33,79,16,0,0,0,0,0,0,0,-32287,0,0,0,0,0,2992552,0
2835536,8322,-4538,2738,-1702,-124,102,-48,-39,-203,6,-16,19369,73,33,79,16,0,0,0,0,0,0,0,-32288,0,0,0,0,0,2992567,0
2835541,8612,-4614,2710,-1593,-79,100,-55,-26,-173,0,-16,19372,80,33,79,16,0,0,0,0,0,0,0,-32287,0,0,0,0,0,2992572,0
2835546,8622,-4434,2692,-1513,-3,62,-56,-1,-113,-4,0,19372,80,33,79,16,0,0,0,0,0,0,0,-32287,0,0,0,0,0,2992587,0
2835551,8716,-4692,2558,-1564,88,100,-55,12,-31,-4,0,19371,77,33,79,16,0,0,0,0,0,0,0,-32287,0,0,0,0,0,2992592,0
2835556,9076,-5288,2498,-1639,271,136,-53,2,23,0,-8,19371,77,33,79,16,0,0,0,0,0,0,0,-32288,0,0,0,0,0,2992607,0
2835561,9172,-5422,2530,-1560,342,104,-54,0,30,0,-8,19372,75,33,79,16,0,0,0,0,0,0,0,-32288,0,0,0,0,0,2992612,0
2835566,9290,-5730,2400,-1405,411,81,-54,-1,14,-2,-8,19372,75,33,79,16,0,0,0,0,0,0,0,-32288,0,0,0,0,0,2992626,0
2835571,9460,-5836,2164,-1240,461,67,-53,-1,-5,-1,0,19369,77,33,79,16,0,0,0,0,0,0,0,-32287,0,0,0,0,0,2992631,0
2835576,8964,-6420,1702,-1071,561,92,-54,0,-5,-2,0,19369,77,33,79,16,0,0,0,0,0,0,0,-32287,0,0,0,0,0,2992646,0
2835581,9500,-6422,1080,-987,569,101,-52,1,1,-2,0,19368,79,33,79,16,0,0,0,0,0,0,0,-32287,0,0,0,0,0,2992651,0
2835586,9496,-5844,958,-823,680,73,-52,0,2,1,0,19368,79,33,79,16,0,0,0,0,0,0,0,-32287,0,0,0,0,0,2992666,0
2835591,9474,-5502,898,-719,755,15,-52,-5,3,2,-8,19366,78,33,79,16,0,0,0,0,0,0,0,-32287,0,0,0,0,0,2992671,0
2835596,9296,-5048,312,-615,831,-69,-53,-9,1,0,-8,19366,78,33,79,16,0,0,0,0,0,0,0,-32287,0,0,0,0,0,2992686,0
2835601,9118,-4796,268,-603,906,-93,-53,-9,-2,0,-16,19369,77,33,79,16,0,0,0,0,0,0,0,-32287,0,0,0,0,0,2992691,0
2835606,8816,-4586,224,-642,965,-96,-54,-2,-8,-1,-8,19369,77,33,79,16,0,0,0,0,0,0,0,-32287,0,0,0,0,0,2992706,0
2835611,8488,-4448,190,-741,1057,-74,-54,1,0,-3,-8,19375,83,33,79,16,0,0,0,0,0,0,0,-32287,0,0,0,0,0,2992711,0
2835616,7636,-4242,168,-844,1159,-47,-55,1,-1,-2,0,19375,83,33,79,16,0,0,0,0,0,0,0,-32287,0,0,0,0,0,2992726,0
2835621,7180,-4102,180,-850,1165,-30,-54,5,7,-1,-8,19377,83,33,79,16,0,0,0,0,0,0,0,-32287,0,0,0,0,0,2992731,0
2835626,6888,-4026,150,-774,1149,-32,-54,0,5,-1,0,19377,83,33,79,16,0,0,0,0,0,0,0,-32287,0,0,0,0,0,2992746,0
2835631,6478,-3830,118,-718,1102,-20,-55,3,0,0,-8,19376,84,33,79,16,0,0,0,0,0,0,0,-32287,0,0,0,0,0,2992751,0
2835636,6058,-3344,34,-784,959,42,-54,3,-2,0,0,19376,84,33,79,16,0,0,0,0,0,0,0,-32287,0,0,0,0,0,2992766,0
2835641,5874,-3190,102,-910,887,82,-55,1,-5,0,0,19375,77,33,79,16,0,0,0,0,0,0,0,-32287,0,0,0,0,0,2992771,0
2835646,5748,-3156,92,-1047,815,134,-55,4,4,-1,0,19375,77,33,79,16,0,0,0,0,0,0,0,-32287,0,0,0,0,0,2992786,0
2835651,5646,-3150,192,-1168,721,171,-54,1,0,-2,-8,19374,73,33,79,16,0,0,0,0,0,0,0,-32287,0,0,0,0,0,2992791,0
2835656,5616,-3068,332,-1192,488,197,-54,4,-4,-1,-8,19374,73,33,79,16,0,0,0,0,0,0,0,-32287,0,0,0,0,0,2992806,0
2835661,5708,-2970,316,-1199,337,195,-56,-2,-3,-2,0,19374,75,33,79,16,0,0,0,0,0,0,0,-32287,0,0,0,0,0,2992811,0
2835666,5822,-2780,268,-1270,217,195,-55,1,-3,-2,-8,19374,75,33,79,16,0,0,0,0,0,0,0,-32287,0,0,0,0,0,2992825,0
2835671,5882,-2626,262,-1414,120,223,-56,-5,-2,-1,0,19368,79,33,79,16,0,0,0,0,0,0,0,-32287,0,0,0,0,0,2992830,0
2835676,5854,-2704,414,-1873,84,316,-54,-1,4,-2,0,19368,79,33,79,16,0,0,0,0,0,0,0,-32287,0,0,0,0,0,2992845,0
2835681,6000,-2918,586,-1959,95,302,-51,13,4,-2,0,19366,78,33,79,16,0,0,0,0,0,0,0,-32287,0,0,0,0,0,2992850,0
2835686,5958,-3214,734,-1918,60,287,-50,2,8,0,0,19366,78,33,79,16,0,0,0,0,0,0,0,-32287,0,0,0,0,0,2992865,0
2835691,6052,-3350,622,-1835,-24,258,-52,0,2,0,-8,19366,76,33,79,16,0,0,0,0,0,0,0,-32287,0,0,0,0,0,2992870,0
2835696,6246,-3224,418,-1788,-20,208,-51,0,-3,0,0,19366,76,33,79,16,0,0,0,0,0,0,0,-32287,0,0,0,0,0,2992885,0
2835701,6242,-3254,330,-1833,11,206,-49,7,-6,-2,-8,19368,63,33,79,16,0,0,0,0,0,0,0,-32287,0,0,0,0,0,2992890,0
2835706,6238,-3418,198,-1880,42,214,-50,7,3,-3,0,19368,63,33,79,16,0,0,0,0,0,0,0,-32287,0,0,0,0,0,2992905,0
2835711,6252,-3658,136,-1874,75,207,-49,8,4,-2,0,19368,62,33,79,16,0,0,0,0,0,0,0,-32287,0,0,0,0,0,2992910,0
2835716,6442,-4096,98,-1712,155,215,-49,4,-2,0,-8,19368,62,33,79,16,0,0,0,0,0,0,0,-32287,0,0,0,0,0,2992925,0
2835721,6526,-4228,26,-1651,201,208,-50,0,3,0,0,19369,63,33,79,16,0,0,0,0,0,0,0,-32287,0,0,0,0,0,2992930,0
2835726,6732,-4212,-116,-1622,244,223,-50,-6,-2,-1,0,19369,63,33,79,16,0,0,0,0,0,0,0,-32287,0,0,0,0,0,2992945,0
2835731,6812,-4306,-254,-1614,285,236,-49,0,-2,-1,-8,19368,62,33,79,16,0,0,0,0,0,0,0,-32287,0,0,0,0,0,2992950,0
2835736,7072,-4582,-618,-1571,279,257,-48,5,-2,-1,0,19368,62,33,79,16,0,0,0,0,0,0,0,-32287,0,0,0,0,0,2992965,0
2835741,7194,-4708,-770,-1517,252,268,-49,3,0,0,0,19367,67,33,79,16,0,0,0,0,0,0,0,-32287,0,0,0,0,0,2992970,0
2835746,7234,-4772,-862,-1480,200,277,-50,-2,-1,-1,0,19367,67,33,79,16,0,0,0,0,0,0,0,-32287,0,0,0,0,0,2992985,0
2835751,7318,-4802,-932,-1451,150,297,-48,9,1,-1,-8,19369,82,33,79,16,0,0,0,0,0,0,0,-32287,0,0,0,0,0,2992990,0
2835756,7366,-4722,-934,-1423,56,331,-50,-6,-2,0,0,19369,82,33,79,16,0,0,0,0,0,0,0,-32287,0,0,0,0,0,2993005,0
2835761,7364,-4688,-840,-1403,35,353,-49,2,-1,-1,-8,19369,84,33,79,16,0,0,0,0,0,0,0,-32287,0,0,0,0,0,2993010,0
2835766,7270,-4654,-712,-1385,17,356,-51,0,-6,0,-8,19369,84,33,79,16,0,0,0,0,0,0,0,-32287,0,0,0,0,0,2993025,0
2835771,7256,-4678,-612,-1358,31,369,-51,-2,1,-2,-8,19369,90,33,79,16,0,0,0,0,0,0,0,-32287,0,0,0,0,0,2993030,0
2835776,7130,-4846,-372,-1277,103,378,-50,1,-4,-1,-8,19369,90,33,79,16,0,0,0,0,0,0,0,-32287,0,0,0,0,0,2993045,0
2835781,6968,-4918,-240,-1235,129,382,-51,0,3,-1,-8,19367,78,33,79,16,0,0,0,0,0,0,0,-32287,0,0,0,0,0,2993050,0
2835786,6940,-5048,-156,-1164,154,388,-51,0,0,0,-8,19367,78,33,79,16,0,0,0,0,0,0,0,-32287,0,0,0,0,0,2993065,0
2835791,6832,-5128,-96,-1087,190,400,-51,-5,0,1,0,19367,76,33,79,16,0,0,0,0,0,0,0,-32287,0,0,0,0,0,2993070,0
2835796,6662,-5232,-40,-963,227,404,-49,3,0,0,0,19367,76,33,79,16,0,0,0,0,0,0,0,-32287,0,0,0,0,0,2993085,0
2835801,6490,-5224,-58,-910,236,412,-51,2,-1,0,-8,19368,71,33,79,16,0,0,0,0,0,0,0,-32287,0,0,0,0,0,2993090,0
2835806,6412,-5264,-90,-844,244,425,-51,-1,2,-1,0,19368,71,33,79,16,0,0,0,0,0,0,0,-32288,0,0,0,0,0,2993105,0
2835811,6274,-5210,-140,-781,227,436,-51,0,-2,-1,0,19367,69,33,79,16,0,0,0,0,0,0,0,-32287,0,0,0,0,0,2993110,0
2835816,6098,-5164,-334,-673,173,442,-50,1,3,-1,0,19367,69,33,79,16,0,0,0,0,0,0,0,-32288,0,0,0,0,0,2993125,0
2835821,5986,-5056,-390,-626,113,446,-50,2,0,0,-8,19366,66,33,79,16,0,0,0,0,0,0,0,-32287,0,0,0,0,0,2993130,0
2835826,5952,-4944,-476,-572,24,454,-51,-5,2,0,-8,19366,66,33,79,16,0,0,0,0,0,0,0,-32287,0,0,0,0,0,2993145,0
2835831,6066,-4822,-586,-536,-58,473,-51,0,-3,-1,-8,19366,69,33,79,16,0,0,0,0,0,0,0,-32287,0,0,0,0,0,2993150,0
2835836,6122,-4458,-592,-512,-271,472,-51,-1,-4,0,-8,19366,69,33,79,16,0,0,0,0,0,0,0,-32287,0,0,0,0,0,2993164,0
2835841,6334,-4272,-602,-499,-348,486,-52,-6,1,0,0,19367,69,33,79,16,0,0,0,0,0,0,0,-32287,0,0,0,0,0,2993169,0
2835846,6420,-4062,-526,-501,-444,477,-51,-2,0,0,-8,19367,69,33,79,16,0,0,0,0,0,0,0,-32287,0,0,0,0,0,2993184,0
2835851,6606,-3890,-414,-516,-538,455,-52,2,2,-2,-8,19369,65,33,79,16,0,0,0,0,0,0,0,-32288,0,0,0,0,0,2993189,0
2835856,7146,-3584,-138,-507,-577,462,-53,-2,-1,-2,-8,19369,65,33,79,16,0,0,0,0,0,0,0,-32287,0,0,0,0,0,2993204,0
2835861,7426,-3438,50,-546,-591,441,-54,-4,-2,0,0,19369,63,33,79,16,0,0,0,0,0,0,0,-32287,0,0,0,0,0,2993209,0
2835866,7754,-3374,144,-588,-543,458,-54,-4,0,-1,-8,19369,63,33,79,16,0,0,0,0,0,0,0,-32287,0,0,0,0,0,2993224,0
2835871,7900,-3290,318,-629,-481,443,-53,-1,4,-1,0,19369,67,33,79,16,0,0,0,0,0,0,0,-32287,0,0,0,0,0,2993229,0
2835876,8228,-3452,426,-614,-350,404,-53,8,3,0,-8,19369,67,33,79,16,0,0,0,0,0,0,0,-32287,0,0,0,0,0,2993244,0
2835881,8202,-3358,430,-620,-290,405,-55,0,3,0,-8,19368,71,33,79,16,0,0,0,0,0,0,0,-32287,0,0,0,0,0,2993249,0
2835886,8246,-3332,386,-668,-199,402,-54,1,1,0,0,19368,71,33,79,16,0,0,0,0,0,0,0,-32287,0,0,0,0,0,2993264,0
2835891,8180,-3420,360,-737,-97,404,-54,4,1,0,-8,19369,77,33,79,16,0,0,0,0,0,0,0,-32287,0,0,0,0,0,2993269,0
2835896,8006,-3750,196,-697,12,372,-54,0,4,0,-8,19369,77,33,79,16,0,0,0,0,0,0,0,-32287,0,0,0,0,0,2993284,0
2835901,7846,-3774,128,-638,17,356,-54,2,-2,0,-8,19369,79,33,79,16,0,0,0,0,0,0,0,-32287,0,0,0,0,0,2993289,0
2835906,7726,-3674,68,-601,31,337,-56,-12,-6,-2,-8,19369,79,33,79,16,0,0,0,0,0,0,0,-32287,0,0,0,0,0,2993304,0
2835911,7572,-3644,10,-644,71,342,-55,0,1,-1,-8,19369,80,33,79,16,0,0,0,0,0,0,0,-32287,0,0,0,0,0,2993309,0
2835916,7332,-3660,-46,-720,140,355,-55,-6,-2,-1,-8,19369,80,33,79,16,0,0,0,0,0,0,0,-32287,0,0,0,0,0,2993324,0
2835921,7202,-3728,-52,-702,130,345,-55,1,2,-1,0,19368,77,33,79,16,0,0,0,0,0,0,0,-32287,0,0,0,0,0,2993329,0
2835926,7136,-3800,-64,-646,105,336,-55,2,0,-1,0,19368,77,33,79,16,0,0,0,0,0,0,0,-32287,0,0,0,0,0,2993344,0
2835931,7072,-3750,-82,-607,87,330,-56,-6,4,-1,0,19367,78,33,79,16,0,0,0,0,0,0,0,-32287,0,0,0,0,0,2993349,0
2835936,7002,-3724,-108,-594,70,323,-55,3,1,0,0,19367,78,33,79,16,0,0,0,0,0,0,0,-32287,0,0,0,0,0,2993364,0
2835941,7008,-3712,-118,-601,45,328,-54,5,3,0,0,19366,79,33,79,16,0,0,0,0,0,0,0,-32287,0,0,0,0,0,2993369,0
2835946,7092,-3782,-98,-602,28,329,-55,0,-1,0,0,19366,79,33,79,16,0,0,0,0,0,0,0,-32287,0,0,0,0,0,2993384,0
2835951,7112,-3890,-102,-591,9,330,-55,-1,-4,-2,-8,19368,78,33,79,16,0,0,0,0,0,0,0,-32287,0,0,0,0,0,2993389,0
2835956,7226,-4070,-14,-564,-29,319,-56,1,1,-4,0,19368,78,33,79,16,0,0,0,0,0,0,0,-32287,0,0,0,0,0,2993404,0
2835961,7318,-4182,38,-557,-38,325,-56,0,-1,-1,0,19368,69,33,79,16,0,0,0,0,0,0,0,-32287,0,0,0,0,0,2993409,0
2835966,7354,-4246,122,-543,-39,332,-56,3,-2,-1,0,19368,69,33,79,16,0,0,0,0,0,0,0,-32287,0,0,0,0,0,2993424,0
2835971,7410,-4354,252,-530,-38,336,-56,6,4,0,-8,19367,68,33,79,16,0,0,0,0,0,0,0,-32287,0,0,0,0,0,2993429,0
2835976,7508,-4518,378,-468,8,336,-56,0,3,-1,-8,19367,68,33,79,16,0,0,0,0,0,0,0,-32287,0,0,0,0,0,2993444,0
2835981,7472,-4596,432,-447,33,341,-55,5,3,-1,0,19365,66,33,79,16,0,0,0,0,0,0,0,-32287,0,0,0,0,0,2993449,0
2835986,7480,-4674,428,-428,77,345,-55,0,1,0,-8,19365,66,33,79,16,0,0,0,0,0,0,0,-32287,0,0,0,0,0,2993464,0
2835991,7432,-4808,424,-408,101,333,-56,0,-4,0,0,19365,67,33,79,16,0,0,0,0,0,0,0,-32287,0,0,0,0,0,2993469,0
2835996,7352,-5038,330,-345,109,341,-55,0,-3,-1,-8,19365,67,33,79,16,0,0,0,0,0,0,0,-32287,0,0,0,0,0,2993484,0
2836001,7304,-5158,242,-297,73,343,-55,5,2,-3,-8,19366,66,33,79,16,0,0,0,0,0,0,0,-32287,0,0,0,0,0,2993489,0
2836006,7194,-5224,172,-252,25,344,-55,-5,-1,-3,0,19366,66,33,79,16,0,0,0,0,0,0,0,-32287,0,0,0,0,0,2993504,0
2836011,7090,-5180,154,-203,-43,345,-56,-3,0,-1,0,19368,65,33,79,16,0,0,0,0,0,0,0,-32287,0,0,0,0,0,2993509,0
2836016,6992,-4974,146,-133,-209,346,-57,-7,-3,-1,0,19368,65,33,79,16,0,0,0,0,0,0,0,-32287,0,0,0,0,0,2993524,0
2836021,6918,-4910,178,-143,-266,360,-54,3,1,0,0,19368,70,33,79,16,0,0,0,0,0,0,0,-32287,0,0,0,0,0,2993529,0
2836026,6858,-4698,262,-144,-318,341,-56,0,-1,0,-8,19368,70,33,79,16,0,0,0,0,0,0,0,-32287,0,0,0,0,0,2993544,0
2836031,6914,-4710,302,-133,-326,360,-56,-4,6,-2,0,19367,62,33,79,16,0,0,0,0,0,0,0,-32287,0,0,0,0,0,2993549,0
2836036,6836,-4584,542,-117,-358,333,-56,-1,0,0,0,19367,62,33,79,16,0,0,0,0,0,0,0,-32287,0,0,0,0,0,2993564,0
2836041,6680,-4626,614,-76,-349,332,-55,1,1,0,0,19368,64,33,79,16,0,0,0,0,0,0,0,-32287,0,0,0,0,0,2993568,0
2836046,6564,-4538,614,-75,-342,334,-55,-1,4,0,0,19368,64,33,79,16,0,0,0,0,0,0,0,-32287,0,0,0,0,0,2993583,0
2836051,6562,-4404,670,-105,-273,355,-54,3,1,-2,-8,19369,76,33,79,16,0,0,0,0,0,0,0,-32287,0,0,0,0,0,2993588,0
2836056,6274,-4354,750,-63,-191,339,-54,0,5,-3,0,19369,76,33,79,16,0,0,0,0,0,0,0,-32288,0,0,0,0,0,2993603,0
2836061,6118,-4358,660,-5,-195,325,-53,-4,0,0,0,19373,80,33,79,16,0,0,0,0,0,0,0,-32287,0,0,0,0,0,2993608,0
2836066,6122,-4336,540,79,-210,315,-54,-2,0,0,0,19373,80,33,79,16,0,0,0,0,0,0,0,-32287,0,0,0,0,0,2993623,0
2836071,6110,-4234,456,143,-227,323,-51,6,1,0,0,19373,86,33,79,16,0,0,0,0,0,0,0,-32287,0,0,0,0,0,2993628,0
2836076,6102,-4158,294,151,-290,321,-54,-1,-4,0,-8,19373,86,33,79,16,0,0,0,0,0,0,0,-32287,0,0,0,0,0,2993643,0
2836081,6128,-4158,204,168,-335,330,-52,4,4,0,-8,19371,84,33,79,16,0,0,0,0,0,0,0,-32287,0,0,0,0,0,2993648,0
2836086,6196,-4102,198,208,-387,336,-52,9,-5,1,-8,19371,84,33,79,16,0,0,0,0,0,0,0,-32287,0,0,0,0,0,2993663,0
2836091,6318,-4104,170,232,-442,332,-52,4,4,0,0,19368,79,33,79,16,0,0,0,0,0,0,0,-32287,0,0,0,0,0,2993668,0
2836096,6564,-4058,166,243,-501,316,-54,-3,-2,0,0,19368,79,33,79,16,0,0,0,0,0,0,0,-32287,0,0,0,0,0,2993683,0
2836101,6792,-4106,134,243,-511,306,-54,-4,-5,-1,-8,19368,76,33,79,16,0,0,0,0,0,0,0,-32287,0,0,0,0,0,2993688,0
2836106,6880,-4158,130,249,-507,296,-54,0,-5,-2,0,19368,76,33,79,16,0,0,0,0,0,0,0,-32287,0,0,0,0,0,2993703,0
2836111,6920,-4154,192,251,-536,278,-53,-1,-2,-1,0,19365,78,33,79,16,0,0,0,0,0,0,0,-32287,0,0,0,0,0,2993708,0
2836116,7128,-4292,132,257,-530,238,-53,3,1,-1,-8,19365,78,33,79,16,0,0,0,0,0,0,0,-32287,0,0,0,0,0,2993723,0
2836121,7154,-4336,96,268,-515,235,-53,-9,4,-2,0,19366,74,33,79,16,0,0,0,0,0,0,0,-32287,0,0,0,0,0,2993728,0
2836126,7160,-4354,70,294,-530,221,-54,0,2,-1,0,19366,74,33,79,16,0,0,0,0,0,0,0,-32287,0,0,0,0,0,2993743,0
2836131,7196,-4350,50,307,-527,201,-53,-2,1,0,0,19365,71,33,79,16,0,0,0,0,0,0,0,-32287,0,0,0,0,0,2993748,0
2836136,7140,-4262,-30,328,-517,160,-54,1,0,0,0,19365,71,33,79,16,0,0,0,0,0,0,0,-32287,0,0,0,0,0,2993763,0
2836141,7144,-4306,-20,338,-507,139,-54,0,2,0,0,19367,66,33,79,16,0,0,0,0,0,0,0,-32287,0,0,0,0,0,2993768,0
2836146,7098,-4342,-78,360,-490,123,-54,-8,1,0,0,19367,66,33,79,16,0,0,0,0,0,0,0,-32287,0,0,0,0,0,2993783,0
2836151,7044,-4324,-62,387,-484,100,-54,-8,1,-1,-8,19367,64,33,79,16,0,0,0,0,0,0,0,-32287,0,0,0,0,0,2993788,0
2836156,7056,-4296,-100,443,-474,81,-54,-1,0,-1,-8,19367,64,33,79,16,0,0,0,0,0,0,0,-32287,0,0,0,0,0,2993803,0
2836161,7084,-4282,-130,454,-458,85,-55,-3,-5,-1,-8,19369,78,33,79,16,0,0,0,0,0,0,0,-32287,0,0,0,0,0,2993808,0
2836166,7072,-4238,-120,443,-452,80,-53,-1,3,0,-8,19369,78,33,79,16,0,0,0,0,0,0,0,-32287,0,0,0,0,0,2993823,0
2836171,7138,-4232,-88,429,-436,84,-55,-3,0,0,-8,19370,84,33,79,16,0,0,0,0,0,0,0,-32287,0,0,0,0,0,2993828,0
2836176,7212,-4258,0,444,-434,92,-54,-5,1,0,-8,19370,84,33,79,16,0,0,0,0,0,0,0,-32287,0,0,0,0,0,2993843,0
2836181,7320,-4212,28,497,-436,88,-55,-1,-1,0,-8,19370,83,33,79,16,0,0,0,0,0,0,0,-32287,0,0,0,0,0,2993848,0
2836186,7302,-4218,70,500,-462,98,-55,-7,-5,0,0,19370,83,33,79,16,0,0,0,0,0,0,0,-32287,0,0,0,0,0,2993863,0
2836191,7392,-4068,98,467,-459,109,-54,1,4,0,-8,19368,77,33,79,16,0,0,0,0,0,0,0,-32287,0,0,0,0,0,2993868,0
2836196,7502,-4058,206,373,-371,175,-55,3,-5,-1,0,19368,77,33,79,16,0,0,0,0,0,0,0,-32287,0,0,0,0,0,2993883,0
2836201,7560,-4026,286,393,-381,183,-55,-3,2,0,-8,19369,77,33,79,16,0,0,0,0,0,0,0,-32287,0,0,0,0,0,2993888,0
2836206,7590,-3916,322,432,-409,189,-55,2,5,-1,-8,19369,77,33,79,16,0,0,0,0,0,0,0,-32287,0,0,0,0,0,2993903,0
2836211,7778,-3714,306,463,-397,180,-55,-4,-4,-1,-8,19368,70,33,79,16,0,0,0,0,0,0,0,-32286,0,0,0,0,0,2993908,0
2836216,7826,-3388,364,426,-346,182,-55,0,-1,-2,-8,19368,70,33,79,16,0,0,0,0,0,0,0,-32287,0,0,0,0,0,2993923,0
2836221,7824,-3220,378,360,-300,188,-55,4,-5,-2,-8,19367,71,33,79,16,0,0,0,0,0,0,0,-32287,0,0,0,0,0,2993928,0
2836226,7822,-3176,426,290,-258,180,-57,0,-1,-1,-8,19367,71,33,79,16,0,0,0,0,0,0,0,-32287,0,0,0,0,0,2993943,0
2836231,7746,-3200,452,241,-209,174,-56,-1,0,0,-8,19367,73,33,79,16,0,0,0,0,0,0,0,-32287,0,0,0,0,0,2993948,0
2836236,7630,-3226,496,178,-133,151,-57,-1,-2,0,0,19367,73,33,79,16,0,0,0,0,0,0,0,-32287,0,0,0,0,0,2993963,0
2836241,7572,-3262,500,156,-98,135,-57,6,1,0,-8,19367,80,33,79,16,0,0,0,0,0,0,0,-32287,0,0,0,0,0,2993968,0
2836246,7470,-3324,492,126,-66,114,-58,0,1,-1,0,19367,80,33,79,16,0,0,0,0,0,0,0,-32287,0,0,0,0,0,2993986,0
2836251,7394,-3330,476,97,-42,98,-57,-3,0,-2,-8,19367,81,33,79,16,0,0,0,0,0,0,0,-32287,0,0,0,0,0,2993991,0
2836256,7236,-3456,478,42,0,68,-57,-2,3,-1,0,19367,81,33,79,16,0,0,0,0,0,0,0,-32287,0,0,0,0,0,2994006,0
2836261,7158,-3564,454,27,13,50,-57,-1,2,-1,-8,19371,75,33,79,16,0,0,0,0,0,0,0,-32287,0,0,0,0,0,2994010,0
2836266,7066,-3632,468,12,27,36,-57,-3,-4,-3,0,19371,75,33,79,16,0,0,0,0,0,0,0,-32288,0,0,0,0,0,2994025,0
2836271,7022,-3734,452,3,40,23,-57,5,3,-1,-8,19373,79,33,79,16,0,0,0,0,0,0,0,-32287,0,0,0,0,0,2994030,0
2836276,7002,-3860,414,-1,41,7,-58,-4,0,-1,0,19373,79,33,79,16,0,0,0,0,0,0,0,-32287,0,0,0,0,0,2994046,0
2836281,6964,-3952,390,-1,40,1,-58,0,0,0,-8,19374,78,33,79,16,0,0,0,0,0,0,0,-32287,0,0,0,0,0,2994050,0
2836286,6970,-3962,394,-4,37,-12,-57,1,1,-1,0,19374,78,33,79,16,0,0,0,0,0,0,0,-32287,0,0,0,0,0,2994065,0
2836291,6940,-4018,380,-2,36,-16,-57,-3,5,0,0,19370,80,33,79,16,0,0,0,0,0,0,0,-32287,0,0,0,0,0,2994070,0
2836296,6974,-4100,334,7,13,-19,-57,4,-1,0,0,19370,80,33,79,16,0,0,0,0,0,0,0,-32287,0,0,0,0,0,2994085,0
2836301,7000,-4076,352,17,7,-21,-57,0,-2,-2,-8,19366,72,33,79,16,0,0,0,0,0,0,0,-32287,0,0,0,0,0,2994090,0
2836306,7022,-4098,326,14,-5,-20,-57,0,0,-2,-8,19366,72,33,79,16,0,0,0,0,0,0,0,-32287,0,0,0,0,0,2994105,0
2836311,7100,-4132,348,20,-9,-20,-57,-1,4,-1,-8,19367,72,33,79,16,0,0,0,0,0,0,0,-32287,0,0,0,0,0,2994110,0
2836316,7140,-4156,330,27,-25,-14,-57,1,2,-1,-8,19367,72,33,79,16,0,0,0,0,0,0,0,-32287,0,0,0,0,0,2994125,0
2836321,7118,-4114,356,28,-32,-14,-57,-1,-2,-1,0,19369,71,33,79,16,0,0,0,0,0,0,0,-32288,0,0,0,0,0,2994130,0
2836326,7138,-4106,344,33,-28,-2,-57,5,1,-1,-8,19369,71,33,79,16,0,0,0,0,0,0,0,-32287,0,0,0,0,0,2994145,0
2836331,7176,-4100,368,31,-33,8,-57,-3,0,-1,-8,19369,72,33,79,16,0,0,0,0,0,0,0,-32287,0,0,0,0,0,2994150,0
2836336,7224,-4034,388,26,-23,21,-57,2,1,0,0,19369,72,33,79,16,0,0,0,0,0,0,0,-32287,0,0,0,0,0,2994165,0
2836341,7198,-3980,400,26,-26,33,-57,6,2,0,0,19368,67,33,79,16,0,0,0,0,0,0,0,-32287,0,0,0,0,0,2994170,0
2836346,7230,-3940,424,21,-19,44,-57,-4,-2,0,0,19368,67,33,79,16,0,0,0,0,0,0,0,-32287,0,0,0,0,0,2994185,0
2836351,7228,-3902,426,11,-9,51,-56,2,-3,-2,-8,19368,70,33,79,16,0,0,0,0,0,0,0,-32287,0,0,0,0,0,2994190,0
2836356,7264,-3822,450,-12,11,76,-57,9,1,-1,0,19368,70,33,79,16,0,0,0,0,0,0,0,-32287,0,0,0,0,0,2994205,0
2836361,7268,-3820,484,-18,20,86,-56,0,-1,-1,-8,19369,65,33,79,16,0,0,0,0,0,0,0,-32287,0,0,0,0,0,2994210,0
2836366,7284,-3760,508,-31,26,93,-57,-1,-5,-2,-8,19369,65,33,79,16,0,0,0,0,0,0,0,-32287,0,0,0,0,0,2994225,0
2836371,7298,-3724,532,-35,38,95,-57,-3,1,-1,0,19373,59,33,79,16,0,0,0,0,0,0,0,-32287,0,0,0,0,0,2994230,0
2836376,7332,-3694,532,-31,59,86,-56,3,-3,-1,-8,19373,59,33,79,16,0,0,0,0,0,0,0,-32288,0,0,0,0,0,2994245,0
2836381,7304,-3664,536,-32,67,81,-55,2,-3,-1,0,19372,67,33,79,16,0,0,0,0,0,0,0,-32287,0,0,0,0,0,2994250,0
2836386,7310,-3624,522,-50,71,74,-56,-1,1,0,0,19372,67,33,79,16,0,0,0,0,0,0,0,-32287,0,0,0,0,0,2994265,0
2836391,7258,-3656,490,-93,84,83,-56,0,2,0,0,19371,68,33,79,16,0,0,0,0,0,0,0,-32287,0,0,0,0,0,2994270,0
2836396,7222,-3690,518,-99,96,60,-56,-2,-3,0,-8,19371,68,33,79,16,0,0,0,0,0,0,0,-32287,0,0,0,0,0,2994285,0
2836401,7086,-3700,482,-118,76,61,-57,-3,-5,0,-8,19368,77,33,79,16,0,0,0,0,0,0,0,-32287,0,0,0,0,0,2994290,0
2836406,7048,-3666,498,-143,81,61,-56,-2,4,-2,-8,19368,77,33,79,16,0,0,0,0,0,0,0,-32287,0,0,0,0,0,2994305,0
2836411,7036,-3652,518,-125,70,43,-55,4,1,0,-8,19368,81,33,79,16,0,0,0,0,0,0,0,-32287,0,0,0,0,0,2994310,0
2836416,6926,-3704,406,-105,22,44,-56,-7,1,-2,-8,19368,81,33,79,16,0,0,0,0,0,0,0,-32287,0,0,0,0,0,2994325,0
2836421,6902,-3612,398,-178,35,56,-56,0,1,-2,0,19369,85,33,79,16,0,0,0,0,0,0,0,-32287,0,0,0,0,0,2994330,0
2836426,6892,-3684,464,-268,71,81,-55,-2,0,-1,-8,19369,85,33,79,16,0,0,0,0,0,0,0,-32287,0,0,0,0,0,2994345,0
2836431,6852,-3766,508,-282,83,74,-55,2,5,0,0,19367,79,33,79,16,0,0,0,0,0,0,0,-32287,0,0,0,0,0,2994355,0
2836436,6902,-3942,464,-186,50,65,-55,0,5,0,0,19367,79,33,79,16,0,0,0,0,0,0,0,-32287,0,0,0,0,0,2994360,0
2836441,6988,-3872,446,-161,53,59,-55,2,3,-1,0,19368,69,33,79,16,0,0,0,0,0,0,0,-32288,0,0,0,0,0,2994365,0
2836446,7062,-3768,450,-165,61,59,-54,1,0,-1,0,19368,69,33,79,16,0,0,0,0,0,0,0,-32287,0,0,0,0,0,2994370,0
2836451,7140,-3736,440,-179,66,50,-54,4,2,-1,0,19370,62,33,79,16,0,0,0,0,0,0,0,-32287,0,0,0,0,0,2994375,0
2836456,7244,-3738,448,-199,81,34,-55,-6,2,-1,0,19370,62,33,79,16,0,0,0,0,0,0,0,-32287,0,0,0,0,0,2994380,0
2836461,7300,-3756,426,-196,80,29,-54,-4,-2,-1,0,19376,64,33,79,16,0,0,0,0,0,0,0,-32287,0,0,0,0,0,2994385,0
2836466,7356,-3758,416,-188,83,21,-53,-5,-4,-3,0,19376,64,33,79,16,0,0,0,0,0,0,0,-32287,0,0,0,0,0,2994390,0
2836471,7384,-3730,440,-187,90,16,-53,-1,1,-3,0,19378,73,33,79,16,0,0,0,0,0,0,0,-32287,0,0,0,0,0,2994395,0
2836476,7494,-3662,418,-222,100,3,-52,2,1,0,0,19378,73,33,79,16,0,0,0,0,0,0,0,-32287,0,0,0,0,0,2994400,0
2836481,7474,-3664,420,-232,109,-5,-53,4,0,-1,0,19379,72,33,79,16,0,0,0,0,0,0,0,-32287,0,0,0,0,0,2994405,0
2836486,7468,-3670,414,-245,115,-15,-52,5,-3,0,0,19379,72,33,79,16,0,0,0,0,0,0,0,-32287,0,0,0,0,0,2994410,0
2836491,7446,-3678,418,-257,116,-23,-52,6,0,0,0,19380,72,33,79,16,0,0,0,0,0,0,0,-32287,0,0,0,0,0,2994415,0
2836496,7398,-3656,422,-266,118,-33,-53,-6,-2,-2,0,19380,72,33,79,16,0,0,0,0,0,0,0,-32287,0,0,0,0,0,2994420,0
2836501,7386,-3656,422,-288,116,-40,-52,2,2,-2,0,19381,72,33,79,16,0,0,0,0,0,0,0,-32287,0,0,0,0,0,2994425,0
2836506,7352,-3706,420,-299,122,-50,-52,-1,-2,-2,0,19381,72,33,79,16,0,0,0,0,0,0,0,-32287,0,0,0,0,0,2994430,0
2836511,7314,-3706,450,-314,130,-54,-51,2,2,-1,0,19380,77,33,79,16,0,0,0,0,0,0,0,-32287,0,0,0,0,0,2994435,0
2836516,7228,-3732,484,-328,140,-72,-51,4,-1,-3,0,19380,77,33,79,16,0,0,0,0,0,0,0,-32287,0,0,0,0,0,2994440,0
2836521,7212,-3712,504,-337,143,-71,-52,-7,2,-4,0,19378,80,33,79,16,0,0,0,0,0,0,0,-32288,0,0,0,0,0,2994445,0
2836526,7128,-3732,516,-350,151,-78,-53,-11,-3,-4,0,19378,80,33,79,16,0,0,0,0,0,0,0,-32287,0,0,0,0,0,2994450,0
2836531,7096,-3744,498,-354,158,-82,-50,1,1,-3,0,19377,85,33,79,16,0,0,0,0,0,0,0,-32287,0,0,0,0,0,2994455,0
2836536,7054,-3738,490,-365,162,-91,-50,0,4,-2,0,19377,85,33,79,16,0,0,0,0,0,0,0,-32287,0,0,0,0,0,2994460,0
2836541,7022,-3748,488,-370,168,-97,-49,1,3,-3,0,19377,84,33,79,16,0,0,0,0,0,0,0,-32287,0,0,0,0,0,2994465,0
2836546,7028,-3776,486,-376,160,-102,-50,-5,-2,-3,0,19377,84,33,79,16,0,0,0,0,0,0,0,-32287,0,0,0,0,0,2994470,0
2836551,7020,-3786,482,-383,158,-107,-48,5,2,-3,0,19379,76,33,79,16,0,0,0,0,0,0,0,-32287,0,0,0,0,0,2994475,0
2836556,7004,-3794,488,-390,155,-113,-48,5,2,-3,0,19379,76,33,79,16,0,0,0,0,0,0,0,-32287,0,0,0,0,0,2994480,0
2836561,6996,-3786,482,-393,154,-124,-48,-4,3,-2,0,19378,80,33,79,16,0,0,0,0,0,0,0,-32288,0,0,0,0,0,2994485,0
2836566,7006,-3776,530,-388,152,-127,-48,0,-2,-4,0,19378,80,33,79,16,0,0,0,0,0,0,0,-32288,0,0,0,0,0,2994490,0
2836571,7080,-3764,602,-368,172,-137,-48,-3,-4,-3,0,19378,80,33,79,16,0,0,0,0,0,0,0,-32287,0,0,0,0,0,2994495,0
2836576,7052,-3802,518,-397,157,-130,-48,-1,-1,-1,0,19378,80,33,79,16,0,0,0,0,0,0,0,-32288,0,0,0,0,0,2994500,0
